P -0.9268, 258.5229, 3.5673,  0, 127, 0,  3,  Arthik_Jantis
P -1000.0000, 0.0000, 0.0000,  0, 0, 0,  1,  0
P -106.6093, 270.5233, 0.4935,  0, 127, 0,  3,  Akesli_Temlo
P -208.7127, -308.9248, 3.1586,  0, 127, 0,  3,  Alassin
P -209.4359, -283.3050, 0.4458,  127, 0, 127,  3,  Matima
P -291.9789, -144.0678, 3.4278,  127, 0, 127,  3,  Kelur_(Armor)
P -294.6599, -344.4122, 0.4460,  127, 0, 127,  3,  Pritt_the_Summoner
P -314.1631, -145.8984, 3.4278,  127, 0, 127,  3,  Yaun_(Armor)
P -402.6481, 86.3917, 5.8952,  0, 127, 0,  3,  Magistrate_Altara
P -433.9238, -2.8296, 1.3715,  0, 127, 127,  3,  Alteris
P -46.0000, -390.0000, -334.1759,  0, 0, 240,  3,  Beasts'_Domain
P -462.7829, 22.7324, 2.9543,  0, 127, 127,  3,  Genearl_Tyronith
P -491.0442, -240.6142, 0.0373,  0, 127, 127,  3,  Captain_Portencia
P -50.9680, -159.6570, 0.4447,  127, 0, 127,  3,  Wonav
P -500.0000, 0.0000, 0.0000,  0, 0, 0,  1,  0
P -524.0132, -122.3884, 5.8952,  0, 127, 0,  3,  Record_Keeper_Talantia
P -58.6028, -169.4405, 0.4448,  127, 0, 127,  3,  Danibi
P -64.1067, 505.9932, -426.4361,  0, 0, 240,  3,  Valley_of_Lunanyn
P -66.9100, -142.1618, 0.4446,  127, 0, 127,  3,  Shelif
P -90.0341, 294.7598, 0.0373,  0, 127, 0,  3,  Hauler_Dinalo
P 0.0000, -1000.0000, 0.0000,  0, 0, 0,  1,  1000
P 0.0000, -1500.0000, 0.0000,  0, 0, 0,  1,  1500
P 0.0000, -500.0000, 0.0000,  0, 0, 0,  1,  500
P 0.0000, 0.0000, 0.0000,  0, 0, 0,  1,  0
P 0.0000, 1000.0000, 0.0000,  0, 0, 0,  1,  -1000
P 0.0000, 1500.0000, 0.0000,  0, 0, 0,  1,  -1500
P 0.0000, 500.0000, 0.0000,  0, 0, 0,  1,  -500
P 1000.0000, 0.0000, 0.0000,  0, 0, 0,  1,  0
P 1066.7236, 1229.3842, -271.3936,  0, 127, 0,  2,  Commander_Ilvestra
P 1085.6517, 141.2525, -403.6443,  0, 127, 0,  2,  Intellector_Galdon
P 1218.2064, -458.6967, -409.1745,  127, 0, 0,  3,  Blades_of_Forgotten_Heroes
P 1294.4760, 852.9816, -271.3937,  0, 127, 0,  2,  Influencer_Zagrala
P 133.5649, -841.1136, -274.8898,  0, 127, 127,  3,  Captain_Walkath
P 1337.1050, -274.6264, -274.4812,  127, 0, 0,  3,  Breath_of_Ryken
P 1342.9158, -566.2284, -408.4774,  127, 0, 0,  3,  Burnmaster_of_the_Pillars
P 1348.1771, 800.9944, -274.4812,  127, 0, 0,  3,  Interrogator_Galectes
P 1376.9841, -784.1492, -274.4812,  127, 0, 0,  3,  Vigorous_Turncoat
P 1441.8232, -427.7180, -274.6013,  127, 0, 0,  3,  Breath_of_Ryken
P 145.3955, 136.9659, -404.1683,  0, 127, 0,  3,  Attendant_Shirian
P 1490.6798, 451.0686, -274.4812,  127, 0, 0,  3,  Felsalath
P 1500.0000, 0.0000, 0.0000,  0, 0, 0,  1,  0
P 156.1238, 91.2135, -152.3036,  0, 127, 0,  3,  Lanessic_Elset
P 157.2451, 400.9283, -14.1077,  0, 127, 0,  3,  Mechanic_Dalaber
P 178.8069, -984.1398, -274.8898,  0, 127, 127,  3,  Blacksmith_Zojirath
P 187.3502, 1000.1620, -274.4812,  0, 127, 127,  3,  Risathron
P 197.3332, -352.3206, -274.8898,  0, 127, 0,  3,  Spelltamer_Ankresh
P 197.5097, -368.2270, -274.8898,  0, 127, 127,  3,  Mechanic_Vitesal
P 2000.0000, 0.0000, 0.0000,  0, 0, 0,  1,  0
P 203.7100, -865.9011, -270.2224,  0, 127, 127,  3,  Troopwielder_Latakan
P 238.4899, 241.7175, 10.0373,  0, 127, 127,  3,  Troopwielder_Baris
P 38.4189, -103.2319, 0.4448,  127, 0, 127,  3,  Ephinia
P 388.4688, -1135.4823, -274.4811,  127, 0, 0,  3,  Keramar_the_Naeya_(roam)
P 47.4698, 126.2734, 0.4448,  127, 0, 127,  3,  Nori
P 471.7679, 1069.4574, -266.6097,  0, 127, 0,  3,  Troopwielder_Stalvec
P 492.4863, 146.3899, -399.6931,  0, 127, 127,  3,  Bursin_the_Legend
P 500.0000, 0.0000, 0.0000,  0, 0, 0,  1,  0
P 509.1320, -2.2152, -274.6013,  0, 127, 0,  3,  Troopwielder_Balath
P 587.5618, 403.9427, -408.4774,  127, 0, 0,  3,  Illdaeras_Tear
P 625.8511, -746.1878, -403.5740,  127, 0, 0,  3,  Seed_of_Battle
P 662.8676, -178.0494, -408.4774,  127, 0, 0,  3,  Kalkek
P 685.4772, 1160.8879, -274.4811,  0, 127, 127,  3,  Supplykeeper_Proxipid
P 696.2800, -216.7663, -404.6395,  0, 127, 0,  2,  Catapult_#1
P 71.5397, -873.4266, -271.7923,  0, 127, 0,  3,  Mizzenblast
P 728.2297, 91.8543, -404.7192,  0, 127, 0,  2,  Catapult_#4
P 76.6917, -77.6032, 3.1586,  0, 127, 0,  3,  Noble_Alligvy
P 765.5157, -76.8824, -408.4774,  0, 127, 0,  2,  Catapult_#2
P 781.8750, -1169.8750, -276.6216,  0, 127, 0,  2,  LRK400
P 788.6661, -69.0803, -408.4774,  127, 0, 0,  3,  Tactician_Krucidon
P 79.3165, 28.3579, 0.4457,  127, 0, 127,  3,  Stup
P 856.6938, 1020.6690, -271.3936,  0, 127, 0,  2,  Commander_Jesala
P 881.1213, 954.4849, -274.8899,  127, 0, 0,  3,  The_Collector
P 947.1745, 62.7769, -404.9203,  0, 127, 0,  2,  Catapult_#3
P 985.3419, -1224.1267, -267.6441,  127, 0, 0,  3,  Husk_of_Starvation
P 990.2650, 92.7985, -408.4774,  127, 0, 0,  3,  Shieldbearer_of_the_Gods
