P 745.0770, -2075.8391, -184.8740,  240, 0, 0,  2,  Advisor_Neezin_D`rahl
P -421.4470, -908.5920, -89.8400,  240, 0, 0,  2,  an_Elddar_spirit
P 683.5440, -1091.0800, 124.1580,  240, 0, 0,  2,  Overseer_Lhazetius
P 944.0000, -1476.0000, -107.0000,  240, 0, 0,  3,  Cadury_Camp
P -63.0000, -1441.0000, -157.0000,  127, 127, 0,  2,  Evyj's_Leap
P -208.0000, -1849.0000, 398.0000,  0, 0, 0,  1,  TopLookout
P 555.0000, -1108.0000, -10.0000,  0, 0, 0,  2,  a_weapon_supply_chest
P -743.0000, -1289.0000, -132.0000,  0, 0, 0,  2,  a_pile_of_debris
P -104.0000, 3.0000, -1.0000,  0, 0, 0,  2,  west_wing_(destroyed_wing/uncivilized)
P 115.0000, 1.0000, -1.0000,  0, 0, 0,  2,  east_wing_(volcano/civilized)
P 6.0000, -32.0000, -1.0000,  0, 0, 0,  2,  north_wing_(civilized)
P 997.0000, -893.0000, -57.0000,  0, 240, 0,  3,  (Fall)_To_Direwind_Cliffs
P -861.0000, -1318.0000, 106.0000,  0, 0, 0,  3,  The_Unspeakable
P -1154.0000, -1994.0000, -105.0000,  0, 0, 0,  3,  Lava_room_/_blue_pad
P -1.0000, 289.0000, 5.0000,  0, 240, 0,  3,  (Fall)_To_Direwind_Cliffs
P -948.0000, -1041.0000, 98.0000,  0, 0, 0,  2,  slippery_floor
P -989.0000, -1380.0000, -130.0000,  0, 0, 0,  2,  arbiter_of_ash_(wanders)
P 96.4950, 276.5410, -6.2780,  0, 0, 0,  2,  Kalim`Kar_the_Gold
P -422.0000, -907.0000, -90.0000,  127, 64, 0,  2,  Laila_the_Forgotten
P 257.6730, -700.5980, -0.4310,  240, 0, 0,  2,  Lethar
P 624.5760, -1071.3409, 124.7170,  127, 64, 0,  1,  Sentry_Enzayb
P 623.4650, -1111.3180, 124.2720,  127, 64, 0,  1,  Sentry_Phuliet
P 652.7440, -1116.7960, 124.4750,  127, 64, 0,  2,  Sentry_Hai'Zhi
P 651.8880, -1068.5699, 124.7030,  127, 64, 0,  2,  Sentry_lizkit
