P 1368.7144, 1708.2222, -12.1204,  127, 0, 0,  3,  ZONELINE?
P -4714.6006, 4870.9810, 186.4049,  127, 0, 0,  3,  To_Sarith
P 0.0000, 0.0000, -0.5922,  127, 0, 0,  3,  Succor_Point
P -1054.3798, -787.7273, 184.4803,  127, 0, 0,  3,  To_Argath
P -1457.3374, 808.4985, -0.9830,  25, 0, 25,  3,  Widdberries
P -1013.9054, 1067.6038, 21.4112,  0, 127, 127,  3,  Yurv
P -1143.4139, -547.1515, 8.5529,  127, 0, 127,  3,  The_Sklug
P -1190.7178, -499.3024, 8.5631,  127, 0, 127,  3,  Rocher_Hampstin
P -1192.1302, 3910.3674, 12.2388,  0, 127, 127,  3,  Blackwort
P -1196.2689, -468.3118, 8.5540,  127, 0, 127,  3,  Jheron_Welson
P -1206.6132, 2333.6252, -15.1485,  0, 127, 0,  3,  Klar
P -1207.0044, -485.7425, 8.5592,  127, 0, 127,  3,  Jayt_Steed
P -1313.7218, 2690.2507, -11.1924,  127, 0, 0,  3,  Deathleaper
P -1445.5718, 2801.2935, -15.4129,  127, 0, 0,  3,  King_Rex
P -1555.1497, 5820.8330, -15.1485,  127, 0, 0,  3,  Twisted_Strangler_(roam)
P -1573.2200, -158.1600, -12.9100,  127, 0, 0,  3,  Bonecracker
P -2054.6282, 3252.4058, -10.0693,  127, 0, 0,  3,  Bonecruncher
P -2239.2483, 2046.9446, -15.1485,  127, 0, 0,  3,  Bopo
P -238.8131, 4294.9199, 7.4648,  127, 0, 0,  3,  Stonebark
P -2400.0244, 2863.3560, -12.3611,  127, 0, 0,  3,  Elder_Gotikan
P -2555.5710, 2780.3955, -11.8558,  127, 0, 0,  3,  Jorth_Hunter_of_Beasts
P -2609.8362, 2887.3237, -10.1801,  0, 127, 0,  3,  Kar_of_the_Domain_Clan
P -2769.2219, -302.5667, 2.7323,  0, 127, 127,  3,  Mea_Treg
P -2771.8564, -314.5870, 2.3698,  0, 127, 127,  3,  Kalda_Treg
P -315.8483, 1221.4875, -13.3206,  127, 0, 0,  2,  Ribcrusher
P -35.3975, 1651.0479, -13.4293,  0, 127, 0,  3,  great_dark_ape
P -3914.7170, 6159.9678, 19.1910,  127, 0, 0,  3,  Tangledeath
P -567.5590, 5823.8662, -15.1485,  127, 0, 0,  3,  Nighthowl
P -572.6265, 1586.3070, -12.3525,  0, 127, 0,  3,  Wart
P -59.4818, 800.6166, -12.7816,  0, 127, 0,  3,  Bale
P -607.2206, 3583.9890, -15.1284,  0, 127, 127,  3,  Hunter_Bindani
P -709.8526, 2902.1648, 53.4080,  0, 127, 0,  3,  King_of_the_"Hill"
P -731.2063, 103.0041, 0.6099,  127, 0, 0,  3,  Slaughter
P -9.9065, 2950.2097, 36.3725,  0, 127, 127,  3,  Yahnoa
P 1304.1119, 2613.3423, -15.1485,  0, 127, 0,  3,  Grall's_Lost_Spear
P 260.0931, 110.9257, -13.1380,  0, 127, 0,  3,  Elder_Poanag
P 263.5826, -12.1321, -11.8623,  0, 127, 0,  3,  Elder_Hilnaah
P 391.0958, 172.5511, -13.7023,  0, 127, 127,  3,  Treg
P 455.4224, 4066.0950, -14.0327,  127, 0, 0,  3,  Maw_Lurker
P 489.9233, 100.9589, -11.4034,  0, 127, 0,  3,  Elder_Giaborn
P 5.7000, -937.4300, 2.5300,  127, 0, 0,  3,  Thunderpunch
P 526.6208, 5812.1719, -12.5593,  0, 127, 0,  3,  Breinne_(roam)
P 573.3659, 2858.2959, -15.1485,  127, 0, 0,  3,  Blightwing
P 607.5363, 2198.4321, -11.8245,  127, 0, 0,  3,  Stranglefang
P 67.9459, 1223.8633, -6.9121,  0, 127, 0,  2,  M:_Domain_Clan
P 85.9513, 843.3239, -11.8675,  0, 127, 127,  3,  Braxi_Keeper_Yubai
