L -395, -5015, 429, -396, -5014, 429, 0, 0, 0
L -392, -5016, 429, -395, -5015, 429, 0, 0, 0
L -389, -5015, 428, -392, -5016, 429, 0, 0, 0
L -386, -5014, 428, -389, -5015, 428, 0, 0, 0
L -383, -5011, 428, -386, -5014, 428, 0, 0, 0
L -380, -5009, 427, -383, -5011, 428, 0, 0, 0
L -379, -5005, 427, -380, -5009, 427, 0, 0, 0
L -379, -5004, 426, -379, -5005, 427, 0, 0, 0
L -378, -5003, 426, -379, -5004, 426, 0, 0, 0
L -377, -5001, 425, -378, -5003, 426, 0, 0, 0
L -376, -4997, 425, -377, -5001, 425, 0, 0, 0
L -375, -4994, 424, -376, -4997, 425, 0, 0, 0
L -375, -4991, 422, -375, -4994, 424, 0, 0, 0
L -374, -4989, 421, -375, -4991, 422, 0, 0, 0
L -374, -4988, 418, -374, -4989, 421, 0, 0, 0
L -374, -4986, 416, -374, -4988, 418, 0, 0, 0
L -372, -4983, 413, -374, -4986, 416, 0, 0, 0
L -371, -4980, 411, -372, -4983, 413, 0, 0, 0
L -371, -4979, 408, -371, -4980, 411, 0, 0, 0
L -374, -4976, 402, -371, -4979, 408, 0, 0, 0
L -380, -4971, 398, -374, -4976, 402, 0, 0, 0
L -374, -4989, 424, -373, -4990, 423, 0, 0, 0
L -374, -4991, 425, -374, -4989, 424, 0, 0, 0
L -375, -4992, 426, -374, -4991, 425, 0, 0, 0
L -375, -4994, 425, -375, -4992, 426, 0, 0, 0
L -376, -4998, 426, -375, -4994, 425, 0, 0, 0
L -377, -5001, 427, -376, -4998, 426, 0, 0, 0
L -378, -5002, 427, -377, -5001, 427, 0, 0, 0
L -378, -5003, 427, -378, -5002, 427, 0, 0, 0
L -379, -5006, 428, -378, -5003, 427, 0, 0, 0
L -379, -5007, 428, -379, -5006, 428, 0, 0, 0
L -380, -5008, 428, -379, -5007, 428, 0, 0, 0
L -381, -5010, 428, -380, -5008, 428, 0, 0, 0
L -382, -5011, 429, -381, -5010, 428, 0, 0, 0
L -384, -5010, 428, -382, -5011, 429, 0, 0, 0
L -386, -5011, 428, -384, -5010, 428, 0, 0, 0
L -387, -5012, 429, -386, -5011, 428, 0, 0, 0
L -396, -5014, 428, -387, -5012, 429, 0, 0, 0
L -364, -5005, 427, -362, -5004, 427, 0, 0, 0
L -365, -5004, 427, -364, -5005, 427, 0, 0, 0
L -366, -5002, 426, -365, -5004, 427, 0, 0, 0
L -365, -5001, 426, -366, -5002, 426, 0, 0, 0
L -366, -4999, 426, -365, -5001, 426, 0, 0, 0
L -369, -4997, 426, -368, -4997, 426, 0, 0, 0
L -370, -4997, 425, -369, -4997, 426, 0, 0, 0
L -374, -4997, 425, -370, -4997, 425, 0, 0, 0
L -374, -4994, 425, -374, -4997, 425, 0, 0, 0
L -373, -4993, 424, -374, -4994, 425, 0, 0, 0
L -374, -4991, 424, -373, -4993, 424, 0, 0, 0
L -373, -4990, 422, -374, -4991, 424, 0, 0, 0
L -373, -4984, 414, -373, -4990, 422, 0, 0, 0
L -373, -4982, 412, -373, -4984, 414, 0, 0, 0
L -372, -4980, 410, -373, -4982, 412, 0, 0, 0
L -372, -4979, 410, -372, -4980, 410, 0, 0, 0
L -371, -4977, 406, -372, -4979, 410, 0, 0, 0
L -372, -4975, 405, -371, -4977, 406, 0, 0, 0
L -370, -4973, 400, -372, -4975, 405, 0, 0, 0
L -369, -4971, 398, -370, -4973, 400, 0, 0, 0
L -370, -4969, 397, -369, -4971, 398, 0, 0, 0
L -370, -4968, 396, -370, -4969, 397, 0, 0, 0
L -369, -4967, 395, -370, -4968, 396, 0, 0, 0
L -371, -4967, 395, -369, -4967, 395, 0, 0, 0
L -373, -4967, 394, -371, -4967, 395, 0, 0, 0
L -377, -4966, 393, -373, -4967, 394, 0, 0, 0
L -379, -4966, 395, -377, -4966, 393, 0, 0, 0
L -379, -4968, 396, -379, -4966, 395, 0, 0, 0
L -379, -4969, 398, -379, -4968, 396, 0, 0, 0
L -380, -4970, 400, -379, -4969, 398, 0, 0, 0
L -379, -4972, 403, -380, -4970, 400, 0, 0, 0
L -377, -4971, 404, -379, -4972, 403, 0, 0, 0
L -376, -4971, 405, -377, -4971, 404, 0, 0, 0
L -374, -4972, 406, -376, -4971, 405, 0, 0, 0
L -374, -4973, 407, -374, -4972, 406, 0, 0, 0
L -374, -4981, 412, -374, -4973, 407, 0, 0, 0
L -360, -4956, 385, -358, -4958, 387, 240, 127, 0
L -362, -4954, 385, -360, -4956, 385, 240, 127, 0
L -363, -4953, 384, -362, -4954, 385, 240, 127, 0
L -364, -4952, 384, -363, -4953, 384, 240, 127, 0
L -365, -4951, 385, -364, -4952, 384, 240, 127, 0
L -366, -4949, 385, -365, -4951, 385, 240, 127, 0
L -397, -5020, 432, -475, -5068, 444, 240, 127, 0
L -335, -4987, 428, -397, -5020, 432, 240, 127, 0
L -331, -4993, 430, -335, -4987, 427, 240, 127, 0
L -335, -4997, 432, -331, -4993, 430, 240, 127, 0
L -336, -4996, 437, -375, -5016, 429, 240, 127, 0
L -335, -4997, 436, -336, -4996, 435, 0, 0, 0
L -334, -4999, 437, -335, -4997, 436, 0, 0, 0
L -332, -5000, 437, -334, -4999, 437, 0, 0, 0
L -329, -5000, 437, -332, -5000, 437, 0, 0, 0
L -328, -5001, 437, -329, -5000, 437, 0, 0, 0
L -326, -5007, 437, -328, -5001, 437, 0, 0, 0
L -325, -5010, 436, -326, -5007, 437, 0, 0, 0
L -326, -5011, 436, -325, -5010, 436, 0, 0, 0
L -327, -5015, 435, -326, -5011, 436, 0, 0, 0
L -328, -5017, 435, -327, -5015, 435, 0, 0, 0
L -328, -5017, 444, -328, -5017, 435, 0, 0, 0
L -328, -5019, 444, -328, -5017, 444, 0, 0, 0
L -327, -5022, 444, -328, -5019, 444, 0, 0, 0
L -326, -5023, 444, -327, -5022, 444, 0, 0, 0
L -325, -5025, 444, -326, -5023, 444, 0, 0, 0
L -328, -5025, 444, -325, -5025, 444, 0, 0, 0
L -328, -5030, 443, -328, -5025, 444, 0, 0, 0
L -328, -5032, 443, -328, -5030, 443, 0, 0, 0
L -330, -5033, 443, -328, -5032, 443, 0, 0, 0
L -330, -5033, 442, -330, -5033, 443, 0, 0, 0
L -333, -5033, 443, -330, -5033, 442, 0, 0, 0
L -335, -5033, 443, -333, -5033, 443, 0, 0, 0
L -337, -5034, 443, -335, -5033, 443, 0, 0, 0
L -338, -5033, 443, -337, -5034, 443, 0, 0, 0
L -339, -5034, 443, -338, -5033, 443, 0, 0, 0
L -340, -5034, 443, -339, -5034, 443, 0, 0, 0
L -344, -5036, 443, -340, -5034, 443, 0, 0, 0
L -347, -5038, 443, -344, -5036, 443, 0, 0, 0
L -349, -5038, 443, -347, -5038, 443, 0, 0, 0
L -351, -5036, 441, -349, -5038, 443, 0, 0, 0
L -352, -5034, 441, -351, -5036, 441, 0, 0, 0
L -354, -5034, 440, -352, -5034, 441, 0, 0, 0
L -354, -5033, 440, -354, -5034, 440, 0, 0, 0
L -356, -5031, 440, -354, -5033, 440, 0, 0, 0
L -360, -5032, 440, -356, -5031, 440, 0, 0, 0
L -359, -5030, 438, -360, -5032, 440, 0, 0, 0
L -365, -5028, 438, -359, -5030, 438, 0, 0, 0
L -365, -5028, 439, -365, -5028, 438, 0, 0, 0
L -367, -5027, 439, -365, -5028, 439, 0, 0, 0
L -368, -5027, 439, -367, -5027, 439, 0, 0, 0
L -372, -5021, 440, -368, -5027, 439, 0, 0, 0
L -375, -5017, 439, -372, -5021, 440, 0, 0, 0
L -476, -5075, 443, -375, -5017, 440, 240, 127, 0
L -477, -5076, 441, -476, -5075, 443, 240, 127, 0
L -483, -5081, 442, -477, -5076, 441, 240, 127, 0
L -484, -5081, 442, -483, -5081, 442, 240, 127, 0
L -485, -5082, 442, -484, -5081, 442, 240, 127, 0
L -487, -5082, 442, -485, -5082, 442, 240, 127, 0
L -488, -5080, 442, -487, -5082, 442, 240, 127, 0
L -489, -5077, 441, -488, -5080, 442, 240, 127, 0
L -477, -5069, 441, -478, -5070, 441, 240, 127, 0
L -480, -5072, 441, -477, -5069, 441, 240, 127, 0
L -482, -5071, 441, -480, -5072, 441, 240, 127, 0
L -487, -5074, 443, -482, -5071, 441, 240, 127, 0
L -488, -5074, 443, -487, -5074, 443, 240, 127, 0
L -490, -5075, 443, -488, -5074, 443, 240, 127, 0
L -489, -5078, 442, -490, -5075, 443, 240, 127, 0
L -488, -5079, 441, -489, -5078, 442, 240, 127, 0
L -487, -5081, 442, -488, -5079, 441, 240, 127, 0
L -525, -4945, 337, -525, -4947, 337, 0, 0, 0
L -524, -4944, 338, -525, -4945, 337, 0, 0, 0
L -528, -4942, 338, -524, -4944, 338, 0, 0, 0
L -525, -4939, 337, -528, -4942, 338, 0, 0, 0
L -528, -4933, 337, -525, -4939, 337, 0, 0, 0
L -530, -4930, 337, -528, -4933, 337, 0, 0, 0
L -530, -4928, 336, -530, -4930, 337, 0, 0, 0
L -529, -4921, 332, -530, -4928, 336, 0, 0, 0
L -530, -4919, 332, -529, -4921, 332, 0, 0, 0
L -533, -4917, 331, -530, -4919, 332, 0, 0, 0
L -534, -4916, 331, -533, -4917, 331, 0, 0, 0
L -534, -4914, 331, -534, -4916, 331, 0, 0, 0
L -533, -4910, 331, -534, -4914, 331, 0, 0, 0
L -531, -4908, 331, -533, -4910, 331, 0, 0, 0
L -528, -4908, 334, -531, -4908, 331, 0, 0, 0
L -526, -4908, 335, -528, -4908, 334, 0, 0, 0
L -524, -4907, 336, -526, -4908, 335, 0, 0, 0
L -502, -4911, 342, -524, -4907, 336, 0, 0, 0
L -501, -4912, 342, -502, -4911, 342, 0, 0, 0
L -496, -4912, 342, -501, -4912, 342, 0, 0, 0
L -496, -4912, 340, -496, -4912, 342, 0, 0, 0
L -493, -4913, 336, -496, -4912, 340, 0, 0, 0
L -482, -4915, 337, -493, -4913, 336, 0, 0, 0
L -481, -4916, 337, -482, -4915, 337, 0, 0, 0
L -480, -4915, 338, -481, -4916, 337, 0, 0, 0
L -476, -4916, 338, -480, -4915, 338, 0, 0, 0
L -474, -4913, 337, -476, -4916, 338, 0, 0, 0
L -476, -4917, 337, -474, -4913, 337, 0, 0, 0
L -476, -4916, 337, -476, -4917, 337, 0, 0, 0
L -475, -4915, 337, -476, -4916, 337, 0, 0, 0
L -474, -4913, 337, -475, -4915, 337, 0, 0, 0
L -476, -4917, 337, -474, -4913, 337, 0, 0, 0
L -471, -4907, 339, -476, -4917, 337, 0, 0, 0
L -476, -4917, 343, -476, -4917, 341, 0, 0, 0
L -474, -4913, 344, -476, -4917, 343, 0, 0, 0
L -466, -4897, 345, -474, -4913, 344, 0, 0, 0
L -464, -4893, 346, -466, -4897, 345, 0, 0, 0
L -455, -4894, 346, -464, -4893, 346, 0, 0, 0
L -442, -4895, 346, -455, -4894, 346, 0, 0, 0
L -449, -4876, 340, -449, -4876, 341, 0, 0, 0
L -446, -4885, 341, -449, -4876, 340, 0, 0, 0
L -445, -4888, 342, -446, -4885, 341, 0, 0, 0
L -443, -4894, 343, -445, -4888, 342, 0, 0, 0
L -442, -4895, 343, -443, -4894, 343, 0, 0, 0
L -440, -4896, 343, -442, -4895, 343, 0, 0, 0
L -438, -4896, 343, -440, -4896, 343, 0, 0, 0
L -436, -4896, 341, -438, -4896, 343, 0, 0, 0
L -432, -4895, 339, -436, -4896, 341, 0, 0, 0
L -427, -4893, 337, -432, -4895, 339, 0, 0, 0
L -424, -4893, 335, -427, -4893, 337, 0, 0, 0
L -420, -4893, 333, -424, -4893, 335, 0, 0, 0
L -416, -4891, 333, -420, -4893, 333, 0, 0, 0
L -416, -4889, 332, -416, -4891, 333, 0, 0, 0
L -415, -4887, 330, -416, -4889, 332, 0, 0, 0
L -415, -4888, 333, -416, -4887, 332, 240, 127, 0
L -413, -4886, 334, -415, -4888, 333, 240, 127, 0
L -412, -4887, 335, -413, -4886, 333, 240, 127, 0
L -410, -4885, 335, -412, -4887, 335, 240, 127, 0
L -408, -4889, 337, -410, -4885, 335, 240, 127, 0
L -402, -4895, 340, -408, -4889, 337, 240, 127, 0
L -399, -4898, 340, -402, -4895, 340, 240, 127, 0
L -397, -4901, 341, -399, -4898, 340, 240, 127, 0
L -398, -4903, 341, -397, -4901, 341, 240, 127, 0
L -398, -4904, 341, -398, -4903, 341, 240, 127, 0
L -395, -4908, 339, -398, -4904, 341, 240, 127, 0
L -391, -4913, 338, -395, -4908, 339, 240, 127, 0
L -390, -4913, 338, -391, -4913, 338, 240, 127, 0
L -388, -4910, 338, -390, -4913, 338, 240, 127, 0
L -387, -4910, 339, -388, -4910, 338, 240, 127, 0
L -381, -4917, 343, -387, -4910, 339, 240, 127, 0
L -377, -4922, 348, -381, -4917, 343, 240, 127, 0
L -376, -4923, 350, -377, -4922, 348, 240, 127, 0
L -376, -4924, 349, -376, -4923, 350, 240, 127, 0
L -374, -4925, 349, -376, -4924, 349, 240, 127, 0
L -373, -4926, 350, -374, -4925, 349, 240, 127, 0
L -373, -4928, 352, -373, -4926, 350, 240, 127, 0
L -376, -4930, 353, -373, -4928, 352, 240, 127, 0
L -377, -4932, 355, -376, -4930, 353, 240, 127, 0
L -377, -4943, 367, -377, -4932, 355, 240, 127, 0
L -375, -4945, 370, -377, -4943, 367, 240, 127, 0
L -374, -4944, 370, -375, -4945, 370, 240, 127, 0
L -373, -4942, 370, -374, -4944, 370, 240, 127, 0
L -372, -4942, 371, -373, -4942, 370, 240, 127, 0
L -370, -4945, 373, -372, -4942, 371, 240, 127, 0
L -366, -4952, 376, -370, -4945, 373, 240, 127, 0
L -359, -4956, 383, -359, -4957, 388, 240, 127, 0
L -358, -4954, 383, -359, -4956, 383, 240, 127, 0
L -358, -4952, 379, -358, -4954, 383, 240, 127, 0
L -359, -4949, 375, -358, -4952, 379, 240, 127, 0
L -359, -4947, 372, -359, -4949, 375, 240, 127, 0
L -360, -4943, 368, -359, -4947, 372, 240, 127, 0
L -360, -4941, 368, -360, -4943, 368, 240, 127, 0
L -362, -4939, 363, -360, -4941, 368, 240, 127, 0
L -363, -4937, 363, -362, -4939, 363, 240, 127, 0
L -363, -4936, 361, -363, -4937, 363, 240, 127, 0
L -365, -4931, 354, -363, -4936, 361, 240, 127, 0
L -366, -4929, 354, -365, -4931, 354, 240, 127, 0
L -368, -4925, 348, -366, -4929, 354, 240, 127, 0
L -376, -4916, 342, -368, -4925, 348, 240, 127, 0
L -381, -4910, 337, -376, -4916, 342, 240, 127, 0
L -383, -4907, 336, -381, -4910, 337, 240, 127, 0
L -388, -4903, 334, -383, -4907, 336, 240, 127, 0
L -437, -4852, 332, -388, -4903, 336, 240, 127, 0
L -442, -4855, 332, -437, -4852, 332, 240, 127, 0
L -442, -4707, 333, -442, -4855, 332, 240, 127, 0
L -431, -4703, 334, -442, -4706, 333, 240, 127, 0
L -432, -4698, 332, -431, -4703, 333, 240, 127, 0
L -436, -4698, 338, -432, -4698, 333, 240, 127, 0
L -439, -4641, 336, -436, -4698, 338, 127, 64, 0
L -441, -4642, 336, -448, -4641, 335, 240, 127, 0
L -441, -4697, 336, -441, -4642, 334, 127, 64, 0
L -441, -4698, 336, -448, -4698, 336, 240, 127, 0
L -1073, -4633, 307, -1071, -4625, 306, 240, 127, 0
L -1082, -4634, 307, -1073, -4633, 307, 240, 127, 0
L -1082, -4774, 308, -1082, -4634, 306, 240, 127, 0
L -1073, -4783, 310, -1082, -4774, 307, 240, 127, 0
L -960, -4896, 309, -1073, -4783, 311, 240, 127, 0
L -962, -4897, 328, -963, -4898, 326, 0, 0, 0
L -961, -4897, 328, -962, -4897, 328, 0, 0, 0
L -960, -4896, 337, -961, -4897, 328, 0, 0, 0
L -958, -4895, 338, -960, -4896, 337, 0, 0, 0
L -956, -4893, 339, -958, -4895, 338, 0, 0, 0
L -955, -4890, 339, -956, -4893, 339, 0, 0, 0
L -953, -4889, 340, -955, -4890, 339, 0, 0, 0
L -951, -4887, 341, -953, -4889, 340, 0, 0, 0
L -945, -4881, 342, -951, -4887, 341, 0, 0, 0
L -933, -4868, 338, -945, -4881, 342, 0, 0, 0
L -932, -4868, 336, -933, -4868, 338, 0, 0, 0
L -932, -4865, 334, -932, -4868, 336, 0, 0, 0
L -932, -4863, 334, -932, -4865, 334, 0, 0, 0
L -928, -4854, 334, -932, -4863, 334, 0, 0, 0
L -926, -4851, 334, -928, -4854, 334, 0, 0, 0
L -924, -4849, 334, -926, -4851, 334, 0, 0, 0
L -922, -4848, 334, -924, -4849, 334, 0, 0, 0
L -921, -4848, 334, -922, -4848, 334, 0, 0, 0
L -919, -4847, 334, -921, -4848, 334, 0, 0, 0
L -918, -4845, 334, -919, -4847, 334, 0, 0, 0
L -917, -4846, 333, -918, -4845, 334, 0, 0, 0
L -897, -4846, 334, -917, -4846, 333, 0, 0, 0
L -886, -4846, 334, -897, -4846, 334, 0, 0, 0
L -861, -4860, 326, -886, -4846, 334, 0, 0, 0
L -859, -4861, 324, -861, -4860, 326, 0, 0, 0
L -857, -4862, 324, -859, -4861, 324, 0, 0, 0
L -850, -4861, 319, -857, -4862, 324, 0, 0, 0
L -848, -4860, 320, -850, -4861, 319, 0, 0, 0
L -846, -4861, 318, -848, -4860, 320, 0, 0, 0
L -844, -4862, 317, -846, -4861, 318, 0, 0, 0
L -836, -4866, 317, -844, -4862, 317, 0, 0, 0
L -826, -4871, 315, -836, -4866, 317, 0, 0, 0
L -819, -4874, 314, -826, -4871, 315, 0, 0, 0
L -817, -4875, 316, -819, -4874, 314, 0, 0, 0
L -814, -4877, 316, -817, -4875, 316, 0, 0, 0
L -813, -4879, 316, -814, -4877, 316, 0, 0, 0
L -803, -4890, 322, -813, -4879, 316, 0, 0, 0
L -802, -4891, 323, -803, -4890, 322, 0, 0, 0
L -801, -4892, 322, -802, -4891, 323, 0, 0, 0
L -799, -4893, 322, -801, -4892, 322, 0, 0, 0
L -801, -4895, 324, -799, -4893, 322, 0, 0, 0
L -801, -4901, 330, -801, -4895, 324, 0, 0, 0
L -802, -4905, 331, -801, -4901, 330, 0, 0, 0
L -802, -4907, 330, -802, -4905, 331, 0, 0, 0
L -802, -4912, 334, -802, -4907, 330, 0, 0, 0
L -803, -4917, 336, -802, -4912, 334, 0, 0, 0
L -805, -4925, 342, -803, -4917, 336, 0, 0, 0
L -805, -4929, 342, -805, -4925, 342, 0, 0, 0
L -805, -4932, 345, -805, -4929, 342, 0, 0, 0
L -809, -4947, 359, -805, -4932, 345, 0, 0, 0
L -809, -4951, 361, -809, -4947, 359, 0, 0, 0
L -810, -4953, 362, -809, -4951, 361, 0, 0, 0
L -810, -4955, 363, -810, -4953, 362, 0, 0, 0
L -811, -4956, 362, -810, -4955, 363, 0, 0, 0
L -812, -4957, 362, -811, -4956, 362, 0, 0, 0
L -814, -4958, 363, -812, -4957, 362, 0, 0, 0
L -816, -4962, 368, -814, -4958, 363, 0, 0, 0
L -819, -4963, 372, -816, -4962, 368, 0, 0, 0
L -820, -4965, 374, -819, -4963, 372, 0, 0, 0
L -823, -4967, 378, -820, -4965, 374, 0, 0, 0
L -826, -4968, 381, -823, -4967, 378, 0, 0, 0
L -826, -4966, 381, -826, -4968, 381, 0, 0, 0
L -831, -4966, 383, -826, -4966, 381, 0, 0, 0
L -833, -4967, 385, -831, -4966, 383, 0, 0, 0
L -835, -4967, 386, -833, -4967, 385, 0, 0, 0
L -841, -4973, 386, -835, -4967, 386, 0, 0, 0
L -843, -4976, 387, -841, -4973, 386, 0, 0, 0
L -843, -4977, 388, -843, -4976, 387, 0, 0, 0
L -844, -4978, 388, -843, -4977, 388, 0, 0, 0
L -844, -4982, 390, -844, -4978, 388, 0, 0, 0
L -838, -4987, 391, -844, -4982, 390, 0, 0, 0
L -810, -5012, 390, -838, -4987, 388, 240, 127, 0
L -647, -5073, 407, -810, -5012, 390, 240, 127, 0
L -482, -5073, 437, -647, -5073, 407, 240, 127, 0
L -477, -5069, 439, -482, -5073, 437, 240, 127, 0
L -478, -5068, 439, -477, -5069, 439, 0, 0, 0
L -480, -5067, 439, -478, -5068, 439, 0, 0, 0
L -482, -5065, 440, -480, -5067, 439, 0, 0, 0
L -489, -5059, 438, -482, -5065, 440, 0, 0, 0
L -491, -5058, 438, -489, -5059, 438, 0, 0, 0
L -494, -5060, 438, -491, -5058, 438, 0, 0, 0
L -503, -5056, 433, -494, -5060, 438, 0, 0, 0
L -509, -5053, 430, -503, -5056, 433, 0, 0, 0
L -510, -5052, 430, -509, -5053, 430, 0, 0, 0
L -511, -5050, 428, -510, -5052, 430, 0, 0, 0
L -511, -5049, 427, -511, -5050, 428, 0, 0, 0
L -512, -5047, 427, -511, -5049, 427, 0, 0, 0
L -511, -5045, 427, -512, -5047, 427, 0, 0, 0
L -510, -5044, 426, -511, -5045, 427, 0, 0, 0
L -512, -5043, 424, -510, -5044, 426, 0, 0, 0
L -515, -5042, 424, -512, -5043, 424, 0, 0, 0
L -523, -5042, 420, -515, -5042, 424, 0, 0, 0
L -532, -5042, 418, -523, -5042, 420, 0, 0, 0
L -534, -5042, 418, -532, -5042, 418, 0, 0, 0
L -536, -5041, 418, -534, -5042, 418, 0, 0, 0
L -537, -5040, 415, -536, -5041, 418, 0, 0, 0
L -535, -5038, 415, -537, -5040, 415, 0, 0, 0
L -538, -5035, 412, -535, -5038, 415, 0, 0, 0
L -541, -5032, 412, -538, -5035, 412, 0, 0, 0
L -540, -5032, 411, -541, -5032, 412, 0, 0, 0
L -540, -5030, 410, -540, -5032, 411, 0, 0, 0
L -539, -5026, 405, -540, -5030, 410, 0, 0, 0
L -538, -5024, 404, -539, -5026, 405, 0, 0, 0
L -537, -5020, 402, -538, -5024, 404, 0, 0, 0
L -533, -5016, 399, -537, -5020, 402, 0, 0, 0
L -527, -5010, 399, -533, -5016, 399, 0, 0, 0
L -524, -5008, 399, -527, -5010, 399, 0, 0, 0
L -520, -5007, 400, -524, -5008, 399, 0, 0, 0
L -518, -5008, 400, -520, -5007, 400, 0, 0, 0
L -516, -5008, 400, -518, -5008, 400, 0, 0, 0
L -515, -5009, 400, -516, -5008, 400, 0, 0, 0
L -500, -5005, 400, -515, -5009, 400, 0, 0, 0
L -499, -5003, 400, -500, -5005, 400, 0, 0, 0
L -501, -5002, 400, -499, -5003, 400, 0, 0, 0
L -501, -5001, 400, -501, -5002, 400, 0, 0, 0
L -499, -4995, 400, -501, -5001, 400, 0, 0, 0
L -500, -4993, 399, -499, -4995, 400, 0, 0, 0
L -501, -4991, 399, -500, -4993, 399, 0, 0, 0
L -507, -4990, 394, -501, -4991, 399, 0, 0, 0
L -509, -4989, 394, -507, -4990, 394, 0, 0, 0
L -514, -4986, 387, -509, -4989, 394, 0, 0, 0
L -515, -4985, 384, -514, -4986, 387, 0, 0, 0
L -517, -4984, 383, -515, -4985, 384, 0, 0, 0
L -518, -4982, 377, -517, -4984, 383, 0, 0, 0
L -519, -4981, 374, -518, -4982, 377, 0, 0, 0
L -522, -4978, 368, -519, -4981, 374, 0, 0, 0
L -522, -4976, 367, -522, -4978, 368, 0, 0, 0
L -523, -4975, 364, -522, -4976, 367, 0, 0, 0
L -524, -4974, 362, -523, -4975, 364, 0, 0, 0
L -525, -4973, 359, -524, -4974, 362, 0, 0, 0
L -527, -4971, 357, -525, -4973, 359, 0, 0, 0
L -528, -4970, 355, -527, -4971, 357, 0, 0, 0
L -529, -4965, 349, -528, -4970, 355, 0, 0, 0
L -528, -4963, 346, -529, -4965, 349, 0, 0, 0
L -527, -4956, 342, -528, -4963, 346, 0, 0, 0
L -526, -4953, 339, -527, -4956, 342, 0, 0, 0
L -526, -4950, 336, -526, -4953, 339, 0, 0, 0
L -525, -4946, 334, -526, -4950, 336, 0, 0, 0
L -525, -4943, 333, -525, -4946, 334, 0, 0, 0
L -525, -4941, 332, -525, -4943, 333, 0, 0, 0
L -526, -4938, 330, -525, -4941, 332, 0, 0, 0
L -527, -4935, 329, -526, -4938, 330, 0, 0, 0
L -531, -4929, 325, -527, -4935, 329, 0, 0, 0
L -532, -4927, 325, -531, -4929, 325, 0, 0, 0
L -532, -4914, 319, -532, -4927, 325, 0, 0, 0
L -532, -4911, 319, -532, -4914, 319, 0, 0, 0
L -532, -4909, 318, -532, -4911, 319, 0, 0, 0
L -532, -4907, 318, -532, -4909, 318, 0, 0, 0
L -529, -4906, 318, -532, -4907, 318, 0, 0, 0
L -528, -4907, 318, -529, -4906, 318, 0, 0, 0
L -523, -4904, 318, -528, -4907, 318, 0, 0, 0
L -520, -4903, 318, -523, -4904, 318, 0, 0, 0
L -516, -4903, 319, -520, -4903, 318, 0, 0, 0
L -513, -4903, 319, -516, -4903, 319, 0, 0, 0
L -510, -4903, 320, -513, -4903, 319, 0, 0, 0
L -508, -4904, 320, -510, -4903, 320, 0, 0, 0
L -507, -4905, 320, -508, -4904, 320, 0, 0, 0
L -500, -4903, 321, -507, -4905, 320, 0, 0, 0
L -499, -4903, 321, -500, -4903, 321, 0, 0, 0
L -483, -4915, 327, -499, -4903, 321, 0, 0, 0
L -481, -4916, 327, -483, -4915, 327, 0, 0, 0
L -480, -4915, 326, -481, -4916, 327, 0, 0, 0
L -478, -4913, 326, -480, -4915, 326, 0, 0, 0
L -477, -4911, 326, -478, -4913, 326, 0, 0, 0
L -480, -4911, 325, -477, -4911, 326, 0, 0, 0
L -482, -4910, 325, -480, -4911, 325, 0, 0, 0
L -482, -4909, 325, -482, -4910, 325, 0, 0, 0
L -483, -4907, 324, -482, -4909, 325, 0, 0, 0
L -484, -4906, 323, -483, -4907, 324, 0, 0, 0
L -485, -4904, 323, -484, -4906, 323, 0, 0, 0
L -485, -4903, 322, -485, -4904, 323, 0, 0, 0
L -486, -4897, 321, -485, -4903, 322, 0, 0, 0
L -486, -4895, 321, -486, -4897, 321, 0, 0, 0
L -484, -4894, 322, -486, -4895, 321, 0, 0, 0
L -483, -4892, 322, -484, -4894, 322, 0, 0, 0
L -480, -4894, 322, -483, -4892, 322, 0, 0, 0
L -479, -4895, 322, -480, -4894, 322, 0, 0, 0
L -477, -4895, 323, -479, -4895, 322, 0, 0, 0
L -475, -4893, 324, -477, -4895, 323, 0, 0, 0
L -472, -4892, 324, -475, -4893, 324, 0, 0, 0
L -470, -4891, 324, -472, -4892, 324, 0, 0, 0
L -469, -4892, 324, -470, -4891, 324, 0, 0, 0
L -463, -4890, 326, -469, -4892, 324, 0, 0, 0
L -455, -4887, 327, -463, -4890, 326, 0, 0, 0
L -455, -4887, 328, -455, -4887, 327, 0, 0, 0
L -434, -4883, 330, -455, -4887, 328, 0, 0, 0
L -434, -4882, 330, -434, -4883, 330, 0, 0, 0
L -433, -4881, 331, -434, -4882, 330, 0, 0, 0
L -431, -4880, 330, -433, -4881, 331, 0, 0, 0
L -425, -4881, 330, -431, -4880, 330, 0, 0, 0
L -420, -4881, 329, -425, -4881, 330, 0, 0, 0
L -419, -4880, 330, -420, -4881, 329, 240, 127, 0
L -418, -4879, 330, -419, -4880, 330, 240, 127, 0
L -432, -4864, 332, -418, -4879, 330, 240, 127, 0
L -434, -4862, 332, -432, -4864, 332, 240, 127, 0
L -436, -4862, 331, -434, -4862, 332, 240, 127, 0
L -437, -4861, 331, -436, -4862, 331, 240, 127, 0
L -441, -4858, 331, -437, -4861, 331, 240, 127, 0
L -442, -4859, 331, -441, -4858, 331, 240, 127, 0
L -442, -4864, 331, -442, -4859, 331, 240, 127, 0
L -441, -4866, 331, -442, -4864, 331, 240, 127, 0
L -441, -4868, 331, -441, -4866, 331, 240, 127, 0
L -440, -4873, 331, -441, -4868, 331, 240, 127, 0
L -440, -4876, 331, -440, -4873, 331, 240, 127, 0
L -441, -4876, 331, -440, -4876, 331, 240, 127, 0
L -445, -4877, 331, -441, -4876, 331, 240, 127, 0
L -447, -4877, 331, -445, -4877, 331, 240, 127, 0
L -448, -4876, 331, -447, -4877, 331, 240, 127, 0
L -448, -4871, 331, -448, -4876, 331, 240, 127, 0
L -447, -4868, 331, -448, -4871, 331, 240, 127, 0
L -449, -4701, 332, -447, -4868, 331, 240, 127, 0
L 93, -5766, 305, 345, -5805, 306, 0, 0, 240
L 361, -5808, 306, 547, -5788, 304, 0, 0, 240
L 561, -5786, 305, 836, -5749, 305, 0, 0, 240
L 845, -5745, 305, 972, -5574, 306, 0, 0, 240
L 974, -5571, 306, 1092, -5413, 305, 0, 0, 240
L 1106, -5395, 305, 1144, -5237, 307, 0, 0, 240
L 1146, -5218, 306, 1158, -5037, 305, 0, 0, 240
L 1159, -5022, 306, 1149, -4651, 306, 0, 0, 240
L 1148, -4626, 306, 1141, -4350, 306, 0, 0, 240
L 1140, -4318, 305, 1141, -3979, 306, 0, 0, 240
L 1141, -3965, 305, 1142, -3740, 307, 0, 0, 240
L 1141, -3717, 306, 1129, -3394, 305, 0, 0, 240
L 1127, -3383, 306, 1018, -3308, 306, 0, 0, 240
L 998, -3294, 306, 851, -3193, 306, 0, 0, 240
L 823, -3174, 306, 601, -3124, 306, 0, 0, 240
L 571, -3119, 305, 336, -3061, 304, 0, 0, 240
L 313, -3062, 305, -97, -3072, 305, 0, 0, 240
L -126, -3073, 305, -619, -3078, 306, 0, 0, 240
L -636, -3077, 306, -889, -3067, 307, 0, 0, 240
L -891, -3067, 306, -1095, -3064, 306, 0, 0, 240
L -1131, -3064, 307, -1415, -3068, 305, 0, 0, 240
L -1452, -3069, 305, -1751, -3033, 307, 0, 0, 240
L -1765, -3030, 307, -1941, -3042, 305, 0, 0, 240
L -1946, -3047, 306, -2057, -3154, 307, 0, 0, 240
L -2071, -3167, 307, -2142, -3300, 306, 0, 0, 240
L -2151, -3322, 306, -2210, -3546, 306, 0, 0, 240
L -2218, -3575, 307, -2281, -3814, 305, 0, 0, 240
L -2293, -3859, 306, -2323, -4220, 305, 0, 0, 240
L -2320, -4251, 306, -2319, -4695, 306, 0, 0, 240
L -2321, -4722, 307, -2323, -5123, 306, 0, 0, 240
L -2318, -5157, 307, -2261, -5431, 305, 0, 0, 240
L -2246, -5444, 305, -2081, -5589, 307, 0, 0, 240
L -2053, -5614, 306, -1819, -5755, 306, 0, 0, 240
L -1795, -5756, 307, -1454, -5770, 306, 0, 0, 240
L -971, -5779, 307, -1550, -5768, 305, 0, 0, 240
L -464, -5789, 306, -994, -5777, 306, 0, 0, 240
L -466, -5789, 307, 129, -5772, 307, 0, 0, 240
L 69, -5446, 306, 52, -5444, 305, 0, 0, 240
L 52, -5444, 305, 32, -5442, 306, 0, 0, 240
L 32, -5442, 306, 12, -5440, 306, 0, 0, 240
L 12, -5440, 306, -7, -5440, 307, 0, 0, 240
L -7, -5440, 307, -22, -5440, 307, 0, 0, 240
L -22, -5440, 307, -58, -5443, 307, 0, 0, 240
L -58, -5443, 307, -78, -5444, 306, 0, 0, 240
L -78, -5444, 306, -107, -5444, 306, 0, 0, 240
L -107, -5444, 306, -122, -5442, 305, 0, 0, 240
L -122, -5442, 305, -159, -5439, 305, 0, 0, 240
L -159, -5439, 305, -234, -5435, 307, 0, 0, 240
L -234, -5435, 307, -263, -5434, 307, 0, 0, 240
L -263, -5434, 307, -389, -5426, 305, 0, 0, 240
L -389, -5426, 305, -426, -5423, 306, 0, 0, 240
L -426, -5423, 306, -463, -5419, 307, 0, 0, 240
L -463, -5419, 307, -536, -5406, 307, 0, 0, 240
L -536, -5406, 307, -595, -5394, 306, 0, 0, 240
L -595, -5394, 306, -624, -5388, 305, 0, 0, 240
L -624, -5388, 305, -682, -5376, 306, 0, 0, 240
L -682, -5376, 306, -711, -5371, 307, 0, 0, 240
L -711, -5371, 307, -741, -5368, 307, 0, 0, 240
L -741, -5368, 307, -763, -5367, 307, 0, 0, 240
L -763, -5367, 307, -844, -5364, 305, 0, 0, 240
L -844, -5364, 305, -874, -5362, 305, 0, 0, 240
L -874, -5362, 305, -896, -5360, 306, 0, 0, 240
L -896, -5360, 306, -918, -5357, 306, 0, 0, 240
L -918, -5357, 306, -940, -5353, 307, 0, 0, 240
L -940, -5353, 307, -969, -5345, 307, 0, 0, 240
L -969, -5345, 307, -1032, -5325, 307, 0, 0, 240
L -1032, -5325, 307, -1046, -5319, 306, 0, 0, 240
L -1046, -5319, 306, -1086, -5301, 305, 0, 0, 240
L -1086, -5301, 305, -1113, -5288, 305, 0, 0, 240
L -1113, -5288, 305, -1132, -5277, 306, 0, 0, 240
L -1132, -5277, 306, -1203, -5235, 307, 0, 0, 240
L -1203, -5235, 307, -1242, -5213, 307, 0, 0, 240
L -1242, -5213, 307, -1287, -5188, 306, 0, 0, 240
L -1287, -5188, 306, -1313, -5173, 305, 0, 0, 240
L -1313, -5173, 305, -1353, -5154, 306, 0, 0, 240
L -1353, -5154, 306, -1366, -5146, 306, 0, 0, 240
L -1366, -5146, 306, -1403, -5122, 307, 0, 0, 240
L -1403, -5122, 307, -1447, -5095, 307, 0, 0, 240
L -1447, -5095, 307, -1478, -5074, 306, 0, 0, 240
L -1478, -5074, 306, -1497, -5063, 306, 0, 0, 240
L -1497, -5063, 306, -1517, -5053, 305, 0, 0, 240
L -1517, -5053, 305, -1529, -5045, 305, 0, 0, 240
L -1529, -5045, 305, -1548, -5032, 306, 0, 0, 240
L -1548, -5032, 306, -1565, -5018, 306, 0, 0, 240
L -1565, -5018, 306, -1581, -5003, 307, 0, 0, 240
L -1581, -5003, 307, -1626, -4955, 307, 0, 0, 240
L -1626, -4955, 307, -1679, -4903, 306, 0, 0, 240
L -1679, -4903, 306, -1694, -4887, 305, 0, 0, 240
L -1694, -4887, 305, -1704, -4875, 305, 0, 0, 240
L -1704, -4875, 305, -1712, -4863, 305, 0, 0, 240
L -1712, -4863, 305, -1715, -4856, 306, 0, 0, 240
L -1715, -4856, 306, -1724, -4836, 306, 0, 0, 240
L -1724, -4836, 306, -1729, -4822, 306, 0, 0, 240
L -1729, -4822, 306, -1734, -4808, 307, 0, 0, 240
L -1734, -4808, 307, -1741, -4780, 307, 0, 0, 240
L -1741, -4780, 307, -1744, -4758, 307, 0, 0, 240
L -1744, -4758, 307, -1755, -4661, 305, 0, 0, 240
L -1755, -4661, 305, -1768, -4559, 307, 0, 0, 240
L -1768, -4559, 307, -1775, -4515, 307, 0, 0, 240
L -1775, -4515, 307, -1789, -4427, 305, 0, 0, 240
L -1789, -4427, 305, -1791, -4420, 305, 0, 0, 240
L -1791, -4420, 305, -1794, -4405, 305, 0, 0, 240
L -1794, -4405, 305, -1816, -4335, 307, 0, 0, 240
L -1816, -4335, 307, -1820, -4321, 307, 0, 0, 240
L -1820, -4321, 307, -1821, -4313, 307, 0, 0, 240
L -1821, -4313, 307, -1821, -4299, 307, 0, 0, 240
L -1821, -4299, 307, -1820, -4292, 307, 0, 0, 240
L -1820, -4292, 307, -1818, -4284, 307, 0, 0, 240
L -1818, -4284, 307, -1814, -4271, 307, 0, 0, 240
L -1814, -4271, 307, -1788, -4194, 305, 0, 0, 240
L -1788, -4194, 305, -1782, -4180, 305, 0, 0, 240
L -1782, -4180, 305, -1766, -4156, 305, 0, 0, 240
L -1766, -4156, 305, -1761, -4150, 306, 0, 0, 240
L -1761, -4150, 306, -1751, -4139, 306, 0, 0, 240
L -1751, -4139, 306, -1746, -4134, 306, 0, 0, 240
L -1746, -4134, 306, -1740, -4129, 306, 0, 0, 240
L -1740, -4129, 306, -1735, -4124, 306, 0, 0, 240
L -1735, -4124, 306, -1729, -4120, 307, 0, 0, 240
L -1729, -4120, 307, -1717, -4112, 307, 0, 0, 240
L -1717, -4112, 307, -1704, -4104, 307, 0, 0, 240
L -1704, -4104, 307, -1697, -4101, 307, 0, 0, 240
L -1697, -4101, 307, -1691, -4098, 307, 0, 0, 240
L -1691, -4098, 307, -1684, -4095, 307, 0, 0, 240
L -1684, -4095, 307, -1670, -4090, 307, 0, 0, 240
L -1670, -4090, 307, -1577, -4064, 305, 0, 0, 240
L -1577, -4064, 305, -1555, -4058, 305, 0, 0, 240
L -1555, -4058, 305, -1540, -4056, 306, 0, 0, 240
L -1540, -4056, 306, -1496, -4050, 307, 0, 0, 240
L -1496, -4050, 307, -1421, -4045, 307, 0, 0, 240
L -1421, -4045, 307, -1362, -4042, 306, 0, 0, 240
L -1362, -4042, 306, -1355, -4042, 306, 0, 0, 240
L -1355, -4042, 306, -1340, -4043, 305, 0, 0, 240
L -1340, -4043, 305, -1318, -4045, 305, 0, 0, 240
L -1318, -4045, 305, -1296, -4047, 306, 0, 0, 240
L -1296, -4047, 306, -1281, -4047, 306, 0, 0, 240
L -1281, -4047, 306, -1236, -4047, 307, 0, 0, 240
L -1236, -4047, 307, -1207, -4046, 307, 0, 0, 240
L -1207, -4046, 307, -1177, -4044, 307, 0, 0, 240
L -1177, -4044, 307, -1162, -4042, 307, 0, 0, 240
L -1162, -4042, 307, -1133, -4037, 306, 0, 0, 240
L -1133, -4037, 306, -1104, -4031, 305, 0, 0, 240
L -1104, -4031, 305, -1067, -4022, 305, 0, 0, 240
L -1067, -4022, 305, -1053, -4020, 306, 0, 0, 240
L -1053, -4020, 306, -1038, -4018, 306, 0, 0, 240
L -1038, -4018, 306, -1030, -4018, 306, 0, 0, 240
L -1030, -4018, 306, -1023, -4017, 306, 0, 0, 240
L -1023, -4017, 306, -993, -4018, 307, 0, 0, 240
L -993, -4018, 307, -971, -4019, 307, 0, 0, 240
L -971, -4019, 307, -919, -4018, 307, 0, 0, 240
L -919, -4018, 307, -859, -4018, 305, 0, 0, 240
L -859, -4018, 305, -844, -4018, 305, 0, 0, 240
L -844, -4018, 305, -807, -4020, 306, 0, 0, 240
L -807, -4020, 306, -799, -4020, 306, 0, 0, 240
L -799, -4020, 306, -777, -4017, 306, 0, 0, 240
L -777, -4017, 306, -763, -4013, 307, 0, 0, 240
L -763, -4013, 307, -720, -4000, 307, 0, 0, 240
L -720, -4000, 307, -684, -3991, 307, 0, 0, 240
L -684, -3991, 307, -662, -3986, 306, 0, 0, 240
L -662, -3986, 306, -647, -3984, 306, 0, 0, 240
L -647, -3984, 306, -633, -3983, 306, 0, 0, 240
L -633, -3983, 306, -625, -3983, 306, 0, 0, 240
L -625, -3983, 306, -618, -3983, 305, 0, 0, 240
L -618, -3983, 305, -603, -3985, 305, 0, 0, 240
L -603, -3985, 305, -581, -3989, 305, 0, 0, 240
L -581, -3989, 305, -574, -3990, 305, 0, 0, 240
L -574, -3990, 305, -566, -3991, 306, 0, 0, 240
L -566, -3991, 306, -551, -3992, 306, 0, 0, 240
L -551, -3992, 306, -529, -3992, 306, 0, 0, 240
L -529, -3992, 306, -514, -3991, 307, 0, 0, 240
L -514, -3991, 307, -477, -3986, 307, 0, 0, 240
L -477, -3986, 307, -470, -3984, 307, 0, 0, 240
L -470, -3984, 307, -456, -3979, 307, 0, 0, 240
L -456, -3979, 307, -428, -3968, 307, 0, 0, 240
L -428, -3968, 307, -408, -3959, 306, 0, 0, 240
L -408, -3959, 306, -381, -3946, 305, 0, 0, 240
L -381, -3946, 305, -354, -3933, 305, 0, 0, 240
L -354, -3933, 305, -334, -3924, 306, 0, 0, 240
L -334, -3924, 306, -320, -3919, 306, 0, 0, 240
L -320, -3919, 306, -306, -3915, 306, 0, 0, 240
L -306, -3915, 306, -291, -3912, 307, 0, 0, 240
L -291, -3912, 307, -269, -3909, 307, 0, 0, 240
L -269, -3909, 307, -262, -3909, 307, 0, 0, 240
L -262, -3909, 307, -247, -3911, 307, 0, 0, 240
L -247, -3911, 307, -225, -3915, 307, 0, 0, 240
L -225, -3915, 307, -182, -3924, 306, 0, 0, 240
L -182, -3924, 306, -145, -3930, 305, 0, 0, 240
L -145, -3930, 305, -101, -3937, 305, 0, 0, 240
L -101, -3937, 305, -93, -3938, 306, 0, 0, 240
L -93, -3938, 306, -86, -3938, 306, 0, 0, 240
L -86, -3938, 306, -64, -3937, 306, 0, 0, 240
L -64, -3937, 306, -49, -3936, 307, 0, 0, 240
L -49, -3936, 307, -41, -3935, 307, 0, 0, 240
L -41, -3935, 307, -12, -3929, 307, 0, 0, 240
L -12, -3929, 307, 9, -3923, 307, 0, 0, 240
L 9, -3923, 307, 57, -3905, 306, 0, 0, 240
L 57, -3905, 306, 64, -3902, 306, 0, 0, 240
L 64, -3902, 306, 78, -3898, 306, 0, 0, 240
L 78, -3898, 306, 100, -3893, 305, 0, 0, 240
L 100, -3893, 305, 122, -3890, 305, 0, 0, 240
L 122, -3890, 305, 137, -3890, 305, 0, 0, 240
L 137, -3890, 305, 159, -3891, 306, 0, 0, 240
L 159, -3891, 306, 166, -3891, 306, 0, 0, 240
L 166, -3891, 306, 180, -3893, 306, 0, 0, 240
L 180, -3893, 306, 195, -3895, 307, 0, 0, 240
L 195, -3895, 307, 217, -3900, 307, 0, 0, 240
L 217, -3900, 307, 231, -3904, 307, 0, 0, 240
L 231, -3904, 307, 245, -3909, 307, 0, 0, 240
L 245, -3909, 307, 273, -3921, 307, 0, 0, 240
L 273, -3921, 307, 279, -3924, 307, 0, 0, 240
L 279, -3924, 307, 286, -3927, 306, 0, 0, 240
L 286, -3927, 306, 298, -3935, 306, 0, 0, 240
L 298, -3935, 306, 304, -3940, 306, 0, 0, 240
L 304, -3940, 306, 310, -3944, 306, 0, 0, 240
L 310, -3944, 306, 315, -3950, 306, 0, 0, 240
L 315, -3950, 306, 320, -3955, 305, 0, 0, 240
L 320, -3955, 305, 334, -3972, 305, 0, 0, 240
L 334, -3972, 305, 357, -4002, 306, 0, 0, 240
L 357, -4002, 306, 369, -4020, 306, 0, 0, 240
L 369, -4020, 306, 384, -4054, 307, 0, 0, 240
L 384, -4054, 307, 388, -4061, 307, 0, 0, 240
L 388, -4061, 307, 391, -4067, 307, 0, 0, 240
L 391, -4067, 307, 396, -4073, 307, 0, 0, 240
L 396, -4073, 307, 401, -4078, 307, 0, 0, 240
L 401, -4078, 307, 406, -4084, 307, 0, 0, 240
L 406, -4084, 307, 434, -4107, 307, 0, 0, 240
L 434, -4107, 307, 446, -4115, 306, 0, 0, 240
L 446, -4115, 306, 465, -4126, 306, 0, 0, 240
L 465, -4126, 306, 485, -4137, 305, 0, 0, 240
L 485, -4137, 305, 518, -4153, 305, 0, 0, 240
L 518, -4153, 305, 525, -4157, 306, 0, 0, 240
L 525, -4157, 306, 531, -4160, 306, 0, 0, 240
L 531, -4160, 306, 537, -4165, 306, 0, 0, 240
L 537, -4165, 306, 543, -4169, 306, 0, 0, 240
L 543, -4169, 306, 548, -4174, 306, 0, 0, 240
L 548, -4174, 306, 553, -4180, 306, 0, 0, 240
L 553, -4180, 306, 562, -4191, 307, 0, 0, 240
L 562, -4191, 307, 571, -4203, 307, 0, 0, 240
L 571, -4203, 307, 575, -4209, 307, 0, 0, 240
L 575, -4209, 307, 599, -4255, 307, 0, 0, 240
L 599, -4255, 307, 603, -4261, 307, 0, 0, 240
L 603, -4261, 307, 605, -4268, 307, 0, 0, 240
L 605, -4268, 307, 608, -4275, 306, 0, 0, 240
L 608, -4275, 306, 610, -4282, 306, 0, 0, 240
L 610, -4282, 306, 614, -4312, 306, 0, 0, 240
L 614, -4312, 306, 616, -4319, 305, 0, 0, 240
L 616, -4319, 305, 617, -4326, 305, 0, 0, 240
L 617, -4326, 305, 628, -4362, 305, 0, 0, 240
L 628, -4362, 305, 629, -4369, 306, 0, 0, 240
L 629, -4369, 306, 633, -4398, 306, 0, 0, 240
L 633, -4398, 306, 635, -4413, 307, 0, 0, 240
L 635, -4413, 307, 637, -4465, 307, 0, 0, 240
L 637, -4465, 307, 636, -4502, 307, 0, 0, 240
L 636, -4502, 307, 634, -4539, 306, 0, 0, 240
L 634, -4539, 306, 633, -4569, 305, 0, 0, 240
L 633, -4569, 305, 633, -4620, 306, 0, 0, 240
L 633, -4620, 306, 641, -4694, 307, 0, 0, 240
L 641, -4694, 307, 643, -4716, 307, 0, 0, 240
L 643, -4716, 307, 644, -4731, 307, 0, 0, 240
L 644, -4731, 307, 643, -4738, 307, 0, 0, 240
L 643, -4738, 307, 643, -4745, 307, 0, 0, 240
L 643, -4745, 307, 641, -4760, 306, 0, 0, 240
L 641, -4760, 306, 638, -4774, 306, 0, 0, 240
L 638, -4774, 306, 634, -4788, 306, 0, 0, 240
L 634, -4788, 306, 627, -4810, 305, 0, 0, 240
L 627, -4810, 305, 618, -4830, 305, 0, 0, 240
L 618, -4830, 305, 598, -4870, 306, 0, 0, 240
L 598, -4870, 306, 580, -4902, 307, 0, 0, 240
L 580, -4902, 307, 572, -4914, 307, 0, 0, 240
L 572, -4914, 307, 550, -4944, 307, 0, 0, 240
L 550, -4944, 307, 545, -4950, 307, 0, 0, 240
L 545, -4950, 307, 540, -4955, 307, 0, 0, 240
L 540, -4955, 307, 534, -4960, 307, 0, 0, 240
L 534, -4960, 307, 528, -4964, 307, 0, 0, 240
L 528, -4964, 307, 522, -4968, 306, 0, 0, 240
L 522, -4968, 306, 490, -4984, 306, 0, 0, 240
L 490, -4984, 306, 484, -4988, 305, 0, 0, 240
L 484, -4988, 305, 478, -4993, 306, 0, 0, 240
L 478, -4993, 306, 474, -4998, 310, 0, 0, 240
L 474, -4998, 310, 470, -5004, 312, 0, 0, 240
L 470, -5004, 312, 467, -5011, 315, 0, 0, 240
L 467, -5011, 315, 464, -5018, 315, 0, 0, 240
L 464, -5018, 315, 463, -5025, 315, 0, 0, 240
L 463, -5025, 315, 460, -5039, 315, 0, 0, 240
L 460, -5039, 315, 455, -5068, 316, 0, 0, 240
L 455, -5068, 316, 454, -5075, 316, 0, 0, 240
L 454, -5075, 316, 452, -5082, 316, 0, 0, 240
L 452, -5082, 316, 446, -5096, 316, 0, 0, 240
L 446, -5096, 316, 443, -5103, 317, 0, 0, 240
L 443, -5103, 317, 437, -5116, 316, 0, 0, 240
L 437, -5116, 316, 430, -5129, 315, 0, 0, 240
L 430, -5129, 315, 427, -5136, 314, 0, 0, 240
L 427, -5136, 314, 425, -5143, 314, 0, 0, 240
L 425, -5143, 314, 421, -5157, 312, 0, 0, 240
L 421, -5157, 312, 417, -5186, 310, 0, 0, 240
L 417, -5186, 310, 416, -5194, 310, 0, 0, 240
L 416, -5194, 310, 415, -5267, 310, 0, 0, 240
L 415, -5267, 310, 411, -5281, 310, 0, 0, 240
L 411, -5281, 310, 408, -5288, 310, 0, 0, 240
L 408, -5288, 310, 404, -5294, 310, 0, 0, 240
L 404, -5294, 310, 399, -5299, 311, 0, 0, 240
L 399, -5299, 311, 385, -5316, 311, 0, 0, 240
L 385, -5316, 311, 365, -5346, 311, 0, 0, 240
L 365, -5346, 311, 355, -5358, 311, 0, 0, 240
L 355, -5358, 311, 350, -5363, 311, 0, 0, 240
L 350, -5363, 311, 339, -5373, 311, 0, 0, 240
L 339, -5373, 311, 333, -5378, 311, 0, 0, 240
L 333, -5378, 311, 327, -5382, 311, 0, 0, 240
L 327, -5382, 311, 321, -5386, 310, 0, 0, 240
L 321, -5386, 310, 314, -5389, 310, 0, 0, 240
L 314, -5389, 310, 308, -5392, 310, 0, 0, 240
L 308, -5392, 310, 259, -5407, 309, 0, 0, 240
L 259, -5407, 309, 244, -5411, 310, 0, 0, 240
L 244, -5411, 310, 201, -5420, 311, 0, 0, 240
L 201, -5420, 311, 194, -5421, 311, 0, 0, 240
L 194, -5421, 311, 142, -5425, 311, 0, 0, 240
L 142, -5425, 311, 54, -5429, 310, 0, 0, 240
L 50, -5088, 449, -84, -5093, 452, 240, 127, 0
L -84, -5093, 452, -654, -5081, 412, 240, 127, 0
L -653, -5078, 404, -815, -5018, 388, 240, 127, 0
L -815, -5018, 389, -935, -4946, 371, 240, 127, 0
L -935, -4946, 372, -935, -4948, 372, 0, 0, 0
L -935, -4948, 372, -933, -4962, 372, 0, 0, 0
L -933, -4962, 372, -932, -4965, 372, 0, 0, 0
L -932, -4965, 372, -931, -4967, 372, 0, 0, 0
L -931, -4967, 372, -931, -4968, 373, 0, 0, 0
L -931, -4968, 373, -930, -4972, 373, 0, 0, 0
L -930, -4972, 373, -929, -4974, 373, 0, 0, 0
L -929, -4974, 373, -929, -4977, 373, 0, 0, 0
L -929, -4977, 373, -937, -4983, 373, 0, 0, 0
L -937, -4983, 373, -940, -4984, 372, 0, 0, 0
L -940, -4984, 372, -941, -4986, 371, 0, 0, 0
L -941, -4986, 371, -942, -4987, 371, 0, 0, 0
L -942, -4987, 371, -943, -4987, 370, 0, 0, 0
L -943, -4987, 370, -944, -4986, 370, 0, 0, 0
L -944, -4986, 370, -949, -4980, 372, 0, 0, 0
L -949, -4980, 372, -950, -4980, 371, 0, 0, 0
L -950, -4980, 371, -956, -4979, 370, 0, 0, 0
L -956, -4979, 370, -957, -4979, 369, 0, 0, 0
L -957, -4979, 369, -959, -4980, 369, 0, 0, 0
L -959, -4980, 369, -961, -4982, 369, 0, 0, 0
L -961, -4982, 369, -961, -4985, 369, 0, 0, 0
L -961, -4985, 369, -959, -4992, 370, 0, 0, 0
L -959, -4992, 370, -959, -4994, 369, 0, 0, 0
L -959, -4994, 369, -959, -4996, 369, 0, 0, 0
L -959, -4996, 369, -961, -5000, 366, 0, 0, 0
L -961, -5000, 366, -962, -5001, 365, 0, 0, 0
L -962, -5001, 365, -981, -5008, 355, 0, 0, 0
L -981, -5008, 355, -983, -5008, 354, 0, 0, 0
L -983, -5008, 354, -986, -5009, 353, 0, 0, 0
L -986, -5009, 353, -987, -5009, 352, 0, 0, 0
L -987, -5009, 352, -990, -5009, 351, 0, 0, 0
L -990, -5009, 351, -999, -5007, 346, 0, 0, 0
L -999, -5007, 346, -1000, -5006, 345, 0, 0, 0
L -1000, -5006, 345, -1002, -5005, 344, 0, 0, 0
L -1002, -5005, 344, -1004, -5004, 344, 0, 0, 0
L -1004, -5004, 344, -1007, -5003, 343, 0, 0, 0
L -1007, -5003, 343, -1008, -5003, 343, 0, 0, 0
L -1008, -5003, 343, -1015, -5006, 344, 0, 0, 0
L -1015, -5006, 344, -1016, -5010, 344, 0, 0, 0
L -1016, -5010, 344, -1018, -5013, 344, 0, 0, 0
L -1018, -5013, 344, -1018, -5015, 345, 0, 0, 0
L -1018, -5015, 345, -1018, -5016, 345, 0, 0, 0
L -1018, -5016, 345, -1019, -5018, 345, 0, 0, 0
L -1019, -5018, 345, -1020, -5023, 345, 0, 0, 0
L -1020, -5023, 345, -1021, -5023, 345, 0, 0, 0
L -1021, -5023, 345, -1029, -5027, 345, 0, 0, 0
L -1029, -5027, 345, -1035, -5029, 345, 0, 0, 0
L -1035, -5029, 345, -1040, -5030, 345, 0, 0, 0
L -1040, -5030, 345, -1042, -5030, 345, 0, 0, 0
L -1042, -5030, 345, -1055, -5031, 346, 0, 0, 0
L -1055, -5031, 346, -1075, -5031, 344, 0, 0, 0
L -1075, -5031, 344, -1079, -5030, 343, 0, 0, 0
L -1079, -5030, 343, -1087, -5029, 343, 0, 0, 0
L -1087, -5029, 343, -1092, -5022, 342, 0, 0, 0
L -1092, -5022, 342, -1093, -5021, 342, 0, 0, 0
L -1093, -5021, 342, -1096, -5015, 342, 0, 0, 0
L -1096, -5015, 342, -1101, -5007, 343, 0, 0, 0
L -1101, -5007, 343, -1104, -5002, 343, 0, 0, 0
L -1104, -5002, 343, -1106, -5001, 343, 0, 0, 0
L -1106, -5001, 343, -1113, -4994, 345, 0, 0, 0
L -1113, -4994, 345, -1114, -4992, 345, 0, 0, 0
L -1114, -4992, 345, -1128, -4983, 338, 0, 0, 0
L -1128, -4983, 338, -1127, -4980, 338, 0, 0, 0
L -1127, -4980, 338, -1123, -4971, 339, 0, 0, 0
L -1123, -4971, 339, -1122, -4969, 339, 0, 0, 0
L -1122, -4969, 339, -1120, -4965, 341, 0, 0, 0
L -1120, -4965, 341, -1119, -4964, 341, 0, 0, 0
L -1119, -4964, 341, -1118, -4962, 340, 0, 0, 0
L -1118, -4962, 340, -1118, -4960, 340, 0, 0, 0
L -1118, -4960, 340, -1116, -4959, 340, 0, 0, 0
L -1116, -4959, 340, -1116, -4958, 340, 0, 0, 0
L -1116, -4958, 340, -1114, -4958, 340, 0, 0, 0
L -1114, -4958, 340, -1112, -4958, 341, 0, 0, 0
L -1112, -4958, 341, -1111, -4957, 342, 0, 0, 0
L -1111, -4957, 342, -1107, -4955, 345, 0, 0, 0
L -1107, -4955, 345, -1108, -4954, 344, 0, 0, 0
L -1108, -4954, 344, -1112, -4948, 343, 0, 0, 0
L -1112, -4948, 343, -1112, -4946, 342, 0, 0, 0
L -1112, -4946, 342, -1113, -4943, 341, 0, 0, 0
L -1113, -4943, 341, -1113, -4941, 341, 0, 0, 0
L -1113, -4941, 341, -1113, -4934, 340, 0, 0, 0
L -1113, -4934, 340, -1108, -4928, 337, 0, 0, 0
L -1108, -4928, 337, -1107, -4927, 337, 0, 0, 0
L -1107, -4927, 337, -1101, -4922, 336, 0, 0, 0
L -1101, -4922, 336, -1091, -4922, 335, 0, 0, 0
L -1091, -4922, 335, -1082, -4923, 334, 0, 0, 0
L -1082, -4923, 334, -1077, -4922, 334, 0, 0, 0
L -1077, -4922, 334, -1075, -4923, 334, 0, 0, 0
L -1075, -4923, 334, -1073, -4923, 334, 0, 0, 0
L -1073, -4923, 334, -1070, -4925, 334, 0, 0, 0
L -1070, -4925, 334, -1066, -4924, 333, 0, 0, 0
L -1066, -4924, 333, -1056, -4919, 331, 0, 0, 0
L -1056, -4919, 331, -1054, -4918, 330, 0, 0, 0
L -1054, -4918, 330, -1043, -4916, 328, 0, 0, 0
L -1043, -4916, 328, -1040, -4915, 330, 0, 0, 0
L -1040, -4915, 330, -1039, -4913, 329, 0, 0, 0
L -1039, -4913, 329, -1039, -4909, 328, 0, 0, 0
L -1039, -4909, 328, -1040, -4906, 328, 0, 0, 0
L -1040, -4906, 328, -1050, -4896, 323, 0, 0, 0
L -1050, -4896, 323, -1050, -4895, 322, 0, 0, 0
L -1050, -4895, 322, -1051, -4893, 321, 0, 0, 0
L -1051, -4893, 321, -1052, -4890, 320, 0, 0, 0
L -1052, -4890, 320, -1053, -4888, 319, 0, 0, 0
L -1053, -4888, 319, -1052, -4882, 317, 0, 0, 0
L -1052, -4882, 317, -1051, -4877, 316, 0, 0, 0
L -1051, -4877, 316, -1050, -4875, 315, 0, 0, 0
L -1050, -4875, 315, -1049, -4872, 315, 0, 0, 0
L -1049, -4872, 315, -1046, -4868, 315, 0, 0, 0
L -1046, -4868, 315, -1044, -4869, 315, 0, 0, 0
L -1044, -4869, 315, -1029, -4872, 315, 0, 0, 0
L -1029, -4872, 315, -1021, -4875, 314, 0, 0, 0
L -1021, -4875, 314, -1015, -4879, 313, 0, 0, 0
L -1015, -4879, 313, -1013, -4878, 313, 0, 0, 0
L -1013, -4878, 313, -1011, -4877, 312, 0, 0, 0
L -1011, -4877, 312, -1010, -4875, 312, 0, 0, 0
L -1010, -4875, 312, -1010, -4874, 312, 0, 0, 0
L -1010, -4874, 312, -1006, -4876, 312, 0, 0, 0
L -1006, -4876, 312, -1005, -4876, 312, 0, 0, 0
L -1005, -4876, 312, -1003, -4876, 313, 0, 0, 0
L -1003, -4876, 313, -1002, -4876, 312, 0, 0, 0
L -1002, -4876, 312, -1000, -4876, 312, 0, 0, 0
L -1000, -4876, 312, -998, -4877, 312, 0, 0, 0
L -998, -4877, 312, -996, -4879, 312, 0, 0, 0
L -996, -4879, 312, -993, -4880, 312, 0, 0, 0
L -993, -4880, 312, -990, -4880, 311, 0, 0, 0
L -990, -4880, 311, -989, -4881, 310, 0, 0, 0
L -989, -4881, 310, -988, -4881, 309, 0, 0, 0
L -988, -4881, 309, -1009, -4861, 311, 240, 127, 0
L -1009, -4861, 312, -1082, -4784, 307, 240, 127, 0
L -1082, -4784, 308, -1081, -4804, 309, 240, 127, 0
L -1081, -4804, 309, -1090, -4805, 308, 240, 127, 0
L -1090, -4805, 309, -1088, -4626, 306, 240, 127, 0
L -1088, -4626, 305, -1080, -4625, 305, 240, 127, 0
L -1080, -4625, 305, -1080, -4569, 308, 240, 127, 0
L -1080, -4569, 307, -1087, -4567, 306, 240, 127, 0
L -1087, -4567, 306, -1090, -4468, 310, 240, 127, 0
L -1090, -4468, 310, -1088, -4391, 305, 240, 127, 0
L -1088, -4391, 306, -1080, -4388, 305, 240, 127, 0
L -1080, -4388, 306, -1082, -4417, 306, 240, 127, 0
L -1082, -4417, 306, -1009, -4340, 311, 240, 127, 0
L -1009, -4340, 311, -962, -4291, 327, 240, 127, 0
L -962, -4291, 327, -966, -4292, 330, 0, 0, 0
L -966, -4292, 330, -968, -4292, 329, 0, 0, 0
L -968, -4292, 329, -969, -4291, 330, 0, 0, 0
L -969, -4291, 330, -974, -4283, 327, 0, 0, 0
L -974, -4283, 327, -977, -4279, 325, 0, 0, 0
L -977, -4279, 325, -978, -4277, 325, 0, 0, 0
L -978, -4277, 325, -978, -4274, 324, 0, 0, 0
L -978, -4274, 324, -980, -4268, 324, 0, 0, 0
L -980, -4268, 324, -980, -4263, 324, 0, 0, 0
L -980, -4263, 324, -980, -4256, 326, 0, 0, 0
L -980, -4256, 326, -979, -4254, 325, 0, 0, 0
L -979, -4254, 325, -979, -4251, 325, 0, 0, 0
L -979, -4251, 325, -978, -4250, 325, 0, 0, 0
L -978, -4250, 325, -976, -4244, 326, 0, 0, 0
L -976, -4244, 326, -975, -4240, 325, 0, 0, 0
L -975, -4240, 325, -975, -4238, 324, 0, 0, 0
L -975, -4238, 324, -975, -4229, 321, 0, 0, 0
L -975, -4229, 321, -978, -4215, 317, 0, 0, 0
L -978, -4215, 317, -978, -4212, 316, 0, 0, 0
L -978, -4212, 316, -978, -4207, 315, 0, 0, 0
L -978, -4207, 315, -977, -4204, 314, 0, 0, 0
L -977, -4204, 314, -976, -4199, 312, 0, 0, 0
L -976, -4199, 312, -965, -4197, 312, 0, 0, 0
L -965, -4197, 312, -958, -4196, 313, 0, 0, 0
L -958, -4196, 313, -947, -4196, 313, 0, 0, 0
L -947, -4196, 313, -942, -4195, 314, 0, 0, 0
L -942, -4195, 314, -940, -4195, 314, 0, 0, 0
L -940, -4195, 314, -937, -4195, 315, 0, 0, 0
L -937, -4195, 315, -936, -4196, 314, 0, 0, 0
L -936, -4196, 314, -930, -4204, 318, 0, 0, 0
L -930, -4204, 318, -929, -4206, 319, 0, 0, 0
L -929, -4206, 319, -926, -4208, 319, 0, 0, 0
L -926, -4208, 319, -925, -4207, 319, 0, 0, 0
L -925, -4207, 319, -919, -4204, 319, 0, 0, 0
L -919, -4204, 319, -914, -4198, 320, 0, 0, 0
L -914, -4198, 320, -912, -4196, 320, 0, 0, 0
L -912, -4196, 320, -911, -4193, 319, 0, 0, 0
L -911, -4193, 319, -911, -4190, 319, 0, 0, 0
L -911, -4190, 319, -909, -4185, 318, 0, 0, 0
L -909, -4185, 318, -908, -4182, 317, 0, 0, 0
L -908, -4182, 317, -906, -4180, 317, 0, 0, 0
L -906, -4180, 317, -904, -4177, 316, 0, 0, 0
L -904, -4177, 316, -902, -4177, 316, 0, 0, 0
L -902, -4177, 316, -893, -4176, 316, 0, 0, 0
L -893, -4176, 316, -891, -4176, 316, 0, 0, 0
L -891, -4176, 316, -883, -4177, 316, 0, 0, 0
L -883, -4177, 316, -874, -4177, 315, 0, 0, 0
L -874, -4177, 315, -872, -4177, 315, 0, 0, 0
L -872, -4177, 315, -866, -4179, 315, 0, 0, 0
L -866, -4179, 315, -857, -4182, 320, 0, 0, 0
L -857, -4182, 320, -848, -4185, 326, 0, 0, 0
L -848, -4185, 326, -846, -4186, 326, 0, 0, 0
L -846, -4186, 326, -844, -4188, 327, 0, 0, 0
L -844, -4188, 327, -842, -4190, 329, 0, 0, 0
L -842, -4190, 329, -839, -4194, 334, 0, 0, 0
L -839, -4194, 334, -838, -4196, 334, 0, 0, 0
L -838, -4196, 334, -837, -4199, 335, 0, 0, 0
L -837, -4199, 335, -837, -4201, 338, 0, 0, 0
L -837, -4201, 338, -837, -4204, 340, 0, 0, 0
L -837, -4204, 340, -836, -4206, 343, 0, 0, 0
L -836, -4206, 343, -836, -4207, 346, 0, 0, 0
L -836, -4207, 346, -835, -4209, 350, 0, 0, 0
L -835, -4209, 350, -836, -4211, 350, 0, 0, 0
L -836, -4211, 350, -839, -4224, 366, 0, 0, 0
L -839, -4224, 366, -835, -4222, 367, 0, 0, 0
L -835, -4222, 367, -835, -4228, 371, 0, 0, 0
L -835, -4228, 371, -834, -4229, 373, 0, 0, 0
L -834, -4229, 373, -833, -4231, 374, 0, 0, 0
L -833, -4231, 374, -831, -4234, 376, 0, 0, 0
L -831, -4234, 376, -829, -4239, 381, 0, 0, 0
L -829, -4239, 381, -826, -4242, 384, 0, 0, 0
L -826, -4242, 384, -824, -4245, 389, 0, 0, 0
L -824, -4245, 389, -822, -4246, 390, 0, 0, 0
L -822, -4246, 390, -820, -4246, 393, 0, 0, 0
L -820, -4246, 393, -819, -4246, 393, 0, 0, 0
L -819, -4246, 393, -810, -4244, 394, 0, 0, 0
L -810, -4244, 394, -810, -4246, 394, 0, 0, 0
L -810, -4246, 394, -809, -4248, 395, 0, 0, 0
L -809, -4248, 395, -808, -4250, 397, 0, 0, 0
L -808, -4250, 397, -807, -4251, 397, 0, 0, 0
L -807, -4251, 397, -805, -4251, 398, 0, 0, 0
L -805, -4251, 398, -804, -4253, 398, 0, 0, 0
L -804, -4253, 398, -803, -4256, 398, 0, 0, 0
L -803, -4256, 398, -801, -4260, 400, 0, 0, 0
L -801, -4260, 400, -807, -4272, 400, 0, 0, 0
L -807, -4272, 400, -807, -4273, 400, 0, 0, 0
L -807, -4273, 399, -766, -4265, 399, 240, 127, 0
L -766, -4265, 399, -762, -4266, 401, 240, 127, 0
L -761, -4266, 401, -747, -4265, 400, 240, 127, 0
L -746, -4265, 399, -642, -4250, 399, 240, 127, 0
L -636, -4248, 400, -636, -4245, 399, 240, 127, 0
L -493, -4242, 401, -490, -4244, 399, 240, 127, 0
L -490, -4244, 399, -465, -4238, 399, 240, 127, 0
L -465, -4238, 399, -367, -4199, 408, 240, 127, 0
L -497, -4242, 401, -652, -4251, 400, 240, 127, 0
L -367, -4200, 408, -298, -4178, 407, 240, 127, 0
L -298, -4178, 407, -257, -4173, 403, 240, 127, 0
L -257, -4173, 404, -121, -4176, 416, 240, 127, 0
L -121, -4176, 416, -120, -4173, 418, 240, 127, 0
L -120, -4173, 417, -87, -4183, 437, 240, 127, 0
L -87, -4183, 435, 14, -4219, 444, 240, 127, 0
L 14, -4219, 444, 48, -4229, 454, 240, 127, 0
L 48, -4229, 453, 174, -4300, 452, 240, 127, 0
L 174, -4300, 452, 207, -4315, 449, 240, 127, 0
L 207, -4315, 449, 222, -4352, 448, 240, 127, 0
L 222, -4352, 448, 268, -4481, 436, 240, 127, 0
L 268, -4481, 436, 272, -4697, 446, 240, 127, 0
L 272, -4697, 446, 269, -4836, 444, 240, 127, 0
L 269, -4836, 444, 208, -5005, 439, 240, 127, 0
L 208, -5005, 439, 56, -5091, 441, 240, 127, 0
L -1268, -4124, 308, -1272, -3994, 326, 240, 127, 0
L -1272, -3995, 327, -1293, -3994, 328, 240, 127, 0
L -1293, -3995, 326, -1293, -4137, 305, 240, 127, 0
L -1075, -4625, 305, -1075, -4568, 306, 240, 127, 0
L -1075, -4568, 306, -1069, -4568, 307, 240, 127, 0
L -1069, -4568, 307, -1070, -4560, 307, 240, 127, 0
L -1070, -4560, 307, -1082, -4559, 306, 240, 127, 0
L -1082, -4559, 306, -1082, -4421, 307, 240, 127, 0
L -1082, -4421, 307, -1078, -4423, 307, 240, 127, 0
L -1078, -4423, 307, -962, -4301, 327, 240, 127, 0
L -935, -4322, 376, -793, -4278, 399, 240, 127, 0
L -793, -4278, 399, -779, -4280, 399, 240, 127, 0
L -779, -4280, 399, -616, -4255, 399, 240, 127, 0
L -616, -4255, 399, -608, -4259, 399, 240, 127, 0
L -608, -4259, 399, -608, -4250, 399, 240, 127, 0
L -608, -4250, 399, -466, -4250, 399, 240, 127, 0
L -463, -4253, 399, -456, -4244, 399, 240, 127, 0
L -456, -4244, 399, -314, -4190, 415, 240, 127, 0
L -314, -4190, 415, -315, -4195, 417, 240, 127, 0
L -315, -4195, 417, -329, -4215, 416, 240, 127, 0
L -329, -4215, 415, -334, -4212, 415, 240, 127, 0
L -334, -4212, 415, -412, -4331, 405, 240, 127, 0
L -412, -4331, 405, -411, -4333, 405, 240, 127, 0
L -411, -4333, 405, -420, -4335, 398, 0, 0, 0
L -420, -4335, 398, -421, -4336, 398, 0, 0, 0
L -421, -4336, 398, -424, -4339, 396, 0, 0, 0
L -424, -4339, 396, -425, -4339, 396, 0, 0, 0
L -425, -4339, 396, -429, -4340, 393, 0, 0, 0
L -429, -4340, 393, -430, -4339, 392, 0, 0, 0
L -430, -4339, 392, -438, -4338, 387, 0, 0, 0
L -438, -4338, 387, -439, -4337, 384, 0, 0, 0
L -439, -4337, 384, -441, -4337, 383, 0, 0, 0
L -441, -4337, 383, -442, -4337, 380, 0, 0, 0
L -442, -4337, 380, -444, -4338, 378, 0, 0, 0
L -444, -4338, 378, -446, -4338, 378, 0, 0, 0
L -446, -4338, 378, -455, -4339, 369, 0, 0, 0
L -455, -4339, 369, -457, -4340, 368, 0, 0, 0
L -457, -4340, 368, -460, -4340, 368, 0, 0, 0
L -460, -4340, 368, -461, -4339, 369, 0, 0, 0
L -461, -4339, 369, -463, -4339, 370, 0, 0, 0
L -463, -4339, 370, -464, -4340, 370, 0, 0, 0
L -464, -4340, 370, -465, -4342, 367, 0, 0, 0
L -465, -4342, 367, -466, -4343, 367, 0, 0, 0
L -466, -4343, 367, -469, -4347, 362, 0, 0, 0
L -469, -4347, 362, -469, -4348, 362, 0, 0, 0
L -469, -4348, 362, -471, -4352, 358, 0, 0, 0
L -471, -4352, 358, -471, -4354, 357, 0, 0, 0
L -471, -4354, 357, -471, -4357, 356, 0, 0, 0
L -471, -4357, 356, -470, -4364, 353, 0, 0, 0
L -470, -4364, 353, -468, -4367, 353, 0, 0, 0
L -468, -4367, 353, -469, -4368, 352, 0, 0, 0
L -469, -4368, 352, -470, -4368, 352, 0, 0, 0
L -470, -4368, 352, -477, -4370, 347, 0, 0, 0
L -477, -4370, 347, -477, -4371, 347, 0, 0, 0
L -477, -4371, 347, -478, -4373, 346, 0, 0, 0
L -478, -4373, 346, -479, -4374, 345, 0, 0, 0
L -479, -4374, 345, -479, -4375, 345, 0, 0, 0
L -479, -4375, 345, -480, -4378, 344, 0, 0, 0
L -480, -4378, 344, -482, -4383, 341, 0, 0, 0
L -482, -4383, 341, -483, -4386, 339, 0, 0, 0
L -483, -4386, 339, -483, -4390, 338, 0, 0, 0
L -483, -4390, 338, -484, -4392, 337, 0, 0, 0
L -484, -4392, 337, -484, -4393, 336, 0, 0, 0
L -484, -4393, 336, -484, -4397, 334, 0, 0, 0
L -484, -4397, 334, -483, -4399, 334, 0, 0, 0
L -483, -4399, 334, -482, -4399, 334, 0, 0, 0
L -482, -4399, 334, -476, -4399, 337, 0, 0, 0
L -476, -4399, 337, -475, -4399, 337, 0, 0, 0
L -475, -4399, 337, -473, -4400, 337, 0, 0, 0
L -473, -4400, 337, -471, -4401, 339, 0, 0, 0
L -471, -4401, 339, -471, -4403, 338, 0, 0, 0
L -471, -4403, 338, -472, -4405, 337, 0, 0, 0
L -472, -4405, 337, -472, -4409, 335, 0, 0, 0
L -472, -4409, 335, -471, -4409, 335, 0, 0, 0
L -471, -4409, 335, -464, -4415, 336, 0, 0, 0
L -464, -4415, 336, -461, -4418, 337, 0, 0, 0
L -461, -4418, 337, -460, -4419, 337, 0, 0, 0
L -460, -4419, 337, -458, -4422, 338, 0, 0, 0
L -458, -4422, 338, -457, -4423, 338, 0, 0, 0
L -457, -4423, 338, -451, -4435, 338, 0, 0, 0
L -451, -4435, 338, -450, -4434, 338, 0, 0, 0
L -450, -4434, 338, -447, -4434, 338, 0, 0, 0
L -447, -4434, 338, -442, -4434, 339, 0, 0, 0
L -442, -4434, 339, -430, -4434, 340, 0, 0, 0
L -430, -4434, 340, -428, -4434, 340, 0, 0, 0
L -428, -4434, 340, -426, -4435, 340, 0, 0, 0
L -426, -4435, 340, -413, -4437, 340, 0, 0, 0
L -413, -4437, 340, -413, -4438, 340, 0, 0, 0
L -413, -4438, 340, -413, -4439, 339, 0, 0, 0
L -413, -4439, 339, -412, -4441, 338, 0, 0, 0
L -412, -4441, 338, -412, -4443, 338, 0, 0, 0
L -412, -4443, 338, -411, -4445, 338, 0, 0, 0
L -411, -4445, 338, -411, -4446, 338, 0, 0, 0
L -411, -4446, 338, -410, -4448, 338, 0, 0, 0
L -410, -4448, 338, -407, -4448, 338, 0, 0, 0
L -407, -4448, 338, -404, -4449, 338, 0, 0, 0
L -401, -4450, 338, -413, -4463, 337, 240, 127, 0
L -413, -4463, 337, -417, -4460, 336, 240, 127, 0
L -417, -4460, 336, -422, -4466, 336, 240, 127, 0
L -422, -4466, 336, -419, -4469, 336, 240, 127, 0
L -419, -4469, 336, -437, -4487, 334, 240, 127, 0
L -437, -4487, 334, -442, -4488, 334, 240, 127, 0
L -442, -4471, 333, -441, -4471, 334, 240, 127, 0
L -441, -4471, 334, -441, -4462, 334, 240, 127, 0
L -441, -4462, 334, -448, -4461, 333, 240, 127, 0
L -448, -4461, 333, -450, -4497, 333, 240, 127, 0
L -442, -4471, 334, -442, -4489, 334, 240, 127, 0
L -451, -4497, 333, -448, -4639, 332, 240, 127, 0
L -448, -4639, 332, -441, -4641, 332, 240, 127, 0
L 145, -5428, 302, 149, -5426, 301, 240, 127, 0
L 149, -5426, 301, 150, -5425, 301, 240, 127, 0
L 150, -5425, 301, 151, -5425, 301, 240, 127, 0
L 151, -5425, 301, 153, -5424, 302, 240, 127, 0
L 153, -5424, 302, 155, -5424, 302, 240, 127, 0
L 155, -5424, 302, 172, -5421, 302, 240, 127, 0
L 172, -5421, 302, 173, -5422, 301, 240, 127, 0
L 173, -5422, 301, 181, -5427, 299, 240, 127, 0
L 181, -5427, 299, 183, -5429, 299, 240, 127, 0
L 183, -5429, 299, 184, -5429, 301, 240, 127, 0
L 184, -5429, 301, 181, -5435, 301, 240, 127, 0
L 181, -5435, 301, 180, -5438, 304, 240, 127, 0
L 180, -5438, 304, 180, -5441, 304, 240, 127, 0
L 180, -5441, 304, 168, -5440, 302, 240, 127, 0
L 168, -5440, 302, 159, -5439, 301, 240, 127, 0
L 159, -5439, 301, 158, -5439, 301, 240, 127, 0
L 158, -5439, 301, 154, -5437, 300, 240, 127, 0
L 154, -5437, 300, 152, -5436, 299, 240, 127, 0
L 152, -5436, 299, 149, -5434, 297, 240, 127, 0
L 149, -5434, 297, 149, -5432, 297, 240, 127, 0
L 149, -5432, 297, 148, -5429, 298, 240, 127, 0
L 148, -5429, 298, 147, -5428, 298, 240, 127, 0
L 147, -5428, 298, 146, -5427, 301, 240, 127, 0
L -477, -5076, 440, 50, -5080, 451, 240, 127, 0
L 50, -5080, 451, 58, -5082, 448, 240, 127, 0
L 58, -5082, 449, 199, -5000, 441, 240, 127, 0
L 199, -5000, 441, 261, -4831, 449, 240, 127, 0
L 261, -4831, 450, 261, -4484, 441, 240, 127, 0
L 261, -4484, 441, 259, -4484, 442, 240, 127, 0
L 259, -4484, 442, 200, -4325, 457, 240, 127, 0
L 200, -4325, 457, 195, -4322, 461, 240, 127, 0
L 194, -4322, 461, 42, -4237, 456, 240, 127, 0
L 41, -4237, 456, -120, -4185, 427, 240, 127, 0
L -120, -4185, 425, -305, -4188, 413, 240, 127, 0
L -305, -4188, 414, -307, -4194, 416, 240, 127, 0
L -307, -4194, 416, -397, -4320, 414, 240, 127, 0
L -397, -4320, 414, -229, -4382, 428, 240, 127, 0
L -229, -4382, 427, -231, -4388, 426, 240, 127, 0
L -231, -4388, 426, -340, -4349, 425, 240, 127, 0
L -331, -4374, 415, -331, -4374, 416, 240, 127, 0
L -340, -4349, 417, -339, -4351, 420, 0, 0, 0
L -339, -4351, 420, -341, -4354, 420, 0, 0, 0
L -341, -4354, 420, -341, -4355, 420, 0, 0, 0
L -341, -4355, 420, -340, -4359, 421, 0, 0, 0
L -340, -4359, 421, -347, -4366, 419, 0, 0, 0
L -347, -4366, 419, -347, -4368, 419, 0, 0, 0
L -347, -4368, 419, -348, -4370, 419, 0, 0, 0
L -348, -4370, 419, -348, -4372, 418, 0, 0, 0
L -348, -4372, 418, -350, -4373, 417, 0, 0, 0
L -350, -4373, 417, -352, -4375, 417, 0, 0, 0
L -352, -4375, 417, -354, -4376, 416, 0, 0, 0
L -354, -4376, 416, -357, -4379, 414, 0, 0, 0
L -357, -4379, 414, -358, -4377, 412, 0, 0, 0
L -358, -4377, 412, -358, -4374, 411, 0, 0, 0
L -358, -4374, 411, -358, -4377, 414, 0, 0, 0
L -358, -4377, 414, -358, -4378, 414, 0, 0, 0
L -358, -4378, 414, -356, -4390, 414, 0, 0, 0
L -356, -4390, 414, -356, -4388, 413, 0, 0, 0
L -356, -4388, 413, -355, -4389, 404, 0, 0, 0
L -355, -4389, 404, -353, -4392, 404, 0, 0, 0
L -353, -4392, 404, -355, -4393, 403, 0, 0, 0
L -355, -4393, 403, -355, -4394, 401, 0, 0, 0
L -355, -4394, 401, -356, -4391, 400, 0, 0, 0
L -356, -4391, 400, -355, -4392, 400, 0, 0, 0
L -355, -4392, 400, -355, -4398, 397, 0, 0, 0
L -355, -4398, 397, -357, -4401, 395, 0, 0, 0
L -357, -4401, 395, -358, -4404, 393, 0, 0, 0
L -358, -4404, 393, -357, -4402, 387, 0, 0, 0
L -357, -4402, 387, -358, -4403, 384, 0, 0, 0
L -358, -4403, 384, -359, -4407, 383, 0, 0, 0
L -359, -4407, 383, -361, -4412, 373, 0, 0, 0
L -361, -4412, 373, -360, -4413, 372, 0, 0, 0
L -360, -4413, 372, -362, -4414, 369, 0, 0, 0
L -362, -4414, 369, -363, -4415, 366, 0, 0, 0
L -363, -4415, 366, -364, -4417, 362, 240, 127, 0
L -364, -4417, 362, -365, -4418, 360, 240, 127, 0
L -365, -4418, 360, -369, -4423, 353, 240, 127, 0
L -369, -4423, 353, -370, -4425, 351, 240, 127, 0
L -370, -4425, 351, -372, -4427, 348, 240, 127, 0
L -372, -4427, 348, -378, -4434, 342, 240, 127, 0
L -378, -4434, 342, -386, -4441, 345, 240, 127, 0
L -386, -4441, 345, -388, -4443, 344, 240, 127, 0
L -388, -4443, 344, -395, -4449, 341, 240, 127, 0
L -395, -4449, 341, -397, -4451, 340, 240, 127, 0
L -397, -4451, 340, -400, -4455, 338, 240, 127, 0
L -400, -4455, 338, -402, -4456, 337, 240, 127, 0
L -402, -4456, 337, -408, -4463, 337, 240, 127, 0
L -408, -4463, 337, -424, -4479, 335, 240, 127, 0
L -424, -4479, 335, -429, -4484, 335, 240, 127, 0
L -429, -4484, 335, -434, -4490, 337, 240, 127, 0
L -434, -4490, 337, -434, -4490, 336, 240, 127, 0
L -434, -4490, 336, -434, -4492, 335, 240, 127, 0
L -434, -4492, 335, -435, -4493, 335, 240, 127, 0
L -435, -4493, 335, -438, -4498, 334, 240, 127, 0
L -438, -4498, 334, -440, -4498, 334, 240, 127, 0
L -440, -4498, 334, -442, -4497, 335, 240, 127, 0
L -442, -4497, 334, -441, -4633, 332, 240, 127, 0
L -441, -4633, 332, -432, -4633, 333, 240, 127, 0
L -432, -4633, 334, -431, -4641, 333, 240, 127, 0
L -431, -4641, 333, -436, -4641, 332, 240, 127, 0
L -304, -4355, 425, -303, -4351, 424, 0, 0, 0
L -303, -4351, 424, -302, -4348, 424, 0, 0, 0
L -302, -4348, 424, -303, -4347, 424, 0, 0, 0
L -303, -4347, 424, -303, -4338, 424, 0, 0, 0
L -303, -4338, 424, -304, -4337, 425, 0, 0, 0
L -304, -4337, 425, -306, -4337, 425, 0, 0, 0
L -306, -4337, 425, -308, -4336, 425, 0, 0, 0
L -308, -4336, 425, -310, -4334, 425, 0, 0, 0
L -310, -4334, 425, -313, -4334, 425, 0, 0, 0
L -313, -4334, 425, -314, -4333, 425, 0, 0, 0
L -314, -4333, 425, -313, -4332, 425, 0, 0, 0
L -313, -4332, 425, -315, -4330, 425, 0, 0, 0
L -315, -4330, 425, -317, -4327, 425, 0, 0, 0
L -317, -4327, 425, -317, -4325, 424, 0, 0, 0
L -317, -4325, 424, -317, -4321, 424, 0, 0, 0
L -317, -4321, 424, -314, -4320, 423, 0, 0, 0
L -314, -4320, 423, -317, -4317, 423, 0, 0, 0
L -317, -4317, 423, -318, -4313, 422, 0, 0, 0
L -318, -4313, 422, -318, -4310, 422, 0, 0, 0
L -318, -4310, 422, -319, -4308, 422, 0, 0, 0
L -319, -4308, 422, -319, -4307, 422, 0, 0, 0
L -319, -4307, 422, -321, -4305, 422, 0, 0, 0
L -321, -4305, 422, -322, -4303, 422, 0, 0, 0
L -322, -4303, 422, -322, -4300, 423, 0, 0, 0
L -322, -4300, 423, -323, -4298, 423, 0, 0, 0
L -323, -4298, 423, -324, -4297, 423, 0, 0, 0
L -324, -4297, 423, -327, -4297, 424, 0, 0, 0
L -327, -4297, 424, -330, -4296, 424, 0, 0, 0
L -330, -4296, 424, -338, -4297, 424, 0, 0, 0
L -338, -4297, 424, -342, -4298, 424, 0, 0, 0
L -342, -4298, 424, -345, -4297, 424, 0, 0, 0
L -345, -4297, 424, -347, -4296, 424, 0, 0, 0
L -347, -4296, 424, -350, -4294, 423, 0, 0, 0
L -350, -4294, 423, -352, -4294, 423, 0, 0, 0
L -352, -4294, 423, -360, -4296, 422, 0, 0, 0
L -360, -4296, 422, -363, -4297, 422, 0, 0, 0
L -363, -4297, 422, -367, -4299, 422, 0, 0, 0
L -367, -4299, 422, -369, -4301, 421, 0, 0, 0
L -369, -4301, 421, -371, -4303, 421, 0, 0, 0
L -371, -4303, 421, -376, -4309, 422, 0, 0, 0
L -376, -4309, 422, -375, -4311, 422, 0, 0, 0
L -375, -4311, 422, -374, -4310, 422, 0, 0, 0
L -374, -4310, 422, -380, -4312, 423, 0, 0, 0
L -380, -4312, 423, -381, -4315, 423, 0, 0, 0
L -381, -4315, 423, -382, -4319, 423, 0, 0, 0
L -382, -4319, 423, -384, -4325, 423, 0, 0, 0
L -384, -4325, 423, -384, -4326, 422, 0, 0, 0
L -131, -4764, 360, -130, -4757, 362, 0, 0, 0
L -130, -4757, 362, -130, -4755, 362, 0, 0, 0
L -130, -4755, 362, -129, -4753, 362, 0, 0, 0
L -129, -4753, 362, -128, -4750, 363, 0, 0, 0
L -128, -4750, 363, -128, -4745, 363, 0, 0, 0
L -128, -4745, 363, -128, -4723, 364, 0, 0, 0
L -128, -4723, 364, -135, -4717, 363, 0, 0, 0
L -135, -4717, 363, -139, -4716, 364, 0, 0, 0
L -139, -4716, 364, -142, -4714, 363, 0, 0, 0
L -142, -4714, 363, -145, -4711, 363, 0, 0, 0
L -145, -4711, 363, -148, -4707, 362, 0, 0, 0
L -148, -4707, 362, -149, -4705, 362, 0, 0, 0
L -149, -4705, 362, -150, -4698, 362, 0, 0, 0
L -150, -4698, 362, -151, -4691, 363, 0, 0, 0
L -151, -4691, 363, -150, -4690, 363, 0, 0, 0
L -150, -4690, 363, -144, -4677, 364, 0, 0, 0
L -144, -4677, 364, -141, -4667, 364, 0, 0, 0
L -141, -4667, 364, -141, -4663, 364, 0, 0, 0
L -141, -4663, 364, -141, -4663, 363, 0, 0, 0
L -141, -4663, 363, -143, -4654, 363, 0, 0, 0
L -143, -4654, 363, -144, -4649, 362, 0, 0, 0
L -144, -4649, 362, -144, -4637, 362, 0, 0, 0
L -144, -4637, 362, -144, -4634, 363, 0, 0, 0
L -144, -4643, 362, -143, -4639, 363, 0, 0, 0
L -143, -4639, 363, -142, -4637, 364, 0, 0, 0
L -142, -4637, 364, -137, -4632, 364, 0, 0, 0
L -137, -4632, 364, -130, -4633, 363, 0, 0, 0
L -130, -4633, 363, -125, -4633, 363, 0, 0, 0
L -125, -4633, 363, -122, -4633, 362, 0, 0, 0
L -122, -4633, 362, -112, -4632, 365, 0, 0, 0
L -112, -4632, 365, -111, -4632, 366, 0, 0, 0
L -111, -4632, 366, -111, -4631, 367, 0, 0, 0
L -111, -4631, 367, -110, -4629, 367, 0, 0, 0
L -110, -4629, 367, -109, -4629, 367, 0, 0, 0
L -109, -4629, 367, -107, -4627, 367, 0, 0, 0
L -107, -4627, 367, -106, -4625, 367, 0, 0, 0
L -106, -4625, 367, -106, -4622, 369, 0, 0, 0
L -106, -4622, 369, -105, -4618, 369, 0, 0, 0
L -105, -4618, 369, -105, -4611, 368, 0, 0, 0
L -105, -4611, 368, -103, -4609, 368, 0, 0, 0
L -103, -4609, 368, -99, -4607, 368, 0, 0, 0
L -99, -4607, 368, -96, -4606, 366, 0, 0, 0
L -96, -4606, 366, -110, -4599, 363, 0, 0, 0
L -110, -4599, 363, -112, -4597, 363, 0, 0, 0
L -112, -4597, 363, -116, -4596, 363, 0, 0, 0
L -116, -4596, 363, -117, -4594, 363, 0, 0, 0
L -117, -4594, 363, -119, -4592, 362, 0, 0, 0
L -119, -4592, 362, -120, -4591, 362, 0, 0, 0
L -120, -4591, 362, -122, -4590, 362, 0, 0, 0
L -122, -4590, 362, -123, -4588, 361, 0, 0, 0
L -123, -4588, 361, -124, -4586, 361, 0, 0, 0
L -124, -4586, 361, -124, -4584, 361, 0, 0, 0
L -124, -4584, 361, -125, -4581, 361, 0, 0, 0
L -125, -4581, 361, -126, -4577, 363, 0, 0, 0
L -126, -4577, 363, -126, -4575, 363, 0, 0, 0
L -126, -4575, 363, -127, -4574, 363, 0, 0, 0
L -127, -4574, 363, -126, -4564, 364, 0, 0, 0
L -126, -4564, 364, -126, -4558, 364, 0, 0, 0
L -126, -4558, 364, -126, -4557, 365, 0, 0, 0
L -126, -4557, 365, -125, -4554, 366, 0, 0, 0
L -125, -4554, 366, -125, -4553, 367, 0, 0, 0
L -125, -4553, 367, -124, -4552, 368, 0, 0, 0
L -124, -4552, 368, -125, -4551, 369, 0, 0, 0
L -125, -4551, 369, -127, -4550, 369, 0, 0, 0
L -127, -4550, 369, -127, -4544, 369, 0, 0, 0
L -127, -4544, 369, -126, -4541, 369, 0, 0, 0
L -126, -4541, 369, -122, -4531, 369, 0, 0, 0
L -122, -4531, 369, -121, -4530, 369, 0, 0, 0
L -121, -4530, 369, -119, -4524, 372, 0, 0, 0
L -119, -4524, 372, -115, -4519, 379, 0, 0, 0
L -115, -4519, 379, -113, -4516, 383, 0, 0, 0
L -113, -4516, 383, -109, -4510, 394, 0, 0, 0
L -109, -4510, 394, -107, -4510, 394, 0, 0, 0
L -107, -4510, 394, -94, -4513, 398, 0, 0, 0
L -94, -4513, 398, -91, -4513, 399, 0, 0, 0
L -91, -4513, 399, -84, -4513, 403, 0, 0, 0
L -84, -4513, 403, -76, -4513, 408, 0, 0, 0
L -76, -4513, 408, -72, -4514, 411, 0, 0, 0
L -72, -4514, 411, -66, -4520, 421, 0, 0, 0
L -66, -4520, 421, -65, -4518, 425, 0, 0, 0
L -65, -4518, 425, -64, -4517, 426, 0, 0, 0
L -64, -4517, 426, -64, -4515, 428, 0, 0, 0
L -64, -4515, 428, -63, -4515, 431, 0, 0, 0
L -63, -4515, 431, -61, -4517, 435, 0, 0, 0
L -61, -4517, 435, -58, -4520, 440, 0, 0, 0
L -58, -4520, 440, -56, -4520, 443, 0, 0, 0
L -56, -4520, 443, -56, -4521, 445, 0, 0, 0
L -56, -4521, 445, -55, -4523, 447, 0, 0, 0
L -55, -4523, 447, -54, -4526, 448, 0, 0, 0
L -54, -4526, 448, -53, -4530, 450, 0, 0, 0
L -53, -4530, 450, -52, -4532, 451, 0, 0, 0
L -52, -4532, 451, -52, -4533, 453, 0, 0, 0
L -52, -4533, 453, -51, -4535, 454, 0, 0, 0
L -51, -4535, 454, -50, -4539, 456, 0, 0, 0
L -50, -4539, 456, -48, -4542, 456, 0, 0, 0
L -48, -4542, 456, -45, -4547, 458, 0, 0, 0
L -45, -4547, 458, -45, -4548, 458, 0, 0, 0
L -45, -4548, 458, -44, -4551, 457, 0, 0, 0
L -44, -4551, 457, -43, -4551, 457, 0, 0, 0
L -43, -4551, 457, -41, -4553, 457, 0, 0, 0
L -41, -4553, 457, -40, -4555, 456, 0, 0, 0
L -40, -4555, 456, -39, -4559, 455, 0, 0, 0
L -39, -4559, 455, -38, -4564, 458, 0, 0, 0
L -38, -4564, 458, -37, -4568, 461, 0, 0, 0
L -37, -4568, 461, -42, -4574, 457, 0, 0, 0
L -42, -4574, 457, -48, -4579, 455, 0, 0, 0
L -48, -4579, 455, -54, -4585, 454, 0, 0, 0
L -54, -4585, 454, -51, -4584, 453, 0, 0, 0
L -51, -4584, 453, -49, -4586, 454, 0, 0, 0
L -49, -4586, 454, -48, -4588, 455, 0, 0, 0
L -48, -4588, 455, -47, -4592, 456, 0, 0, 0
L -47, -4592, 456, -46, -4595, 456, 0, 0, 0
L -46, -4595, 456, -46, -4600, 456, 0, 0, 0
L -46, -4600, 456, -45, -4604, 456, 0, 0, 0
L -45, -4604, 456, -44, -4610, 458, 0, 0, 0
L -44, -4610, 458, -44, -4612, 457, 0, 0, 0
L -44, -4612, 457, -44, -4618, 456, 0, 0, 0
L -44, -4618, 456, -46, -4626, 452, 0, 0, 0
L -46, -4626, 452, -47, -4631, 450, 0, 0, 0
L -47, -4631, 450, -48, -4635, 450, 0, 0, 0
L -48, -4635, 450, -49, -4638, 449, 0, 0, 0
L -49, -4638, 449, -50, -4642, 446, 0, 0, 0
L -50, -4642, 446, -51, -4646, 444, 0, 0, 0
L -51, -4646, 444, -53, -4663, 432, 0, 0, 0
L -53, -4663, 432, -54, -4667, 429, 0, 0, 0
L -54, -4667, 429, -55, -4671, 427, 0, 0, 0
L -55, -4671, 427, -58, -4681, 427, 0, 0, 0
L -58, -4681, 427, -59, -4685, 426, 0, 0, 0
L -59, -4685, 426, -60, -4690, 426, 0, 0, 0
L -60, -4690, 426, -61, -4697, 426, 0, 0, 0
L -61, -4697, 426, -61, -4701, 426, 0, 0, 0
L -61, -4701, 426, -56, -4720, 426, 0, 0, 0
L -56, -4720, 426, -56, -4729, 428, 0, 0, 0
L -56, -4729, 428, -55, -4738, 428, 0, 0, 0
L -55, -4738, 428, -54, -4742, 427, 0, 0, 0
L -54, -4742, 427, -53, -4751, 425, 0, 0, 0
L -53, -4751, 425, -52, -4756, 424, 0, 0, 0
L -52, -4756, 424, -52, -4758, 425, 0, 0, 0
L -52, -4758, 425, -53, -4767, 423, 0, 0, 0
L -53, -4767, 423, -54, -4774, 419, 0, 0, 0
L -54, -4774, 419, -57, -4783, 412, 0, 0, 0
L -57, -4783, 412, -58, -4787, 411, 0, 0, 0
L -58, -4787, 411, -60, -4791, 412, 0, 0, 0
L -60, -4791, 412, -62, -4795, 411, 0, 0, 0
L -62, -4795, 411, -68, -4805, 406, 0, 0, 0
L -68, -4805, 406, -74, -4800, 399, 0, 0, 0
L -74, -4800, 399, -78, -4798, 395, 0, 0, 0
L -78, -4798, 395, -82, -4796, 392, 0, 0, 0
L -82, -4796, 392, -87, -4794, 393, 0, 0, 0
L -87, -4794, 393, -89, -4795, 392, 0, 0, 0
L -89, -4795, 392, -92, -4796, 390, 0, 0, 0
L -92, -4796, 390, -95, -4798, 386, 0, 0, 0
L -95, -4798, 386, -98, -4801, 384, 0, 0, 0
L -98, -4801, 384, -110, -4811, 380, 0, 0, 0
L -110, -4811, 380, -116, -4808, 378, 0, 0, 0
L -116, -4808, 378, -118, -4807, 377, 0, 0, 0
L -118, -4807, 377, -123, -4804, 374, 0, 0, 0
L -123, -4804, 374, -125, -4802, 373, 0, 0, 0
L -125, -4802, 373, -130, -4798, 370, 0, 0, 0
L -130, -4798, 370, -130, -4796, 369, 0, 0, 0
L -130, -4796, 369, -132, -4790, 366, 0, 0, 0
L -132, -4790, 366, -132, -4788, 365, 0, 0, 0
L -132, -4788, 365, -133, -4773, 359, 0, 0, 0
L -133, -4773, 359, -133, -4771, 359, 0, 0, 0
L -133, -4771, 359, -132, -4763, 359, 0, 0, 0
L -132, -4763, 359, -132, -4757, 359, 0, 0, 0
L -132, -4757, 359, -131, -4752, 360, 0, 0, 0
