P -42.6933, -595.3076, 179.3069,  0, 255, 0,  3,  Brells_Temple
P -418.9715, -137.1972, -23.6020,  255, 0, 0,  2,  Gilbot_the_Magnificent_(Missions_/_Merchent)
P -420.0464, -143.1839, -23.2564,  255, 0, 0,  2,  Gilbot_the_Golden_(Merchent)
P -39.0067, -488.4791, 154.6499,  0, 255, 0,  3,  Shinning_City
P 670.2500, 1193.2500, -14.4375,  0, 255, 0,  3,  Underquarry
P -687.1000, 182.1102, 37.7464,  255, 0, 0,  2,  Dorrvix
P -43.2455, -520.1340, 149.9609,  240, 0, 0,  2,  The_Gatekeeper
P -40.9624, -447.6800, 150.0813,  240, 0, 0,  2,  Firnel_Missynstip_(Quests)
P -268.4958, 673.6163, 49.6994,  240, 0, 0,  2,  Algera_Chindlebolt_(Quests)
P -211.1366, 651.7094, 34.9582,  240, 0, 0,  2,  Berrina_Saltdnarik_(Quests)
P 566.2353, 233.9075, 16.9140,  0, 255, 0,  3,  Brell's_Arena
P 16.4555, -177.1771, -65.9117,  0, 255, 0,  3,  Cooling_Chamber
P 584.5469, 220.0995, 18.0125,  240, 0, 0,  2,  Graztuk
P -114.1074, 817.9279, 54.1637,  0, 255, 0,  3,  The_Hole
P 301.4692, -342.6661, -26.3336,  0, 0, 0,  2,  White_Rose_of_Peace
P -346.1250, 1171.7500, 32.1875,  0, 255, 0,  3,  Pellucid_Grotto
