L 313, -150, -24, 312, -150, -24, 127, 64, 0
L 321, -152, -22, 313, -150, -24, 127, 64, 0
L 320, -178, -22, 321, -152, -22, 127, 64, 0
L 322, -178, -22, 320, -178, -22, 127, 64, 0
L 322, -187, -22, 322, -178, -22, 127, 64, 0
L 320, -188, -22, 322, -187, -22, 127, 64, 0
L 305, -241, 3, 320, -188, -22, 127, 64, 0
L 307, -242, 3, 305, -241, 3, 127, 64, 0
L 305, -251, 4, 307, -242, 3, 127, 64, 0
L 303, -251, 4, 305, -251, 4, 127, 64, 0
L 278, -299, 27, 303, -251, 4, 127, 64, 0
L 280, -300, 27, 278, -299, 27, 127, 64, 0
L 276, -308, 27, 280, -300, 27, 127, 64, 0
L 274, -307, 28, 276, -308, 27, 127, 64, 0
L 242, -352, 51, 274, -307, 28, 127, 64, 0
L 243, -354, 52, 242, -352, 51, 127, 64, 0
L 237, -360, 52, 243, -354, 52, 127, 64, 0
L 236, -359, 52, 237, -360, 52, 127, 64, 0
L 197, -396, 76, 236, -359, 52, 127, 64, 0
L 198, -398, 76, 197, -396, 76, 127, 64, 0
L 191, -404, 77, 198, -398, 76, 127, 64, 0
L 190, -402, 77, 191, -404, 77, 127, 64, 0
L 147, -434, 101, 190, -402, 77, 127, 64, 0
L 147, -436, 101, 147, -434, 101, 127, 64, 0
L 139, -440, 102, 147, -436, 101, 127, 64, 0
L 138, -439, 102, 139, -440, 102, 127, 64, 0
L 89, -462, 128, 138, -439, 102, 127, 64, 0
L 88, -465, 128, 89, -462, 128, 127, 64, 0
L 80, -466, 129, 88, -465, 128, 127, 64, 0
L 80, -465, 129, 80, -466, 129, 127, 64, 0
L 29, -480, 153, 80, -465, 129, 127, 64, 0
L 29, -482, 153, 29, -480, 153, 127, 64, 0
L 19, -482, 153, 29, -482, 153, 127, 64, 0
L 19, -480, 153, 19, -482, 153, 127, 64, 0
L -8, -480, 153, 19, -480, 153, 127, 64, 0
L -7, -465, 153, -8, -480, 153, 127, 64, 0
L -42, -445, 153, -7, -465, 153, 127, 64, 0
L -77, -465, 153, -42, -445, 153, 127, 64, 0
L -76, -481, 153, -77, -465, 153, 127, 64, 0
L -103, -480, 153, -76, -481, 153, 127, 64, 0
L -104, -482, 153, -103, -480, 153, 127, 64, 0
L -113, -482, 153, -104, -482, 153, 127, 64, 0
L -113, -480, 153, -113, -482, 153, 127, 64, 0
L -164, -465, 129, -113, -480, 153, 127, 64, 0
L -165, -466, 128, -164, -465, 129, 127, 64, 0
L -173, -464, 128, -165, -466, 128, 127, 64, 0
L -173, -462, 128, -173, -464, 128, 127, 64, 0
L -222, -439, 102, -173, -462, 128, 127, 64, 0
L -224, -440, 102, -222, -439, 102, 127, 64, 0
L -231, -435, 101, -224, -440, 102, 127, 64, 0
L -231, -434, 101, -231, -435, 101, 127, 64, 0
L -274, -402, 77, -231, -434, 101, 127, 64, 0
L -276, -403, 76, -274, -402, 77, 127, 64, 0
L -282, -398, 76, -276, -403, 76, 127, 64, 0
L -281, -396, 76, -282, -398, 76, 127, 64, 0
L -320, -359, 52, -281, -396, 76, 127, 64, 0
L -322, -360, 52, -320, -359, 52, 127, 64, 0
L -327, -353, 51, -322, -360, 52, 127, 64, 0
L -326, -352, 51, -327, -353, 51, 127, 64, 0
L -358, -307, 28, -326, -352, 51, 127, 64, 0
L -361, -307, 27, -358, -307, 28, 127, 64, 0
L -364, -300, 27, -361, -307, 27, 127, 64, 0
L -362, -299, 27, -364, -300, 27, 127, 64, 0
L -387, -251, 4, -362, -299, 27, 127, 64, 0
L -389, -250, 3, -387, -251, 4, 127, 64, 0
L -391, -242, 3, -389, -250, 3, 127, 64, 0
L -389, -241, 3, -391, -242, 3, 127, 64, 0
L -404, -188, -22, -389, -241, 3, 127, 64, 0
L -406, -187, -22, -404, -188, -22, 127, 64, 0
L -406, -178, -22, -406, -187, -22, 127, 64, 0
L -404, -178, -22, -406, -178, -22, 127, 64, 0
L -405, -150, -23, -404, -178, -22, 127, 64, 0
L -396, -151, -24, -405, -150, -23, 127, 64, 0
L -396, -179, -24, -396, -151, -24, 127, 64, 0
L -393, -180, -25, -396, -179, -24, 127, 64, 0
L -393, -186, -26, -393, -180, -25, 127, 64, 0
L -397, -187, -26, -393, -186, -26, 127, 64, 0
L -395, -194, -27, -397, -187, -26, 127, 64, 0
L -391, -207, -27, -395, -194, -27, 127, 64, 0
L -383, -237, -27, -391, -207, -27, 127, 64, 0
L -378, -251, -27, -383, -237, -27, 127, 64, 0
L -369, -269, -26, -378, -251, -27, 127, 64, 0
L -361, -285, -23, -369, -269, -26, 127, 64, 0
L -354, -300, -21, -361, -285, -23, 127, 64, 0
L -355, -310, -21, -354, -300, -21, 127, 64, 0
L -373, -317, -22, -355, -310, -21, 127, 64, 0
L -382, -310, -22, -373, -317, -22, 127, 64, 0
L -390, -294, -24, -382, -310, -22, 127, 64, 0
L -400, -273, -26, -390, -294, -24, 127, 64, 0
L -411, -252, -25, -400, -273, -26, 127, 64, 0
L -419, -220, -26, -411, -252, -25, 127, 64, 0
L -428, -187, -25, -419, -220, -26, 127, 64, 0
L -431, -187, -24, -428, -187, -25, 127, 64, 0
L -431, -179, -24, -431, -187, -24, 127, 64, 0
L -428, -179, -24, -431, -179, -24, 127, 64, 0
L -429, -150, -23, -428, -179, -24, 127, 64, 0
L -420, -150, -23, -429, -150, -23, 127, 64, 0
L -420, -178, -22, -420, -150, -23, 127, 64, 0
L -418, -179, -22, -420, -178, -22, 127, 64, 0
L -419, -188, -22, -418, -179, -22, 127, 64, 0
L -420, -188, -22, -419, -188, -22, 127, 64, 0
L -405, -245, 3, -420, -188, -22, 127, 64, 0
L -403, -245, 3, -405, -245, 3, 127, 64, 0
L -401, -254, 4, -403, -245, 3, 127, 64, 0
L -402, -254, 4, -401, -254, 4, 127, 64, 0
L -377, -305, 27, -402, -254, 4, 127, 64, 0
L -375, -305, 27, -377, -305, 27, 127, 64, 0
L -371, -313, 27, -375, -305, 27, 127, 64, 0
L -373, -314, 28, -371, -313, 27, 127, 64, 0
L -339, -362, 51, -373, -314, 28, 127, 64, 0
L -336, -360, 51, -339, -362, 51, 127, 64, 0
L -331, -368, 52, -336, -360, 51, 127, 64, 0
L -332, -369, 52, -331, -368, 52, 127, 64, 0
L -291, -409, 76, -332, -369, 52, 127, 64, 0
L -290, -408, 76, -291, -409, 76, 127, 64, 0
L -282, -414, 77, -290, -408, 76, 127, 64, 0
L -283, -416, 77, -282, -414, 77, 127, 64, 0
L -238, -449, 101, -283, -416, 77, 127, 64, 0
L -237, -447, 101, -238, -449, 101, 127, 64, 0
L -228, -452, 102, -237, -447, 101, 127, 64, 0
L -229, -453, 102, -228, -452, 102, 127, 64, 0
L -177, -478, 128, -229, -453, 102, 127, 64, 0
L -176, -476, 128, -177, -478, 128, 127, 64, 0
L -167, -479, 129, -176, -476, 128, 127, 64, 0
L -167, -480, 129, -167, -479, 129, 127, 64, 0
L -113, -496, 152, -167, -480, 129, 127, 64, 0
L -113, -494, 153, -113, -496, 152, 127, 64, 0
L -104, -494, 153, -113, -494, 153, 127, 64, 0
L -103, -496, 153, -104, -494, 153, 127, 64, 0
L -76, -495, 153, -103, -496, 153, 127, 64, 0
L -77, -506, 153, -76, -495, 153, 127, 64, 0
L -50, -507, 153, -77, -506, 153, 127, 64, 0
L -50, -521, 153, -50, -507, 153, 127, 64, 0
L -48, -522, 153, -50, -521, 153, 127, 64, 0
L -48, -531, 153, -48, -522, 153, 127, 64, 0
L -50, -531, 153, -48, -531, 153, 127, 64, 0
L -50, -599, 182, -50, -531, 153, 127, 64, 0
L -49, -599, 182, -50, -599, 182, 127, 64, 0
L -48, -601, 183, -49, -599, 182, 127, 64, 0
L -36, -601, 183, -48, -601, 183, 127, 64, 0
L -35, -599, 182, -36, -601, 183, 127, 64, 0
L -34, -599, 182, -35, -599, 182, 127, 64, 0
L -34, -531, 153, -34, -599, 182, 127, 64, 0
L -36, -531, 153, -34, -531, 153, 127, 64, 0
L -36, -522, 153, -36, -531, 153, 127, 64, 0
L -34, -521, 153, -36, -522, 153, 127, 64, 0
L -33, -506, 153, -34, -521, 153, 127, 64, 0
L -7, -506, 153, -33, -506, 153, 127, 64, 0
L -8, -496, 153, -7, -506, 153, 127, 64, 0
L 19, -496, 153, -8, -496, 153, 127, 64, 0
L 20, -494, 153, 19, -496, 153, 127, 64, 0
L 29, -495, 153, 20, -494, 153, 127, 64, 0
L 29, -496, 152, 29, -495, 153, 127, 64, 0
L 83, -480, 129, 29, -496, 152, 127, 64, 0
L 83, -478, 128, 83, -480, 129, 127, 64, 0
L 92, -476, 128, 83, -478, 128, 127, 64, 0
L 93, -478, 128, 92, -476, 128, 127, 64, 0
L 145, -453, 102, 93, -478, 128, 127, 64, 0
L 146, -451, 102, 145, -453, 102, 127, 64, 0
L 153, -448, 101, 146, -451, 102, 127, 64, 0
L 154, -449, 101, 153, -448, 101, 127, 64, 0
L 200, -415, 77, 154, -449, 101, 127, 64, 0
L 199, -413, 76, 200, -415, 77, 127, 64, 0
L 206, -408, 76, 199, -413, 76, 127, 64, 0
L 207, -409, 76, 206, -408, 76, 127, 64, 0
L 248, -369, 52, 207, -409, 76, 127, 64, 0
L 248, -368, 52, 248, -369, 52, 127, 64, 0
L 254, -361, 51, 248, -368, 52, 127, 64, 0
L 255, -362, 51, 254, -361, 51, 127, 64, 0
L 289, -314, 28, 255, -362, 51, 127, 64, 0
L 287, -313, 27, 289, -314, 28, 127, 64, 0
L 291, -305, 27, 287, -313, 27, 127, 64, 0
L 293, -305, 27, 291, -305, 27, 127, 64, 0
L 318, -254, 4, 293, -305, 27, 127, 64, 0
L 317, -252, 3, 318, -254, 4, 127, 64, 0
L 319, -244, 3, 317, -252, 3, 127, 64, 0
L 321, -245, 3, 319, -244, 3, 127, 64, 0
L 336, -188, -22, 321, -245, 3, 127, 64, 0
L 334, -186, -22, 336, -188, -22, 127, 64, 0
L 335, -178, -22, 334, -186, -22, 127, 64, 0
L 336, -178, -22, 335, -178, -22, 127, 64, 0
L 336, -150, -23, 336, -178, -22, 127, 64, 0
L 345, -150, -24, 336, -150, -23, 127, 64, 0
L 344, -179, -24, 345, -150, -24, 127, 64, 0
L 347, -179, -25, 344, -179, -24, 127, 64, 0
L 347, -187, -24, 347, -179, -25, 127, 64, 0
L 344, -187, -24, 347, -187, -24, 127, 64, 0
L 337, -212, -24, 344, -187, -24, 127, 64, 0
L 332, -232, -26, 337, -212, -24, 127, 64, 0
L 326, -254, -26, 332, -232, -26, 127, 64, 0
L 316, -273, -27, 326, -254, -26, 127, 64, 0
L 306, -294, -25, 316, -273, -27, 127, 64, 0
L 298, -311, -21, 306, -294, -25, 127, 64, 0
L 286, -318, -21, 298, -311, -21, 127, 64, 0
L 270, -307, -21, 286, -318, -21, 127, 64, 0
L 271, -297, -21, 270, -307, -21, 127, 64, 0
L 282, -276, -25, 272, -296, -21, 127, 64, 0
L 295, -250, -28, 282, -276, -25, 127, 64, 0
L 297, -243, -28, 295, -250, -28, 127, 64, 0
L 304, -218, -27, 297, -243, -28, 127, 64, 0
L 312, -187, -26, 304, -218, -27, 127, 64, 0
L 309, -186, -26, 312, -187, -26, 127, 64, 0
L 310, -179, -26, 309, -186, -26, 127, 64, 0
L 312, -179, -26, 310, -179, -26, 127, 64, 0
L 312, -150, -24, 312, -179, -26, 127, 64, 0
L 202, -212, -28, 200, -192, -28, 240, 0, 0
L 216, -220, -28, 202, -212, -28, 240, 0, 0
L 230, -212, -28, 216, -220, -28, 240, 0, 0
L 239, -203, -28, 230, -212, -28, 240, 0, 0
L 247, -192, -28, 240, -202, -28, 240, 0, 0
L 244, -178, -28, 247, -192, -28, 240, 0, 0
L 244, -171, -28, 244, -178, -28, 240, 0, 0
L 235, -161, -28, 244, -171, -28, 240, 0, 0
L 229, -144, -28, 235, -161, -28, 240, 0, 0
L 217, -132, -28, 229, -144, -28, 240, 0, 0
L 234, -142, -28, 217, -132, -28, 240, 0, 0
L 241, -155, -28, 234, -142, -28, 240, 0, 0
L 249, -164, -28, 241, -155, -28, 240, 0, 0
L 258, -154, -28, 249, -164, -28, 240, 0, 0
L 264, -141, -28, 258, -154, -28, 240, 0, 0
L 273, -139, -28, 264, -141, -28, 240, 0, 0
L 283, -135, -28, 273, -139, -28, 240, 0, 0
L 277, -146, -28, 283, -135, -28, 240, 0, 0
L 264, -156, -28, 277, -146, -28, 240, 0, 0
L 259, -179, -28, 264, -156, -28, 240, 0, 0
L 264, -196, -28, 259, -179, -28, 240, 0, 0
L 239, -229, -28, 264, -196, -28, 240, 0, 0
L 224, -244, -28, 239, -229, -28, 240, 0, 0
L 221, -263, -28, 224, -244, -28, 240, 0, 0
L 225, -276, -28, 221, -263, -28, 240, 0, 0
L 227, -294, -28, 225, -276, -28, 240, 0, 0
L 240, -295, -27, 227, -294, -28, 240, 0, 0
L 250, -291, -25, 240, -295, -27, 240, 0, 0
L 245, -301, -26, 250, -291, -25, 240, 0, 0
L 240, -307, -26, 245, -301, -26, 240, 0, 0
L 241, -323, -25, 240, -307, -26, 240, 0, 0
L 257, -333, -26, 241, -323, -25, 240, 0, 0
L 265, -346, -26, 257, -333, -26, 240, 0, 0
L 274, -341, -25, 265, -346, -26, 240, 0, 0
L 289, -340, -26, 274, -341, -25, 240, 0, 0
L 284, -347, -27, 289, -340, -26, 240, 0, 0
L 288, -357, -28, 284, -347, -27, 240, 0, 0
L 312, -361, -28, 288, -357, -28, 240, 0, 0
L 336, -370, -18, 312, -361, -28, 240, 0, 0
L 351, -370, -6, 336, -370, -18, 240, 0, 0
L 348, -325, -6, 351, -368, -6, 0, 0, 0
L 352, -306, -6, 348, -325, -6, 0, 0, 0
L 359, -276, -7, 352, -306, -6, 0, 0, 0
L 360, -252, -9, 359, -276, -7, 0, 0, 0
L 368, -233, -13, 360, -252, -9, 0, 0, 0
L 370, -221, -16, 368, -233, -13, 0, 0, 0
L 372, -210, -20, 370, -221, -16, 0, 0, 0
L 387, -208, -10, 372, -210, -20, 0, 0, 0
L 398, -206, -13, 387, -208, -10, 0, 0, 0
L 400, -210, -12, 398, -206, -13, 0, 0, 0
L 403, -210, -12, 400, -210, -12, 0, 0, 0
L 410, -209, -12, 403, -210, -12, 0, 0, 0
L 414, -212, -9, 410, -209, -12, 0, 0, 0
L 416, -219, -9, 415, -213, -9, 0, 0, 0
L 411, -224, -9, 416, -219, -9, 0, 0, 0
L 413, -225, -8, 411, -224, -9, 0, 0, 0
L 432, -220, -5, 413, -225, -8, 0, 0, 0
L 442, -203, -0, 432, -220, -5, 0, 0, 0
L 438, -189, -4, 442, -203, -0, 0, 0, 0
L 446, -180, -1, 438, -189, -4, 0, 0, 0
L 460, -165, 5, 446, -180, -1, 0, 0, 0
L 480, -165, 6, 460, -165, 5, 0, 0, 0
L 496, -156, 8, 480, -165, 6, 0, 0, 0
L 507, -149, 8, 496, -156, 8, 0, 0, 0
L 523, -146, 9, 507, -149, 7, 0, 0, 0
L 530, -139, 4, 523, -146, 9, 0, 0, 0
L 543, -124, 2, 530, -139, 4, 0, 0, 0
L 552, -111, 2, 543, -124, 2, 0, 0, 0
L 562, -107, 2, 552, -111, 2, 0, 0, 0
L 563, -84, -1, 562, -107, 2, 0, 0, 0
L 597, -74, 1, 563, -84, -1, 0, 0, 0
L 614, -99, 11, 597, -74, 1, 0, 0, 0
L 613, -104, 12, 614, -99, 11, 0, 0, 0
L 629, -104, 16, 613, -104, 12, 0, 0, 0
L 638, -94, 17, 629, -104, 16, 0, 0, 0
L 647, -85, 21, 638, -94, 17, 0, 0, 0
L 649, -79, 17, 647, -85, 21, 0, 0, 0
L 652, -62, 20, 649, -79, 17, 0, 0, 0
L 658, -45, 19, 652, -62, 20, 0, 0, 0
L 669, -35, 18, 658, -45, 19, 0, 0, 0
L 686, -21, 22, 669, -35, 18, 0, 0, 0
L 691, -9, 22, 686, -21, 22, 0, 0, 0
L 681, -16, 18, 691, -9, 22, 0, 0, 0
L 668, -5, 12, 681, -16, 18, 0, 0, 0
L 655, 8, 11, 668, -5, 12, 0, 0, 0
L 659, 19, 11, 655, 8, 11, 0, 0, 0
L 670, 34, 20, 659, 19, 11, 0, 0, 0
L 690, 33, 25, 670, 34, 20, 0, 0, 0
L 683, 55, 32, 690, 33, 25, 0, 0, 0
L 676, 63, 28, 683, 55, 32, 0, 0, 0
L 702, 84, 28, 676, 63, 28, 0, 0, 0
L 702, 90, 28, 702, 84, 28, 0, 0, 0
L 700, 90, 27, 702, 90, 28, 0, 0, 0
L 692, 99, 25, 700, 90, 27, 0, 0, 0
L 678, 112, 20, 692, 99, 25, 0, 0, 0
L 665, 126, 20, 678, 112, 20, 0, 0, 0
L 667, 141, 24, 665, 126, 20, 0, 0, 0
L 684, 150, 29, 667, 141, 24, 0, 0, 0
L 684, 165, 31, 684, 150, 29, 0, 0, 0
L 668, 191, 34, 684, 165, 31, 0, 0, 0
L 658, 191, 32, 668, 191, 34, 0, 0, 0
L 658, 182, 30, 658, 191, 32, 0, 0, 0
L 647, 179, 27, 658, 182, 30, 0, 0, 0
L 632, 176, 19, 647, 179, 27, 0, 0, 0
L 629, 180, 20, 632, 176, 19, 0, 0, 0
L 617, 172, 14, 629, 180, 20, 0, 0, 0
L 590, 192, 13, 617, 172, 14, 0, 0, 0
L 601, 213, 25, 590, 192, 13, 0, 0, 0
L 595, 218, 24, 601, 213, 25, 0, 0, 0
L 588, 232, 22, 595, 218, 24, 0, 0, 0
L 581, 238, 20, 588, 232, 22, 0, 0, 0
L 579, 236, 20, 581, 238, 20, 127, 64, 0
L 576, 238, 20, 579, 236, 20, 127, 64, 0
L 572, 241, 20, 576, 238, 20, 127, 64, 0
L 556, 247, 20, 572, 241, 20, 127, 64, 0
L 559, 252, 20, 556, 247, 20, 127, 64, 0
L 555, 257, 21, 559, 252, 20, 0, 0, 0
L 551, 277, 33, 555, 257, 21, 0, 0, 0
L 539, 283, 29, 551, 277, 33, 0, 0, 0
L 517, 276, 28, 539, 283, 29, 0, 0, 0
L 501, 263, 29, 517, 276, 28, 0, 0, 0
L 488, 247, 24, 501, 263, 29, 0, 0, 0
L 485, 216, 20, 488, 247, 24, 0, 0, 0
L 492, 204, 19, 485, 216, 20, 0, 0, 0
L 499, 190, 22, 492, 204, 19, 0, 0, 0
L 498, 184, 20, 499, 190, 22, 0, 0, 0
L 496, 168, 17, 498, 184, 20, 0, 0, 0
L 501, 158, 18, 496, 168, 17, 0, 0, 0
L 527, 130, 21, 501, 158, 18, 0, 0, 0
L 524, 120, 19, 527, 130, 21, 0, 0, 0
L 519, 106, 20, 524, 120, 19, 0, 0, 0
L 509, 96, 18, 519, 106, 20, 0, 0, 0
L 515, 93, 14, 509, 96, 18, 0, 0, 0
L 510, 69, 6, 515, 93, 14, 0, 0, 0
L 501, 68, 6, 510, 69, 6, 0, 0, 0
L 485, 68, 7, 501, 68, 6, 0, 0, 0
L 478, 82, 13, 485, 68, 7, 0, 0, 0
L 459, 91, 13, 478, 82, 13, 0, 0, 0
L 447, 99, 16, 459, 91, 13, 0, 0, 0
L 436, 110, 19, 447, 99, 16, 0, 0, 0
L 428, 117, 14, 436, 110, 19, 0, 0, 0
L 415, 124, 13, 428, 117, 14, 0, 0, 0
L 405, 130, 15, 415, 124, 13, 0, 0, 0
L 404, 136, 13, 405, 130, 15, 0, 0, 0
L 403, 154, 12, 404, 136, 13, 0, 0, 0
L 376, 175, 9, 403, 154, 12, 0, 0, 0
L 370, 168, 5, 376, 175, 9, 0, 0, 0
L 350, 175, 4, 370, 168, 5, 0, 0, 0
L 351, 195, 9, 350, 175, 4, 0, 0, 0
L 358, 198, 11, 351, 195, 9, 0, 0, 0
L 357, 204, 12, 358, 198, 11, 0, 0, 0
L 343, 219, 13, 357, 204, 12, 0, 0, 0
L 317, 214, 13, 343, 219, 13, 0, 0, 0
L 316, 209, 11, 317, 214, 13, 0, 0, 0
L 311, 198, 8, 316, 209, 11, 0, 0, 0
L 300, 198, 4, 310, 198, 8, 0, 0, 0
L 286, 199, 1, 300, 198, 4, 0, 0, 0
L 281, 216, 6, 286, 199, 1, 0, 0, 0
L 260, 219, 3, 281, 216, 6, 0, 0, 0
L 257, 244, 4, 260, 219, 3, 0, 0, 0
L 275, 254, 10, 257, 244, 4, 0, 0, 0
L 280, 251, 16, 275, 254, 10, 0, 0, 0
L 287, 264, 21, 280, 251, 16, 0, 0, 0
L 277, 284, 14, 287, 264, 21, 0, 0, 0
L 274, 305, 14, 277, 284, 14, 0, 0, 0
L 286, 323, 18, 274, 305, 14, 0, 0, 0
L 293, 349, 21, 286, 323, 18, 0, 0, 0
L 319, 372, 21, 293, 349, 21, 0, 0, 0
L 319, 395, 25, 319, 372, 21, 0, 0, 0
L 337, 416, 25, 319, 395, 25, 0, 0, 0
L 335, 438, 25, 337, 416, 25, 0, 0, 0
L 320, 447, 27, 335, 438, 25, 0, 0, 0
L 315, 463, 29, 320, 447, 27, 0, 0, 0
L 328, 493, 36, 315, 463, 29, 0, 0, 0
L 351, 521, 42, 328, 493, 36, 0, 0, 0
L 354, 538, 45, 351, 521, 41, 0, 0, 0
L 364, 552, 50, 354, 538, 45, 0, 0, 0
L 365, 562, 50, 364, 553, 49, 0, 0, 0
L 360, 587, 51, 365, 563, 50, 0, 0, 0
L 373, 615, 53, 360, 587, 51, 0, 0, 0
L 391, 626, 57, 373, 615, 53, 0, 0, 0
L 402, 644, 61, 391, 626, 57, 0, 0, 0
L 424, 653, 63, 402, 645, 61, 0, 0, 0
L 451, 663, 63, 424, 654, 63, 0, 0, 0
L 603, 730, 79, 634, 777, 79, 0, 0, 240
L 593, 721, 79, 603, 730, 79, 0, 0, 240
L 570, 717, 79, 593, 721, 79, 0, 0, 240
L 546, 697, 79, 570, 717, 79, 0, 0, 240
L 523, 694, 78, 546, 697, 79, 0, 0, 240
L 514, 696, 76, 523, 694, 78, 0, 0, 240
L 506, 692, 76, 514, 696, 76, 0, 0, 240
L 477, 718, 80, 506, 692, 76, 0, 0, 240
L 478, 731, 79, 477, 718, 80, 0, 0, 240
L 451, 759, 79, 478, 731, 79, 0, 0, 240
L 426, 777, 79, 451, 759, 79, 0, 0, 240
L 403, 780, 79, 426, 777, 79, 0, 0, 240
L 381, 800, 79, 403, 780, 79, 0, 0, 240
L 389, 825, 79, 381, 800, 79, 0, 0, 240
L 381, 849, 79, 389, 825, 79, 0, 0, 240
L 385, 872, 79, 381, 849, 79, 0, 0, 240
L 373, 919, 79, 385, 872, 79, 0, 0, 240
L 378, 931, 79, 373, 919, 79, 0, 0, 240
L 401, 942, 79, 378, 931, 79, 0, 0, 240
L 426, 941, 79, 401, 942, 79, 0, 0, 240
L 432, 943, 79, 426, 941, 79, 0, 0, 240
L 446, 957, 79, 432, 943, 79, 0, 0, 240
L 473, 944, 79, 446, 957, 79, 0, 0, 240
L 495, 969, 79, 473, 944, 79, 0, 0, 240
L 522, 966, 79, 495, 969, 79, 0, 0, 240
L 544, 960, 79, 522, 966, 79, 0, 0, 240
L 569, 960, 79, 545, 960, 79, 0, 0, 240
L 577, 944, 79, 569, 960, 79, 0, 0, 240
L 599, 925, 79, 577, 944, 79, 0, 0, 240
L 602, 909, 79, 599, 925, 79, 0, 0, 240
L 606, 897, 79, 602, 909, 79, 0, 0, 240
L 618, 873, 79, 606, 897, 79, 0, 0, 240
L 611, 848, 80, 618, 873, 79, 0, 0, 240
L 624, 824, 79, 611, 848, 80, 0, 0, 240
L 641, 802, 79, 624, 824, 79, 0, 0, 240
L 633, 776, 79, 641, 802, 79, 0, 0, 240
L 476, 670, 78, 453, 663, 65, 0, 0, 0
L 495, 672, 82, 476, 670, 78, 0, 0, 0
L 512, 672, 88, 495, 672, 82, 0, 0, 0
L 524, 671, 85, 512, 672, 88, 0, 0, 0
L 542, 666, 86, 524, 671, 85, 0, 0, 0
L 554, 663, 90, 543, 666, 85, 0, 0, 0
L 568, 658, 98, 554, 663, 90, 0, 0, 0
L 581, 662, 101, 568, 658, 98, 0, 0, 0
L 596, 663, 99, 581, 662, 101, 0, 0, 0
L 612, 656, 99, 596, 663, 99, 0, 0, 0
L 621, 667, 100, 612, 656, 99, 0, 0, 0
L 637, 683, 94, 621, 667, 100, 0, 0, 0
L 645, 707, 91, 637, 683, 94, 0, 0, 0
L 650, 718, 87, 645, 707, 91, 0, 0, 0
L 653, 731, 86, 650, 718, 87, 0, 0, 0
L 656, 740, 87, 653, 731, 86, 0, 0, 0
L 670, 764, 86, 656, 740, 87, 0, 0, 0
L 669, 786, 85, 670, 764, 86, 0, 0, 0
L 666, 807, 87, 669, 786, 85, 0, 0, 0
L 652, 823, 86, 666, 807, 87, 0, 0, 0
L 642, 839, 86, 652, 823, 86, 0, 0, 0
L 636, 850, 88, 642, 839, 86, 0, 0, 0
L 633, 879, 84, 636, 850, 88, 0, 0, 0
L 631, 889, 85, 633, 879, 84, 0, 0, 0
L 622, 895, 83, 631, 889, 85, 0, 0, 0
L 611, 913, 82, 622, 895, 83, 0, 0, 0
L 609, 925, 81, 611, 913, 82, 0, 0, 0
L 600, 941, 86, 609, 925, 81, 0, 0, 0
L 589, 954, 86, 600, 941, 86, 0, 0, 0
L 596, 960, 83, 589, 954, 86, 0, 0, 0
L 607, 951, 83, 596, 960, 83, 0, 0, 0
L 624, 949, 82, 607, 951, 83, 0, 0, 0
L 635, 953, 81, 624, 949, 82, 0, 0, 0
L 644, 965, 80, 635, 953, 81, 0, 0, 0
L 653, 971, 79, 644, 965, 80, 0, 0, 0
L 662, 975, 76, 653, 971, 79, 0, 0, 0
L 663, 985, 76, 662, 975, 76, 0, 0, 0
L 647, 1000, 76, 663, 985, 76, 0, 0, 0
L 646, 1008, 77, 647, 1000, 76, 0, 0, 0
L 638, 1007, 75, 646, 1008, 77, 127, 127, 127
L 629, 1003, 76, 638, 1007, 75, 127, 127, 127
L 574, 1026, 34, 629, 1003, 76, 127, 127, 127
L 573, 1036, 33, 574, 1026, 34, 127, 127, 127
L 580, 1049, 30, 573, 1036, 33, 127, 127, 127
L 607, 1048, 13, 580, 1049, 30, 127, 127, 127
L 636, 1046, -0, 607, 1048, 13, 127, 127, 127
L 637, 1041, -2, 636, 1046, -0, 127, 127, 127
L 647, 1029, -2, 637, 1041, -2, 127, 127, 127
L 658, 1039, 1, 647, 1029, -2, 0, 0, 0
L 676, 1042, -6, 658, 1039, 1, 0, 0, 0
L 689, 1056, -14, 676, 1042, -6, 0, 0, 0
L 694, 1078, -26, 689, 1056, -14, 0, 0, 0
L 701, 1095, -34, 694, 1079, -26, 0, 0, 0
L 702, 1101, -37, 701, 1095, -34, 0, 0, 0
L 704, 1117, -44, 702, 1101, -37, 0, 0, 0
L 695, 1126, -49, 704, 1117, -44, 0, 0, 0
L 687, 1135, -50, 695, 1126, -49, 0, 0, 0
L 678, 1143, -59, 687, 1135, -50, 0, 0, 0
L 677, 1154, -63, 678, 1143, -59, 0, 0, 0
L 669, 1157, -65, 677, 1154, -63, 0, 0, 0
L 649, 1157, -70, 669, 1157, -65, 0, 0, 240
L 625, 1145, -84, 649, 1157, -70, 0, 0, 240
L 626, 1126, -79, 625, 1145, -84, 0, 0, 240
L 625, 1113, -77, 626, 1126, -79, 0, 0, 240
L 633, 1098, -82, 625, 1113, -77, 0, 0, 240
L 635, 1082, -82, 633, 1098, -82, 0, 0, 240
L 604, 1068, -83, 635, 1082, -82, 0, 0, 240
L 577, 1059, -79, 604, 1068, -83, 0, 0, 240
L 569, 1036, -80, 577, 1059, -79, 0, 0, 240
L 580, 1008, -80, 569, 1036, -80, 0, 0, 240
L 593, 991, -83, 580, 1008, -80, 0, 0, 240
L 608, 995, -83, 593, 991, -83, 0, 0, 240
L 630, 999, -84, 608, 995, -83, 0, 0, 240
L 641, 1009, -84, 630, 999, -84, 0, 0, 240
L 645, 1027, -86, 641, 1009, -84, 0, 0, 240
L 660, 1042, -86, 645, 1027, -86, 0, 0, 240
L 676, 1043, -86, 660, 1042, -86, 0, 0, 240
L 687, 1057, -86, 676, 1043, -86, 0, 0, 240
L 701, 1092, -85, 687, 1057, -86, 0, 0, 240
L 691, 1118, -78, 701, 1092, -85, 0, 0, 240
L 669, 1149, -77, 690, 1119, -77, 0, 0, 240
L 661, 1151, -67, 669, 1149, -77, 0, 0, 240
L 669, 1147, -64, 661, 1151, -67, 127, 127, 127
L 670, 1138, -60, 669, 1147, -64, 127, 127, 127
L 677, 1128, -53, 670, 1138, -60, 127, 127, 127
L 686, 1121, -50, 677, 1128, -53, 127, 127, 127
L 694, 1109, -43, 686, 1121, -50, 127, 127, 127
L 694, 1098, -36, 694, 1109, -43, 127, 127, 127
L 689, 1091, -32, 694, 1098, -36, 127, 127, 127
L 684, 1078, -26, 689, 1091, -32, 127, 127, 127
L 681, 1068, -19, 684, 1078, -26, 127, 127, 127
L 677, 1064, -14, 681, 1068, -19, 127, 127, 127
L 664, 1061, -3, 677, 1064, -14, 127, 127, 127
L 663, 1106, -10, 664, 1061, -3, 127, 127, 127
L 664, 1160, -11, 663, 1106, -10, 127, 127, 127
L 668, 1162, -12, 664, 1160, -11, 127, 127, 127
L 670, 1181, -12, 668, 1162, -12, 0, 0, 0
L 675, 1193, -13, 670, 1181, -12, 0, 0, 0
L 682, 1198, -13, 676, 1193, -13, 0, 0, 0
L 655, 1195, -14, 668, 1209, -16, 0, 0, 0
L 646, 1182, -15, 655, 1195, -14, 0, 0, 0
L 645, 1164, -7, 646, 1182, -15, 0, 0, 0
L 654, 1159, -11, 645, 1164, -7, 127, 127, 127
L 655, 1109, -10, 654, 1159, -11, 127, 127, 127
L 654, 1062, -4, 655, 1109, -10, 127, 127, 127
L 640, 1060, -2, 654, 1062, -4, 127, 127, 127
L 638, 1055, -1, 640, 1060, -2, 127, 127, 127
L 608, 1056, 12, 638, 1055, -1, 127, 127, 127
L 580, 1061, 31, 608, 1056, 12, 127, 127, 127
L 590, 1070, 29, 580, 1061, 31, 127, 127, 127
L 598, 1072, 28, 590, 1070, 29, 127, 127, 127
L 601, 1075, 29, 598, 1072, 28, 127, 127, 127
L 589, 1075, 30, 601, 1075, 29, 0, 0, 0
L 573, 1076, 30, 589, 1075, 30, 0, 0, 0
L 560, 1070, 32, 573, 1076, 30, 0, 0, 0
L 555, 1062, 31, 560, 1070, 32, 0, 0, 0
L 557, 1048, 32, 555, 1062, 31, 0, 0, 0
L 557, 1021, 35, 557, 1048, 32, 0, 0, 0
L 567, 1010, 34, 557, 1021, 35, 0, 0, 0
L 571, 1017, 34, 567, 1010, 34, 127, 127, 127
L 598, 1006, 51, 571, 1017, 34, 127, 127, 127
L 627, 994, 76, 598, 1006, 51, 127, 127, 127
L 625, 985, 78, 627, 994, 76, 127, 127, 127
L 613, 980, 83, 625, 985, 78, 127, 127, 127
L 604, 988, 82, 613, 980, 83, 127, 127, 127
L 594, 991, 81, 604, 988, 82, 127, 127, 127
L 580, 987, 79, 594, 991, 81, 127, 127, 127
L 581, 983, 81, 580, 987, 79, 0, 0, 0
L 574, 985, 102, 581, 983, 81, 0, 0, 0
L 548, 989, 103, 574, 985, 102, 0, 0, 0
L 524, 991, 103, 548, 989, 103, 0, 0, 0
L 500, 990, 103, 524, 991, 103, 0, 0, 0
L 483, 995, 102, 500, 990, 103, 0, 0, 0
L 460, 990, 95, 482, 995, 102, 0, 0, 0
L 449, 982, 85, 460, 990, 95, 0, 0, 0
L 396, 984, 84, 449, 982, 85, 0, 0, 0
L 375, 999, 104, 395, 984, 84, 0, 0, 0
L 333, 964, 104, 374, 1000, 105, 0, 0, 0
L 329, 927, 104, 333, 964, 104, 0, 0, 0
L 309, 879, 102, 329, 927, 104, 0, 0, 0
L 306, 854, 99, 309, 879, 102, 0, 0, 0
L 308, 829, 101, 306, 854, 99, 0, 0, 0
L 316, 811, 111, 308, 829, 101, 0, 0, 0
L 331, 789, 101, 316, 811, 111, 0, 0, 0
L 338, 776, 99, 331, 789, 101, 0, 0, 0
L 361, 753, 91, 338, 776, 99, 0, 0, 0
L 393, 739, 92, 361, 753, 91, 0, 0, 0
L 408, 736, 85, 393, 739, 92, 0, 0, 0
L 430, 730, 87, 408, 736, 85, 0, 0, 0
L 441, 750, 82, 430, 730, 87, 0, 0, 0
L 452, 747, 81, 441, 750, 82, 0, 0, 0
L 461, 739, 82, 452, 747, 81, 0, 0, 0
L 467, 729, 84, 461, 739, 82, 0, 0, 0
L 461, 722, 84, 467, 729, 84, 0, 0, 0
L 456, 722, 83, 461, 722, 84, 0, 0, 0
L 460, 707, 78, 456, 722, 83, 0, 0, 0
L 453, 695, 80, 460, 707, 78, 0, 0, 0
L 439, 694, 70, 453, 695, 80, 0, 0, 0
L 419, 686, 64, 438, 694, 70, 0, 0, 0
L 404, 683, 62, 419, 686, 64, 0, 0, 0
L 377, 670, 59, 404, 683, 62, 0, 0, 0
L 333, 636, 54, 376, 670, 59, 0, 0, 0
L 307, 612, 51, 333, 636, 54, 0, 0, 0
L 298, 583, 48, 307, 612, 51, 0, 0, 0
L 297, 563, 46, 298, 583, 48, 0, 0, 0
L 312, 540, 42, 297, 563, 46, 0, 0, 0
L 306, 520, 37, 312, 540, 42, 0, 0, 0
L 288, 513, 34, 306, 520, 37, 0, 0, 0
L 248, 484, 27, 288, 513, 34, 0, 0, 0
L 248, 443, 27, 248, 484, 27, 0, 0, 0
L 264, 418, 25, 248, 443, 27, 0, 0, 0
L 270, 381, 22, 264, 418, 25, 0, 0, 0
L 256, 351, 18, 270, 381, 22, 0, 0, 0
L 239, 344, 20, 256, 351, 18, 0, 0, 0
L 221, 325, 17, 239, 344, 20, 0, 0, 0
L 213, 306, 14, 221, 325, 17, 0, 0, 0
L 203, 291, 11, 213, 306, 14, 0, 0, 0
L 189, 274, 8, 203, 291, 11, 0, 0, 0
L 178, 269, 7, 189, 274, 8, 0, 0, 0
L 182, 264, 5, 178, 269, 7, 0, 0, 0
L 171, 243, -1, 182, 264, 5, 0, 0, 0
L 148, 247, -1, 171, 243, -1, 0, 0, 0
L 145, 264, 8, 148, 247, -1, 0, 0, 0
L 118, 264, 15, 145, 264, 8, 0, 0, 0
L 108, 269, 11, 118, 264, 15, 0, 0, 0
L 93, 278, 11, 108, 269, 11, 0, 0, 0
L 90, 275, 10, 93, 278, 11, 0, 0, 0
L 64, 279, 5, 90, 275, 10, 0, 0, 0
L 61, 304, 7, 64, 279, 5, 0, 0, 0
L 80, 314, 13, 61, 304, 7, 0, 0, 0
L 82, 326, 14, 80, 314, 13, 0, 0, 0
L 60, 347, 15, 82, 326, 14, 0, 0, 0
L 55, 371, 20, 60, 347, 15, 0, 0, 0
L 63, 383, 19, 55, 371, 20, 0, 0, 0
L 76, 401, 20, 63, 383, 19, 0, 0, 0
L 85, 415, 20, 76, 401, 20, 0, 0, 0
L 70, 421, 15, 85, 415, 20, 0, 0, 0
L 72, 446, 14, 70, 421, 15, 0, 0, 0
L 79, 448, 17, 72, 446, 14, 0, 0, 0
L 62, 459, 16, 79, 448, 17, 0, 0, 0
L 66, 477, 22, 62, 459, 16, 0, 0, 0
L 52, 477, 19, 66, 477, 22, 0, 0, 0
L 44, 501, 21, 52, 477, 19, 0, 0, 0
L 62, 516, 24, 44, 501, 21, 0, 0, 0
L 74, 510, 28, 62, 516, 24, 0, 0, 0
L 78, 516, 29, 74, 510, 28, 0, 0, 0
L 70, 524, 26, 78, 516, 29, 0, 0, 0
L 76, 542, 28, 70, 524, 26, 0, 0, 0
L 85, 566, 33, 76, 542, 28, 0, 0, 0
L 99, 569, 44, 85, 566, 33, 0, 0, 0
L 107, 591, 41, 99, 569, 44, 0, 0, 0
L 106, 607, 44, 107, 591, 41, 0, 0, 0
L 85, 632, 44, 106, 607, 44, 0, 0, 0
L 81, 651, 48, 85, 632, 44, 0, 0, 0
L 75, 669, 49, 81, 651, 48, 0, 0, 0
L 68, 681, 49, 75, 669, 49, 0, 0, 0
L 48, 694, 51, 68, 681, 49, 0, 0, 0
L 32, 688, 53, 48, 694, 51, 0, 0, 0
L 18, 656, 49, 32, 688, 53, 0, 0, 0
L -7, 649, 48, 18, 656, 49, 0, 0, 0
L -5, 645, 46, -7, 649, 48, 0, 0, 0
L -16, 625, 39, -5, 645, 46, 0, 0, 0
L -42, 630, 39, -16, 625, 39, 0, 0, 0
L -43, 632, 40, -42, 630, 39, 0, 0, 0
L -64, 631, 38, -43, 632, 40, 0, 0, 0
L -73, 654, 39, -64, 631, 38, 0, 0, 0
L -56, 669, 47, -73, 654, 39, 0, 0, 0
L -120, 827, 53, -121, 789, 53, 0, 0, 0
L -121, 789, 53, -110, 754, 53, 0, 0, 0
L -110, 754, 53, -117, 729, 53, 0, 0, 0
L -117, 729, 53, -116, 710, 53, 0, 0, 0
L -116, 710, 53, -124, 709, 53, 0, 0, 0
L -109, 830, 55, -110, 809, 54, 0, 0, 0
L -110, 809, 54, -111, 790, 54, 0, 0, 0
L -111, 790, 54, -102, 754, 53, 0, 0, 0
L -102, 754, 53, -106, 728, 53, 0, 0, 0
L -106, 728, 53, -106, 713, 53, 0, 0, 0
L -106, 713, 53, -75, 697, 50, 0, 0, 0
L -75, 697, 50, -56, 669, 44, 0, 0, 0
L -124, 709, 56, -123, 704, 54, 0, 0, 0
L -123, 704, 54, -140, 696, 56, 0, 0, 0
L -140, 696, 56, -161, 685, 47, 0, 0, 0
L -161, 685, 47, -172, 691, 50, 0, 0, 0
L -173, 695, 52, -172, 691, 50, 0, 0, 0
L -173, 695, 52, -182, 695, 53, 0, 0, 0
L -182, 695, 53, -203, 704, 53, 0, 0, 0
L -203, 704, 53, -267, 687, 57, 0, 0, 0
L -267, 687, 57, -283, 663, 56, 0, 0, 0
L -283, 663, 56, -286, 626, 49, 0, 0, 0
L -286, 626, 49, -277, 622, 48, 0, 0, 0
L -277, 622, 48, -281, 589, 35, 0, 0, 0
L -281, 589, 35, -302, 585, 39, 0, 0, 0
L -302, 585, 39, -300, 579, 40, 0, 0, 0
L -300, 579, 40, -318, 565, 39, 0, 0, 0
L -318, 565, 39, -332, 574, 44, 0, 0, 0
L -332, 574, 44, -339, 567, 44, 0, 0, 0
L -339, 567, 44, -340, 547, 43, 0, 0, 0
L -340, 547, 43, -335, 530, 40, 0, 0, 0
L -335, 530, 40, -336, 526, 39, 0, 0, 0
L -336, 526, 39, -313, 525, 28, 0, 0, 0
L -313, 525, 28, -309, 513, 25, 0, 0, 0
L -309, 513, 25, -328, 477, 32, 0, 0, 0
L -328, 477, 32, -322, 473, 29, 0, 0, 0
L -322, 473, 29, -312, 456, 27, 0, 0, 0
L -312, 456, 27, -330, 436, 25, 0, 0, 0
L -330, 436, 25, -352, 446, 33, 0, 0, 0
L -352, 446, 33, -356, 437, 34, 0, 0, 0
L -356, 437, 34, -350, 421, 28, 0, 0, 0
L -350, 421, 28, -349, 413, 26, 0, 0, 0
L -349, 413, 26, -341, 416, 24, 0, 0, 0
L -341, 416, 24, -327, 399, 20, 0, 0, 0
L -327, 399, 20, -336, 384, 24, 0, 0, 0
L -336, 384, 24, -328, 374, 25, 0, 0, 0
L -328, 374, 25, -320, 370, 25, 0, 0, 0
L -320, 370, 25, -318, 377, 23, 0, 0, 0
L -318, 377, 23, -294, 382, 17, 0, 0, 0
L -294, 382, 17, -281, 359, 15, 0, 0, 0
L -281, 359, 15, -298, 341, 21, 0, 0, 0
L -298, 341, 21, -294, 341, 19, 0, 0, 0
L -294, 341, 19, -290, 318, 17, 0, 0, 0
L -290, 318, 17, -304, 311, 22, 0, 0, 0
L -304, 311, 22, -301, 296, 20, 0, 0, 0
L -301, 296, 20, -298, 298, 19, 0, 0, 0
L -298, 298, 19, -278, 281, 9, 0, 0, 0
L -278, 281, 9, -288, 258, 8, 0, 0, 0
L -288, 258, 8, -291, 257, 8, 0, 0, 0
L -291, 257, 8, -290, 252, 8, 0, 0, 0
L -290, 252, 8, -291, 236, 9, 0, 0, 0
L -291, 236, 9, -301, 232, 11, 0, 0, 0
L -301, 232, 11, -300, 227, 11, 0, 0, 0
L -300, 227, 11, -287, 213, 2, 0, 0, 0
L -287, 213, 2, -300, 189, -2, 0, 0, 0
L -300, 189, -2, -324, 193, 4, 0, 0, 0
L -324, 193, 4, -324, 180, 3, 0, 0, 0
L -324, 180, 3, -327, 165, 3, 0, 0, 0
L -327, 165, 3, -320, 158, 1, 0, 0, 0
L -320, 158, 1, -328, 139, 2, 0, 0, 0
L -328, 139, 2, -348, 141, 6, 0, 0, 0
L -348, 141, 6, -351, 150, 9, 0, 0, 0
L -351, 150, 9, -361, 149, 12, 0, 0, 0
L -361, 149, 12, -375, 155, 12, 0, 0, 0
L -375, 155, 12, -385, 160, 12, 0, 0, 0
L -385, 160, 12, -392, 167, 13, 0, 0, 0
L -392, 167, 13, -398, 168, 13, 0, 0, 0
L -398, 168, 13, -407, 153, 9, 0, 0, 0
L -407, 153, 9, -426, 157, 8, 0, 0, 0
L -426, 157, 8, -426, 176, 14, 0, 0, 0
L -426, 176, 14, -420, 178, 15, 0, 0, 0
L -420, 178, 15, -436, 204, 18, 0, 0, 0
L -436, 204, 18, -445, 203, 18, 0, 0, 0
L -445, 203, 18, -442, 193, 14, 0, 0, 0
L -442, 193, 14, -457, 182, 8, 0, 0, 0
L -457, 182, 8, -476, 196, 14, 0, 0, 0
L -476, 196, 14, -469, 207, 24, 0, 0, 0
L -469, 207, 24, -485, 219, 24, 0, 0, 0
L -485, 219, 24, -488, 234, 20, 0, 0, 0
L -488, 234, 20, -492, 260, 23, 0, 0, 0
L -492, 260, 23, -503, 277, 20, 0, 0, 0
L -503, 277, 20, -495, 302, 23, 0, 0, 0
L -495, 302, 23, -514, 334, 34, 0, 0, 0
L -514, 334, 34, -528, 355, 36, 0, 0, 0
L -528, 355, 36, -543, 358, 32, 0, 0, 0
L -543, 358, 32, -548, 373, 35, 0, 0, 0
L -548, 373, 35, -535, 384, 38, 0, 0, 0
L -535, 384, 38, -527, 378, 39, 0, 0, 0
L -527, 378, 39, -521, 388, 40, 0, 0, 0
L -521, 388, 40, -528, 406, 41, 0, 0, 0
L -528, 406, 41, -533, 421, 43, 0, 0, 0
L -533, 421, 43, -535, 428, 44, 0, 0, 0
L -535, 428, 44, -541, 452, 45, 0, 0, 0
L -541, 452, 45, -542, 469, 50, 0, 0, 0
L -542, 469, 50, -536, 494, 53, 0, 0, 0
L -536, 494, 53, -528, 514, 51, 0, 0, 0
L -528, 514, 51, -487, 533, 48, 0, 0, 0
L -487, 533, 48, -467, 559, 50, 0, 0, 0
L -467, 559, 50, -446, 565, 49, 0, 0, 0
L -446, 565, 49, -436, 575, 48, 0, 0, 0
L -436, 575, 48, -445, 588, 50, 0, 0, 0
L -445, 588, 50, -452, 611, 54, 0, 0, 0
L -452, 611, 54, -446, 629, 58, 0, 0, 0
L -446, 629, 58, -438, 632, 59, 0, 0, 0
L -438, 632, 59, -438, 648, 56, 0, 0, 0
L -438, 648, 56, -417, 656, 57, 0, 0, 0
L -417, 656, 57, -409, 645, 61, 0, 0, 0
L -409, 645, 61, -393, 662, 63, 0, 0, 0
L -393, 662, 63, -403, 670, 59, 0, 0, 0
L -403, 670, 59, -396, 691, 61, 0, 0, 0
L -396, 691, 61, -392, 691, 62, 0, 0, 0
L -392, 691, 62, -401, 705, 60, 0, 0, 0
L -401, 705, 60, -387, 724, 61, 0, 0, 0
L -387, 724, 61, -361, 716, 66, 0, 0, 0
L -361, 716, 66, -335, 723, 66, 0, 0, 0
L -335, 723, 66, -317, 748, 68, 0, 0, 0
L -317, 748, 68, -333, 775, 70, 0, 0, 0
L -333, 775, 70, -352, 774, 71, 0, 0, 0
L -352, 774, 71, -353, 762, 63, 0, 0, 0
L -353, 762, 63, -361, 759, 61, 0, 0, 0
L -361, 759, 61, -383, 774, 64, 0, 0, 0
L -383, 774, 64, -409, 790, 67, 0, 0, 0
L -409, 790, 67, -406, 805, 73, 0, 0, 0
L -406, 805, 73, -400, 805, 74, 0, 0, 0
L -400, 805, 74, -409, 829, 79, 0, 0, 0
L -409, 829, 79, -415, 836, 81, 0, 0, 0
L -415, 836, 81, -428, 843, 82, 0, 0, 0
L -428, 843, 82, -441, 843, 86, 0, 0, 0
L -441, 843, 86, -460, 840, 87, 0, 0, 0
L -460, 840, 87, -469, 838, 91, 0, 0, 0
L -469, 838, 91, -470, 845, 92, 0, 0, 0
L -470, 845, 92, -460, 867, 92, 0, 0, 0
L -460, 867, 92, -456, 883, 92, 0, 0, 0
L -456, 883, 92, -449, 895, 91, 0, 0, 0
L -449, 895, 91, -447, 907, 77, 0, 0, 0
L -447, 907, 77, -440, 923, 68, 0, 0, 0
L -440, 923, 68, -434, 939, 57, 0, 0, 0
L -434, 939, 57, -440, 959, 55, 0, 0, 0
L -440, 959, 55, -448, 982, 44, 0, 0, 0
L -448, 982, 44, -451, 1002, 39, 0, 0, 0
L -451, 1002, 39, -455, 1010, 38, 0, 0, 0
L -455, 1010, 38, -474, 1031, 32, 0, 0, 0
L -474, 1031, 32, -473, 1054, 32, 0, 0, 0
L -473, 1054, 32, -471, 1066, 33, 0, 0, 0
L -471, 1066, 33, -475, 1068, 31, 0, 0, 0
L -475, 1068, 31, -467, 1087, 34, 0, 0, 0
L -467, 1087, 34, -445, 1102, 36, 0, 0, 0
L -445, 1102, 36, -425, 1106, 35, 0, 0, 0
L -425, 1106, 35, -412, 1114, 34, 0, 0, 0
L -412, 1114, 34, -408, 1121, 32, 0, 0, 0
L -408, 1121, 32, -395, 1119, 33, 0, 0, 0
L -395, 1119, 33, -387, 1121, 32, 0, 0, 0
L -387, 1121, 32, -376, 1118, 33, 0, 0, 0
L -376, 1118, 33, -368, 1125, 37, 0, 0, 0
L -368, 1125, 37, -342, 1148, 32, 0, 0, 0
L -342, 1148, 32, -339, 1156, 31, 0, 0, 0
L -339, 1156, 31, -330, 1171, 33, 0, 0, 0
L -330, 1171, 33, -331, 1196, 35, 0, 0, 0
L -352, 1200, 39, -353, 1178, 33, 0, 0, 0
L -353, 1178, 33, -358, 1164, 31, 0, 0, 0
L -358, 1164, 31, -364, 1159, 32, 0, 0, 0
L -364, 1159, 32, -376, 1147, 31, 0, 0, 0
L -376, 1147, 31, -384, 1151, 32, 0, 0, 0
L -384, 1151, 32, -408, 1143, 33, 0, 0, 0
L -408, 1143, 33, -419, 1140, 34, 0, 0, 0
L -419, 1140, 34, -438, 1138, 35, 0, 0, 0
L -438, 1138, 35, -458, 1125, 36, 0, 0, 0
L -458, 1125, 36, -472, 1120, 35, 0, 0, 0
L -472, 1120, 35, -501, 1097, 34, 0, 0, 0
L -501, 1097, 34, -503, 1075, 39, 0, 0, 0
L -503, 1075, 39, -497, 1049, 32, 0, 0, 0
L -497, 1049, 32, -496, 1033, 33, 0, 0, 0
L -496, 1033, 33, -492, 1016, 34, 0, 0, 0
L -492, 1016, 34, -492, 1002, 34, 0, 0, 0
L -492, 1002, 34, -489, 984, 39, 0, 0, 0
L -489, 984, 39, -478, 964, 48, 0, 0, 0
L -478, 964, 48, -472, 959, 50, 0, 0, 0
L -472, 959, 50, -475, 942, 59, 0, 0, 0
L -475, 942, 59, -481, 934, 63, 0, 0, 0
L -481, 934, 63, -493, 934, 66, 0, 0, 0
L -493, 934, 66, -499, 931, 70, 0, 0, 0
L -499, 931, 70, -514, 918, 83, 0, 0, 0
L -514, 918, 83, -516, 897, 80, 0, 0, 0
L -516, 897, 80, -519, 891, 88, 0, 0, 0
L -519, 891, 88, -522, 869, 89, 0, 0, 0
L -522, 869, 89, -505, 845, 93, 0, 0, 0
L -505, 845, 93, -504, 835, 92, 0, 0, 0
L -504, 835, 92, -512, 831, 91, 0, 0, 0
L -512, 831, 91, -523, 830, 91, 0, 0, 0
L -523, 830, 91, -546, 837, 93, 0, 0, 0
L -546, 837, 93, -560, 830, 96, 0, 0, 0
L -560, 830, 96, -575, 817, 98, 0, 0, 0
L -575, 817, 98, -585, 795, 92, 0, 0, 0
L -585, 795, 92, -585, 765, 85, 0, 0, 0
L -585, 765, 85, -579, 748, 81, 0, 0, 0
L -579, 748, 81, -577, 736, 87, 0, 0, 0
L -577, 736, 87, -585, 722, 80, 0, 0, 0
L -585, 722, 80, -584, 705, 81, 0, 0, 0
L -584, 705, 81, -572, 682, 75, 0, 0, 0
L -572, 682, 75, -551, 675, 75, 0, 0, 0
L -551, 675, 75, -540, 658, 68, 0, 0, 0
L -540, 658, 68, -536, 645, 65, 0, 0, 0
L -536, 645, 65, -535, 635, 66, 0, 0, 0
L -535, 635, 66, -518, 612, 57, 0, 0, 0
L -518, 612, 57, -523, 597, 55, 0, 0, 0
L -523, 597, 55, -527, 591, 55, 0, 0, 0
L -527, 591, 55, -524, 574, 47, 0, 0, 0
L -524, 574, 47, -545, 564, 47, 0, 0, 0
L -545, 564, 47, -561, 579, 55, 0, 0, 0
L -561, 579, 55, -558, 587, 58, 0, 0, 0
L -558, 587, 58, -571, 591, 60, 0, 0, 0
L -571, 591, 60, -574, 591, 60, 0, 0, 0
L -574, 591, 60, -571, 585, 57, 0, 0, 0
L -571, 585, 57, -587, 568, 51, 0, 0, 0
L -587, 568, 51, -610, 579, 58, 0, 0, 0
L -610, 579, 58, -609, 587, 62, 0, 0, 0
L -609, 587, 62, -619, 588, 64, 0, 0, 0
L -619, 588, 64, -634, 593, 67, 0, 0, 0
L -634, 593, 67, -653, 585, 65, 0, 0, 0
L -653, 585, 65, -665, 579, 66, 0, 0, 0
L -665, 579, 66, -680, 589, 69, 0, 0, 0
L -680, 589, 69, -703, 580, 73, 0, 0, 0
L -703, 580, 73, -711, 563, 71, 0, 0, 0
L -711, 563, 71, -694, 523, 65, 0, 0, 0
L -694, 523, 65, -680, 519, 63, 0, 0, 0
L -680, 519, 63, -663, 526, 64, 0, 0, 0
L -663, 526, 64, -636, 511, 62, 0, 0, 0
L -636, 511, 62, -631, 495, 55, 0, 0, 0
L -631, 495, 55, -630, 483, 55, 0, 0, 0
L -630, 483, 55, -638, 462, 51, 0, 0, 0
L -638, 462, 51, -636, 448, 49, 0, 0, 0
L -636, 448, 49, -606, 443, 36, 0, 0, 0
L -606, 443, 36, -601, 433, 39, 0, 0, 0
L -601, 433, 39, -606, 421, 45, 0, 0, 0
L -606, 421, 45, -602, 418, 44, 0, 0, 0
L -602, 418, 44, -590, 401, 45, 0, 0, 0
L -590, 401, 45, -583, 391, 47, 0, 0, 0
L -583, 391, 47, -583, 371, 43, 0, 0, 0
L -583, 371, 43, -579, 353, 44, 0, 0, 0
L -579, 353, 44, -571, 325, 34, 0, 0, 0
L -571, 325, 34, -564, 312, 30, 0, 0, 0
L -564, 312, 30, -554, 301, 28, 0, 0, 0
L -554, 301, 28, -537, 300, 21, 0, 0, 0
L -537, 300, 21, -531, 280, 18, 0, 0, 0
L -531, 280, 18, -547, 273, 27, 0, 0, 0
L -547, 273, 27, -550, 259, 28, 0, 0, 0
L -550, 259, 28, -541, 239, 25, 0, 0, 0
L -541, 239, 25, -532, 219, 23, 0, 0, 0
L -532, 219, 23, -528, 222, 22, 0, 0, 0
L -528, 222, 22, -520, 217, 19, 0, 0, 0
L -520, 217, 19, -514, 181, 16, 0, 0, 0
L -514, 181, 16, -523, 174, 18, 0, 0, 0
L -523, 174, 18, -525, 175, 20, 0, 0, 0
L -525, 175, 20, -532, 160, 19, 0, 0, 0
L -532, 160, 19, -525, 133, 14, 0, 0, 0
L -525, 133, 14, -532, 125, 14, 0, 0, 0
L -532, 125, 14, -527, 119, 9, 0, 0, 0
L -527, 119, 9, -533, 107, 8, 0, 0, 0
L -533, 107, 8, -540, 96, 12, 0, 0, 0
L -540, 96, 12, -545, 87, 12, 0, 0, 0
L -545, 87, 12, -557, 86, 13, 0, 0, 0
L -557, 86, 13, -566, 97, 17, 0, 0, 0
L -566, 97, 17, -580, 96, 18, 0, 0, 0
L -580, 96, 18, -599, 98, 19, 0, 0, 0
L -599, 98, 19, -615, 108, 24, 0, 0, 0
L -615, 108, 24, -628, 124, 25, 0, 0, 0
L -628, 124, 25, -650, 128, 30, 0, 0, 0
L -650, 128, 30, -661, 133, 25, 0, 0, 0
L -661, 133, 25, -662, 140, 29, 0, 0, 0
L -662, 140, 29, -667, 165, 31, 0, 0, 0
L -667, 165, 31, -687, 182, 38, 0, 0, 0
L -687, 182, 38, -713, 179, 40, 0, 0, 0
L -713, 179, 40, -735, 173, 41, 0, 0, 0
L -735, 173, 41, -767, 181, 44, 0, 0, 0
L -767, 181, 44, -789, 162, 40, 0, 0, 0
L -789, 162, 40, -804, 144, 41, 0, 0, 0
L -804, 144, 41, -790, 140, 27, 0, 0, 0
L -790, 140, 27, -777, 137, 20, 0, 0, 0
L -777, 137, 20, -785, 106, 16, 0, 0, 0
L -785, 106, 16, -811, 103, 31, 0, 0, 0
L -811, 103, 31, -818, 119, 45, 0, 0, 0
L -818, 119, 45, -825, 107, 40, 0, 0, 0
L -825, 107, 40, -832, 88, 41, 0, 0, 0
L -832, 88, 41, -836, 74, 42, 0, 0, 0
L -836, 74, 42, -835, 51, 40, 0, 0, 0
L -835, 51, 40, -836, 34, 38, 0, 0, 0
L -836, 34, 38, -832, 16, 38, 0, 0, 0
L -832, 16, 38, -816, -4, 38, 0, 0, 0
L -816, -4, 38, -787, -7, 32, 0, 0, 0
L -787, -7, 32, -775, -8, 31, 0, 0, 0
L -775, -8, 31, -775, -4, 30, 0, 0, 0
L -775, -4, 30, -759, 4, 26, 0, 0, 0
L -759, 4, 26, -746, -9, 22, 0, 0, 0
L -746, -9, 22, -747, -12, 23, 0, 0, 0
L -747, -12, 23, -733, -23, 21, 0, 0, 0
L -733, -23, 21, -739, -43, 25, 0, 0, 0
L -739, -43, 25, -748, -43, 28, 0, 0, 0
L -748, -43, 28, -737, -61, 24, 0, 0, 0
L -737, -61, 24, -720, -76, 22, 0, 0, 0
L -720, -76, 22, -694, -80, 18, 0, 0, 0
L -694, -80, 18, -670, -83, 20, 0, 0, 0
L -670, -83, 20, -646, -85, 20, 0, 0, 0
L -646, -85, 20, -635, -95, 15, 0, 0, 0
L -635, -95, 15, -619, -97, 16, 0, 0, 0
L -619, -97, 16, -602, -96, 14, 0, 0, 0
L -602, -96, 14, -586, -88, 14, 0, 0, 0
L -586, -88, 14, -576, -85, 10, 0, 0, 0
L -576, -85, 10, -562, -83, 9, 0, 0, 0
L -562, -83, 9, -558, -78, 10, 0, 0, 0
L -558, -78, 10, -566, -63, 14, 0, 0, 0
L -566, -63, 14, -557, -49, 17, 0, 0, 0
L -557, -49, 17, -541, -53, 19, 0, 0, 0
L -541, -53, 19, -538, -36, 8, 0, 0, 0
L -538, -36, 8, -528, -22, 9, 0, 0, 0
L -528, -22, 9, -533, -23, 10, 0, 0, 0
L -533, -23, 10, -540, -5, 14, 0, 0, 0
L -540, -5, 14, -526, 7, 13, 0, 0, 0
L -526, 7, 13, -518, 4, 15, 0, 0, 0
L -518, 4, 15, -519, 14, 12, 0, 0, 0
L -519, 14, 12, -515, 29, 15, 0, 0, 0
L -515, 29, 15, -500, 47, 17, 0, 0, 0
L -500, 47, 17, -498, 48, 17, 0, 0, 0
L -498, 48, 17, -506, 65, 12, 0, 0, 0
L -506, 65, 12, -488, 82, 9, 0, 0, 0
L -488, 82, 9, -473, 76, 11, 0, 0, 0
L -473, 76, 11, -464, 72, 16, 0, 0, 0
L -464, 72, 16, -465, 66, 14, 0, 0, 0
L -465, 66, 14, -450, 71, 13, 0, 0, 0
L -450, 71, 13, -438, 72, 12, 0, 0, 0
L -438, 72, 12, -425, 62, 9, 0, 0, 0
L -425, 62, 9, -420, 49, 14, 0, 0, 0
L -420, 49, 14, -406, 49, 6, 0, 0, 0
L -406, 49, 6, -393, 47, 2, 0, 0, 0
L -393, 47, 2, -378, 42, 5, 0, 0, 0
L -378, 42, 5, -368, 31, 13, 0, 0, 0
L -368, 31, 13, -359, 13, 6, 0, 0, 0
L -359, 13, 6, -360, 0, 3, 0, 0, 0
L -360, 0, 3, -361, -12, 6, 0, 0, 0
L -361, -12, 6, -366, -22, 2, 0, 0, 0
L -366, -22, 2, -362, -24, -2, 0, 0, 0
L -362, -24, -2, -364, -43, -6, 0, 0, 0
L -364, -43, -6, -367, -61, -9, 0, 0, 0
L -367, -61, -9, -376, -66, -4, 0, 0, 0
L -376, -66, -4, -388, -61, 4, 0, 0, 0
L -388, -61, 4, -399, -62, 5, 0, 0, 0
L -399, -62, 5, -393, -74, -1, 0, 0, 0
L -393, -74, -1, -397, -87, -10, 0, 0, 0
L -397, -87, -10, -411, -98, -15, 0, 0, 0
L -411, -98, -15, -431, -86, -5, 0, 0, 0
L -431, -86, -5, -436, -80, 0, 0, 0, 0
L -436, -80, 0, -432, -67, 5, 0, 0, 0
L -432, -67, 5, -442, -76, 5, 0, 0, 0
L -442, -76, 5, -440, -82, 2, 0, 0, 0
L -440, -82, 2, -434, -95, -7, 0, 0, 0
L -434, -95, -7, -444, -106, -7, 0, 0, 0
L -444, -106, -7, -451, -113, -7, 0, 0, 0
L -451, -113, -7, -462, -109, -1, 0, 0, 0
L -462, -109, -1, -471, -103, 4, 0, 0, 0
L -471, -103, 4, -487, -112, 4, 0, 0, 0
L -487, -112, 4, -500, -126, 4, 0, 0, 0
L -500, -126, 4, -493, -130, -1, 0, 0, 0
L -493, -130, -1, -494, -144, -6, 0, 0, 0
L -494, -144, -6, -506, -150, -3, 0, 0, 0
L -506, -150, -3, -514, -155, -3, 0, 0, 0
L -514, -155, -3, -527, -155, 1, 0, 0, 0
L -527, -155, 1, -541, -158, 5, 0, 0, 0
L -541, -158, 5, -552, -157, 7, 0, 0, 0
L -552, -157, 7, -561, -168, 8, 0, 0, 0
L -561, -168, 8, -563, -187, 9, 0, 0, 0
L -563, -187, 9, -563, -196, 10, 0, 0, 0
L -563, -196, 10, -553, -193, 3, 0, 0, 0
L -553, -193, 3, -547, -193, 1, 0, 0, 0
L -547, -193, 1, -542, -204, 0, 0, 0, 0
L -542, -204, 0, -538, -212, 2, 0, 0, 0
L -538, -212, 2, -534, -219, 2, 0, 0, 0
L -534, -219, 2, -541, -225, 7, 0, 0, 0
L -541, -225, 7, -543, -228, 9, 0, 0, 0
L -543, -228, 9, -535, -233, 7, 0, 0, 0
L -535, -233, 7, -520, -235, 5, 0, 0, 0
L -520, -235, 5, -506, -237, 4, 0, 0, 0
L -506, -237, 4, -495, -235, 2, 0, 0, 0
L -495, -235, 2, -492, -217, -3, 0, 0, 0
L -492, -217, -3, -470, -210, -12, 0, 0, 0
L -470, -210, -12, -459, -225, -15, 0, 0, 0
L -459, -225, -15, -451, -239, -15, 0, 0, 0
L -451, -239, -15, -445, -251, -13, 0, 0, 0
L -445, -251, -13, -454, -261, -4, 0, 0, 0
L -455, -261, -4, -462, -263, 1, 0, 0, 0
L -462, -263, 1, -459, -270, 1, 0, 0, 0
L -459, -270, 1, -462, -287, 3, 0, 0, 0
L -462, -287, 3, -463, -299, 2, 0, 0, 0
L -463, -299, 2, -451, -350, -30, 0, 0, 0
L -451, -352, -29, -447, -365, -30, 0, 0, 0
L -447, -366, -31, -457, -380, -26, 0, 0, 0
L -458, -381, -31, -462, -386, -27, 0, 0, 0
L -463, -387, -30, -461, -419, -29, 0, 0, 0
L -461, -420, -27, -442, -434, -31, 0, 0, 0
L -440, -436, -32, -432, -442, -30, 0, 0, 0
L -431, -444, -31, -420, -462, -31, 0, 0, 0
L -419, -464, -31, -399, -467, -31, 0, 0, 0
L -397, -467, -31, -389, -496, -32, 0, 0, 0
L -389, -496, -32, -364, -500, -32, 0, 0, 0
L -362, -500, -32, -343, -502, -32, 0, 0, 0
L -342, -502, -32, -317, -493, -32, 0, 0, 0
L -315, -492, -32, -303, -488, -32, 0, 0, 0
L -301, -487, -32, -282, -489, -32, 0, 0, 0
L -280, -490, -32, -266, -491, -32, 0, 0, 0
L -264, -492, -32, -250, -503, -31, 0, 0, 0
L -248, -505, -31, -240, -510, -31, 0, 0, 0
L -238, -512, -31, -226, -519, -31, 0, 0, 0
L -224, -521, -31, -222, -520, -32, 0, 0, 0
L -221, -520, -32, -208, -517, -32, 0, 0, 0
L -206, -516, -32, -196, -511, -32, 0, 0, 0
L -195, -510, -32, -185, -499, -32, 0, 0, 0
L -184, -498, -32, -177, -490, -31, 0, 0, 0
L -176, -488, -31, -172, -479, -31, 0, 0, 0
L -171, -477, -31, -164, -476, -31, 0, 0, 0
L -163, -477, -31, -152, -478, -31, 0, 0, 0
L -150, -478, -31, -135, -479, -31, 0, 0, 0
L -135, -479, -31, -129, -469, -31, 0, 0, 0
L -129, -468, -31, -122, -455, -31, 0, 0, 0
L -121, -453, -31, -118, -449, -31, 0, 0, 0
L -117, -448, -31, -109, -444, -31, 0, 0, 0
L -107, -443, -31, -99, -438, -31, 0, 0, 0
L -99, -438, -32, -99, -425, -31, 0, 0, 0
L -100, -422, -31, -102, -417, -31, 0, 0, 0
L -102, -415, -32, -102, -408, -31, 0, 0, 0
L -101, -407, -32, -79, -408, -30, 0, 0, 0
L -77, -407, -30, -73, -406, -31, 0, 0, 0
L -72, -406, -31, -55, -410, -30, 0, 0, 0
L -55, -410, -30, -45, -391, -32, 0, 0, 0
L -45, -391, -32, -22, -394, -26, 0, 0, 0
L -20, -395, -28, -11, -406, -31, 0, 0, 0
L -9, -408, -31, 3, -423, -31, 0, 0, 0
L 4, -425, -31, 17, -440, -31, 0, 0, 0
L 19, -442, -31, 29, -452, -31, 0, 0, 0
L 30, -454, -31, 34, -457, -31, 0, 0, 0
L 34, -457, -31, 44, -457, -31, 0, 0, 0
L 47, -457, -31, 58, -457, -31, 0, 0, 0
L 61, -457, -31, 69, -457, -31, 0, 0, 0
L 71, -457, -32, 76, -454, -30, 0, 0, 0
L 78, -453, -29, 84, -450, -29, 0, 0, 0
L 85, -449, -31, 99, -448, -31, 0, 0, 0
L 102, -448, -31, 117, -449, -32, 0, 0, 0
L 119, -449, -31, 131, -456, -32, 0, 0, 0
L 133, -457, -32, 148, -466, -32, 0, 0, 0
L 150, -467, -32, 160, -473, -31, 0, 0, 0
L 161, -474, -32, 170, -491, -32, 0, 0, 0
L 171, -493, -32, 179, -511, -32, 0, 0, 0
L 181, -513, -32, 196, -520, -31, 0, 0, 0
L 199, -521, -31, 224, -533, -31, 0, 0, 0
L 225, -533, -31, 253, -506, -31, 0, 0, 0
L 253, -504, -32, 255, -480, -31, 0, 0, 0
L 256, -477, -32, 282, -453, -31, 0, 0, 0
L 284, -452, -32, 310, -465, -31, 0, 0, 0
L 310, -465, -32, 335, -448, -27, 0, 0, 0
L 336, -447, -32, 350, -426, -32, 0, 0, 0
L 350, -426, -27, 350, -390, -30, 0, 0, 0
L 349, -389, -29, 351, -372, -29, 0, 0, 0
L 351, -372, -6, 350, -348, -6, 0, 0, 0
L 193, -179, -28, 188, -166, -28, 240, 0, 0
L 188, -166, -28, 187, -147, -28, 240, 0, 0
L 187, -147, -28, 193, -139, -28, 240, 0, 0
L 193, -139, -28, 208, -115, -28, 240, 0, 0
L 201, -192, -28, 192, -179, -28, 240, 0, 0
L 208, -114, -28, 206, -102, -28, 240, 0, 0
L 206, -102, -28, 208, -79, -28, 240, 0, 0
L 208, -79, -28, 206, -59, -28, 240, 0, 0
L 206, -59, -28, 216, -51, -28, 240, 0, 0
L 216, -51, -28, 216, -29, -28, 240, 0, 0
L 216, -29, -28, 225, -20, -28, 240, 0, 0
L 225, -20, -28, 225, -13, -28, 240, 0, 0
L 225, -13, -28, 221, -17, -28, 240, 0, 0
L 221, -17, -28, 211, -23, -28, 240, 0, 0
L 211, -23, -28, 210, -35, -28, 240, 0, 0
L 210, -35, -28, 202, -49, -28, 240, 0, 0
L 202, -49, -28, 192, -48, -28, 240, 0, 0
L 192, -48, -28, 182, -35, -28, 240, 0, 0
L 182, -35, -28, 184, -21, -28, 240, 0, 0
L 184, -21, -28, 192, -13, -28, 240, 0, 0
L 192, -13, -28, 180, -19, -28, 240, 0, 0
L 180, -19, -28, 176, -35, -28, 240, 0, 0
L 176, -35, -28, 185, -50, -28, 240, 0, 0
L 185, -50, -28, 184, -59, -28, 240, 0, 0
L 184, -59, -28, 191, -73, -28, 240, 0, 0
L 191, -73, -28, 193, -83, -28, 240, 0, 0
L 193, -83, -28, 196, -95, -28, 240, 0, 0
L 196, -95, -28, 192, -107, -28, 240, 0, 0
L 192, -107, -28, 185, -123, -28, 240, 0, 0
L 185, -123, -28, 168, -134, -28, 240, 0, 0
L 168, -134, -28, 158, -131, -28, 240, 0, 0
L 158, -131, -28, 158, -119, -28, 240, 0, 0
L 158, -119, -28, 144, -106, -28, 240, 0, 0
L 144, -106, -28, 153, -117, -28, 240, 0, 0
L 153, -117, -28, 153, -126, -28, 240, 0, 0
L 153, -126, -28, 148, -137, -28, 240, 0, 0
L 148, -137, -28, 136, -137, -28, 240, 0, 0
L 136, -137, -28, 120, -131, -28, 240, 0, 0
L 120, -131, -28, 130, -141, -28, 240, 0, 0
L 130, -141, -28, 151, -143, -29, 240, 0, 0
L 151, -143, -29, 157, -150, -29, 240, 0, 0
L 157, -150, -29, 168, -152, -30, 240, 0, 0
L 168, -152, -30, 176, -178, -29, 240, 0, 0
L 176, -178, -29, 180, -189, -28, 240, 0, 0
L 180, -189, -28, 182, -203, -28, 240, 0, 0
L 182, -203, -28, 182, -218, -28, 240, 0, 0
L 182, -218, -28, 173, -231, -28, 240, 0, 0
L 173, -231, -28, 164, -227, -28, 240, 0, 0
L 164, -227, -28, 164, -213, -28, 240, 0, 0
L 164, -213, -28, 150, -203, -28, 240, 0, 0
L 150, -203, -28, 158, -213, -28, 240, 0, 0
L 158, -213, -28, 155, -224, -28, 240, 0, 0
L 155, -224, -28, 158, -239, -28, 240, 0, 0
L 158, -239, -28, 154, -252, -28, 240, 0, 0
L 154, -252, -28, 143, -262, -28, 240, 0, 0
L 143, -262, -28, 133, -257, -28, 240, 0, 0
L 133, -257, -28, 110, -262, -28, 240, 0, 0
L 110, -262, -28, 96, -269, -28, 240, 0, 0
L 96, -269, -28, 72, -264, -28, 240, 0, 0
L 72, -264, -28, 56, -251, -28, 240, 0, 0
L 56, -251, -28, 44, -264, -28, 240, 0, 0
L 44, -264, -28, 45, -275, -28, 240, 0, 0
L 45, -275, -28, 38, -297, -28, 240, 0, 0
L 38, -297, -28, 24, -299, -28, 240, 0, 0
L 24, -299, -28, 20, -286, -28, 240, 0, 0
L 20, -286, -28, 19, -272, -28, 240, 0, 0
L 19, -272, -28, -7, -264, -28, 240, 0, 0
L -7, -264, -28, -20, -255, -28, 240, 0, 0
L -20, -255, -28, -32, -257, -28, 240, 0, 0
L -32, -257, -28, -39, -254, -28, 240, 0, 0
L -39, -254, -28, -42, -249, -28, 240, 0, 0
L -42, -249, -28, -39, -240, -28, 240, 0, 0
L -39, -240, -28, -39, -233, -28, 240, 0, 0
L -39, -233, -28, -48, -227, -28, 240, 0, 0
L -48, -227, -28, -41, -239, -28, 240, 0, 0
L -41, -239, -28, -45, -248, -28, 240, 0, 0
L -45, -248, -28, -47, -246, -28, 240, 0, 0
L -47, -246, -28, -53, -236, -28, 240, 0, 0
L -53, -236, -28, -62, -238, -28, 240, 0, 0
L -62, -238, -28, -57, -239, -28, 240, 0, 0
L -57, -239, -28, -48, -253, -28, 240, 0, 0
L -48, -253, -28, -42, -269, -28, 240, 0, 0
L -42, -269, -28, -48, -288, -28, 240, 0, 0
L -48, -288, -28, -58, -296, -28, 240, 0, 0
L -58, -296, -28, -72, -295, -28, 240, 0, 0
L -72, -295, -28, -77, -286, -28, 240, 0, 0
L -77, -286, -28, -77, -275, -28, 240, 0, 0
L -77, -275, -28, -79, -261, -28, 240, 0, 0
L -79, -261, -28, -72, -251, -28, 240, 0, 0
L -72, -251, -28, -84, -260, -28, 240, 0, 0
L -84, -260, -28, -86, -275, -28, 240, 0, 0
L -86, -275, -28, -96, -283, -28, 240, 0, 0
L -96, -283, -28, -114, -281, -28, 240, 0, 0
L -114, -281, -28, -120, -268, -28, 240, 0, 0
L -120, -268, -28, -115, -251, -28, 240, 0, 0
L -115, -251, -28, -119, -239, -28, 240, 0, 0
L -119, -239, -28, -115, -227, -28, 240, 0, 0
L -115, -227, -28, -120, -221, -28, 240, 0, 0
L -120, -221, -28, -130, -224, -28, 240, 0, 0
L -130, -224, -28, -137, -214, -28, 240, 0, 0
L -137, -214, -28, -139, -206, -28, 240, 0, 0
L -139, -206, -28, -135, -198, -28, 240, 0, 0
L -135, -198, -28, -134, -179, -28, 240, 0, 0
L -134, -179, -28, -138, -195, -28, 240, 0, 0
L -138, -195, -28, -152, -207, -28, 240, 0, 0
L -152, -207, -28, -150, -219, -28, 240, 0, 0
L -150, -219, -28, -162, -229, -28, 240, 0, 0
L -162, -229, -28, -168, -226, -28, 240, 0, 0
L -168, -226, -28, -176, -233, -28, 240, 0, 0
L -176, -233, -28, -183, -246, -28, 240, 0, 0
L -183, -246, -28, -192, -250, -28, 240, 0, 0
L -192, -250, -28, -201, -251, -28, 240, 0, 0
L -201, -251, -28, -209, -239, -28, 240, 0, 0
L -209, -239, -28, -209, -218, -28, 240, 0, 0
L -209, -218, -28, -206, -202, -28, 240, 0, 0
L -206, -202, -28, -198, -192, -28, 240, 0, 0
L -198, -192, -28, -198, -180, -28, 240, 0, 0
L -198, -180, -28, -187, -175, -28, 240, 0, 0
L -187, -175, -28, -182, -155, -28, 240, 0, 0
L -182, -155, -28, -192, -171, -28, 240, 0, 0
L -192, -171, -28, -204, -179, -28, 240, 0, 0
L -204, -179, -28, -211, -195, -28, 240, 0, 0
L -211, -195, -28, -220, -195, -28, 240, 0, 0
L -220, -195, -28, -224, -188, -28, 240, 0, 0
L -224, -188, -28, -220, -179, -28, 240, 0, 0
L -220, -179, -28, -211, -164, -28, 240, 0, 0
L -211, -164, -28, -219, -142, -28, 240, 0, 0
L -219, -142, -28, -216, -122, -28, 240, 0, 0
L -216, -122, -28, -222, -99, -28, 240, 0, 0
L -222, -99, -28, -199, -59, -28, 240, 0, 0
L -199, -59, -28, -191, -59, -28, 240, 0, 0
L -191, -59, -28, -167, -38, -28, 240, 0, 0
L -167, -38, -28, -144, -36, -28, 240, 0, 0
L -144, -36, -28, -131, -24, -28, 240, 0, 0
L -131, -24, -28, -122, -25, -28, 240, 0, 0
L -122, -25, -28, -107, -19, -28, 240, 0, 0
L -107, -19, -28, -95, -17, -28, 240, 0, 0
L -95, -17, -28, -81, -23, -28, 240, 0, 0
L -81, -23, -28, -72, -35, -28, 240, 0, 0
L -72, -35, -28, -77, -22, -28, 240, 0, 0
L -77, -22, -28, -95, -9, -28, 240, 0, 0
L -95, -9, -28, -108, -13, -28, 240, 0, 0
L -108, -13, -28, -115, -6, -28, 240, 0, 0
L -115, -6, -28, -119, 9, -28, 240, 0, 0
L -119, 9, -28, -121, 21, -28, 240, 0, 0
L -121, 21, -28, -119, 34, -28, 240, 0, 0
L -119, 34, -28, -125, 25, -28, 240, 0, 0
L -125, 25, -28, -123, 4, -28, 240, 0, 0
L -123, 4, -28, -133, -11, -28, 240, 0, 0
L -133, -11, -28, -143, -17, -28, 240, 0, 0
L -143, -17, -28, -153, -16, -28, 240, 0, 0
L -153, -16, -28, -151, -3, -28, 240, 0, 0
L -151, -3, -28, -159, 13, -28, 240, 0, 0
L -159, 13, -28, -156, -2, -28, 240, 0, 0
L -156, -2, -28, -162, -19, -28, 240, 0, 0
L -162, -19, -28, -172, -31, -28, 240, 0, 0
L -172, -31, -28, -192, -29, -28, 240, 0, 0
L -192, -29, -28, -199, -14, -28, 240, 0, 0
L -199, -14, -28, -200, -4, -28, 240, 0, 0
L -200, -4, -28, -199, 13, -28, 240, 0, 0
L -199, 13, -28, -206, -7, -28, 240, 0, 0
L -206, -7, -28, -201, -23, -28, 240, 0, 0
L -201, -23, -28, -205, -38, -28, 240, 0, 0
L -205, -38, -28, -210, -50, -28, 240, 0, 0
L -210, -50, -28, -216, -58, -28, 240, 0, 0
L -216, -58, -28, -222, -49, -28, 240, 0, 0
L -222, -49, -28, -236, -39, -28, 240, 0, 0
L -236, -39, -28, -239, -20, -28, 240, 0, 0
L -239, -20, -28, -265, -10, -28, 240, 0, 0
L -265, -10, -28, -246, -24, -28, 240, 0, 0
L -246, -24, -28, -247, -34, -28, 240, 0, 0
L -247, -34, -28, -245, -50, -28, 240, 0, 0
L -245, -50, -28, -229, -60, -28, 240, 0, 0
L -229, -60, -28, -229, -82, -28, 240, 0, 0
L -229, -82, -28, -238, -104, -28, 240, 0, 0
L -238, -104, -28, -240, -118, -28, 240, 0, 0
L -240, -118, -28, -247, -122, -28, 240, 0, 0
L -247, -122, -28, -257, -116, -28, 240, 0, 0
L -257, -116, -28, -264, -115, -28, 240, 0, 0
L -264, -115, -28, -276, -111, -28, 240, 0, 0
L -276, -111, -28, -290, -114, -28, 240, 0, 0
L -290, -114, -28, -303, -112, -28, 240, 0, 0
L -303, -112, -28, -294, -120, -28, 240, 0, 0
L -294, -120, -28, -270, -120, -28, 240, 0, 0
L -270, -120, -28, -265, -124, -28, 240, 0, 0
L -265, -124, -28, -256, -133, -28, 240, 0, 0
L -256, -133, -28, -241, -143, -28, 240, 0, 0
L -241, -143, -28, -237, -155, -28, 240, 0, 0
L -237, -155, -28, -243, -175, -28, 240, 0, 0
L -243, -175, -28, -246, -192, -28, 240, 0, 0
L -246, -192, -28, -253, -203, -28, 240, 0, 0
L -253, -203, -28, -257, -213, -28, 240, 0, 0
L -257, -213, -28, -264, -214, -28, 240, 0, 0
L -264, -214, -28, -271, -208, -28, 240, 0, 0
L -271, -208, -28, -287, -208, -28, 240, 0, 0
L -287, -208, -28, -298, -200, -28, 240, 0, 0
L -298, -200, -28, -304, -184, -28, 240, 0, 0
L -304, -184, -28, -328, -172, -28, 240, 0, 0
L -328, -172, -28, -310, -187, -28, 240, 0, 0
L -310, -187, -28, -304, -203, -28, 240, 0, 0
L -304, -203, -28, -293, -217, -28, 240, 0, 0
L -293, -217, -28, -279, -222, -28, 240, 0, 0
L -279, -222, -28, -269, -227, -28, 240, 0, 0
L -269, -227, -28, -271, -251, -28, 240, 0, 0
L -271, -251, -28, -277, -269, -28, 240, 0, 0
L -277, -269, -28, -299, -298, -28, 240, 0, 0
L -299, -298, -28, -315, -315, -28, 240, 0, 0
L -315, -315, -28, -321, -317, -28, 240, 0, 0
L -321, -317, -28, -327, -308, -28, 240, 0, 0
L -327, -308, -28, -334, -288, -28, 240, 0, 0
L -334, -288, -28, -332, -309, -26, 240, 0, 0
L -332, -309, -26, -327, -317, -27, 240, 0, 0
L -327, -317, -27, -329, -328, -28, 240, 0, 0
L -329, -328, -28, -348, -343, -28, 240, 0, 0
L -348, -343, -28, -360, -347, -28, 240, 0, 0
L -360, -347, -28, -387, -347, -28, 240, 0, 0
L -387, -347, -28, -407, -340, -28, 240, 0, 0
L -407, -340, -28, -411, -327, -28, 240, 0, 0
L -411, -327, -28, -408, -318, -28, 240, 0, 0
L -408, -318, -28, -412, -304, -28, 240, 0, 0
L -412, -304, -28, -406, -294, -28, 240, 0, 0
L -406, -294, -28, -404, -282, -28, 240, 0, 0
L -404, -282, -28, -414, -294, -28, 240, 0, 0
L -414, -294, -28, -419, -303, -27, 240, 0, 0
L -419, -303, -27, -423, -320, -27, 240, 0, 0
L -423, -320, -27, -432, -322, -18, 240, 0, 0
L -432, -322, -18, -450, -312, -8, 240, 0, 0
L -450, -312, -8, -463, -300, 2, 240, 0, 0
L -181, -104, -29, -176, -136, -29, 0, 0, 240
L -176, -136, -29, -158, -152, -30, 0, 0, 240
L -158, -152, -30, -151, -158, -30, 0, 0, 240
L -151, -158, -30, -130, -160, -30, 0, 0, 240
L -130, -160, -30, -119, -167, -30, 0, 0, 240
L -119, -167, -30, -108, -168, -30, 0, 0, 240
L -108, -168, -30, -96, -161, -30, 0, 0, 240
L -96, -161, -30, -85, -157, -31, 0, 0, 240
L -85, -157, -31, -61, -135, -29, 0, 0, 240
L -61, -135, -29, -62, -130, -28, 0, 0, 240
L -62, -130, -28, -62, -108, -29, 0, 0, 240
L -62, -108, -29, -52, -97, -29, 0, 0, 240
L -52, -97, -29, -41, -94, -29, 0, 0, 240
L -41, -94, -29, -27, -94, -30, 0, 0, 240
L -27, -94, -30, -17, -98, -30, 0, 0, 240
L -17, -98, -30, -9, -105, -30, 0, 0, 240
L -9, -105, -30, -4, -122, -30, 0, 0, 240
L -4, -122, -30, -4, -128, -30, 0, 0, 240
L -4, -128, -30, 23, -142, -25, 0, 0, 240
L 23, -142, -25, 34, -129, -30, 0, 0, 240
L 34, -129, -30, 48, -125, -29, 0, 0, 240
L 48, -125, -29, 60, -133, -30, 0, 0, 240
L 60, -133, -30, 62, -155, -29, 0, 0, 240
L 62, -155, -29, 58, -171, -30, 0, 0, 240
L 58, -171, -30, 49, -178, -30, 0, 0, 240
L 49, -178, -30, 41, -183, -27, 0, 0, 240
L 41, -183, -27, 44, -201, -29, 0, 0, 240
L 44, -201, -29, 42, -213, -29, 0, 0, 240
L 42, -213, -29, 48, -218, -29, 0, 0, 240
L 48, -218, -29, 70, -218, -30, 0, 0, 240
L 70, -218, -30, 99, -215, -30, 0, 0, 240
L 99, -215, -30, 112, -212, -30, 0, 0, 240
L 112, -212, -30, 123, -207, -30, 0, 0, 240
L 123, -207, -30, 141, -178, -29, 0, 0, 240
L 141, -178, -29, 134, -165, -30, 0, 0, 240
L 134, -165, -30, 119, -158, -30, 0, 0, 240
L 119, -158, -30, 104, -149, -30, 0, 0, 240
L 104, -149, -30, 96, -128, -30, 0, 0, 240
L 96, -128, -30, 104, -106, -30, 0, 0, 240
L 104, -106, -30, 123, -81, -30, 0, 0, 240
L 123, -81, -30, 142, -71, -30, 0, 0, 240
L 142, -71, -30, 150, -59, -30, 0, 0, 240
L 150, -59, -30, 149, -49, -30, 0, 0, 240
L 149, -49, -30, 129, -21, -30, 0, 0, 240
L 129, -21, -30, 125, -10, -30, 0, 0, 240
L 125, -10, -30, 87, 2, -30, 0, 0, 240
L 87, 2, -30, 74, -4, -29, 0, 0, 240
L 74, -4, -29, 41, -15, -30, 0, 0, 240
L 41, -15, -30, 23, -16, -30, 0, 0, 240
L 23, -16, -30, 1, -14, -30, 0, 0, 240
L 1, -14, -30, -23, -18, -30, 0, 0, 240
L -23, -18, -30, -34, -26, -29, 0, 0, 240
L -34, -26, -29, -50, -50, -30, 0, 0, 240
L -50, -50, -30, -72, -59, -30, 0, 0, 240
L -72, -59, -30, -95, -55, -30, 0, 0, 240
L -95, -55, -30, -144, -59, -30, 0, 0, 240
L -144, -59, -30, -158, -65, -29, 0, 0, 240
L -158, -65, -29, -172, -84, -30, 0, 0, 240
L -172, -84, -30, -181, -106, -30, 0, 0, 240
L -72, -190, -29, -70, -172, -27, 127, 127, 127
L -70, -172, -27, -74, -167, -26, 127, 127, 127
L -74, -167, -26, -52, -146, -22, 127, 127, 127
L -52, -146, -22, -44, -146, -27, 127, 127, 127
L -44, -146, -27, -36, -144, -27, 127, 127, 127
L -36, -144, -27, -27, -145, -27, 127, 127, 127
L -27, -145, -27, -19, -141, -27, 127, 127, 127
L -19, -141, -27, -6, -141, -22, 127, 127, 127
L -6, -141, -22, 9, -149, -21, 127, 127, 127
L 9, -149, -21, 14, -154, -27, 127, 127, 127
L 14, -154, -27, 17, -169, -25, 127, 127, 127
L 17, -169, -25, 22, -179, -24, 127, 127, 127
L 22, -179, -24, 27, -179, -24, 127, 127, 127
L 27, -179, -24, 29, -195, -21, 127, 127, 127
L 29, -195, -21, 22, -209, -28, 127, 127, 127
L 22, -209, -28, 17, -211, -26, 127, 127, 127
L 17, -211, -26, 12, -220, -26, 127, 127, 127
L 12, -220, -26, -1, -226, -27, 127, 127, 127
L -1, -226, -27, -13, -224, -28, 127, 127, 127
L -13, -224, -28, -21, -226, -28, 127, 127, 127
L -21, -226, -28, -48, -216, -25, 127, 127, 127
L -48, -216, -25, -50, -216, -26, 127, 127, 127
L -72, -191, -29, -52, -198, -26, 127, 127, 127
L -52, -198, -26, -40, -203, -32, 127, 127, 127
L -40, -203, -32, -26, -208, -39, 127, 127, 127
L -26, -208, -39, -14, -210, -43, 127, 127, 127
L -14, -210, -43, 1, -210, -49, 127, 127, 127
L 1, -210, -49, 5, -201, -51, 127, 127, 127
L 5, -201, -51, 9, -185, -59, 127, 127, 127
L 9, -185, -59, 1, -175, -64, 127, 127, 127
L 1, -175, -64, 0, -170, -67, 127, 127, 127
L 583, 130, 10, 582, 133, 10, 127, 64, 0
L 581, 133, 10, 571, 140, 11, 127, 64, 0
L 571, 140, 11, 556, 139, 10, 127, 64, 0
L 556, 139, 10, 549, 118, 9, 127, 64, 0
L 549, 118, 9, 560, 107, 8, 127, 64, 0
L 560, 107, 8, 571, 107, 8, 127, 64, 0
L 571, 107, 8, 578, 111, 9, 127, 64, 0
L 578, 77, 7, 574, 84, 7, 127, 64, 0
L 574, 84, 7, 563, 89, 7, 127, 64, 0
L 563, 89, 7, 547, 86, 7, 127, 64, 0
L 547, 86, 7, 543, 64, 5, 127, 64, 0
L 543, 64, 5, 556, 55, 5, 127, 64, 0
L 556, 55, 5, 567, 57, 5, 127, 64, 0
L 567, 57, 5, 573, 61, 6, 127, 64, 0
L 573, 61, 6, 572, 61, 7, 127, 64, 0
L 616, 62, 7, 620, 57, 7, 127, 64, 0
L 620, 57, 7, 633, 55, 8, 127, 64, 0
L 633, 55, 8, 647, 62, 9, 127, 64, 0
L 647, 62, 9, 645, 84, 9, 127, 64, 0
L 645, 84, 9, 630, 88, 9, 127, 64, 0
L 630, 88, 9, 620, 83, 8, 127, 64, 0
L 620, 83, 8, 615, 77, 8, 127, 64, 0
L 625, 116, 11, 634, 114, 11, 127, 64, 0
L 634, 114, 11, 644, 121, 11, 127, 64, 0
L 644, 121, 11, 646, 138, 13, 127, 64, 0
L 646, 138, 13, 627, 154, 13, 127, 64, 0
L 627, 154, 13, 611, 148, 12, 127, 64, 0
L 611, 148, 12, 608, 139, 12, 127, 64, 0
L 608, 138, 11, 611, 130, 11, 127, 64, 0
L 619, 12, 4, 628, 15, 4, 127, 64, 0
L 628, 15, 4, 637, 13, 5, 127, 64, 0
L 637, 13, 5, 645, -2, 4, 127, 64, 0
L 645, -2, 4, 631, -24, 2, 127, 64, 0
L 631, -24, 2, 613, -22, 2, 127, 64, 0
L 613, -22, 2, 605, -13, 2, 127, 64, 0
L 605, -13, 2, 608, -3, 3, 127, 64, 0
L 546, -27, -1, 548, -37, -1, 127, 64, 0
L 547, -37, -1, 543, -45, -2, 127, 64, 0
L 543, -45, -2, 535, -48, -2, 127, 64, 0
L 535, -48, -2, 528, -48, -2, 127, 64, 0
L 528, -48, -2, 510, -31, -2, 127, 64, 0
L 510, -31, -2, 514, -15, -1, 127, 64, 0
L 514, -15, -1, 524, -9, -0, 127, 64, 0
L 524, -9, -0, 533, -12, 1, 127, 64, 0
L 458, -6, -0, 470, -23, 0, 0, 0, 0
L 470, -23, 0, 465, -30, 3, 0, 0, 0
L 465, -30, 3, 475, -52, 3, 0, 0, 0
L 475, -52, 3, 467, -60, 3, 0, 0, 0
L 467, -60, 3, 475, -70, 3, 0, 0, 0
L 475, -70, 3, 467, -87, -1, 0, 0, 0
L 467, -87, -1, 450, -86, 0, 0, 0, 0
L 450, -86, 0, 437, -103, -3, 0, 0, 0
L 437, -103, -3, 420, -125, -3, 0, 0, 0
L 420, -125, -3, 408, -138, 2, 0, 0, 0
L 408, -138, 2, 402, -137, 1, 0, 0, 0
L 402, -137, 1, 406, -145, 3, 0, 0, 0
L 406, -145, 3, 400, -154, -10, 0, 0, 0
L 400, -154, -10, 379, -146, -8, 0, 0, 0
L 379, -146, -8, 370, -145, -12, 0, 0, 0
L 370, -145, -12, 360, -143, -23, 0, 0, 0
L 360, -143, -23, 351, -140, -24, 0, 0, 0
L 351, -140, -24, 344, -127, -24, 0, 0, 0
L 344, -127, -24, 353, -114, -16, 0, 0, 0
L 353, -114, -16, 356, -111, -14, 0, 0, 0
L 356, -111, -14, 360, -106, -10, 0, 0, 0
L 360, -106, -10, 365, -98, -3, 0, 0, 0
L 365, -98, -3, 365, -76, 1, 0, 0, 0
L 365, -76, 1, 351, -58, -2, 0, 0, 0
L 351, -58, -1, 341, -52, -2, 0, 0, 0
L 341, -52, -2, 316, -46, -3, 0, 0, 0
L 316, -46, -3, 304, -36, -4, 0, 0, 0
L 304, -36, -4, 288, -20, -7, 0, 0, 0
L 288, -20, -7, 281, -29, -13, 0, 0, 0
L 281, -29, -13, 268, -24, -14, 0, 0, 0
L 268, -24, -14, 258, -20, -17, 0, 0, 0
L 258, -20, -17, 258, -9, -15, 0, 0, 0
L 258, -9, -15, 261, 4, -11, 0, 0, 0
L 261, 4, -11, 284, 8, -9, 0, 0, 0
L 284, 8, -9, 287, 3, -8, 0, 0, 0
L 287, 3, -8, 302, 11, -2, 0, 0, 0
L 302, 11, -2, 306, 14, -3, 0, 0, 0
L 306, 14, -3, 308, 23, -5, 0, 0, 0
L 308, 23, -5, 300, 26, -5, 0, 0, 0
L 300, 26, -5, 281, 28, -13, 0, 0, 0
L 281, 28, -13, 278, 37, -15, 0, 0, 0
L 278, 37, -15, 292, 57, -10, 0, 0, 0
L 292, 57, -10, 303, 76, -2, 0, 0, 0
L 303, 76, -2, 311, 86, 6, 0, 0, 0
L 311, 86, 6, 318, 83, 6, 0, 0, 0
L 318, 83, 6, 322, 100, 13, 0, 0, 0
L 322, 100, 13, 347, 99, 10, 0, 0, 0
L 347, 99, 10, 363, 98, 12, 0, 0, 0
L 363, 98, 12, 372, 83, 11, 0, 0, 0
L 372, 83, 11, 376, 71, 11, 0, 0, 0
L 376, 71, 11, 389, 77, 10, 0, 0, 0
L 389, 77, 10, 404, 86, 3, 0, 0, 0
L 404, 86, 3, 410, 81, 3, 0, 0, 0
L 410, 81, 3, 410, 63, 10, 0, 0, 0
L 410, 63, 10, 411, 53, 9, 0, 0, 0
L 411, 53, 9, 414, 32, 7, 0, 0, 0
L 414, 32, 7, 406, 26, 9, 0, 0, 0
L 406, 26, 9, 406, 16, 8, 0, 0, 0
L 406, 16, 8, 429, -1, 8, 0, 0, 0
L 429, -1, 8, 442, -10, 5, 0, 0, 0
L 442, -10, 5, 458, -6, 0, 0, 0, 0
L -131, 200, -7, -139, 199, -6, 0, 0, 0
L -139, 199, -6, -139, 184, -13, 0, 0, 0
L -139, 184, -13, -148, 183, -14, 0, 0, 0
L -148, 183, -14, -168, 196, -15, 0, 0, 0
L -168, 196, -15, -182, 205, -14, 0, 0, 0
L -182, 205, -14, -196, 203, -14, 0, 0, 0
L -196, 203, -14, -207, 204, -11, 0, 0, 0
L -207, 204, -11, -215, 229, -7, 0, 0, 0
L -215, 229, -7, -197, 241, -10, 0, 0, 0
L -197, 241, -10, -197, 256, -8, 0, 0, 0
L -197, 256, -8, -188, 272, -7, 0, 0, 0
L -188, 272, -7, -183, 285, -7, 0, 0, 0
L -183, 285, -7, -182, 322, -2, 0, 0, 0
L -182, 322, -2, -181, 349, 2, 0, 0, 0
L -181, 349, 2, -181, 363, 5, 0, 0, 0
L -181, 363, 5, -186, 357, 3, 0, 0, 0
L -186, 357, 3, -206, 365, 4, 0, 0, 0
L -206, 365, 4, -217, 369, 5, 0, 0, 0
L -217, 369, 5, -217, 386, 7, 0, 0, 0
L -217, 386, 7, -218, 403, 9, 0, 0, 0
L -218, 403, 9, -206, 408, 8, 0, 0, 0
L -206, 408, 8, -203, 425, 8, 0, 0, 0
L -203, 425, 8, -185, 426, 8, 0, 0, 0
L -185, 426, 8, -171, 427, 10, 0, 0, 0
L -171, 427, 10, -167, 415, 14, 0, 0, 0
L -167, 415, 14, -152, 422, 14, 0, 0, 0
L -152, 422, 14, -145, 427, 14, 0, 0, 0
L -145, 427, 14, -141, 442, 11, 0, 0, 0
L -141, 442, 11, -140, 449, 9, 0, 0, 0
L -140, 449, 9, -134, 466, 18, 0, 0, 0
L -134, 466, 18, -125, 489, 20, 0, 0, 0
L -125, 489, 20, -135, 489, 16, 0, 0, 0
L -135, 489, 16, -137, 502, 16, 0, 0, 0
L -137, 502, 16, -131, 505, 19, 0, 0, 0
L -131, 505, 19, -95, 529, 19, 0, 0, 0
L -95, 529, 19, -82, 525, 19, 0, 0, 0
L -82, 525, 19, -69, 493, 19, 0, 0, 0
L -69, 493, 19, -77, 485, 20, 0, 0, 0
L -77, 485, 20, -67, 467, 18, 0, 0, 0
L -67, 467, 18, -62, 464, 18, 0, 0, 0
L -62, 464, 18, -63, 481, 18, 0, 0, 0
L -63, 481, 18, -46, 487, 14, 0, 0, 0
L -46, 487, 14, -34, 468, 17, 0, 0, 0
L -34, 468, 17, -11, 437, 13, 0, 0, 0
L -11, 437, 13, -5, 428, 12, 0, 0, 0
L -5, 428, 12, -9, 408, 9, 0, 0, 0
L -9, 408, 9, -20, 404, 8, 0, 0, 0
L -20, 404, 8, -39, 395, 11, 0, 0, 0
L -39, 395, 11, -48, 355, 10, 0, 0, 0
L -48, 355, 10, -52, 343, 10, 0, 0, 0
L -52, 343, 10, -57, 331, 8, 0, 0, 0
L -57, 331, 8, -46, 335, 7, 0, 0, 0
L -46, 335, 7, -41, 313, 1, 0, 0, 0
L -41, 313, 1, -38, 303, -2, 0, 0, 0
L -38, 303, -2, -49, 294, -2, 0, 0, 0
L -49, 294, -2, -61, 282, -5, 0, 0, 0
L -61, 282, -5, -73, 274, -6, 0, 0, 0
L -73, 274, -6, -85, 281, -3, 0, 0, 0
L -85, 281, -3, -97, 289, 1, 0, 0, 0
L -97, 289, 1, -104, 283, -0, 0, 0, 0
L -104, 283, -0, -108, 247, -3, 0, 0, 0
L -108, 247, -3, -113, 222, -1, 0, 0, 0
L -113, 222, -1, -91, 213, -7, 0, 0, 0
L -91, 213, -7, -95, 188, -7, 0, 0, 0
L -95, 188, -7, -118, 182, -8, 0, 0, 0
L -118, 182, -8, -131, 200, -7, 0, 0, 0
L 93, 8, -17, 108, 35, -18, 0, 127, 127
L 108, 35, -18, 121, 68, -12, 0, 127, 127
L 121, 69, -12, 133, 86, -12, 0, 127, 127
L 133, 86, -12, 162, 104, -10, 0, 127, 127
L 163, 104, -10, 178, 115, -10, 0, 127, 127
L 178, 115, -10, 185, 126, -10, 0, 127, 127
L 185, 126, -10, 186, 138, -10, 0, 127, 127
L 186, 138, -10, 183, 162, -9, 0, 127, 127
L 183, 162, -9, 196, 207, -8, 0, 127, 127
L 196, 207, -8, 212, 232, -7, 0, 127, 127
L 212, 232, -7, 218, 256, -6, 0, 127, 127
L 218, 256, -6, 218, 275, 1, 0, 127, 127
L 218, 275, 1, 226, 296, 9, 0, 127, 127
L 226, 296, 9, 257, 348, 18, 0, 127, 127
L 258, 349, 18, 274, 381, 21, 0, 127, 127
L 274, 381, 21, 274, 397, 22, 0, 127, 127
L 274, 397, 22, 267, 421, 25, 0, 127, 127
L 267, 421, 25, 253, 445, 25, 0, 127, 127
L 253, 445, 25, 251, 468, 25, 0, 127, 127
L 251, 468, 25, 251, 481, 26, 0, 127, 127
L 251, 481, 26, 256, 490, 26, 0, 127, 127
L 256, 490, 26, 288, 509, 33, 0, 127, 127
L 288, 509, 33, 308, 517, 37, 0, 127, 127
L 308, 517, 37, 316, 542, 45, 0, 127, 127
L 316, 542, 45, 300, 564, 46, 0, 127, 127
L 300, 564, 46, 303, 585, 48, 0, 127, 127
L 303, 585, 48, 311, 609, 50, 0, 127, 127
L 311, 609, 50, 336, 633, 53, 0, 127, 127
L 336, 633, 53, 361, 654, 56, 0, 127, 127
L 361, 654, 56, 382, 670, 60, 0, 127, 127
L 382, 670, 60, 406, 680, 62, 0, 127, 127
L 406, 680, 62, 433, 690, 66, 0, 127, 127
L 433, 690, 66, 452, 696, 80, 0, 127, 127
L 452, 696, 80, 473, 674, 81, 0, 127, 127
L 473, 674, 81, 449, 667, 63, 0, 127, 127
L 449, 667, 63, 427, 659, 62, 0, 127, 127
L 426, 659, 62, 398, 648, 62, 0, 127, 127
L 398, 648, 62, 389, 629, 56, 0, 127, 127
L 389, 629, 56, 370, 618, 57, 0, 127, 127
L 370, 618, 57, 355, 588, 50, 0, 127, 127
L 355, 588, 50, 360, 563, 48, 0, 127, 127
L 360, 563, 48, 359, 557, 46, 0, 127, 127
L 359, 557, 46, 349, 540, 45, 0, 127, 127
L 349, 540, 45, 346, 525, 39, 0, 127, 127
L 346, 525, 39, 322, 495, 33, 0, 127, 127
L 322, 495, 33, 308, 462, 28, 0, 127, 127
L 308, 462, 28, 316, 444, 25, 0, 127, 127
L 316, 444, 25, 332, 436, 25, 0, 127, 127
L 332, 436, 25, 334, 418, 25, 0, 127, 127
L 334, 418, 25, 315, 397, 27, 0, 127, 127
L 315, 397, 27, 313, 376, 22, 0, 127, 127
L 313, 376, 22, 291, 353, 24, 0, 127, 127
L 291, 353, 24, 283, 329, 18, 0, 127, 127
L 283, 329, 18, 261, 302, 11, 0, 127, 127
L 261, 302, 11, 250, 281, 5, 0, 127, 127
L 250, 281, 5, 243, 249, -0, 0, 127, 127
L 243, 249, -0, 222, 204, -7, 0, 127, 127
L 222, 204, -7, 209, 158, -9, 0, 127, 127
L 209, 158, -9, 212, 125, -11, 0, 127, 127
L 212, 125, -11, 208, 109, -11, 0, 127, 127
L 208, 109, -11, 198, 91, -4, 0, 127, 127
L 198, 91, -4, 175, 76, -11, 0, 127, 127
L 175, 76, -11, 166, 63, -13, 0, 127, 127
L 166, 63, -13, 151, 51, -16, 0, 127, 127
L 151, 51, -16, 132, 5, -19, 0, 127, 127
L 132, 5, -19, 127, -5, -16, 0, 127, 127
