P -1.9980, 13.7961, -161.9354,  0, 0, 0,  3,  PORTAL_TO_ENTRANCE
P -685.5941, 76.2400, 18.0020,  0, 0, 0,  3,  PORTAL_TO_ENTRANCE
P -0.3952, -163.9458, 18.0020,  127, 64, 0,  3,  LOCKED_DOOR
P 95.1406, 765.7435, -17.9980,  0, 0, 0,  3,  PORTAL_OUT
P -20.4918, 374.8690, 8.0020,  240, 0, 0,  2,  FALSE_FLOOR_-_DROP_TO_BOTTOM
P 68.3279, -0.3625, 0.0020,  240, 0, 0,  3,  FALSE_STAIRS
P 0.0000, 0.0000, -7.9970,  0, 0, 0,  3,  ENTRANCE
P 206.4527, 23.2703, 18.0020,  0, 0, 0,  3,  FALSE_WALL_ONE_WAY
P 285.3222, -34.9648, 18.0020,  240, 0, 0,  3,  TRAP_FLOOR_RUG
P 574.2959, -322.3905, 18.0020,  0, 0, 0,  3,  Blood_Encrusted_Gloves_on_Floor
P 726.0812, -3.8510, 18.0020,  0, 0, 0,  3,  PORTAL_OUT
P -451.8859, 145.3095, 0.0020,  127, 64, 0,  3,  DROP_LEDGE_ONE_WAY
P -228.5579, 134.0441, 18.0020,  240, 0, 0,  3,  TRAP_FLOOR_RUG
P -5.7004, -276.1203, 0.0022,  240, 0, 0,  3,  TRAP_FLOOR_RUG
P -10.2835, -640.8812, -17.9980,  0, 0, 0,  3,  PORTAL
