P -1000.0000, 0.0000, 0.0000,  0, 0, 0,  1,  0
P -126.0000, 637.0000, 1.1144,  0, 127, 0,  3,  Lijka's_Belongings
P -1318.2906, -311.1476, -0.2309,  127, 0, 127,  3,  Sholano_(t4_raid_gear)
P -145.7043, -60.0972, -44.1088,  127, 0, 0,  3,  Carnifex_Korum
P -149.0803, -12.9987, 42.3253,  0, 127, 127,  3,  Vinloi
P -152.3640, -75.9252, -0.4379,  0, 127, 127,  3,  Nulbar
P -152.4504, -30.6126, -0.4370,  0, 127, 0,  3,  Record_Keeper_Buorin
P -176.4033, -165.5887, -0.4380,  0, 127, 0,  3,  Guard_Kalinir
P -177.2117, -23.3661, 42.3253,  0, 127, 0,  3,  Jerinos
P -178.2081, 136.7396, -0.4379,  0, 127, 0,  3,  Guard_Gantor
P -188.2152, 72.7926, -0.3105,  0, 127, 0,  3,  Rulbix's_Box_of_Records
P -1938.3939, 1410.4047, 72.0331,  0, 127, 0,  3,  Tyzen
P -195.9805, 238.3181, -43.1818,  0, 127, 127,  3,  Culdylri
P -2000.0000, 0.0000, 0.0000,  0, 0, 0,  1,  0
P -2012.0000, 941.0000, 3.0000,  0, 127, 127,  3,  Faltar
P -251.8423, -405.8358, -0.4386,  0, 127, 127,  3,  Alchemist_Xortiv
P -284.2043, 328.2328, -43.1844,  0, 127, 127,  3,  Prisoner_Ii'iv_Vio'i
P -3000.0000, 0.0000, 0.0000,  0, 0, 0,  1,  0
P -395.4016, 10.6416, -43.1864,  0, 127, 127,  3,  Druthur
P -436.0028, -18.8202, -43.1855,  0, 127, 0,  3,  Uyyina
P -436.9213, 11.5178, -43.1864,  0, 127, 0,  3,  Oashim
P -463.8906, 637.4005, -0.4386,  0, 127, 127,  3,  Joral
P -502.7961, -31.5362, -45.5551,  127, 0, 0,  3,  Guard_Tankod
P -624.5673, -930.9124, -0.4385,  127, 0, 0,  3,  Guard_Horilian
P -629.7827, -393.1781, -0.4386,  0, 127, 127,  3,  Caindi
P -635.0000, 692.0000, 1.1150,  0, 127, 0,  3,  Uyyina's_Belongings
P -663.0120, 3082.2122, 57.9068,  0, 0, 240,  3,  Sarith
P -786.2303, -618.4802, 2.8160,  0, 127, 0,  3,  Alijara
P -789.1905, -653.0050, 34.7045,  0, 127, 0,  2,  Blacksmith_Building
P -805.5724, 972.9751, 35.3999,  0, 127, 0,  2,  Blacksmith_Building
P -816.9199, -827.4420, 35.4005,  0, 127, 0,  2,  Blacksmith_Building
P -818.5321, 83.1510, 35.4014,  0, 127, 0,  2,  Blacksmith_Building
P -820.9428, 489.0297, 35.4007,  0, 127, 0,  2,  Blacksmith_Building
P -84.0605, -818.5635, 35.4014,  0, 127, 0,  2,  Blacksmith_Building
P -87.7801, 814.4578, 35.4010,  0, 127, 0,  2,  Blacksmith_Building
P 0.0000, -1000.0000, 0.0000,  0, 0, 0,  1,  1000
P 0.0000, -2000.0000, 0.0000,  0, 0, 0,  1,  2000
P 0.0000, -3000.0000, 0.0000,  0, 0, 0,  1,  3000
P 0.0000, 0.0000, 0.0000,  0, 0, 0,  1,  0
P 0.0000, 1000.0000, 0.0000,  0, 0, 0,  1,  -1000
P 0.0000, 2000.0000, 0.0000,  0, 0, 0,  1,  -2000
P 0.0000, 3000.0000, 0.0000,  0, 0, 0,  1,  -3000
P 0.0000, 4000.0000, 0.0000,  0, 0, 0,  1,  -4000
P 1000.0000, 0.0000, 0.0000,  0, 0, 0,  1,  0
P 1042.8807, 226.9743, -0.4387,  0, 127, 127,  3,  Merchant_Oarryn
P 118.1352, 847.4951, 2.8159,  0, 127, 0,  3,  Plonari
P 1507.1631, -39.9263, -18.5413,  0, 0, 240,  3,  Sepulcher_of_Order
P 1522.8521, 1890.3481, -4.3200,  0, 127, 0,  3,  Krosek
P 2000.0000, 0.0000, 0.0000,  0, 0, 0,  1,  0
P 2087.5740, 424.4611, 25.0522,  0, 127, 0,  3,  Briltimore_Weed
P 2307.5022, -1794.9044, 107.1378,  0, 127, 0,  3,  Blocked_Tunnel
P 2710.6294, 1107.7787, 62.3673,  0, 0, 240,  3,  Resplendant_Temple
P 3000.0000, 0.0000, 0.0000,  0, 0, 0,  1,  0
P 333.0000, 126.0000, 1.1179,  0, 127, 0,  3,  Srezen's_Belongings
P 407.9795, -1063.0322, -0.3112,  0, 127, 0,  3,  Liljka
P 47.7389, -6.3573, 39.3051,  127, 0, 0,  3,  Archon_Norandi
P 773.6000, -798.6000, 1.1180,  0, 127, 0,  3,  Caindi's_Belongings
P 785.8126, -684.7784, 2.8160,  0, 127, 0,  3,  Donair
P 814.2989, 836.0823, 35.4001,  0, 127, 0,  2,  Blacksmith_Building
P 819.2140, -985.4396, 35.4012,  0, 127, 0,  2,  Blacksmith_Building
P 828.4109, 643.5494, 35.4004,  0, 127, 0,  2,  Blacksmith_Building
P 828.4951, -470.9280, 35.3997,  0, 127, 0,  2,  Blacksmith_Building
P 829.3788, -836.5370, 34.7023,  0, 127, 0,  3,  Olosir
P 839.3900, 108.2713, 34.7026,  0, 127, 0,  2,  Blacksmith_Building
P 847.2620, 610.5562, 3.0155,  0, 127, 0,  3,  Wanidor
P 88.4598, -53.4277, -43.1758,  0, 127, 127,  3,  Archon_Xalvir
P 936.4096, 2010.6693, 9.0352,  0, 127, 0,  3,  Britlimore_Weed
P 994.0000, -127.0000, 1.1115,  0, 127, 0,  3,  Verobi's_Belongings
