L 325, 1240, 266, 322, 1248, 259, 64, 64, 64
L 334, 1231, 272, 325, 1240, 266, 64, 64, 64
L 345, 1221, 279, 334, 1231, 272, 64, 64, 64
L 358, 1219, 280, 345, 1221, 279, 64, 64, 64
L 370, 1218, 281, 358, 1219, 280, 64, 64, 64
L 374, 1217, 281, 370, 1218, 281, 64, 64, 64
L 397, 1225, 276, 374, 1217, 281, 64, 64, 64
L 399, 1227, 275, 397, 1225, 276, 64, 64, 64
L 407, 1242, 264, 399, 1227, 275, 64, 64, 64
L 408, 1248, 259, 407, 1242, 264, 64, 64, 64
L 1699, 45, 293, 1697, 43, 292, 0, 0, 0
L 1707, 49, 294, 1699, 45, 293, 64, 64, 64
L 1713, 52, 294, 1707, 49, 294, 64, 64, 64
L 1732, 52, 294, 1713, 52, 294, 64, 64, 64
L 1737, 50, 294, 1732, 52, 294, 64, 64, 64
L 1738, 49, 294, 1737, 50, 294, 64, 64, 64
L 1742, 44, 292, 1738, 49, 294, 64, 64, 64
L 1747, 36, 294, 1742, 44, 292, 64, 64, 64
L 1748, 34, 294, 1747, 36, 294, 64, 64, 64
L 1755, 23, 294, 1748, 34, 294, 64, 64, 64
L 1755, 20, 294, 1755, 23, 294, 64, 64, 64
L 1753, 15, 294, 1755, 20, 294, 64, 64, 64
L 1747, 8, 294, 1753, 15, 294, 64, 64, 64
L 1747, 7, 294, 1747, 8, 294, 64, 64, 64
L 1735, 1, 288, 1747, 7, 294, 64, 64, 64
L 1732, -2, 287, 1735, 1, 288, 64, 64, 64
L 1724, 2, 283, 1732, -2, 287, 64, 64, 64
L 1712, 11, 277, 1724, 2, 283, 64, 64, 64
L 1709, 12, 276, 1712, 11, 277, 64, 64, 64
L 1706, 24, 282, 1709, 12, 276, 64, 64, 64
L 1705, 26, 283, 1706, 24, 282, 64, 64, 64
L 1697, 33, 286, 1705, 26, 283, 64, 64, 64
L 684, 940, 106, 689, 948, 111, 64, 64, 64
L 659, 923, 97, 684, 940, 106, 64, 64, 64
L 652, 920, 95, 659, 923, 97, 64, 64, 64
L 648, 919, 95, 652, 920, 95, 64, 64, 64
L 624, 917, 101, 648, 919, 95, 64, 64, 64
L 618, 919, 104, 624, 917, 101, 64, 64, 64
L 615, 920, 104, 618, 919, 104, 64, 64, 64
L 604, 929, 107, 615, 920, 104, 64, 64, 64
L 598, 941, 111, 604, 929, 107, 64, 64, 64
L 599, 948, 113, 598, 941, 111, 64, 64, 64
L 393, 895, 76, 399, 907, 77, 64, 64, 64
L 392, 891, 75, 393, 895, 76, 64, 64, 64
L 392, 877, 75, 392, 891, 75, 64, 64, 64
L 394, 873, 75, 392, 877, 75, 64, 64, 64
L 397, 871, 75, 394, 873, 75, 64, 64, 64
L 401, 871, 74, 397, 871, 75, 64, 64, 64
L 413, 872, 74, 401, 871, 74, 64, 64, 64
L 436, 866, 74, 413, 872, 74, 64, 64, 64
L 447, 879, 74, 436, 866, 74, 64, 64, 64
L 452, 885, 75, 447, 879, 74, 64, 64, 64
L 459, 898, 76, 452, 885, 75, 64, 64, 64
L 463, 912, 84, 459, 898, 76, 64, 64, 64
L 463, 914, 85, 463, 912, 84, 64, 64, 64
L 462, 917, 86, 463, 914, 85, 64, 64, 64
L 454, 925, 90, 462, 917, 86, 64, 64, 64
L 440, 927, 89, 454, 925, 90, 64, 64, 64
L 435, 926, 89, 440, 927, 89, 64, 64, 64
L 431, 924, 88, 435, 926, 89, 64, 64, 64
L 403, 924, 92, 396, 917, 90, 64, 64, 64
L 413, 927, 93, 403, 924, 92, 64, 64, 64
L 416, 929, 94, 413, 927, 93, 64, 64, 64
L 423, 932, 94, 416, 929, 94, 64, 64, 64
L 430, 929, 91, 423, 932, 94, 64, 64, 64
L 431, 924, 88, 430, 929, 91, 64, 64, 64
L 430, 921, 90, 431, 924, 88, 64, 64, 64
L 430, 918, 90, 430, 921, 90, 64, 64, 64
L 429, 912, 93, 430, 918, 90, 64, 64, 64
L 426, 910, 92, 429, 912, 93, 64, 64, 64
L 415, 903, 90, 426, 910, 92, 64, 64, 64
L 406, 901, 88, 415, 903, 90, 64, 64, 64
L 404, 900, 86, 406, 901, 88, 64, 64, 64
L 401, 902, 85, 404, 900, 86, 64, 64, 64
L 400, 906, 81, 401, 902, 85, 64, 64, 64
L 398, 907, 82, 400, 906, 81, 64, 64, 64
L 397, 908, 82, 398, 907, 82, 64, 64, 64
L 396, 917, 89, 397, 908, 82, 64, 64, 64
L 240, 848, 81, 239, 848, 81, 64, 64, 64
L 242, 842, 79, 240, 848, 81, 64, 64, 64
L 245, 838, 78, 242, 842, 79, 64, 64, 64
L 242, 827, 77, 245, 838, 78, 64, 64, 64
L 234, 825, 78, 242, 827, 77, 64, 64, 64
L 227, 821, 78, 234, 825, 78, 64, 64, 64
L 223, 822, 78, 227, 821, 78, 64, 64, 64
L 220, 824, 79, 223, 822, 78, 64, 64, 64
L 216, 828, 81, 220, 824, 79, 64, 64, 64
L 215, 830, 82, 216, 828, 81, 64, 64, 64
L 211, 826, 81, 215, 830, 82, 64, 64, 64
L 206, 824, 82, 211, 826, 81, 64, 64, 64
L 200, 823, 83, 206, 824, 82, 64, 64, 64
L 197, 824, 84, 200, 823, 83, 64, 64, 64
L 191, 829, 85, 197, 824, 84, 64, 64, 64
L 190, 832, 86, 191, 829, 85, 64, 64, 64
L 185, 842, 88, 190, 832, 86, 64, 64, 64
L 186, 845, 88, 185, 842, 88, 64, 64, 64
L 188, 848, 89, 186, 845, 88, 64, 64, 64
L -673, 739, 69, -676, 736, 67, 64, 64, 64
L -672, 740, 69, -673, 739, 69, 64, 64, 64
L -668, 751, 75, -672, 740, 69, 64, 64, 64
L -665, 760, 77, -668, 751, 75, 64, 64, 64
L -668, 780, 79, -665, 760, 77, 64, 64, 64
L -674, 789, 79, -668, 780, 79, 64, 64, 64
L -683, 801, 79, -674, 789, 79, 64, 64, 64
L -695, 804, 77, -683, 801, 79, 64, 64, 64
L -698, 804, 77, -695, 804, 77, 0, 0, 0
L -703, 803, 79, -698, 804, 77, 0, 0, 0
L -731, 787, 75, -723, 799, 75, 64, 64, 64
L -733, 780, 75, -731, 787, 75, 64, 64, 64
L -736, 760, 74, -733, 780, 75, 64, 64, 64
L -730, 749, 73, -736, 760, 74, 64, 64, 64
L -720, 738, 67, -730, 749, 73, 64, 64, 64
L -717, 734, 64, -720, 738, 67, 64, 64, 64
L -703, 726, 59, -717, 734, 64, 64, 64, 64
L -699, 724, 59, -703, 726, 59, 64, 64, 64
L -694, 724, 59, -699, 724, 59, 64, 64, 64
L -676, 736, 67, -694, 724, 59, 64, 64, 64
L -468, 823, 84, -473, 809, 84, 64, 64, 64
L -465, 843, 85, -468, 823, 84, 64, 64, 64
L -467, 848, 86, -465, 843, 85, 64, 64, 64
L -488, 859, 90, -467, 848, 86, 64, 64, 64
L -493, 860, 90, -488, 859, 90, 64, 64, 64
L -510, 861, 91, -493, 860, 90, 64, 64, 64
L -539, 861, 93, -510, 861, 91, 64, 64, 64
L -553, 858, 93, -539, 861, 93, 64, 64, 64
L -560, 851, 91, -553, 858, 93, 64, 64, 64
L -564, 840, 88, -560, 851, 91, 64, 64, 64
L -569, 842, 89, -564, 840, 88, 64, 64, 64
L -581, 839, 89, -569, 842, 89, 64, 64, 64
L -589, 830, 87, -581, 839, 89, 64, 64, 64
L -591, 827, 87, -589, 830, 87, 64, 64, 64
L -593, 816, 85, -591, 827, 87, 64, 64, 64
L -593, 814, 84, -593, 816, 85, 64, 64, 64
L -590, 806, 83, -593, 814, 84, 64, 64, 64
L -585, 801, 81, -590, 806, 83, 64, 64, 64
L -580, 799, 81, -585, 801, 81, 64, 64, 64
L -573, 798, 80, -580, 799, 81, 64, 64, 64
L -568, 791, 79, -573, 798, 80, 64, 64, 64
L -555, 784, 78, -568, 791, 79, 64, 64, 64
L -541, 779, 78, -555, 784, 78, 64, 64, 64
L -532, 773, 78, -541, 779, 78, 64, 64, 64
L -527, 769, 77, -532, 773, 78, 64, 64, 64
L -524, 768, 77, -527, 769, 77, 64, 64, 64
L -495, 785, 80, -524, 768, 77, 64, 64, 64
L -489, 791, 81, -495, 785, 80, 64, 64, 64
L -483, 798, 83, -489, 791, 81, 64, 64, 64
L -473, 809, 84, -483, 798, 83, 64, 64, 64
L -300, 806, 78, -292, 801, 75, 64, 64, 64
L -304, 811, 81, -300, 806, 78, 64, 64, 64
L -306, 818, 85, -304, 811, 81, 64, 64, 64
L -314, 822, 88, -306, 818, 85, 64, 64, 64
L -318, 822, 88, -314, 822, 88, 64, 64, 64
L -325, 820, 86, -318, 822, 88, 64, 64, 64
L -332, 816, 84, -325, 820, 86, 64, 64, 64
L -335, 812, 82, -332, 816, 84, 64, 64, 64
L -341, 800, 75, -335, 812, 82, 64, 64, 64
L -341, 799, 74, -341, 800, 75, 64, 64, 64
L -342, 795, 74, -341, 799, 74, 64, 64, 64
L -333, 775, 74, -342, 795, 74, 64, 64, 64
L -329, 768, 74, -333, 775, 74, 64, 64, 64
L -324, 766, 74, -329, 768, 74, 64, 64, 64
L -314, 765, 74, -324, 766, 74, 64, 64, 64
L -307, 766, 74, -314, 765, 74, 64, 64, 64
L -299, 772, 74, -307, 766, 74, 64, 64, 64
L -295, 776, 74, -299, 772, 74, 64, 64, 64
L -292, 798, 74, -295, 776, 74, 64, 64, 64
L -292, 801, 75, -292, 798, 74, 64, 64, 64
L 634, 807, 77, 637, 805, 76, 64, 64, 64
L 623, 809, 78, 634, 807, 77, 64, 64, 64
L 612, 804, 76, 623, 809, 78, 64, 64, 64
L 610, 804, 76, 612, 804, 76, 64, 64, 64
L 607, 800, 74, 610, 804, 76, 64, 64, 64
L 607, 802, 75, 607, 800, 74, 64, 64, 64
L 605, 807, 77, 607, 802, 75, 64, 64, 64
L 603, 811, 77, 605, 807, 77, 64, 64, 64
L 597, 815, 76, 603, 811, 77, 64, 64, 64
L 593, 818, 76, 597, 815, 76, 64, 64, 64
L 582, 817, 76, 593, 818, 76, 64, 64, 64
L 581, 817, 76, 582, 817, 76, 64, 64, 64
L 571, 808, 75, 581, 817, 76, 64, 64, 64
L 569, 805, 74, 571, 808, 75, 64, 64, 64
L 567, 799, 74, 569, 805, 74, 64, 64, 64
L 566, 795, 74, 567, 799, 74, 64, 64, 64
L 566, 793, 74, 566, 795, 74, 64, 64, 64
L 571, 782, 74, 566, 793, 74, 64, 64, 64
L 578, 777, 74, 571, 782, 74, 64, 64, 64
L 581, 776, 74, 578, 777, 74, 64, 64, 64
L 590, 777, 74, 581, 776, 74, 64, 64, 64
L 593, 777, 74, 590, 777, 74, 64, 64, 64
L 601, 784, 74, 593, 777, 74, 64, 64, 64
L 602, 786, 74, 601, 784, 74, 64, 64, 64
L 603, 781, 74, 602, 786, 74, 64, 64, 64
L 604, 779, 74, 603, 781, 74, 64, 64, 64
L 610, 772, 74, 604, 779, 74, 64, 64, 64
L 612, 771, 74, 610, 772, 74, 64, 64, 64
L 622, 769, 74, 612, 771, 74, 64, 64, 64
L 624, 769, 74, 622, 769, 74, 64, 64, 64
L 635, 775, 74, 624, 769, 74, 64, 64, 64
L 638, 778, 74, 635, 775, 74, 64, 64, 64
L 643, 786, 74, 638, 778, 74, 64, 64, 64
L 643, 798, 74, 643, 786, 74, 64, 64, 64
L 642, 800, 74, 643, 798, 74, 64, 64, 64
L 637, 805, 76, 642, 800, 74, 64, 64, 64
L 969, 760, 99, 969, 757, 100, 64, 64, 64
L 967, 763, 99, 969, 760, 99, 64, 64, 64
L 964, 765, 99, 967, 763, 99, 64, 64, 64
L 961, 771, 97, 964, 765, 99, 64, 64, 64
L 958, 773, 96, 961, 771, 97, 64, 64, 64
L 952, 772, 97, 958, 773, 96, 64, 64, 64
L 947, 770, 98, 952, 772, 97, 64, 64, 64
L 945, 771, 96, 947, 770, 98, 64, 64, 64
L 944, 771, 96, 945, 771, 96, 64, 64, 64
L 935, 762, 95, 944, 771, 96, 64, 64, 64
L 934, 752, 99, 935, 762, 95, 64, 64, 64
L 936, 748, 101, 934, 752, 99, 64, 64, 64
L 938, 742, 101, 936, 748, 101, 64, 64, 64
L 939, 740, 101, 938, 742, 101, 64, 64, 64
L 940, 737, 100, 939, 740, 101, 64, 64, 64
L 944, 734, 99, 940, 737, 100, 64, 64, 64
L 947, 733, 99, 944, 734, 99, 64, 64, 64
L 952, 730, 97, 947, 733, 99, 64, 64, 64
L 959, 729, 94, 952, 730, 97, 64, 64, 64
L 966, 735, 95, 959, 729, 94, 64, 64, 64
L 969, 741, 98, 966, 735, 95, 64, 64, 64
L 971, 748, 101, 969, 741, 98, 64, 64, 64
L 969, 757, 100, 971, 748, 101, 64, 64, 64
L 1118, 656, 101, 1127, 658, 101, 64, 64, 64
L 1117, 657, 100, 1118, 656, 101, 64, 64, 64
L 1109, 660, 98, 1117, 657, 100, 64, 64, 64
L 1107, 662, 99, 1109, 660, 98, 64, 64, 64
L 1103, 674, 102, 1107, 662, 99, 64, 64, 64
L 1105, 684, 102, 1103, 674, 102, 64, 64, 64
L 1105, 686, 102, 1105, 684, 102, 64, 64, 64
L 1111, 694, 99, 1105, 686, 102, 64, 64, 64
L 1118, 698, 96, 1111, 694, 99, 64, 64, 64
L 1121, 699, 95, 1118, 698, 96, 64, 64, 64
L 1122, 699, 94, 1121, 699, 95, 64, 64, 64
L 1130, 696, 90, 1122, 699, 94, 64, 64, 64
L 1135, 693, 87, 1130, 696, 90, 64, 64, 64
L 1137, 688, 86, 1135, 693, 87, 64, 64, 64
L 1138, 679, 91, 1137, 688, 86, 64, 64, 64
L 1135, 666, 97, 1138, 679, 91, 64, 64, 64
L 1128, 659, 100, 1135, 666, 97, 64, 64, 64
L 1127, 658, 101, 1128, 659, 100, 64, 64, 64
L 1432, -183, 74, 1437, -186, 74, 64, 64, 64
L 1428, -185, 74, 1432, -183, 74, 64, 64, 64
L 1425, -186, 74, 1428, -185, 74, 64, 64, 64
L 1418, -177, 75, 1425, -186, 74, 64, 64, 64
L 1407, -173, 75, 1418, -177, 75, 64, 64, 64
L 1396, -170, 75, 1407, -173, 75, 64, 64, 64
L 1389, -145, 76, 1396, -170, 75, 64, 64, 64
L 1388, -141, 77, 1389, -145, 76, 64, 64, 64
L 1386, -129, 78, 1388, -141, 77, 64, 64, 64
L 1395, -109, 80, 1386, -129, 78, 64, 64, 64
L 1398, -107, 81, 1395, -109, 80, 64, 64, 64
L 1403, -105, 81, 1398, -107, 81, 64, 64, 64
L 1411, -106, 81, 1403, -105, 81, 64, 64, 64
L 1417, -108, 81, 1411, -106, 81, 64, 64, 64
L 1435, -120, 79, 1417, -108, 81, 64, 64, 64
L 1442, -127, 78, 1435, -120, 79, 64, 64, 64
L 1452, -141, 76, 1442, -127, 78, 64, 64, 64
L 1451, -147, 76, 1452, -141, 76, 64, 64, 64
L 1459, -150, 75, 1451, -147, 76, 64, 64, 64
L 1465, -153, 75, 1459, -150, 75, 64, 64, 64
L 1467, -157, 75, 1465, -153, 75, 64, 64, 64
L 1466, -170, 74, 1467, -157, 75, 64, 64, 64
L 1465, -175, 74, 1466, -170, 74, 64, 64, 64
L 1459, -181, 74, 1465, -175, 74, 64, 64, 64
L 1449, -186, 74, 1459, -181, 74, 64, 64, 64
L 1437, -186, 74, 1449, -186, 74, 64, 64, 64
L 1217, -902, 78, 1204, -893, 74, 64, 64, 64
L 1227, -907, 80, 1217, -902, 78, 64, 64, 64
L 1237, -905, 82, 1227, -907, 80, 64, 64, 64
L 1245, -902, 83, 1237, -905, 82, 64, 64, 64
L 1247, -900, 84, 1245, -902, 83, 64, 64, 64
L 1248, -900, 83, 1247, -900, 84, 64, 64, 64
L 1266, -894, 88, 1248, -900, 83, 64, 64, 64
L 1269, -893, 88, 1266, -894, 88, 64, 64, 64
L 1273, -889, 88, 1269, -893, 88, 64, 64, 64
L 1282, -867, 80, 1273, -889, 88, 64, 64, 64
L 1285, -851, 77, 1282, -867, 80, 64, 64, 64
L 1288, -827, 75, 1285, -851, 77, 64, 64, 64
L 1277, -817, 74, 1288, -827, 75, 64, 64, 64
L 1267, -812, 74, 1277, -817, 74, 64, 64, 64
L 1242, -815, 74, 1267, -812, 74, 64, 64, 64
L 1207, -851, 74, 1242, -815, 74, 64, 64, 64
L 1211, -880, 74, 1207, -851, 74, 64, 64, 64
L 1204, -893, 74, 1211, -880, 74, 64, 64, 64
L 1759, -733, 306, 1749, -726, 300, 64, 64, 64
L 1760, -734, 307, 1759, -733, 306, 64, 64, 64
L 1762, -736, 308, 1760, -734, 307, 64, 64, 64
L 1764, -741, 312, 1762, -736, 308, 64, 64, 64
L 1765, -746, 315, 1764, -741, 312, 64, 64, 64
L 1764, -750, 315, 1765, -746, 315, 64, 64, 64
L 1759, -755, 317, 1764, -750, 315, 64, 64, 64
L 1755, -756, 315, 1759, -755, 317, 64, 64, 64
L 1749, -760, 315, 1755, -756, 315, 64, 64, 64
L 1745, -763, 315, 1749, -760, 315, 64, 64, 64
L 1738, -761, 307, 1745, -763, 315, 64, 64, 64
L 1730, -759, 309, 1738, -761, 307, 64, 64, 64
L 1725, -753, 310, 1730, -759, 309, 64, 64, 64
L 1723, -750, 310, 1725, -753, 310, 64, 64, 64
L 1723, -743, 309, 1723, -750, 310, 64, 64, 64
L 1724, -739, 308, 1723, -743, 309, 64, 64, 64
L 1726, -732, 306, 1724, -739, 308, 64, 64, 64
L 1747, -726, 299, 1726, -732, 306, 64, 64, 64
L 1749, -726, 300, 1747, -726, 299, 64, 64, 64
L 1834, -631, 317, 1845, -630, 318, 64, 64, 64
L 1833, -629, 315, 1834, -631, 317, 64, 64, 64
L 1827, -622, 311, 1833, -629, 315, 64, 64, 64
L 1825, -616, 311, 1827, -622, 311, 64, 64, 64
L 1820, -602, 313, 1825, -616, 311, 64, 64, 64
L 1819, -593, 316, 1820, -602, 313, 64, 64, 64
L 1820, -591, 317, 1819, -593, 316, 64, 64, 64
L 1842, -568, 321, 1847, -568, 320, 64, 64, 64
L 1840, -568, 321, 1842, -568, 321, 64, 64, 64
L 1839, -570, 321, 1840, -568, 321, 64, 64, 64
L 1828, -580, 319, 1839, -570, 321, 64, 64, 64
L 1820, -591, 317, 1828, -580, 319, 64, 64, 64
L 1811, -487, 311, 1804, -486, 311, 64, 64, 64
L 1816, -490, 312, 1811, -487, 311, 64, 64, 64
L 1822, -501, 312, 1816, -490, 312, 64, 64, 64
L 1821, -508, 314, 1822, -501, 312, 64, 64, 64
L 1814, -517, 314, 1821, -508, 314, 64, 64, 64
L 1813, -517, 314, 1814, -517, 314, 64, 64, 64
L 1804, -521, 312, 1813, -517, 314, 64, 64, 64
L 1790, -518, 309, 1804, -521, 312, 64, 64, 64
L 1786, -512, 308, 1790, -518, 309, 64, 64, 64
L 1784, -509, 309, 1786, -512, 308, 64, 64, 64
L 1783, -502, 309, 1784, -509, 309, 64, 64, 64
L 1784, -498, 310, 1783, -502, 309, 64, 64, 64
L 1789, -491, 311, 1784, -498, 310, 64, 64, 64
L 1790, -489, 311, 1789, -491, 311, 64, 64, 64
L 1797, -487, 309, 1790, -489, 311, 64, 64, 64
L 1804, -486, 311, 1797, -487, 309, 64, 64, 64
L 1785, -225, 299, 1778, -228, 298, 64, 64, 64
L 1788, -223, 299, 1785, -225, 299, 64, 64, 64
L 1796, -213, 301, 1788, -223, 299, 64, 64, 64
L 1817, -217, 310, 1796, -213, 301, 64, 64, 64
L 1826, -226, 313, 1817, -217, 310, 64, 64, 64
L 1827, -226, 314, 1826, -226, 313, 64, 64, 64
L 1829, -240, 314, 1827, -226, 314, 64, 64, 64
L 1829, -241, 313, 1829, -240, 314, 64, 64, 64
L 1825, -253, 311, 1829, -241, 313, 64, 64, 64
L 1821, -255, 310, 1825, -253, 311, 64, 64, 64
L 1801, -263, 301, 1821, -255, 310, 64, 64, 64
L 1796, -263, 298, 1801, -263, 301, 64, 64, 64
L 1790, -259, 296, 1796, -263, 298, 64, 64, 64
L 1781, -256, 296, 1790, -259, 296, 64, 64, 64
L 1780, -254, 296, 1781, -256, 296, 64, 64, 64
L 1771, -242, 296, 1780, -254, 296, 64, 64, 64
L 1770, -240, 297, 1771, -242, 296, 64, 64, 64
L 1771, -232, 298, 1770, -240, 297, 64, 64, 64
L 1773, -229, 298, 1771, -232, 298, 64, 64, 64
L 1780, -227, 299, 1773, -229, 298, 64, 64, 64
L 1708, 366, 294, 1697, 354, 294, 64, 64, 64
L 1715, 372, 294, 1708, 366, 294, 64, 64, 64
L 1732, 363, 294, 1715, 372, 294, 64, 64, 64
L 1760, 354, 294, 1732, 363, 294, 64, 64, 64
L 1763, 352, 294, 1760, 354, 294, 64, 64, 64
L 1767, 329, 294, 1763, 352, 294, 64, 64, 64
L 1766, 317, 294, 1767, 329, 294, 64, 64, 64
L 1763, 302, 294, 1766, 317, 294, 64, 64, 64
L 1755, 290, 294, 1763, 302, 294, 64, 64, 64
L 1748, 284, 294, 1755, 290, 294, 64, 64, 64
L 1739, 280, 295, 1748, 284, 294, 64, 64, 64
L 1724, 284, 294, 1739, 280, 295, 64, 64, 64
L 1718, 290, 294, 1724, 284, 294, 64, 64, 64
L 1712, 295, 294, 1718, 290, 294, 64, 64, 64
L 1696, 313, 294, 1712, 295, 294, 64, 64, 64
L 1688, 328, 294, 1696, 313, 294, 64, 64, 64
L 1689, 333, 294, 1688, 328, 294, 64, 64, 64
L 1692, 339, 294, 1689, 333, 294, 64, 64, 64
L 1695, 343, 294, 1692, 339, 294, 64, 64, 64
L 1697, 354, 294, 1695, 343, 294, 64, 64, 64
L 1613, 824, 294, 1612, 821, 294, 64, 64, 64
L 1615, 828, 294, 1613, 824, 294, 64, 64, 64
L 1619, 830, 294, 1615, 828, 294, 64, 64, 64
L 1625, 829, 294, 1619, 830, 294, 64, 64, 64
L 1631, 826, 294, 1625, 829, 294, 64, 64, 64
L 1631, 825, 294, 1631, 826, 294, 64, 64, 64
L 1629, 819, 295, 1631, 825, 294, 64, 64, 64
L 1626, 814, 294, 1629, 819, 295, 64, 64, 64
L 1621, 813, 294, 1626, 814, 294, 64, 64, 64
L 1617, 814, 294, 1621, 813, 294, 64, 64, 64
L 1615, 815, 294, 1617, 814, 294, 64, 64, 64
L 1613, 818, 294, 1615, 815, 294, 64, 64, 64
L 1612, 821, 294, 1613, 818, 294, 64, 64, 64
L 1573, 869, 294, 1558, 857, 294, 64, 64, 64
L 1592, 865, 294, 1573, 869, 294, 64, 64, 64
L 1601, 862, 294, 1592, 865, 294, 64, 64, 64
L 1605, 858, 294, 1601, 862, 294, 64, 64, 64
L 1607, 849, 294, 1605, 858, 294, 64, 64, 64
L 1603, 842, 294, 1607, 849, 294, 64, 64, 64
L 1601, 831, 294, 1603, 842, 294, 64, 64, 64
L 1578, 824, 294, 1601, 831, 294, 64, 64, 64
L 1568, 833, 294, 1578, 824, 294, 64, 64, 64
L 1561, 834, 294, 1568, 833, 294, 64, 64, 64
L 1554, 837, 294, 1561, 834, 294, 64, 64, 64
L 1552, 842, 294, 1554, 837, 294, 64, 64, 64
L 1558, 857, 294, 1552, 842, 294, 64, 64, 64
L 182, 1242, 294, 166, 1242, 294, 64, 64, 64
L 187, 1238, 294, 182, 1242, 294, 64, 64, 64
L 192, 1232, 294, 187, 1238, 294, 64, 64, 64
L 184, 1208, 294, 192, 1232, 294, 64, 64, 64
L 174, 1193, 294, 184, 1208, 294, 64, 64, 64
L 166, 1191, 294, 174, 1193, 294, 64, 64, 64
L 162, 1192, 294, 166, 1191, 294, 64, 64, 64
L 159, 1192, 294, 162, 1192, 294, 64, 64, 64
L 144, 1193, 294, 159, 1192, 294, 64, 64, 64
L 141, 1195, 294, 144, 1193, 294, 64, 64, 64
L 136, 1200, 294, 141, 1195, 294, 64, 64, 64
L 135, 1202, 294, 136, 1200, 294, 64, 64, 64
L 140, 1209, 294, 135, 1202, 294, 64, 64, 64
L 140, 1226, 294, 140, 1209, 294, 64, 64, 64
L 159, 1239, 294, 140, 1226, 294, 64, 64, 64
L 166, 1242, 294, 159, 1239, 294, 64, 64, 64
L -1031, 885, 286, -1027, 874, 280, 64, 64, 64
L -1031, 888, 288, -1031, 885, 286, 64, 64, 64
L -1030, 894, 292, -1031, 888, 288, 64, 64, 64
L -1027, 899, 294, -1030, 894, 292, 64, 64, 64
L -1024, 901, 294, -1027, 899, 294, 64, 64, 64
L -1018, 903, 294, -1024, 901, 294, 64, 64, 64
L -1013, 901, 294, -1018, 903, 294, 64, 64, 64
L -1006, 900, 294, -1013, 901, 294, 64, 64, 64
L -1002, 900, 294, -1006, 900, 294, 64, 64, 64
L -993, 889, 294, -1002, 900, 294, 64, 64, 64
L -992, 879, 294, -993, 889, 294, 64, 64, 64
L -992, 878, 294, -992, 879, 294, 64, 64, 64
L -998, 870, 294, -992, 878, 294, 64, 64, 64
L -1004, 867, 294, -998, 870, 294, 64, 64, 64
L -1007, 865, 292, -1004, 867, 294, 0, 0, 0
L -1025, 872, 282, -1007, 865, 292, 0, 0, 0
L -1027, 874, 280, -1025, 872, 282, 64, 64, 64
L -162, 1115, 294, -176, 1127, 294, 64, 64, 64
L -159, 1114, 294, -162, 1115, 294, 64, 64, 64
L -156, 1100, 294, -159, 1114, 294, 64, 64, 64
L -156, 1090, 294, -156, 1100, 294, 64, 64, 64
L -165, 1078, 294, -156, 1090, 294, 64, 64, 64
L -169, 1074, 294, -165, 1078, 294, 64, 64, 64
L -176, 1063, 294, -169, 1074, 294, 64, 64, 64
L -185, 1054, 294, -176, 1063, 294, 64, 64, 64
L -211, 1054, 294, -185, 1054, 294, 64, 64, 64
L -216, 1055, 294, -211, 1054, 294, 64, 64, 64
L -255, 1068, 294, -216, 1055, 294, 64, 64, 64
L -258, 1083, 294, -255, 1068, 294, 64, 64, 64
L -258, 1091, 294, -258, 1083, 294, 64, 64, 64
L -244, 1111, 294, -258, 1091, 294, 64, 64, 64
L -215, 1125, 294, -244, 1111, 294, 64, 64, 64
L -197, 1132, 294, -215, 1125, 294, 64, 64, 64
L -176, 1127, 294, -197, 1132, 294, 64, 64, 64
L 1430, 1048, 294, 1426, 1058, 294, 64, 64, 64
L 1430, 1045, 294, 1430, 1048, 294, 64, 64, 64
L 1426, 1036, 294, 1430, 1045, 294, 64, 64, 64
L 1420, 1033, 294, 1426, 1036, 294, 64, 64, 64
L 1406, 1031, 294, 1420, 1033, 294, 64, 64, 64
L 1372, 1039, 294, 1406, 1031, 294, 64, 64, 64
L 1363, 1042, 294, 1372, 1039, 294, 64, 64, 64
L 1351, 1042, 294, 1363, 1042, 294, 64, 64, 64
L 1350, 1043, 295, 1351, 1042, 294, 64, 64, 64
L 1349, 1047, 294, 1350, 1043, 295, 64, 64, 64
L 1351, 1054, 294, 1349, 1047, 294, 64, 64, 64
L 1354, 1059, 294, 1351, 1054, 294, 64, 64, 64
L 1362, 1067, 294, 1354, 1059, 294, 64, 64, 64
L 1367, 1071, 294, 1362, 1067, 294, 64, 64, 64
L 1382, 1077, 294, 1367, 1071, 294, 64, 64, 64
L 1393, 1084, 294, 1382, 1077, 294, 64, 64, 64
L 1400, 1087, 294, 1393, 1084, 294, 64, 64, 64
L 1403, 1087, 294, 1400, 1087, 294, 64, 64, 64
L 1411, 1085, 294, 1403, 1087, 294, 64, 64, 64
L 1418, 1076, 294, 1411, 1085, 294, 64, 64, 64
L 1422, 1070, 294, 1418, 1076, 294, 64, 64, 64
L 1426, 1057, 294, 1422, 1070, 294, 64, 64, 64
L 1532, 1270, 294, 1536, 1275, 294, 64, 64, 64
L 1522, 1264, 294, 1532, 1270, 294, 64, 64, 64
L 1520, 1261, 294, 1522, 1264, 294, 64, 64, 64
L 1520, 1259, 294, 1520, 1261, 294, 64, 64, 64
L 1522, 1243, 294, 1520, 1259, 294, 64, 64, 64
L 1527, 1231, 295, 1522, 1243, 294, 64, 64, 64
L 1528, 1229, 294, 1527, 1231, 295, 64, 64, 64
L 1542, 1219, 294, 1528, 1229, 294, 64, 64, 64
L 1557, 1218, 294, 1542, 1219, 294, 64, 64, 64
L 1561, 1220, 294, 1557, 1218, 294, 64, 64, 64
L 1569, 1225, 294, 1561, 1220, 294, 64, 64, 64
L 1576, 1233, 294, 1569, 1225, 294, 64, 64, 64
L 1580, 1240, 294, 1576, 1233, 294, 64, 64, 64
L 1581, 1249, 294, 1580, 1240, 294, 64, 64, 64
L 1580, 1253, 294, 1581, 1249, 294, 64, 64, 64
L 1568, 1261, 294, 1580, 1253, 294, 64, 64, 64
L 1561, 1275, 294, 1568, 1261, 294, 64, 64, 64
L 1536, 1275, 294, 1561, 1275, 294, 64, 64, 64
L 1547, 1499, 294, 1553, 1505, 294, 240, 240, 240
L 1497, 1498, 294, 1547, 1499, 294, 240, 240, 240
L 1447, 1449, 294, 1497, 1498, 294, 240, 240, 240
L 1554, 1503, 294, 1553, 1505, 294, 240, 240, 240
L 1574, 1453, 294, 1554, 1503, 294, 240, 240, 240
L 1506, 1367, 303, 1504, 1359, 303, 64, 64, 64
L 1500, 1369, 303, 1506, 1367, 303, 64, 64, 64
L 1497, 1361, 303, 1500, 1369, 303, 64, 64, 64
L 1504, 1359, 303, 1497, 1361, 303, 64, 64, 64
L 1495, 1377, 300, 1515, 1371, 300, 64, 64, 64
L 1489, 1357, 300, 1495, 1377, 300, 64, 64, 64
L 1508, 1351, 300, 1489, 1357, 300, 64, 64, 64
L 1515, 1371, 300, 1508, 1351, 300, 64, 64, 64
L 1521, 1374, 294, 1511, 1345, 294, 64, 64, 64
L 1492, 1384, 294, 1521, 1374, 294, 64, 64, 64
L 1482, 1354, 294, 1492, 1384, 294, 64, 64, 64
L 1511, 1345, 294, 1482, 1354, 294, 64, 64, 64
L -1558, -1318, 43, -1558, -1338, 48, 64, 64, 64
L -1556, -1284, 31, -1558, -1318, 43, 64, 64, 64
L -1553, -1260, 23, -1556, -1284, 31, 64, 64, 64
L -1553, -1234, 17, -1553, -1260, 23, 64, 64, 64
L -1557, -1216, 12, -1553, -1234, 17, 64, 64, 64
L -1564, -1192, 3, -1557, -1216, 12, 64, 64, 64
L -1565, -1176, -3, -1564, -1192, 3, 64, 64, 64
L -1565, -1164, -3, -1565, -1176, -3, 64, 64, 64
L -1578, -1335, 44, -1579, -1340, 46, 64, 64, 64
L -1578, -1330, 43, -1578, -1335, 44, 64, 64, 64
L -1579, -1314, 39, -1578, -1331, 43, 64, 64, 64
L -1579, -1300, 35, -1579, -1314, 39, 64, 64, 64
L -1576, -1280, 27, -1579, -1300, 35, 64, 64, 64
L -1575, -1273, 25, -1576, -1280, 27, 64, 64, 64
L -1574, -1267, 22, -1575, -1273, 25, 64, 64, 64
L -1573, -1260, 21, -1574, -1267, 22, 64, 64, 64
L -1572, -1252, 19, -1573, -1260, 21, 64, 64, 64
L -1573, -1244, 18, -1572, -1252, 19, 64, 64, 64
L -1574, -1236, 15, -1573, -1244, 18, 64, 64, 64
L -1575, -1224, 12, -1574, -1236, 15, 64, 64, 64
L -1579, -1213, 9, -1575, -1224, 12, 64, 64, 64
L -1583, -1200, 4, -1579, -1213, 9, 64, 64, 64
L -1586, -1176, -2, -1583, -1200, 4, 64, 64, 64
L -1586, -1168, -5, -1586, -1176, -2, 64, 64, 64
L -1563, -1384, 60, -1558, -1338, 49, 64, 64, 64
L -1561, -1404, 62, -1563, -1384, 60, 64, 64, 64
L -1557, -1428, 67, -1561, -1404, 62, 64, 64, 64
L -1556, -1440, 68, -1557, -1428, 67, 64, 64, 64
L -1554, -1463, 68, -1556, -1440, 68, 64, 64, 64
L -1553, -1474, 69, -1554, -1463, 68, 64, 64, 64
L -1556, -1533, 64, -1553, -1474, 69, 64, 64, 64
L -1555, -1545, 64, -1556, -1533, 64, 64, 64, 64
L -1555, -1546, 64, -1555, -1545, 64, 64, 64, 64
L -1580, -1347, 49, -1580, -1346, 49, 64, 64, 64
L -1581, -1359, 53, -1578, -1331, 49, 64, 64, 64
L -1584, -1378, 57, -1581, -1359, 53, 64, 64, 64
L -1583, -1392, 59, -1584, -1378, 57, 64, 64, 64
L -1581, -1408, 60, -1583, -1392, 59, 64, 64, 64
L -1576, -1433, 66, -1581, -1408, 60, 64, 64, 64
L -1574, -1463, 66, -1576, -1433, 66, 64, 64, 64
L -1573, -1533, 64, -1574, -1463, 66, 64, 64, 64
L -1579, -1545, 64, -1573, -1533, 64, 64, 64, 64
L -1576, -1564, 64, -1579, -1545, 64, 64, 64, 64
L -1636, -1564, 64, -1576, -1564, 64, 64, 64, 64
L -1636, -1588, 64, -1617, -1588, 64, 64, 64, 64
L -1636, -1585, 64, -1636, -1588, 64, 64, 64, 64
L -1636, -1564, 64, -1636, -1586, 64, 64, 64, 64
L -1557, -1583, 64, -1555, -1545, 64, 64, 64, 64
L -1617, -1583, 64, -1557, -1583, 64, 64, 64, 64
L -1617, -1588, 64, -1617, -1583, 64, 64, 64, 64
L 1519, 1052, 294, 1520, 1048, 294, 64, 64, 64
L 1518, 1051, 294, 1519, 1052, 294, 64, 64, 64
L 1518, 1066, 294, 1518, 1051, 294, 64, 64, 64
L 1527, 1087, 294, 1518, 1066, 294, 64, 64, 64
L 1544, 1104, 294, 1527, 1087, 294, 64, 64, 64
L 1559, 1110, 294, 1544, 1104, 294, 64, 64, 64
L 1562, 1098, 294, 1559, 1110, 294, 64, 64, 64
L 1576, 1101, 294, 1562, 1098, 294, 64, 64, 64
L 1574, 1113, 294, 1576, 1101, 294, 64, 64, 64
L 1590, 1113, 294, 1574, 1113, 294, 64, 64, 64
L 1612, 1104, 294, 1590, 1113, 294, 64, 64, 64
L 1628, 1087, 294, 1612, 1104, 294, 64, 64, 64
L 1631, 1080, 294, 1628, 1087, 294, 64, 64, 64
L 1616, 1077, 294, 1631, 1080, 294, 64, 64, 64
L 1617, 1068, 294, 1616, 1077, 294, 64, 64, 64
L 1621, 1069, 295, 1617, 1068, 295, 64, 64, 64
L 1620, 1074, 294, 1621, 1069, 294, 64, 64, 64
L 1644, 1079, 294, 1620, 1074, 294, 64, 64, 64
L 1649, 1056, 294, 1644, 1079, 294, 64, 64, 64
L 1624, 1051, 294, 1649, 1056, 294, 64, 64, 64
L 1623, 1056, 294, 1624, 1051, 294, 64, 64, 64
L 1620, 1055, 295, 1623, 1056, 295, 64, 64, 64
L 1622, 1047, 294, 1620, 1055, 294, 64, 64, 64
L 1637, 1050, 294, 1622, 1047, 294, 64, 64, 64
L 1637, 1042, 294, 1637, 1050, 294, 64, 64, 64
L 1628, 1020, 294, 1637, 1042, 294, 64, 64, 64
L 1611, 1003, 294, 1628, 1020, 294, 64, 64, 64
L 1597, 997, 294, 1611, 1003, 294, 64, 64, 64
L 1595, 1009, 294, 1597, 997, 294, 64, 64, 64
L 1580, 1006, 294, 1595, 1009, 294, 64, 64, 64
L 1582, 994, 294, 1580, 1006, 294, 64, 64, 64
L 1566, 994, 294, 1582, 994, 294, 64, 64, 64
L 1544, 1003, 294, 1566, 994, 294, 64, 64, 64
L 1527, 1020, 294, 1544, 1003, 294, 64, 64, 64
L 1522, 1033, 294, 1527, 1020, 294, 64, 64, 64
L 1523, 1033, 294, 1522, 1033, 294, 64, 64, 64
L 1522, 1037, 294, 1523, 1033, 294, 64, 64, 64
L 1515, 1036, 294, 1522, 1037, 294, 64, 64, 64
L 1516, 1032, 294, 1515, 1036, 294, 64, 64, 64
L 1513, 1047, 294, 1520, 1048, 294, 64, 64, 64
L 1512, 1050, 294, 1513, 1047, 294, 64, 64, 64
L 1542, 1000, 294, 1565, 990, 294, 64, 64, 64
L 1518, 1032, 294, 1516, 1032, 294, 64, 64, 64
L 1524, 1018, 294, 1518, 1032, 294, 64, 64, 64
L 1542, 1000, 294, 1524, 1018, 294, 64, 64, 64
L 1590, 990, 294, 1565, 990, 294, 64, 64, 64
L 1614, 1000, 294, 1590, 990, 294, 64, 64, 64
L 1632, 1018, 294, 1614, 1000, 294, 64, 64, 64
L 1642, 1041, 294, 1632, 1018, 294, 64, 64, 64
L 1642, 1051, 294, 1642, 1041, 294, 64, 64, 64
L 1652, 1053, 294, 1642, 1051, 294, 64, 64, 64
L 1646, 1083, 294, 1652, 1053, 294, 64, 64, 64
L 1636, 1081, 294, 1646, 1083, 294, 64, 64, 64
L 1632, 1090, 294, 1636, 1081, 294, 64, 64, 64
L 1614, 1108, 294, 1632, 1090, 294, 64, 64, 64
L 1591, 1117, 294, 1614, 1108, 294, 64, 64, 64
L 1565, 1117, 294, 1591, 1117, 294, 64, 64, 64
L 1542, 1108, 294, 1565, 1117, 294, 64, 64, 64
L 1524, 1090, 294, 1542, 1108, 294, 64, 64, 64
L 1514, 1066, 294, 1524, 1090, 294, 64, 64, 64
L 1514, 1051, 294, 1514, 1066, 294, 64, 64, 64
L 1512, 1050, 294, 1514, 1051, 294, 64, 64, 64
L 937, -1152, 50, 971, -1136, 51, 0, 0, 240
L 921, -1148, 49, 937, -1152, 50, 0, 0, 240
L 897, -1145, 47, 921, -1148, 49, 0, 0, 240
L 877, -1145, 46, 897, -1145, 47, 0, 0, 240
L 853, -1152, 47, 877, -1145, 46, 0, 0, 240
L 843, -1153, 48, 853, -1152, 47, 0, 0, 240
L 799, -1156, 48, 843, -1153, 48, 0, 0, 240
L 735, -1159, 49, 799, -1156, 48, 0, 0, 240
L 703, -1158, 47, 735, -1159, 49, 0, 0, 240
L 694, -1161, 47, 703, -1158, 47, 0, 0, 240
L 685, -1170, 46, 694, -1161, 47, 0, 0, 240
L 682, -1168, 46, 685, -1170, 46, 0, 0, 240
L 625, -1168, 51, 682, -1168, 46, 0, 0, 240
L 588, -1220, 46, 625, -1168, 51, 0, 0, 240
L 553, -1249, 45, 588, -1220, 46, 0, 0, 240
L 545, -1255, 46, 553, -1249, 45, 0, 0, 240
L 505, -1278, 51, 545, -1255, 46, 0, 0, 240
L 445, -1321, 46, 505, -1278, 51, 0, 0, 240
L 427, -1342, 50, 445, -1321, 46, 0, 0, 240
L 411, -1354, 49, 427, -1342, 50, 0, 0, 240
L 386, -1367, 49, 411, -1354, 49, 0, 0, 240
L 366, -1375, 59, 386, -1367, 49, 0, 0, 240
L 342, -1377, 49, 366, -1375, 59, 0, 0, 240
L 326, -1394, 50, 342, -1377, 49, 0, 0, 240
L 319, -1401, 49, 326, -1394, 50, 0, 0, 240
L 300, -1412, 49, 319, -1401, 49, 0, 0, 240
L 293, -1414, 49, 300, -1412, 49, 0, 0, 240
L 273, -1414, 49, 293, -1414, 49, 0, 0, 240
L 250, -1415, 50, 273, -1414, 49, 0, 0, 240
L 245, -1415, 49, 250, -1415, 50, 0, 0, 240
L 251, -1396, 49, 245, -1415, 49, 0, 0, 240
L 250, -1378, 49, 251, -1396, 49, 0, 0, 240
L 232, -1365, 49, 250, -1378, 49, 0, 0, 240
L 206, -1365, 49, 232, -1365, 49, 0, 0, 240
L 186, -1371, 49, 206, -1365, 49, 0, 0, 240
L 167, -1381, 49, 186, -1371, 49, 0, 0, 240
L 153, -1395, 49, 167, -1381, 49, 0, 0, 240
L 148, -1414, 49, 153, -1395, 49, 0, 0, 240
L 56, -1414, 47, 148, -1414, 49, 0, 0, 240
L 50, -1410, 48, 56, -1414, 47, 0, 0, 240
L 35, -1398, 48, 50, -1410, 48, 0, 0, 240
L 4, -1395, 46, 35, -1398, 48, 0, 0, 240
L -9, -1408, 43, 4, -1395, 46, 0, 0, 240
L -21, -1414, 49, -9, -1408, 43, 0, 0, 240
L -21, -1414, 49, -106, -1414, 49, 0, 0, 240
L -112, -1401, 49, -106, -1414, 48, 0, 0, 240
L -149, -1358, 49, -112, -1401, 49, 0, 0, 240
L -183, -1348, 49, -149, -1358, 49, 0, 0, 240
L -266, -1366, 50, -183, -1348, 48, 0, 0, 240
L -710, -1364, 48, -266, -1366, 50, 0, 0, 240
L -712, -1358, 48, -710, -1364, 48, 0, 0, 240
L -717, -1347, 47, -712, -1358, 48, 0, 0, 240
L -735, -1330, 48, -717, -1347, 47, 0, 0, 240
L -742, -1324, 47, -735, -1330, 48, 0, 0, 240
L -832, -1313, 48, -742, -1324, 47, 0, 0, 240
L -961, -1309, 49, -832, -1313, 49, 0, 0, 240
L -968, -1266, 49, -961, -1309, 49, 0, 0, 240
L -976, -1266, 48, -974, -1266, 48, 0, 0, 240
L -1197, -1266, 49, -968, -1266, 48, 0, 0, 240
L -1274, -1262, 43, -1276, -1263, 43, 0, 0, 240
L -1278, -1264, 44, -1274, -1262, 43, 0, 0, 240
L -1275, -1260, 46, -1278, -1264, 44, 0, 0, 240
L -1261, -1251, 48, -1275, -1260, 46, 0, 0, 240
L -1243, -1241, 49, -1261, -1251, 48, 0, 0, 240
L -1227, -1239, 48, -1243, -1241, 49, 0, 0, 240
L -1203, -1255, 48, -1227, -1239, 48, 0, 0, 240
L -1197, -1266, 48, -1203, -1255, 48, 0, 0, 240
L -1282, -1264, 50, -1197, -1266, 48, 0, 0, 240
L -1316, -1263, 49, -1282, -1264, 50, 0, 0, 240
L -1321, -1251, 49, -1316, -1263, 49, 0, 0, 240
L -1321, -1220, 49, -1321, -1251, 49, 0, 0, 240
L -1352, -1220, 49, -1321, -1220, 49, 0, 0, 240
L -1364, -1215, 50, -1352, -1220, 49, 0, 0, 240
L -1416, -1214, 49, -1364, -1215, 50, 0, 0, 240
L -1421, -1201, 49, -1416, -1214, 49, 0, 0, 240
L -1421, -1169, 49, -1421, -1201, 49, 0, 0, 240
L -1453, -1170, 49, -1421, -1169, 49, 0, 0, 240
L -1463, -1166, 50, -1453, -1170, 49, 0, 0, 240
L -1615, -1163, 49, -1463, -1166, 50, 0, 0, 240
L -1618, -1151, 49, -1615, -1163, 49, 0, 0, 240
L -1618, -1117, 50, -1618, -1151, 49, 0, 0, 240
L -1653, -1117, 50, -1618, -1117, 50, 0, 0, 240
L -1663, -1115, 50, -1653, -1117, 50, 0, 0, 240
L -1717, -1114, 50, -1663, -1115, 50, 0, 0, 240
L -1754, -1103, 50, -1717, -1114, 50, 0, 0, 240
L -1765, -1065, 49, -1754, -1103, 50, 0, 0, 240
L -1765, -1014, 49, -1765, -1065, 49, 0, 0, 240
L -1804, -1002, 48, -1765, -1014, 48, 0, 0, 240
L -1817, -965, 50, -1804, -1002, 48, 0, 0, 240
L -1860, -959, 49, -1817, -965, 49, 0, 0, 240
L -1866, -915, 49, -1860, -959, 49, 0, 0, 240
L -2004, -910, 49, -1866, -915, 49, 0, 0, 240
L -1907, -763, 49, -2004, -910, 49, 0, 0, 240
L -1773, -70, 49, -1907, -763, 49, 0, 0, 240
L -1666, 609, 49, -1773, -70, 49, 0, 0, 240
L -1505, 1179, 49, -1666, 609, 49, 0, 0, 240
L -1060, 1393, 49, -1505, 1179, 49, 0, 0, 240
L -524, 1500, 48, -1060, 1393, 49, 0, 0, 240
L 1280, 1572, 49, -524, 1500, 48, 0, 0, 240
L 1549, 1518, 49, 1280, 1572, 49, 0, 0, 240
L 998, -1085, 49, 1006, -1064, 49, 150, 100, 0
L 1006, -1064, 49, 1008, -1059, 48, 150, 100, 0
L 1008, -1059, 48, 1010, -1053, 48, 150, 100, 0
L 1010, -1053, 48, 1011, -1052, 49, 150, 100, 0
L 1011, -1052, 49, 1012, -1050, 49, 150, 100, 0
L 1012, -1050, 49, 1013, -1049, 49, 150, 100, 0
L 1013, -1049, 49, 1014, -1047, 48, 150, 100, 0
L 1014, -1047, 48, 1016, -1046, 49, 150, 100, 0
L 1016, -1046, 49, 1049, -1006, 48, 150, 100, 0
L 1049, -1006, 48, 1051, -1003, 49, 150, 100, 0
L 1051, -1003, 49, 1052, -1002, 48, 150, 100, 0
L 1052, -1002, 48, 1053, -999, 49, 150, 100, 0
L 1053, -999, 49, 1053, -997, 49, 150, 100, 0
L 1053, -997, 49, 1054, -993, 48, 150, 100, 0
L 1054, -993, 48, 1055, -988, 48, 150, 100, 0
L 1055, -988, 48, 1057, -977, 49, 150, 100, 0
L 1057, -977, 49, 1062, -955, 49, 150, 100, 0
L 1062, -955, 49, 1063, -951, 48, 150, 100, 0
L 1063, -951, 48, 1065, -947, 49, 150, 100, 0
L 1065, -947, 49, 1065, -946, 49, 150, 100, 0
L 1065, -946, 49, 1072, -927, 49, 150, 100, 0
L 1072, -927, 49, 1074, -917, 49, 150, 100, 0
L 1074, -917, 49, 1076, -900, 49, 150, 100, 0
L 1076, -900, 49, 1077, -895, 49, 150, 100, 0
L 1077, -895, 49, 1079, -872, 49, 150, 100, 0
L 1079, -872, 49, 1078, -862, 48, 150, 100, 0
L 1078, -862, 48, 1078, -856, 48, 150, 100, 0
L 1078, -856, 48, 1078, -850, 49, 150, 100, 0
L 1078, -850, 49, 1081, -846, 48, 150, 100, 0
L 1081, -846, 48, 1097, -826, 49, 150, 100, 0
L 1097, -826, 49, 1100, -821, 49, 150, 100, 0
L 1100, -821, 49, 1103, -814, 49, 150, 100, 0
L 1103, -814, 49, 1106, -806, 49, 150, 100, 0
L 1106, -806, 49, 1108, -800, 48, 150, 100, 0
L 1108, -800, 48, 1118, -780, 49, 150, 100, 0
L 1118, -780, 49, 1126, -752, 49, 150, 100, 0
L 1126, -752, 49, 1127, -750, 48, 150, 100, 0
L 1127, -750, 48, 1141, -739, 49, 150, 100, 0
L 1141, -739, 49, 1147, -734, 49, 150, 100, 0
L 1147, -734, 49, 1153, -732, 48, 150, 100, 0
L 1153, -732, 48, 1172, -726, 49, 150, 100, 0
L 1172, -726, 49, 1173, -725, 48, 150, 100, 0
L 1173, -725, 48, 1198, -714, 49, 150, 100, 0
L 1198, -714, 49, 1199, -713, 48, 150, 100, 0
L 1199, -713, 48, 1201, -713, 48, 150, 100, 0
L 1201, -713, 48, 1203, -712, 48, 150, 100, 0
L 1203, -712, 48, 1242, -706, 49, 150, 100, 0
L 1242, -706, 49, 1299, -706, 48, 150, 100, 0
L 1299, -706, 48, 1391, -700, 49, 150, 100, 0
L 1391, -700, 49, 1401, -699, 49, 150, 100, 0
L 1401, -699, 49, 1447, -690, 49, 150, 100, 0
L 1447, -690, 49, 1450, -687, 49, 150, 100, 0
L 1450, -687, 49, 1490, -655, 49, 150, 100, 0
L 1490, -655, 49, 1495, -651, 48, 150, 100, 0
L 1495, -651, 48, 1497, -647, 49, 150, 100, 0
L 1497, -647, 49, 1538, -601, 49, 150, 100, 0
L 1538, -601, 49, 1546, -588, 49, 150, 100, 0
L 1546, -588, 49, 1547, -586, 49, 150, 100, 0
L 1547, -586, 49, 1558, -552, 48, 150, 100, 0
L 1558, -552, 48, 1558, -550, 48, 150, 100, 0
L 1558, -550, 48, 1557, -541, 48, 150, 100, 0
L 1557, -541, 48, 1546, -538, 49, 150, 100, 0
L 1546, -538, 49, 1521, -528, 49, 150, 100, 0
L 1521, -528, 49, 1521, -526, 48, 150, 100, 0
L 1521, -526, 48, 1521, -522, 48, 150, 100, 0
L 1521, -522, 48, 1524, -505, 48, 150, 100, 0
L 1524, -505, 48, 1523, -495, 48, 150, 100, 0
L 1523, -495, 48, 1521, -477, 49, 150, 100, 0
L 1521, -477, 49, 1520, -474, 48, 150, 100, 0
L 1520, -474, 48, 1519, -471, 48, 150, 100, 0
L 1519, -470, 48, 1509, -470, 48, 150, 100, 0
L 1509, -470, 48, 1503, -467, 48, 150, 100, 0
L 1503, -467, 48, 1501, -467, 48, 150, 100, 0
L 1501, -467, 48, 1497, -465, 48, 150, 100, 0
L 1497, -465, 48, 1496, -464, 48, 150, 100, 0
L 1496, -464, 48, 1491, -462, 48, 150, 100, 0
L 1491, -462, 48, 1489, -461, 47, 150, 100, 0
L 1489, -461, 47, 1489, -459, 48, 150, 100, 0
L 1489, -459, 48, 1488, -458, 48, 150, 100, 0
L 1488, -458, 48, 1485, -450, 48, 150, 100, 0
L 1485, -450, 48, 1483, -446, 48, 150, 100, 0
L 1483, -446, 48, 1483, -445, 48, 150, 100, 0
L 1483, -445, 48, 1484, -441, 48, 150, 100, 0
L 1484, -441, 48, 1484, -436, 48, 150, 100, 0
L 1484, -436, 48, 1485, -434, 47, 150, 100, 0
L 1485, -434, 47, 1486, -432, 47, 150, 100, 0
L 1486, -432, 47, 1486, -430, 48, 150, 100, 0
L 1486, -430, 48, 1487, -428, 48, 150, 100, 0
L 1487, -428, 48, 1489, -425, 48, 150, 100, 0
L 1489, -425, 48, 1489, -424, 49, 150, 100, 0
L 1489, -424, 49, 1484, -419, 49, 150, 100, 0
L 1484, -419, 49, 1481, -415, 48, 150, 100, 0
L 1481, -415, 49, 1481, -412, 49, 150, 100, 0
L 1481, -412, 49, 1480, -410, 48, 150, 100, 0
L 1480, -410, 48, 1479, -401, 49, 150, 100, 0
L 1479, -401, 49, 1479, -370, 49, 150, 100, 0
L 1479, -370, 49, 1467, -366, 49, 150, 100, 0
L 1467, -366, 49, 1439, -358, 48, 150, 100, 0
L 1439, -358, 48, 1437, -357, 48, 150, 100, 0
L 1437, -357, 48, 1427, -351, 49, 150, 100, 0
L 1427, -351, 49, 1424, -349, 48, 150, 100, 0
L 1424, -349, 48, 1397, -306, 49, 150, 100, 0
L 1397, -306, 49, 1396, -304, 48, 150, 100, 0
L 1396, -304, 48, 1395, -302, 48, 150, 100, 0
L 1395, -302, 48, 1394, -301, 49, 150, 100, 0
L 1394, -301, 49, 1377, -286, 48, 150, 100, 0
L 1377, -286, 48, 1370, -279, 49, 150, 100, 0
L 1370, -279, 49, 1369, -278, 48, 150, 100, 0
L 1369, -278, 48, 1356, -252, 48, 150, 100, 0
L 1356, -252, 48, 1356, -250, 49, 150, 100, 0
L 1356, -250, 49, 1355, -244, 49, 150, 100, 0
L 1355, -244, 49, 1354, -242, 49, 150, 100, 0
L 1354, -242, 49, 1347, -244, 49, 150, 100, 0
L 1347, -244, 49, 1346, -243, 49, 150, 100, 0
L 1346, -243, 49, 1341, -240, 48, 150, 100, 0
L 1341, -240, 48, 1336, -236, 49, 150, 100, 0
L 1336, -236, 49, 1308, -217, 48, 150, 100, 0
L 1308, -217, 48, 1292, -206, 48, 150, 100, 0
L 1292, -206, 48, 1290, -205, 48, 150, 100, 0
L 1290, -205, 48, 1289, -204, 48, 150, 100, 0
L 1289, -204, 48, 1284, -202, 49, 150, 100, 0
L 1284, -202, 49, 1280, -201, 48, 150, 100, 0
L 1280, -201, 48, 1260, -188, 49, 150, 100, 0
L 1260, -188, 49, 1257, -184, 49, 150, 100, 0
L 1257, -184, 49, 1254, -179, 48, 150, 100, 0
L 1254, -179, 48, 1251, -172, 49, 150, 100, 0
L 1251, -172, 49, 1247, -166, 48, 150, 100, 0
L 1247, -166, 48, 1244, -155, 48, 150, 100, 0
L 1244, -155, 48, 1242, -154, 49, 150, 100, 0
L 1242, -154, 49, 1237, -151, 49, 150, 100, 0
L 1237, -151, 49, 1221, -137, 49, 150, 100, 0
L 1221, -137, 49, 1216, -133, 49, 150, 100, 0
L 1216, -133, 49, 1215, -126, 48, 150, 100, 0
L 1215, -126, 48, 1212, -101, 48, 150, 100, 0
L 1212, -101, 48, 1211, -85, 49, 150, 100, 0
L 1211, -85, 49, 1207, -86, 49, 150, 100, 0
L 1207, -86, 49, 1197, -85, 48, 150, 100, 0
L 1197, -85, 48, 1176, -80, 48, 150, 100, 0
L 1176, -80, 48, 1170, -78, 49, 150, 100, 0
L 1170, -78, 49, 1171, -71, 48, 150, 100, 0
L 1171, -71, 48, 1172, -65, 48, 150, 100, 0
L 1172, -65, 48, 1172, -59, 48, 150, 100, 0
L 1172, -59, 48, 1173, -52, 48, 150, 100, 0
L 1173, -52, 48, 1174, -48, 49, 150, 100, 0
L 1174, -48, 49, 1174, -39, 49, 150, 100, 0
L 1174, -39, 49, 1175, -2, 48, 150, 100, 0
L 1175, -2, 48, 1176, -0, 49, 150, 100, 0
L 1176, -0, 49, 1175, 10, 49, 150, 100, 0
L 1175, 10, 49, 1174, 16, 49, 150, 100, 0
L 1174, 16, 49, 1174, 25, 48, 150, 100, 0
L 1174, 25, 48, 1173, 26, 48, 150, 100, 0
L 1173, 26, 48, 1173, 28, 48, 150, 100, 0
L 1173, 28, 48, 1172, 30, 48, 150, 100, 0
L 1172, 30, 48, 1171, 34, 49, 150, 100, 0
L 1171, 34, 49, 1168, 48, 48, 150, 100, 0
L 1168, 48, 48, 1167, 54, 48, 150, 100, 0
L 1167, 54, 48, 1166, 64, 48, 150, 100, 0
L 1166, 64, 48, 1167, 68, 49, 150, 100, 0
L 1167, 68, 49, 1166, 69, 49, 150, 100, 0
L 1166, 69, 49, 1164, 72, 49, 150, 100, 0
L 1164, 72, 49, 1151, 90, 48, 150, 100, 0
L 1151, 90, 48, 1147, 96, 48, 150, 100, 0
L 1147, 96, 48, 1146, 97, 48, 150, 100, 0
L 1146, 97, 48, 1141, 99, 48, 150, 100, 0
L 1141, 99, 48, 1139, 100, 48, 150, 100, 0
L 1139, 100, 48, 1115, 115, 48, 150, 100, 0
L 1115, 115, 48, 1114, 116, 48, 150, 100, 0
L 1114, 116, 48, 1114, 118, 48, 150, 100, 0
L 1114, 118, 48, 1113, 121, 48, 150, 100, 0
L 1113, 121, 48, 1113, 124, 48, 150, 100, 0
L 1113, 124, 48, 1110, 148, 48, 150, 100, 0
L 1110, 148, 48, 1112, 195, 48, 150, 100, 0
L 1112, 195, 48, 1112, 224, 48, 150, 100, 0
L 1112, 224, 48, 1110, 244, 48, 150, 100, 0
L 1110, 244, 48, 1110, 262, 49, 150, 100, 0
L 1110, 262, 49, 1106, 263, 48, 150, 100, 0
L 1106, 263, 48, 1105, 264, 48, 150, 100, 0
L 1105, 264, 48, 1097, 269, 49, 150, 100, 0
L 1097, 269, 49, 1096, 271, 49, 150, 100, 0
L 1096, 271, 49, 1093, 275, 48, 150, 100, 0
L 1093, 275, 48, 1092, 278, 48, 150, 100, 0
L 1092, 278, 48, 1089, 284, 48, 150, 100, 0
L 1089, 284, 48, 1084, 297, 48, 150, 100, 0
L 1084, 297, 48, 1084, 300, 48, 150, 100, 0
L 1084, 300, 48, 1078, 323, 48, 150, 100, 0
L 1078, 323, 48, 1077, 327, 49, 150, 100, 0
L 1077, 327, 49, 1076, 329, 48, 150, 100, 0
L 1076, 329, 48, 1069, 339, 49, 150, 100, 0
L 1069, 339, 49, 1063, 347, 48, 150, 100, 0
L 1063, 347, 48, 1061, 351, 48, 150, 100, 0
L 1061, 351, 48, 1061, 364, 48, 150, 100, 0
L 1061, 364, 48, 1046, 369, 48, 150, 100, 0
L 1046, 369, 48, 1035, 387, 48, 150, 100, 0
L 1035, 387, 48, 1021, 399, 48, 150, 100, 0
L 1021, 399, 48, 1016, 417, 48, 150, 100, 0
L 1016, 417, 48, 1006, 439, 49, 150, 100, 0
L 1006, 439, 49, 1004, 443, 48, 150, 100, 0
L 1004, 443, 48, 1001, 449, 49, 150, 100, 0
L 1001, 449, 49, 1001, 450, 48, 150, 100, 0
L 1001, 450, 48, 1001, 453, 48, 150, 100, 0
L 1001, 453, 48, 997, 453, 48, 150, 100, 0
L 997, 453, 48, 994, 458, 48, 150, 100, 0
L 994, 458, 48, 990, 464, 48, 150, 100, 0
L 990, 464, 48, 983, 477, 48, 150, 100, 0
L 983, 477, 48, 980, 482, 49, 150, 100, 0
L 980, 482, 49, 970, 488, 48, 150, 100, 0
L 970, 488, 48, 966, 490, 48, 150, 100, 0
L 966, 490, 48, 956, 496, 48, 150, 100, 0
L 956, 496, 48, 952, 498, 48, 150, 100, 0
L 952, 498, 48, 951, 505, 48, 150, 100, 0
L 951, 505, 48, 947, 522, 48, 150, 100, 0
L 947, 522, 48, 945, 535, 48, 150, 100, 0
L 945, 535, 48, 945, 541, 48, 150, 100, 0
L 945, 541, 48, 944, 547, 49, 150, 100, 0
L 944, 547, 49, 939, 548, 49, 150, 100, 0
L 939, 548, 49, 938, 549, 49, 150, 100, 0
L 938, 549, 49, 932, 552, 49, 150, 100, 0
L 932, 552, 49, 921, 560, 48, 150, 100, 0
L 921, 560, 48, 914, 566, 49, 150, 100, 0
L 914, 566, 49, 913, 567, 49, 150, 100, 0
L 913, 567, 49, 909, 571, 48, 150, 100, 0
L 909, 571, 48, 896, 586, 49, 150, 100, 0
L 896, 586, 49, 896, 587, 49, 150, 100, 0
L 896, 587, 49, 894, 590, 48, 150, 100, 0
L 894, 590, 48, 893, 592, 48, 150, 100, 0
L 893, 592, 48, 892, 593, 48, 150, 100, 0
L 892, 593, 48, 890, 594, 48, 150, 100, 0
L 890, 594, 48, 877, 598, 49, 150, 100, 0
L 877, 598, 49, 875, 599, 49, 150, 100, 0
L 875, 599, 49, 857, 609, 48, 150, 100, 0
L 857, 609, 48, 855, 610, 48, 150, 100, 0
L 855, 610, 48, 851, 610, 48, 150, 100, 0
L 851, 610, 48, 849, 611, 48, 150, 100, 0
L 849, 611, 48, 848, 611, 48, 150, 100, 0
L 848, 611, 48, 844, 613, 48, 150, 100, 0
L 844, 613, 48, 824, 628, 49, 150, 100, 0
L 824, 628, 49, 807, 642, 49, 150, 100, 0
L 807, 642, 49, 800, 648, 48, 150, 100, 0
L 800, 648, 48, 799, 649, 49, 150, 100, 0
L 799, 649, 49, 798, 650, 49, 150, 100, 0
L 798, 650, 49, 796, 651, 48, 150, 100, 0
L 796, 651, 48, 795, 651, 49, 150, 100, 0
L 795, 651, 49, 789, 654, 48, 150, 100, 0
L 789, 654, 48, 765, 667, 48, 150, 100, 0
L 765, 667, 48, 763, 667, 48, 150, 100, 0
L 763, 667, 48, 746, 668, 48, 150, 100, 0
L 746, 668, 48, 700, 687, 48, 150, 100, 0
L 700, 687, 48, 692, 691, 49, 150, 100, 0
L 692, 691, 49, 667, 699, 49, 150, 100, 0
L 667, 699, 49, 655, 706, 48, 150, 100, 0
L 655, 706, 48, 653, 705, 48, 150, 100, 0
L 653, 705, 48, 646, 707, 49, 150, 100, 0
L 646, 707, 49, 641, 707, 48, 150, 100, 0
L 641, 707, 48, 621, 710, 49, 150, 100, 0
L 621, 710, 49, 611, 711, 49, 150, 100, 0
L 611, 711, 49, 599, 711, 48, 150, 100, 0
L 599, 711, 48, 597, 711, 48, 150, 100, 0
L 597, 711, 48, 566, 701, 49, 150, 100, 0
L 566, 701, 49, 557, 698, 49, 150, 100, 0
L 557, 698, 49, 555, 698, 49, 150, 100, 0
L 555, 698, 49, 549, 696, 49, 150, 100, 0
L 549, 696, 49, 548, 696, 49, 150, 100, 0
L 548, 696, 49, 546, 696, 48, 150, 100, 0
L 546, 696, 48, 544, 695, 48, 150, 100, 0
L 544, 695, 48, 497, 696, 48, 150, 100, 0
L 497, 696, 48, 495, 696, 49, 150, 100, 0
L 495, 696, 49, 466, 698, 48, 150, 100, 0
L 466, 698, 48, 456, 699, 49, 150, 100, 0
L 456, 699, 49, 445, 701, 48, 150, 100, 0
L 445, 701, 48, 415, 710, 48, 150, 100, 0
L 415, 710, 48, 410, 711, 48, 150, 100, 0
L 410, 711, 48, 397, 711, 48, 150, 100, 0
L 397, 711, 48, 395, 712, 49, 150, 100, 0
L 395, 712, 49, 393, 713, 49, 150, 100, 0
L 393, 713, 49, 368, 720, 48, 150, 100, 0
L 368, 720, 48, 366, 720, 48, 150, 100, 0
L 366, 720, 48, 330, 722, 49, 150, 100, 0
L 330, 722, 49, 320, 723, 48, 150, 100, 0
L 320, 723, 48, 317, 725, 48, 150, 100, 0
L 317, 725, 48, 297, 742, 48, 150, 100, 0
L 297, 742, 48, 296, 741, 48, 150, 100, 0
L 296, 741, 48, 292, 740, 48, 150, 100, 0
L 292, 740, 48, 284, 736, 48, 150, 100, 0
L 284, 736, 48, 273, 730, 49, 150, 100, 0
L 273, 730, 49, 263, 723, 48, 150, 100, 0
L 263, 723, 48, 247, 713, 48, 150, 100, 0
L 247, 713, 48, 202, 704, 48, 150, 100, 0
L 202, 704, 48, 195, 703, 48, 150, 100, 0
L 195, 703, 48, 174, 699, 48, 150, 100, 0
L 174, 699, 48, 154, 696, 49, 150, 100, 0
L 154, 696, 49, 145, 695, 49, 150, 100, 0
L 145, 695, 49, 140, 694, 48, 150, 100, 0
L 140, 694, 48, 97, 688, 48, 150, 100, 0
L 97, 688, 48, 87, 689, 48, 150, 100, 0
L 87, 689, 48, 82, 691, 49, 150, 100, 0
L 82, 691, 49, 62, 699, 49, 150, 100, 0
L 62, 699, 49, 60, 701, 48, 150, 100, 0
L 60, 701, 48, 55, 707, 48, 150, 100, 0
L 55, 707, 48, 53, 712, 49, 150, 100, 0
L 53, 712, 49, 48, 724, 48, 150, 100, 0
L 48, 724, 48, 47, 729, 49, 150, 100, 0
L 47, 729, 49, 40, 739, 48, 150, 100, 0
L 40, 739, 48, 38, 741, 48, 150, 100, 0
L 38, 741, 48, 36, 741, 49, 150, 100, 0
L 36, 741, 49, 25, 744, 48, 150, 100, 0
L 25, 744, 48, 21, 745, 49, 150, 100, 0
L 21, 745, 49, 7, 748, 48, 150, 100, 0
L 7, 748, 48, 2, 749, 48, 150, 100, 0
L 2, 749, 48, -49, 754, 48, 150, 100, 0
L -49, 754, 48, -59, 754, 48, 150, 100, 0
L -59, 754, 48, -95, 757, 48, 150, 100, 0
L -95, 757, 48, -103, 764, 49, 150, 100, 0
L -103, 764, 49, -138, 763, 48, 150, 100, 0
L -138, 763, 48, -142, 762, 48, 150, 100, 0
L -142, 762, 48, -152, 757, 48, 150, 100, 0
L -152, 757, 48, -153, 756, 48, 150, 100, 0
L -153, 756, 48, -155, 755, 49, 150, 100, 0
L -155, 755, 49, -156, 754, 49, 150, 100, 0
L -156, 754, 49, -163, 748, 48, 150, 100, 0
L -163, 748, 48, -164, 747, 48, 150, 100, 0
L -164, 747, 48, -175, 741, 49, 150, 100, 0
L -175, 741, 49, -206, 722, 48, 150, 100, 0
L -206, 722, 48, -208, 721, 48, 150, 100, 0
L -208, 721, 48, -213, 718, 49, 150, 100, 0
L -213, 718, 49, -249, 702, 48, 150, 100, 0
L -249, 702, 48, -251, 701, 49, 0, 0, 0
L -251, 701, 49, -253, 700, 48, 0, 0, 0
L -253, 700, 48, -257, 698, 48, 0, 0, 0
L -257, 698, 48, -311, 690, 49, 0, 0, 0
L -311, 690, 49, -313, 690, 49, 0, 0, 0
L -313, 690, 49, -322, 691, 49, 0, 0, 0
L -322, 691, 49, -332, 692, 48, 0, 0, 0
L -332, 692, 48, -352, 693, 48, 0, 0, 0
L -352, 693, 48, -354, 693, 48, 0, 0, 0
L -354, 693, 48, -355, 692, 49, 0, 0, 0
L -355, 692, 49, -364, 687, 49, 0, 0, 0
L -364, 687, 49, -365, 689, 48, 0, 0, 0
L -365, 689, 48, -368, 698, 48, 0, 0, 0
L -368, 698, 48, -369, 700, 49, 0, 0, 0
L -369, 700, 49, -371, 702, 48, 0, 0, 0
L -371, 702, 48, -381, 711, 49, 0, 0, 0
L -381, 711, 49, -386, 715, 48, 0, 0, 0
L -386, 715, 48, -388, 716, 48, 0, 0, 0
L -388, 716, 48, -390, 716, 48, 0, 0, 0
L -390, 716, 48, -399, 719, 48, 0, 0, 0
L -399, 719, 48, -404, 720, 49, 0, 0, 0
L -404, 720, 49, -408, 720, 49, 0, 0, 0
L -408, 720, 49, -422, 717, 49, 0, 0, 0
L -422, 717, 49, -432, 716, 49, 0, 0, 0
L -432, 716, 49, -494, 708, 49, 0, 0, 0
L -494, 708, 49, -497, 708, 49, 0, 0, 0
L -497, 708, 49, -518, 707, 48, 0, 0, 0
L -518, 707, 48, -548, 704, 48, 0, 0, 0
L -548, 704, 48, -552, 704, 49, 0, 0, 0
L -552, 704, 49, -577, 698, 49, 0, 0, 0
L -577, 698, 49, -579, 698, 48, 0, 0, 0
L -579, 698, 48, -604, 696, 49, 0, 0, 0
L -604, 696, 49, -605, 696, 49, 0, 0, 0
L -605, 696, 49, -646, 692, 48, 0, 0, 0
L -646, 692, 48, -656, 691, 48, 0, 0, 0
L -656, 691, 48, -662, 692, 49, 0, 0, 0
L -662, 692, 49, -684, 698, 49, 0, 0, 0
L -684, 698, 49, -688, 700, 49, 0, 0, 0
L -688, 700, 49, -690, 703, 49, 0, 0, 0
L -690, 703, 49, -693, 705, 49, 0, 0, 0
L -693, 705, 49, -697, 707, 49, 0, 0, 0
L -697, 707, 49, -707, 707, 49, 0, 0, 0
L -707, 707, 49, -718, 706, 49, 0, 0, 0
L -718, 706, 49, -722, 706, 49, 0, 0, 0
L -722, 706, 49, -754, 703, 48, 0, 0, 0
L -754, 703, 48, -764, 699, 49, 0, 0, 0
L -764, 699, 49, -766, 698, 49, 0, 0, 0
L -766, 698, 49, -804, 689, 49, 0, 0, 0
L -804, 689, 49, -822, 679, 49, 0, 0, 0
L -822, 679, 49, -843, 676, 49, 0, 0, 0
L -843, 676, 49, -853, 675, 49, 0, 0, 0
L -853, 675, 49, -855, 676, 49, 0, 0, 0
L -855, 676, 49, -862, 683, 49, 0, 0, 0
L -862, 683, 49, -866, 686, 48, 0, 0, 0
L -866, 686, 48, -898, 688, 48, 0, 0, 0
L -898, 688, 48, -906, 690, 48, 0, 0, 0
L -906, 690, 48, -912, 691, 49, 0, 0, 0
L -912, 691, 49, -934, 691, 48, 0, 0, 0
L -934, 691, 48, -953, 692, 49, 0, 0, 0
L -953, 692, 49, -957, 692, 49, 0, 0, 0
L -957, 692, 49, -960, 693, 49, 0, 0, 0
L -960, 693, 49, -961, 693, 48, 0, 0, 0
L -961, 693, 48, -976, 699, 48, 0, 0, 0
L -976, 699, 48, -984, 706, 48, 0, 0, 0
L -984, 706, 48, -992, 712, 49, 0, 0, 0
L -992, 712, 49, -998, 715, 49, 0, 0, 0
L -998, 715, 49, -1005, 718, 49, 0, 0, 0
L -1005, 718, 49, -1022, 729, 48, 0, 0, 0
L -1022, 729, 48, -1026, 729, 49, 0, 0, 0
L -1026, 729, 49, -1045, 728, 48, 0, 0, 0
L -1045, 728, 48, -1053, 728, 49, 0, 0, 0
L -1053, 728, 49, -1055, 729, 48, 0, 0, 0
L -1055, 729, 48, -1066, 733, 49, 0, 0, 0
L -1066, 733, 49, -1068, 733, 48, 0, 0, 0
L -1068, 733, 48, -1104, 739, 49, 0, 0, 0
L -1104, 739, 49, -1105, 739, 49, 0, 0, 0
L -1105, 739, 49, -1113, 737, 49, 0, 0, 0
L -1113, 737, 49, -1115, 738, 48, 0, 0, 0
L -1115, 738, 48, -1122, 751, 48, 0, 0, 0
L -1122, 751, 48, -1133, 768, 48, 0, 0, 0
L -1133, 768, 48, -1135, 768, 48, 0, 0, 0
L -1135, 768, 48, -1137, 769, 48, 0, 0, 0
L -1137, 769, 48, -1159, 768, 48, 0, 0, 0
L -1159, 768, 48, -1189, 767, 49, 0, 0, 0
L -1189, 767, 49, -1199, 767, 49, 0, 0, 0
L -1199, 767, 49, -1204, 767, 48, 0, 0, 0
L -1204, 767, 48, -1221, 780, 48, 0, 0, 0
L -1221, 780, 48, -1258, 797, 49, 0, 0, 0
L -1258, 797, 49, -1261, 799, 49, 0, 0, 0
L -1261, 799, 49, -1265, 802, 48, 0, 0, 0
L -1265, 802, 48, -1281, 815, 48, 0, 0, 0
L -1281, 815, 48, -1285, 818, 48, 0, 0, 0
L -1285, 818, 48, -1295, 823, 49, 0, 0, 0
L -1295, 823, 49, -1304, 828, 48, 0, 0, 0
L -1304, 828, 48, -1311, 840, 49, 0, 0, 0
L -1311, 840, 49, -1312, 842, 49, 0, 0, 0
L -1312, 842, 49, -1312, 846, 49, 0, 0, 0
L -1312, 846, 49, -1313, 847, 49, 0, 0, 0
L -1313, 847, 49, -1314, 849, 48, 0, 0, 0
L -1314, 849, 48, -1316, 849, 48, 0, 0, 0
L -1313, 848, 49, -1302, 848, 61, 0, 0, 0
L -1302, 848, 61, -1273, 848, 69, 0, 0, 0
L -1273, 848, 69, -1204, 848, 117, 0, 0, 0
L -1204, 848, 117, -1203, 846, 116, 0, 0, 0
L -1203, 846, 116, -1202, 831, 104, 0, 0, 0
L -1202, 831, 104, -1202, 829, 103, 0, 0, 0
L -1202, 829, 103, -1203, 798, 73, 0, 0, 0
L -1203, 798, 73, -1169, 798, 73, 0, 0, 0
L -1170, 798, 74, -1051, 798, 74, 0, 0, 0
L -1051, 798, 74, -1003, 798, 81, 0, 0, 0
L -1003, 798, 81, -953, 798, 82, 0, 0, 0
L -953, 798, 82, -953, 749, 74, 0, 0, 0
L -953, 749, 74, -950, 747, 73, 64, 64, 64
L -950, 747, 73, -946, 734, 69, 64, 64, 64
L -946, 734, 69, -945, 732, 68, 64, 64, 64
L -945, 732, 68, -931, 720, 64, 64, 64, 64
L -931, 720, 64, -930, 720, 64, 64, 64, 64
L -930, 720, 64, -907, 722, 65, 64, 64, 64
L -907, 722, 65, -896, 725, 66, 64, 64, 64
L -896, 725, 66, -892, 734, 69, 64, 64, 64
L -892, 734, 69, -891, 735, 69, 64, 64, 64
L -891, 735, 69, -891, 733, 69, 64, 64, 64
L -891, 733, 69, -888, 725, 66, 64, 64, 64
L -888, 725, 66, -887, 724, 66, 64, 64, 64
L -887, 724, 66, -873, 717, 65, 64, 64, 64
L -873, 717, 65, -854, 718, 66, 64, 64, 64
L -854, 718, 66, -852, 719, 67, 64, 64, 64
L -852, 719, 67, -833, 744, 73, 64, 64, 64
L -833, 744, 73, -833, 748, 74, 64, 64, 64
L -833, 748, 74, -820, 749, 74, 0, 0, 0
L -820, 749, 74, -804, 748, 74, 0, 0, 0
L -804, 748, 74, -791, 760, 74, 0, 0, 0
L -791, 760, 74, -781, 771, 74, 0, 0, 0
L -781, 771, 74, -766, 785, 74, 0, 0, 0
L -766, 785, 74, -759, 780, 74, 0, 0, 0
L -759, 780, 74, -748, 780, 74, 0, 0, 0
L -748, 780, 74, -743, 782, 74, 0, 0, 0
L -743, 782, 74, -735, 790, 74, 0, 0, 0
L -735, 790, 74, -732, 798, 74, 0, 0, 0
L -732, 798, 74, -723, 798, 75, 0, 0, 0
L -723, 798, 75, -697, 805, 77, 0, 0, 0
L -697, 805, 77, -652, 848, 82, 0, 0, 0
L -652, 848, 82, -602, 848, 91, 0, 0, 0
L -602, 848, 91, -553, 898, 109, 0, 0, 0
L -553, 898, 109, -453, 898, 99, 0, 0, 0
L -453, 898, 99, -453, 848, 85, 0, 0, 0
L -453, 848, 85, -402, 848, 78, 0, 0, 0
L -402, 848, 78, -353, 848, 82, 0, 0, 0
L -353, 848, 82, -303, 848, 103, 0, 0, 0
L -303, 848, 103, -186, 848, 104, 0, 0, 0
L -186, 848, 104, -103, 848, 101, 0, 0, 0
L -103, 848, 101, -66, 848, 85, 0, 0, 0
L -66, 848, 85, 46, 898, 91, 0, 0, 0
L 46, 898, 91, 97, 898, 93, 0, 0, 0
L 97, 898, 93, 147, 898, 101, 0, 0, 0
L 147, 898, 101, 147, 848, 85, 0, 0, 0
L 147, 848, 85, 188, 848, 89, 0, 0, 0
L 188, 848, 89, 239, 848, 81, 0, 0, 0
L 239, 848, 81, 248, 849, 80, 0, 0, 0
L 248, 849, 80, 297, 898, 113, 0, 0, 0
L 297, 898, 113, 348, 899, 101, 0, 0, 0
L 348, 899, 101, 397, 948, 111, 0, 0, 0
L 397, 948, 111, 448, 948, 101, 0, 0, 0
L 448, 948, 101, 548, 948, 117, 0, 0, 0
L 548, 948, 117, 599, 948, 113, 0, 0, 0
L 599, 948, 113, 689, 948, 111, 0, 0, 0
L 689, 948, 111, 847, 948, 111, 0, 0, 0
L 847, 948, 111, 897, 948, 128, 0, 0, 0
L 897, 948, 128, 955, 898, 84, 0, 0, 0
L 955, 898, 84, 997, 898, 107, 0, 0, 0
L 997, 898, 107, 997, 849, 76, 0, 0, 0
L 997, 849, 76, 1047, 848, 89, 0, 0, 0
L 1047, 848, 89, 1097, 848, 95, 0, 0, 0
L 1097, 848, 95, 1146, 848, 103, 0, 0, 0
L 1146, 848, 103, 1197, 848, 148, 0, 0, 0
L 1197, 848, 148, 1197, 798, 89, 0, 0, 0
L 1197, 798, 89, 1247, 798, 115, 0, 0, 0
L 1247, 798, 115, 1247, 777, 100, 0, 0, 0
L 1247, 777, 100, 1254, 767, 114, 0, 0, 0
L 1254, 767, 114, 1258, 760, 120, 0, 0, 0
L 1258, 760, 120, 1262, 759, 122, 0, 0, 0
L 1262, 759, 122, 1274, 752, 125, 0, 0, 0
L 1274, 752, 125, 1279, 748, 123, 0, 0, 0
L 1279, 748, 123, 1297, 748, 147, 0, 0, 0
L 1297, 748, 147, 1297, 698, 85, 0, 0, 0
L 1297, 698, 85, 1347, 698, 116, 0, 0, 0
L 1347, 698, 116, 1347, 648, 78, 0, 0, 0
L 1347, 648, 78, 1351, 648, 80, 0, 0, 0
L 1351, 648, 80, 1397, 615, 85, 0, 0, 0
L 1397, 615, 85, 1397, 599, 74, 0, 0, 0
L 1397, 599, 74, 1447, 598, 128, 0, 0, 0
L 1447, 598, 128, 1447, 510, 86, 0, 0, 0
L 1447, 510, 86, 1451, 506, 95, 0, 0, 0
L 1451, 506, 95, 1456, 500, 104, 0, 0, 0
L 1456, 500, 104, 1458, 495, 105, 0, 0, 0
L 1458, 495, 105, 1457, 486, 101, 0, 0, 0
L 1457, 486, 101, 1453, 477, 92, 0, 0, 0
L 1453, 477, 92, 1447, 468, 76, 0, 0, 0
L 1447, 468, 76, 1447, 398, 74, 0, 0, 0
L 1447, 398, 74, 1497, 398, 99, 0, 0, 0
L 1497, 398, 99, 1497, 370, 87, 0, 0, 0
L 1497, 370, 87, 1497, 324, 76, 0, 0, 0
L 1497, 324, 76, 1497, 275, 74, 0, 0, 0
L 1497, 275, 74, 1497, 249, 74, 0, 0, 0
L 1497, 249, 74, 1547, 249, 84, 0, 0, 0
L 1547, 249, 84, 1547, 193, 81, 0, 0, 0
L 1547, 193, 81, 1597, 78, 82, 0, 0, 0
L 1597, 78, 82, 1597, 49, 85, 0, 0, 0
L 1597, 49, 85, 1598, 45, 86, 0, 0, 0
L 1598, 45, 86, 1597, -2, 83, 0, 0, 0
L 1597, -2, 83, 1647, -1, 107, 0, 0, 0
L 1647, -1, 107, 1647, -122, 116, 0, 0, 0
L 1647, -122, 116, 1667, -260, 176, 64, 64, 64
L 1667, -260, 176, 1667, -361, 176, 64, 64, 64
L 1667, -361, 176, 1692, -506, 240, 64, 64, 64
L 1692, -506, 240, 1697, -550, 259, 64, 64, 64
L 1697, -550, 259, 1701, -560, 264, 64, 64, 64
L 1701, -560, 264, 1712, -637, 278, 64, 64, 64
L 1712, -637, 278, 1719, -647, 280, 64, 64, 64
L 1719, -647, 280, 1719, -654, 281, 64, 64, 64
L 1719, -654, 281, 1695, -675, 286, 240, 240, 240
L 1695, -675, 286, 1675, -701, 293, 240, 240, 240
L 1675, -701, 293, 1674, -706, 294, 240, 240, 240
L 1674, -706, 294, 1665, -734, 296, 240, 240, 240
L 1665, -734, 296, 1671, -751, 300, 240, 240, 240
L 1671, -751, 300, 1658, -791, 302, 240, 240, 240
L 1658, -791, 302, 1664, -802, 305, 240, 240, 240
L 1664, -802, 305, 1649, -825, 306, 64, 64, 64
L 1649, -825, 306, 1648, -813, 302, 64, 64, 64
L 1648, -813, 302, 1646, -775, 293, 64, 64, 64
L 1646, -775, 293, 1641, -663, 279, 64, 64, 64
L 1641, -663, 279, 1633, -575, 261, 64, 64, 64
L 1633, -575, 261, 1629, -536, 251, 64, 64, 64
L 1629, -536, 251, 1620, -446, 211, 64, 64, 64
L 1620, -446, 211, 1618, -424, 202, 64, 64, 64
L 1618, -424, 202, 1617, -416, 199, 64, 64, 64
L 1617, -416, 199, 1612, -360, 175, 64, 64, 64
L 1612, -360, 175, 1611, -336, 171, 64, 64, 64
L 1611, -336, 171, 1611, -331, 170, 64, 64, 64
L 1611, -331, 170, 1610, -313, 169, 64, 64, 64
L 1610, -313, 169, 1608, -258, 169, 64, 64, 64
L 1608, -258, 169, 1608, -240, 166, 64, 64, 64
L 1608, -240, 166, 1608, -229, 159, 64, 64, 64
L 1608, -229, 159, 1608, -211, 152, 64, 64, 64
L 1608, -211, 152, 1608, -191, 145, 64, 64, 64
L 1608, -191, 145, 1608, -169, 135, 64, 64, 64
L 1608, -169, 135, 1608, -140, 120, 64, 64, 64
L 1608, -140, 120, 1608, -100, 105, 64, 64, 64
L 1608, -100, 105, 1608, -68, 90, 64, 64, 64
L 1608, -68, 90, 1608, -63, 89, 64, 64, 64
L 1608, -63, 89, 1608, -62, 90, 64, 64, 64
L 1608, -62, 90, 1621, -78, 97, 64, 64, 64
L 1621, -78, 97, 1633, -102, 107, 64, 64, 64
L 1633, -102, 107, 1647, -122, 116, 64, 64, 64
L 1608, -64, 89, 1608, -93, 88, 64, 64, 64
L 1608, -93, 88, 1608, -103, 89, 64, 64, 64
L 1608, -103, 89, 1608, -151, 87, 64, 64, 64
L 1608, -151, 87, 1608, -190, 112, 64, 64, 64
L 1608, -190, 112, 1608, -251, 109, 64, 64, 64
L 1608, -251, 109, 1609, -290, 88, 64, 64, 64
L 1609, -290, 88, 1610, -302, 88, 64, 64, 64
L 1610, -302, 88, 1612, -355, 88, 64, 64, 64
L 1612, -355, 88, 1617, -416, 89, 64, 64, 64
L 1617, -416, 89, 1623, -476, 91, 64, 64, 64
L 1623, -476, 91, 1626, -502, 79, 64, 64, 64
L 1626, -502, 79, 1628, -521, 80, 64, 64, 64
L 1628, -521, 80, 1630, -543, 76, 0, 0, 0
L 1630, -543, 76, 1633, -571, 75, 0, 0, 0
L 1633, -571, 75, 1614, -634, 74, 0, 0, 0
L 1614, -634, 74, 1547, -702, 74, 0, 0, 0
L 1547, -702, 74, 1547, -815, 79, 0, 0, 0
L 1547, -815, 79, 1507, -891, 78, 0, 0, 0
L 1507, -891, 78, 1447, -951, 74, 0, 0, 0
L 1447, -951, 74, 1447, -1001, 105, 0, 0, 0
L 1447, -1001, 105, 1394, -1001, 85, 0, 0, 0
L 1394, -1001, 85, 1347, -1001, 76, 0, 0, 0
L 1347, -1001, 76, 1298, -1001, 85, 0, 0, 0
L 1298, -1001, 85, 1248, -1001, 87, 0, 0, 0
L 1248, -1001, 87, 1203, -1001, 77, 0, 0, 0
L 1203, -1001, 77, 1148, -1001, 74, 0, 0, 0
L 1148, -1001, 74, 1137, -1017, 79, 0, 0, 0
L 1137, -1017, 79, 1108, -1043, 76, 0, 0, 0
L 1108, -1043, 76, 1097, -1051, 74, 0, 0, 0
L 1097, -1051, 74, 1047, -1101, 93, 0, 0, 0
L 1047, -1101, 93, 1014, -1101, 66, 0, 0, 0
L 1014, -1101, 66, 986, -1101, 55, 0, 0, 0
L 998, -1085, 49, 986, -1101, 49, 150, 100, 0
L 986, -1101, 49, 971, -1136, 49, 0, 0, 240
L -1302, 920, 272, -1294, 927, 274, 240, 240, 240
L -1294, 927, 274, -1291, 926, 275, 240, 240, 240
L -1291, 926, 275, -1282, 929, 278, 240, 240, 240
L -1282, 929, 278, -1280, 931, 278, 240, 240, 240
L -1280, 931, 278, -1275, 936, 279, 240, 240, 240
L -1275, 936, 279, -1274, 939, 280, 240, 240, 240
L -1274, 939, 280, -1270, 944, 272, 240, 240, 240
L -1270, 944, 272, -1270, 945, 271, 240, 240, 240
L -1270, 945, 271, -1271, 949, 266, 240, 240, 240
L -1271, 949, 259, -1253, 948, 259, 240, 240, 240
L -1253, 948, 259, -1162, 948, 285, 240, 240, 240
L -1162, 948, 285, -1055, 949, 296, 240, 240, 240
L -1053, 948, 294, -1003, 999, 259, 240, 240, 240
L -1003, 999, 259, -803, 998, 261, 240, 240, 240
L -803, 998, 261, -753, 999, 294, 240, 240, 240
L -753, 999, 294, -703, 1049, 267, 240, 240, 240
L -703, 1049, 267, -653, 1099, 260, 240, 240, 240
L -653, 1099, 260, -602, 1149, 259, 240, 240, 240
L -602, 1149, 259, -553, 1198, 256, 240, 240, 240
L -553, 1198, 256, -503, 1199, 259, 240, 240, 240
L -503, 1199, 259, -459, 1243, 259, 240, 240, 240
L -459, 1243, 259, -403, 1298, 257, 240, 240, 240
L -403, 1298, 257, -198, 1298, 257, 240, 240, 240
L -198, 1298, 257, -3, 1298, 259, 240, 240, 240
L -3, 1298, 259, 47, 1299, 262, 240, 240, 240
L 47, 1299, 262, 47, 1248, 287, 240, 240, 240
L 47, 1248, 287, 96, 1248, 285, 240, 240, 240
L 96, 1248, 285, 145, 1248, 294, 240, 240, 240
L 145, 1248, 294, 197, 1248, 294, 240, 240, 240
L 197, 1248, 294, 245, 1248, 270, 240, 240, 240
L 245, 1248, 270, 321, 1248, 259, 240, 240, 240
L 321, 1248, 259, 790, 1248, 259, 240, 240, 240
L 688, 1248, 259, 690, 1244, 263, 64, 64, 64
L 690, 1244, 263, 704, 1234, 270, 64, 64, 64
L 704, 1234, 270, 739, 1226, 275, 64, 64, 64
L 739, 1226, 275, 773, 1242, 264, 64, 64, 64
L 773, 1242, 264, 776, 1249, 259, 64, 64, 64
L 790, 1248, 259, 847, 1248, 269, 240, 240, 240
L 847, 1248, 269, 897, 1248, 294, 240, 240, 240
L 897, 1248, 294, 1047, 1248, 294, 240, 240, 240
L 1047, 1248, 294, 1097, 1298, 294, 240, 240, 240
L 1097, 1298, 294, 1147, 1299, 294, 240, 240, 240
L 1147, 1299, 294, 1197, 1349, 294, 240, 240, 240
L 1197, 1349, 294, 1247, 1399, 252, 240, 240, 240
L 1247, 1399, 252, 1297, 1398, 294, 240, 240, 240
L 1297, 1398, 294, 1347, 1448, 295, 240, 240, 240
L 1347, 1448, 295, 1447, 1449, 294, 240, 240, 240
L 1574, 1453, 294, 1595, 1400, 294, 240, 240, 240
L 1595, 1400, 294, 1598, 1389, 294, 240, 240, 240
L 1598, 1389, 294, 1600, 1384, 294, 240, 240, 240
L 1600, 1384, 294, 1603, 1380, 294, 240, 240, 240
L 1603, 1380, 294, 1711, 1101, 294, 240, 240, 240
L 1711, 1101, 294, 1714, 1083, 294, 240, 240, 240
L 1714, 1083, 294, 1716, 1078, 294, 240, 240, 240
L 1716, 1078, 294, 1724, 1049, 294, 240, 240, 240
L 1724, 1049, 294, 1723, 1047, 294, 240, 240, 240
L 1723, 1047, 294, 1725, 1036, 294, 240, 240, 240
L 1725, 1036, 294, 1728, 1032, 294, 240, 240, 240
L 1728, 1032, 294, 1739, 987, 294, 240, 240, 240
L 1739, 987, 294, 1736, 983, 294, 240, 240, 240
L 1736, 983, 294, 1742, 963, 294, 240, 240, 240
L 1742, 963, 294, 1744, 961, 294, 240, 240, 240
L 1744, 961, 294, 1742, 961, 294, 240, 240, 240
L 1742, 961, 294, 1739, 958, 294, 240, 240, 240
L 1739, 958, 294, 1733, 946, 294, 240, 240, 240
L 1733, 946, 294, 1733, 928, 294, 240, 240, 240
L 1733, 928, 294, 1735, 923, 294, 240, 240, 240
L 1735, 923, 294, 1758, 905, 295, 240, 240, 240
L 1758, 905, 295, 1755, 891, 294, 240, 240, 240
L 1755, 891, 294, 1755, 889, 294, 240, 240, 240
L 1755, 889, 294, 1765, 880, 294, 240, 240, 240
L 1765, 880, 294, 1778, 826, 299, 240, 240, 240
L 1778, 826, 299, 1784, 799, 303, 240, 240, 240
L 1784, 799, 303, 1787, 789, 304, 240, 240, 240
L 1787, 789, 304, 1795, 753, 299, 240, 240, 240
L 1795, 753, 299, 1797, 746, 298, 240, 240, 240
L 1797, 746, 298, 1807, 707, 299, 240, 240, 240
L 1807, 707, 299, 1808, 700, 301, 240, 240, 240
L 1808, 700, 301, 1815, 674, 304, 240, 240, 240
L 1815, 674, 304, 1813, 664, 303, 240, 240, 240
L 1813, 664, 303, 1811, 653, 299, 240, 240, 240
L 1811, 653, 299, 1811, 652, 299, 240, 240, 240
L 1811, 652, 299, 1818, 645, 300, 240, 240, 240
L 1818, 645, 300, 1816, 644, 300, 240, 240, 240
L 1816, 644, 300, 1810, 640, 298, 240, 240, 240
L 1810, 640, 298, 1807, 635, 297, 240, 240, 240
L 1807, 635, 297, 1806, 627, 297, 240, 240, 240
L 1806, 627, 297, 1806, 617, 297, 240, 240, 240
L 1806, 617, 297, 1803, 610, 296, 240, 240, 240
L 1803, 610, 296, 1804, 607, 296, 240, 240, 240
L 1804, 607, 296, 1807, 591, 296, 240, 240, 240
L 1807, 591, 296, 1809, 588, 296, 240, 240, 240
L 1809, 588, 296, 1826, 578, 299, 240, 240, 240
L 1826, 578, 299, 1834, 574, 303, 240, 240, 240
L 1834, 574, 303, 1839, 576, 305, 240, 240, 240
L 1839, 576, 305, 1847, 541, 314, 240, 240, 240
L 1847, 541, 314, 1847, 497, 312, 240, 240, 240
L 1847, 497, 312, 1847, 448, 301, 240, 240, 240
L 1847, 448, 301, 1847, 171, 301, 240, 240, 240
L 1847, 171, 301, 1847, 132, 303, 240, 240, 240
L 1847, 132, 303, 1847, 99, 308, 240, 240, 240
L 1847, 99, 308, 1847, 47, 318, 240, 240, 240
L 1847, 47, 318, 1847, -50, 304, 240, 240, 240
L 1847, -50, 304, 1847, -102, 326, 240, 240, 240
L 1847, -102, 326, 1847, -202, 326, 240, 240, 240
L 1847, -202, 326, 1847, -271, 322, 240, 240, 240
L 1847, -271, 322, 1847, -304, 322, 240, 240, 240
L 1847, -304, 322, 1847, -352, 326, 240, 240, 240
L 1847, -352, 326, 1847, -385, 327, 240, 240, 240
L 1847, -385, 327, 1847, -405, 328, 240, 240, 240
L 1847, -405, 328, 1847, -454, 328, 240, 240, 240
L 1847, -454, 328, 1847, -507, 321, 240, 240, 240
L 1847, -507, 321, 1847, -553, 326, 240, 240, 240
L 1847, -553, 326, 1847, -568, 320, 240, 240, 240
L 1847, -568, 320, 1845, -630, 318, 240, 240, 240
L 1845, -630, 318, 1842, -656, 327, 240, 240, 240
L 1842, -656, 327, 1837, -704, 319, 240, 240, 240
L 1837, -704, 319, 1836, -714, 323, 240, 240, 240
L 1836, -714, 323, 1835, -722, 324, 240, 240, 240
L 1835, -722, 324, 1824, -729, 328, 240, 240, 240
L 1824, -729, 328, 1817, -731, 331, 240, 240, 240
L 1817, -731, 331, 1800, -729, 330, 240, 240, 240
L 1800, -729, 330, 1796, -738, 333, 240, 240, 240
L 1796, -738, 333, 1785, -751, 331, 240, 240, 240
L 1785, -751, 331, 1782, -760, 339, 240, 240, 240
L 1782, -760, 339, 1782, -767, 346, 240, 240, 240
L 1782, -767, 346, 1784, -772, 347, 240, 240, 240
L 1784, -772, 347, 1780, -777, 349, 240, 240, 240
L 1780, -777, 349, 1784, -785, 351, 240, 240, 240
L 1784, -785, 351, 1781, -787, 352, 240, 240, 240
L 1781, -787, 352, 1778, -790, 353, 240, 240, 240
L 1778, -790, 353, 1775, -798, 356, 240, 240, 240
L 1775, -798, 356, 1774, -803, 358, 240, 240, 240
L 1774, -803, 358, 1770, -801, 358, 240, 240, 240
L 1770, -801, 358, 1762, -800, 358, 240, 240, 240
L 1762, -800, 358, 1757, -802, 359, 240, 240, 240
L 1757, -802, 359, 1752, -805, 361, 240, 240, 240
L 1752, -805, 361, 1747, -813, 364, 240, 240, 240
L 1747, -813, 364, 1746, -814, 364, 240, 240, 240
L 1746, -814, 364, 1744, -818, 363, 240, 240, 240
L 1744, -818, 363, 1743, -828, 365, 240, 240, 240
L 1743, -828, 365, 1744, -829, 367, 240, 240, 240
L 1744, -829, 367, 1747, -829, 370, 240, 240, 240
L 1747, -829, 370, 1752, -835, 372, 240, 240, 240
L 1752, -835, 372, 1749, -839, 373, 240, 240, 240
L 1749, -839, 373, 1726, -869, 372, 240, 240, 240
L 1726, -869, 372, 1724, -869, 370, 240, 240, 240
L 1724, -869, 370, 1719, -872, 368, 240, 240, 240
L 1719, -872, 368, 1717, -875, 369, 240, 240, 240
L 1717, -875, 369, 1715, -879, 370, 240, 240, 240
L 1715, -879, 370, 1713, -885, 375, 240, 240, 240
L 1713, -885, 375, 1709, -883, 368, 240, 240, 240
L 1709, -883, 368, 1706, -884, 365, 240, 240, 240
L 1706, -884, 365, 1703, -888, 366, 240, 240, 240
L 1703, -888, 366, 1703, -890, 369, 240, 240, 240
L 1703, -890, 369, 1703, -892, 371, 240, 240, 240
L 1703, -892, 371, 1705, -895, 375, 240, 240, 240
L 1705, -895, 375, 1695, -906, 373, 240, 240, 240
L 1695, -906, 373, 1685, -913, 374, 240, 240, 240
L 1685, -913, 374, 1678, -918, 371, 240, 240, 240
L 1678, -918, 371, 1677, -919, 371, 240, 240, 240
L 1677, -919, 371, 1676, -919, 369, 240, 240, 240
L 1676, -919, 369, 1668, -926, 369, 240, 240, 240
L 1668, -926, 369, 1664, -935, 372, 240, 240, 240
L 1664, -935, 372, 1660, -944, 372, 240, 240, 240
L 1660, -944, 372, 1656, -955, 379, 240, 240, 240
L 1656, -955, 379, 1655, -958, 380, 240, 240, 240
L 1655, -958, 380, 1635, -982, 372, 240, 240, 240
L 1635, -982, 372, 1616, -988, 358, 240, 240, 240
L 1616, -988, 358, 1598, -995, 348, 240, 240, 240
L 1598, -995, 348, 1590, -998, 347, 240, 240, 240
L 1590, -998, 347, 1585, -999, 337, 240, 240, 240
L 1585, -999, 337, 1579, -1001, 309, 240, 240, 240
L 1579, -1001, 309, 1533, -1018, 290, 240, 240, 240
L 1533, -1018, 290, 1453, -1046, 260, 240, 240, 240
L 1453, -1046, 260, 1396, -1066, 194, 240, 240, 240
L 1396, -1066, 194, 1397, -1066, 194, 240, 240, 240
L 1397, -1066, 194, 1337, -1087, 226, 240, 240, 240
L 1337, -1087, 226, 1326, -1088, 229, 240, 240, 240
L 1326, -1088, 229, 1243, -1088, 241, 240, 240, 240
L 1243, -1088, 241, 1207, -1088, 241, 240, 240, 240
L 1207, -1088, 241, 1196, -1088, 242, 240, 240, 240
L 1196, -1088, 242, 1160, -1088, 242, 240, 240, 240
L 1160, -1088, 242, 1147, -1088, 228, 240, 240, 240
L 1147, -1088, 228, 1131, -1088, 228, 240, 240, 240
L 1131, -1088, 228, 1118, -1089, 230, 240, 240, 240
L 1118, -1089, 230, 1106, -1093, 245, 240, 240, 240
L 1106, -1093, 245, 1097, -1097, 252, 240, 240, 240
L 1097, -1097, 252, 1074, -1115, 244, 240, 240, 240
L 1074, -1115, 244, 1049, -1130, 218, 240, 240, 240
L 1049, -1130, 218, 1040, -1136, 215, 240, 240, 240
L 1040, -1136, 215, 1019, -1147, 216, 240, 240, 240
L 1019, -1147, 216, 1010, -1152, 216, 240, 240, 240
L 1010, -1152, 216, 1001, -1159, 213, 240, 240, 240
L 1001, -1159, 213, 991, -1165, 214, 240, 240, 240
L 991, -1165, 214, 975, -1175, 231, 240, 240, 240
L 975, -1175, 231, 965, -1180, 232, 240, 240, 240
L 965, -1180, 232, 955, -1186, 228, 240, 240, 240
L 955, -1186, 228, 946, -1190, 224, 240, 240, 240
L 946, -1190, 224, 933, -1191, 224, 240, 240, 240
L 933, -1191, 224, 905, -1192, 222, 240, 240, 240
L 905, -1192, 222, 853, -1194, 225, 240, 240, 240
L 853, -1194, 225, 815, -1194, 228, 240, 240, 240
L 815, -1194, 228, 798, -1192, 216, 240, 240, 240
L 798, -1192, 216, 773, -1192, 213, 240, 240, 240
L 773, -1192, 213, 745, -1191, 207, 240, 240, 240
L 745, -1191, 207, 700, -1189, 194, 240, 240, 240
L 700, -1189, 194, 592, -1215, 189, 240, 240, 240
L -1302, 919, 272, -1303, 909, 268, 240, 240, 240
L -1303, 909, 268, -1273, 890, 259, 240, 240, 240
L -1273, 890, 259, -1247, 899, 260, 240, 240, 240
L -1247, 899, 260, -1153, 898, 285, 240, 240, 240
L -1153, 898, 285, -1153, 849, 259, 240, 240, 240
L -1153, 849, 259, -966, 849, 294, 240, 240, 240
L -966, 849, 294, -903, 849, 294, 240, 240, 240
L -903, 849, 294, -858, 849, 275, 240, 240, 240
L -858, 849, 275, -849, 848, 272, 240, 240, 240
L -849, 848, 272, -825, 849, 266, 240, 240, 240
L -825, 849, 266, -818, 849, 264, 240, 240, 240
L -818, 849, 264, -803, 848, 259, 240, 240, 240
L -803, 848, 259, -774, 849, 264, 240, 240, 240
L -774, 849, 264, -753, 849, 267, 240, 240, 240
L -753, 849, 267, -703, 898, 259, 240, 240, 240
L -703, 898, 259, -603, 899, 265, 240, 240, 240
L -603, 899, 265, -553, 949, 275, 240, 240, 240
L -553, 949, 275, -442, 949, 259, 240, 240, 240
L -442, 949, 259, -353, 949, 259, 240, 240, 240
L -353, 949, 259, -353, 899, 259, 240, 240, 240
L -353, 899, 259, -113, 899, 262, 240, 240, 240
L -113, 899, 262, -53, 899, 265, 240, 240, 240
L -53, 899, 265, -2, 949, 263, 240, 240, 240
L -2, 949, 263, 197, 949, 265, 240, 240, 240
L 197, 949, 265, 347, 949, 265, 240, 240, 240
L 347, 949, 265, 397, 999, 264, 240, 240, 240
L 383, 985, 264, 380, 991, 270, 64, 64, 64
L 380, 991, 270, 381, 1011, 281, 64, 64, 64
L 381, 1011, 281, 386, 1018, 282, 64, 64, 64
L 386, 1018, 282, 397, 1025, 280, 64, 64, 64
L 397, 1025, 280, 405, 1026, 280, 64, 64, 64
L 405, 1026, 280, 413, 1020, 277, 64, 64, 64
L 413, 1020, 277, 423, 1016, 274, 64, 64, 64
L 423, 1016, 274, 423, 999, 262, 64, 64, 64
L 397, 999, 262, 538, 999, 261, 240, 240, 240
L 559, 999, 261, 563, 1012, 269, 64, 64, 64
L 563, 1012, 269, 568, 1015, 271, 64, 64, 64
L 568, 1015, 271, 581, 1019, 276, 64, 64, 64
L 581, 1019, 276, 587, 1019, 277, 64, 64, 64
L 587, 1019, 277, 591, 1017, 276, 64, 64, 64
L 591, 1017, 276, 604, 1000, 268, 64, 64, 64
L 604, 1000, 268, 603, 999, 267, 240, 240, 240
L 538, 999, 267, 901, 999, 269, 240, 240, 240
L 901, 999, 269, 947, 998, 267, 240, 240, 240
L 947, 998, 267, 947, 949, 242, 240, 240, 240
L 947, 949, 242, 1001, 948, 260, 240, 240, 240
L 1001, 948, 260, 1047, 948, 265, 240, 240, 240
L 1047, 948, 265, 1047, 899, 255, 240, 240, 240
L 1047, 899, 255, 1230, 899, 289, 240, 240, 240
L 1230, 899, 289, 1247, 899, 294, 240, 240, 240
L 1247, 899, 294, 1247, 849, 259, 240, 240, 240
L 1247, 849, 259, 1297, 849, 259, 240, 240, 240
L 1297, 849, 259, 1297, 799, 259, 240, 240, 240
L 1297, 799, 259, 1347, 799, 259, 240, 240, 240
L 1347, 799, 259, 1347, 749, 259, 240, 240, 240
L 1347, 749, 259, 1397, 748, 259, 240, 240, 240
L 1397, 748, 259, 1397, 699, 259, 240, 240, 240
L 1397, 699, 259, 1447, 699, 259, 240, 240, 240
L 1447, 699, 259, 1447, 649, 255, 240, 240, 240
L 1447, 649, 255, 1497, 648, 261, 240, 240, 240
L 1497, 648, 261, 1497, 549, 259, 240, 240, 240
L 1497, 549, 259, 1547, 549, 259, 240, 240, 240
L 1547, 549, 259, 1547, 348, 259, 240, 240, 240
L 1547, 348, 259, 1597, 349, 261, 240, 240, 240
L 1597, 349, 261, 1597, 249, 259, 240, 240, 240
L 1597, 249, 259, 1647, 248, 278, 240, 240, 240
L 1647, 248, 278, 1647, 99, 261, 240, 240, 240
L 1647, 99, 261, 1697, 98, 294, 240, 240, 240
L 1697, 98, 294, 1697, 49, 294, 240, 240, 240
L 1697, 49, 294, 1697, 12, 276, 240, 240, 240
L 1697, 12, 276, 1697, -211, 259, 240, 240, 240
L 1697, -211, 259, 1697, -550, 259, 240, 240, 240
L -886, 842, 334, -886, 931, 315, 64, 64, 64
L -903, 923, 314, -911, 923, 314, 64, 64, 64
L -911, 923, 314, -911, 931, 315, 64, 64, 64
L -903, 931, 315, -911, 931, 314, 64, 64, 64
L -879, 931, 314, -886, 931, 315, 64, 64, 64
L -879, 931, 314, -879, 923, 315, 64, 64, 64
L -879, 923, 315, -886, 923, 315, 64, 64, 64
L -879, 931, 312, -823, 930, 294, 64, 64, 64
L -823, 950, 296, -823, 930, 294, 64, 64, 64
L -911, 931, 310, -963, 931, 294, 64, 64, 64
L -903, 950, 312, -963, 950, 293, 64, 64, 64
L -963, 950, 294, -963, 931, 294, 64, 64, 64
L -911, 950, 311, -911, 958, 313, 64, 64, 64
L -911, 958, 315, -903, 958, 314, 64, 64, 64
L -903, 958, 315, -903, 950, 314, 64, 64, 64
L -903, 950, 313, -887, 950, 314, 64, 64, 64
L -887, 950, 314, -887, 958, 314, 64, 64, 64
L -887, 958, 314, -879, 958, 314, 64, 64, 64
L -879, 958, 314, -879, 950, 313, 64, 64, 64
L -887, 950, 312, -823, 950, 294, 64, 64, 64
L -886, 842, 337, -887, 782, 337, 64, 64, 64
L -887, 782, 337, -901, 782, 337, 64, 64, 64
L -901, 782, 337, -907, 782, 343, 64, 64, 64
L -907, 782, 342, -902, 755, 356, 64, 64, 64
L -902, 755, 355, -879, 755, 364, 64, 64, 64
L -879, 755, 365, -876, 774, 375, 64, 64, 64
L -876, 774, 375, -900, 773, 375, 64, 64, 64
L -900, 773, 375, -895, 758, 382, 64, 64, 64
L -895, 758, 382, -880, 722, 400, 64, 64, 64
L -880, 722, 400, -880, 714, 400, 64, 64, 64
L -880, 714, 400, -880, 702, 401, 64, 64, 64
L -880, 702, 401, -873, 702, 401, 64, 64, 64
L -873, 702, 401, -853, 686, 401, 64, 64, 64
L -853, 686, 401, -846, 658, 401, 64, 64, 64
L -846, 658, 401, -853, 631, 401, 64, 64, 64
L -853, 631, 401, -873, 614, 401, 64, 64, 64
L -873, 614, 401, -910, 614, 401, 64, 64, 64
L -910, 614, 401, -929, 631, 401, 64, 64, 64
L -929, 631, 401, -937, 658, 401, 64, 64, 64
L -937, 658, 401, -929, 686, 401, 64, 64, 64
L -929, 686, 401, -910, 702, 401, 64, 64, 64
L -910, 702, 401, -899, 702, 401, 64, 64, 64
L -899, 720, 400, -899, 702, 401, 64, 64, 64
L -899, 706, 401, -899, 709, 401, 64, 64, 64
L -899, 718, 400, -899, 722, 400, 64, 64, 64
L -899, 722, 400, -915, 773, 382, 64, 64, 64
L -915, 773, 382, -915, 781, 375, 64, 64, 64
L -915, 781, 375, -915, 788, 375, 64, 64, 64
L -915, 788, 375, -860, 788, 375, 64, 64, 64
L -860, 788, 375, -861, 773, 375, 64, 64, 64
L -861, 773, 375, -864, 755, 364, 64, 64, 64
L -864, 755, 364, -867, 738, 364, 64, 64, 64
L -867, 738, 364, -881, 738, 363, 64, 64, 64
L -881, 738, 363, -906, 738, 355, 64, 64, 64
L -906, 738, 355, -913, 738, 355, 64, 64, 64
L -913, 738, 355, -917, 758, 354, 64, 64, 64
L -917, 758, 354, -922, 784, 340, 64, 64, 64
L -922, 784, 340, -924, 795, 340, 64, 64, 64
L -924, 795, 340, -909, 795, 340, 64, 64, 64
L -909, 795, 340, -903, 795, 337, 64, 64, 64
L -903, 795, 336, -903, 931, 315, 64, 64, 64
