L 2, -137, -14, 10, -138, -13, 0, 0, 0
L -1, -136, -15, 2, -137, -14, 0, 0, 0
L -3, -136, -15, -1, -136, -15, 0, 0, 0
L -4, -138, -14, -3, -136, -15, 0, 0, 0
L -6, -139, -15, -4, -138, -14, 0, 0, 0
L -7, -140, -15, -6, -139, -15, 0, 0, 0
L -14, -140, -17, -7, -140, -15, 0, 0, 0
L -19, -140, -17, -14, -140, -17, 0, 0, 0
L -23, -139, -17, -19, -140, -17, 0, 0, 0
L -26, -139, -17, -23, -139, -17, 0, 0, 0
L -34, -135, -16, -26, -139, -17, 0, 0, 0
L -41, -132, -16, -34, -135, -16, 0, 0, 0
L -43, -132, -16, -41, -132, -16, 0, 0, 0
L -44, -134, -16, -43, -132, -16, 0, 0, 0
L -45, -135, -17, -44, -134, -16, 0, 0, 0
L -46, -136, -17, -45, -135, -17, 0, 0, 0
L -47, -138, -16, -46, -136, -17, 0, 0, 0
L -45, -139, -16, -47, -138, -16, 0, 0, 0
L -45, -141, -18, -45, -139, -16, 0, 0, 0
L -45, -143, -19, -45, -141, -18, 0, 0, 0
L -45, -145, -19, -45, -143, -19, 0, 0, 0
L -46, -149, -18, -45, -145, -19, 0, 0, 0
L -47, -156, -18, -46, -149, -18, 0, 0, 0
L -39, -155, -18, -47, -156, -18, 0, 0, 0
L -38, -155, -18, -39, -155, -18, 0, 0, 0
L -36, -153, -17, -38, -155, -18, 0, 0, 0
L -35, -152, -17, -36, -153, -17, 0, 0, 0
L -26, -152, -17, -35, -152, -17, 0, 0, 0
L -22, -153, -16, -26, -152, -17, 0, 0, 0
L -12, -158, -16, -22, -153, -16, 0, 0, 0
L -8, -161, -15, -12, -158, -16, 0, 0, 0
L -6, -162, -15, -8, -161, -15, 0, 0, 0
L 2, -171, -15, -6, -162, -15, 0, 0, 0
L 3, -173, -15, 2, -171, -15, 0, 0, 0
L 4, -174, -14, 3, -173, -15, 0, 0, 0
L 6, -179, -15, 4, -174, -14, 0, 0, 0
L 13, -193, -15, 6, -179, -15, 0, 0, 0
L 14, -197, -15, 13, -193, -15, 0, 0, 0
L 15, -198, -15, 14, -197, -15, 0, 0, 0
L 17, -206, -15, 15, -198, -15, 0, 0, 0
L 17, -218, -14, 17, -206, -15, 0, 0, 0
L 17, -227, -14, 17, -218, -14, 0, 0, 0
L 16, -228, -14, 17, -227, -14, 0, 0, 0
L 16, -230, -14, 16, -228, -14, 0, 0, 0
L 13, -236, -14, 16, -230, -14, 0, 0, 0
L 12, -237, -14, 13, -236, -14, 0, 0, 0
L 11, -239, -14, 12, -237, -14, 0, 0, 0
L 8, -242, -14, 11, -239, -14, 0, 0, 0
L -1, -249, -14, 8, -242, -14, 0, 0, 0
L -3, -250, -15, -1, -249, -14, 0, 0, 0
L -4, -251, -15, -3, -250, -15, 0, 0, 0
L -17, -257, -16, -4, -251, -15, 0, 0, 0
L -26, -262, -15, -17, -257, -16, 0, 0, 0
L -28, -263, -15, -26, -262, -15, 0, 0, 0
L -31, -263, -16, -28, -263, -15, 0, 0, 0
L -33, -264, -16, -31, -263, -16, 0, 0, 0
L -46, -264, -16, -33, -264, -16, 0, 0, 0
L -47, -264, -17, -46, -264, -16, 0, 0, 0
L -50, -263, -17, -47, -264, -17, 0, 0, 0
L -52, -261, -17, -50, -263, -17, 0, 0, 0
L -61, -257, -18, -52, -261, -17, 0, 0, 0
L -64, -255, -18, -61, -257, -18, 0, 0, 0
L -65, -254, -18, -64, -255, -18, 0, 0, 0
L -72, -248, -18, -65, -254, -18, 0, 0, 0
L -79, -241, -18, -72, -248, -18, 0, 0, 0
L -80, -238, -18, -79, -241, -18, 0, 0, 0
L -84, -232, -17, -80, -238, -18, 0, 0, 0
L -86, -227, -18, -84, -232, -17, 0, 0, 0
L -89, -218, -18, -86, -227, -18, 0, 0, 0
L -89, -207, -19, -89, -218, -18, 0, 0, 0
L -86, -192, -19, -89, -207, -19, 0, 0, 0
L -84, -187, -20, -86, -192, -19, 0, 0, 0
L -82, -183, -20, -84, -187, -20, 0, 0, 0
L -80, -178, -20, -82, -183, -20, 0, 0, 0
L -78, -176, -20, -80, -178, -20, 0, 0, 0
L -72, -163, -20, -78, -176, -20, 0, 0, 0
L -73, -161, -20, -72, -163, -20, 0, 0, 0
L -74, -160, -20, -73, -161, -20, 0, 0, 0
L -74, -158, -19, -74, -160, -20, 0, 0, 0
L -82, -156, -20, -74, -158, -19, 0, 0, 0
L -112, -211, -12, -115, -212, -13, 0, 0, 0
L -106, -206, -13, -112, -211, -12, 0, 0, 0
L -105, -207, -13, -106, -206, -13, 0, 0, 0
L -103, -207, -16, -105, -207, -13, 0, 0, 0
L -102, -206, -16, -103, -207, -16, 0, 0, 0
L -100, -206, -16, -102, -206, -16, 0, 0, 0
L -98, -205, -15, -100, -206, -16, 0, 0, 0
L -96, -204, -15, -98, -205, -15, 0, 0, 0
L -95, -203, -16, -96, -204, -15, 0, 0, 0
L -93, -187, -19, -95, -203, -16, 0, 0, 0
L -92, -182, -20, -93, -187, -19, 0, 0, 0
L -91, -177, -20, -92, -182, -20, 0, 0, 0
L -91, -175, -21, -91, -177, -20, 0, 0, 0
L -89, -169, -20, -91, -175, -21, 0, 0, 0
L -85, -157, -19, -89, -169, -20, 0, 0, 0
L -659, -292, 106, -654, -286, 106, 0, 0, 240
L -659, -294, 106, -659, -292, 106, 0, 0, 240
L -658, -294, 106, -659, -294, 106, 0, 0, 240
L -656, -295, 106, -658, -294, 106, 0, 0, 240
L -655, -296, 106, -656, -295, 106, 0, 0, 240
L -652, -300, 106, -655, -296, 106, 0, 0, 240
L -646, -307, 105, -652, -300, 106, 0, 0, 240
L -644, -308, 105, -646, -307, 105, 0, 0, 240
L -640, -307, 105, -644, -308, 105, 0, 0, 240
L -638, -308, 104, -640, -307, 105, 0, 0, 240
L -636, -309, 105, -638, -308, 104, 0, 0, 240
L -635, -309, 104, -636, -309, 105, 0, 0, 240
L -624, -305, 104, -635, -309, 104, 0, 0, 240
L -615, -301, 103, -624, -305, 104, 0, 0, 240
L -613, -300, 103, -615, -301, 103, 0, 0, 240
L -611, -298, 103, -613, -300, 103, 0, 0, 240
L -607, -295, 104, -611, -298, 103, 0, 0, 240
L -607, -294, 103, -607, -295, 104, 0, 0, 240
L -606, -292, 102, -607, -294, 103, 0, 0, 240
L -605, -289, 102, -606, -292, 102, 0, 0, 240
L -605, -287, 102, -605, -289, 102, 0, 0, 240
L -605, -285, 103, -605, -287, 102, 0, 0, 240
L -604, -280, 105, -605, -285, 103, 0, 0, 240
L -604, -278, 105, -604, -280, 105, 0, 0, 240
L -603, -272, 105, -604, -278, 105, 0, 0, 240
L -604, -270, 105, -603, -272, 105, 0, 0, 240
L -606, -268, 103, -604, -270, 105, 0, 0, 240
L -607, -267, 104, -606, -268, 103, 0, 0, 240
L -611, -264, 104, -607, -267, 104, 0, 0, 240
L -612, -264, 104, -611, -264, 104, 0, 0, 240
L -614, -263, 104, -612, -264, 104, 0, 0, 240
L -621, -261, 104, -614, -263, 104, 0, 0, 240
L -630, -263, 104, -621, -261, 104, 0, 0, 240
L -632, -263, 105, -630, -263, 104, 0, 0, 240
L -638, -269, 104, -632, -263, 105, 0, 0, 240
L -639, -270, 104, -638, -269, 104, 0, 0, 240
L -640, -271, 103, -639, -270, 104, 0, 0, 240
L -646, -280, 103, -640, -271, 103, 0, 0, 240
L -648, -282, 104, -646, -280, 103, 0, 0, 240
L -656, -291, 106, -648, -282, 104, 0, 0, 240
L -691, -329, 104, -688, -333, 105, 0, 0, 240
L -692, -328, 104, -691, -329, 104, 0, 0, 240
L -693, -324, 104, -692, -328, 104, 0, 0, 240
L -694, -322, 105, -693, -324, 104, 0, 0, 240
L -693, -319, 104, -694, -322, 105, 0, 0, 240
L -692, -317, 104, -693, -319, 104, 0, 0, 240
L -689, -314, 104, -692, -317, 104, 0, 0, 240
L -688, -313, 105, -689, -314, 104, 0, 0, 240
L -683, -309, 104, -688, -313, 105, 0, 0, 240
L -681, -308, 105, -683, -309, 104, 0, 0, 240
L -667, -303, 106, -681, -308, 105, 0, 0, 240
L -665, -308, 105, -667, -303, 106, 0, 0, 240
L -665, -309, 105, -665, -308, 105, 0, 0, 240
L -659, -315, 105, -665, -309, 105, 0, 0, 240
L -652, -321, 107, -659, -315, 105, 0, 0, 240
L -651, -321, 107, -652, -321, 107, 0, 0, 240
L -644, -326, 108, -651, -321, 107, 0, 0, 240
L -643, -327, 108, -644, -326, 108, 0, 0, 240
L -638, -328, 106, -643, -327, 108, 0, 0, 240
L -635, -328, 106, -638, -328, 106, 0, 0, 240
L -625, -328, 105, -635, -328, 106, 0, 0, 240
L -623, -328, 105, -625, -328, 105, 0, 0, 240
L -622, -331, 105, -623, -328, 105, 0, 0, 240
L -621, -332, 105, -622, -331, 105, 0, 0, 240
L -618, -338, 106, -621, -332, 105, 0, 0, 240
L -618, -340, 106, -618, -338, 106, 0, 0, 240
L -617, -343, 106, -618, -340, 106, 0, 0, 240
L -616, -348, 105, -617, -343, 106, 0, 0, 240
L -615, -351, 104, -616, -348, 105, 0, 0, 240
L -615, -353, 104, -615, -351, 104, 0, 0, 240
L -614, -358, 105, -615, -353, 104, 0, 0, 240
L -616, -359, 103, -614, -358, 105, 0, 0, 240
L -625, -365, 103, -616, -359, 103, 0, 0, 240
L -627, -366, 104, -625, -365, 103, 0, 0, 240
L -628, -367, 104, -627, -366, 104, 0, 0, 240
L -630, -367, 104, -628, -367, 104, 0, 0, 240
L -631, -368, 105, -630, -367, 104, 0, 0, 240
L -633, -368, 105, -631, -368, 105, 0, 0, 240
L -635, -369, 105, -633, -368, 105, 0, 0, 240
L -646, -369, 105, -635, -369, 105, 0, 0, 240
L -649, -368, 104, -646, -369, 105, 0, 0, 240
L -656, -365, 105, -649, -368, 104, 0, 0, 240
L -658, -364, 105, -656, -365, 105, 0, 0, 240
L -659, -363, 105, -658, -364, 105, 0, 0, 240
L -661, -362, 104, -659, -363, 105, 0, 0, 240
L -666, -357, 104, -661, -362, 104, 0, 0, 240
L -671, -349, 103, -666, -357, 104, 0, 0, 240
L -674, -346, 102, -671, -349, 103, 0, 0, 240
L -675, -345, 102, -674, -346, 102, 0, 0, 240
L -692, -329, 106, -675, -345, 102, 0, 0, 240
L -755, -257, 104, -753, -257, 104, 0, 0, 240
L -764, -253, 106, -755, -257, 104, 0, 0, 240
L -765, -251, 105, -764, -253, 106, 0, 0, 240
L -766, -247, 104, -765, -251, 105, 0, 0, 240
L -767, -244, 104, -766, -247, 104, 0, 0, 240
L -768, -242, 105, -767, -244, 104, 0, 0, 240
L -768, -231, 105, -768, -242, 105, 0, 0, 240
L -768, -229, 106, -768, -231, 105, 0, 0, 240
L -768, -227, 105, -768, -229, 106, 0, 0, 240
L -767, -225, 105, -768, -227, 105, 0, 0, 240
L -766, -222, 105, -767, -225, 105, 0, 0, 240
L -764, -220, 104, -766, -222, 105, 0, 0, 240
L -761, -215, 104, -764, -220, 104, 0, 0, 240
L -758, -212, 104, -761, -215, 104, 0, 0, 240
L -756, -209, 105, -758, -212, 104, 0, 0, 240
L -745, -202, 106, -756, -209, 105, 0, 0, 240
L -743, -200, 105, -745, -202, 106, 0, 0, 240
L -739, -198, 105, -743, -200, 105, 0, 0, 240
L -730, -194, 104, -739, -198, 105, 0, 0, 240
L -729, -194, 105, -730, -194, 104, 0, 0, 240
L -727, -193, 105, -729, -194, 105, 0, 0, 240
L -722, -193, 105, -727, -193, 105, 0, 0, 240
L -719, -194, 105, -722, -193, 105, 0, 0, 240
L -710, -195, 104, -719, -194, 105, 0, 0, 240
L -708, -195, 104, -710, -195, 104, 0, 0, 240
L -691, -201, 105, -708, -195, 104, 0, 0, 240
L -689, -205, 104, -691, -201, 105, 0, 0, 240
L -689, -208, 104, -689, -205, 104, 0, 0, 240
L -689, -211, 103, -689, -208, 104, 0, 0, 240
L -690, -213, 103, -689, -211, 103, 0, 0, 240
L -691, -216, 104, -690, -213, 103, 0, 0, 240
L -691, -218, 104, -691, -216, 104, 0, 0, 240
L -692, -221, 105, -691, -218, 104, 0, 0, 240
L -700, -225, 105, -692, -221, 105, 0, 0, 240
L -706, -226, 104, -700, -225, 105, 0, 0, 240
L -718, -229, 105, -706, -226, 104, 0, 0, 240
L -720, -230, 105, -718, -229, 105, 0, 0, 240
L -731, -231, 104, -720, -230, 105, 0, 0, 240
L -733, -233, 104, -731, -231, 104, 0, 0, 240
L -734, -236, 104, -733, -233, 104, 0, 0, 240
L -734, -240, 104, -734, -236, 104, 0, 0, 240
L -735, -244, 104, -734, -240, 104, 0, 0, 240
L -736, -246, 104, -735, -244, 104, 0, 0, 240
L -736, -250, 104, -736, -246, 104, 0, 0, 240
L -738, -251, 104, -736, -250, 104, 0, 0, 240
L -739, -252, 104, -738, -251, 104, 0, 0, 240
L -740, -254, 104, -739, -252, 104, 0, 0, 240
L -742, -255, 104, -740, -254, 104, 0, 0, 240
L -743, -255, 104, -742, -255, 104, 0, 0, 240
L -752, -260, 106, -743, -255, 104, 0, 0, 240
L -694, -443, 106, -692, -447, 107, 0, 0, 240
L -694, -442, 106, -694, -443, 106, 0, 0, 240
L -690, -438, 105, -694, -442, 106, 0, 0, 240
L -689, -436, 105, -690, -438, 105, 0, 0, 240
L -686, -434, 105, -689, -436, 105, 0, 0, 240
L -684, -433, 106, -686, -434, 105, 0, 0, 240
L -682, -432, 106, -684, -433, 106, 0, 0, 240
L -681, -431, 106, -682, -432, 106, 0, 0, 240
L -679, -431, 107, -681, -431, 106, 0, 0, 240
L -678, -431, 107, -679, -431, 107, 0, 0, 240
L -668, -430, 107, -678, -431, 107, 0, 0, 240
L -656, -430, 107, -668, -430, 107, 0, 0, 240
L -649, -431, 107, -656, -430, 107, 0, 0, 240
L -640, -434, 106, -649, -431, 107, 0, 0, 240
L -639, -434, 106, -640, -434, 106, 0, 0, 240
L -630, -438, 108, -639, -434, 106, 0, 0, 240
L -629, -438, 108, -630, -438, 108, 0, 0, 240
L -626, -442, 106, -629, -438, 108, 0, 0, 240
L -626, -443, 106, -626, -442, 106, 0, 0, 240
L -625, -453, 105, -626, -443, 106, 0, 0, 240
L -626, -454, 105, -625, -453, 105, 0, 0, 240
L -627, -460, 106, -626, -454, 105, 0, 0, 240
L -628, -462, 106, -627, -460, 106, 0, 0, 240
L -629, -464, 107, -628, -462, 106, 0, 0, 240
L -637, -471, 109, -629, -464, 107, 0, 0, 240
L -639, -472, 108, -637, -471, 109, 0, 0, 240
L -641, -472, 107, -639, -472, 108, 0, 0, 240
L -646, -471, 106, -641, -472, 107, 0, 0, 240
L -655, -469, 105, -646, -471, 106, 0, 0, 240
L -658, -468, 105, -655, -469, 105, 0, 0, 240
L -667, -466, 107, -658, -468, 105, 0, 0, 240
L -668, -465, 107, -667, -466, 107, 0, 0, 240
L -670, -465, 107, -668, -465, 107, 0, 0, 240
L -672, -464, 108, -670, -465, 107, 0, 0, 240
L -673, -463, 108, -672, -464, 108, 0, 0, 240
L -676, -461, 108, -673, -463, 108, 0, 0, 240
L -684, -454, 108, -676, -461, 108, 0, 0, 240
L -685, -453, 107, -684, -454, 108, 0, 0, 240
L -691, -447, 106, -685, -453, 107, 0, 0, 240
L -382, -398, 70, -381, -392, 68, 0, 0, 0
L -383, -407, 72, -382, -398, 70, 0, 0, 0
L -383, -408, 71, -383, -407, 72, 0, 0, 0
L -383, -410, 72, -383, -408, 71, 0, 0, 0
L -384, -411, 72, -383, -410, 72, 0, 0, 0
L -385, -413, 72, -384, -411, 72, 0, 0, 0
L -386, -414, 73, -385, -413, 72, 0, 0, 0
L -391, -420, 74, -386, -414, 73, 0, 0, 0
L -393, -423, 74, -391, -420, 74, 0, 0, 0
L -394, -424, 74, -393, -423, 74, 0, 0, 0
L -397, -427, 75, -394, -424, 74, 0, 0, 0
L -402, -431, 77, -397, -427, 75, 0, 0, 0
L -403, -432, 78, -402, -431, 77, 0, 0, 0
L -409, -429, 79, -403, -432, 78, 0, 0, 0
L -417, -422, 83, -409, -429, 79, 0, 0, 0
L -418, -421, 83, -417, -422, 83, 0, 0, 0
L -429, -415, 83, -418, -421, 83, 0, 0, 0
L -433, -414, 82, -429, -415, 83, 0, 0, 0
L -437, -414, 82, -433, -414, 82, 0, 0, 0
L -443, -410, 82, -437, -414, 82, 0, 0, 0
L -445, -408, 82, -443, -410, 82, 0, 0, 0
L -448, -406, 82, -445, -408, 82, 0, 0, 0
L -456, -402, 82, -448, -406, 82, 0, 0, 0
L -457, -401, 82, -456, -402, 82, 0, 0, 0
L -460, -400, 82, -457, -401, 82, 0, 0, 0
L -462, -400, 82, -460, -400, 82, 0, 0, 0
L -479, -398, 82, -462, -400, 82, 0, 0, 0
L -489, -397, 83, -479, -398, 82, 0, 0, 0
L -491, -397, 83, -489, -397, 83, 0, 0, 0
L -490, -395, 84, -491, -397, 83, 0, 0, 0
L -491, -394, 83, -490, -395, 84, 0, 0, 0
L -493, -393, 84, -491, -394, 83, 0, 0, 0
L -501, -392, 84, -493, -393, 84, 0, 0, 0
L -503, -392, 84, -501, -392, 84, 0, 0, 0
L -507, -394, 84, -503, -392, 84, 0, 0, 0
L -511, -394, 84, -507, -394, 84, 0, 0, 0
L -513, -394, 85, -511, -394, 84, 0, 0, 0
L -516, -395, 85, -513, -394, 85, 0, 0, 0
L -521, -396, 86, -516, -395, 85, 0, 0, 0
L -523, -397, 86, -521, -396, 86, 0, 0, 0
L -524, -398, 86, -523, -397, 86, 0, 0, 0
L -526, -398, 86, -524, -398, 86, 0, 0, 0
L -527, -400, 86, -526, -398, 86, 0, 0, 0
L -535, -406, 85, -527, -400, 86, 0, 0, 0
L -538, -409, 85, -535, -406, 85, 0, 0, 0
L -539, -409, 86, -538, -409, 85, 0, 0, 0
L -540, -409, 86, -539, -409, 86, 0, 0, 0
L -560, -415, 90, -540, -409, 86, 0, 0, 0
L -570, -416, 91, -560, -415, 90, 0, 0, 0
L -571, -416, 91, -570, -416, 91, 0, 0, 0
L -580, -416, 92, -571, -416, 91, 0, 0, 0
L -591, -416, 92, -580, -416, 92, 0, 0, 0
L -592, -415, 93, -591, -416, 92, 0, 0, 0
L -602, -414, 93, -592, -415, 93, 0, 0, 0
L -603, -413, 93, -602, -414, 93, 0, 0, 0
L -609, -410, 91, -603, -413, 93, 0, 0, 0
L -610, -409, 91, -609, -410, 91, 0, 0, 0
L -611, -406, 89, -610, -409, 91, 0, 0, 0
L -617, -399, 87, -611, -406, 89, 0, 0, 0
L -618, -397, 87, -617, -399, 87, 0, 0, 0
L -619, -396, 87, -618, -397, 87, 0, 0, 0
L -620, -391, 89, -619, -396, 87, 0, 0, 0
L -620, -389, 89, -620, -391, 89, 0, 0, 0
L -619, -388, 89, -620, -389, 89, 0, 0, 0
L -619, -386, 90, -619, -388, 89, 0, 0, 0
L -621, -384, 87, -619, -386, 90, 0, 0, 0
L -622, -383, 87, -621, -384, 87, 0, 0, 0
L -629, -381, 86, -622, -383, 87, 0, 0, 0
L -637, -380, 84, -629, -381, 86, 0, 0, 0
L -638, -379, 84, -637, -380, 84, 0, 0, 0
L -640, -379, 84, -638, -379, 84, 0, 0, 0
L -640, -377, 83, -640, -379, 84, 0, 0, 0
L -642, -376, 83, -640, -377, 83, 0, 0, 0
L -643, -376, 82, -642, -376, 83, 0, 0, 0
L -646, -378, 82, -643, -376, 82, 0, 0, 0
L -648, -379, 82, -646, -378, 82, 0, 0, 0
L -650, -377, 81, -648, -379, 82, 0, 0, 0
L -658, -372, 82, -650, -377, 81, 0, 0, 0
L -660, -371, 81, -658, -372, 82, 0, 0, 0
L -662, -370, 81, -660, -371, 81, 0, 0, 0
L -664, -368, 82, -662, -370, 81, 0, 0, 0
L -678, -356, 80, -664, -368, 82, 0, 0, 0
L -685, -350, 80, -678, -356, 80, 0, 0, 0
L -689, -346, 80, -685, -350, 80, 0, 0, 0
L -698, -340, 81, -689, -346, 80, 0, 0, 0
L -701, -337, 81, -698, -340, 81, 0, 0, 0
L -701, -328, 81, -701, -337, 81, 0, 0, 0
L -700, -327, 81, -701, -328, 81, 0, 0, 0
L -701, -320, 81, -700, -327, 81, 0, 0, 0
L -702, -315, 81, -701, -320, 81, 0, 0, 0
L -702, -311, 82, -702, -315, 81, 0, 0, 0
L -702, -309, 82, -702, -311, 82, 0, 0, 0
L -701, -308, 82, -702, -309, 82, 0, 0, 0
L -699, -307, 82, -701, -308, 82, 0, 0, 0
L -696, -305, 82, -699, -307, 82, 0, 0, 0
L -693, -304, 82, -696, -305, 82, 0, 0, 0
L -692, -304, 82, -693, -304, 82, 0, 0, 0
L -676, -295, 82, -692, -304, 82, 0, 0, 0
L -674, -294, 82, -676, -295, 82, 0, 0, 0
L -670, -290, 82, -674, -294, 82, 0, 0, 0
L -657, -273, 82, -670, -290, 82, 0, 0, 0
L -656, -271, 83, -657, -273, 82, 0, 0, 0
L -650, -263, 84, -656, -271, 83, 0, 0, 0
L -649, -262, 84, -650, -263, 84, 0, 0, 0
L -633, -253, 86, -649, -262, 84, 0, 0, 0
L -632, -253, 87, -633, -253, 86, 0, 0, 0
L -626, -251, 87, -632, -253, 87, 0, 0, 0
L -616, -252, 90, -626, -251, 87, 0, 0, 0
L -614, -252, 90, -616, -252, 90, 0, 0, 0
L -613, -250, 91, -614, -252, 90, 0, 0, 0
L -615, -248, 91, -613, -250, 91, 0, 0, 0
L -616, -245, 91, -615, -248, 91, 0, 0, 0
L -619, -242, 91, -616, -245, 91, 0, 0, 0
L -622, -240, 92, -619, -242, 91, 0, 0, 0
L -624, -238, 92, -622, -240, 92, 0, 0, 0
L -631, -231, 93, -624, -238, 92, 0, 0, 0
L -639, -225, 93, -631, -231, 93, 0, 0, 0
L -640, -224, 92, -639, -225, 93, 0, 0, 0
L -641, -222, 92, -640, -224, 92, 0, 0, 0
L -642, -221, 92, -641, -222, 92, 0, 0, 0
L -642, -219, 91, -642, -221, 92, 0, 0, 0
L -643, -218, 90, -642, -219, 91, 0, 0, 0
L -642, -216, 91, -643, -218, 90, 0, 0, 0
L -639, -212, 92, -642, -216, 91, 0, 0, 0
L -634, -207, 94, -639, -212, 92, 0, 0, 0
L -632, -206, 94, -634, -207, 94, 0, 0, 0
L -631, -205, 95, -632, -206, 94, 0, 0, 0
L -630, -207, 95, -631, -205, 95, 0, 0, 0
L -628, -206, 94, -630, -207, 95, 0, 0, 0
L -620, -203, 92, -628, -206, 94, 0, 0, 0
L -618, -202, 93, -620, -203, 92, 0, 0, 0
L -609, -204, 93, -618, -202, 93, 0, 0, 0
L -607, -204, 93, -609, -204, 93, 0, 0, 0
L -606, -205, 93, -607, -204, 93, 0, 0, 0
L -604, -206, 93, -606, -205, 93, 0, 0, 0
L -601, -208, 92, -604, -206, 93, 0, 0, 0
L -594, -215, 91, -601, -208, 92, 0, 0, 0
L -593, -216, 91, -594, -215, 91, 0, 0, 0
L -585, -221, 90, -593, -216, 91, 0, 0, 0
L -582, -224, 89, -585, -221, 90, 0, 0, 0
L -580, -224, 89, -582, -224, 89, 0, 0, 0
L -579, -225, 88, -580, -224, 89, 0, 0, 0
L -557, -238, 86, -579, -225, 88, 0, 0, 0
L -552, -240, 85, -557, -238, 86, 0, 0, 0
L -543, -243, 84, -552, -240, 85, 0, 0, 0
L -525, -249, 84, -543, -243, 84, 0, 0, 0
L -523, -249, 84, -525, -249, 84, 0, 0, 0
L -522, -250, 84, -523, -249, 84, 0, 0, 0
L -503, -256, 82, -522, -250, 84, 0, 0, 0
L -497, -258, 82, -503, -256, 82, 0, 0, 0
L -490, -261, 82, -497, -258, 82, 0, 0, 0
L -488, -263, 82, -490, -261, 82, 0, 0, 0
L -488, -265, 82, -488, -263, 82, 0, 0, 0
L -473, -274, 79, -488, -265, 82, 0, 0, 0
L -466, -279, 78, -473, -274, 79, 0, 0, 0
L -459, -282, 76, -466, -279, 78, 0, 0, 0
L -449, -287, 75, -459, -282, 76, 0, 0, 0
L -448, -288, 75, -449, -287, 75, 0, 0, 0
L -446, -288, 74, -448, -288, 75, 0, 0, 0
L -444, -289, 74, -446, -288, 74, 0, 0, 0
L -417, -293, 74, -444, -289, 74, 0, 0, 0
L -413, -294, 73, -417, -293, 74, 0, 0, 0
L -411, -295, 73, -413, -294, 73, 0, 0, 0
L -400, -306, 67, -411, -295, 73, 0, 0, 0
L -399, -307, 67, -400, -306, 67, 0, 0, 0
L -394, -314, 67, -399, -307, 67, 0, 0, 0
L -390, -322, 67, -394, -314, 67, 0, 0, 0
L -390, -325, 67, -390, -322, 67, 0, 0, 0
L -388, -330, 67, -390, -325, 67, 0, 0, 0
L -387, -332, 67, -388, -330, 67, 0, 0, 0
L -388, -333, 67, -387, -332, 67, 0, 0, 0
L -389, -336, 67, -388, -333, 67, 0, 0, 0
L -387, -345, 67, -389, -336, 67, 0, 0, 0
L -384, -365, 69, -387, -345, 67, 0, 0, 0
L -384, -368, 69, -384, -365, 69, 0, 0, 0
L -381, -379, 70, -384, -368, 69, 0, 0, 0
L -380, -389, 71, -381, -379, 70, 0, 0, 0
L -381, -390, 71, -380, -389, 71, 0, 0, 0
L -382, -400, 71, -381, -390, 71, 0, 0, 0
L -382, -405, 71, -382, -400, 71, 0, 0, 0
L -125, -167, 53, -127, -173, 53, 0, 127, 0
L -118, -153, 53, -125, -167, 53, 0, 127, 0
L -118, -152, 53, -118, -153, 53, 0, 127, 0
L -110, -138, 53, -118, -152, 53, 0, 127, 0
L -110, -136, 54, -110, -138, 53, 0, 127, 0
L -107, -132, 53, -110, -136, 54, 0, 127, 0
L -106, -132, 53, -107, -132, 53, 0, 127, 0
L -104, -133, 53, -106, -132, 53, 0, 127, 0
L -91, -128, 52, -104, -133, 53, 0, 127, 0
L -89, -127, 52, -91, -128, 52, 0, 127, 0
L -80, -125, 48, -89, -127, 52, 0, 127, 0
L -78, -125, 48, -80, -125, 48, 0, 127, 0
L -77, -124, 48, -78, -125, 48, 0, 127, 0
L -70, -117, 45, -77, -124, 48, 0, 127, 0
L -67, -113, 43, -70, -117, 45, 0, 127, 0
L -62, -105, 41, -67, -113, 43, 0, 127, 0
L -61, -104, 41, -62, -105, 41, 0, 127, 0
L -60, -101, 40, -61, -104, 41, 0, 127, 0
L -56, -92, 37, -60, -101, 40, 0, 127, 0
L -55, -90, 36, -56, -92, 37, 0, 127, 0
L -55, -89, 36, -55, -90, 36, 0, 127, 0
L -53, -84, 34, -55, -89, 36, 0, 127, 0
L -53, -80, 32, -53, -84, 34, 0, 127, 0
L -52, -75, 30, -53, -80, 32, 0, 127, 0
L -52, -73, 29, -52, -75, 30, 0, 127, 0
L -52, -70, 28, -52, -73, 29, 0, 127, 0
L -53, -66, 27, -52, -70, 28, 0, 127, 0
L -53, -65, 27, -53, -66, 27, 0, 127, 0
L -66, -40, 20, -53, -65, 27, 0, 127, 0
L -70, -36, 20, -66, -40, 20, 0, 127, 0
L -72, -34, 19, -70, -36, 20, 0, 127, 0
L -84, -26, 12, -72, -34, 19, 0, 127, 0
L -85, -25, 12, -84, -26, 12, 0, 127, 0
L -94, -22, 7, -85, -25, 12, 0, 127, 0
L -95, -22, 7, -94, -22, 7, 0, 0, 0
L -100, -21, 5, -95, -22, 7, 0, 0, 0
L -102, -20, 4, -100, -21, 5, 0, 0, 0
L -117, -20, 1, -102, -20, 4, 0, 0, 0
L -122, -20, 1, -117, -20, 1, 0, 0, 0
L -132, -23, -2, -122, -20, 1, 0, 0, 0
L -133, -23, -2, -132, -23, -2, 0, 0, 0
L -144, -29, -5, -133, -23, -2, 0, 0, 0
L -145, -30, -5, -144, -29, -5, 0, 0, 0
L -149, -33, -6, -145, -30, -5, 0, 0, 0
L -151, -34, -7, -149, -33, -6, 0, 0, 0
L -154, -38, -8, -151, -34, -7, 0, 0, 0
L -155, -39, -8, -154, -38, -8, 0, 0, 0
L -158, -43, -9, -155, -39, -8, 0, 0, 0
L -159, -44, -9, -158, -43, -9, 0, 0, 0
L -163, -52, -11, -159, -44, -9, 0, 0, 0
L -163, -82, -8, -163, -84, -8, 0, 0, 0
L -162, -81, -8, -163, -82, -8, 0, 0, 0
L -157, -63, -6, -162, -81, -8, 0, 0, 0
L -156, -62, -6, -157, -63, -6, 0, 0, 0
L -153, -56, -6, -156, -62, -6, 0, 0, 0
L -152, -54, -5, -153, -56, -6, 0, 0, 0
L -151, -53, -4, -152, -54, -5, 0, 0, 0
L -142, -48, -1, -151, -53, -4, 0, 0, 0
L -141, -47, 0, -142, -48, -1, 0, 0, 0
L -139, -46, 2, -141, -47, 0, 0, 0, 0
L -129, -44, 6, -139, -46, 2, 0, 0, 0
L -127, -43, 7, -129, -44, 6, 0, 0, 0
L -112, -43, 11, -127, -43, 7, 0, 0, 0
L -106, -43, 14, -112, -43, 11, 0, 127, 0
L -104, -44, 15, -106, -43, 14, 0, 127, 0
L -100, -45, 18, -104, -44, 15, 0, 127, 0
L -97, -46, 18, -100, -45, 18, 0, 127, 0
L -96, -46, 19, -97, -46, 18, 0, 127, 0
L -95, -48, 20, -96, -46, 19, 0, 127, 0
L -93, -49, 21, -95, -48, 20, 0, 127, 0
L -91, -51, 23, -93, -49, 21, 0, 127, 0
L -90, -52, 23, -91, -51, 23, 0, 127, 0
L -89, -54, 24, -90, -52, 23, 0, 127, 0
L -89, -55, 25, -89, -54, 24, 0, 127, 0
L -87, -57, 27, -89, -55, 25, 0, 127, 0
L -86, -59, 28, -87, -57, 27, 0, 127, 0
L -85, -60, 29, -86, -59, 28, 0, 127, 0
L -85, -63, 30, -85, -60, 29, 0, 127, 0
L -85, -64, 31, -85, -63, 30, 0, 127, 0
L -84, -68, 34, -85, -64, 31, 0, 127, 0
L -83, -69, 35, -84, -68, 34, 0, 127, 0
L -83, -75, 36, -83, -69, 35, 0, 127, 0
L -82, -81, 39, -83, -75, 36, 0, 127, 0
L -85, -89, 45, -82, -81, 39, 0, 127, 0
L -86, -91, 47, -85, -89, 45, 0, 127, 0
L -90, -95, 51, -86, -91, 47, 0, 127, 0
L -92, -97, 52, -90, -95, 51, 0, 127, 0
L -94, -99, 55, -92, -97, 52, 0, 127, 0
L -96, -100, 56, -94, -99, 55, 0, 127, 0
L -103, -105, 61, -96, -100, 56, 0, 127, 0
L -105, -106, 61, -103, -105, 61, 0, 127, 0
L -109, -106, 61, -105, -106, 61, 0, 127, 0
L -112, -106, 63, -109, -106, 61, 0, 127, 0
L -113, -105, 64, -112, -106, 63, 0, 127, 0
L -117, -104, 67, -113, -105, 64, 0, 127, 0
L -119, -104, 68, -117, -104, 67, 0, 127, 0
L -121, -103, 67, -119, -104, 68, 0, 127, 0
L -123, -102, 68, -121, -103, 67, 0, 127, 0
L -129, -98, 67, -123, -102, 68, 0, 127, 0
L -130, -97, 68, -129, -98, 67, 0, 127, 0
L -136, -90, 66, -130, -97, 68, 0, 127, 0
L -138, -88, 65, -136, -90, 66, 0, 127, 0
L -138, -81, 66, -138, -88, 65, 0, 127, 0
L -138, -79, 66, -138, -81, 66, 0, 127, 0
L -136, -73, 65, -138, -79, 66, 0, 127, 0
L -136, -71, 64, -136, -73, 65, 0, 127, 0
L -135, -69, 64, -136, -71, 64, 0, 127, 0
L -135, -68, 65, -135, -69, 64, 0, 127, 0
L -134, -66, 65, -135, -68, 65, 0, 127, 0
L -133, -65, 66, -134, -66, 65, 0, 127, 0
L -131, -64, 65, -133, -65, 66, 0, 127, 0
L -130, -63, 64, -131, -64, 65, 0, 127, 0
L -127, -61, 65, -130, -63, 64, 0, 127, 0
L -126, -60, 65, -127, -61, 65, 0, 127, 0
L -128, -60, 65, -126, -60, 65, 0, 127, 0
L -140, -69, 64, -128, -60, 65, 0, 127, 0
L -142, -70, 64, -140, -69, 64, 0, 127, 0
L -143, -71, 64, -142, -70, 64, 0, 127, 0
L -145, -78, 64, -143, -71, 64, 0, 127, 0
L -146, -79, 64, -145, -78, 64, 0, 127, 0
L -151, -92, 65, -146, -79, 64, 0, 127, 0
L -152, -95, 64, -151, -92, 65, 0, 127, 0
L -152, -96, 65, -152, -95, 64, 0, 127, 0
L -151, -98, 65, -152, -96, 65, 0, 127, 0
L -150, -102, 64, -151, -98, 65, 0, 127, 0
L -149, -103, 64, -150, -102, 64, 0, 127, 0
L -148, -105, 64, -149, -103, 64, 0, 127, 0
L -142, -116, 62, -148, -105, 64, 0, 127, 0
L -134, -129, 58, -142, -116, 62, 0, 127, 0
L -134, -130, 57, -134, -129, 58, 0, 127, 0
L -140, -141, 56, -134, -130, 57, 0, 127, 0
L -141, -142, 57, -140, -141, 56, 0, 127, 0
L -145, -148, 57, -141, -142, 57, 0, 127, 0
L -128, -209, 64, -121, -211, 67, 0, 240, 0
L -130, -209, 64, -128, -209, 64, 0, 240, 0
L -128, -205, 63, -130, -209, 64, 0, 240, 0
L -127, -203, 63, -128, -205, 63, 0, 240, 0
L -132, -188, 58, -127, -203, 63, 0, 240, 0
L -132, -186, 58, -132, -188, 58, 0, 240, 0
L -132, -184, 55, -132, -186, 58, 0, 240, 0
L -131, -181, 54, -132, -184, 55, 0, 240, 0
L -123, -160, 52, -131, -181, 54, 0, 240, 0
L -149, -156, 58, -147, -153, 58, 0, 240, 0
L -150, -158, 58, -149, -156, 58, 0, 240, 0
L -155, -164, 60, -150, -158, 58, 0, 240, 0
L -156, -165, 61, -155, -164, 60, 0, 240, 0
L -157, -164, 61, -156, -165, 61, 0, 240, 0
L -172, -151, 63, -157, -164, 61, 0, 240, 0
L -179, -144, 64, -172, -151, 63, 0, 240, 0
L -184, -140, 66, -179, -144, 64, 0, 240, 0
L -185, -138, 67, -184, -140, 66, 0, 240, 0
L -194, -126, 71, -185, -138, 67, 0, 240, 0
L -195, -126, 71, -194, -126, 71, 0, 240, 0
L -200, -119, 75, -195, -126, 71, 0, 240, 0
L -209, -110, 77, -200, -119, 75, 0, 240, 0
L -209, -109, 77, -209, -110, 77, 0, 240, 0
L -210, -108, 77, -209, -109, 77, 0, 240, 0
L -211, -106, 77, -210, -108, 77, 0, 240, 0
L -212, -103, 78, -211, -106, 77, 0, 240, 0
L -213, -101, 78, -212, -103, 78, 0, 240, 0
L -218, -83, 88, -213, -101, 78, 0, 240, 0
L -219, -79, 89, -218, -83, 88, 0, 240, 0
L -220, -76, 90, -219, -79, 89, 0, 240, 0
L -220, -74, 90, -220, -76, 90, 0, 240, 0
L -221, -70, 93, -220, -74, 90, 0, 240, 0
L -221, -60, 98, -221, -70, 93, 0, 240, 0
L -218, -49, 100, -221, -60, 98, 0, 240, 0
L -217, -44, 102, -218, -49, 100, 0, 240, 0
L -215, -40, 103, -217, -44, 102, 0, 240, 0
L -213, -37, 104, -215, -40, 103, 0, 240, 0
L -212, -36, 104, -213, -37, 104, 0, 240, 0
L -212, -34, 105, -212, -36, 104, 0, 240, 0
L -211, -33, 105, -212, -34, 105, 0, 240, 0
L -209, -32, 106, -211, -33, 105, 0, 240, 0
L -208, -31, 107, -209, -32, 106, 0, 240, 0
L -202, -21, 113, -208, -31, 107, 0, 240, 0
L -198, -15, 115, -202, -21, 113, 0, 240, 0
L -197, -13, 116, -198, -15, 115, 0, 240, 0
L -195, -11, 116, -197, -13, 116, 0, 240, 0
L -188, -5, 118, -195, -11, 116, 0, 240, 0
L -186, -3, 119, -188, -5, 118, 0, 240, 0
L -184, -1, 119, -186, -3, 119, 0, 240, 0
L -182, -1, 120, -184, -1, 119, 0, 240, 0
L -181, 0, 120, -182, -1, 120, 0, 240, 0
L -168, 6, 120, -181, 0, 120, 0, 240, 0
L -159, 10, 123, -168, 6, 120, 0, 240, 0
L -157, 11, 123, -159, 10, 123, 0, 240, 0
L -148, 13, 124, -157, 11, 123, 0, 240, 0
L -139, 14, 125, -148, 13, 124, 0, 240, 0
L -137, 14, 125, -139, 14, 125, 0, 240, 0
L -127, 15, 125, -137, 14, 125, 0, 240, 0
L -122, 15, 125, -127, 15, 125, 0, 240, 0
L -120, 15, 126, -122, 15, 125, 0, 240, 0
L -111, 13, 129, -120, 15, 126, 0, 240, 0
L -100, 11, 129, -111, 13, 129, 0, 240, 0
L -100, 9, 129, -100, 11, 129, 0, 240, 0
L -102, 3, 129, -100, 9, 129, 0, 240, 0
L -104, 0, 130, -102, 3, 129, 0, 240, 0
L -109, -10, 132, -104, 0, 130, 0, 240, 0
L -109, -11, 132, -109, -10, 132, 0, 240, 0
L -111, -10, 132, -109, -11, 132, 0, 240, 0
L -136, -13, 132, -111, -10, 132, 0, 240, 0
L -139, -14, 132, -136, -13, 132, 0, 240, 0
L -144, -15, 133, -139, -14, 132, 0, 240, 0
L -146, -15, 133, -144, -15, 133, 0, 240, 0
L -150, -18, 133, -146, -15, 133, 0, 240, 0
L -151, -19, 133, -150, -18, 133, 0, 240, 0
L -169, -32, 133, -151, -19, 133, 0, 240, 0
L -171, -33, 133, -169, -32, 133, 0, 240, 0
L -173, -35, 133, -171, -33, 133, 0, 240, 0
L -175, -38, 134, -173, -35, 133, 0, 240, 0
L -176, -40, 134, -175, -38, 134, 0, 240, 0
L -180, -46, 134, -176, -40, 134, 0, 240, 0
L -181, -47, 134, -180, -46, 134, 0, 240, 0
L -181, -49, 134, -181, -47, 134, 0, 240, 0
L -185, -60, 134, -181, -49, 134, 0, 240, 0
L -187, -63, 133, -185, -60, 134, 0, 240, 0
L -187, -67, 133, -187, -63, 133, 0, 240, 0
L -188, -73, 133, -187, -67, 133, 0, 240, 0
L -189, -82, 133, -188, -73, 133, 0, 240, 0
L -188, -93, 133, -189, -82, 133, 0, 240, 0
L -188, -94, 133, -188, -93, 133, 0, 240, 0
L -187, -98, 133, -188, -94, 133, 0, 240, 0
L -187, -99, 133, -187, -98, 133, 0, 240, 0
L -185, -109, 132, -187, -99, 133, 0, 240, 0
L -185, -111, 132, -185, -109, 132, 0, 240, 0
L -181, -118, 132, -185, -111, 132, 0, 240, 0
L -179, -122, 132, -181, -118, 132, 0, 240, 0
L -178, -123, 131, -179, -122, 132, 0, 240, 0
L -174, -127, 131, -178, -123, 131, 0, 240, 0
L -171, -131, 131, -174, -127, 131, 0, 240, 0
L -164, -137, 130, -171, -131, 131, 0, 240, 0
L -159, -142, 129, -164, -137, 130, 0, 240, 0
L -158, -143, 130, -159, -142, 129, 0, 240, 0
L -156, -144, 130, -158, -143, 130, 0, 240, 0
L -155, -144, 131, -156, -144, 130, 0, 240, 0
L -154, -145, 132, -155, -144, 131, 0, 240, 0
L -152, -145, 132, -154, -145, 132, 0, 240, 0
L -150, -146, 132, -152, -145, 132, 0, 240, 0
L -148, -147, 131, -150, -146, 132, 0, 240, 0
L -147, -148, 131, -148, -147, 131, 0, 240, 0
L -142, -150, 130, -147, -148, 131, 0, 240, 0
L -133, -154, 129, -142, -150, 130, 0, 240, 0
L -131, -154, 129, -133, -154, 129, 0, 240, 0
L -130, -155, 128, -131, -154, 129, 0, 240, 0
L -128, -155, 128, -130, -155, 128, 0, 240, 0
L -120, -156, 127, -128, -155, 128, 0, 240, 0
L -110, -157, 126, -120, -156, 127, 0, 240, 0
L -108, -157, 126, -110, -157, 126, 0, 240, 0
L -95, -155, 125, -108, -157, 126, 0, 240, 0
L -90, -153, 124, -95, -155, 125, 0, 240, 0
L -87, -152, 123, -90, -153, 124, 0, 240, 0
L -85, -151, 123, -87, -152, 123, 0, 240, 0
L -82, -149, 123, -85, -151, 123, 0, 240, 0
L -66, -139, 121, -82, -149, 123, 0, 240, 0
L -63, -137, 121, -66, -139, 121, 0, 240, 0
L -53, -129, 120, -63, -137, 121, 0, 240, 0
L -52, -128, 120, -53, -129, 120, 0, 240, 0
L -51, -126, 121, -52, -128, 120, 0, 240, 0
L -49, -121, 121, -51, -126, 121, 0, 240, 0
L -48, -119, 122, -49, -121, 121, 0, 240, 0
L -47, -118, 122, -48, -119, 122, 0, 240, 0
L -43, -103, 121, -47, -118, 122, 0, 240, 0
L -38, -89, 120, -43, -103, 121, 0, 240, 0
L -38, -68, 120, -38, -89, 120, 0, 240, 0
L -39, -63, 120, -38, -68, 120, 0, 240, 0
L -43, -45, 119, -39, -63, 120, 0, 240, 0
L -43, -44, 119, -43, -45, 119, 0, 240, 0
L -44, -42, 119, -43, -44, 119, 0, 240, 0
L -45, -41, 119, -44, -42, 119, 0, 240, 0
L -52, -32, 119, -45, -41, 119, 0, 240, 0
L -53, -30, 119, -52, -32, 119, 0, 240, 0
L -55, -28, 120, -53, -30, 119, 0, 240, 0
L -58, -26, 121, -55, -28, 120, 0, 240, 0
L -59, -25, 122, -58, -26, 121, 0, 240, 0
L -61, -24, 122, -59, -25, 122, 0, 240, 0
L -76, -21, 130, -61, -24, 122, 0, 240, 0
L -77, -21, 131, -76, -21, 130, 0, 240, 0
L -75, -12, 129, -77, -21, 131, 0, 240, 0
L -73, -3, 129, -75, -12, 129, 0, 240, 0
L -69, 8, 130, -73, -3, 129, 0, 240, 0
L -69, 10, 130, -69, 8, 130, 0, 240, 0
L -68, 13, 130, -69, 10, 130, 0, 240, 0
L -66, 18, 130, -68, 13, 130, 0, 240, 0
L -161, 31, 127, -154, 32, 128, 0, 0, 0
L -166, 30, 127, -161, 31, 127, 0, 0, 0
L -171, 28, 126, -166, 30, 127, 0, 0, 0
L -174, 27, 125, -171, 28, 126, 0, 0, 0
L -183, 22, 125, -174, 27, 125, 0, 0, 0
L -184, 21, 125, -183, 22, 125, 0, 0, 0
L -189, 19, 125, -184, 21, 125, 0, 0, 0
L -191, 19, 125, -189, 19, 125, 0, 0, 0
L -200, 12, 124, -191, 19, 125, 0, 0, 0
L -202, 11, 123, -200, 12, 124, 0, 0, 0
L -203, 10, 123, -202, 11, 123, 0, 0, 0
L -209, 3, 120, -203, 10, 123, 0, 0, 0
L -213, -3, 118, -209, 3, 120, 0, 0, 0
L -218, -11, 114, -213, -3, 118, 0, 0, 0
L -221, -15, 113, -218, -11, 114, 0, 0, 0
L -222, -17, 113, -221, -15, 113, 0, 0, 0
L -222, -18, 112, -222, -17, 113, 0, 0, 0
L -224, -24, 109, -222, -18, 112, 0, 0, 0
L -224, -26, 109, -224, -24, 109, 0, 0, 0
L -225, -27, 109, -224, -26, 109, 0, 0, 0
L -227, -31, 108, -225, -27, 109, 0, 0, 0
L -229, -33, 108, -227, -31, 108, 0, 0, 0
L -231, -32, 108, -229, -33, 108, 0, 0, 0
L -234, -38, 104, -231, -32, 108, 0, 0, 0
L -237, -47, 101, -234, -38, 104, 0, 0, 0
L -240, -53, 99, -237, -47, 101, 0, 0, 0
L -240, -64, 97, -240, -53, 99, 0, 0, 0
L -240, -66, 97, -240, -64, 97, 0, 0, 0
L -242, -70, 97, -240, -66, 97, 0, 0, 0
L -243, -73, 97, -242, -70, 97, 0, 0, 0
L -243, -76, 96, -243, -73, 97, 0, 0, 0
L -243, -78, 96, -243, -76, 96, 0, 0, 0
L -244, -81, 95, -243, -78, 96, 0, 0, 0
L -244, -82, 94, -244, -81, 95, 0, 0, 0
L -240, -92, 91, -244, -82, 94, 0, 0, 0
L -239, -97, 90, -240, -92, 91, 0, 0, 0
L -238, -98, 89, -239, -97, 90, 0, 0, 0
L -238, -99, 89, -238, -98, 89, 0, 0, 0
L -235, -102, 87, -238, -99, 89, 0, 0, 0
L -234, -103, 86, -235, -102, 87, 0, 0, 0
L -228, -114, 81, -234, -103, 86, 0, 0, 0
L -227, -116, 81, -228, -114, 81, 0, 0, 0
L -226, -117, 80, -227, -116, 81, 0, 0, 0
L -222, -122, 80, -226, -117, 80, 0, 0, 0
L -215, -127, 79, -222, -122, 80, 0, 0, 0
L -214, -128, 78, -215, -127, 79, 0, 0, 0
L -213, -129, 78, -214, -128, 78, 0, 0, 0
L -211, -132, 76, -213, -129, 78, 0, 0, 0
L -210, -133, 76, -211, -132, 76, 0, 0, 0
L -211, -135, 76, -210, -133, 76, 0, 0, 0
L -210, -137, 75, -211, -135, 76, 0, 0, 0
L -209, -138, 74, -210, -137, 75, 0, 0, 0
L -208, -140, 74, -209, -138, 74, 0, 0, 0
L -207, -141, 73, -208, -140, 74, 0, 0, 0
L -206, -144, 73, -207, -141, 73, 0, 0, 0
L -205, -146, 73, -206, -144, 73, 0, 0, 0
L -200, -154, 73, -205, -146, 73, 0, 0, 0
L -199, -155, 72, -200, -154, 73, 0, 0, 0
L -197, -158, 72, -199, -155, 72, 0, 0, 0
L -193, -162, 70, -197, -158, 72, 0, 0, 0
L -191, -164, 71, -193, -162, 70, 0, 0, 0
L -186, -168, 71, -191, -164, 71, 0, 0, 0
L -184, -169, 71, -186, -168, 71, 0, 0, 0
L -163, -193, 75, -184, -169, 71, 0, 0, 0
L -162, -194, 75, -163, -193, 75, 0, 0, 0
L -163, -197, 75, -162, -194, 75, 0, 0, 0
L -164, -198, 75, -163, -197, 75, 0, 0, 0
L -165, -199, 72, -164, -198, 75, 0, 0, 0
L -165, -201, 72, -165, -199, 72, 0, 0, 0
L -166, -202, 71, -165, -201, 72, 0, 0, 0
L -166, -203, 71, -166, -202, 71, 0, 0, 0
L -167, -204, 69, -166, -203, 71, 0, 0, 0
L -168, -205, 70, -167, -204, 69, 0, 0, 0
L -169, -206, 70, -168, -205, 70, 0, 0, 0
L -171, -207, 70, -169, -206, 70, 0, 0, 0
L -172, -208, 70, -171, -207, 70, 0, 0, 0
L -173, -210, 69, -172, -208, 70, 0, 0, 0
L -173, -211, 69, -173, -210, 69, 0, 0, 0
L -175, -216, 68, -173, -211, 69, 0, 0, 0
L -176, -221, 68, -175, -216, 68, 0, 0, 0
L -177, -226, 67, -176, -221, 68, 0, 0, 0
L -179, -249, 67, -177, -226, 67, 0, 0, 0
L -180, -256, 68, -179, -249, 67, 0, 0, 0
L -180, -258, 68, -180, -256, 68, 0, 0, 0
L -181, -273, 68, -180, -258, 68, 0, 0, 0
L -180, -275, 68, -181, -273, 68, 0, 0, 0
L -180, -276, 67, -180, -275, 68, 0, 0, 0
L -179, -285, 68, -180, -276, 67, 0, 0, 0
L -180, -291, 69, -179, -285, 68, 0, 0, 0
L -180, -292, 69, -180, -291, 69, 0, 0, 0
L -181, -295, 70, -180, -292, 69, 0, 0, 0
L -183, -302, 70, -181, -295, 70, 0, 0, 0
L -184, -305, 70, -183, -302, 70, 0, 0, 0
L -191, -320, 71, -184, -305, 70, 0, 0, 0
L -194, -326, 71, -191, -320, 71, 0, 0, 0
L -195, -329, 71, -194, -326, 71, 0, 0, 0
L -203, -340, 70, -195, -329, 71, 0, 0, 0
L -207, -344, 71, -203, -340, 70, 0, 0, 0
L -207, -345, 70, -207, -344, 71, 0, 0, 0
L -209, -346, 70, -207, -345, 70, 0, 0, 0
L -213, -349, 70, -209, -346, 70, 0, 0, 0
L -218, -351, 70, -213, -349, 70, 0, 0, 0
L -219, -352, 70, -218, -351, 70, 0, 0, 0
L -221, -353, 70, -219, -352, 70, 0, 0, 0
L -223, -353, 70, -221, -353, 70, 0, 0, 0
L -223, -351, 70, -223, -353, 70, 0, 0, 0
L -231, -354, 70, -223, -351, 70, 0, 0, 0
L -240, -356, 70, -231, -354, 70, 0, 0, 0
L -258, -358, 69, -240, -356, 70, 0, 0, 0
L -259, -358, 69, -258, -358, 69, 0, 0, 0
L -260, -357, 69, -259, -358, 69, 0, 0, 0
L -260, -355, 69, -260, -357, 69, 0, 0, 0
L -264, -355, 69, -260, -355, 69, 0, 0, 0
L -265, -355, 70, -264, -355, 69, 0, 0, 0
L -266, -354, 69, -265, -355, 70, 0, 0, 0
L -281, -350, 69, -266, -354, 69, 0, 0, 0
L -282, -350, 70, -281, -350, 69, 0, 0, 0
L -287, -345, 70, -282, -350, 70, 0, 0, 0
L -291, -341, 69, -287, -345, 70, 0, 0, 0
L -292, -340, 68, -291, -341, 69, 0, 0, 0
L -302, -325, 67, -292, -340, 68, 0, 0, 0
L -303, -324, 67, -302, -325, 67, 0, 0, 0
L -304, -321, 67, -303, -324, 67, 0, 0, 0
L -310, -307, 67, -304, -321, 67, 0, 0, 0
L -318, -285, 67, -310, -307, 67, 0, 0, 0
L -318, -283, 68, -318, -285, 67, 0, 0, 0
L -319, -279, 68, -318, -283, 68, 0, 0, 0
L -319, -278, 68, -319, -279, 68, 0, 0, 0
L -328, -252, 68, -319, -278, 68, 0, 0, 0
L -329, -251, 68, -328, -252, 68, 0, 0, 0
L -329, -250, 68, -329, -251, 68, 0, 0, 0
L -330, -245, 68, -329, -250, 68, 0, 0, 0
L -331, -243, 68, -330, -245, 68, 0, 0, 0
L -331, -239, 68, -331, -243, 68, 0, 0, 0
L -332, -238, 67, -331, -239, 68, 0, 0, 0
L -340, -219, 67, -332, -238, 67, 0, 0, 0
L -341, -218, 67, -340, -219, 67, 0, 0, 0
L -343, -215, 67, -341, -218, 67, 0, 0, 0
L -344, -214, 67, -343, -215, 67, 0, 0, 0
L -348, -211, 66, -344, -214, 67, 0, 0, 0
L -349, -209, 67, -348, -211, 66, 0, 0, 0
L -352, -205, 67, -349, -209, 67, 0, 0, 0
L -354, -203, 68, -352, -205, 67, 0, 0, 0
L -355, -202, 68, -354, -203, 68, 0, 0, 0
L -359, -199, 69, -355, -202, 68, 0, 0, 0
L -360, -198, 70, -359, -199, 69, 0, 0, 0
L -367, -191, 73, -360, -198, 70, 0, 0, 0
L -372, -182, 73, -367, -191, 73, 0, 0, 0
L -373, -181, 73, -372, -182, 73, 0, 0, 0
L -374, -179, 72, -373, -181, 73, 0, 0, 0
L -375, -178, 71, -374, -179, 72, 0, 0, 0
L -378, -176, 70, -375, -178, 71, 0, 0, 0
L -378, -175, 70, -378, -176, 70, 0, 0, 0
L -380, -174, 70, -378, -175, 70, 0, 0, 0
L -387, -162, 68, -380, -174, 70, 0, 0, 0
L -393, -154, 65, -387, -162, 68, 0, 0, 0
L -394, -152, 65, -393, -154, 65, 0, 0, 0
L -394, -151, 65, -394, -152, 65, 0, 0, 0
L -394, -149, 64, -394, -151, 65, 0, 0, 0
L -397, -144, 61, -394, -149, 64, 0, 0, 0
L -399, -140, 60, -397, -144, 61, 0, 0, 0
L -401, -137, 59, -399, -140, 60, 0, 0, 0
L -402, -134, 59, -401, -137, 59, 0, 0, 0
L -402, -132, 59, -402, -134, 59, 0, 0, 0
L -401, -130, 59, -402, -132, 59, 0, 0, 0
L -407, -116, 52, -401, -130, 59, 0, 0, 0
L -408, -115, 51, -407, -116, 52, 0, 0, 0
L -413, -99, 47, -408, -115, 51, 0, 0, 0
L -413, -97, 46, -413, -99, 47, 0, 0, 0
L -413, -90, 45, -413, -97, 46, 0, 0, 0
L -413, -81, 43, -413, -90, 45, 0, 0, 0
L -412, -73, 41, -413, -81, 43, 0, 0, 0
L -410, -61, 39, -412, -73, 41, 0, 0, 0
L -409, -56, 37, -410, -61, 39, 0, 0, 0
L -409, -52, 37, -409, -56, 37, 0, 0, 0
L -407, -51, 37, -409, -52, 37, 0, 0, 0
L -406, -50, 37, -407, -51, 37, 0, 0, 0
L -405, -47, 36, -406, -50, 37, 0, 0, 0
L -403, -44, 36, -405, -47, 36, 0, 0, 0
L -403, -42, 36, -403, -44, 36, 0, 0, 0
L -402, -41, 36, -403, -42, 36, 0, 0, 0
L -397, -21, 35, -402, -41, 36, 0, 0, 0
L -394, -6, 37, -397, -21, 35, 0, 0, 0
L -393, -0, 37, -394, -6, 37, 0, 0, 0
L -394, 2, 36, -393, -0, 37, 0, 0, 0
L -394, 3, 36, -394, 2, 36, 0, 0, 0
L -395, 6, 34, -394, 3, 36, 0, 0, 0
L -402, 21, 30, -395, 6, 34, 0, 0, 0
L -403, 23, 30, -402, 21, 30, 0, 0, 0
L -403, 24, 30, -403, 23, 30, 0, 0, 0
L -407, 32, 30, -403, 24, 30, 0, 0, 0
L -408, 34, 29, -407, 32, 30, 0, 0, 0
L -409, 37, 30, -408, 34, 29, 0, 0, 0
L -413, 49, 30, -409, 37, 30, 0, 0, 0
L -414, 53, 30, -413, 49, 30, 0, 0, 0
L -414, 56, 29, -414, 53, 30, 0, 0, 0
L -415, 63, 28, -414, 56, 29, 0, 0, 0
L -415, 75, 28, -415, 63, 28, 0, 0, 0
L -414, 79, 29, -415, 75, 28, 0, 0, 0
L -413, 82, 29, -414, 79, 29, 0, 0, 0
L -413, 84, 28, -413, 82, 29, 0, 0, 0
L -412, 86, 28, -413, 84, 28, 0, 0, 0
L -411, 90, 28, -412, 86, 28, 0, 0, 0
L -409, 94, 28, -411, 90, 28, 0, 0, 0
L -401, 105, 28, -409, 94, 28, 0, 0, 0
L -392, 115, 28, -401, 105, 28, 0, 0, 0
L -386, 121, 27, -392, 115, 28, 0, 0, 0
L -385, 122, 27, -386, 121, 27, 0, 0, 0
L -383, 123, 27, -385, 122, 27, 0, 0, 0
L -380, 125, 27, -383, 123, 27, 0, 0, 0
L -378, 125, 27, -380, 125, 27, 0, 0, 0
L -375, 124, 28, -378, 125, 27, 0, 0, 0
L -365, 129, 28, -375, 124, 28, 0, 0, 0
L -354, 134, 30, -365, 129, 28, 0, 0, 0
L -350, 135, 31, -354, 134, 30, 0, 0, 0
L -343, 137, 33, -350, 135, 31, 0, 0, 0
L -341, 138, 33, -343, 137, 33, 0, 0, 0
L -333, 139, 34, -341, 138, 33, 0, 0, 0
L -329, 140, 34, -333, 139, 34, 0, 0, 0
L -326, 140, 35, -329, 140, 34, 0, 0, 0
L -324, 140, 36, -326, 140, 35, 0, 0, 0
L -322, 140, 36, -324, 140, 36, 0, 0, 0
L -321, 139, 36, -322, 140, 36, 0, 0, 0
L -319, 139, 36, -321, 139, 36, 0, 0, 0
L -315, 138, 37, -319, 139, 36, 0, 0, 0
L -309, 138, 37, -315, 138, 37, 0, 0, 0
L -308, 137, 37, -309, 138, 37, 0, 0, 0
L -298, 136, 36, -308, 137, 37, 0, 0, 0
L -290, 135, 34, -298, 136, 36, 0, 0, 0
L -289, 135, 34, -290, 135, 34, 0, 0, 0
L -283, 132, 35, -289, 135, 34, 0, 0, 0
L -281, 132, 35, -283, 132, 35, 0, 0, 0
L -280, 132, 34, -281, 132, 35, 0, 0, 0
L -280, 134, 33, -280, 132, 34, 0, 0, 0
L -271, 137, 31, -280, 134, 33, 0, 0, 0
L -269, 138, 31, -271, 137, 31, 0, 0, 0
L -260, 138, 30, -269, 138, 31, 0, 0, 0
L -258, 138, 30, -260, 138, 30, 0, 0, 0
L -257, 137, 30, -258, 138, 30, 0, 0, 0
L -257, 135, 30, -257, 137, 30, 0, 0, 0
L -250, 133, 29, -257, 135, 30, 0, 0, 0
L -247, 133, 29, -250, 133, 29, 0, 0, 0
L -235, 132, 27, -247, 133, 29, 0, 0, 0
L -225, 132, 27, -235, 132, 27, 0, 0, 0
L -224, 133, 27, -225, 132, 27, 0, 0, 0
L -222, 133, 26, -224, 133, 27, 0, 0, 0
L -220, 133, 26, -222, 133, 26, 0, 0, 0
L -219, 134, 25, -220, 133, 26, 0, 0, 0
L -209, 139, 20, -219, 134, 25, 0, 0, 0
L -207, 140, 20, -209, 139, 20, 0, 0, 0
L -206, 141, 20, -207, 140, 20, 0, 0, 0
L -201, 141, 19, -206, 141, 20, 0, 0, 0
L -199, 141, 19, -201, 141, 19, 0, 0, 0
L -197, 141, 18, -199, 141, 19, 0, 0, 0
L -194, 140, 18, -197, 141, 18, 0, 0, 0
L -185, 137, 15, -194, 140, 18, 0, 0, 0
L -183, 136, 14, -185, 137, 15, 0, 0, 0
L -182, 136, 14, -183, 136, 14, 0, 0, 0
L -180, 135, 13, -182, 136, 14, 0, 0, 0
L -179, 134, 13, -180, 135, 13, 0, 0, 0
L -178, 133, 12, -179, 134, 13, 0, 0, 0
L -177, 131, 12, -178, 133, 12, 0, 0, 0
L -176, 130, 12, -177, 131, 12, 0, 0, 0
L -175, 129, 11, -176, 130, 12, 0, 0, 0
L -175, 128, 11, -175, 129, 11, 0, 0, 0
L -174, 125, 10, -175, 128, 11, 0, 0, 0
L -173, 123, 10, -174, 125, 10, 0, 0, 0
L -173, 120, 10, -173, 123, 10, 0, 0, 0
L -172, 117, 8, -173, 120, 10, 0, 0, 0
L -171, 108, 5, -172, 117, 8, 0, 0, 0
L -170, 102, 4, -171, 108, 5, 0, 0, 0
L -170, 101, 4, -170, 102, 4, 0, 0, 0
L -172, 100, 4, -170, 101, 4, 0, 0, 0
L -172, 95, -1, -172, 100, 4, 0, 0, 0
L -172, 93, -2, -172, 95, -1, 0, 0, 0
L -171, 83, -2, -172, 93, -2, 0, 0, 0
L -169, 75, -2, -171, 83, -2, 0, 0, 0
L -169, 62, -2, -169, 75, -2, 0, 0, 0
L -168, 39, -2, -169, 62, -2, 0, 0, 0
L -167, 38, -3, -168, 39, -2, 0, 0, 0
L -162, 28, -3, -167, 38, -3, 0, 0, 0
L -431, 133, 29, -432, 134, 29, 0, 0, 0
L -429, 132, 29, -431, 133, 29, 0, 0, 0
L -425, 125, 29, -429, 132, 29, 0, 0, 0
L -425, 123, 30, -425, 125, 29, 0, 0, 0
L -424, 121, 30, -425, 123, 30, 0, 0, 0
L -423, 114, 29, -424, 121, 30, 0, 0, 0
L -424, 112, 28, -423, 114, 29, 0, 0, 0
L -424, 111, 27, -424, 112, 28, 0, 0, 0
L -425, 109, 27, -424, 111, 27, 0, 0, 0
L -426, 108, 27, -425, 109, 27, 0, 0, 0
L -426, 104, 26, -426, 108, 27, 0, 0, 0
L -427, 103, 26, -426, 104, 26, 0, 0, 0
L -428, 101, 27, -427, 103, 26, 0, 0, 0
L -430, 99, 27, -428, 101, 27, 0, 0, 0
L -431, 97, 27, -430, 99, 27, 0, 0, 0
L -431, 95, 27, -431, 97, 27, 0, 0, 0
L -433, 91, 27, -431, 95, 27, 0, 0, 0
L -435, 89, 27, -433, 91, 27, 0, 0, 0
L -438, 85, 26, -435, 89, 27, 0, 0, 0
L -441, 82, 26, -438, 85, 26, 0, 0, 0
L -443, 82, 26, -441, 82, 26, 0, 0, 0
L -453, 73, 24, -443, 82, 26, 0, 0, 0
L -456, 71, 24, -453, 73, 24, 0, 0, 0
L -457, 70, 24, -456, 71, 24, 0, 0, 0
L -459, 69, 23, -457, 70, 24, 0, 0, 0
L -460, 68, 23, -459, 69, 23, 0, 0, 0
L -462, 68, 23, -460, 68, 23, 0, 0, 0
L -464, 67, 24, -462, 68, 23, 0, 0, 0
L -466, 67, 24, -464, 67, 24, 0, 0, 0
L -467, 66, 23, -466, 67, 24, 0, 0, 0
L -469, 68, 23, -467, 66, 23, 0, 0, 0
L -476, 69, 24, -469, 68, 23, 0, 0, 0
L -478, 70, 24, -476, 69, 24, 0, 0, 0
L -480, 70, 24, -478, 70, 24, 0, 0, 0
L -482, 73, 24, -480, 70, 24, 0, 0, 0
L -483, 75, 24, -482, 73, 24, 0, 0, 0
L -484, 80, 25, -483, 75, 24, 0, 0, 0
L -486, 83, 25, -484, 80, 25, 0, 0, 0
L -487, 87, 24, -486, 83, 25, 0, 0, 0
L -487, 93, 24, -487, 87, 24, 0, 0, 0
L -486, 95, 23, -487, 93, 24, 0, 0, 0
L -486, 96, 23, -486, 95, 23, 0, 0, 0
L -484, 100, 23, -486, 96, 23, 0, 0, 0
L -483, 101, 22, -484, 100, 23, 0, 0, 0
L -482, 102, 22, -483, 101, 22, 0, 0, 0
L -481, 103, 23, -482, 102, 22, 0, 0, 0
L -479, 104, 23, -481, 103, 23, 0, 0, 0
L -474, 108, 22, -479, 104, 23, 0, 0, 0
L -470, 111, 23, -474, 108, 22, 0, 0, 0
L -463, 118, 23, -470, 111, 23, 0, 0, 0
L -460, 120, 23, -463, 118, 23, 0, 0, 0
L -458, 121, 24, -460, 120, 23, 0, 0, 0
L -448, 128, 24, -458, 121, 24, 0, 0, 0
L -439, 132, 25, -448, 128, 24, 0, 0, 0
L -438, 132, 25, -439, 132, 25, 0, 0, 0
L -433, 133, 25, -438, 132, 25, 0, 0, 0
L 73, -66, -12, 74, -66, -11, 0, 0, 0
L 67, -62, -14, 73, -66, -12, 0, 0, 0
L 61, -58, -14, 67, -62, -14, 0, 0, 0
L 53, -57, -14, 61, -58, -14, 0, 0, 0
L 51, -57, -14, 53, -57, -14, 0, 0, 0
L 50, -58, -14, 51, -57, -14, 0, 0, 0
L 43, -62, -13, 50, -58, -14, 0, 0, 0
L 42, -63, -13, 43, -62, -13, 0, 0, 0
L 40, -63, -13, 42, -63, -13, 0, 0, 0
L 39, -63, -12, 40, -63, -13, 0, 0, 0
L 33, -63, -10, 39, -63, -12, 0, 0, 0
L 31, -62, -9, 33, -63, -10, 0, 0, 0
L 31, -58, -9, 31, -62, -9, 0, 0, 0
L 31, -42, -8, 31, -58, -9, 0, 0, 0
L 30, -41, -7, 31, -42, -8, 0, 0, 0
L 28, -36, -7, 30, -41, -7, 0, 0, 0
L 27, -35, -8, 28, -36, -7, 0, 0, 0
L 27, -33, -8, 27, -35, -8, 0, 0, 0
L 24, -30, -8, 27, -33, -8, 0, 0, 0
L 23, -28, -7, 24, -30, -8, 0, 0, 0
L 18, -26, -7, 23, -28, -7, 0, 0, 0
L 16, -24, -7, 18, -26, -7, 0, 0, 0
L 14, -23, -7, 16, -24, -7, 0, 0, 0
L 13, -23, -7, 14, -23, -7, 0, 0, 0
L 11, -22, -6, 13, -23, -7, 0, 0, 0
L 7, -22, -6, 11, -22, -6, 0, 0, 0
L -3, -23, -4, 7, -22, -6, 0, 0, 0
L -14, -24, 1, -3, -23, -4, 0, 0, 0
L -14, -26, 4, -14, -24, 1, 0, 0, 0
L -14, -28, 5, -14, -26, 4, 0, 0, 0
L -13, -30, 5, -14, -28, 5, 0, 0, 0
L -11, -35, 5, -13, -30, 5, 0, 0, 0
L -11, -36, 5, -11, -35, 5, 0, 0, 0
L -10, -38, 5, -11, -36, 5, 0, 0, 0
L -8, -40, 5, -10, -38, 5, 0, 0, 0
L -6, -46, 4, -8, -40, 5, 0, 0, 0
L -6, -47, 4, -6, -46, 4, 0, 0, 0
L -5, -49, 4, -6, -47, 4, 0, 0, 0
L -2, -51, 5, -5, -49, 4, 0, 0, 0
L -1, -53, 5, -2, -51, 5, 0, 0, 0
L 5, -68, 5, -1, -53, 5, 0, 0, 0
L 15, -86, 5, 5, -68, 5, 0, 0, 0
L 16, -87, 5, 15, -86, 5, 0, 0, 0
L 17, -90, 5, 16, -87, 5, 0, 0, 0
L 21, -107, 5, 17, -90, 5, 0, 0, 0
L 21, -110, 5, 21, -107, 5, 0, 0, 0
L 22, -111, 5, 21, -110, 5, 0, 0, 0
L 22, -115, 5, 22, -111, 5, 0, 0, 0
L 21, -124, 6, 22, -115, 5, 0, 0, 0
L 21, -125, 6, 21, -124, 6, 0, 0, 0
L 21, -129, 7, 21, -125, 6, 0, 0, 0
L 20, -131, 7, 21, -129, 7, 0, 0, 0
L 20, -139, 8, 20, -131, 7, 0, 0, 0
L 19, -147, 11, 20, -139, 8, 0, 0, 0
L 19, -153, 12, 19, -147, 11, 0, 0, 0
L 18, -164, 14, 19, -153, 12, 0, 0, 0
L 18, -165, 14, 18, -164, 14, 0, 0, 0
L 21, -172, 15, 18, -165, 14, 0, 0, 0
L 22, -173, 15, 21, -172, 15, 0, 0, 0
L 22, -175, 15, 22, -173, 15, 0, 0, 0
L 23, -177, 15, 22, -175, 15, 0, 0, 0
L 24, -178, 15, 23, -177, 15, 0, 0, 0
L 26, -185, 16, 24, -178, 15, 0, 0, 0
L 27, -188, 16, 26, -185, 16, 0, 0, 0
L 28, -191, 17, 27, -188, 16, 0, 0, 0
L 29, -195, 16, 28, -191, 17, 0, 0, 0
L 30, -197, 17, 29, -195, 16, 0, 0, 0
L 30, -217, 17, 30, -197, 17, 0, 0, 0
L 29, -221, 17, 30, -217, 17, 0, 0, 0
L 28, -227, 17, 29, -221, 17, 0, 0, 0
L 26, -231, 17, 28, -227, 17, 0, 0, 0
L 26, -233, 18, 26, -231, 17, 0, 0, 0
L 25, -234, 18, 26, -233, 18, 0, 0, 0
L 24, -236, 19, 25, -234, 18, 0, 0, 0
L 22, -237, 19, 24, -236, 19, 0, 0, 0
L 21, -238, 19, 22, -237, 19, 0, 0, 0
L 21, -240, 20, 21, -238, 19, 0, 0, 0
L 20, -241, 20, 21, -240, 20, 0, 0, 0
L 18, -242, 19, 20, -241, 20, 0, 0, 0
L 18, -243, 18, 18, -242, 19, 0, 0, 0
L 16, -246, 17, 18, -243, 18, 0, 0, 0
L 16, -248, 16, 16, -246, 17, 0, 0, 0
L 17, -249, 15, 16, -248, 16, 0, 0, 0
L 19, -250, 15, 17, -249, 15, 0, 0, 0
L 21, -246, 15, 19, -250, 15, 0, 0, 0
L 21, -245, 15, 21, -246, 15, 0, 0, 0
L 20, -246, 14, 21, -245, 15, 0, 0, 0
L 16, -252, 14, 20, -246, 14, 0, 0, 0
L 15, -254, 14, 16, -252, 14, 0, 0, 0
L 16, -252, 14, 15, -254, 14, 0, 0, 0
L 5, -267, 14, 16, -252, 14, 0, 0, 0
L 3, -269, 14, 5, -267, 14, 0, 0, 0
L -3, -272, 13, 3, -269, 14, 0, 0, 0
L -21, -280, 13, -3, -272, 13, 0, 0, 0
L -22, -280, 13, -21, -280, 13, 0, 0, 0
L -24, -281, 13, -22, -280, 13, 0, 0, 0
L -25, -280, 13, -24, -281, 13, 0, 0, 0
L -26, -276, 12, -25, -280, 13, 0, 0, 0
L -32, -278, 12, -26, -276, 12, 0, 0, 0
L -34, -279, 12, -32, -278, 12, 0, 0, 0
L -43, -281, 12, -34, -279, 12, 0, 0, 0
L -52, -279, 12, -43, -281, 12, 0, 0, 0
L -54, -278, 12, -52, -279, 12, 0, 0, 0
L -58, -277, 12, -54, -278, 12, 0, 0, 0
L -59, -276, 13, -58, -277, 12, 0, 0, 0
L -61, -275, 13, -59, -276, 13, 0, 0, 0
L -62, -275, 13, -61, -275, 13, 0, 0, 0
L -64, -274, 13, -62, -275, 13, 0, 0, 0
L -66, -273, 12, -64, -274, 13, 0, 0, 0
L -69, -271, 12, -66, -273, 12, 0, 0, 0
L -70, -270, 13, -69, -271, 12, 0, 0, 0
L -77, -264, 14, -70, -270, 13, 0, 0, 0
L -78, -262, 15, -77, -264, 14, 0, 0, 0
L -81, -258, 17, -78, -262, 15, 0, 0, 0
L -86, -252, 19, -81, -258, 17, 0, 0, 0
L -90, -246, 22, -86, -252, 19, 0, 0, 0
L -92, -240, 25, -90, -246, 22, 0, 0, 0
L -98, -228, 33, -92, -240, 25, 0, 0, 0
L -99, -226, 35, -98, -228, 33, 0, 0, 0
L -100, -222, 38, -99, -226, 35, 0, 0, 0
L -101, -220, 40, -100, -222, 38, 0, 0, 0
L -103, -219, 42, -101, -220, 40, 0, 0, 0
L -105, -217, 45, -103, -219, 42, 0, 0, 0
L -107, -214, 48, -105, -217, 45, 0, 0, 0
L -111, -211, 51, -107, -214, 48, 0, 0, 0
L -112, -211, 53, -111, -211, 51, 0, 0, 0
L -116, -208, 57, -112, -211, 53, 0, 0, 0
L -117, -207, 62, -116, -208, 57, 0, 0, 0
L -119, -208, 64, -117, -207, 62, 0, 0, 0
L -121, -210, 66, -119, -208, 64, 0, 0, 0
L -123, -214, 67, -121, -210, 66, 0, 0, 0
L -123, -215, 67, -123, -214, 67, 0, 0, 0
L -124, -217, 67, -123, -215, 67, 0, 0, 0
L -127, -221, 67, -124, -217, 67, 0, 0, 0
L -128, -222, 66, -127, -221, 67, 0, 0, 0
L -129, -223, 66, -128, -222, 66, 0, 0, 0
L -131, -224, 65, -129, -223, 66, 0, 0, 0
L -132, -225, 65, -131, -224, 65, 0, 0, 0
L -134, -226, 65, -132, -225, 65, 0, 0, 0
L -135, -227, 65, -134, -226, 65, 0, 0, 0
L -138, -229, 65, -135, -227, 65, 0, 0, 0
L -139, -230, 65, -138, -229, 65, 0, 0, 0
L -140, -232, 66, -139, -230, 65, 0, 0, 0
L -141, -235, 66, -140, -232, 66, 0, 0, 0
L -141, -236, 66, -141, -235, 66, 0, 0, 0
L -149, -243, 66, -141, -236, 66, 0, 0, 0
L -150, -245, 66, -149, -243, 66, 0, 0, 0
L -151, -246, 66, -150, -245, 66, 0, 0, 0
L -152, -248, 66, -151, -246, 66, 0, 0, 0
L -152, -250, 67, -152, -248, 66, 0, 0, 0
L -151, -254, 67, -152, -250, 67, 0, 0, 0
L -151, -256, 67, -151, -254, 67, 0, 0, 0
L -152, -258, 67, -151, -256, 67, 0, 0, 0
L -152, -260, 67, -152, -258, 67, 0, 0, 0
L -151, -262, 67, -152, -260, 67, 0, 0, 0
L -152, -268, 67, -151, -262, 67, 0, 0, 0
L -153, -278, 67, -152, -268, 67, 0, 0, 0
L -152, -279, 67, -153, -278, 67, 0, 0, 0
L -152, -281, 68, -152, -279, 67, 0, 0, 0
L -149, -284, 69, -152, -281, 68, 0, 0, 0
L -148, -285, 69, -149, -284, 69, 0, 0, 0
L -147, -287, 69, -148, -285, 69, 0, 0, 0
L -147, -289, 70, -147, -287, 69, 0, 0, 0
L -146, -291, 70, -147, -289, 70, 0, 0, 0
L -146, -293, 70, -146, -291, 70, 0, 0, 0
L -148, -307, 70, -146, -293, 70, 0, 0, 0
L -148, -309, 70, -148, -307, 70, 0, 0, 0
L -149, -310, 70, -148, -309, 70, 0, 0, 0
L -150, -312, 69, -149, -310, 70, 0, 0, 0
L -153, -317, 69, -150, -312, 69, 0, 0, 0
L -160, -328, 68, -153, -317, 69, 0, 0, 0
L -169, -346, 69, -160, -328, 68, 0, 0, 0
L -170, -348, 69, -169, -346, 69, 0, 0, 0
L -181, -361, 69, -170, -348, 69, 0, 0, 0
L -189, -373, 70, -181, -361, 69, 0, 0, 0
L -191, -374, 71, -189, -373, 70, 0, 0, 0
L -192, -375, 70, -191, -374, 71, 0, 0, 0
L -193, -376, 70, -192, -375, 70, 0, 0, 0
L -195, -377, 70, -193, -376, 70, 0, 0, 0
L -198, -377, 70, -195, -377, 70, 0, 0, 0
L -200, -377, 69, -198, -377, 70, 0, 0, 0
L -202, -377, 69, -200, -377, 69, 0, 0, 0
L -204, -378, 69, -202, -377, 69, 0, 0, 0
L -206, -378, 70, -204, -378, 69, 0, 0, 0
L -208, -378, 70, -206, -378, 70, 0, 0, 0
L -213, -380, 72, -208, -378, 70, 0, 0, 0
L -214, -381, 72, -213, -380, 72, 0, 0, 0
L -214, -383, 72, -214, -381, 72, 0, 0, 0
L -215, -385, 72, -214, -383, 72, 0, 0, 0
L -216, -386, 72, -215, -385, 72, 0, 0, 0
L -231, -389, 72, -216, -386, 72, 0, 0, 0
L -241, -389, 72, -231, -389, 72, 0, 0, 0
L -251, -390, 72, -241, -389, 72, 0, 0, 0
L -254, -390, 72, -251, -390, 72, 0, 0, 0
L -274, -388, 72, -254, -390, 72, 0, 0, 0
L -283, -386, 72, -274, -388, 72, 0, 0, 0
L -285, -386, 71, -283, -386, 72, 0, 0, 0
L -294, -384, 70, -285, -386, 71, 0, 0, 0
L -296, -383, 69, -294, -384, 70, 0, 0, 0
L -301, -383, 69, -296, -383, 69, 0, 0, 0
L -302, -384, 69, -301, -383, 69, 0, 0, 0
L -304, -384, 69, -302, -384, 69, 0, 0, 0
L -309, -389, 68, -304, -384, 69, 0, 0, 0
L -310, -390, 68, -309, -389, 68, 0, 0, 0
L -312, -391, 68, -310, -390, 68, 0, 0, 0
L -322, -393, 67, -312, -391, 68, 0, 0, 0
L -323, -394, 67, -322, -393, 67, 0, 0, 0
L -325, -394, 67, -323, -394, 67, 0, 0, 0
L -327, -395, 67, -325, -394, 67, 0, 0, 0
L -334, -398, 67, -327, -395, 67, 0, 0, 0
L -336, -398, 68, -334, -398, 67, 0, 0, 0
L -337, -399, 68, -336, -398, 68, 0, 0, 0
L -338, -408, 69, -337, -399, 68, 0, 0, 0
L -338, -413, 70, -338, -408, 69, 0, 0, 0
L -339, -418, 70, -338, -413, 70, 0, 0, 0
L -341, -425, 72, -339, -418, 70, 0, 0, 0
L -344, -433, 72, -341, -425, 72, 0, 0, 0
L -344, -435, 73, -344, -433, 72, 0, 0, 0
L -347, -441, 73, -344, -435, 73, 0, 0, 0
L -348, -442, 72, -347, -441, 73, 0, 0, 0
L -351, -446, 72, -348, -442, 72, 0, 0, 0
L -353, -449, 73, -351, -446, 72, 0, 0, 0
L -355, -451, 73, -353, -449, 73, 0, 0, 0
L -359, -456, 74, -355, -451, 73, 0, 0, 0
L -364, -460, 74, -359, -456, 74, 0, 0, 0
L -371, -464, 74, -364, -460, 74, 0, 0, 0
L -383, -470, 74, -371, -464, 74, 0, 0, 0
L -385, -471, 75, -383, -470, 74, 0, 0, 0
L -395, -472, 77, -385, -471, 75, 0, 0, 0
L -397, -472, 77, -395, -472, 77, 0, 0, 0
L -405, -473, 78, -397, -472, 77, 0, 0, 0
L -415, -473, 79, -405, -473, 78, 0, 0, 0
L -417, -473, 79, -415, -473, 79, 0, 0, 0
L -418, -471, 77, -417, -473, 79, 0, 0, 0
L -418, -470, 77, -418, -471, 77, 0, 0, 0
L -419, -468, 77, -418, -470, 77, 0, 0, 0
L -419, -467, 77, -419, -468, 77, 0, 0, 0
L -421, -464, 77, -419, -467, 77, 0, 0, 0
L -424, -461, 78, -421, -464, 77, 0, 0, 0
L -427, -457, 78, -424, -461, 78, 0, 0, 0
L -428, -456, 79, -427, -457, 78, 0, 0, 0
L -432, -454, 79, -428, -456, 79, 0, 0, 0
L -434, -453, 80, -432, -454, 79, 0, 0, 0
L -437, -450, 80, -434, -453, 80, 0, 0, 0
L -439, -449, 80, -437, -450, 80, 0, 0, 0
L -440, -447, 80, -439, -449, 80, 0, 0, 0
L -441, -446, 80, -440, -447, 80, 0, 0, 0
L -445, -445, 80, -441, -446, 80, 0, 0, 0
L -451, -439, 81, -445, -445, 80, 0, 0, 0
L -452, -438, 81, -451, -439, 81, 0, 0, 0
L -454, -438, 81, -452, -438, 81, 0, 0, 0
L -458, -436, 81, -454, -438, 81, 0, 0, 0
L -459, -435, 81, -458, -436, 81, 0, 0, 0
L -461, -435, 82, -459, -435, 81, 0, 0, 0
L -463, -434, 82, -461, -435, 82, 0, 0, 0
L -464, -434, 83, -463, -434, 82, 0, 0, 0
L -470, -431, 83, -464, -434, 83, 0, 0, 0
L -473, -430, 83, -470, -431, 83, 0, 0, 0
L -475, -429, 83, -473, -430, 83, 0, 0, 0
L -476, -429, 83, -475, -429, 83, 0, 0, 0
L -478, -428, 83, -476, -429, 83, 0, 0, 0
L -480, -428, 84, -478, -428, 83, 0, 0, 0
L -481, -428, 84, -480, -428, 84, 0, 0, 0
L -483, -429, 85, -481, -428, 84, 0, 0, 0
L -496, -429, 85, -483, -429, 85, 0, 0, 0
L -498, -429, 86, -496, -429, 85, 0, 0, 0
L -499, -430, 86, -498, -429, 86, 0, 0, 0
L -501, -431, 86, -499, -430, 86, 0, 0, 0
L -514, -433, 86, -501, -431, 86, 0, 0, 0
L -515, -434, 86, -514, -433, 86, 0, 0, 0
L -517, -434, 86, -515, -434, 86, 0, 0, 0
L -521, -438, 87, -517, -434, 86, 0, 0, 0
L -523, -439, 87, -521, -438, 87, 0, 0, 0
L -525, -440, 86, -523, -439, 87, 0, 0, 0
L -529, -440, 86, -525, -440, 86, 0, 0, 0
L -539, -441, 87, -529, -440, 86, 0, 0, 0
L -545, -442, 87, -539, -441, 87, 0, 0, 0
L -554, -443, 87, -545, -442, 87, 0, 0, 0
L -556, -444, 87, -554, -443, 87, 0, 0, 0
L -558, -444, 88, -556, -444, 87, 0, 0, 0
L -560, -445, 88, -558, -444, 88, 0, 0, 0
L -561, -446, 88, -560, -445, 88, 0, 0, 0
L -565, -447, 88, -561, -446, 88, 0, 0, 0
L -581, -449, 88, -565, -447, 88, 0, 0, 0
L -594, -449, 88, -581, -449, 88, 0, 0, 0
L -595, -451, 88, -594, -449, 88, 0, 0, 0
L -600, -451, 89, -595, -451, 88, 0, 0, 0
L -610, -451, 89, -600, -451, 89, 0, 0, 0
L -612, -450, 89, -610, -451, 89, 0, 0, 0
L -612, -444, 87, -612, -450, 89, 0, 0, 0
L -612, -443, 87, -612, -444, 87, 0, 0, 0
L -613, -441, 87, -612, -443, 87, 0, 0, 0
L -615, -441, 86, -613, -441, 87, 0, 0, 0
L -616, -437, 85, -615, -441, 86, 0, 0, 0
L -619, -435, 84, -616, -437, 85, 0, 0, 0
L -622, -433, 84, -619, -435, 84, 0, 0, 0
L -623, -432, 84, -622, -433, 84, 0, 0, 0
L -626, -431, 83, -623, -432, 84, 0, 0, 0
L -628, -430, 83, -626, -431, 83, 0, 0, 0
L -632, -430, 82, -628, -430, 83, 0, 0, 0
L -633, -429, 82, -632, -430, 82, 0, 0, 0
L -635, -428, 82, -633, -429, 82, 0, 0, 0
L -637, -428, 81, -635, -428, 82, 0, 0, 0
L -639, -428, 81, -637, -428, 81, 0, 0, 0
L -647, -425, 82, -639, -428, 81, 0, 0, 0
L -655, -424, 82, -647, -425, 82, 0, 0, 0
L -664, -424, 82, -655, -424, 82, 0, 0, 0
L -675, -422, 81, -664, -424, 82, 0, 0, 0
L -677, -422, 81, -675, -422, 81, 0, 0, 0
L -680, -423, 81, -677, -422, 81, 0, 0, 0
L -682, -424, 81, -680, -423, 81, 0, 0, 0
L -683, -425, 81, -682, -424, 81, 0, 0, 0
L -687, -425, 81, -683, -425, 81, 0, 0, 0
L -689, -426, 81, -687, -425, 81, 0, 0, 0
L -692, -427, 82, -689, -426, 81, 0, 0, 0
L -696, -429, 84, -692, -427, 82, 0, 0, 0
L -697, -430, 84, -696, -429, 84, 0, 0, 0
L -698, -432, 85, -697, -430, 84, 0, 0, 0
L -700, -433, 86, -698, -432, 85, 0, 0, 0
L -701, -433, 86, -700, -433, 86, 0, 0, 0
L -703, -433, 87, -701, -433, 86, 0, 0, 0
L -705, -433, 87, -703, -433, 87, 0, 0, 0
L -707, -432, 88, -705, -433, 87, 0, 0, 0
L -707, -425, 86, -707, -432, 88, 0, 0, 0
L -706, -418, 85, -707, -425, 86, 0, 0, 0
L -706, -410, 85, -706, -418, 85, 0, 0, 0
L -708, -410, 85, -706, -410, 85, 0, 0, 0
L -709, -408, 85, -708, -410, 85, 0, 0, 0
L -710, -403, 85, -709, -408, 85, 0, 0, 0
L -710, -401, 85, -710, -403, 85, 0, 0, 0
L -711, -399, 85, -710, -401, 85, 0, 0, 0
L -712, -398, 85, -711, -399, 85, 0, 0, 0
L -714, -397, 85, -712, -398, 85, 0, 0, 0
L -716, -395, 85, -714, -397, 85, 0, 0, 0
L -714, -395, 85, -716, -395, 85, 0, 0, 0
L -702, -396, 85, -714, -395, 85, 0, 0, 0
L -701, -396, 86, -702, -396, 85, 0, 0, 0
L -700, -395, 86, -701, -396, 86, 0, 0, 0
L -700, -393, 88, -700, -395, 86, 0, 0, 0
L -703, -391, 90, -700, -393, 88, 0, 0, 0
L -704, -391, 91, -703, -391, 90, 0, 0, 0
L -706, -390, 92, -704, -391, 91, 0, 0, 0
L -707, -390, 94, -706, -390, 92, 0, 0, 0
L -710, -390, 96, -707, -390, 94, 0, 0, 0
L -713, -389, 99, -710, -390, 96, 0, 0, 0
L -724, -372, 99, -731, -376, 103, 0, 240, 0
L -722, -371, 99, -724, -372, 99, 0, 240, 0
L -720, -370, 98, -722, -371, 99, 0, 240, 0
L -718, -370, 97, -720, -370, 98, 0, 240, 0
L -709, -371, 93, -718, -370, 97, 0, 240, 0
L -707, -371, 92, -709, -371, 93, 0, 240, 0
L -694, -375, 85, -707, -371, 92, 0, 240, 0
L -692, -375, 85, -694, -375, 85, 0, 0, 0
L -690, -376, 83, -692, -375, 85, 0, 0, 0
L -689, -375, 81, -690, -376, 83, 0, 0, 0
L -689, -373, 81, -689, -375, 81, 0, 0, 0
L -690, -372, 81, -689, -373, 81, 0, 0, 0
L -692, -371, 82, -690, -372, 81, 0, 0, 0
L -694, -372, 81, -692, -371, 82, 0, 0, 0
L -695, -371, 81, -694, -372, 81, 0, 0, 0
L -697, -371, 81, -695, -371, 81, 0, 0, 0
L -698, -370, 81, -697, -371, 81, 0, 0, 0
L -708, -371, 82, -698, -370, 81, 0, 0, 0
L -709, -372, 82, -708, -371, 82, 0, 0, 0
L -711, -372, 83, -709, -372, 82, 0, 0, 0
L -713, -371, 83, -711, -372, 83, 0, 0, 0
L -715, -371, 84, -713, -371, 83, 0, 0, 0
L -716, -371, 84, -715, -371, 84, 0, 0, 0
L -718, -371, 85, -716, -371, 84, 0, 0, 0
L -722, -370, 85, -718, -371, 85, 0, 0, 0
L -724, -370, 86, -722, -370, 85, 0, 0, 0
L -726, -370, 86, -724, -370, 86, 0, 0, 0
L -728, -371, 87, -726, -370, 86, 0, 0, 0
L -732, -374, 88, -728, -371, 87, 0, 0, 0
L -734, -374, 88, -732, -374, 88, 0, 0, 0
L -735, -373, 89, -734, -374, 88, 0, 0, 0
L -736, -372, 89, -735, -373, 89, 0, 0, 0
L -736, -370, 89, -736, -372, 89, 0, 0, 0
L -737, -365, 89, -736, -370, 89, 0, 0, 0
L -738, -361, 88, -737, -365, 89, 0, 0, 0
L -739, -357, 88, -738, -361, 88, 0, 0, 0
L -739, -356, 88, -739, -357, 88, 0, 0, 0
L -740, -354, 88, -739, -356, 88, 0, 0, 0
L -740, -348, 88, -740, -354, 88, 0, 0, 0
L -741, -331, 86, -740, -348, 88, 0, 0, 0
L -741, -328, 86, -741, -331, 86, 0, 0, 0
L -742, -324, 86, -741, -328, 86, 0, 0, 0
L -743, -323, 87, -742, -324, 86, 0, 0, 0
L -744, -321, 87, -743, -323, 87, 0, 0, 0
L -745, -320, 87, -744, -321, 87, 0, 0, 0
L -746, -311, 87, -745, -320, 87, 0, 0, 0
L -747, -309, 87, -746, -311, 87, 0, 0, 0
L -749, -303, 88, -747, -309, 87, 0, 0, 0
L -751, -297, 88, -749, -303, 88, 0, 0, 0
L -752, -293, 87, -751, -297, 88, 0, 0, 0
L -755, -287, 87, -752, -293, 87, 0, 0, 0
L -755, -286, 87, -755, -287, 87, 0, 0, 0
L -750, -285, 85, -755, -286, 87, 0, 0, 0
L -748, -284, 85, -750, -285, 85, 0, 0, 0
L -739, -286, 84, -748, -284, 85, 0, 0, 0
L -720, -290, 84, -739, -286, 84, 0, 0, 0
L -718, -290, 84, -720, -290, 84, 0, 0, 0
L -716, -289, 85, -718, -290, 84, 0, 0, 0
L -715, -289, 85, -716, -289, 85, 0, 0, 0
L -722, -288, 91, -715, -289, 85, 0, 0, 0
L -727, -288, 95, -722, -288, 91, 0, 0, 0
L -737, -287, 98, -727, -288, 95, 0, 240, 0
L -740, -287, 100, -737, -287, 98, 0, 240, 0
L -750, -285, 103, -740, -287, 100, 0, 240, 0
L -752, -285, 104, -750, -285, 103, 0, 240, 0
L -753, -287, 105, -752, -285, 104, 0, 240, 0
L -752, -289, 105, -753, -287, 105, 0, 240, 0
L -752, -290, 105, -752, -289, 105, 0, 240, 0
L -751, -292, 105, -752, -290, 105, 0, 240, 0
L -751, -295, 106, -751, -292, 105, 0, 240, 0
L -750, -296, 106, -751, -295, 106, 0, 240, 0
L -750, -298, 106, -750, -296, 106, 0, 240, 0
L -748, -301, 105, -750, -298, 106, 0, 240, 0
L -746, -303, 105, -748, -301, 105, 0, 240, 0
L -745, -305, 105, -746, -303, 105, 0, 240, 0
L -745, -306, 105, -745, -305, 105, 0, 240, 0
L -745, -308, 106, -745, -306, 105, 0, 240, 0
L -744, -316, 107, -745, -308, 106, 0, 240, 0
L -744, -318, 108, -744, -316, 107, 0, 240, 0
L -739, -318, 108, -744, -318, 108, 0, 240, 0
L -729, -318, 110, -739, -318, 108, 0, 240, 0
L -719, -319, 110, -729, -318, 110, 0, 240, 0
L -710, -319, 108, -719, -319, 110, 0, 240, 0
L -708, -319, 108, -710, -319, 108, 0, 240, 0
L -704, -318, 106, -708, -319, 108, 0, 240, 0
L -703, -318, 106, -704, -318, 106, 0, 240, 0
L -701, -317, 105, -703, -318, 106, 0, 240, 0
L -699, -316, 105, -701, -317, 105, 0, 240, 0
L -698, -315, 105, -699, -316, 105, 0, 240, 0
L -694, -309, 105, -698, -315, 105, 0, 240, 0
L -691, -305, 105, -694, -309, 105, 0, 240, 0
L -690, -304, 105, -691, -305, 105, 0, 240, 0
L -684, -299, 104, -690, -304, 105, 0, 240, 0
L -675, -292, 103, -684, -299, 104, 0, 240, 0
L -668, -285, 104, -675, -292, 103, 0, 240, 0
L -667, -284, 104, -668, -285, 104, 0, 240, 0
L -660, -277, 103, -667, -284, 104, 0, 240, 0
L -653, -270, 103, -660, -277, 103, 0, 240, 0
L -652, -268, 103, -653, -270, 103, 0, 240, 0
L -640, -258, 105, -652, -268, 103, 0, 240, 0
L -639, -257, 104, -640, -258, 105, 0, 240, 0
L -632, -254, 104, -639, -257, 104, 0, 240, 0
L -631, -253, 105, -632, -254, 104, 0, 240, 0
L -629, -253, 104, -631, -253, 105, 0, 240, 0
L -624, -252, 104, -629, -253, 104, 0, 240, 0
L -622, -253, 104, -624, -252, 104, 0, 240, 0
L -616, -254, 104, -622, -253, 104, 0, 240, 0
L -612, -255, 104, -616, -254, 104, 0, 240, 0
L -610, -255, 104, -612, -255, 104, 0, 240, 0
L -607, -257, 104, -610, -255, 104, 0, 240, 0
L -604, -259, 105, -607, -257, 104, 0, 240, 0
L -601, -260, 106, -604, -259, 105, 0, 240, 0
L -601, -262, 105, -601, -260, 106, 0, 240, 0
L -600, -266, 105, -601, -262, 105, 0, 240, 0
L -599, -272, 105, -600, -266, 105, 0, 240, 0
L -599, -284, 105, -599, -272, 105, 0, 240, 0
L -600, -286, 105, -599, -284, 105, 0, 240, 0
L -600, -293, 105, -600, -286, 105, 0, 240, 0
L -601, -299, 105, -600, -293, 105, 0, 240, 0
L -604, -306, 105, -601, -299, 105, 0, 240, 0
L -606, -309, 105, -604, -306, 105, 0, 240, 0
L -610, -317, 105, -606, -309, 105, 0, 240, 0
L -611, -319, 106, -610, -317, 105, 0, 240, 0
L -611, -351, 106, -611, -319, 106, 0, 240, 0
L -610, -365, 106, -611, -351, 106, 0, 240, 0
L -612, -369, 106, -610, -365, 106, 0, 240, 0
L -612, -370, 106, -612, -369, 106, 0, 240, 0
L -613, -372, 106, -612, -370, 106, 0, 240, 0
L -615, -373, 106, -613, -372, 106, 0, 240, 0
L -617, -373, 105, -615, -373, 106, 0, 240, 0
L -628, -376, 105, -617, -373, 105, 0, 240, 0
L -637, -377, 105, -628, -376, 105, 0, 240, 0
L -639, -378, 105, -637, -377, 105, 0, 240, 0
L -649, -377, 106, -639, -378, 105, 0, 240, 0
L -651, -377, 106, -649, -377, 106, 0, 240, 0
L -656, -376, 105, -651, -377, 106, 0, 240, 0
L -658, -376, 105, -656, -376, 105, 0, 240, 0
L -662, -373, 105, -658, -376, 105, 0, 240, 0
L -664, -372, 105, -662, -373, 105, 0, 240, 0
L -673, -363, 105, -664, -372, 105, 0, 240, 0
L -675, -362, 105, -673, -363, 105, 0, 240, 0
L -676, -360, 105, -675, -362, 105, 0, 240, 0
L -682, -351, 106, -676, -360, 105, 0, 240, 0
L -692, -336, 106, -682, -351, 106, 0, 240, 0
L -693, -334, 106, -692, -336, 106, 0, 240, 0
L -697, -334, 106, -693, -334, 106, 0, 240, 0
L -707, -335, 108, -697, -334, 106, 0, 240, 0
L -719, -336, 110, -707, -335, 108, 0, 240, 0
L -730, -337, 110, -719, -336, 110, 0, 240, 0
L -737, -336, 109, -730, -337, 110, 0, 240, 0
L -738, -336, 109, -737, -336, 109, 0, 240, 0
L -743, -334, 108, -738, -336, 109, 0, 240, 0
L -745, -333, 108, -743, -334, 108, 0, 240, 0
L -741, -343, 106, -745, -333, 108, 0, 240, 0
L -738, -349, 106, -741, -343, 106, 0, 240, 0
L -735, -362, 105, -738, -349, 106, 0, 240, 0
L -735, -368, 105, -735, -362, 105, 0, 240, 0
L -735, -371, 104, -735, -368, 105, 0, 240, 0
L -736, -373, 104, -735, -371, 104, 0, 240, 0
L -736, -375, 104, -736, -373, 104, 0, 240, 0
L -736, -376, 103, -736, -375, 104, 0, 240, 0
L -735, -378, 103, -736, -376, 103, 0, 240, 0
L -734, -379, 104, -735, -378, 103, 0, 240, 0
L -732, -380, 103, -734, -379, 104, 0, 240, 0
L -728, -379, 102, -732, -380, 103, 0, 240, 0
L -724, -379, 100, -728, -379, 102, 0, 240, 0
L -722, -380, 100, -724, -379, 100, 0, 240, 0
L -721, -381, 100, -722, -380, 100, 0, 240, 0
L -719, -382, 100, -721, -381, 100, 0, 240, 0
L -718, -383, 100, -719, -382, 100, 0, 240, 0
L -716, -384, 100, -718, -383, 100, 0, 240, 0
L -715, -385, 100, -716, -384, 100, 0, 240, 0
L -714, -387, 100, -715, -385, 100, 0, 240, 0
L -712, -390, 100, -714, -387, 100, 0, 240, 0
L -712, -391, 100, -712, -390, 100, 0, 240, 0
L -711, -394, 100, -712, -391, 100, 0, 240, 0
L -710, -397, 101, -711, -394, 100, 0, 240, 0
L -708, -405, 102, -710, -397, 101, 0, 240, 0
L -707, -407, 102, -708, -405, 102, 0, 240, 0
L -704, -417, 102, -707, -407, 102, 0, 240, 0
L -703, -418, 102, -704, -417, 102, 0, 240, 0
L -702, -419, 103, -703, -418, 102, 0, 240, 0
L -700, -420, 103, -702, -419, 103, 0, 240, 0
L -699, -421, 103, -700, -420, 103, 0, 240, 0
L -697, -422, 103, -699, -421, 103, 0, 240, 0
L -679, -421, 103, -697, -422, 103, 0, 240, 0
L -667, -421, 103, -679, -421, 103, 0, 240, 0
L -652, -423, 105, -667, -421, 103, 0, 240, 0
L -643, -423, 104, -652, -423, 105, 0, 240, 0
L -641, -424, 104, -643, -423, 104, 0, 240, 0
L -639, -424, 104, -641, -424, 104, 0, 240, 0
L -634, -426, 104, -639, -424, 104, 0, 240, 0
L -632, -426, 105, -634, -426, 104, 0, 240, 0
L -620, -432, 105, -632, -426, 105, 0, 240, 0
L -618, -435, 105, -620, -432, 105, 0, 240, 0
L -617, -436, 105, -618, -435, 105, 0, 240, 0
L -613, -441, 105, -617, -436, 105, 0, 240, 0
L -613, -443, 105, -613, -441, 105, 0, 240, 0
L -612, -447, 105, -613, -443, 105, 0, 240, 0
L -612, -456, 105, -612, -447, 105, 0, 240, 0
L -612, -458, 106, -612, -456, 105, 0, 240, 0
L -612, -460, 106, -612, -458, 106, 0, 240, 0
L -615, -463, 107, -612, -460, 106, 0, 240, 0
L -616, -465, 107, -615, -463, 107, 0, 240, 0
L -616, -467, 107, -616, -465, 107, 0, 240, 0
L -617, -468, 107, -616, -467, 107, 0, 240, 0
L -618, -470, 107, -617, -468, 107, 0, 240, 0
L -619, -471, 107, -618, -470, 107, 0, 240, 0
L -620, -473, 108, -619, -471, 107, 0, 240, 0
L -621, -475, 108, -620, -473, 108, 0, 240, 0
L -622, -476, 108, -621, -475, 108, 0, 240, 0
L -624, -476, 108, -622, -476, 108, 0, 240, 0
L -639, -481, 108, -624, -476, 108, 0, 240, 0
L -649, -481, 108, -639, -481, 108, 0, 240, 0
L -659, -480, 107, -649, -481, 108, 0, 240, 0
L -661, -480, 107, -659, -480, 107, 0, 240, 0
L -668, -479, 108, -661, -480, 107, 0, 240, 0
L -670, -478, 108, -668, -479, 108, 0, 240, 0
L -675, -475, 107, -670, -478, 108, 0, 240, 0
L -687, -468, 108, -675, -475, 107, 0, 240, 0
L -688, -467, 108, -687, -468, 108, 0, 240, 0
L -690, -466, 108, -688, -467, 108, 0, 240, 0
L -693, -464, 108, -690, -466, 108, 0, 240, 0
L -700, -458, 107, -693, -464, 108, 0, 240, 0
L -702, -456, 108, -700, -458, 107, 0, 240, 0
L -703, -455, 107, -702, -456, 108, 0, 240, 0
L -705, -454, 107, -703, -455, 107, 0, 240, 0
L -712, -447, 107, -705, -454, 107, 0, 240, 0
L -714, -446, 107, -712, -447, 107, 0, 240, 0
L -715, -444, 107, -714, -446, 107, 0, 240, 0
L -716, -443, 107, -715, -444, 107, 0, 240, 0
L -717, -441, 107, -716, -443, 107, 0, 240, 0
L -722, -436, 108, -717, -441, 107, 0, 240, 0
L -724, -433, 108, -722, -436, 108, 0, 240, 0
L -725, -432, 108, -724, -433, 108, 0, 240, 0
L -727, -429, 107, -725, -432, 108, 0, 240, 0
L -728, -427, 106, -727, -429, 107, 0, 240, 0
L -739, -409, 105, -728, -427, 106, 0, 240, 0
L -743, -401, 105, -739, -409, 105, 0, 240, 0
L -746, -391, 106, -743, -401, 105, 0, 240, 0
L -747, -389, 106, -746, -391, 106, 0, 240, 0
L -747, -387, 106, -747, -389, 106, 0, 240, 0
L -748, -378, 107, -747, -387, 106, 0, 240, 0
L -748, -377, 107, -748, -378, 107, 0, 240, 0
L -749, -373, 108, -748, -377, 107, 0, 240, 0
L -749, -371, 108, -749, -373, 108, 0, 240, 0
L -752, -369, 109, -749, -371, 108, 0, 240, 0
L -754, -366, 109, -752, -369, 109, 0, 240, 0
L -755, -365, 109, -754, -366, 109, 0, 240, 0
L -755, -363, 109, -755, -365, 109, 0, 240, 0
L -756, -361, 108, -755, -363, 109, 0, 240, 0
L -756, -358, 108, -756, -361, 108, 0, 240, 0
L -757, -355, 109, -756, -358, 108, 0, 240, 0
L -758, -347, 109, -757, -355, 109, 0, 240, 0
L -760, -337, 110, -758, -347, 109, 0, 240, 0
L -762, -326, 110, -760, -337, 110, 0, 240, 0
L -764, -318, 109, -762, -326, 110, 0, 240, 0
L -765, -310, 109, -764, -318, 109, 0, 240, 0
L -766, -307, 109, -765, -310, 109, 0, 240, 0
L -767, -303, 109, -766, -307, 109, 0, 240, 0
L -766, -301, 109, -767, -303, 109, 0, 240, 0
L -766, -299, 109, -766, -301, 109, 0, 240, 0
L -766, -293, 108, -766, -299, 109, 0, 240, 0
L -766, -291, 108, -766, -293, 108, 0, 240, 0
L -766, -290, 107, -766, -291, 108, 0, 240, 0
L -771, -284, 107, -766, -290, 107, 0, 240, 0
L -772, -282, 107, -771, -284, 107, 0, 240, 0
L -772, -280, 106, -772, -282, 107, 0, 240, 0
L -772, -277, 106, -772, -280, 106, 0, 240, 0
L -773, -276, 105, -772, -277, 106, 0, 240, 0
L -773, -274, 105, -773, -276, 105, 0, 240, 0
L -774, -271, 105, -773, -274, 105, 0, 240, 0
L -774, -270, 105, -774, -271, 105, 0, 240, 0
L -776, -266, 105, -774, -270, 105, 0, 240, 0
L -776, -265, 105, -776, -266, 105, 0, 240, 0
L -778, -254, 105, -776, -265, 105, 0, 240, 0
L -778, -250, 106, -778, -254, 105, 0, 240, 0
L -778, -248, 106, -778, -250, 106, 0, 240, 0
L -779, -237, 107, -778, -248, 106, 0, 240, 0
L -776, -228, 106, -779, -237, 107, 0, 240, 0
L -773, -217, 105, -776, -228, 106, 0, 240, 0
L -773, -215, 106, -773, -217, 105, 0, 240, 0
L -772, -214, 106, -773, -215, 106, 0, 240, 0
L -762, -201, 105, -772, -214, 106, 0, 240, 0
L -761, -199, 105, -762, -201, 105, 0, 240, 0
L -760, -198, 105, -761, -199, 105, 0, 240, 0
L -759, -196, 105, -760, -198, 105, 0, 240, 0
L -757, -196, 105, -759, -196, 105, 0, 240, 0
L -749, -192, 104, -757, -196, 105, 0, 240, 0
L -739, -188, 105, -749, -192, 104, 0, 240, 0
L -738, -187, 104, -739, -188, 105, 0, 240, 0
L -733, -187, 105, -738, -187, 104, 0, 240, 0
L -729, -187, 105, -733, -187, 105, 0, 240, 0
L -720, -188, 106, -729, -187, 105, 0, 240, 0
L -708, -190, 107, -720, -188, 106, 0, 240, 0
L -697, -193, 106, -708, -190, 107, 0, 240, 0
L -689, -196, 105, -697, -193, 106, 0, 240, 0
L -687, -197, 105, -689, -196, 105, 0, 240, 0
L -686, -198, 106, -687, -197, 105, 0, 240, 0
L -685, -200, 106, -686, -198, 106, 0, 240, 0
L -685, -202, 106, -685, -200, 106, 0, 240, 0
L -684, -208, 106, -685, -202, 106, 0, 240, 0
L -685, -210, 105, -684, -208, 106, 0, 240, 0
L -686, -213, 105, -685, -210, 105, 0, 240, 0
L -686, -215, 105, -686, -213, 105, 0, 240, 0
L -687, -217, 105, -686, -215, 105, 0, 240, 0
L -692, -225, 106, -687, -217, 105, 0, 240, 0
L -693, -227, 106, -692, -225, 106, 0, 240, 0
L -694, -228, 106, -693, -227, 106, 0, 240, 0
L -699, -232, 103, -694, -228, 106, 0, 240, 0
L -700, -233, 102, -699, -232, 103, 0, 240, 0
L -702, -233, 102, -700, -233, 102, 0, 240, 0
L -710, -234, 103, -702, -233, 102, 0, 240, 0
L -713, -234, 103, -710, -234, 103, 0, 240, 0
L -719, -237, 104, -713, -234, 103, 0, 240, 0
L -722, -240, 104, -719, -237, 104, 0, 240, 0
L -723, -241, 103, -722, -240, 104, 0, 240, 0
L -725, -245, 104, -723, -241, 103, 0, 240, 0
L -732, -250, 106, -725, -245, 104, 0, 240, 0
L -733, -252, 106, -732, -250, 106, 0, 240, 0
L -735, -257, 106, -733, -252, 106, 0, 240, 0
L -738, -260, 106, -735, -257, 106, 0, 240, 0
L -739, -261, 107, -738, -260, 106, 0, 240, 0
L -741, -265, 107, -739, -261, 107, 0, 240, 0
L -745, -269, 106, -741, -265, 107, 0, 240, 0
L -747, -270, 106, -745, -269, 106, 0, 240, 0
L -748, -272, 105, -747, -270, 106, 0, 240, 0
L -748, -273, 104, -748, -272, 105, 0, 240, 0
L -747, -274, 103, -748, -273, 104, 0, 240, 0
L -740, -273, 101, -747, -274, 103, 0, 240, 0
L -738, -273, 100, -740, -273, 101, 0, 240, 0
L -736, -272, 100, -738, -273, 100, 0, 240, 0
L -735, -270, 99, -736, -272, 100, 0, 240, 0
L -733, -270, 98, -735, -270, 99, 0, 240, 0
L -731, -269, 97, -733, -270, 98, 0, 240, 0
L -727, -267, 93, -731, -269, 97, 0, 240, 0
L -725, -266, 92, -727, -267, 93, 0, 240, 0
L -718, -264, 85, -725, -266, 92, 0, 240, 0
L -716, -264, 83, -718, -264, 85, 0, 0, 0
L -714, -263, 83, -716, -264, 83, 0, 0, 0
L -716, -262, 83, -714, -263, 83, 0, 0, 0
L -721, -262, 83, -716, -262, 83, 0, 0, 0
L -726, -266, 83, -721, -262, 83, 0, 0, 0
L -742, -268, 83, -726, -266, 83, 0, 0, 0
L -744, -268, 83, -742, -268, 83, 0, 0, 0
L -742, -268, 82, -744, -268, 83, 0, 0, 0
L -740, -266, 82, -742, -268, 82, 0, 0, 0
L -738, -265, 81, -740, -266, 82, 0, 0, 0
L -737, -264, 81, -738, -265, 81, 0, 0, 0
L -736, -262, 82, -737, -264, 81, 0, 0, 0
L -733, -258, 81, -736, -262, 82, 0, 0, 0
L -731, -255, 81, -733, -258, 81, 0, 0, 0
L -730, -253, 81, -731, -255, 81, 0, 0, 0
L -728, -244, 82, -730, -253, 81, 0, 0, 0
L -727, -243, 82, -728, -244, 82, 0, 0, 0
L -721, -236, 83, -727, -243, 82, 0, 0, 0
L -718, -234, 84, -721, -236, 83, 0, 0, 0
L -717, -233, 84, -718, -234, 84, 0, 0, 0
L -715, -231, 85, -717, -233, 84, 0, 0, 0
L -713, -230, 85, -715, -231, 85, 0, 0, 0
L -711, -230, 85, -713, -230, 85, 0, 0, 0
L -710, -230, 86, -711, -230, 85, 0, 0, 0
L -708, -231, 86, -710, -230, 86, 0, 0, 0
L -700, -231, 87, -708, -231, 86, 0, 0, 0
L -696, -231, 87, -700, -231, 87, 0, 0, 0
L -691, -230, 87, -696, -231, 87, 0, 0, 0
L -690, -229, 88, -691, -230, 87, 0, 0, 0
L -688, -229, 88, -690, -229, 88, 0, 0, 0
L -685, -226, 89, -688, -229, 88, 0, 0, 0
L -683, -225, 89, -685, -226, 89, 0, 0, 0
L -682, -224, 89, -683, -225, 89, 0, 0, 0
L -681, -222, 89, -682, -224, 89, 0, 0, 0
L -681, -221, 89, -681, -222, 89, 0, 0, 0
L -680, -220, 90, -681, -221, 89, 0, 0, 0
L -680, -218, 91, -680, -220, 90, 0, 0, 0
L -679, -216, 91, -680, -218, 91, 0, 0, 0
L -679, -213, 91, -679, -216, 91, 0, 0, 0
L -680, -209, 91, -679, -213, 91, 0, 0, 0
L -682, -206, 92, -680, -209, 91, 0, 0, 0
L -683, -205, 92, -682, -206, 92, 0, 0, 0
L -684, -201, 92, -683, -205, 92, 0, 0, 0
L -684, -200, 92, -684, -201, 92, 0, 0, 0
L -681, -196, 93, -684, -200, 92, 0, 0, 0
L -680, -195, 92, -681, -196, 93, 0, 0, 0
L -678, -194, 93, -680, -195, 92, 0, 0, 0
L -671, -192, 94, -678, -194, 93, 0, 0, 0
L -669, -192, 94, -671, -192, 94, 0, 0, 0
L -668, -191, 94, -669, -192, 94, 0, 0, 0
L -665, -189, 94, -668, -191, 94, 0, 0, 0
L -665, -187, 94, -665, -189, 94, 0, 0, 0
L -664, -184, 94, -665, -187, 94, 0, 0, 0
L -664, -182, 94, -664, -184, 94, 0, 0, 0
L -666, -181, 94, -664, -182, 94, 0, 0, 0
L -667, -180, 93, -666, -181, 94, 0, 0, 0
L -660, -173, 93, -667, -180, 93, 0, 0, 0
L -659, -172, 92, -660, -173, 93, 0, 0, 0
L -657, -171, 92, -659, -172, 92, 0, 0, 0
L -655, -170, 91, -657, -171, 92, 0, 0, 0
L -650, -170, 91, -655, -170, 91, 0, 0, 0
L -648, -170, 90, -650, -170, 91, 0, 0, 0
L -638, -168, 90, -648, -170, 90, 0, 0, 0
L -637, -167, 90, -638, -168, 90, 0, 0, 0
L -635, -167, 90, -637, -167, 90, 0, 0, 0
L -634, -166, 90, -635, -167, 90, 0, 0, 0
L -631, -165, 90, -634, -166, 90, 0, 0, 0
L -620, -163, 90, -631, -165, 90, 0, 0, 0
L -618, -162, 90, -620, -163, 90, 0, 0, 0
L -608, -163, 90, -618, -162, 90, 0, 0, 0
L -607, -163, 90, -608, -163, 90, 0, 0, 0
L -596, -165, 91, -607, -163, 90, 0, 0, 0
L -594, -166, 91, -596, -165, 91, 0, 0, 0
L -592, -167, 90, -594, -166, 91, 0, 0, 0
L -588, -171, 90, -592, -167, 90, 0, 0, 0
L -582, -176, 89, -588, -171, 90, 0, 0, 0
L -580, -177, 89, -582, -176, 89, 0, 0, 0
L -578, -179, 89, -580, -177, 89, 0, 0, 0
L -572, -180, 89, -578, -179, 89, 0, 0, 0
L -570, -181, 89, -572, -180, 89, 0, 0, 0
L -555, -194, 87, -570, -181, 89, 0, 0, 0
L -546, -203, 87, -555, -194, 87, 0, 0, 0
L -544, -203, 87, -546, -203, 87, 0, 0, 0
L -543, -204, 87, -544, -203, 87, 0, 0, 0
L -541, -205, 87, -543, -204, 87, 0, 0, 0
L -540, -205, 86, -541, -205, 87, 0, 0, 0
L -538, -207, 86, -540, -205, 86, 0, 0, 0
L -532, -210, 86, -538, -207, 86, 0, 0, 0
L -527, -211, 86, -532, -210, 86, 0, 0, 0
L -525, -211, 86, -527, -211, 86, 0, 0, 0
L -520, -212, 86, -525, -211, 86, 0, 0, 0
L -519, -213, 86, -520, -212, 86, 0, 0, 0
L -517, -213, 85, -519, -213, 86, 0, 0, 0
L -513, -213, 84, -517, -213, 85, 0, 0, 0
L -511, -213, 84, -513, -213, 84, 0, 0, 0
L -510, -214, 83, -511, -213, 84, 0, 0, 0
L -508, -215, 82, -510, -214, 83, 0, 0, 0
L -504, -217, 82, -508, -215, 82, 0, 0, 0
L -499, -219, 81, -504, -217, 82, 0, 0, 0
L -496, -221, 80, -499, -219, 81, 0, 0, 0
L -495, -222, 80, -496, -221, 80, 0, 0, 0
L -492, -226, 79, -495, -222, 80, 0, 0, 0
L -491, -228, 79, -492, -226, 79, 0, 0, 0
L -482, -233, 78, -491, -228, 79, 0, 0, 0
L -459, -244, 77, -482, -233, 78, 0, 0, 0
L -450, -248, 76, -459, -244, 77, 0, 0, 0
L -448, -249, 76, -450, -248, 76, 0, 0, 0
L -446, -249, 76, -448, -249, 76, 0, 0, 0
L -445, -250, 76, -446, -249, 76, 0, 0, 0
L -439, -252, 75, -445, -250, 76, 0, 0, 0
L -437, -253, 74, -439, -252, 75, 0, 0, 0
L -436, -253, 74, -437, -253, 74, 0, 0, 0
L -429, -255, 75, -436, -253, 74, 0, 0, 0
L -423, -253, 75, -429, -255, 75, 0, 0, 0
L -421, -253, 74, -423, -253, 75, 0, 0, 0
L -419, -252, 74, -421, -253, 74, 0, 0, 0
L -419, -249, 74, -419, -252, 74, 0, 0, 0
L -415, -248, 70, -419, -249, 74, 0, 0, 0
L -413, -247, 68, -415, -248, 70, 0, 0, 0
L -411, -247, 67, -413, -247, 68, 0, 0, 0
L -407, -244, 67, -411, -247, 67, 0, 0, 0
L -403, -242, 67, -407, -244, 67, 0, 0, 0
L -398, -237, 67, -403, -242, 67, 0, 0, 0
L -397, -235, 67, -398, -237, 67, 0, 0, 0
L -397, -231, 67, -397, -235, 67, 0, 0, 0
L -395, -229, 67, -397, -231, 67, 0, 0, 0
L -395, -227, 67, -395, -229, 67, 0, 0, 0
L -394, -222, 67, -395, -227, 67, 0, 0, 0
L -395, -221, 68, -394, -222, 67, 0, 0, 0
L -396, -218, 68, -395, -221, 68, 0, 0, 0
L -397, -217, 68, -396, -218, 68, 0, 0, 0
L -397, -215, 68, -397, -217, 68, 0, 0, 0
L -398, -213, 69, -397, -215, 68, 0, 0, 0
L -398, -211, 69, -398, -213, 69, 0, 0, 0
L -399, -210, 69, -398, -211, 69, 0, 0, 0
L -399, -204, 69, -399, -210, 69, 0, 0, 0
L -400, -202, 69, -399, -204, 69, 0, 0, 0
L -401, -201, 69, -400, -202, 69, 0, 0, 0
L -402, -199, 69, -401, -201, 69, 0, 0, 0
L -403, -190, 69, -402, -199, 69, 0, 0, 0
L -404, -186, 69, -403, -190, 69, 0, 0, 0
L -405, -184, 69, -404, -186, 69, 0, 0, 0
L -406, -183, 70, -405, -184, 69, 0, 0, 0
L -408, -183, 70, -406, -183, 70, 0, 0, 0
L -409, -181, 69, -408, -183, 70, 0, 0, 0
L -411, -181, 70, -409, -181, 69, 0, 0, 0
L -412, -180, 70, -411, -181, 70, 0, 0, 0
L -414, -182, 70, -412, -180, 70, 0, 0, 0
L -416, -181, 70, -414, -182, 70, 0, 0, 0
L -417, -180, 70, -416, -181, 70, 0, 0, 0
L -420, -177, 69, -417, -180, 70, 0, 0, 0
L -421, -175, 69, -420, -177, 69, 0, 0, 0
L -422, -174, 68, -421, -175, 69, 0, 0, 0
L -423, -173, 68, -422, -174, 68, 0, 0, 0
L -435, -154, 61, -423, -173, 68, 0, 0, 0
L -435, -153, 61, -435, -154, 61, 0, 0, 0
L -436, -151, 61, -435, -153, 61, 0, 0, 0
L -439, -143, 59, -436, -151, 61, 0, 0, 0
L -439, -141, 59, -439, -143, 59, 0, 0, 0
L -439, -139, 58, -439, -141, 59, 0, 0, 0
L -438, -138, 57, -439, -139, 58, 0, 0, 0
L -437, -136, 56, -438, -138, 57, 0, 0, 0
L -437, -131, 56, -437, -136, 56, 0, 0, 0
L -437, -130, 55, -437, -131, 56, 0, 0, 0
L -438, -119, 52, -437, -130, 55, 0, 0, 0
L -438, -118, 52, -438, -119, 52, 0, 0, 0
L -440, -115, 51, -438, -118, 52, 0, 0, 0
L -440, -113, 51, -440, -115, 51, 0, 0, 0
L -440, -112, 50, -440, -113, 51, 0, 0, 0
L -442, -99, 48, -440, -112, 50, 0, 0, 0
L -442, -97, 48, -442, -99, 48, 0, 0, 0
L -443, -96, 47, -442, -97, 48, 0, 0, 0
L -443, -87, 47, -443, -96, 47, 0, 0, 0
L -440, -82, 47, -443, -87, 47, 0, 0, 0
L -440, -81, 46, -440, -82, 47, 0, 0, 0
L -439, -74, 44, -440, -81, 46, 0, 0, 0
L -440, -73, 44, -439, -74, 44, 0, 0, 0
L -440, -71, 44, -440, -73, 44, 0, 0, 0
L -442, -71, 45, -440, -71, 44, 0, 0, 0
L -443, -73, 45, -442, -71, 45, 0, 0, 0
L -445, -73, 44, -443, -73, 45, 0, 0, 0
L -446, -72, 44, -445, -73, 44, 0, 0, 0
L -447, -69, 43, -446, -72, 44, 0, 0, 0
L -446, -57, 42, -447, -69, 43, 0, 0, 0
L -445, -55, 42, -446, -57, 42, 0, 0, 0
L -437, -32, 35, -445, -55, 42, 0, 0, 0
L -437, -31, 35, -437, -32, 35, 0, 0, 0
L -435, -24, 34, -437, -31, 35, 0, 0, 0
L -434, -20, 35, -435, -24, 34, 0, 0, 0
L -435, -18, 35, -434, -20, 35, 0, 0, 0
L -436, -13, 35, -435, -18, 35, 0, 0, 0
L -437, -6, 34, -436, -13, 35, 0, 0, 0
L -437, -4, 34, -437, -6, 34, 0, 0, 0
L -439, 0, 34, -437, -4, 34, 0, 0, 0
L -440, 1, 34, -439, 0, 34, 0, 0, 0
L -440, 3, 34, -440, 1, 34, 0, 0, 0
L -443, 8, 34, -440, 3, 34, 0, 0, 0
L -444, 9, 34, -443, 8, 34, 0, 0, 0
L -447, 16, 33, -444, 9, 34, 0, 0, 0
L -448, 17, 34, -447, 16, 33, 0, 0, 0
L -449, 19, 34, -448, 17, 34, 0, 0, 0
L -451, 21, 33, -449, 19, 34, 0, 0, 0
L -452, 22, 33, -451, 21, 33, 0, 0, 0
L -454, 23, 33, -452, 22, 33, 0, 0, 0
L -458, 24, 33, -454, 23, 33, 0, 0, 0
L -460, 24, 33, -458, 24, 33, 0, 0, 0
L -464, 28, 30, -460, 24, 33, 0, 0, 0
L -471, 34, 30, -464, 28, 30, 0, 0, 0
L -486, 46, 31, -471, 34, 30, 0, 0, 0
L -488, 47, 31, -486, 46, 31, 0, 0, 0
L -495, 52, 33, -488, 47, 31, 0, 0, 0
L -500, 54, 34, -495, 52, 33, 0, 0, 0
L -501, 55, 34, -500, 54, 34, 0, 0, 0
L -503, 55, 34, -501, 55, 34, 0, 0, 0
L -505, 56, 34, -503, 55, 34, 0, 0, 0
L -515, 56, 34, -505, 56, 34, 0, 0, 0
L -516, 57, 34, -515, 56, 34, 0, 0, 0
L -518, 58, 34, -516, 57, 34, 0, 0, 0
L -519, 59, 34, -518, 58, 34, 0, 0, 0
L -524, 69, 34, -519, 59, 34, 0, 0, 0
L -524, 70, 34, -524, 69, 34, 0, 0, 0
L -525, 76, 33, -524, 70, 34, 0, 0, 0
L -525, 78, 32, -525, 76, 33, 0, 0, 0
L -523, 84, 30, -525, 78, 32, 0, 0, 0
L -521, 86, 28, -523, 84, 30, 0, 0, 0
L -520, 90, 27, -521, 86, 28, 0, 0, 0
L -519, 91, 27, -520, 90, 27, 0, 0, 0
L -519, 93, 27, -519, 91, 27, 0, 0, 0
L -519, 95, 26, -519, 93, 27, 0, 0, 0
L -518, 96, 26, -519, 95, 26, 0, 0, 0
L -517, 98, 25, -518, 96, 26, 0, 0, 0
L -516, 99, 25, -517, 98, 25, 0, 0, 0
L -512, 107, 25, -516, 99, 25, 0, 0, 0
L -511, 109, 24, -512, 107, 25, 0, 0, 0
L -510, 110, 24, -511, 109, 24, 0, 0, 0
L -508, 113, 24, -510, 110, 24, 0, 0, 0
L -508, 114, 24, -508, 113, 24, 0, 0, 0
L -505, 117, 24, -508, 114, 24, 0, 0, 0
L -501, 123, 24, -505, 117, 24, 0, 0, 0
L -499, 125, 24, -501, 123, 24, 0, 0, 0
L -498, 127, 24, -499, 125, 24, 0, 0, 0
L -494, 130, 24, -498, 127, 24, 0, 0, 0
L -492, 131, 24, -494, 130, 24, 0, 0, 0
L -486, 137, 24, -492, 131, 24, 0, 0, 0
L -479, 144, 25, -486, 137, 24, 0, 0, 0
L -476, 146, 25, -479, 144, 25, 0, 0, 0
L -475, 148, 25, -476, 146, 25, 0, 0, 0
L -472, 150, 25, -475, 148, 25, 0, 0, 0
L -464, 156, 25, -472, 150, 25, 0, 0, 0
L -462, 157, 25, -464, 156, 25, 0, 0, 0
L -454, 162, 25, -462, 157, 25, 0, 0, 0
L -445, 167, 26, -454, 162, 25, 0, 0, 0
L -443, 168, 26, -445, 167, 26, 0, 0, 0
L -440, 169, 26, -443, 168, 26, 0, 0, 0
L -429, 174, 26, -440, 169, 26, 0, 0, 0
L -419, 176, 27, -429, 174, 26, 0, 0, 0
L -416, 176, 27, -419, 176, 27, 0, 0, 0
L -387, 177, 29, -416, 176, 27, 0, 0, 0
L -381, 177, 29, -387, 177, 29, 0, 0, 0
L -379, 178, 29, -381, 177, 29, 0, 0, 0
L -376, 180, 30, -379, 178, 29, 0, 0, 0
L -375, 182, 30, -376, 180, 30, 0, 0, 0
L -373, 182, 30, -375, 182, 30, 0, 0, 0
L -372, 183, 30, -373, 182, 30, 0, 0, 0
L -366, 183, 32, -372, 183, 30, 0, 0, 0
L -364, 183, 32, -366, 183, 32, 0, 0, 0
L -362, 183, 33, -364, 183, 32, 0, 0, 0
L -360, 183, 33, -362, 183, 33, 0, 0, 0
L -356, 182, 33, -360, 183, 33, 0, 0, 0
L -350, 180, 33, -356, 182, 33, 0, 0, 0
L -336, 175, 32, -350, 180, 33, 0, 0, 0
L -327, 171, 32, -336, 175, 32, 0, 0, 0
L -325, 171, 33, -327, 171, 32, 0, 0, 0
L -319, 170, 33, -325, 171, 33, 0, 0, 0
L -308, 168, 34, -319, 170, 33, 0, 0, 0
L -306, 168, 34, -308, 168, 34, 0, 0, 0
L -303, 169, 34, -306, 168, 34, 0, 0, 0
L -301, 169, 34, -303, 169, 34, 0, 0, 0
L -293, 167, 34, -301, 169, 34, 0, 0, 0
L -291, 167, 34, -293, 167, 34, 0, 0, 0
L -290, 167, 35, -291, 167, 34, 0, 0, 0
L -285, 170, 35, -290, 167, 35, 0, 0, 0
L -283, 170, 35, -285, 170, 35, 0, 0, 0
L -281, 171, 35, -283, 170, 35, 0, 0, 0
L -279, 171, 36, -281, 171, 35, 0, 0, 0
L -257, 168, 33, -279, 171, 36, 0, 0, 0
L -247, 169, 31, -257, 168, 33, 0, 0, 0
L -240, 169, 28, -247, 169, 31, 0, 0, 0
L -226, 172, 25, -240, 169, 28, 0, 0, 0
L -214, 175, 23, -226, 172, 25, 0, 0, 0
L -208, 176, 22, -214, 175, 23, 0, 0, 0
L -206, 176, 22, -208, 176, 22, 0, 0, 0
L -205, 177, 22, -206, 176, 22, 0, 0, 0
L -202, 177, 21, -205, 177, 22, 0, 0, 0
L -200, 178, 21, -202, 177, 21, 0, 0, 0
L -198, 178, 20, -200, 178, 21, 0, 0, 0
L -194, 178, 20, -198, 178, 20, 0, 0, 0
L -192, 177, 20, -194, 178, 20, 0, 0, 0
L -190, 177, 19, -192, 177, 20, 0, 0, 0
L -189, 176, 19, -190, 177, 19, 0, 0, 0
L -175, 173, 17, -189, 176, 19, 0, 0, 0
L -174, 173, 17, -175, 173, 17, 0, 0, 0
L -172, 172, 16, -174, 173, 17, 0, 0, 0
L -160, 165, 15, -172, 172, 16, 0, 0, 0
L -159, 164, 15, -160, 165, 15, 0, 0, 0
L -146, 151, 12, -159, 164, 15, 0, 0, 0
L -138, 141, 11, -146, 151, 12, 0, 0, 0
L -137, 140, 10, -138, 141, 11, 0, 0, 0
L -133, 134, 10, -137, 140, 10, 0, 0, 0
L -132, 133, 9, -133, 134, 10, 0, 0, 0
L -129, 125, 8, -132, 133, 9, 0, 0, 0
L -129, 121, 6, -129, 125, 8, 0, 0, 0
L -128, 96, 6, -129, 121, 6, 0, 0, 0
L -129, 95, 6, -128, 96, 6, 0, 0, 0
L -129, 93, 6, -129, 95, 6, 0, 0, 0
L -130, 92, 5, -129, 93, 6, 0, 0, 0
L -131, 90, 5, -130, 92, 5, 0, 0, 0
L -132, 85, 4, -131, 90, 5, 0, 0, 0
L -131, 83, 4, -132, 85, 4, 0, 0, 0
L -130, 82, 4, -131, 83, 4, 0, 0, 0
L -129, 78, 3, -130, 82, 4, 0, 0, 0
L -129, 68, 1, -129, 78, 3, 0, 0, 0
L -129, 66, 1, -129, 68, 1, 0, 0, 0
L -127, 64, 1, -129, 66, 1, 0, 0, 0
L -126, 56, -2, -127, 64, 1, 0, 0, 0
L -126, 55, -3, -126, 56, -2, 0, 0, 0
L -125, 51, -3, -126, 55, -3, 0, 0, 0
L -125, 49, -3, -125, 51, -3, 0, 0, 0
L -124, 47, -3, -125, 49, -3, 0, 0, 0
L -123, 46, -3, -124, 47, -3, 0, 0, 0
L -121, 43, -3, -123, 46, -3, 0, 0, 0
L -120, 41, -3, -121, 43, -3, 0, 0, 0
L -106, 33, -5, -120, 41, -3, 0, 0, 0
L -104, 32, -6, -106, 33, -5, 0, 0, 0
L -103, 31, -6, -104, 32, -6, 0, 0, 0
L -101, 30, -6, -103, 31, -6, 0, 0, 0
L -95, 29, -7, -101, 30, -6, 0, 0, 0
L -93, 29, -7, -95, 29, -7, 0, 0, 0
L -82, 26, -7, -93, 29, -7, 0, 0, 0
L -73, 22, -7, -82, 26, -7, 0, 0, 0
L -72, 22, -7, -73, 22, -7, 0, 0, 0
L -70, 21, -7, -72, 22, -7, 0, 0, 0
L -63, 22, -7, -70, 21, -7, 0, 0, 0
L -61, 22, -7, -63, 22, -7, 0, 0, 0
L -47, 16, -7, -61, 22, -7, 0, 0, 0
L -44, 15, -7, -47, 16, -7, 0, 0, 0
L -42, 14, -7, -44, 15, -7, 0, 0, 0
L -38, 15, -7, -42, 14, -7, 0, 0, 0
L -32, 17, -7, -38, 15, -7, 0, 0, 0
L -27, 16, -7, -32, 17, -7, 0, 0, 0
L -18, 13, -9, -27, 16, -7, 0, 0, 0
L -16, 13, -9, -18, 13, -9, 0, 0, 0
L -14, 13, -10, -16, 13, -9, 0, 0, 0
L -3, 18, -10, -14, 13, -10, 0, 0, 0
L -2, 18, -10, -3, 18, -10, 0, 0, 0
L 22, 15, -10, -2, 18, -10, 0, 0, 0
L 26, 13, -9, 22, 15, -10, 0, 0, 0
L 27, 13, -8, 26, 13, -9, 0, 0, 0
L 29, 12, -8, 27, 13, -8, 0, 0, 0
L 30, 10, -8, 29, 12, -8, 0, 0, 0
L 30, 8, -8, 30, 10, -8, 0, 0, 0
L 32, 7, -7, 30, 8, -8, 0, 0, 0
L 33, 7, -7, 32, 7, -7, 0, 0, 0
L 36, 6, -7, 33, 7, -7, 0, 0, 0
L 40, 7, -5, 36, 6, -7, 0, 0, 0
L 40, 9, -4, 40, 7, -5, 0, 0, 0
L 40, 10, -3, 40, 9, -4, 0, 0, 0
L 38, 11, -3, 40, 10, -3, 0, 0, 0
L 36, 11, -4, 38, 11, -3, 0, 0, 0
L 37, 9, -6, 36, 11, -4, 0, 0, 0
L 39, 8, -6, 37, 9, -6, 0, 0, 0
L 41, 9, -6, 39, 8, -6, 0, 0, 0
L 41, 11, -6, 41, 9, -6, 0, 0, 0
L 57, 0, -6, 41, 11, -6, 0, 0, 0
L 58, -0, -6, 57, 0, -6, 0, 0, 0
L 69, -22, -6, 58, -0, -6, 0, 0, 0
L 71, -32, -7, 69, -22, -6, 0, 0, 0
L 71, -40, -9, 71, -32, -7, 0, 0, 0
L 71, -42, -9, 71, -40, -9, 0, 0, 0
L 72, -44, -8, 71, -42, -9, 0, 0, 0
L 73, -58, -10, 72, -44, -8, 0, 0, 0
L 74, -65, -10, 73, -58, -10, 0, 0, 0
