L 1702, 267, -676, 1709, 271, -676, 0, 240, 0
L 1678, 245, -676, 1681, 246, -676, 0, 240, 0
L 1560, -59, -676, 1556, -60, -676, 0, 240, 0
L -843, 636, 3, -841, 636, 3, 0, 240, 0
L -853, 636, 1, -843, 636, 3, 0, 240, 0
L -853, 636, 1, -853, 636, 1, 0, 240, 0
L -855, 636, -0, -853, 636, 1, 0, 240, 0
L -855, 631, 0, -855, 636, -0, 0, 240, 0
L -855, 630, 0, -855, 631, 0, 0, 240, 0
L -859, 630, -3, -855, 630, 0, 0, 240, 0
L -865, 629, -6, -859, 630, -3, 0, 240, 0
L -884, 630, -14, -865, 629, -6, 0, 240, 0
L -914, 630, -22, -884, 630, -14, 0, 240, 0
L -923, 630, -23, -914, 630, -22, 0, 240, 0
L -934, 629, -23, -923, 630, -23, 0, 240, 0
L -945, 629, -27, -934, 629, -23, 0, 240, 0
L -954, 629, -30, -945, 629, -27, 0, 240, 0
L -965, 629, -33, -954, 629, -30, 0, 240, 0
L -966, 629, -34, -965, 629, -33, 0, 240, 0
L -968, 628, -34, -966, 629, -34, 0, 240, 0
L -970, 628, -33, -968, 628, -34, 0, 240, 0
L -970, 626, -33, -970, 628, -33, 0, 240, 0
L -969, 624, -34, -970, 626, -33, 0, 240, 0
L -969, 615, -37, -969, 624, -34, 0, 240, 0
L -969, 613, -38, -969, 615, -37, 0, 240, 0
L -970, 608, -39, -969, 613, -38, 0, 240, 0
L -970, 606, -40, -970, 608, -39, 0, 240, 0
L -970, 605, -40, -970, 606, -40, 0, 240, 0
L -971, 601, -42, -970, 605, -40, 0, 240, 0
L -971, 599, -42, -971, 601, -42, 0, 240, 0
L -971, 581, -44, -971, 599, -42, 0, 240, 0
L -971, 579, -44, -971, 581, -44, 0, 240, 0
L -971, 577, -43, -971, 579, -44, 0, 240, 0
L -969, 577, -44, -971, 577, -43, 0, 240, 0
L -969, 550, -44, -969, 577, -44, 0, 240, 0
L -969, 548, -44, -969, 550, -44, 0, 240, 0
L -970, 531, -44, -969, 548, -44, 0, 240, 0
L -970, 529, -44, -970, 531, -44, 0, 240, 0
L -970, 523, -44, -970, 529, -44, 0, 240, 0
L -971, 521, -44, -970, 523, -44, 0, 240, 0
L -971, 519, -44, -971, 521, -44, 0, 240, 0
L -972, 516, -43, -971, 519, -44, 0, 240, 0
L -972, 514, -43, -972, 516, -43, 0, 240, 0
L -972, 512, -43, -972, 514, -43, 0, 240, 0
L -972, 510, -44, -972, 512, -43, 0, 240, 0
L -973, 508, -44, -972, 510, -44, 0, 240, 0
L -973, 506, -44, -973, 508, -44, 0, 240, 0
L -973, 501, -43, -973, 506, -44, 0, 240, 0
L -973, 499, -43, -973, 501, -43, 0, 240, 0
L -954, 499, -44, -973, 499, -43, 0, 240, 0
L -952, 499, -44, -954, 499, -44, 0, 240, 0
L -951, 498, -44, -952, 499, -44, 0, 240, 0
L -952, 492, -44, -951, 498, -44, 0, 240, 0
L -952, 490, -44, -952, 492, -44, 0, 240, 0
L -953, 488, -44, -952, 490, -44, 0, 240, 0
L -953, 485, -44, -953, 488, -44, 0, 240, 0
L -953, 483, -43, -953, 485, -44, 0, 240, 0
L -954, 482, -41, -953, 483, -43, 0, 240, 0
L -958, 483, -41, -954, 482, -41, 0, 240, 0
L -959, 483, -41, -958, 483, -41, 0, 240, 0
L -964, 484, -43, -959, 483, -41, 0, 240, 0
L -966, 483, -43, -964, 484, -43, 0, 240, 0
L -967, 483, -43, -966, 483, -43, 0, 240, 0
L -968, 483, -43, -967, 483, -43, 0, 240, 0
L -970, 482, -43, -968, 483, -43, 0, 240, 0
L -971, 481, -43, -970, 482, -43, 0, 240, 0
L -952, 480, -44, -971, 481, -43, 0, 240, 0
L -922, 478, -44, -952, 480, -44, 0, 240, 0
L -913, 478, -44, -922, 478, -44, 0, 240, 0
L -904, 477, -44, -913, 478, -44, 0, 240, 0
L -903, 477, -44, -904, 477, -44, 0, 240, 0
L -902, 478, -44, -903, 477, -44, 0, 240, 0
L -902, 480, -44, -902, 478, -44, 0, 240, 0
L -901, 481, -44, -902, 480, -44, 0, 240, 0
L -896, 481, -44, -901, 481, -44, 0, 240, 0
L -887, 482, -43, -896, 481, -44, 0, 240, 0
L -886, 482, -43, -887, 482, -43, 0, 240, 0
L -885, 482, -44, -886, 482, -43, 0, 240, 0
L -882, 482, -43, -885, 482, -44, 0, 240, 0
L -872, 482, -44, -882, 482, -43, 0, 240, 0
L -859, 482, -44, -872, 482, -44, 0, 240, 0
L -857, 481, -43, -859, 482, -44, 0, 240, 0
L -854, 482, -43, -857, 481, -43, 0, 240, 0
L -853, 482, -43, -854, 482, -43, 0, 240, 0
L -838, 481, -44, -853, 482, -43, 0, 240, 0
L -837, 481, -44, -838, 481, -44, 0, 240, 0
L -837, 479, -44, -837, 481, -44, 0, 240, 0
L -837, 478, -44, -837, 479, -44, 0, 240, 0
L -830, 475, -44, -837, 478, -44, 0, 240, 0
L -828, 474, -43, -830, 475, -44, 0, 240, 0
L -827, 473, -44, -828, 474, -43, 0, 240, 0
L -827, 471, -44, -827, 473, -44, 0, 240, 0
L -827, 453, -43, -827, 471, -44, 0, 240, 0
L -826, 452, -44, -827, 453, -43, 0, 240, 0
L -826, 451, -44, -826, 452, -44, 0, 240, 0
L -826, 432, -50, -826, 451, -44, 0, 240, 0
L -826, 431, -51, -826, 432, -50, 0, 240, 0
L -826, 423, -52, -826, 431, -51, 0, 240, 0
L -826, 421, -53, -826, 423, -52, 0, 240, 0
L -826, 417, -53, -826, 421, -53, 0, 240, 0
L -826, 416, -53, -826, 417, -53, 0, 240, 0
L -825, 415, -52, -826, 416, -53, 0, 240, 0
L -823, 414, -53, -825, 415, -52, 0, 240, 0
L -821, 415, -52, -823, 414, -53, 0, 240, 0
L -821, 416, -52, -821, 415, -52, 0, 240, 0
L -820, 417, -52, -821, 416, -52, 0, 240, 0
L -820, 418, -53, -820, 417, -52, 0, 240, 0
L -811, 418, -53, -820, 418, -53, 0, 240, 0
L -810, 418, -53, -811, 418, -53, 0, 240, 0
L -808, 417, -53, -810, 418, -53, 0, 240, 0
L -808, 416, -53, -808, 417, -53, 0, 240, 0
L -809, 414, -53, -808, 416, -53, 0, 240, 0
L -810, 412, -53, -809, 414, -53, 0, 240, 0
L -811, 410, -53, -810, 412, -53, 0, 240, 0
L -816, 401, -53, -811, 410, -53, 0, 240, 0
L -817, 400, -52, -816, 401, -53, 0, 240, 0
L -814, 399, -53, -817, 400, -52, 0, 240, 0
L -812, 399, -53, -814, 399, -53, 0, 240, 0
L -803, 399, -53, -812, 399, -53, 0, 240, 0
L -802, 399, -52, -803, 399, -53, 0, 240, 0
L -802, 434, -62, -802, 399, -52, 0, 240, 0
L -802, 436, -62, -802, 434, -62, 0, 240, 0
L -802, 447, -62, -802, 436, -62, 0, 240, 0
L -802, 449, -62, -802, 447, -62, 0, 240, 0
L -802, 458, -62, -802, 449, -62, 0, 240, 0
L -802, 460, -62, -802, 458, -62, 0, 240, 0
L -801, 470, -64, -802, 460, -62, 0, 240, 0
L -801, 472, -65, -801, 470, -64, 0, 240, 0
L -801, 482, -68, -801, 472, -65, 0, 240, 0
L -800, 484, -69, -801, 482, -68, 0, 240, 0
L -800, 494, -72, -800, 484, -69, 0, 240, 0
L -800, 496, -72, -800, 494, -72, 0, 240, 0
L -799, 512, -72, -800, 496, -72, 0, 240, 0
L -800, 514, -72, -799, 512, -72, 0, 240, 0
L -800, 522, -72, -800, 514, -72, 0, 240, 0
L -800, 524, -71, -800, 522, -72, 0, 240, 0
L -801, 529, -72, -800, 524, -71, 0, 240, 0
L -801, 531, -72, -801, 529, -72, 0, 240, 0
L -801, 533, -72, -801, 531, -72, 0, 240, 0
L -805, 532, -72, -801, 533, -72, 0, 240, 0
L -806, 531, -72, -805, 532, -72, 0, 240, 0
L -808, 532, -72, -806, 531, -72, 0, 240, 0
L -809, 533, -72, -808, 532, -72, 0, 240, 0
L -809, 535, -72, -809, 533, -72, 0, 240, 0
L -810, 536, -71, -809, 535, -72, 0, 240, 0
L -815, 530, -72, -810, 536, -71, 0, 240, 0
L -815, 529, -72, -815, 530, -72, 0, 240, 0
L -816, 538, -72, -815, 529, -72, 0, 240, 0
L -816, 540, -72, -816, 538, -72, 0, 240, 0
L -815, 550, -72, -816, 540, -72, 0, 240, 0
L -815, 552, -72, -815, 550, -72, 0, 240, 0
L -815, 571, -72, -815, 552, -72, 0, 240, 0
L -815, 573, -71, -815, 571, -72, 0, 240, 0
L -818, 573, -72, -815, 573, -71, 0, 240, 0
L -820, 573, -72, -818, 573, -72, 0, 240, 0
L -820, 578, -72, -820, 573, -72, 0, 240, 0
L -821, 580, -72, -820, 578, -72, 0, 240, 0
L -821, 583, -71, -821, 580, -72, 0, 240, 0
L -821, 585, -72, -821, 583, -71, 0, 240, 0
L -820, 586, -72, -821, 585, -72, 0, 240, 0
L -818, 586, -72, -820, 586, -72, 0, 240, 0
L -811, 587, -72, -818, 586, -72, 0, 240, 0
L -804, 587, -72, -811, 587, -72, 0, 240, 0
L -802, 587, -71, -804, 587, -72, 0, 240, 0
L -802, 589, -72, -802, 587, -71, 0, 240, 0
L -802, 591, -72, -802, 589, -72, 0, 240, 0
L -801, 597, -73, -802, 591, -72, 0, 240, 0
L -801, 599, -73, -801, 597, -73, 0, 240, 0
L -801, 604, -74, -801, 599, -73, 0, 240, 0
L -800, 605, -75, -801, 604, -74, 0, 240, 0
L -802, 605, -75, -800, 605, -75, 0, 240, 0
L -802, 607, -76, -802, 605, -75, 0, 240, 0
L -802, 609, -77, -802, 607, -76, 0, 240, 0
L -802, 612, -77, -802, 609, -77, 0, 240, 0
L -802, 614, -78, -802, 612, -77, 0, 240, 0
L -801, 616, -79, -802, 614, -78, 0, 240, 0
L -801, 618, -79, -801, 616, -79, 0, 240, 0
L -801, 621, -80, -801, 618, -79, 0, 240, 0
L -800, 638, -81, -801, 621, -80, 0, 240, 0
L -801, 640, -81, -800, 638, -81, 0, 240, 0
L -801, 649, -81, -801, 640, -81, 0, 240, 0
L -801, 651, -82, -801, 649, -81, 0, 240, 0
L -802, 663, -82, -801, 651, -82, 0, 240, 0
L -801, 664, -82, -802, 663, -82, 0, 240, 0
L -802, 665, -82, -801, 664, -82, 0, 240, 0
L -802, 668, -82, -802, 665, -82, 0, 240, 0
L -802, 669, -82, -802, 668, -82, 0, 240, 0
L -801, 671, -82, -802, 669, -82, 0, 240, 0
L -802, 673, -82, -801, 671, -82, 0, 240, 0
L -801, 674, -82, -802, 673, -82, 0, 240, 0
L -800, 675, -82, -801, 674, -82, 0, 240, 0
L -796, 677, -82, -800, 675, -82, 0, 240, 0
L -793, 679, -82, -796, 677, -82, 0, 240, 0
L -785, 683, -81, -793, 679, -82, 0, 240, 0
L -783, 684, -81, -785, 683, -81, 0, 240, 0
L -781, 684, -81, -783, 684, -81, 0, 240, 0
L -780, 685, -81, -781, 684, -81, 0, 240, 0
L -778, 685, -81, -780, 685, -81, 0, 240, 0
L -774, 686, -81, -778, 685, -81, 0, 240, 0
L -764, 686, -84, -774, 686, -81, 0, 240, 0
L -754, 686, -88, -764, 686, -84, 0, 240, 0
L -725, 683, -91, -754, 686, -88, 0, 240, 0
L -716, 682, -91, -725, 683, -91, 0, 240, 0
L -695, 681, -91, -716, 682, -91, 0, 240, 0
L -694, 681, -90, -695, 681, -91, 0, 240, 0
L -694, 679, -90, -694, 681, -90, 0, 240, 0
L -694, 677, -91, -694, 679, -90, 0, 240, 0
L -691, 679, -91, -694, 677, -91, 0, 240, 0
L -690, 680, -91, -691, 679, -91, 0, 240, 0
L -687, 682, -91, -690, 680, -91, 0, 240, 0
L -686, 683, -91, -687, 682, -91, 0, 240, 0
L -684, 685, -91, -686, 683, -91, 0, 240, 0
L -684, 686, -91, -684, 685, -91, 0, 240, 0
L -683, 687, -91, -684, 686, -91, 0, 240, 0
L -685, 689, -91, -683, 687, -91, 0, 240, 0
L -686, 690, -91, -685, 689, -91, 0, 240, 0
L -684, 694, -91, -686, 690, -91, 0, 240, 0
L -683, 695, -91, -684, 694, -91, 0, 240, 0
L -682, 697, -91, -683, 695, -91, 0, 240, 0
L -682, 697, -91, -682, 697, -91, 0, 240, 0
L -684, 699, -91, -682, 697, -91, 0, 240, 0
L -685, 699, -91, -684, 699, -91, 0, 240, 0
L -686, 700, -91, -685, 699, -91, 0, 240, 0
L -678, 700, -91, -686, 700, -91, 0, 240, 0
L -659, 701, -91, -678, 700, -91, 0, 240, 0
L -650, 702, -91, -659, 701, -91, 0, 240, 0
L -648, 702, -91, -650, 702, -91, 0, 240, 0
L -646, 702, -90, -648, 702, -91, 0, 240, 0
L -644, 702, -90, -646, 702, -90, 0, 240, 0
L -643, 703, -90, -644, 702, -90, 0, 240, 0
L -641, 703, -90, -643, 703, -90, 0, 240, 0
L -631, 702, -90, -641, 703, -90, 0, 240, 0
L -630, 702, -90, -631, 702, -90, 0, 240, 0
L -629, 702, -89, -630, 702, -90, 0, 240, 0
L -628, 699, -91, -629, 702, -89, 0, 240, 0
L -628, 697, -91, -628, 699, -91, 0, 240, 0
L -628, 695, -91, -628, 697, -91, 0, 240, 0
L -627, 693, -91, -628, 695, -91, 0, 240, 0
L -627, 692, -91, -627, 693, -91, 0, 240, 0
L -626, 690, -91, -627, 692, -91, 0, 240, 0
L -626, 688, -91, -626, 690, -91, 0, 240, 0
L -625, 686, -91, -626, 688, -91, 0, 240, 0
L -625, 685, -91, -625, 686, -91, 0, 240, 0
L -625, 683, -91, -625, 685, -91, 0, 240, 0
L -623, 682, -90, -625, 683, -91, 0, 240, 0
L -622, 683, -90, -623, 682, -90, 0, 240, 0
L -619, 683, -91, -622, 683, -90, 0, 240, 0
L -617, 684, -91, -619, 683, -91, 0, 240, 0
L -607, 684, -91, -617, 684, -91, 0, 240, 0
L -598, 684, -91, -607, 684, -91, 0, 240, 0
L -589, 683, -91, -598, 684, -91, 0, 240, 0
L -579, 684, -91, -589, 683, -91, 0, 240, 0
L -577, 684, -89, -579, 684, -91, 0, 240, 0
L -577, 685, -90, -577, 684, -89, 0, 240, 0
L -577, 683, -89, -577, 685, -90, 0, 240, 0
L -576, 661, -89, -577, 683, -89, 0, 240, 0
L -576, 659, -89, -576, 661, -89, 0, 240, 0
L -579, 659, -92, -576, 659, -89, 0, 240, 0
L -589, 659, -91, -579, 659, -92, 0, 240, 0
L -599, 660, -91, -589, 659, -91, 0, 240, 0
L -609, 660, -91, -599, 660, -91, 0, 240, 0
L -616, 660, -91, -609, 660, -91, 0, 240, 0
L -621, 660, -91, -616, 660, -91, 0, 240, 0
L -623, 659, -91, -621, 660, -91, 0, 240, 0
L -624, 657, -91, -623, 659, -91, 0, 240, 0
L -624, 656, -91, -624, 657, -91, 0, 240, 0
L -625, 654, -91, -624, 656, -91, 0, 240, 0
L -625, 653, -91, -625, 654, -91, 0, 240, 0
L -626, 651, -91, -625, 653, -91, 0, 240, 0
L -627, 648, -91, -626, 651, -91, 0, 240, 0
L -627, 647, -91, -627, 648, -91, 0, 240, 0
L -628, 643, -91, -627, 647, -91, 0, 240, 0
L -628, 641, -91, -628, 643, -91, 0, 240, 0
L -626, 641, -91, -628, 641, -91, 0, 240, 0
L -624, 642, -91, -626, 641, -91, 0, 240, 0
L -628, 642, -91, -624, 642, -91, 0, 240, 0
L -637, 644, -91, -628, 642, -91, 0, 240, 0
L -638, 644, -91, -637, 644, -91, 0, 240, 0
L -639, 642, -91, -638, 644, -91, 0, 240, 0
L -639, 641, -91, -639, 642, -91, 0, 240, 0
L -640, 639, -91, -639, 641, -91, 0, 240, 0
L -642, 639, -91, -640, 639, -91, 0, 240, 0
L -643, 638, -91, -642, 639, -91, 0, 240, 0
L -644, 636, -91, -643, 638, -91, 0, 240, 0
L -643, 635, -91, -644, 636, -91, 0, 240, 0
L -642, 634, -91, -643, 635, -91, 0, 240, 0
L -642, 612, -91, -642, 634, -91, 0, 240, 0
L -642, 610, -91, -642, 612, -91, 0, 240, 0
L -642, 607, -91, -642, 610, -91, 0, 240, 0
L -643, 605, -91, -642, 607, -91, 0, 240, 0
L -643, 597, -91, -643, 605, -91, 0, 240, 0
L -643, 595, -91, -643, 597, -91, 0, 240, 0
L -642, 581, -90, -643, 595, -91, 0, 240, 0
L -642, 579, -91, -642, 581, -90, 0, 240, 0
L -641, 577, -91, -642, 579, -91, 0, 240, 0
L -642, 547, -91, -641, 577, -91, 0, 240, 0
L -642, 545, -91, -642, 547, -91, 0, 240, 0
L -643, 539, -91, -642, 545, -91, 0, 240, 0
L -643, 537, -91, -643, 539, -91, 0, 240, 0
L -644, 535, -91, -643, 537, -91, 0, 240, 0
L -644, 533, -91, -644, 535, -91, 0, 240, 0
L -644, 531, -91, -644, 533, -91, 0, 240, 0
L -645, 529, -91, -644, 531, -91, 0, 240, 0
L -645, 528, -91, -645, 529, -91, 0, 240, 0
L -646, 526, -91, -645, 528, -91, 0, 240, 0
L -646, 525, -91, -646, 526, -91, 0, 240, 0
L -646, 524, -91, -646, 525, -91, 0, 240, 0
L -647, 523, -91, -646, 524, -91, 0, 240, 0
L -648, 522, -91, -647, 523, -91, 0, 240, 0
L -650, 521, -91, -648, 522, -91, 0, 240, 0
L -652, 521, -91, -650, 521, -91, 0, 240, 0
L -671, 520, -91, -652, 521, -91, 0, 240, 0
L -681, 520, -91, -671, 520, -91, 0, 240, 0
L -691, 519, -92, -681, 520, -91, 0, 240, 0
L -695, 519, -91, -691, 519, -92, 0, 240, 0
L -703, 520, -91, -695, 519, -91, 0, 240, 0
L -704, 520, -91, -703, 520, -91, 0, 240, 0
L -705, 517, -91, -704, 520, -91, 0, 240, 0
L -705, 516, -91, -705, 517, -91, 0, 240, 0
L -704, 508, -91, -705, 516, -91, 0, 240, 0
L -704, 506, -91, -704, 508, -91, 0, 240, 0
L -705, 455, -91, -704, 506, -91, 0, 240, 0
L -704, 454, -91, -705, 455, -91, 0, 240, 0
L -704, 434, -92, -704, 454, -91, 0, 240, 0
L -704, 432, -92, -704, 434, -92, 0, 240, 0
L -704, 421, -91, -704, 432, -92, 0, 240, 0
L -705, 420, -91, -704, 421, -91, 0, 240, 0
L -705, 418, -90, -705, 420, -91, 0, 240, 0
L -707, 419, -91, -705, 418, -90, 0, 240, 0
L -706, 421, -91, -707, 419, -91, 0, 240, 0
L -704, 421, -91, -706, 421, -91, 0, 240, 0
L -703, 421, -90, -704, 421, -91, 0, 240, 0
L -700, 421, -90, -703, 421, -90, 0, 240, 0
L -698, 421, -90, -700, 421, -90, 0, 240, 0
L -689, 422, -87, -698, 421, -90, 0, 240, 0
L -682, 421, -85, -689, 422, -87, 0, 240, 0
L -681, 421, -85, -682, 421, -85, 0, 240, 0
L -680, 420, -83, -681, 421, -85, 0, 240, 0
L -677, 419, -83, -680, 420, -83, 0, 240, 0
L -675, 419, -82, -677, 419, -83, 0, 240, 0
L -667, 419, -81, -675, 419, -82, 0, 240, 0
L -666, 419, -81, -667, 419, -81, 0, 240, 0
L -665, 420, -81, -666, 419, -81, 0, 240, 0
L -664, 421, -81, -665, 420, -81, 0, 240, 0
L -655, 421, -82, -664, 421, -81, 0, 240, 0
L -646, 421, -81, -655, 421, -82, 0, 240, 0
L -592, 357, -82, -592, 364, -81, 0, 240, 0
L -593, 356, -82, -592, 357, -82, 0, 240, 0
L -594, 356, -81, -593, 356, -82, 0, 240, 0
L -595, 357, -81, -594, 356, -81, 0, 240, 0
L -601, 347, -82, -595, 357, -81, 0, 240, 0
L -602, 345, -82, -601, 347, -82, 0, 240, 0
L -608, 344, -82, -602, 345, -82, 0, 240, 0
L -627, 346, -82, -608, 344, -82, 0, 240, 0
L -628, 346, -82, -627, 346, -82, 0, 240, 0
L -630, 345, -81, -628, 346, -82, 0, 240, 0
L -629, 343, -81, -630, 345, -81, 0, 240, 0
L -629, 340, -82, -629, 343, -81, 0, 240, 0
L -629, 339, -82, -629, 340, -82, 0, 240, 0
L -623, 338, -82, -629, 339, -82, 0, 240, 0
L -621, 338, -82, -623, 338, -82, 0, 240, 0
L -621, 322, -82, -621, 338, -82, 0, 240, 0
L -621, 321, -82, -621, 322, -82, 0, 240, 0
L -621, 319, -82, -621, 321, -82, 0, 240, 0
L -620, 317, -82, -621, 319, -82, 0, 240, 0
L -620, 316, -82, -620, 317, -82, 0, 240, 0
L -619, 314, -82, -620, 316, -82, 0, 240, 0
L -628, 313, -77, -619, 314, -82, 0, 240, 0
L -630, 313, -76, -628, 313, -77, 0, 240, 0
L -642, 313, -82, -630, 313, -76, 0, 240, 0
L -643, 313, -82, -642, 313, -82, 0, 240, 0
L -645, 313, -82, -643, 313, -82, 0, 240, 0
L -646, 314, -82, -645, 313, -82, 0, 240, 0
L -646, 316, -82, -646, 314, -82, 0, 240, 0
L -647, 331, -82, -646, 316, -82, 0, 240, 0
L -647, 333, -82, -647, 331, -82, 0, 240, 0
L -645, 333, -82, -647, 333, -82, 0, 240, 0
L -644, 334, -82, -645, 333, -82, 0, 240, 0
L -642, 334, -81, -644, 334, -82, 0, 240, 0
L -642, 337, -82, -642, 334, -81, 0, 240, 0
L -641, 339, -82, -642, 337, -82, 0, 240, 0
L -641, 342, -82, -641, 339, -82, 0, 240, 0
L -641, 343, -82, -641, 342, -82, 0, 240, 0
L -642, 345, -82, -641, 343, -82, 0, 240, 0
L -644, 344, -82, -642, 345, -82, 0, 240, 0
L -647, 343, -82, -644, 344, -82, 0, 240, 0
L -650, 344, -81, -647, 343, -82, 0, 240, 0
L -651, 344, -81, -650, 344, -81, 0, 240, 0
L -653, 344, -81, -651, 344, -81, 0, 240, 0
L -661, 343, -81, -653, 344, -81, 0, 240, 0
L -674, 344, -82, -661, 343, -81, 0, 240, 0
L -686, 344, -79, -674, 344, -82, 0, 240, 0
L -706, 344, -73, -686, 344, -79, 0, 240, 0
L -712, 344, -72, -706, 344, -73, 0, 240, 0
L -706, 344, -74, -712, 344, -72, 0, 240, 0
L -702, 343, -75, -706, 344, -74, 0, 240, 0
L -710, 356, -72, -709, 353, -72, 0, 240, 0
L -711, 358, -72, -710, 356, -72, 0, 240, 0
L -712, 361, -71, -711, 358, -72, 0, 240, 0
L -713, 362, -71, -712, 361, -71, 0, 240, 0
L -713, 363, -71, -713, 362, -71, 0, 240, 0
L -714, 364, -71, -713, 363, -71, 0, 240, 0
L -714, 365, -71, -714, 364, -71, 0, 240, 0
L -715, 358, -72, -714, 365, -71, 0, 240, 0
L -715, 356, -72, -715, 358, -72, 0, 240, 0
L -715, 349, -72, -715, 356, -72, 0, 240, 0
L -715, 347, -72, -715, 349, -72, 0, 240, 0
L -716, 340, -72, -715, 347, -72, 0, 240, 0
L -716, 338, -72, -716, 340, -72, 0, 240, 0
L -716, 330, -72, -716, 338, -72, 0, 240, 0
L -717, 328, -72, -716, 330, -72, 0, 240, 0
L -717, 320, -72, -717, 328, -72, 0, 240, 0
L -717, 318, -72, -717, 320, -72, 0, 240, 0
L -718, 312, -71, -717, 318, -72, 0, 240, 0
L -718, 310, -71, -718, 312, -71, 0, 240, 0
L -713, 306, -72, -718, 310, -71, 0, 240, 0
L -711, 305, -71, -713, 306, -72, 0, 240, 0
L -709, 305, -72, -711, 305, -71, 0, 240, 0
L -707, 305, -72, -709, 305, -72, 0, 240, 0
L -706, 306, -72, -707, 305, -72, 0, 240, 0
L -699, 306, -72, -706, 306, -72, 0, 240, 0
L -698, 306, -72, -699, 306, -72, 0, 240, 0
L -698, 304, -72, -698, 306, -72, 0, 240, 0
L -699, 302, -72, -698, 304, -72, 0, 240, 0
L -699, 300, -72, -699, 302, -72, 0, 240, 0
L -699, 299, -72, -699, 300, -72, 0, 240, 0
L -699, 297, -72, -699, 299, -72, 0, 240, 0
L -700, 294, -72, -699, 297, -72, 0, 240, 0
L -700, 292, -72, -700, 294, -72, 0, 240, 0
L -698, 292, -72, -700, 292, -72, 0, 240, 0
L -697, 291, -72, -698, 292, -72, 0, 240, 0
L -698, 292, -72, -697, 291, -72, 0, 240, 0
L -698, 288, -72, -698, 292, -72, 0, 240, 0
L -698, 286, -71, -698, 288, -72, 0, 240, 0
L -696, 287, -71, -698, 286, -71, 0, 240, 0
L -694, 288, -71, -696, 287, -71, 0, 240, 0
L -692, 288, -72, -694, 288, -71, 0, 240, 0
L -682, 289, -75, -692, 288, -72, 0, 240, 0
L -672, 289, -78, -682, 289, -75, 0, 240, 0
L -653, 288, -84, -672, 289, -78, 0, 240, 0
L -652, 288, -84, -653, 288, -84, 0, 240, 0
L -651, 289, -85, -652, 288, -84, 0, 240, 0
L -642, 288, -88, -651, 289, -85, 0, 240, 0
L -633, 288, -90, -642, 288, -88, 0, 240, 0
L -632, 288, -90, -633, 288, -90, 0, 240, 0
L -631, 288, -91, -632, 288, -90, 0, 240, 0
L -629, 289, -92, -631, 288, -91, 0, 240, 0
L -627, 289, -92, -629, 289, -92, 0, 240, 0
L -600, 287, -101, -627, 289, -92, 0, 240, 0
L -574, 285, -109, -600, 287, -101, 0, 240, 0
L -572, 284, -109, -574, 285, -109, 0, 240, 0
L -568, 287, -110, -572, 284, -109, 0, 240, 0
L -567, 288, -110, -568, 287, -110, 0, 240, 0
L -566, 289, -110, -567, 288, -110, 0, 240, 0
L -565, 290, -109, -566, 289, -110, 0, 240, 0
L -565, 292, -109, -565, 290, -109, 0, 240, 0
L -562, 294, -109, -565, 292, -109, 0, 240, 0
L -560, 296, -110, -562, 294, -109, 0, 240, 0
L -559, 297, -110, -560, 296, -110, 0, 240, 0
L -557, 298, -110, -559, 297, -110, 0, 240, 0
L -556, 300, -110, -557, 298, -110, 0, 240, 0
L -555, 301, -110, -556, 300, -110, 0, 240, 0
L -554, 303, -110, -555, 301, -110, 0, 240, 0
L -553, 304, -110, -554, 303, -110, 0, 240, 0
L -548, 313, -110, -553, 304, -110, 0, 240, 0
L -547, 315, -110, -548, 313, -110, 0, 240, 0
L -546, 316, -110, -547, 315, -110, 0, 240, 0
L -545, 318, -110, -546, 316, -110, 0, 240, 0
L -544, 320, -109, -545, 318, -110, 0, 240, 0
L -543, 321, -109, -544, 320, -109, 0, 240, 0
L -542, 322, -109, -543, 321, -109, 0, 240, 0
L -540, 324, -109, -542, 322, -109, 0, 240, 0
L -539, 325, -109, -540, 324, -109, 0, 240, 0
L -538, 326, -109, -539, 325, -109, 0, 240, 0
L -537, 327, -109, -538, 326, -109, 0, 240, 0
L -532, 330, -109, -537, 327, -109, 0, 240, 0
L -531, 331, -109, -532, 330, -109, 0, 240, 0
L -525, 333, -109, -531, 331, -109, 0, 240, 0
L -524, 334, -109, -525, 333, -109, 0, 240, 0
L -517, 336, -108, -524, 334, -109, 0, 240, 0
L -516, 337, -108, -517, 336, -108, 0, 240, 0
L -514, 336, -108, -516, 337, -108, 0, 240, 0
L -513, 334, -110, -514, 336, -108, 0, 240, 0
L -512, 331, -110, -513, 334, -110, 0, 240, 0
L -511, 329, -110, -512, 331, -110, 0, 240, 0
L -511, 327, -110, -511, 329, -110, 0, 240, 0
L -510, 326, -110, -511, 327, -110, 0, 240, 0
L -509, 324, -110, -510, 326, -110, 0, 240, 0
L -508, 322, -110, -509, 324, -110, 0, 240, 0
L -507, 321, -110, -508, 322, -110, 0, 240, 0
L -506, 320, -110, -507, 321, -110, 0, 240, 0
L -506, 319, -110, -506, 320, -110, 0, 240, 0
L -505, 318, -110, -506, 319, -110, 0, 240, 0
L -504, 317, -110, -505, 318, -110, 0, 240, 0
L -502, 314, -110, -504, 317, -110, 0, 240, 0
L -501, 313, -110, -502, 314, -110, 0, 240, 0
L -500, 311, -110, -501, 313, -110, 0, 240, 0
L -498, 313, -110, -500, 311, -110, 0, 240, 0
L -497, 314, -110, -498, 313, -110, 0, 240, 0
L -497, 315, -110, -497, 314, -110, 0, 240, 0
L -500, 319, -110, -497, 315, -110, 0, 240, 0
L -500, 320, -110, -500, 319, -110, 0, 240, 0
L -500, 322, -110, -500, 320, -110, 0, 240, 0
L -500, 321, -110, -500, 322, -110, 0, 240, 0
L -498, 320, -110, -500, 321, -110, 0, 240, 0
L -497, 320, -110, -498, 320, -110, 0, 240, 0
L -495, 320, -109, -497, 320, -110, 0, 240, 0
L -494, 320, -107, -495, 320, -109, 0, 240, 0
L -494, 323, -107, -494, 320, -107, 0, 240, 0
L -495, 324, -107, -494, 323, -107, 0, 240, 0
L -497, 333, -106, -495, 324, -107, 0, 240, 0
L -497, 334, -106, -497, 333, -106, 0, 240, 0
L -497, 335, -107, -497, 334, -106, 0, 240, 0
L -495, 335, -107, -497, 335, -107, 0, 240, 0
L -493, 335, -108, -495, 335, -107, 0, 240, 0
L -491, 335, -110, -493, 335, -108, 0, 240, 0
L -488, 334, -109, -491, 335, -110, 0, 240, 0
L -486, 333, -109, -488, 334, -109, 0, 240, 0
L -483, 332, -109, -486, 333, -109, 0, 240, 0
L -478, 330, -109, -483, 332, -109, 0, 240, 0
L -475, 329, -109, -478, 330, -109, 0, 240, 0
L -471, 327, -109, -475, 329, -109, 0, 240, 0
L -470, 326, -109, -471, 327, -109, 0, 240, 0
L -469, 325, -109, -470, 326, -109, 0, 240, 0
L -466, 323, -109, -469, 325, -109, 0, 240, 0
L -465, 322, -109, -466, 323, -109, 0, 240, 0
L -464, 321, -110, -465, 322, -109, 0, 240, 0
L -458, 315, -109, -464, 321, -110, 0, 240, 0
L -453, 309, -109, -458, 315, -109, 0, 240, 0
L -452, 308, -109, -453, 309, -109, 0, 240, 0
L -451, 306, -109, -452, 308, -109, 0, 240, 0
L -450, 305, -109, -451, 306, -109, 0, 240, 0
L -449, 304, -109, -450, 305, -109, 0, 240, 0
L -448, 302, -109, -449, 304, -109, 0, 240, 0
L -443, 294, -109, -448, 302, -109, 0, 240, 0
L -442, 292, -109, -443, 294, -109, 0, 240, 0
L -442, 291, -108, -442, 292, -109, 0, 240, 0
L -442, 289, -108, -442, 291, -108, 0, 240, 0
L -443, 288, -110, -442, 289, -108, 0, 240, 0
L -444, 286, -110, -443, 288, -110, 0, 240, 0
L -446, 285, -110, -444, 286, -110, 0, 240, 0
L -453, 282, -110, -446, 285, -110, 0, 240, 0
L -462, 279, -110, -453, 282, -110, 0, 240, 0
L -464, 279, -110, -462, 279, -110, 0, 240, 0
L -465, 278, -110, -464, 279, -110, 0, 240, 0
L -466, 277, -110, -465, 278, -110, 0, 240, 0
L -461, 273, -110, -466, 277, -110, 0, 240, 0
L -460, 273, -110, -461, 273, -110, 0, 240, 0
L -459, 272, -110, -460, 273, -110, 0, 240, 0
L -458, 272, -110, -459, 272, -110, 0, 240, 0
L -456, 271, -110, -458, 272, -110, 0, 240, 0
L -455, 270, -110, -456, 271, -110, 0, 240, 0
L -453, 270, -110, -455, 270, -110, 0, 240, 0
L -453, 266, -110, -453, 270, -110, 0, 240, 0
L -453, 265, -109, -453, 266, -110, 0, 240, 0
L -454, 263, -107, -453, 265, -109, 0, 240, 0
L -446, 268, -106, -454, 263, -107, 0, 240, 0
L -445, 269, -106, -446, 268, -106, 0, 240, 0
L -443, 269, -107, -445, 269, -106, 0, 240, 0
L -443, 267, -107, -443, 269, -107, 0, 240, 0
L -443, 262, -108, -443, 267, -107, 0, 240, 0
L -443, 261, -108, -443, 262, -108, 0, 240, 0
L -444, 259, -109, -443, 261, -108, 0, 240, 0
L -444, 257, -109, -444, 259, -109, 0, 240, 0
L -445, 255, -109, -444, 257, -109, 0, 240, 0
L -446, 254, -109, -445, 255, -109, 0, 240, 0
L -447, 252, -109, -446, 254, -109, 0, 240, 0
L -448, 249, -109, -447, 252, -109, 0, 240, 0
L -450, 246, -109, -448, 249, -109, 0, 240, 0
L -450, 244, -109, -450, 246, -109, 0, 240, 0
L -452, 242, -109, -450, 244, -109, 0, 240, 0
L -452, 241, -109, -452, 242, -109, 0, 240, 0
L -453, 239, -109, -452, 241, -109, 0, 240, 0
L -455, 237, -109, -453, 239, -109, 0, 240, 0
L -456, 236, -109, -455, 237, -109, 0, 240, 0
L -457, 234, -109, -456, 236, -109, 0, 240, 0
L -459, 233, -109, -457, 234, -109, 0, 240, 0
L -460, 232, -109, -459, 233, -109, 0, 240, 0
L -462, 230, -109, -460, 232, -109, 0, 240, 0
L -465, 228, -109, -462, 230, -109, 0, 240, 0
L -468, 226, -109, -465, 228, -109, 0, 240, 0
L -470, 224, -109, -468, 226, -109, 0, 240, 0
L -473, 223, -109, -470, 224, -109, 0, 240, 0
L -475, 222, -109, -473, 223, -109, 0, 240, 0
L -484, 218, -109, -475, 222, -109, 0, 240, 0
L -492, 214, -107, -484, 218, -109, 0, 240, 0
L -493, 214, -107, -492, 214, -107, 0, 240, 0
L -494, 216, -110, -493, 214, -107, 0, 240, 0
L -495, 217, -110, -494, 216, -110, 0, 240, 0
L -495, 219, -110, -495, 217, -110, 0, 240, 0
L -495, 221, -110, -495, 219, -110, 0, 240, 0
L -495, 223, -110, -495, 221, -110, 0, 240, 0
L -496, 225, -110, -495, 223, -110, 0, 240, 0
L -496, 226, -110, -496, 225, -110, 0, 240, 0
L -496, 228, -110, -496, 226, -110, 0, 240, 0
L -497, 230, -110, -496, 228, -110, 0, 240, 0
L -500, 232, -110, -497, 230, -110, 0, 240, 0
L -501, 233, -110, -500, 232, -110, 0, 240, 0
L -503, 235, -110, -501, 233, -110, 0, 240, 0
L -505, 235, -110, -503, 235, -110, 0, 240, 0
L -506, 232, -110, -505, 235, -110, 0, 240, 0
L -507, 231, -110, -506, 232, -110, 0, 240, 0
L -507, 229, -110, -507, 231, -110, 0, 240, 0
L -508, 228, -110, -507, 229, -110, 0, 240, 0
L -509, 226, -110, -508, 228, -110, 0, 240, 0
L -510, 226, -110, -509, 226, -110, 0, 240, 0
L -512, 225, -110, -510, 226, -110, 0, 240, 0
L -510, 222, -110, -512, 225, -110, 0, 240, 0
L -509, 221, -110, -510, 222, -110, 0, 240, 0
L -509, 219, -110, -509, 221, -110, 0, 240, 0
L -509, 217, -110, -509, 219, -110, 0, 240, 0
L -512, 217, -110, -509, 217, -110, 0, 240, 0
L -516, 217, -110, -512, 217, -110, 0, 240, 0
L -518, 217, -110, -516, 217, -110, 0, 240, 0
L -520, 218, -110, -518, 217, -110, 0, 240, 0
L -522, 219, -109, -520, 218, -110, 0, 240, 0
L -525, 220, -110, -522, 219, -109, 0, 240, 0
L -527, 221, -109, -525, 220, -110, 0, 240, 0
L -531, 223, -109, -527, 221, -109, 0, 240, 0
L -532, 224, -109, -531, 223, -109, 0, 240, 0
L -536, 226, -110, -532, 224, -109, 0, 240, 0
L -537, 227, -110, -536, 226, -110, 0, 240, 0
L -539, 228, -109, -537, 227, -110, 0, 240, 0
L -540, 229, -109, -539, 228, -109, 0, 240, 0
L -542, 230, -110, -540, 229, -109, 0, 240, 0
L -543, 232, -110, -542, 230, -110, 0, 240, 0
L -545, 233, -110, -543, 232, -110, 0, 240, 0
L -546, 235, -109, -545, 233, -110, 0, 240, 0
L -549, 238, -110, -546, 235, -109, 0, 240, 0
L -550, 239, -110, -549, 238, -110, 0, 240, 0
L -555, 245, -109, -550, 239, -110, 0, 240, 0
L -557, 248, -109, -555, 245, -109, 0, 240, 0
L -558, 250, -109, -557, 248, -109, 0, 240, 0
L -559, 251, -109, -558, 250, -109, 0, 240, 0
L -560, 253, -109, -559, 251, -109, 0, 240, 0
L -561, 255, -109, -560, 253, -109, 0, 240, 0
L -562, 256, -109, -561, 255, -109, 0, 240, 0
L -563, 258, -109, -562, 256, -109, 0, 240, 0
L -563, 259, -110, -563, 258, -109, 0, 240, 0
L -564, 261, -110, -563, 259, -110, 0, 240, 0
L -564, 263, -111, -564, 261, -110, 0, 240, 0
L -566, 264, -109, -564, 263, -111, 0, 240, 0
L -568, 263, -109, -566, 264, -109, 0, 240, 0
L -570, 262, -110, -568, 263, -109, 0, 240, 0
L -572, 263, -109, -570, 262, -110, 0, 240, 0
L -580, 266, -106, -572, 263, -109, 0, 240, 0
L -582, 267, -106, -580, 266, -106, 0, 240, 0
L -584, 267, -105, -582, 267, -106, 0, 240, 0
L -584, 265, -105, -584, 267, -105, 0, 240, 0
L -585, 264, -104, -584, 265, -105, 0, 240, 0
L -590, 265, -103, -585, 264, -104, 0, 240, 0
L -593, 266, -101, -590, 265, -103, 0, 240, 0
L -594, 266, -100, -593, 266, -101, 0, 240, 0
L -618, 265, -94, -594, 266, -100, 0, 240, 0
L -638, 264, -88, -618, 265, -94, 0, 240, 0
L -646, 264, -85, -638, 264, -88, 0, 240, 0
L -656, 263, -82, -646, 264, -85, 0, 240, 0
L -666, 262, -79, -656, 263, -82, 0, 240, 0
L -668, 262, -78, -666, 262, -79, 0, 240, 0
L -687, 262, -73, -668, 262, -78, 0, 240, 0
L -696, 262, -72, -687, 262, -73, 0, 240, 0
L -698, 262, -71, -696, 262, -72, 0, 240, 0
L -698, 257, -72, -698, 262, -71, 0, 240, 0
L -698, 255, -72, -698, 257, -72, 0, 240, 0
L -696, 255, -72, -698, 255, -72, 0, 240, 0
L -696, 246, -72, -696, 255, -72, 0, 240, 0
L -696, 245, -72, -696, 246, -72, 0, 240, 0
L -703, 245, -72, -696, 245, -72, 0, 240, 0
L -712, 247, -72, -703, 245, -72, 0, 240, 0
L -714, 247, -72, -712, 247, -72, 0, 240, 0
L -714, 249, -72, -714, 247, -72, 0, 240, 0
L -714, 250, -72, -714, 249, -72, 0, 240, 0
L -713, 252, -72, -714, 250, -72, 0, 240, 0
L -713, 253, -72, -713, 252, -72, 0, 240, 0
L -713, 254, -72, -713, 253, -72, 0, 240, 0
L -713, 251, -72, -713, 254, -72, 0, 240, 0
L -714, 249, -72, -713, 251, -72, 0, 240, 0
L -714, 247, -72, -714, 249, -72, 0, 240, 0
L -714, 242, -72, -714, 247, -72, 0, 240, 0
L -714, 241, -71, -714, 242, -72, 0, 240, 0
L -714, 239, -72, -714, 241, -71, 0, 240, 0
L -713, 238, -72, -714, 239, -72, 0, 240, 0
L -710, 238, -72, -713, 238, -72, 0, 240, 0
L -705, 238, -74, -710, 238, -72, 0, 240, 0
L -703, 238, -74, -705, 238, -74, 0, 240, 0
L -699, 237, -76, -703, 238, -74, 0, 240, 0
L -690, 236, -79, -699, 237, -76, 0, 240, 0
L -680, 234, -81, -690, 236, -79, 0, 240, 0
L -670, 233, -82, -680, 234, -81, 0, 240, 0
L -656, 232, -82, -670, 233, -82, 0, 240, 0
L -654, 231, -82, -656, 232, -82, 0, 240, 0
L -654, 229, -82, -654, 231, -82, 0, 240, 0
L -653, 228, -82, -654, 229, -82, 0, 240, 0
L -652, 228, -82, -653, 228, -82, 0, 240, 0
L -652, 217, -81, -652, 228, -82, 0, 240, 0
L -652, 216, -81, -652, 217, -81, 0, 240, 0
L -651, 216, -81, -652, 216, -81, 0, 240, 0
L -651, 211, -81, -651, 216, -81, 0, 240, 0
L -671, 210, -81, -672, 211, -81, 0, 240, 0
L -672, 211, -81, -671, 210, -81, 0, 240, 0
L -681, 211, -80, -672, 211, -81, 0, 240, 0
L -706, 211, -73, -681, 211, -80, 0, 240, 0
L -710, 211, -71, -706, 211, -73, 0, 240, 0
L -712, 211, -72, -710, 211, -71, 0, 240, 0
L -714, 211, -72, -712, 211, -72, 0, 240, 0
L -715, 211, -72, -714, 211, -72, 0, 240, 0
L -717, 211, -72, -715, 211, -72, 0, 240, 0
L -736, 216, -72, -717, 211, -72, 0, 240, 0
L -736, 216, -72, -736, 216, -72, 0, 240, 0
L -736, 225, -72, -736, 216, -72, 0, 240, 0
L -736, 227, -72, -736, 225, -72, 0, 240, 0
L -736, 229, -72, -736, 227, -72, 0, 240, 0
L -734, 240, -72, -736, 229, -72, 0, 240, 0
L -734, 242, -72, -734, 240, -72, 0, 240, 0
L -733, 243, -72, -734, 242, -72, 0, 240, 0
L -733, 245, -71, -733, 243, -72, 0, 240, 0
L -742, 245, -72, -733, 245, -71, 0, 240, 0
L -748, 245, -72, -742, 245, -72, 0, 240, 0
L -756, 244, -72, -748, 245, -72, 0, 240, 0
L -758, 244, -72, -756, 244, -72, 0, 240, 0
L -758, 249, -72, -758, 244, -72, 0, 240, 0
L -758, 251, -72, -758, 249, -72, 0, 240, 0
L -757, 278, -72, -758, 251, -72, 0, 240, 0
L -757, 280, -72, -757, 278, -72, 0, 240, 0
L -757, 291, -72, -757, 280, -72, 0, 240, 0
L -757, 293, -72, -757, 291, -72, 0, 240, 0
L -758, 297, -72, -757, 293, -72, 0, 240, 0
L -758, 299, -72, -758, 297, -72, 0, 240, 0
L -759, 300, -72, -758, 299, -72, 0, 240, 0
L -759, 302, -72, -759, 300, -72, 0, 240, 0
L -759, 304, -72, -759, 302, -72, 0, 240, 0
L -754, 304, -72, -759, 304, -72, 0, 240, 0
L -745, 304, -72, -754, 304, -72, 0, 240, 0
L -744, 304, -72, -745, 304, -72, 0, 240, 0
L -744, 305, -71, -744, 304, -72, 0, 240, 0
L -741, 306, -72, -744, 305, -71, 0, 240, 0
L -739, 306, -72, -741, 306, -72, 0, 240, 0
L -738, 307, -71, -739, 306, -72, 0, 240, 0
L -739, 309, -71, -738, 307, -71, 0, 240, 0
L -740, 310, -71, -739, 309, -71, 0, 240, 0
L -741, 311, -72, -740, 310, -71, 0, 240, 0
L -741, 317, -72, -741, 311, -72, 0, 240, 0
L -741, 318, -72, -741, 317, -72, 0, 240, 0
L -740, 322, -72, -741, 318, -72, 0, 240, 0
L -740, 324, -72, -740, 322, -72, 0, 240, 0
L -740, 338, -72, -740, 324, -72, 0, 240, 0
L -740, 340, -72, -740, 338, -72, 0, 240, 0
L -740, 350, -72, -740, 340, -72, 0, 240, 0
L -740, 352, -72, -740, 350, -72, 0, 240, 0
L -740, 353, -72, -740, 352, -72, 0, 240, 0
L -739, 355, -72, -740, 353, -72, 0, 240, 0
L -740, 356, -72, -739, 355, -72, 0, 240, 0
L -738, 358, -72, -740, 356, -72, 0, 240, 0
L -737, 359, -72, -738, 358, -72, 0, 240, 0
L -736, 360, -72, -737, 359, -72, 0, 240, 0
L -733, 362, -72, -736, 360, -72, 0, 240, 0
L -728, 365, -72, -733, 362, -72, 0, 240, 0
L -727, 366, -72, -728, 365, -72, 0, 240, 0
L -725, 367, -72, -727, 366, -72, 0, 240, 0
L -723, 367, -72, -725, 367, -72, 0, 240, 0
L -722, 368, -72, -723, 367, -72, 0, 240, 0
L -713, 370, -71, -722, 368, -72, 0, 240, 0
L -712, 370, -72, -713, 370, -71, 0, 240, 0
L -710, 370, -73, -712, 370, -72, 0, 240, 0
L -702, 370, -75, -710, 370, -73, 0, 240, 0
L -692, 370, -79, -702, 370, -75, 0, 240, 0
L -683, 370, -81, -692, 370, -79, 0, 240, 0
L -674, 370, -81, -683, 370, -81, 0, 240, 0
L -664, 370, -81, -674, 370, -81, 0, 240, 0
L -651, 370, -82, -664, 370, -81, 0, 240, 0
L -641, 369, -81, -651, 370, -82, 0, 240, 0
L -631, 370, -81, -641, 369, -81, 0, 240, 0
L -623, 370, -82, -631, 370, -81, 0, 240, 0
L -621, 370, -81, -623, 370, -82, 0, 240, 0
L -619, 371, -81, -621, 370, -81, 0, 240, 0
L -633, 425, -81, -635, 421, -81, 0, 240, 0
L -632, 425, -81, -633, 425, -81, 0, 240, 0
L -633, 427, -81, -632, 425, -81, 0, 240, 0
L -635, 428, -81, -633, 427, -81, 0, 240, 0
L -636, 429, -81, -635, 428, -81, 0, 240, 0
L -636, 439, -81, -636, 429, -81, 0, 240, 0
L -636, 440, -80, -636, 439, -81, 0, 240, 0
L -626, 439, -81, -636, 440, -80, 0, 240, 0
L -616, 438, -81, -626, 439, -81, 0, 240, 0
L -606, 438, -81, -616, 438, -81, 0, 240, 0
L -599, 437, -81, -606, 438, -81, 0, 240, 0
L -590, 437, -81, -599, 437, -81, 0, 240, 0
L -588, 437, -80, -590, 437, -81, 0, 240, 0
L -588, 439, -80, -588, 437, -80, 0, 240, 0
L -588, 441, -80, -588, 439, -80, 0, 240, 0
L -586, 441, -80, -588, 441, -80, 0, 240, 0
L -584, 441, -80, -586, 441, -80, 0, 240, 0
L -582, 440, -81, -584, 441, -80, 0, 240, 0
L -583, 438, -81, -582, 440, -81, 0, 240, 0
L -581, 435, -81, -583, 438, -81, 0, 240, 0
L -579, 434, -81, -581, 435, -81, 0, 240, 0
L -578, 433, -81, -579, 434, -81, 0, 240, 0
L -578, 431, -81, -578, 433, -81, 0, 240, 0
L -577, 429, -81, -578, 431, -81, 0, 240, 0
L -576, 428, -81, -577, 429, -81, 0, 240, 0
L -576, 427, -81, -576, 428, -81, 0, 240, 0
L -575, 425, -81, -576, 427, -81, 0, 240, 0
L -575, 420, -82, -575, 425, -81, 0, 240, 0
L -575, 419, -82, -575, 420, -82, 0, 240, 0
L -577, 419, -82, -575, 419, -82, 0, 240, 0
L -578, 419, -81, -577, 419, -82, 0, 240, 0
L -579, 420, -82, -578, 419, -81, 0, 240, 0
L -570, 420, -81, -579, 420, -82, 0, 240, 0
L -540, 421, -81, -570, 420, -81, 0, 240, 0
L -539, 421, -81, -540, 421, -81, 0, 240, 0
L -538, 422, -81, -539, 421, -81, 0, 240, 0
L -528, 422, -81, -538, 422, -81, 0, 240, 0
L -510, 421, -81, -528, 422, -81, 0, 240, 0
L -509, 421, -81, -510, 421, -81, 0, 240, 0
L -508, 422, -81, -509, 421, -81, 0, 240, 0
L -503, 422, -81, -508, 422, -81, 0, 240, 0
L -493, 422, -81, -503, 422, -81, 0, 240, 0
L -484, 422, -82, -493, 422, -81, 0, 240, 0
L -482, 422, -82, -484, 422, -82, 0, 240, 0
L -477, 422, -81, -482, 422, -82, 0, 240, 0
L -469, 422, -81, -477, 422, -81, 0, 240, 0
L -460, 422, -81, -469, 422, -81, 0, 240, 0
L -458, 422, -81, -460, 422, -81, 0, 240, 0
L -443, 419, -82, -458, 422, -81, 0, 240, 0
L -441, 418, -82, -443, 419, -82, 0, 240, 0
L -447, 419, -80, -441, 418, -82, 0, 240, 0
L -456, 420, -81, -447, 419, -80, 0, 240, 0
L -466, 421, -81, -456, 420, -81, 0, 240, 0
L -475, 421, -82, -466, 421, -81, 0, 240, 0
L -466, 421, -81, -475, 421, -82, 0, 240, 0
L -453, 421, -82, -466, 421, -81, 0, 240, 0
L -451, 421, -82, -453, 421, -82, 0, 240, 0
L -447, 422, -81, -451, 421, -82, 0, 240, 0
L -442, 422, -81, -447, 422, -81, 0, 240, 0
L -440, 422, -81, -442, 422, -81, 0, 240, 0
L -437, 421, -81, -440, 422, -81, 0, 240, 0
L -435, 421, -80, -437, 421, -81, 0, 240, 0
L -433, 420, -79, -435, 421, -80, 0, 240, 0
L -432, 422, -80, -433, 420, -79, 0, 240, 0
L -431, 423, -79, -432, 422, -80, 0, 240, 0
L -431, 420, -76, -431, 423, -79, 0, 240, 0
L -431, 418, -74, -431, 420, -76, 0, 240, 0
L -431, 403, -77, -431, 418, -74, 0, 240, 0
L -431, 402, -78, -431, 403, -77, 0, 240, 0
L -432, 400, -78, -431, 402, -78, 0, 240, 0
L -433, 397, -80, -432, 400, -78, 0, 240, 0
L -434, 396, -80, -433, 397, -80, 0, 240, 0
L -435, 395, -80, -434, 396, -80, 0, 240, 0
L -445, 395, -82, -435, 395, -80, 0, 240, 0
L -446, 395, -81, -445, 395, -82, 0, 240, 0
L -447, 395, -81, -446, 395, -81, 0, 240, 0
L -452, 395, -82, -447, 395, -81, 0, 240, 0
L -453, 395, -82, -452, 395, -82, 0, 240, 0
L -454, 395, -82, -453, 395, -82, 0, 240, 0
L -456, 395, -82, -454, 395, -82, 0, 240, 0
L -458, 395, -82, -456, 395, -82, 0, 240, 0
L -468, 395, -82, -458, 395, -82, 0, 240, 0
L -477, 395, -81, -468, 395, -82, 0, 240, 0
L -479, 395, -81, -477, 395, -81, 0, 240, 0
L -480, 395, -81, -479, 395, -81, 0, 240, 0
L -482, 395, -81, -480, 395, -81, 0, 240, 0
L -489, 395, -82, -482, 395, -81, 0, 240, 0
L -490, 395, -82, -489, 395, -82, 0, 240, 0
L -500, 395, -82, -490, 395, -82, 0, 240, 0
L -514, 396, -82, -500, 395, -82, 0, 240, 0
L -542, 396, -81, -514, 396, -82, 0, 240, 0
L -551, 397, -82, -542, 396, -81, 0, 240, 0
L -561, 397, -82, -551, 397, -82, 0, 240, 0
L -570, 398, -81, -561, 397, -82, 0, 240, 0
L -571, 398, -81, -570, 398, -81, 0, 240, 0
L -572, 400, -81, -571, 398, -81, 0, 240, 0
L -572, 402, -81, -572, 400, -81, 0, 240, 0
L -573, 399, -81, -572, 402, -81, 0, 240, 0
L -574, 397, -81, -573, 399, -81, 0, 240, 0
L -574, 396, -81, -574, 397, -81, 0, 240, 0
L -575, 394, -81, -574, 396, -81, 0, 240, 0
L -575, 392, -81, -575, 394, -81, 0, 240, 0
L -575, 384, -81, -575, 392, -81, 0, 240, 0
L -575, 382, -81, -575, 384, -81, 0, 240, 0
L -575, 380, -81, -575, 382, -81, 0, 240, 0
L -574, 379, -81, -575, 380, -81, 0, 240, 0
L -574, 378, -81, -574, 379, -81, 0, 240, 0
L -576, 378, -81, -574, 378, -81, 0, 240, 0
L -585, 379, -81, -576, 378, -81, 0, 240, 0
L -587, 380, -81, -585, 379, -81, 0, 240, 0
L -589, 380, -81, -587, 380, -81, 0, 240, 0
L -589, 378, -81, -589, 380, -81, 0, 240, 0
L -590, 377, -81, -589, 378, -81, 0, 240, 0
L -591, 376, -82, -590, 377, -81, 0, 240, 0
L -592, 370, -81, -591, 376, -82, 0, 240, 0
L -592, 368, -81, -592, 370, -81, 0, 240, 0
L -593, 364, -81, -592, 368, -81, 0, 240, 0
L -593, 362, -81, -593, 364, -81, 0, 240, 0
L -594, 360, -81, -593, 362, -81, 0, 240, 0
L -594, 359, -81, -594, 360, -81, 0, 240, 0
L -595, 356, -82, -594, 359, -81, 0, 240, 0
L -595, 355, -82, -595, 356, -82, 0, 240, 0
L -595, 353, -82, -595, 355, -82, 0, 240, 0
L -596, 351, -82, -595, 353, -82, 0, 240, 0
L -596, 350, -82, -596, 351, -82, 0, 240, 0
L -597, 348, -82, -596, 350, -82, 0, 240, 0
L -598, 347, -82, -597, 348, -82, 0, 240, 0
L -600, 346, -82, -598, 347, -82, 0, 240, 0
L -601, 346, -82, -600, 346, -82, 0, 240, 0
L -602, 345, -82, -601, 346, -82, 0, 240, 0
L -604, 345, -82, -602, 345, -82, 0, 240, 0
L -606, 345, -82, -604, 345, -82, 0, 240, 0
L -607, 344, -82, -606, 345, -82, 0, 240, 0
L -612, 345, -82, -607, 344, -82, 0, 240, 0
L -614, 344, -81, -612, 345, -82, 0, 240, 0
L -614, 346, -81, -614, 344, -81, 0, 240, 0
L -615, 348, -81, -614, 346, -81, 0, 240, 0
L -615, 350, -81, -615, 348, -81, 0, 240, 0
L -615, 352, -81, -615, 350, -81, 0, 240, 0
L -616, 356, -82, -615, 352, -81, 0, 240, 0
L -616, 358, -82, -616, 356, -82, 0, 240, 0
L -616, 362, -81, -616, 358, -82, 0, 240, 0
L -616, 364, -81, -616, 362, -81, 0, 240, 0
L -617, 366, -81, -616, 364, -81, 0, 240, 0
L -617, 367, -81, -617, 366, -81, 0, 240, 0
L -617, 369, -81, -617, 367, -81, 0, 240, 0
L -618, 371, -82, -617, 369, -81, 0, 240, 0
L -618, 372, -81, -618, 371, -82, 0, 240, 0
L -618, 373, -81, -618, 372, -81, 0, 240, 0
L -618, 374, -81, -618, 373, -81, 0, 240, 0
L -619, 376, -81, -618, 374, -81, 0, 240, 0
L -620, 377, -81, -619, 376, -81, 0, 240, 0
L -622, 378, -81, -620, 377, -81, 0, 240, 0
L -623, 378, -81, -622, 378, -81, 0, 240, 0
L -624, 379, -81, -623, 378, -81, 0, 240, 0
L -625, 377, -81, -624, 379, -81, 0, 240, 0
L -627, 377, -81, -625, 377, -81, 0, 240, 0
L -628, 392, -82, -627, 377, -81, 0, 240, 0
L -628, 394, -82, -628, 392, -82, 0, 240, 0
L -630, 394, -81, -628, 394, -82, 0, 240, 0
L -635, 395, -82, -630, 394, -81, 0, 240, 0
L -637, 396, -82, -635, 395, -82, 0, 240, 0
L -638, 396, -81, -637, 396, -82, 0, 240, 0
L -639, 396, -81, -638, 396, -81, 0, 240, 0
L -641, 395, -82, -639, 396, -81, 0, 240, 0
L -647, 395, -81, -641, 395, -82, 0, 240, 0
L -676, 399, -83, -647, 395, -81, 0, 240, 0
L -677, 399, -82, -676, 399, -83, 0, 240, 0
L -677, 396, -83, -677, 399, -82, 0, 240, 0
L -677, 394, -83, -677, 396, -83, 0, 240, 0
L -681, 394, -85, -677, 394, -83, 0, 240, 0
L -691, 394, -88, -681, 394, -85, 0, 240, 0
L -699, 395, -90, -691, 394, -88, 0, 240, 0
L -701, 395, -90, -699, 395, -90, 0, 240, 0
L -703, 394, -91, -701, 395, -90, 0, 240, 0
L -711, 395, -91, -703, 394, -91, 0, 240, 0
L -719, 396, -91, -711, 395, -91, 0, 240, 0
L -721, 396, -91, -719, 396, -91, 0, 240, 0
L -724, 398, -91, -721, 396, -91, 0, 240, 0
L -725, 400, -91, -724, 398, -91, 0, 240, 0
L -726, 401, -91, -725, 400, -91, 0, 240, 0
L -727, 403, -91, -726, 401, -91, 0, 240, 0
L -728, 405, -91, -727, 403, -91, 0, 240, 0
L -728, 406, -91, -728, 405, -91, 0, 240, 0
L -729, 409, -91, -728, 406, -91, 0, 240, 0
L -729, 411, -91, -729, 409, -91, 0, 240, 0
L -729, 412, -91, -729, 411, -91, 0, 240, 0
L -729, 416, -91, -729, 412, -91, 0, 240, 0
L -730, 418, -91, -729, 416, -91, 0, 240, 0
L -730, 422, -91, -730, 418, -91, 0, 240, 0
L -730, 424, -91, -730, 422, -91, 0, 240, 0
L -731, 427, -91, -730, 424, -91, 0, 240, 0
L -731, 429, -91, -731, 427, -91, 0, 240, 0
L -731, 437, -91, -731, 429, -91, 0, 240, 0
L -731, 438, -91, -731, 437, -91, 0, 240, 0
L -731, 443, -91, -731, 438, -91, 0, 240, 0
L -730, 445, -91, -731, 443, -91, 0, 240, 0
L -730, 449, -91, -730, 445, -91, 0, 240, 0
L -730, 451, -91, -730, 449, -91, 0, 240, 0
L -729, 455, -91, -730, 451, -91, 0, 240, 0
L -729, 457, -91, -729, 455, -91, 0, 240, 0
L -728, 460, -91, -729, 457, -91, 0, 240, 0
L -728, 462, -91, -728, 460, -91, 0, 240, 0
L -728, 466, -91, -728, 462, -91, 0, 240, 0
L -728, 468, -91, -728, 466, -91, 0, 240, 0
L -727, 471, -91, -728, 468, -91, 0, 240, 0
L -727, 473, -91, -727, 471, -91, 0, 240, 0
L -730, 473, -91, -727, 473, -91, 0, 240, 0
L -731, 473, -91, -730, 473, -91, 0, 240, 0
L -731, 493, -91, -731, 473, -91, 0, 240, 0
L -731, 495, -91, -731, 493, -91, 0, 240, 0
L -730, 498, -91, -731, 495, -91, 0, 240, 0
L -730, 501, -91, -730, 498, -91, 0, 240, 0
L -730, 504, -91, -730, 501, -91, 0, 240, 0
L -730, 506, -91, -730, 504, -91, 0, 240, 0
L -729, 510, -91, -730, 506, -91, 0, 240, 0
L -729, 512, -91, -729, 510, -91, 0, 240, 0
L -729, 516, -91, -729, 512, -91, 0, 240, 0
L -729, 518, -91, -729, 516, -91, 0, 240, 0
L -728, 522, -91, -729, 518, -91, 0, 240, 0
L -728, 524, -91, -728, 522, -91, 0, 240, 0
L -728, 528, -91, -728, 524, -91, 0, 240, 0
L -727, 529, -91, -728, 528, -91, 0, 240, 0
L -727, 533, -91, -727, 529, -91, 0, 240, 0
L -727, 535, -91, -727, 533, -91, 0, 240, 0
L -727, 538, -91, -727, 535, -91, 0, 240, 0
L -726, 540, -91, -727, 538, -91, 0, 240, 0
L -723, 541, -91, -726, 540, -91, 0, 240, 0
L -721, 542, -91, -723, 541, -91, 0, 240, 0
L -718, 543, -91, -721, 542, -91, 0, 240, 0
L -716, 543, -91, -718, 543, -91, 0, 240, 0
L -706, 544, -91, -716, 543, -91, 0, 240, 0
L -693, 543, -91, -706, 544, -91, 0, 240, 0
L -685, 543, -91, -693, 543, -91, 0, 240, 0
L -677, 543, -91, -685, 543, -91, 0, 240, 0
L -670, 543, -91, -677, 543, -91, 0, 240, 0
L -669, 544, -91, -670, 543, -91, 0, 240, 0
L -668, 548, -91, -669, 544, -91, 0, 240, 0
L -668, 549, -91, -668, 548, -91, 0, 240, 0
L -668, 553, -91, -668, 549, -91, 0, 240, 0
L -668, 555, -91, -668, 553, -91, 0, 240, 0
L -668, 559, -91, -668, 555, -91, 0, 240, 0
L -667, 560, -91, -668, 559, -91, 0, 240, 0
L -667, 634, -91, -667, 560, -91, 0, 240, 0
L -667, 636, -91, -667, 634, -91, 0, 240, 0
L -668, 638, -91, -667, 636, -91, 0, 240, 0
L -669, 640, -91, -668, 638, -91, 0, 240, 0
L -670, 641, -91, -669, 640, -91, 0, 240, 0
L -675, 641, -91, -670, 641, -91, 0, 240, 0
L -677, 641, -91, -675, 641, -91, 0, 240, 0
L -679, 641, -91, -677, 641, -91, 0, 240, 0
L -683, 639, -91, -679, 641, -91, 0, 240, 0
L -685, 639, -91, -683, 639, -91, 0, 240, 0
L -685, 652, -91, -685, 639, -91, 0, 240, 0
L -685, 654, -91, -685, 652, -91, 0, 240, 0
L -685, 658, -91, -685, 654, -91, 0, 240, 0
L -686, 658, -91, -685, 658, -91, 0, 240, 0
L -688, 657, -91, -686, 658, -91, 0, 240, 0
L -690, 657, -91, -688, 657, -91, 0, 240, 0
L -694, 658, -91, -690, 657, -91, 0, 240, 0
L -696, 658, -91, -694, 658, -91, 0, 240, 0
L -707, 660, -91, -696, 658, -91, 0, 240, 0
L -717, 661, -91, -707, 660, -91, 0, 240, 0
L -725, 662, -91, -717, 661, -91, 0, 240, 0
L -726, 662, -91, -725, 662, -91, 0, 240, 0
L -727, 662, -91, -726, 662, -91, 0, 240, 0
L -727, 660, -91, -727, 662, -91, 0, 240, 0
L -731, 660, -92, -727, 660, -91, 0, 240, 0
L -740, 660, -90, -731, 660, -92, 0, 240, 0
L -752, 660, -87, -740, 660, -90, 0, 240, 0
L -764, 661, -84, -752, 660, -87, 0, 240, 0
L -773, 661, -81, -764, 661, -84, 0, 240, 0
L -774, 660, -81, -773, 661, -81, 0, 240, 0
L -775, 659, -81, -774, 660, -81, 0, 240, 0
L -776, 658, -81, -775, 659, -81, 0, 240, 0
L -776, 657, -81, -776, 658, -81, 0, 240, 0
L -777, 655, -81, -776, 657, -81, 0, 240, 0
L -778, 654, -82, -777, 655, -81, 0, 240, 0
L -778, 653, -82, -778, 654, -82, 0, 240, 0
L -777, 652, -81, -778, 653, -82, 0, 240, 0
L -776, 651, -81, -777, 652, -81, 0, 240, 0
L -776, 617, -78, -776, 651, -81, 0, 240, 0
L -776, 615, -77, -776, 617, -78, 0, 240, 0
L -776, 612, -76, -776, 615, -77, 0, 240, 0
L -776, 610, -76, -776, 612, -76, 0, 240, 0
L -777, 606, -74, -776, 610, -76, 0, 240, 0
L -777, 604, -74, -777, 606, -74, 0, 240, 0
L -777, 602, -73, -777, 604, -74, 0, 240, 0
L -778, 598, -72, -777, 602, -73, 0, 240, 0
L -778, 596, -71, -778, 598, -72, 0, 240, 0
L -778, 590, -72, -778, 596, -71, 0, 240, 0
L -778, 588, -71, -778, 590, -72, 0, 240, 0
L -773, 588, -72, -778, 588, -71, 0, 240, 0
L -771, 589, -72, -773, 588, -72, 0, 240, 0
L -770, 589, -72, -771, 589, -72, 0, 240, 0
L -761, 591, -72, -770, 589, -72, 0, 240, 0
L -760, 590, -72, -761, 591, -72, 0, 240, 0
L -760, 588, -72, -760, 590, -72, 0, 240, 0
L -761, 585, -72, -760, 588, -72, 0, 240, 0
L -761, 583, -72, -761, 585, -72, 0, 240, 0
L -761, 576, -72, -761, 583, -72, 0, 240, 0
L -761, 574, -72, -761, 576, -72, 0, 240, 0
L -759, 574, -72, -761, 574, -72, 0, 240, 0
L -757, 574, -72, -759, 574, -72, 0, 240, 0
L -748, 574, -72, -757, 574, -72, 0, 240, 0
L -739, 574, -70, -748, 574, -72, 0, 240, 0
L -738, 574, -68, -739, 574, -70, 0, 240, 0
L -737, 573, -65, -738, 574, -68, 0, 240, 0
L -736, 571, -64, -737, 573, -65, 0, 240, 0
L -736, 569, -62, -736, 571, -64, 0, 240, 0
L -736, 558, -62, -736, 569, -62, 0, 240, 0
L -736, 556, -63, -736, 558, -62, 0, 240, 0
L -736, 552, -67, -736, 556, -63, 0, 240, 0
L -736, 550, -67, -736, 552, -67, 0, 240, 0
L -739, 550, -70, -736, 550, -67, 0, 240, 0
L -749, 550, -72, -739, 550, -70, 0, 240, 0
L -750, 550, -72, -749, 550, -72, 0, 240, 0
L -758, 551, -72, -750, 550, -72, 0, 240, 0
L -759, 551, -71, -758, 551, -72, 0, 240, 0
L -760, 550, -72, -759, 551, -71, 0, 240, 0
L -760, 548, -72, -760, 550, -72, 0, 240, 0
L -760, 543, -72, -760, 548, -72, 0, 240, 0
L -760, 541, -72, -760, 543, -72, 0, 240, 0
L -758, 541, -72, -760, 541, -72, 0, 240, 0
L -758, 534, -72, -758, 541, -72, 0, 240, 0
L -758, 533, -72, -758, 534, -72, 0, 240, 0
L -760, 533, -72, -758, 533, -72, 0, 240, 0
L -769, 533, -72, -760, 533, -72, 0, 240, 0
L -775, 533, -72, -769, 533, -72, 0, 240, 0
L -776, 533, -72, -775, 533, -72, 0, 240, 0
L -776, 526, -71, -776, 533, -72, 0, 240, 0
L -776, 525, -72, -776, 526, -71, 0, 240, 0
L -775, 523, -72, -776, 525, -72, 0, 240, 0
L -776, 521, -72, -775, 523, -72, 0, 240, 0
L -776, 503, -72, -776, 521, -72, 0, 240, 0
L -776, 502, -72, -776, 503, -72, 0, 240, 0
L -775, 394, -53, -776, 502, -72, 0, 240, 0
L -776, 392, -53, -775, 394, -53, 0, 240, 0
L -776, 385, -53, -776, 392, -53, 0, 240, 0
L -776, 384, -53, -776, 385, -53, 0, 240, 0
L -777, 382, -53, -776, 384, -53, 0, 240, 0
L -786, 382, -53, -777, 382, -53, 0, 240, 0
L -787, 382, -53, -786, 382, -53, 0, 240, 0
L -791, 381, -53, -787, 382, -53, 0, 240, 0
L -793, 380, -52, -791, 381, -53, 0, 240, 0
L -795, 380, -52, -793, 380, -52, 0, 240, 0
L -796, 379, -52, -795, 380, -52, 0, 240, 0
L -800, 377, -52, -796, 379, -52, 0, 240, 0
L -805, 375, -52, -800, 377, -52, 0, 240, 0
L -806, 374, -53, -805, 375, -52, 0, 240, 0
L -807, 373, -53, -806, 374, -53, 0, 240, 0
L -808, 372, -53, -807, 373, -53, 0, 240, 0
L -810, 371, -53, -808, 372, -53, 0, 240, 0
L -810, 370, -53, -810, 371, -53, 0, 240, 0
L -810, 369, -52, -810, 370, -53, 0, 240, 0
L -809, 368, -52, -810, 369, -52, 0, 240, 0
L -808, 365, -53, -809, 368, -52, 0, 240, 0
L -808, 363, -53, -808, 365, -53, 0, 240, 0
L -810, 364, -53, -808, 363, -53, 0, 240, 0
L -823, 365, -53, -810, 364, -53, 0, 240, 0
L -825, 365, -52, -823, 365, -53, 0, 240, 0
L -825, 363, -53, -825, 365, -52, 0, 240, 0
L -825, 362, -53, -825, 363, -53, 0, 240, 0
L -826, 360, -53, -825, 362, -53, 0, 240, 0
L -826, 358, -53, -826, 360, -53, 0, 240, 0
L -826, 356, -53, -826, 358, -53, 0, 240, 0
L -826, 347, -52, -826, 356, -53, 0, 240, 0
L -826, 346, -53, -826, 347, -52, 0, 240, 0
L -826, 331, -52, -826, 346, -53, 0, 240, 0
L -826, 329, -52, -826, 331, -52, 0, 240, 0
L -826, 295, -52, -826, 329, -52, 0, 240, 0
L -826, 293, -52, -826, 295, -52, 0, 240, 0
L -826, 290, -53, -826, 293, -52, 0, 240, 0
L -826, 288, -53, -826, 290, -53, 0, 240, 0
L -826, 287, -54, -826, 288, -53, 0, 240, 0
L -826, 283, -55, -826, 287, -54, 0, 240, 0
L -826, 282, -55, -826, 283, -55, 0, 240, 0
L -825, 281, -56, -826, 282, -55, 0, 240, 0
L -826, 264, -61, -825, 281, -56, 0, 240, 0
L -826, 262, -62, -826, 264, -61, 0, 240, 0
L -826, 215, -63, -826, 262, -62, 0, 240, 0
L -826, 213, -62, -826, 215, -63, 0, 240, 0
L -830, 214, -62, -826, 213, -62, 0, 240, 0
L -832, 214, -62, -830, 214, -62, 0, 240, 0
L -832, 206, -62, -832, 214, -62, 0, 240, 0
L -832, 204, -62, -832, 206, -62, 0, 240, 0
L -834, 203, -62, -832, 204, -62, 0, 240, 0
L -836, 203, -62, -834, 203, -62, 0, 240, 0
L -845, 202, -62, -836, 203, -62, 0, 240, 0
L -853, 201, -62, -845, 202, -62, 0, 240, 0
L -855, 201, -62, -853, 201, -62, 0, 240, 0
L -856, 200, -63, -855, 201, -62, 0, 240, 0
L -864, 200, -65, -856, 200, -63, 0, 240, 0
L -866, 200, -66, -864, 200, -65, 0, 240, 0
L -868, 200, -66, -866, 200, -66, 0, 240, 0
L -870, 201, -67, -868, 200, -66, 0, 240, 0
L -879, 201, -70, -870, 201, -67, 0, 240, 0
L -883, 201, -71, -879, 201, -70, 0, 240, 0
L -884, 201, -71, -883, 201, -71, 0, 240, 0
L -886, 201, -72, -884, 201, -71, 0, 240, 0
L -887, 200, -72, -886, 201, -72, 0, 240, 0
L -893, 200, -72, -887, 200, -72, 0, 240, 0
L -902, 200, -72, -893, 200, -72, 0, 240, 0
L -911, 200, -72, -902, 200, -72, 0, 240, 0
L -917, 200, -72, -911, 200, -72, 0, 240, 0
L -927, 200, -72, -917, 200, -72, 0, 240, 0
L -946, 200, -71, -927, 200, -72, 0, 240, 0
L -947, 200, -72, -946, 200, -71, 0, 240, 0
L -948, 200, -72, -947, 200, -72, 0, 240, 0
L -948, 204, -71, -948, 200, -72, 0, 240, 0
L -949, 206, -71, -948, 204, -71, 0, 240, 0
L -949, 208, -71, -949, 206, -71, 0, 240, 0
L -949, 209, -71, -949, 208, -71, 0, 240, 0
L -950, 212, -71, -949, 209, -71, 0, 240, 0
L -950, 213, -71, -950, 212, -71, 0, 240, 0
L -950, 216, -71, -950, 213, -71, 0, 240, 0
L -951, 217, -71, -950, 216, -71, 0, 240, 0
L -951, 201, -72, -951, 217, -71, 0, 240, 0
L -951, 199, -71, -951, 201, -72, 0, 240, 0
L -950, 192, -71, -951, 199, -71, 0, 240, 0
L -773, 154, -91, -773, 154, -91, 0, 240, 0
L -772, 152, -91, -773, 154, -91, 0, 240, 0
L -772, 147, -91, -772, 152, -91, 0, 240, 0
L -772, 145, -91, -772, 147, -91, 0, 240, 0
L -773, 144, -91, -772, 145, -91, 0, 240, 0
L -775, 143, -91, -773, 144, -91, 0, 240, 0
L -776, 141, -91, -775, 143, -91, 0, 240, 0
L -778, 140, -90, -776, 141, -91, 0, 240, 0
L -778, 142, -90, -778, 140, -90, 0, 240, 0
L -779, 143, -90, -778, 142, -90, 0, 240, 0
L -783, 143, -91, -779, 143, -90, 0, 240, 0
L -785, 143, -91, -783, 143, -91, 0, 240, 0
L -787, 143, -91, -785, 143, -91, 0, 240, 0
L -787, 141, -91, -787, 143, -91, 0, 240, 0
L -788, 139, -91, -787, 141, -91, 0, 240, 0
L -789, 137, -91, -788, 139, -91, 0, 240, 0
L -789, 135, -91, -789, 137, -91, 0, 240, 0
L -790, 134, -91, -789, 135, -91, 0, 240, 0
L -790, 132, -91, -790, 134, -91, 0, 240, 0
L -790, 130, -91, -790, 132, -91, 0, 240, 0
L -791, 127, -91, -790, 130, -91, 0, 240, 0
L -791, 126, -91, -791, 127, -91, 0, 240, 0
L -781, 123, -90, -791, 126, -91, 0, 240, 0
L -772, 121, -91, -781, 123, -90, 0, 240, 0
L -771, 121, -91, -772, 121, -91, 0, 240, 0
L -772, 118, -91, -771, 121, -91, 0, 240, 0
L -773, 116, -91, -772, 118, -91, 0, 240, 0
L -773, 114, -91, -773, 116, -91, 0, 240, 0
L -774, 112, -91, -773, 114, -91, 0, 240, 0
L -775, 110, -91, -774, 112, -91, 0, 240, 0
L -776, 108, -91, -775, 110, -91, 0, 240, 0
L -777, 107, -91, -776, 108, -91, 0, 240, 0
L -778, 105, -91, -777, 107, -91, 0, 240, 0
L -779, 103, -91, -778, 105, -91, 0, 240, 0
L -779, 102, -91, -779, 103, -91, 0, 240, 0
L -781, 100, -91, -779, 102, -91, 0, 240, 0
L -782, 98, -91, -781, 100, -91, 0, 240, 0
L -783, 97, -91, -782, 98, -91, 0, 240, 0
L -784, 95, -91, -783, 97, -91, 0, 240, 0
L -785, 93, -91, -784, 95, -91, 0, 240, 0
L -786, 92, -91, -785, 93, -91, 0, 240, 0
L -787, 90, -91, -786, 92, -91, 0, 240, 0
L -790, 88, -91, -787, 90, -91, 0, 240, 0
L -791, 86, -90, -790, 88, -91, 0, 240, 0
L -786, 85, -91, -791, 86, -90, 0, 240, 0
L -778, 83, -91, -786, 85, -91, 0, 240, 0
L -776, 82, -91, -778, 83, -91, 0, 240, 0
L -775, 81, -91, -776, 82, -91, 0, 240, 0
L -772, 81, -91, -775, 81, -91, 0, 240, 0
L -771, 80, -90, -772, 81, -91, 0, 240, 0
L -770, 79, -89, -771, 80, -90, 0, 240, 0
L -770, 77, -89, -770, 79, -89, 0, 240, 0
L -771, 76, -89, -770, 77, -89, 0, 240, 0
L -771, 74, -89, -771, 76, -89, 0, 240, 0
L -772, 73, -89, -771, 74, -89, 0, 240, 0
L -770, 69, -88, -772, 73, -89, 0, 240, 0
L -770, 68, -87, -770, 69, -88, 0, 240, 0
L -770, 55, -83, -770, 68, -87, 0, 240, 0
L -770, 53, -83, -770, 55, -83, 0, 240, 0
L -770, 45, -80, -770, 53, -83, 0, 240, 0
L -770, 43, -80, -770, 45, -80, 0, 240, 0
L -771, 35, -77, -770, 43, -80, 0, 240, 0
L -771, 33, -77, -771, 35, -77, 0, 240, 0
L -771, 23, -73, -771, 33, -77, 0, 240, 0
L -771, 20, -73, -771, 23, -73, 0, 240, 0
L -772, 1, -73, -771, 20, -73, 0, 240, 0
L -772, -1, -73, -772, 1, -73, 0, 240, 0
L -771, -2, -73, -772, -1, -73, 0, 240, 0
L -770, -4, -73, -771, -2, -73, 0, 240, 0
L -770, -5, -73, -770, -4, -73, 0, 240, 0
L -769, -7, -73, -770, -5, -73, 0, 240, 0
L -768, -8, -73, -769, -7, -73, 0, 240, 0
L -766, -9, -73, -768, -8, -73, 0, 240, 0
L -764, -9, -73, -766, -9, -73, 0, 240, 0
L -762, -10, -73, -764, -9, -73, 0, 240, 0
L -760, -10, -73, -762, -10, -73, 0, 240, 0
L -759, -11, -73, -760, -10, -73, 0, 240, 0
L -756, -11, -73, -759, -11, -73, 0, 240, 0
L -737, -10, -72, -756, -11, -73, 0, 240, 0
L -729, -10, -72, -737, -10, -72, 0, 240, 0
L -727, -10, -72, -729, -10, -72, 0, 240, 0
L -727, -12, -72, -727, -10, -72, 0, 240, 0
L -725, -12, -72, -727, -12, -72, 0, 240, 0
L -715, -13, -72, -725, -12, -72, 0, 240, 0
L -714, -13, -72, -715, -13, -72, 0, 240, 0
L -711, -13, -72, -714, -13, -72, 0, 240, 0
L -706, -13, -70, -711, -13, -72, 0, 240, 0
L -704, -13, -69, -706, -13, -70, 0, 240, 0
L -702, -13, -68, -704, -13, -69, 0, 240, 0
L -700, -13, -68, -702, -13, -68, 0, 240, 0
L -692, -11, -65, -700, -13, -68, 0, 240, 0
L -683, -8, -63, -692, -11, -65, 0, 240, 0
L -682, -8, -63, -683, -8, -63, 0, 240, 0
L -682, -8, -63, -682, -8, -63, 0, 240, 0
L -680, -13, -63, -682, -8, -63, 0, 240, 0
L -679, -14, -62, -680, -13, -63, 0, 240, 0
L -679, -17, -61, -679, -14, -62, 0, 240, 0
L -679, -19, -61, -679, -17, -61, 0, 240, 0
L -678, -21, -60, -679, -19, -61, 0, 240, 0
L -678, -46, -52, -678, -21, -60, 0, 240, 0
L -678, -47, -52, -678, -46, -52, 0, 240, 0
L -679, -48, -52, -678, -47, -52, 0, 240, 0
L -679, -52, -52, -679, -48, -52, 0, 240, 0
L -679, -56, -51, -679, -52, -52, 0, 240, 0
L -678, -64, -51, -679, -56, -51, 0, 240, 0
L -677, -67, -50, -678, -64, -51, 0, 240, 0
L -677, -69, -50, -677, -67, -50, 0, 240, 0
L -677, -71, -50, -677, -69, -50, 0, 240, 0
L -676, -74, -50, -677, -71, -50, 0, 240, 0
L -676, -76, -49, -676, -74, -50, 0, 240, 0
L -676, -78, -49, -676, -76, -49, 0, 240, 0
L -676, -80, -48, -676, -78, -49, 0, 240, 0
L -677, -81, -48, -676, -80, -48, 0, 240, 0
L -679, -81, -48, -677, -81, -48, 0, 240, 0
L -679, -85, -45, -679, -81, -48, 0, 240, 0
L -679, -88, -46, -679, -85, -45, 0, 240, 0
L -679, -110, -35, -679, -88, -46, 0, 240, 0
L -679, -113, -34, -679, -110, -35, 0, 240, 0
L -678, -122, -29, -679, -113, -34, 0, 240, 0
L -661, -130, -28, -660, -134, -26, 0, 240, 0
L -662, -128, -28, -661, -130, -28, 0, 240, 0
L -656, -127, -28, -662, -128, -28, 0, 240, 0
L -654, -128, -28, -656, -127, -28, 0, 240, 0
L -653, -126, -31, -654, -128, -28, 0, 240, 0
L -653, -124, -32, -653, -126, -31, 0, 240, 0
L -653, -122, -32, -653, -124, -32, 0, 240, 0
L -652, -120, -33, -653, -122, -32, 0, 240, 0
L -652, -118, -34, -652, -120, -33, 0, 240, 0
L -652, -116, -36, -652, -118, -34, 0, 240, 0
L -652, -112, -37, -652, -116, -36, 0, 240, 0
L -652, -107, -39, -652, -112, -37, 0, 240, 0
L -652, -105, -40, -652, -107, -39, 0, 240, 0
L -653, -83, -48, -652, -105, -40, 0, 240, 0
L -653, -80, -49, -653, -83, -48, 0, 240, 0
L -652, -28, -60, -653, -80, -49, 0, 240, 0
L -652, -25, -60, -652, -28, -60, 0, 240, 0
L -653, -23, -61, -652, -25, -60, 0, 240, 0
L -653, -20, -62, -653, -23, -61, 0, 240, 0
L -653, -17, -62, -653, -20, -62, 0, 240, 0
L -653, -15, -63, -653, -17, -62, 0, 240, 0
L -654, -11, -63, -653, -15, -63, 0, 240, 0
L -654, -10, -63, -654, -11, -63, 0, 240, 0
L -655, -6, -63, -654, -10, -63, 0, 240, 0
L -655, -5, -63, -655, -6, -63, 0, 240, 0
L -655, -2, -63, -655, -5, -63, 0, 240, 0
L -657, 6, -63, -655, -2, -63, 0, 240, 0
L -657, 9, -63, -657, 6, -63, 0, 240, 0
L -656, 10, -63, -657, 9, -63, 0, 240, 0
L -658, 11, -63, -656, 10, -63, 0, 240, 0
L -660, 12, -63, -658, 11, -63, 0, 240, 0
L -661, 12, -63, -660, 12, -63, 0, 240, 0
L -667, 13, -63, -661, 12, -63, 0, 240, 0
L -672, 13, -63, -667, 13, -63, 0, 240, 0
L -680, 13, -63, -672, 13, -63, 0, 240, 0
L -681, 13, -62, -680, 13, -63, 0, 240, 0
L -683, 14, -63, -681, 13, -62, 0, 240, 0
L -686, 14, -65, -683, 14, -63, 0, 240, 0
L -695, 14, -68, -686, 14, -65, 0, 240, 0
L -709, 13, -71, -695, 14, -68, 0, 240, 0
L -710, 13, -72, -709, 13, -71, 0, 240, 0
L -713, 14, -73, -710, 13, -72, 0, 240, 0
L -715, 14, -73, -713, 14, -73, 0, 240, 0
L -725, 13, -73, -715, 14, -73, 0, 240, 0
L -729, 12, -73, -725, 13, -73, 0, 240, 0
L -735, 12, -72, -729, 12, -73, 0, 240, 0
L -744, 13, -72, -735, 12, -72, 0, 240, 0
L -746, 13, -72, -744, 13, -72, 0, 240, 0
L -746, 27, -77, -746, 13, -72, 0, 240, 0
L -746, 29, -77, -746, 27, -77, 0, 240, 0
L -746, 35, -79, -746, 29, -77, 0, 240, 0
L -747, 37, -79, -746, 35, -79, 0, 240, 0
L -747, 43, -81, -747, 37, -79, 0, 240, 0
L -747, 45, -81, -747, 43, -81, 0, 240, 0
L -748, 66, -89, -747, 45, -81, 0, 240, 0
L -747, 68, -89, -748, 66, -89, 0, 240, 0
L -747, 72, -90, -747, 68, -89, 0, 240, 0
L -747, 74, -91, -747, 72, -90, 0, 240, 0
L -746, 77, -91, -747, 74, -91, 0, 240, 0
L -746, 79, -91, -746, 77, -91, 0, 240, 0
L -746, 82, -91, -746, 79, -91, 0, 240, 0
L -745, 84, -91, -746, 82, -91, 0, 240, 0
L -744, 84, -90, -745, 84, -91, 0, 240, 0
L -742, 83, -90, -744, 84, -90, 0, 240, 0
L -738, 83, -91, -742, 83, -90, 0, 240, 0
L -737, 83, -91, -738, 83, -91, 0, 240, 0
L -734, 82, -91, -737, 83, -91, 0, 240, 0
L -732, 81, -91, -734, 82, -91, 0, 240, 0
L -730, 82, -91, -732, 81, -91, 0, 240, 0
L -731, 84, -91, -730, 82, -91, 0, 240, 0
L -732, 88, -91, -731, 84, -91, 0, 240, 0
L -732, 89, -91, -732, 88, -91, 0, 240, 0
L -732, 91, -91, -732, 89, -91, 0, 240, 0
L -733, 93, -91, -732, 91, -91, 0, 240, 0
L -733, 95, -91, -733, 93, -91, 0, 240, 0
L -733, 99, -91, -733, 95, -91, 0, 240, 0
L -733, 100, -91, -733, 99, -91, 0, 240, 0
L -728, 100, -91, -733, 100, -91, 0, 240, 0
L -718, 100, -91, -728, 100, -91, 0, 240, 0
L -712, 100, -91, -718, 100, -91, 0, 240, 0
L -710, 100, -91, -712, 100, -91, 0, 240, 0
L -710, 99, -91, -710, 100, -91, 0, 240, 0
L -703, 99, -91, -710, 99, -91, 0, 240, 0
L -701, 99, -91, -703, 99, -91, 0, 240, 0
L -699, 97, -91, -701, 99, -91, 0, 240, 0
L -699, 96, -91, -699, 97, -91, 0, 240, 0
L -698, 94, -91, -699, 96, -91, 0, 240, 0
L -698, 93, -91, -698, 94, -91, 0, 240, 0
L -701, 94, -91, -698, 93, -91, 0, 240, 0
L -702, 94, -91, -701, 94, -91, 0, 240, 0
L -703, 92, -91, -702, 94, -91, 0, 240, 0
L -704, 90, -91, -703, 92, -91, 0, 240, 0
L -704, 88, -91, -704, 90, -91, 0, 240, 0
L -705, 86, -91, -704, 88, -91, 0, 240, 0
L -705, 84, -91, -705, 86, -91, 0, 240, 0
L -705, 82, -91, -705, 84, -91, 0, 240, 0
L -706, 71, -92, -705, 82, -91, 0, 240, 0
L -706, 70, -91, -706, 71, -92, 0, 240, 0
L -695, 71, -91, -706, 70, -91, 0, 240, 0
L -689, 71, -90, -695, 71, -91, 0, 240, 0
L -687, 72, -89, -689, 71, -90, 0, 240, 0
L -687, 70, -88, -687, 72, -89, 0, 240, 0
L -687, 68, -88, -687, 70, -88, 0, 240, 0
L -681, 68, -91, -687, 68, -88, 0, 240, 0
L -680, 68, -91, -681, 68, -91, 0, 240, 0
L -679, 69, -91, -680, 68, -91, 0, 240, 0
L -679, 71, -91, -679, 69, -91, 0, 240, 0
L -679, 77, -91, -679, 71, -91, 0, 240, 0
L -679, 79, -91, -679, 77, -91, 0, 240, 0
L -679, 86, -91, -679, 79, -91, 0, 240, 0
L -679, 88, -91, -679, 86, -91, 0, 240, 0
L -687, 90, -91, -679, 88, -91, 0, 240, 0
L -688, 90, -91, -687, 90, -91, 0, 240, 0
L -689, 92, -91, -688, 90, -91, 0, 240, 0
L -689, 93, -91, -689, 92, -91, 0, 240, 0
L -689, 98, -91, -689, 93, -91, 0, 240, 0
L -689, 100, -91, -689, 98, -91, 0, 240, 0
L -687, 100, -90, -689, 100, -91, 0, 240, 0
L -686, 99, -90, -687, 100, -90, 0, 240, 0
L -672, 99, -91, -686, 99, -90, 0, 240, 0
L -671, 99, -91, -672, 99, -91, 0, 240, 0
L -669, 100, -91, -671, 99, -91, 0, 240, 0
L -655, 104, -91, -669, 100, -91, 0, 240, 0
L -654, 105, -91, -655, 104, -91, 0, 240, 0
L -653, 106, -91, -654, 105, -91, 0, 240, 0
L -652, 107, -91, -653, 106, -91, 0, 240, 0
L -652, 109, -91, -652, 107, -91, 0, 240, 0
L -652, 112, -91, -652, 109, -91, 0, 240, 0
L -652, 114, -91, -652, 112, -91, 0, 240, 0
L -652, 132, -91, -652, 114, -91, 0, 240, 0
L -652, 134, -91, -652, 132, -91, 0, 240, 0
L -652, 138, -92, -652, 134, -91, 0, 240, 0
L -651, 139, -92, -652, 138, -92, 0, 240, 0
L -651, 174, -81, -651, 139, -92, 0, 240, 0
L -651, 176, -82, -651, 174, -81, 0, 240, 0
L -651, 178, -82, -651, 176, -82, 0, 240, 0
L -652, 179, -82, -651, 178, -82, 0, 240, 0
L -654, 179, -82, -652, 179, -82, 0, 240, 0
L -655, 179, -82, -654, 179, -82, 0, 240, 0
L -656, 182, -82, -655, 179, -82, 0, 240, 0
L -656, 183, -82, -656, 182, -82, 0, 240, 0
L -656, 185, -82, -656, 183, -82, 0, 240, 0
L -657, 187, -81, -656, 185, -82, 0, 240, 0
L -652, 188, -82, -657, 187, -81, 0, 240, 0
L -650, 188, -81, -652, 188, -82, 0, 240, 0
L -648, 189, -82, -650, 188, -81, 0, 240, 0
L -643, 189, -82, -648, 189, -82, 0, 240, 0
L -642, 189, -82, -643, 189, -82, 0, 240, 0
L -636, 190, -82, -642, 189, -82, 0, 240, 0
L -634, 190, -82, -636, 190, -82, 0, 240, 0
L -632, 191, -82, -634, 190, -82, 0, 240, 0
L -631, 191, -82, -632, 191, -82, 0, 240, 0
L -629, 192, -81, -631, 191, -82, 0, 240, 0
L -628, 195, -82, -629, 192, -81, 0, 240, 0
L -627, 197, -82, -628, 195, -82, 0, 240, 0
L -626, 198, -82, -627, 197, -82, 0, 240, 0
L -625, 200, -82, -626, 198, -82, 0, 240, 0
L -625, 201, -82, -625, 200, -82, 0, 240, 0
L -624, 202, -82, -625, 201, -82, 0, 240, 0
L -623, 204, -82, -624, 202, -82, 0, 240, 0
L -626, 204, -82, -623, 204, -82, 0, 240, 0
L -635, 206, -82, -626, 204, -82, 0, 240, 0
L -636, 206, -81, -635, 206, -82, 0, 240, 0
L -639, 203, -82, -636, 206, -81, 0, 240, 0
L -640, 201, -82, -639, 203, -82, 0, 240, 0
L -651, 197, -82, -640, 201, -82, 0, 240, 0
L -652, 197, -81, -651, 197, -82, 0, 240, 0
L -652, 195, -81, -652, 197, -81, 0, 240, 0
L -652, 202, -81, -652, 195, -81, 0, 240, 0
L -652, 205, -81, -652, 202, -81, 0, 240, 0
L -651, 219, -81, -652, 205, -81, 0, 240, 0
L -651, 221, -81, -651, 219, -81, 0, 240, 0
L -652, 223, -81, -651, 221, -81, 0, 240, 0
L -654, 224, -81, -652, 223, -81, 0, 240, 0
L -655, 226, -82, -654, 224, -81, 0, 240, 0
L -656, 227, -82, -655, 226, -82, 0, 240, 0
L -658, 228, -82, -656, 227, -82, 0, 240, 0
L -659, 229, -82, -658, 228, -82, 0, 240, 0
L -661, 231, -82, -659, 229, -82, 0, 240, 0
L -664, 233, -82, -661, 231, -82, 0, 240, 0
L -665, 234, -82, -664, 233, -82, 0, 240, 0
L -668, 235, -82, -665, 234, -82, 0, 240, 0
L -671, 237, -82, -668, 235, -82, 0, 240, 0
L -672, 237, -82, -671, 237, -82, 0, 240, 0
L -674, 237, -81, -672, 237, -82, 0, 240, 0
L -674, 235, -81, -674, 237, -81, 0, 240, 0
L -675, 234, -81, -674, 235, -81, 0, 240, 0
L -675, 232, -81, -675, 234, -81, 0, 240, 0
L -676, 229, -82, -675, 232, -81, 0, 240, 0
L -676, 227, -82, -676, 229, -82, 0, 240, 0
L -676, 225, -82, -676, 227, -82, 0, 240, 0
L -677, 217, -81, -676, 225, -82, 0, 240, 0
L -677, 215, -81, -677, 217, -81, 0, 240, 0
L -677, 169, -85, -677, 215, -81, 0, 240, 0
L -677, 167, -85, -677, 169, -85, 0, 240, 0
L -677, 161, -87, -677, 167, -85, 0, 240, 0
L -677, 159, -88, -677, 161, -87, 0, 240, 0
L -676, 152, -90, -677, 159, -88, 0, 240, 0
L -676, 149, -91, -676, 152, -90, 0, 240, 0
L -675, 137, -91, -676, 149, -91, 0, 240, 0
L -676, 135, -91, -675, 137, -91, 0, 240, 0
L -676, 132, -91, -676, 135, -91, 0, 240, 0
L -676, 130, -91, -676, 132, -91, 0, 240, 0
L -677, 127, -91, -676, 130, -91, 0, 240, 0
L -677, 126, -91, -677, 127, -91, 0, 240, 0
L -681, 125, -91, -677, 126, -91, 0, 240, 0
L -690, 123, -91, -681, 125, -91, 0, 240, 0
L -691, 122, -91, -690, 123, -91, 0, 240, 0
L -700, 122, -91, -691, 122, -91, 0, 240, 0
L -701, 122, -91, -700, 122, -91, 0, 240, 0
L -701, 124, -90, -701, 122, -91, 0, 240, 0
L -701, 125, -90, -701, 124, -90, 0, 240, 0
L -704, 125, -91, -701, 125, -90, 0, 240, 0
L -714, 124, -91, -704, 125, -91, 0, 240, 0
L -728, 124, -91, -714, 124, -91, 0, 240, 0
L -730, 124, -91, -728, 124, -91, 0, 240, 0
L -732, 124, -90, -730, 124, -91, 0, 240, 0
L -731, 126, -91, -732, 124, -90, 0, 240, 0
L -731, 128, -91, -731, 126, -91, 0, 240, 0
L -730, 130, -91, -731, 128, -91, 0, 240, 0
L -729, 132, -91, -730, 130, -91, 0, 240, 0
L -729, 133, -91, -729, 132, -91, 0, 240, 0
L -728, 135, -91, -729, 133, -91, 0, 240, 0
L -728, 137, -91, -728, 135, -91, 0, 240, 0
L -728, 138, -91, -728, 137, -91, 0, 240, 0
L -732, 139, -91, -728, 138, -91, 0, 240, 0
L -733, 139, -91, -732, 139, -91, 0, 240, 0
L -742, 139, -91, -733, 139, -91, 0, 240, 0
L -744, 139, -91, -742, 139, -91, 0, 240, 0
L -745, 140, -91, -744, 139, -91, 0, 240, 0
L -745, 142, -91, -745, 140, -91, 0, 240, 0
L -746, 151, -91, -745, 142, -91, 0, 240, 0
L -940, 194, -72, -943, 194, -71, 0, 240, 0
L -938, 194, -72, -940, 194, -72, 0, 240, 0
L -936, 193, -72, -938, 194, -72, 0, 240, 0
L -936, 190, -72, -936, 193, -72, 0, 240, 0
L -936, 186, -72, -936, 190, -72, 0, 240, 0
L -935, 184, -72, -936, 186, -72, 0, 240, 0
L -935, 182, -72, -935, 184, -72, 0, 240, 0
L -935, 180, -72, -935, 182, -72, 0, 240, 0
L -934, 179, -72, -935, 180, -72, 0, 240, 0
L -934, 177, -72, -934, 179, -72, 0, 240, 0
L -933, 176, -72, -934, 177, -72, 0, 240, 0
L -933, 174, -72, -933, 176, -72, 0, 240, 0
L -932, 172, -71, -933, 174, -72, 0, 240, 0
L -930, 174, -71, -932, 172, -71, 0, 240, 0
L -929, 174, -71, -930, 174, -71, 0, 240, 0
L -928, 174, -71, -929, 174, -71, 0, 240, 0
L -927, 175, -72, -928, 174, -71, 0, 240, 0
L -925, 176, -73, -927, 175, -72, 0, 240, 0
L -916, 176, -76, -925, 176, -73, 0, 240, 0
L -901, 175, -80, -916, 176, -76, 0, 240, 0
L -892, 175, -82, -901, 175, -80, 0, 240, 0
L -882, 175, -81, -892, 175, -82, 0, 240, 0
L -873, 175, -82, -882, 175, -81, 0, 240, 0
L -868, 176, -81, -873, 175, -82, 0, 240, 0
L -866, 176, -81, -868, 176, -81, 0, 240, 0
L -865, 176, -81, -866, 176, -81, 0, 240, 0
L -863, 176, -81, -865, 176, -81, 0, 240, 0
L -853, 176, -81, -863, 176, -81, 0, 240, 0
L -847, 176, -81, -853, 176, -81, 0, 240, 0
L -838, 176, -81, -847, 176, -81, 0, 240, 0
L -836, 176, -81, -838, 176, -81, 0, 240, 0
L -835, 176, -81, -836, 176, -81, 0, 240, 0
L -817, 177, -81, -835, 176, -81, 0, 240, 0
L -815, 177, -81, -817, 177, -81, 0, 240, 0
L -809, 176, -82, -815, 177, -81, 0, 240, 0
L -808, 177, -81, -809, 176, -82, 0, 240, 0
L -804, 177, -82, -808, 177, -81, 0, 240, 0
L -800, 177, -83, -804, 177, -82, 0, 240, 0
L -790, 177, -86, -800, 177, -83, 0, 240, 0
L -781, 176, -90, -790, 177, -86, 0, 240, 0
L -771, 176, -91, -781, 176, -90, 0, 240, 0
L -769, 176, -91, -771, 176, -91, 0, 240, 0
L -760, 175, -91, -769, 176, -91, 0, 240, 0
L -759, 176, -91, -760, 175, -91, 0, 240, 0
L -757, 175, -91, -759, 176, -91, 0, 240, 0
L -755, 174, -91, -757, 175, -91, 0, 240, 0
L -755, 173, -91, -755, 174, -91, 0, 240, 0
L -753, 173, -91, -755, 173, -91, 0, 240, 0
L -751, 173, -91, -753, 173, -91, 0, 240, 0
L -750, 173, -91, -751, 173, -91, 0, 240, 0
L -749, 170, -91, -750, 173, -91, 0, 240, 0
L -748, 169, -91, -749, 170, -91, 0, 240, 0
L -746, 159, -91, -748, 169, -91, 0, 240, 0
L -746, 156, -91, -746, 159, -91, 0, 240, 0
L -746, 154, -91, -746, 156, -91, 0, 240, 0
L -837, 150, -82, -775, 151, -90, 0, 240, 0
L -856, 150, -82, -837, 150, -82, 0, 240, 0
L -865, 150, -81, -856, 150, -82, 0, 240, 0
L -866, 150, -81, -865, 150, -81, 0, 240, 0
L -868, 149, -81, -866, 150, -81, 0, 240, 0
L -876, 149, -81, -868, 149, -81, 0, 240, 0
L -877, 149, -82, -876, 149, -81, 0, 240, 0
L -889, 151, -82, -877, 149, -82, 0, 240, 0
L -897, 152, -81, -889, 151, -82, 0, 240, 0
L -899, 152, -80, -897, 152, -81, 0, 240, 0
L -909, 153, -77, -899, 152, -80, 0, 240, 0
L -912, 152, -76, -909, 153, -77, 0, 240, 0
L -916, 152, -75, -912, 152, -76, 0, 240, 0
L -920, 152, -74, -916, 152, -75, 0, 240, 0
L -930, 150, -72, -920, 152, -74, 0, 240, 0
L -933, 149, -72, -930, 150, -72, 0, 240, 0
L -934, 149, -72, -933, 149, -72, 0, 240, 0
L -934, 147, -71, -934, 149, -72, 0, 240, 0
L -934, 146, -71, -934, 147, -71, 0, 240, 0
L -933, 144, -72, -934, 146, -71, 0, 240, 0
L -933, 144, -72, -933, 144, -72, 0, 240, 0
L -932, 142, -72, -933, 144, -72, 0, 240, 0
L -932, 134, -72, -932, 142, -72, 0, 240, 0
L -932, 133, -72, -932, 134, -72, 0, 240, 0
L -933, 131, -72, -932, 133, -72, 0, 240, 0
L -935, 131, -71, -933, 131, -72, 0, 240, 0
L -937, 130, -71, -935, 131, -71, 0, 240, 0
L -939, 130, -71, -937, 130, -71, 0, 240, 0
L -953, 130, -72, -939, 130, -71, 0, 240, 0
L -962, 131, -72, -953, 130, -72, 0, 240, 0
L -971, 131, -72, -962, 131, -72, 0, 240, 0
L -973, 131, -72, -971, 131, -72, 0, 240, 0
L -974, 131, -71, -973, 131, -72, 0, 240, 0
L -975, 130, -71, -974, 131, -71, 0, 240, 0
L -977, 130, -72, -975, 130, -71, 0, 240, 0
L -978, 132, -72, -977, 130, -72, 0, 240, 0
L -979, 133, -72, -978, 132, -72, 0, 240, 0
L -980, 135, -72, -979, 133, -72, 0, 240, 0
L -980, 137, -72, -980, 135, -72, 0, 240, 0
L -981, 139, -72, -980, 137, -72, 0, 240, 0
L -981, 141, -72, -981, 139, -72, 0, 240, 0
L -982, 142, -72, -981, 141, -72, 0, 240, 0
L -983, 144, -72, -982, 142, -72, 0, 240, 0
L -984, 146, -72, -983, 144, -72, 0, 240, 0
L -986, 147, -72, -984, 146, -72, 0, 240, 0
L -988, 148, -72, -986, 147, -72, 0, 240, 0
L -990, 148, -72, -988, 148, -72, 0, 240, 0
L -992, 149, -72, -990, 148, -72, 0, 240, 0
L -995, 149, -71, -992, 149, -72, 0, 240, 0
L -1006, 151, -72, -995, 149, -71, 0, 240, 0
L -1015, 152, -72, -1006, 151, -72, 0, 240, 0
L -1019, 152, -72, -1015, 152, -72, 0, 240, 0
L -1028, 152, -72, -1019, 152, -72, 0, 240, 0
L -1030, 152, -72, -1028, 152, -72, 0, 240, 0
L -1031, 151, -72, -1030, 152, -72, 0, 240, 0
L -1031, 148, -71, -1031, 151, -72, 0, 240, 0
L -1031, 146, -72, -1031, 148, -71, 0, 240, 0
L -1031, 145, -72, -1031, 146, -72, 0, 240, 0
L -1031, 140, -74, -1031, 145, -72, 0, 240, 0
L -1031, 138, -75, -1031, 140, -74, 0, 240, 0
L -1031, 136, -75, -1031, 138, -75, 0, 240, 0
L -1032, 134, -76, -1031, 136, -75, 0, 240, 0
L -1032, 132, -77, -1032, 134, -76, 0, 240, 0
L -1032, 128, -78, -1032, 132, -77, 0, 240, 0
L -1032, 126, -78, -1032, 128, -78, 0, 240, 0
L -1033, 114, -81, -1032, 126, -78, 0, 240, 0
L -1033, 112, -82, -1033, 114, -81, 0, 240, 0
L -1032, 104, -81, -1033, 112, -82, 0, 240, 0
L -1032, 102, -81, -1032, 104, -81, 0, 240, 0
L -1032, 97, -81, -1032, 102, -81, 0, 240, 0
L -1032, 95, -81, -1032, 97, -81, 0, 240, 0
L -1031, 86, -81, -1032, 95, -81, 0, 240, 0
L -1031, 85, -81, -1031, 86, -81, 0, 240, 0
L -1031, 25, -81, -1031, 85, -81, 0, 240, 0
L -1031, 23, -81, -1031, 25, -81, 0, 240, 0
L -1030, 22, -81, -1031, 23, -81, 0, 240, 0
L -1029, 21, -81, -1030, 22, -81, 0, 240, 0
L -1027, 21, -82, -1029, 21, -81, 0, 240, 0
L -1025, 21, -82, -1027, 21, -82, 0, 240, 0
L -1016, 20, -85, -1025, 21, -82, 0, 240, 0
L -1009, 19, -87, -1016, 20, -85, 0, 240, 0
L -1007, 18, -88, -1009, 19, -87, 0, 240, 0
L -995, 18, -91, -1007, 18, -88, 0, 240, 0
L -989, 18, -91, -995, 18, -91, 0, 240, 0
L -986, 19, -91, -989, 18, -91, 0, 240, 0
L -982, 19, -91, -986, 19, -91, 0, 240, 0
L -981, 19, -91, -982, 19, -91, 0, 240, 0
L -980, 20, -91, -981, 19, -91, 0, 240, 0
L -979, 21, -91, -980, 20, -91, 0, 240, 0
L -980, 23, -91, -979, 21, -91, 0, 240, 0
L -980, 24, -91, -980, 23, -91, 0, 240, 0
L -978, 25, -91, -980, 24, -91, 0, 240, 0
L -977, 26, -90, -978, 25, -91, 0, 240, 0
L -978, 27, -91, -977, 26, -90, 0, 240, 0
L -978, 29, -91, -978, 27, -91, 0, 240, 0
L -977, 30, -91, -978, 29, -91, 0, 240, 0
L -975, 30, -91, -977, 30, -91, 0, 240, 0
L -973, 31, -89, -975, 30, -91, 0, 240, 0
L -969, 32, -85, -973, 31, -89, 0, 240, 0
L -959, 34, -80, -969, 32, -85, 0, 240, 0
L -950, 35, -77, -959, 34, -80, 0, 240, 0
L -948, 35, -76, -950, 35, -77, 0, 240, 0
L -939, 36, -81, -948, 35, -76, 0, 240, 0
L -936, 36, -82, -939, 36, -81, 0, 240, 0
L -929, 35, -90, -936, 36, -82, 0, 240, 0
L -927, 35, -91, -929, 35, -90, 0, 240, 0
L -926, 35, -91, -927, 35, -91, 0, 240, 0
L -924, 34, -91, -926, 35, -91, 0, 240, 0
L -923, 33, -91, -924, 34, -91, 0, 240, 0
L -921, 33, -91, -923, 33, -91, 0, 240, 0
L -920, 32, -91, -921, 33, -91, 0, 240, 0
L -919, 29, -91, -920, 32, -91, 0, 240, 0
L -919, 28, -91, -919, 29, -91, 0, 240, 0
L -919, 26, -91, -919, 28, -91, 0, 240, 0
L -918, 24, -91, -919, 26, -91, 0, 240, 0
L -918, 23, -91, -918, 24, -91, 0, 240, 0
L -918, 21, -91, -918, 23, -91, 0, 240, 0
L -911, 21, -91, -918, 21, -91, 0, 240, 0
L -909, 21, -91, -911, 21, -91, 0, 240, 0
L -900, 21, -91, -909, 21, -91, 0, 240, 0
L -892, 21, -91, -900, 21, -91, 0, 240, 0
L -884, 21, -91, -892, 21, -91, 0, 240, 0
L -874, 22, -91, -884, 21, -91, 0, 240, 0
L -872, 21, -91, -874, 22, -91, 0, 240, 0
L -862, 20, -91, -872, 21, -91, 0, 240, 0
L -853, 19, -91, -862, 20, -91, 0, 240, 0
L -843, 19, -91, -853, 19, -91, 0, 240, 0
L -834, 18, -91, -843, 19, -91, 0, 240, 0
L -830, 18, -91, -834, 18, -91, 0, 240, 0
L -827, 18, -91, -830, 18, -91, 0, 240, 0
L -820, 19, -91, -827, 18, -91, 0, 240, 0
L -819, 19, -91, -820, 19, -91, 0, 240, 0
L -819, 22, -91, -819, 19, -91, 0, 240, 0
L -819, 24, -91, -819, 22, -91, 0, 240, 0
L -818, 27, -92, -819, 24, -91, 0, 240, 0
L -818, 29, -93, -818, 27, -92, 0, 240, 0
L -818, 45, -89, -818, 29, -93, 0, 240, 0
L -818, 47, -88, -818, 45, -89, 0, 240, 0
L -817, 49, -86, -818, 47, -88, 0, 240, 0
L -807, 50, -85, -817, 49, -86, 0, 240, 0
L -800, 50, -86, -807, 50, -85, 0, 240, 0
L -798, 50, -86, -800, 50, -86, 0, 240, 0
L -797, 49, -89, -798, 50, -86, 0, 240, 0
L -796, 48, -91, -797, 49, -89, 0, 240, 0
L -796, 46, -92, -796, 48, -91, 0, 240, 0
L -796, 45, -95, -796, 46, -92, 0, 240, 0
L -795, 44, -97, -796, 45, -95, 0, 240, 0
L -793, 41, -96, -795, 44, -97, 0, 240, 0
L -793, 40, -94, -793, 41, -96, 0, 240, 0
L -793, 24, -91, -793, 40, -94, 0, 240, 0
L -793, 22, -91, -793, 24, -91, 0, 240, 0
L -793, 20, -91, -793, 22, -91, 0, 240, 0
L -794, 18, -91, -793, 20, -91, 0, 240, 0
L -794, 16, -91, -794, 18, -91, 0, 240, 0
L -795, 14, -91, -794, 16, -91, 0, 240, 0
L -796, 12, -91, -795, 14, -91, 0, 240, 0
L -797, 10, -91, -796, 12, -91, 0, 240, 0
L -798, 8, -91, -797, 10, -91, 0, 240, 0
L -799, 6, -91, -798, 8, -91, 0, 240, 0
L -801, 4, -91, -799, 6, -91, 0, 240, 0
L -802, 3, -91, -801, 4, -91, 0, 240, 0
L -804, 2, -91, -802, 3, -91, 0, 240, 0
L -806, 1, -91, -804, 2, -91, 0, 240, 0
L -808, 1, -91, -806, 1, -91, 0, 240, 0
L -814, -1, -91, -808, 1, -91, 0, 240, 0
L -815, -2, -91, -814, -1, -91, 0, 240, 0
L -821, -3, -91, -815, -2, -91, 0, 240, 0
L -823, -3, -91, -821, -3, -91, 0, 240, 0
L -831, -4, -91, -823, -3, -91, 0, 240, 0
L -860, -3, -91, -831, -4, -91, 0, 240, 0
L -889, -2, -91, -860, -3, -91, 0, 240, 0
L -898, -2, -91, -889, -2, -91, 0, 240, 0
L -907, -1, -91, -898, -2, -91, 0, 240, 0
L -909, -1, -91, -907, -1, -91, 0, 240, 0
L -914, -0, -91, -909, -1, -91, 0, 240, 0
L -915, -0, -91, -914, -0, -91, 0, 240, 0
L -917, -3, -91, -915, -0, -91, 0, 240, 0
L -918, -5, -91, -917, -3, -91, 0, 240, 0
L -918, -7, -91, -918, -5, -91, 0, 240, 0
L -919, -9, -91, -918, -7, -91, 0, 240, 0
L -919, -10, -91, -919, -9, -91, 0, 240, 0
L -920, -12, -91, -919, -10, -91, 0, 240, 0
L -920, -14, -91, -920, -12, -91, 0, 240, 0
L -918, -14, -91, -920, -14, -91, 0, 240, 0
L -918, -19, -91, -918, -14, -91, 0, 240, 0
L -918, -21, -91, -918, -19, -91, 0, 240, 0
L -920, -22, -91, -918, -21, -91, 0, 240, 0
L -921, -22, -91, -920, -22, -91, 0, 240, 0
L -923, -23, -91, -921, -22, -91, 0, 240, 0
L -925, -23, -91, -923, -23, -91, 0, 240, 0
L -932, -24, -91, -925, -23, -91, 0, 240, 0
L -960, -25, -90, -932, -24, -91, 0, 240, 0
L -969, -25, -90, -960, -25, -90, 0, 240, 0
L -972, -25, -90, -969, -25, -90, 0, 240, 0
L -973, -24, -91, -972, -25, -90, 0, 240, 0
L -974, -22, -91, -973, -24, -91, 0, 240, 0
L -975, -20, -91, -974, -22, -91, 0, 240, 0
L -975, -19, -91, -975, -20, -91, 0, 240, 0
L -976, -17, -91, -975, -19, -91, 0, 240, 0
L -976, -15, -91, -976, -17, -91, 0, 240, 0
L -977, -13, -91, -976, -15, -91, 0, 240, 0
L -978, -11, -91, -977, -13, -91, 0, 240, 0
L -978, -10, -91, -978, -11, -91, 0, 240, 0
L -979, -8, -91, -978, -10, -91, 0, 240, 0
L -979, -7, -91, -979, -8, -91, 0, 240, 0
L -980, -6, -91, -979, -7, -91, 0, 240, 0
L -981, -6, -91, -980, -6, -91, 0, 240, 0
L -981, -4, -91, -981, -6, -91, 0, 240, 0
L -982, -2, -91, -981, -4, -91, 0, 240, 0
L -991, -2, -91, -982, -2, -91, 0, 240, 0
L -1020, -2, -82, -991, -2, -91, 0, 240, 0
L -1028, -3, -81, -1020, -2, -82, 0, 240, 0
L -1048, -4, -82, -1028, -3, -81, 0, 240, 0
L -1049, -4, -82, -1048, -4, -82, 0, 240, 0
L -1050, -3, -82, -1049, -4, -82, 0, 240, 0
L -1051, -2, -82, -1050, -3, -82, 0, 240, 0
L -1052, -0, -82, -1051, -2, -82, 0, 240, 0
L -1053, 1, -82, -1052, -0, -82, 0, 240, 0
L -1053, 3, -82, -1053, 1, -82, 0, 240, 0
L -1054, 5, -82, -1053, 3, -82, 0, 240, 0
L -1054, 7, -82, -1054, 5, -82, 0, 240, 0
L -1055, 9, -82, -1054, 7, -82, 0, 240, 0
L -1055, 13, -82, -1055, 9, -82, 0, 240, 0
L -1055, 15, -81, -1055, 13, -82, 0, 240, 0
L -1055, 77, -82, -1055, 15, -81, 0, 240, 0
L -1056, 80, -82, -1055, 77, -82, 0, 240, 0
L -1056, 87, -81, -1056, 80, -82, 0, 240, 0
L -1056, 89, -81, -1056, 87, -81, 0, 240, 0
L -1057, 93, -81, -1056, 89, -81, 0, 240, 0
L -1057, 95, -82, -1057, 93, -81, 0, 240, 0
L -1057, 101, -82, -1057, 95, -82, 0, 240, 0
L -1057, 102, -82, -1057, 101, -82, 0, 240, 0
L -1058, 111, -82, -1057, 102, -82, 0, 240, 0
L -1057, 113, -81, -1058, 111, -82, 0, 240, 0
L -1057, 118, -80, -1057, 113, -81, 0, 240, 0
L -1057, 120, -79, -1057, 118, -80, 0, 240, 0
L -1056, 138, -74, -1057, 120, -79, 0, 240, 0
L -1056, 140, -73, -1056, 138, -74, 0, 240, 0
L -1057, 147, -72, -1056, 140, -73, 0, 240, 0
L -1057, 149, -72, -1057, 147, -72, 0, 240, 0
L -1058, 159, -72, -1057, 149, -72, 0, 240, 0
L -1057, 161, -72, -1058, 159, -72, 0, 240, 0
L -1057, 162, -72, -1057, 161, -72, 0, 240, 0
L -1056, 164, -72, -1057, 162, -72, 0, 240, 0
L -1056, 166, -72, -1056, 164, -72, 0, 240, 0
L -1056, 167, -72, -1056, 166, -72, 0, 240, 0
L -1055, 169, -72, -1056, 167, -72, 0, 240, 0
L -1053, 170, -72, -1055, 169, -72, 0, 240, 0
L -1051, 171, -72, -1053, 170, -72, 0, 240, 0
L -1049, 171, -72, -1051, 171, -72, 0, 240, 0
L -1048, 172, -72, -1049, 171, -72, 0, 240, 0
L -1046, 172, -72, -1048, 172, -72, 0, 240, 0
L -1044, 173, -72, -1046, 172, -72, 0, 240, 0
L -1038, 174, -72, -1044, 173, -72, 0, 240, 0
L -1036, 174, -72, -1038, 174, -72, 0, 240, 0
L -1027, 174, -72, -1036, 174, -72, 0, 240, 0
L -1017, 173, -72, -1027, 174, -72, 0, 240, 0
L -1007, 173, -72, -1017, 173, -72, 0, 240, 0
L -1003, 172, -72, -1007, 173, -72, 0, 240, 0
L -997, 171, -72, -1003, 172, -72, 0, 240, 0
L -995, 171, -71, -997, 171, -72, 0, 240, 0
L -994, 174, -72, -995, 171, -71, 0, 240, 0
L -993, 176, -72, -994, 174, -72, 0, 240, 0
L -993, 178, -72, -993, 176, -72, 0, 240, 0
L -989, 190, -72, -993, 178, -72, 0, 240, 0
L -989, 191, -72, -989, 190, -72, 0, 240, 0
L -981, 191, -72, -989, 191, -72, 0, 240, 0
L -973, 192, -72, -981, 191, -72, 0, 240, 0
L -971, 192, -72, -973, 192, -72, 0, 240, 0
L -971, 193, -71, -971, 192, -72, 0, 240, 0
L -971, 195, -71, -971, 193, -71, 0, 240, 0
L -971, 197, -71, -971, 195, -71, 0, 240, 0
L -971, 201, -71, -971, 197, -71, 0, 240, 0
L -971, 203, -72, -971, 201, -71, 0, 240, 0
L -970, 212, -71, -971, 203, -72, 0, 240, 0
L -970, 214, -72, -970, 212, -71, 0, 240, 0
L -971, 222, -72, -970, 214, -72, 0, 240, 0
L -971, 223, -72, -971, 222, -72, 0, 240, 0
L -969, 223, -72, -971, 223, -72, 0, 240, 0
L -967, 223, -72, -969, 223, -72, 0, 240, 0
L -965, 225, -72, -967, 223, -72, 0, 240, 0
L -963, 225, -72, -965, 225, -72, 0, 240, 0
L -962, 226, -72, -963, 225, -72, 0, 240, 0
L -960, 226, -72, -962, 226, -72, 0, 240, 0
L -957, 226, -72, -960, 226, -72, 0, 240, 0
L -940, 226, -72, -957, 226, -72, 0, 240, 0
L -938, 226, -72, -940, 226, -72, 0, 240, 0
L -929, 224, -72, -938, 226, -72, 0, 240, 0
L -927, 224, -71, -929, 224, -72, 0, 240, 0
L -925, 224, -72, -927, 224, -71, 0, 240, 0
L -915, 226, -72, -925, 224, -72, 0, 240, 0
L -913, 227, -72, -915, 226, -72, 0, 240, 0
L -907, 227, -72, -913, 227, -72, 0, 240, 0
L -898, 227, -72, -907, 227, -72, 0, 240, 0
L -892, 227, -72, -898, 227, -72, 0, 240, 0
L -882, 226, -70, -892, 227, -72, 0, 240, 0
L -872, 225, -67, -882, 226, -70, 0, 240, 0
L -863, 225, -64, -872, 225, -67, 0, 240, 0
L -861, 225, -63, -863, 225, -64, 0, 240, 0
L -852, 226, -62, -861, 225, -63, 0, 240, 0
L -851, 226, -62, -852, 226, -62, 0, 240, 0
L -851, 227, -61, -851, 226, -62, 0, 240, 0
L -852, 229, -61, -851, 227, -61, 0, 240, 0
L -852, 232, -62, -852, 229, -61, 0, 240, 0
L -852, 233, -62, -852, 232, -62, 0, 240, 0
L -852, 283, -54, -852, 233, -62, 0, 240, 0
L -851, 285, -54, -852, 283, -54, 0, 240, 0
L -851, 291, -52, -851, 285, -54, 0, 240, 0
L -851, 293, -53, -851, 291, -52, 0, 240, 0
L -850, 296, -53, -851, 293, -53, 0, 240, 0
L -850, 298, -53, -850, 296, -53, 0, 240, 0
L -850, 301, -53, -850, 298, -53, 0, 240, 0
L -850, 302, -53, -850, 301, -53, 0, 240, 0
L -851, 303, -53, -850, 302, -53, 0, 240, 0
L -853, 304, -53, -851, 303, -53, 0, 240, 0
L -853, 308, -53, -853, 304, -53, 0, 240, 0
L -853, 310, -53, -853, 308, -53, 0, 240, 0
L -852, 319, -52, -853, 310, -53, 0, 240, 0
L -852, 321, -53, -852, 319, -52, 0, 240, 0
L -852, 328, -52, -852, 321, -53, 0, 240, 0
L -852, 331, -53, -852, 328, -52, 0, 240, 0
L -851, 357, -53, -852, 331, -53, 0, 240, 0
L -852, 359, -52, -851, 357, -53, 0, 240, 0
L -857, 359, -53, -852, 359, -52, 0, 240, 0
L -866, 359, -53, -857, 359, -53, 0, 240, 0
L -867, 358, -53, -866, 359, -53, 0, 240, 0
L -868, 356, -53, -867, 358, -53, 0, 240, 0
L -869, 358, -53, -868, 356, -53, 0, 240, 0
L -869, 360, -53, -869, 358, -53, 0, 240, 0
L -870, 362, -53, -869, 360, -53, 0, 240, 0
L -871, 364, -53, -870, 362, -53, 0, 240, 0
L -871, 365, -53, -871, 364, -53, 0, 240, 0
L -871, 387, -53, -871, 365, -53, 0, 240, 0
L -871, 389, -53, -871, 387, -53, 0, 240, 0
L -871, 403, -53, -871, 389, -53, 0, 240, 0
L -871, 404, -53, -871, 403, -53, 0, 240, 0
L -870, 412, -53, -871, 404, -53, 0, 240, 0
L -870, 413, -52, -870, 412, -53, 0, 240, 0
L -859, 416, -53, -870, 413, -52, 0, 240, 0
L -851, 418, -53, -859, 416, -53, 0, 240, 0
L -850, 418, -52, -851, 418, -53, 0, 240, 0
L -849, 419, -51, -850, 418, -52, 0, 240, 0
L -850, 421, -51, -849, 419, -51, 0, 240, 0
L -851, 423, -52, -850, 421, -51, 0, 240, 0
L -852, 424, -52, -851, 423, -52, 0, 240, 0
L -853, 425, -52, -852, 424, -52, 0, 240, 0
L -853, 427, -51, -853, 425, -52, 0, 240, 0
L -853, 429, -50, -853, 427, -51, 0, 240, 0
L -853, 445, -45, -853, 429, -50, 0, 240, 0
L -852, 447, -45, -853, 445, -45, 0, 240, 0
L -852, 455, -43, -852, 447, -45, 0, 240, 0
L -852, 456, -42, -852, 455, -43, 0, 240, 0
L -854, 456, -43, -852, 456, -42, 0, 240, 0
L -856, 455, -43, -854, 456, -43, 0, 240, 0
L -862, 455, -44, -856, 455, -43, 0, 240, 0
L -864, 455, -44, -862, 455, -44, 0, 240, 0
L -866, 455, -44, -864, 455, -44, 0, 240, 0
L -875, 455, -44, -866, 455, -44, 0, 240, 0
L -884, 455, -44, -875, 455, -44, 0, 240, 0
L -885, 455, -43, -884, 455, -44, 0, 240, 0
L -889, 456, -44, -885, 455, -43, 0, 240, 0
L -891, 456, -43, -889, 456, -44, 0, 240, 0
L -929, 456, -44, -891, 456, -43, 0, 240, 0
L -947, 456, -44, -929, 456, -44, 0, 240, 0
L -949, 456, -44, -947, 456, -44, 0, 240, 0
L -951, 456, -44, -949, 456, -44, 0, 240, 0
L -951, 454, -44, -951, 456, -44, 0, 240, 0
L -952, 453, -43, -951, 454, -44, 0, 240, 0
L -953, 451, -44, -952, 453, -43, 0, 240, 0
L -952, 449, -44, -953, 451, -44, 0, 240, 0
L -951, 448, -44, -952, 449, -44, 0, 240, 0
L -951, 446, -44, -951, 448, -44, 0, 240, 0
L -959, 446, -44, -951, 446, -44, 0, 240, 0
L -961, 446, -44, -959, 446, -44, 0, 240, 0
L -961, 442, -44, -961, 446, -44, 0, 240, 0
L -961, 441, -44, -961, 442, -44, 0, 240, 0
L -964, 439, -44, -961, 441, -44, 0, 240, 0
L -965, 439, -44, -964, 439, -44, 0, 240, 0
L -966, 437, -44, -965, 439, -44, 0, 240, 0
L -968, 437, -44, -966, 437, -44, 0, 240, 0
L -970, 437, -44, -968, 437, -44, 0, 240, 0
L -969, 436, -44, -970, 437, -44, 0, 240, 0
L -969, 407, -44, -969, 436, -44, 0, 240, 0
L -969, 406, -44, -969, 407, -44, 0, 240, 0
L -969, 393, -44, -969, 406, -44, 0, 240, 0
L -969, 391, -44, -969, 393, -44, 0, 240, 0
L -970, 381, -44, -969, 391, -44, 0, 240, 0
L -970, 379, -44, -970, 381, -44, 0, 240, 0
L -970, 358, -44, -970, 379, -44, 0, 240, 0
L -970, 357, -44, -970, 358, -44, 0, 240, 0
L -969, 357, -43, -970, 357, -44, 0, 240, 0
L -970, 330, -39, -969, 357, -43, 0, 240, 0
L -970, 328, -38, -970, 330, -39, 0, 240, 0
L -969, 324, -37, -970, 328, -38, 0, 240, 0
L -969, 322, -37, -969, 324, -37, 0, 240, 0
L -969, 311, -34, -969, 322, -37, 0, 240, 0
L -969, 309, -34, -969, 311, -34, 0, 240, 0
L -969, 307, -34, -969, 309, -34, 0, 240, 0
L -970, 305, -34, -969, 307, -34, 0, 240, 0
L -970, 303, -34, -970, 305, -34, 0, 240, 0
L -972, 299, -34, -970, 303, -34, 0, 240, 0
L -973, 298, -34, -972, 299, -34, 0, 240, 0
L -973, 295, -34, -973, 298, -34, 0, 240, 0
L -975, 288, -34, -973, 295, -34, 0, 240, 0
L -976, 287, -34, -975, 288, -34, 0, 240, 0
L -976, 285, -34, -976, 287, -34, 0, 240, 0
L -977, 284, -34, -976, 285, -34, 0, 240, 0
L -979, 284, -34, -977, 284, -34, 0, 240, 0
L -988, 283, -34, -979, 284, -34, 0, 240, 0
L -997, 282, -33, -988, 283, -34, 0, 240, 0
L -998, 282, -33, -997, 282, -33, 0, 240, 0
L -1026, 282, -15, -998, 282, -33, 0, 240, 0
L -1029, 282, -13, -1026, 282, -15, 0, 240, 0
L -1030, 282, -12, -1029, 282, -13, 0, 240, 0
L -1049, 282, -6, -1030, 282, -12, 0, 240, 0
L -1059, 282, -5, -1049, 282, -6, 0, 240, 0
L -1068, 282, -4, -1059, 282, -5, 0, 240, 0
L -1076, 283, -3, -1068, 282, -4, 0, 240, 0
L -1085, 284, -2, -1076, 283, -3, 0, 240, 0
L -1108, 287, 0, -1085, 284, -2, 0, 240, 0
L -1110, 300, -0, -1118, 300, 3, 0, 240, 0
L -1108, 300, -0, -1110, 300, -0, 0, 240, 0
L -1108, 306, -1, -1108, 300, -0, 0, 240, 0
L -1108, 307, -1, -1108, 306, -1, 0, 240, 0
L -1101, 308, -5, -1108, 307, -1, 0, 240, 0
L -1091, 307, -9, -1101, 308, -5, 0, 240, 0
L -1089, 307, -10, -1091, 307, -9, 0, 240, 0
L -1075, 307, -17, -1089, 307, -10, 0, 240, 0
L -1046, 307, -22, -1075, 307, -17, 0, 240, 0
L -1036, 307, -23, -1046, 307, -22, 0, 240, 0
L -1028, 308, -25, -1036, 307, -23, 0, 240, 0
L -1022, 308, -26, -1028, 308, -25, 0, 240, 0
L -1009, 308, -31, -1022, 308, -26, 0, 240, 0
L -999, 307, -33, -1009, 308, -31, 0, 240, 0
L -996, 307, -34, -999, 307, -33, 0, 240, 0
L -995, 307, -33, -996, 307, -34, 0, 240, 0
L -994, 308, -33, -995, 307, -33, 0, 240, 0
L -994, 310, -33, -994, 308, -33, 0, 240, 0
L -995, 325, -38, -994, 310, -33, 0, 240, 0
L -995, 327, -39, -995, 325, -38, 0, 240, 0
L -994, 335, -41, -995, 327, -39, 0, 240, 0
L -994, 337, -42, -994, 335, -41, 0, 240, 0
L -994, 364, -43, -994, 337, -42, 0, 240, 0
L -994, 366, -44, -994, 364, -43, 0, 240, 0
L -994, 371, -43, -994, 366, -44, 0, 240, 0
L -994, 372, -44, -994, 371, -43, 0, 240, 0
L -995, 373, -44, -994, 372, -44, 0, 240, 0
L -995, 402, -43, -995, 373, -44, 0, 240, 0
L -995, 403, -44, -995, 402, -43, 0, 240, 0
L -995, 405, -44, -995, 403, -44, 0, 240, 0
L -995, 407, -44, -995, 405, -44, 0, 240, 0
L -995, 411, -44, -995, 407, -44, 0, 240, 0
L -995, 413, -44, -995, 411, -44, 0, 240, 0
L -994, 437, -44, -995, 413, -44, 0, 240, 0
L -994, 438, -44, -994, 437, -44, 0, 240, 0
L -998, 438, -44, -994, 438, -44, 0, 240, 0
L -1000, 438, -44, -998, 438, -44, 0, 240, 0
L -1000, 440, -43, -1000, 438, -44, 0, 240, 0
L -1000, 441, -43, -1000, 440, -43, 0, 240, 0
L -1003, 440, -43, -1000, 441, -43, 0, 240, 0
L -1004, 439, -43, -1003, 440, -43, 0, 240, 0
L -1005, 438, -43, -1004, 439, -43, 0, 240, 0
L -1007, 437, -43, -1005, 438, -43, 0, 240, 0
L -1008, 437, -44, -1007, 437, -43, 0, 240, 0
L -1008, 439, -44, -1008, 437, -44, 0, 240, 0
L -1007, 445, -44, -1008, 439, -44, 0, 240, 0
L -1006, 447, -44, -1007, 445, -44, 0, 240, 0
L -1006, 449, -44, -1006, 447, -44, 0, 240, 0
L -1006, 451, -44, -1006, 449, -44, 0, 240, 0
L -1005, 453, -44, -1006, 451, -44, 0, 240, 0
L -1005, 455, -44, -1005, 453, -44, 0, 240, 0
L -1005, 457, -44, -1005, 455, -44, 0, 240, 0
L -1005, 465, -43, -1005, 457, -44, 0, 240, 0
L -1005, 467, -43, -1005, 465, -43, 0, 240, 0
L -1005, 469, -43, -1005, 467, -43, 0, 240, 0
L -1006, 471, -43, -1005, 469, -43, 0, 240, 0
L -1011, 482, -43, -1006, 471, -43, 0, 240, 0
L -1012, 483, -43, -1011, 482, -43, 0, 240, 0
L -1013, 485, -42, -1012, 483, -43, 0, 240, 0
L -1014, 487, -42, -1013, 485, -42, 0, 240, 0
L -1014, 488, -42, -1014, 487, -42, 0, 240, 0
L -1015, 491, -43, -1014, 488, -42, 0, 240, 0
L -1014, 492, -42, -1015, 491, -43, 0, 240, 0
L -1013, 494, -44, -1014, 492, -42, 0, 240, 0
L -1012, 495, -44, -1013, 494, -44, 0, 240, 0
L -1010, 495, -44, -1012, 495, -44, 0, 240, 0
L -1006, 497, -44, -1010, 495, -44, 0, 240, 0
L -1004, 497, -44, -1006, 497, -44, 0, 240, 0
L -998, 499, -43, -1004, 497, -44, 0, 240, 0
L -997, 499, -43, -998, 499, -43, 0, 240, 0
L -996, 500, -43, -997, 499, -43, 0, 240, 0
L -995, 502, -43, -996, 500, -43, 0, 240, 0
L -995, 504, -43, -995, 502, -43, 0, 240, 0
L -996, 509, -38, -995, 504, -43, 0, 240, 0
L -995, 511, -38, -996, 509, -38, 0, 240, 0
L -995, 515, -38, -995, 511, -38, 0, 240, 0
L -995, 517, -37, -995, 515, -38, 0, 240, 0
L -994, 520, -37, -995, 517, -37, 0, 240, 0
L -994, 522, -37, -994, 520, -37, 0, 240, 0
L -994, 524, -37, -994, 522, -37, 0, 240, 0
L -993, 528, -36, -994, 524, -37, 0, 240, 0
L -993, 530, -36, -993, 528, -36, 0, 240, 0
L -993, 534, -36, -993, 530, -36, 0, 240, 0
L -992, 536, -36, -993, 534, -36, 0, 240, 0
L -992, 540, -36, -992, 536, -36, 0, 240, 0
L -992, 541, -36, -992, 540, -36, 0, 240, 0
L -991, 556, -35, -992, 541, -36, 0, 240, 0
L -992, 557, -35, -991, 556, -35, 0, 240, 0
L -992, 563, -34, -992, 557, -35, 0, 240, 0
L -993, 565, -34, -992, 563, -34, 0, 240, 0
L -993, 569, -33, -993, 565, -34, 0, 240, 0
L -993, 571, -33, -993, 569, -33, 0, 240, 0
L -994, 580, -32, -993, 571, -33, 0, 240, 0
L -994, 581, -32, -994, 580, -32, 0, 240, 0
L -993, 589, -32, -994, 581, -32, 0, 240, 0
L -993, 591, -31, -993, 589, -32, 0, 240, 0
L -993, 599, -31, -993, 591, -31, 0, 240, 0
L -993, 601, -31, -993, 599, -31, 0, 240, 0
L -992, 609, -30, -993, 601, -31, 0, 240, 0
L -992, 611, -30, -992, 609, -30, 0, 240, 0
L -992, 617, -29, -992, 611, -30, 0, 240, 0
L -991, 619, -29, -992, 617, -29, 0, 240, 0
L -991, 625, -28, -991, 619, -29, 0, 240, 0
L -991, 627, -28, -991, 625, -28, 0, 240, 0
L -990, 632, -27, -991, 627, -28, 0, 240, 0
L -990, 635, -27, -990, 632, -27, 0, 240, 0
L -990, 642, -26, -990, 635, -27, 0, 240, 0
L -990, 644, -26, -990, 642, -26, 0, 240, 0
L -989, 651, -26, -990, 644, -26, 0, 240, 0
L -989, 652, -26, -989, 651, -26, 0, 240, 0
L -988, 653, -26, -989, 652, -26, 0, 240, 0
L -986, 654, -25, -988, 653, -26, 0, 240, 0
L -984, 654, -24, -986, 654, -25, 0, 240, 0
L -969, 653, -23, -984, 654, -24, 0, 240, 0
L -960, 652, -20, -969, 653, -23, 0, 240, 0
L -941, 652, -13, -960, 652, -20, 0, 240, 0
L -925, 652, -9, -941, 652, -13, 0, 240, 0
L -915, 653, -6, -925, 652, -9, 0, 240, 0
L -906, 653, -4, -915, 653, -6, 0, 240, 0
L -902, 653, -3, -906, 653, -4, 0, 240, 0
L -892, 652, 1, -902, 653, -3, 0, 240, 0
L -890, 651, 2, -892, 652, 1, 0, 240, 0
L -888, 651, 2, -890, 651, 2, 0, 240, 0
L -878, 648, 3, -888, 651, 2, 0, 240, 0
L -876, 648, 3, -878, 648, 3, 0, 240, 0
L -872, 647, 3, -876, 648, 3, 0, 240, 0
L -870, 647, 3, -872, 647, 3, 0, 240, 0
L -864, 647, 3, -870, 647, 3, 0, 240, 0
L -845, 646, 4, -864, 647, 3, 0, 240, 0
L -836, 646, 3, -845, 646, 4, 0, 240, 0
L -834, 647, 3, -836, 646, 3, 0, 240, 0
L -834, 649, 4, -834, 647, 3, 0, 240, 0
L -834, 650, 4, -834, 649, 4, 0, 240, 0
L -841, 651, 11, -834, 650, 4, 0, 240, 0
L -843, 651, 12, -841, 651, 11, 0, 240, 0
L -843, 655, 12, -843, 651, 12, 0, 240, 0
