P 489.9410, 551.7890, 176.6820,  240, 240, 0,  2,  3_Chests
P -23.0890, 1250.0291, 34.9460,  240, 240, 240,  2,  Druid_ring
P -1397.0179, 171.5810, -51.4270,  240, 240, 240,  2,  Ruined_Druid_ring
P 1441.8540, 1830.9810, -0.1010,  0, 240, 0,  2,  Gray_Legion_Encampment
P -335.0430, -72.8770, 55.6350,  0, 240, 0,  2,  Dead_Hill
P -1156.0900, 1667.2710, -100.5030,  0, 240, 0,  2,  Clan_Direwind_Boneyard
P 888.9720, 859.0620, 199.4980,  0, 240, 0,  2,  Lake_Darkenmere
P -341.7250, -1887.6360, 55.3610,  240, 240, 240,  2,  Darkroot_Caves
P -1002.0640, -947.4280, -45.0740,  0, 240, 0,  2,  Darkroot_Gardens
P 1154.6650, -19.4410, -0.3590,  0, 240, 0,  2,  Valley_of_the_Black_Oak
P 1030.7400, -978.3750, 374.4970,  240, 240, 0,  2,  Zhubis_the_Griffin_Tamer_(Missions_70+)
P 666.1640, 941.4420, 252.5340,  240, 0, 0,  2,  Kluno_Orenbrew_(Quests)
P -3.6910, 1281.9110, 34.4970,  240, 240, 0,  2,  Anderak_(Quests)
P 35.4190, 1292.3030, 34.4970,  240, 240, 0,  2,  Vahna_(Quests)
P -84.2270, 1179.1270, 34.4970,  240, 240, 0,  2,  Maven_Bellstone_(Quests)
P 1002.5240, 1637.1580, -0.3630,  240, 240, 0,  2,  Scout_Keshik_(Quests)
P 1010.7360, 1620.8700, -0.3630,  240, 240, 0,  2,  Scout_Zryan_(Quests)
P 534.2080, -2835.2271, 374.4970,  240, 0, 0,  2,  Captain_Orenu_Urulump
P 574.9250, -2440.0950, 374.4970,  240, 0, 0,  2,  Hammerfist_the_Champion
P 1266.1210, -1601.9041, 374.8070,  240, 0, 0,  2,  Gatekeeper_Kor
P 1265.9070, -642.7000, 299.9710,  240, 0, 0,  2,  Bollbaru_the_Witch
P 1589.6340, -168.7550, 216.4430,  240, 0, 0,  2,  Renagarhn
P 837.7710, -123.1180, 146.8490,  240, 0, 0,  2,  Blademaster_Zerralok
P 1567.8450, -719.6740, -0.5030,  240, 0, 0,  2,  Wintersting_the_Black_Oak_(Roaming)
P 324.9530, -1896.2030, 42.4470,  240, 0, 0,  2,  Moldmaster_Gangii
P 1143.0551, -1796.1379, 42.3300,  240, 0, 0,  2,  Psilocide
P 517.7950, 761.5910, 183.6860,  240, 0, 0,  2,  Shadowpaw
P 631.1750, 837.3190, 244.9620,  240, 0, 0,  2,  Darkenfin
P -462.6080, 1385.9900, 201.3860,  240, 0, 0,  2,  Ghostfeather
P -1235.4250, 258.7000, -50.5020,  240, 0, 0,  2,  Direwind_Current
P -657.3340, 1247.8680, 117.7820,  240, 0, 0,  2,  Axebeak
P -658.5310, -602.6140, 1.9140,  240, 0, 0,  2,  Ironpaw
P 713.1260, 724.7170, -2.5110,  240, 0, 0,  2,  Denlord_Ezak
P -1051.9530, 1595.2810, -100.1150,  240, 0, 0,  2,  Deathratlle
P 43.2300, -2093.1899, 374.4970,  240, 0, 0,  2,  Guardians_of_the_Gate
P 71.6120, -2715.1570, 374.4540,  240, 240, 240,  2,  Black_Legion_Camp
P -390.8040, -2549.3000, 374.1550,  240, 0, 0,  2,  Kendra_the_Archer
P -736.0550, -1544.2100, 394.2430,  240, 0, 0,  2,  The_Ashengate_Ambassador
P 678.0690, -1776.0551, 35.5730,  240, 0, 0,  2,  Vinelord_Molder
P 118.9310, -2967.2241, 374.4970,  240, 0, 0,  2,  Scribe_Nurel_Uralu
P 1366.2000, 1541.4320, 1.6370,  240, 0, 0,  2,  Captian_Orzhok
P 316.0000, -3039.0000, 374.0000,  0, 0, 0,  2,  Jenray_Envoy_of_Ro_(quests)
P -489.0000, -2675.0000, 374.0000,  0, 0, 0,  2,  Hammerfist_the_Champion
P -1275.0000, -1434.0000, 389.0000,  0, 0, 0,  2,  Axxanderan`s_Animated_Reamins_(wanders)
P -1251.0000, -1685.0000, 402.0000,  0, 0, 0,  2,  Severan_the_Direwind_Caller_(Raid)
P -728.0000, -2033.0000, 374.0000,  0, 0, 0,  2,  Pyre_Lord_Narseekin_(Raid)
P -1297.0000, 1542.0000, -101.0000,  0, 0, 0,  2,  carrion_piles
P -1367.0000, 284.0000, -50.0000,  0, 0, 0,  1,  TRAP
P -1270.0000, 233.0000, -49.0000,  0, 0, 0,  1,  TRAP
P -1142.0000, 225.0000, -49.0000,  0, 0, 0,  1,  TRAP
P 83.0000, -842.0000, -3.0000,  0, 0, 0,  1,  TRAP
P 145.0000, -694.0000, 13.0000,  0, 0, 0,  2,  Son_of_Severan
P 126.0000, -627.0000, 8.0000,  0, 0, 0,  1,  TRAP
P 328.0000, -647.0000, 10.0000,  0, 0, 0,  1,  TRAP
P 224.0000, -637.0000, 9.0000,  0, 0, 0,  2,  Direwind_Current
P -268.0000, -1044.0000, 0.0000,  0, 0, 0,  2,  Koda_(wanders)
P -399.0000, 22.0000, 64.0000,  0, 0, 0,  2,  Arakeen_Eater_of_the_Dead
P 584.0000, -2955.0000, 375.0000,  0, 0, 0,  2,  Telgrith_Black_Legion_Captain
P -314.0000, -1908.0000, 52.0000,  0, 0, 0,  2,  TRAP
P 222.0000, -1865.0000, 34.0000,  0, 0, 0,  2,  Deathshed_(wanders)
P 254.0000, -1933.0000, 33.0000,  0, 0, 0,  2,  TRAP
P 1031.0000, -1430.0000, 17.0000,  0, 0, 0,  2,  TRAP
P 1027.0000, -2002.0000, 34.0000,  0, 0, 0,  2,  TRAP
P -1095.0000, -1547.0000, 32.0000,  0, 0, 0,  2,  TRAP
P -801.0000, -1939.0000, 15.0000,  0, 0, 0,  2,  TRAP_-_darkroot_spore
P 749.0000, -1743.0000, 36.0000,  0, 0, 0,  2,  TRAP_-_Darkroot_Spore
P 509.0000, 758.0000, 179.0000,  0, 0, 0,  2,  supply_crates
P 504.0000, 620.0000, 177.0000,  0, 0, 0,  2,  shadowpaw
P -58.0000, -3315.0000, 834.0000,  0, 240, 0,  3,  To_Ashengate
P 512.0000, 2213.0000, 100.0000,  0, 240, 0,  3,  To_Sunderock_Springs
P 681.0000, -2384.0000, 394.0000,  0, 0, 0,  2,  (Fall)_in_from_ashengate
P 1150.0000, 550.0000, 147.0000,  0, 0, 0,  2,  SK+NECspells
P 1554.7200, 1266.1250, 14.8170,  240, 0, 0,  2,  Archmage_Varren
P 1581.5830, 1619.7791, 7.4060,  240, 0, 0,  2,  Legionnaire_Shylock
P -1319.3149, 1406.1281, -100.0580,  240, 0, 0,  2,  Carrionmancer_Marrowrot
P 13.0000, 1258.0000, 36.0000,  240, 0, 0,  2,  Druid_port_spells
P 644.0000, 812.0000, 0.0000,  0, 240, 240,  2,  den_of_wolves
P -464.0000, 1382.0000, 197.0000,  0, 240, 240,  2,  perch_of_ghostfeather
P 503.0000, 1123.0000, 4.0000,  240, 0, 0,  3,  SK_/_Nec_Spells
P 612.0000, 1127.0000, 4.0000,  0, 240, 240,  2,  great_waterfall
P -244.0000, -1056.0000, 0.0000,  0, 240, 240,  2,  bear_valley
