L -3530, 724, 1048, -3571, 724, 1048, 0, 0, 0
L -3510, 718, 1048, -3530, 724, 1048, 0, 0, 0
L -3505, 727, 1048, -3510, 718, 1048, 0, 0, 0
L -3494, 702, 1048, -3485, 707, 1048, 0, 0, 0
L -3488, 681, 1048, -3494, 702, 1048, 0, 0, 0
L -3488, 651, 1048, -3488, 681, 1048, 0, 0, 0
L -3494, 632, 1048, -3488, 651, 1048, 0, 0, 0
L -3485, 626, 1048, -3494, 632, 1048, 0, 0, 0
L -3529, 610, 1048, -3571, 610, 1048, 0, 0, 0
L -3510, 616, 1048, -3529, 610, 1048, 0, 0, 0
L -3505, 606, 1048, -3510, 616, 1048, 0, 0, 0
L -3445, 525, 1051, -3445, 483, 1051, 0, 0, 0
L -3441, 537, 1052, -3445, 525, 1051, 0, 0, 0
L -3439, 535, 1052, -3441, 537, 1052, 0, 0, 0
L -3438, 529, 1055, -3439, 535, 1052, 0, 0, 0
L -3437, 528, 1055, -3438, 529, 1055, 0, 0, 0
L -3430, 524, 1058, -3437, 528, 1055, 0, 0, 0
L -3429, 523, 1058, -3430, 524, 1058, 0, 0, 0
L -3423, 524, 1057, -3429, 523, 1058, 0, 0, 0
L -3422, 525, 1057, -3423, 524, 1057, 0, 0, 0
L -3411, 528, 1057, -3422, 525, 1057, 0, 0, 0
L -3410, 530, 1056, -3411, 528, 1057, 0, 0, 0
L -3408, 532, 1056, -3410, 530, 1056, 0, 0, 0
L -3407, 534, 1057, -3408, 532, 1056, 0, 0, 0
L -3403, 544, 1057, -3407, 534, 1057, 0, 0, 0
L -3403, 546, 1056, -3403, 544, 1057, 0, 0, 0
L -3404, 551, 1058, -3403, 546, 1056, 0, 0, 0
L -3406, 555, 1058, -3404, 551, 1058, 0, 0, 0
L -3408, 559, 1054, -3406, 555, 1058, 0, 0, 0
L -3409, 560, 1053, -3408, 559, 1053, 0, 0, 0
L -3420, 561, 1051, -3409, 560, 1053, 0, 0, 0
L -3403, 566, 1048, -3420, 561, 1048, 0, 0, 0
L -3370, 566, 1048, -3403, 566, 1048, 0, 0, 0
L -3352, 560, 1048, -3370, 566, 1048, 0, 0, 0
L -3347, 570, 1048, -3352, 560, 1048, 0, 0, 0
L -3330, 525, 1048, -3330, 483, 1048, 0, 0, 0
L -3336, 544, 1048, -3330, 525, 1048, 0, 0, 0
L -3327, 550, 1048, -3336, 544, 1048, 0, 0, 0
L -3245, 610, 1048, -3203, 610, 1048, 0, 0, 0
L -3264, 616, 1048, -3245, 610, 1048, 0, 0, 0
L -3270, 606, 1048, -3264, 616, 1048, 0, 0, 0
L -3288, 689, 1049, -3284, 690, 1049, 0, 0, 0
L -3293, 689, 1049, -3288, 689, 1049, 0, 0, 0
L -3298, 691, 1049, -3293, 689, 1049, 0, 0, 0
L -3300, 699, 1049, -3298, 691, 1049, 0, 0, 0
L -3301, 704, 1049, -3300, 699, 1049, 0, 0, 0
L -3301, 706, 1049, -3301, 704, 1049, 0, 0, 0
L -3289, 710, 1049, -3301, 706, 1049, 0, 0, 0
L -3272, 698, 1057, -3271, 697, 1058, 0, 0, 0
L -3274, 699, 1057, -3272, 698, 1057, 0, 0, 0
L -3275, 700, 1055, -3274, 699, 1057, 0, 0, 0
L -3276, 702, 1054, -3275, 700, 1055, 0, 0, 0
L -3276, 704, 1054, -3276, 702, 1054, 0, 0, 0
L -3277, 705, 1053, -3276, 704, 1054, 0, 0, 0
L -3277, 707, 1052, -3277, 705, 1053, 0, 0, 0
L -3278, 709, 1051, -3277, 707, 1052, 0, 0, 0
L -3280, 709, 1051, -3278, 709, 1051, 0, 0, 0
L -3289, 710, 1049, -3280, 709, 1051, 0, 0, 0
L -3280, 632, 1049, -3290, 626, 1048, 0, 0, 0
L -3285, 648, 1050, -3280, 632, 1049, 0, 0, 0
L -3286, 650, 1049, -3285, 648, 1050, 0, 0, 0
L -3286, 683, 1049, -3286, 650, 1049, 0, 0, 0
L -3284, 690, 1049, -3286, 683, 1049, 0, 0, 0
L -3245, 724, 1048, -3203, 724, 1048, 0, 0, 0
L -3264, 718, 1048, -3245, 724, 1048, 0, 0, 0
L -3270, 727, 1048, -3264, 718, 1048, 0, 0, 0
L -3330, 808, 1048, -3329, 851, 1048, 0, 0, 0
L -3336, 790, 1048, -3330, 808, 1048, 0, 0, 0
L -3326, 784, 1048, -3336, 790, 1048, 0, 0, 0
L -3444, 809, 1048, -3444, 851, 1048, 0, 0, 0
L -3438, 790, 1048, -3444, 809, 1048, 0, 0, 0
L -3447, 785, 1048, -3438, 790, 1048, 0, 0, 0
L -3422, 774, 1048, -3427, 765, 1048, 0, 0, 0
L -3422, 774, 1048, -3404, 768, 1048, 0, 0, 0
L -3385, 767, 1048, -3404, 768, 1048, 0, 0, 0
L -3371, 768, 1048, -3385, 767, 1048, 0, 0, 0
L -3352, 774, 1048, -3371, 768, 1048, 0, 0, 0
L -3352, 774, 1048, -3346, 765, 1048, 0, 0, 0
L -3504, 747, 1048, -3511, 733, 1048, 0, 0, 0
L -3504, 748, 1048, -3504, 747, 1048, 0, 0, 0
L -3500, 762, 1048, -3504, 748, 1048, 0, 0, 0
L -3499, 770, 1048, -3500, 762, 1048, 0, 0, 0
L -3499, 770, 1048, -3512, 761, 1048, 0, 0, 0
L -3513, 750, 1048, -3512, 761, 1048, 0, 0, 0
L -3518, 736, 1048, -3513, 750, 1048, 0, 0, 0
L -3511, 733, 1048, -3518, 736, 1048, 0, 0, 0
L -747, -4, 56, -747, -9, 56, 0, 0, 0
L -742, 14, 56, -747, -4, 56, 0, 0, 0
L -763, -3, 56, -763, -9, 56, 0, 0, 0
L -767, 14, 56, -763, -3, 56, 0, 0, 0
L -894, 61, 56, -896, 61, 56, 0, 0, 0
L -875, 56, 56, -894, 61, 56, 0, 0, 0
L -894, 77, 56, -896, 77, 56, 0, 0, 0
L -875, 81, 56, -894, 77, 56, 0, 0, 0
L -763, 142, 56, -763, 147, 56, 0, 0, 0
L -767, 124, 56, -763, 142, 56, 0, 0, 0
L -747, 142, 56, -747, 147, 56, 0, 0, 0
L -743, 124, 56, -747, 142, 56, 0, 0, 0
L -616, 61, 56, -614, 61, 56, 0, 0, 0
L -635, 56, 56, -616, 61, 56, 0, 0, 0
L -616, 77, 56, -614, 77, 56, 0, 0, 0
L -635, 81, 56, -616, 77, 56, 0, 0, 0
L -624, 370, 61, -645, 370, 63, 0, 0, 0
L -624, 354, 61, -624, 370, 61, 0, 0, 0
L -612, 354, 61, -624, 354, 61, 0, 0, 0
L -612, 343, 61, -612, 354, 61, 0, 0, 0
L -596, 343, 61, -612, 343, 61, 0, 0, 0
L -596, 354, 61, -596, 343, 61, 0, 0, 0
L -579, 354, 61, -596, 354, 61, 0, 0, 0
L -579, 316, 61, -579, 354, 61, 0, 0, 0
L -568, 307, 61, -579, 316, 61, 0, 0, 0
L -568, 264, 61, -568, 307, 61, 0, 0, 0
L -579, 256, 61, -568, 264, 61, 0, 0, 0
L -579, 217, 61, -579, 256, 61, 0, 0, 0
L -596, 217, 61, -579, 217, 61, 0, 0, 0
L -596, 229, 61, -596, 217, 61, 0, 0, 0
L -612, 229, 61, -596, 229, 61, 0, 0, 0
L -612, 217, 61, -612, 229, 61, 0, 0, 0
L -624, 217, 61, -612, 217, 61, 0, 0, 0
L -624, 201, 61, -624, 217, 61, 0, 0, 0
L -612, 201, 61, -624, 201, 61, 0, 0, 0
L -612, 190, 61, -612, 201, 61, 0, 0, 0
L -596, 190, 61, -612, 190, 61, 0, 0, 0
L -596, 201, 61, -596, 190, 61, 0, 0, 0
L -519, 201, 61, -596, 201, 61, 0, 0, 0
L -519, 124, 61, -519, 201, 61, 0, 0, 0
L -531, 124, 61, -519, 124, 61, 0, 0, 0
L -531, 108, 61, -531, 124, 61, 0, 0, 0
L -519, 108, 61, -531, 108, 61, 0, 0, 0
L -519, 29, 61, -519, 108, 61, 0, 0, 0
L -596, 29, 61, -519, 29, 61, 0, 0, 0
L -596, 41, 61, -596, 29, 61, 0, 0, 0
L -612, 41, 61, -596, 41, 61, 0, 0, 0
L -612, 74, 61, -614, 74, 61, 0, 0, 0
L -614, 63, 61, -612, 63, 61, 0, 0, 0
L -614, 74, 56, -614, 101, 56, 0, 0, 0
L -614, 63, 56, -614, 37, 56, 0, 0, 0
L -612, 41, 61, -612, 63, 61, 0, 0, 0
L -612, 97, 61, -612, 74, 61, 0, 0, 0
L -596, 97, 61, -612, 97, 61, 0, 0, 0
L -596, 108, 61, -596, 97, 61, 0, 0, 0
L -585, 108, 61, -596, 108, 61, 0, 0, 0
L -585, 124, 61, -585, 108, 61, 0, 0, 0
L -596, 124, 61, -585, 124, 61, 0, 0, 0
L -596, 136, 61, -596, 124, 61, 0, 0, 0
L -612, 136, 61, -596, 136, 61, 0, 0, 0
L -612, 124, 61, -612, 136, 61, 0, 0, 0
L -689, 124, 61, -612, 124, 61, 0, 0, 0
L -689, 201, 61, -689, 124, 61, 0, 0, 0
L -678, 201, 61, -689, 201, 61, 0, 0, 0
L -678, 217, 61, -678, 201, 61, 0, 0, 0
L -689, 217, 61, -678, 217, 61, 0, 0, 0
L -689, 229, 61, -689, 217, 61, 0, 0, 0
L -705, 229, 61, -689, 229, 61, 0, 0, 0
L -705, 217, 61, -705, 229, 61, 0, 0, 0
L -722, 217, 61, -705, 217, 61, 0, 0, 0
L -722, 256, 61, -722, 217, 61, 0, 0, 0
L -734, 264, 61, -722, 256, 61, 0, 0, 0
L -734, 307, 61, -734, 264, 61, 0, 0, 0
L -722, 316, 61, -734, 307, 61, 0, 0, 0
L -722, 354, 61, -722, 316, 61, 0, 0, 0
L -705, 354, 61, -722, 354, 61, 0, 0, 0
L -705, 343, 61, -705, 354, 61, 0, 0, 0
L -689, 343, 61, -705, 343, 61, 0, 0, 0
L -689, 354, 61, -689, 343, 61, 0, 0, 0
L -678, 354, 61, -689, 354, 61, 0, 0, 0
L -678, 370, 61, -678, 354, 61, 0, 0, 0
L -656, 370, 61, -678, 370, 61, 0, 0, 0
L -656, 374, 61, -656, 370, 61, 0, 0, 0
L -645, 374, 61, -624, 374, 61, 0, 0, 0
L -645, 374, 61, -645, 370, 61, 0, 0, 0
L -612, 390, 61, -624, 390, 61, 0, 0, 0
L -624, 374, 61, -624, 390, 61, 0, 0, 0
L -612, 476, 41, -612, 390, 61, 0, 0, 0
L -624, 476, 41, -612, 476, 41, 0, 0, 0
L -624, 492, 41, -624, 476, 41, 0, 0, 0
L -612, 492, 41, -624, 492, 41, 0, 0, 0
L -612, 503, 41, -612, 492, 41, 0, 0, 0
L -596, 503, 41, -612, 503, 41, 0, 0, 0
L -596, 492, 41, -596, 503, 41, 0, 0, 0
L -510, 492, 21, -596, 492, 22, 0, 0, 0
L -510, 503, 21, -510, 492, 21, 0, 0, 0
L -494, 503, 21, -510, 503, 21, 0, 0, 0
L -494, 492, 21, -494, 503, 21, 0, 0, 0
L -483, 492, 21, -494, 492, 21, 0, 0, 0
L -483, 476, 21, -483, 492, 21, 0, 0, 0
L -494, 476, 21, -483, 476, 21, 0, 0, 0
L -494, 390, 1, -494, 476, 21, 0, 0, 0
L -483, 390, 1, -494, 390, 1, 0, 0, 0
L -483, 374, 1, -483, 390, 1, 0, 0, 0
L -461, 374, 1, -483, 374, 1, 0, 0, 0
L -461, 370, 1, -461, 374, 1, 0, 0, 0
L -491, 370, 1, -461, 370, 6, 0, 0, 0
L -491, 358, 1, -491, 370, 1, 0, 0, 0
L -506, 358, 1, -491, 358, 1, 0, 0, 0
L -506, 319, 1, -506, 358, 1, 0, 0, 0
L -491, 319, 1, -506, 319, 1, 0, 0, 0
L -491, 308, 1, -491, 319, 1, 0, 0, 0
L -399, 308, 1, -491, 308, 1, 0, 0, 0
L -399, 319, 1, -399, 308, 1, 0, 0, 0
L -383, 319, 1, -399, 319, 1, 0, 0, 0
L -383, 308, 1, -383, 319, 1, 0, 0, 0
L -678, 374, 61, -656, 374, 61, 0, 0, 0
L -678, 390, 61, -678, 374, 61, 0, 0, 0
L -689, 390, 61, -678, 390, 61, 0, 0, 0
L -689, 476, 41, -689, 390, 61, 0, 0, 0
L -678, 476, 41, -689, 476, 41, 0, 0, 0
L -678, 492, 41, -678, 476, 41, 0, 0, 0
L -689, 492, 41, -678, 492, 41, 0, 0, 0
L -689, 569, 41, -689, 492, 41, 0, 0, 0
L -612, 569, 41, -689, 569, 41, 0, 0, 0
L -612, 557, 41, -612, 569, 41, 0, 0, 0
L -596, 557, 41, -612, 557, 41, 0, 0, 0
L -596, 569, 41, -596, 557, 41, 0, 0, 0
L -510, 569, 21, -596, 569, 41, 0, 0, 0
L -510, 557, 21, -510, 569, 21, 0, 0, 0
L -494, 557, 21, -510, 557, 21, 0, 0, 0
L -494, 569, 21, -494, 557, 21, 0, 0, 0
L -417, 569, 21, -494, 569, 21, 0, 0, 0
L -417, 492, 21, -417, 569, 21, 0, 0, 0
L -429, 492, 21, -417, 492, 21, 0, 0, 0
L -429, 476, 21, -429, 492, 21, 0, 0, 0
L -417, 476, 21, -429, 476, 21, 0, 0, 0
L -417, 390, 1, -417, 476, 21, 0, 0, 0
L -429, 390, 1, -417, 390, 1, 0, 0, 0
L -429, 374, 1, -429, 390, 1, 0, 0, 0
L -429, 374, 1, -450, 374, 1, 0, 0, 0
L -450, 374, 1, -450, 370, 1, 0, 0, 0
L -399, 370, 1, -450, 370, 1, 0, 0, 0
L -399, 358, 1, -399, 370, 1, 0, 0, 0
L -383, 358, 1, -399, 358, 1, 0, 0, 0
L -383, 370, 1, -383, 358, 1, 0, 0, 0
L -291, 370, 1, -383, 370, 1, 0, 0, 0
L -291, 358, 1, -291, 370, 1, 0, 0, 0
L -275, 358, 1, -291, 358, 1, 0, 0, 0
L -275, 319, 1, -275, 358, 1, 0, 0, 0
L -291, 319, 1, -275, 319, 1, 0, 0, 0
L -291, 308, 1, -291, 319, 1, 0, 0, 0
L -334, 194, 1, -338, 209, 1, 0, 0, 0
L -348, 186, 1, -334, 194, 1, 0, 0, 0
L -355, 173, 1, -348, 186, 1, 0, 0, 0
L -371, 177, 1, -355, 173, 1, 0, 0, 0
L -372, 164, 1, -371, 177, 1, 0, 0, 0
L -371, 152, 1, -372, 164, 1, 0, 0, 0
L -355, 156, 1, -371, 152, 1, 0, 0, 0
L -348, 143, 1, -355, 156, 1, 0, 0, 0
L -334, 135, 1, -348, 143, 1, 0, 0, 0
L -338, 120, 1, -334, 135, 1, 0, 0, 0
L -327, 118, 1, -338, 120, 1, 0, 0, 0
L -318, 119, 1, -327, 118, 1, 0, 0, 0
L -314, 120, 1, -318, 119, 1, 0, 0, 0
L -318, 135, 1, -314, 120, 1, 0, 0, 0
L -304, 143, 1, -318, 135, 1, 0, 0, 0
L -296, 156, 1, -304, 143, 1, 0, 0, 0
L -281, 152, 1, -296, 156, 1, 0, 0, 0
L -281, 177, 1, -296, 173, 1, 0, 0, 0
L -280, 159, 1, -281, 152, 1, 0, 0, 0
L -280, 165, 1, -280, 159, 1, 0, 0, 0
L -281, 173, 1, -280, 165, 1, 0, 0, 0
L -281, 177, 1, -281, 173, 1, 0, 0, 0
L -304, 186, 1, -296, 173, 1, 0, 0, 0
L -318, 194, 1, -304, 186, 1, 0, 0, 0
L -314, 209, 1, -318, 194, 1, 0, 0, 0
L -325, 211, 1, -314, 209, 1, 0, 0, 0
L -338, 209, 1, -325, 211, 1, 0, 0, 0
L -301, 57, 1, -307, 55, 1, 0, 0, 0
L -288, 60, 1, -301, 57, 1, 0, 0, 0
L -280, 46, 1, -288, 60, 1, 0, 0, 0
L -247, 66, 1, -280, 46, 1, 0, 0, 0
L -255, 79, 1, -247, 66, 1, 0, 0, 0
L -241, 93, 1, -255, 79, 1, 0, 0, 0
L -228, 85, 1, -241, 93, 1, 0, 0, 0
L -208, 119, 1, -228, 85, 1, 0, 0, 0
L -222, 126, 1, -208, 119, 1, 0, 0, 0
L -219, 136, 1, -222, 126, 1, 0, 0, 0
L -217, 145, 1, -219, 136, 1, 0, 0, 0
L -201, 145, 1, -217, 145, 1, 0, 0, 0
L -201, 184, 1, -201, 145, 1, 0, 0, 0
L -217, 183, 1, -201, 184, 1, 0, 0, 0
L -217, 185, 1, -217, 184, 1, 0, 0, 0
L -219, 193, 1, -217, 183, 1, 0, 0, 0
L -222, 203, 1, -219, 193, 1, 0, 0, 0
L -208, 210, 1, -222, 203, 1, 0, 0, 0
L -228, 244, 1, -208, 210, 1, 0, 0, 0
L -241, 235, 1, -228, 244, 1, 0, 0, 0
L -247, 242, 1, -241, 235, 1, 0, 0, 0
L -255, 250, 1, -247, 242, 1, 0, 0, 0
L -254, 250, 1, -255, 250, 1, 0, 0, 0
L -247, 263, 1, -254, 250, 1, 0, 0, 0
L -280, 282, 1, -247, 263, 1, 0, 0, 0
L -288, 268, 1, -280, 282, 1, 0, 0, 0
L -296, 271, 1, -288, 268, 1, 0, 0, 0
L -307, 273, 1, -296, 271, 1, 0, 0, 0
L -306, 290, 1, -307, 273, 1, 0, 0, 0
L -332, 308, 1, -332, 303, 1, 0, 0, 0
L -383, 308, 1, -332, 308, 1, 0, 0, 0
L -320, 308, 1, -320, 303, 1, 0, 0, 0
L -291, 308, 1, -320, 308, 1, 0, 0, 0
L -299, 290, 1, -306, 290, 1, 0, 0, 0
L -299, 303, 1, -299, 290, 1, 0, 0, 0
L -320, 303, 1, -299, 303, 1, 0, 0, 0
L -353, 303, 1, -332, 303, 1, 0, 0, 0
L -353, 290, 1, -353, 303, 1, 0, 0, 0
L -346, 290, 1, -353, 290, 1, 0, 0, 0
L -345, 273, 1, -346, 290, 1, 0, 0, 0
L -354, 271, 1, -345, 273, 1, 0, 0, 0
L -364, 268, 1, -354, 271, 1, 0, 0, 0
L -371, 282, 1, -364, 268, 1, 0, 0, 0
L -405, 263, 1, -371, 282, 1, 0, 0, 0
L -399, 252, 1, -405, 263, 1, 0, 0, 0
L -397, 249, 1, -399, 252, 1, 0, 0, 0
L -404, 243, 1, -397, 249, 1, 0, 0, 0
L -411, 235, 1, -404, 243, 1, 0, 0, 0
L -413, 237, 1, -411, 235, 1, 0, 0, 0
L -424, 244, 1, -413, 237, 1, 0, 0, 0
L -444, 210, 1, -424, 244, 1, 0, 0, 0
L -430, 203, 1, -444, 210, 1, 0, 0, 0
L -433, 193, 1, -430, 203, 1, 0, 0, 0
L -435, 183, 1, -433, 193, 1, 0, 0, 0
L -441, 184, 1, -435, 183, 1, 0, 0, 0
L -451, 184, 1, -441, 184, 1, 0, 0, 0
L -451, 145, 1, -451, 184, 1, 0, 0, 0
L -435, 145, 1, -451, 145, 1, 0, 0, 0
L -433, 136, 1, -435, 145, 1, 0, 0, 0
L -430, 126, 1, -433, 136, 1, 0, 0, 0
L -435, 124, 1, -430, 126, 1, 0, 0, 0
L -444, 119, 1, -435, 124, 1, 0, 0, 0
L -426, 87, 1, -444, 119, 1, 0, 0, 0
L -424, 85, 1, -426, 87, 1, 0, 0, 0
L -411, 93, 1, -424, 85, 1, 0, 0, 0
L -397, 79, 1, -411, 93, 1, 0, 0, 0
L -398, 78, 1, -397, 79, 1, 0, 0, 0
L -405, 66, 1, -398, 78, 1, 0, 0, 0
L -371, 46, 1, -405, 66, 1, 0, 0, 0
L -365, 59, 1, -371, 46, 1, 0, 0, 0
L -364, 60, 1, -365, 59, 1, 0, 0, 0
L -355, 57, 1, -364, 60, 1, 0, 0, 0
L -345, 55, 1, -355, 57, 1, 0, 0, 0
L -370, -73, 1, -352, -77, 1, 0, 0, 0
L -370, -93, 1, -352, -89, 1, 0, 0, 0
L -336, -39, 1, -332, -56, 1, 0, 0, 0
L -316, -39, 1, -320, -57, 1, 0, 0, 0
L -316, -127, 1, -320, -110, 1, 0, 0, 0
L -336, -127, 1, -332, -109, 1, 0, 0, 0
L -282, -93, 1, -299, -89, 1, 0, 0, 0
L -283, -73, 1, -300, -78, 1, 0, 0, 0
L -300, -74, 4, -300, -78, 4, 0, 0, 0
L -302, -65, 4, -300, -74, 4, 0, 0, 0
L -308, -59, 4, -302, -65, 4, 0, 0, 0
L -316, -57, 4, -308, -59, 4, 0, 0, 0
L -320, -57, 4, -316, -57, 4, 0, 0, 0
L -344, -59, 4, -332, -56, 4, 0, 0, 0
L -350, -65, 4, -344, -59, 4, 0, 0, 0
L -352, -72, 4, -350, -65, 4, 0, 0, 0
L -352, -77, 4, -352, -72, 4, 0, 0, 0
L -352, -92, 4, -352, -89, 4, 0, 0, 0
L -350, -100, 4, -352, -92, 4, 0, 0, 0
L -344, -107, 4, -350, -100, 4, 0, 0, 0
L -336, -109, 4, -344, -107, 4, 0, 0, 0
L -332, -109, 4, -336, -109, 4, 0, 0, 0
L -308, -107, 4, -320, -110, 4, 0, 0, 0
L -302, -101, 4, -308, -107, 4, 0, 0, 0
L -300, -94, 4, -302, -101, 4, 0, 0, 0
L -299, -89, 4, -300, -94, 4, 0, 0, 0
L -307, -192, 1, -307, -199, 1, 0, 0, 0
L -298, -190, 1, -307, -192, 1, 0, 0, 0
L -288, -187, 1, -298, -190, 1, 0, 0, 0
L -287, -189, 1, -288, -187, 1, 0, 0, 0
L -280, -201, 1, -287, -189, 1, 0, 0, 0
L -247, -181, 1, -280, -201, 1, 0, 0, 0
L -254, -170, 1, -247, -181, 1, 0, 0, 0
L -255, -168, 1, -254, -170, 1, 0, 0, 0
L -241, -154, 1, -255, -168, 1, 0, 0, 0
L -239, -156, 1, -241, -154, 1, 0, 0, 0
L -228, -162, 1, -239, -156, 1, 0, 0, 0
L -208, -128, 1, -228, -162, 1, 0, 0, 0
L -222, -121, 1, -208, -128, 1, 0, 0, 0
L -219, -111, 1, -222, -121, 1, 0, 0, 0
L -217, -102, 1, -219, -111, 1, 0, 0, 0
L -214, -102, 1, -217, -102, 1, 0, 0, 0
L -201, -103, 1, -214, -102, 1, 0, 0, 0
L -201, -63, 1, -201, -103, 1, 0, 0, 0
L -215, -64, 1, -201, -63, 1, 0, 0, 0
L -217, -64, 1, -215, -64, 1, 0, 0, 0
L -219, -54, 1, -217, -64, 1, 0, 0, 0
L -222, -45, 1, -219, -54, 1, 0, 0, 0
L -208, -38, 1, -222, -45, 1, 0, 0, 0
L -228, -4, 1, -208, -38, 1, 0, 0, 0
L -240, -11, 1, -228, -4, 1, 0, 0, 0
L -241, -12, 1, -240, -11, 1, 0, 0, 0
L -248, -4, 1, -241, -12, 1, 0, 0, 0
L -255, 2, 1, -248, -4, 1, 0, 0, 0
L -254, 3, 1, -255, 2, 1, 0, 0, 0
L -247, 15, 1, -254, 3, 1, 0, 0, 0
L -280, 35, 1, -247, 15, 1, 0, 0, 0
L -287, 22, 1, -280, 35, 1, 0, 0, 0
L -288, 21, 1, -287, 22, 1, 0, 0, 0
L -296, 24, 1, -288, 21, 1, 0, 0, 0
L -307, 26, 1, -296, 24, 1, 0, 0, 0
L -307, 55, 1, -307, 26, 1, 0, 0, 0
L -345, 26, 1, -345, 55, 1, 0, 0, 0
L -354, 24, 1, -345, 26, 1, 0, 0, 0
L -364, 21, 1, -354, 24, 1, 0, 0, 0
L -365, 22, 1, -364, 21, 1, 0, 0, 0
L -371, 35, 1, -365, 22, 1, 0, 0, 0
L -405, 15, 1, -371, 35, 1, 0, 0, 0
L -398, 3, 1, -405, 15, 1, 0, 0, 0
L -397, 2, 1, -398, 3, 1, 0, 0, 0
L -411, -12, 1, -397, 2, 1, 0, 0, 0
L -413, -11, 1, -411, -12, 1, 0, 0, 0
L -424, -4, 1, -413, -11, 1, 0, 0, 0
L -444, -38, 1, -424, -4, 1, 0, 0, 0
L -430, -45, 1, -444, -38, 1, 0, 0, 0
L -430, -46, 1, -430, -45, 1, 0, 0, 0
L -433, -53, 1, -430, -45, 1, 0, 0, 0
L -435, -64, 1, -433, -53, 1, 0, 0, 0
L -437, -64, 1, -435, -64, 1, 0, 0, 0
L -451, -63, 1, -437, -64, 1, 0, 0, 0
L -451, -103, 1, -451, -63, 1, 0, 0, 0
L -435, -102, 1, -451, -103, 1, 0, 0, 0
L -433, -112, 1, -435, -102, 1, 0, 0, 0
L -430, -121, 1, -433, -112, 1, 0, 0, 0
L -431, -122, 1, -430, -121, 1, 0, 0, 0
L -444, -128, 1, -431, -122, 1, 0, 0, 0
L -424, -162, 1, -444, -128, 1, 0, 0, 0
L -411, -154, 1, -424, -162, 1, 0, 0, 0
L -411, -154, 1, -405, -161, 1, 0, 0, 0
L -397, -168, 1, -405, -160, 1, 0, 0, 0
L -398, -169, 1, -397, -169, 1, 0, 0, 0
L -405, -181, 1, -397, -168, 1, 0, 0, 0
L -371, -201, 1, -405, -181, 1, 0, 0, 0
L -364, -187, 1, -371, -201, 1, 0, 0, 0
L -359, -189, 1, -364, -187, 1, 0, 0, 0
L -345, -192, 1, -359, -189, 1, 0, 0, 0
L -299, -208, 1, -299, -222, 1, 0, 0, 0
L -306, -208, 1, -299, -208, 1, 0, 0, 0
L -307, -198, 1, -306, -208, 1, 0, 0, 0
L -346, -208, 1, -345, -192, 1, 0, 0, 0
L -353, -208, 1, -346, -208, 1, 0, 0, 0
L -353, -222, 1, -353, -208, 1, 0, 0, 0
L -332, -222, 1, -353, -222, 1, 0, 0, 0
L -299, -222, 1, -320, -222, 1, 0, 0, 0
L -320, -226, 1, -320, -222, 1, 0, 0, 0
L -332, -226, 1, -332, -222, 1, 0, 0, 0
L -332, -226, 1, -361, -226, 1, 0, 0, 0
L -161, -277, 1, -161, -288, 1, 0, 0, 0
L -146, -277, 1, -161, -277, 1, 0, 0, 0
L -146, -238, 1, -146, -277, 1, 0, 0, 0
L -161, -238, 1, -146, -238, 1, 0, 0, 0
L -161, -226, 1, -161, -238, 1, 0, 0, 0
L -253, -226, 1, -161, -226, 1, 0, 0, 0
L -253, -238, 1, -253, -226, 1, 0, 0, 0
L -269, -238, 1, -253, -238, 1, 0, 0, 0
L -269, -226, 1, -269, -238, 1, 0, 0, 0
L -320, -226, 1, -269, -226, 1, 0, 0, 0
L -361, -238, 1, -361, -226, 1, 0, 0, 0
L -377, -238, 1, -361, -238, 1, 0, 0, 0
L -377, -277, 1, -377, -238, 1, 0, 0, 0
L -361, -277, 1, -377, -277, 1, 0, 0, 0
L -361, -289, 1, -361, -277, 1, 0, 0, 0
L -269, -289, 1, -361, -289, 1, 0, 0, 0
L -269, -277, 1, -269, -289, 1, 0, 0, 0
L -253, -277, 1, -269, -277, 1, 0, 0, 0
L -253, -289, 1, -253, -277, 1, 0, 0, 0
L -202, -289, 1, -253, -289, 1, 0, 0, 0
L -191, -289, 1, -161, -288, 1, 0, 0, 0
L -191, -289, 1, -191, -293, 1, 0, 0, 0
L -202, -293, 1, -202, -289, 1, 0, 0, 0
L -40, -476, -39, -40, -488, -39, 0, 0, 0
L -56, -476, -39, -40, -476, -39, 0, 0, 0
L -56, -488, -39, -56, -476, -39, 0, 0, 0
L -158, -488, -19, -235, -488, -19, 0, 0, 0
L -56, -488, -27, -142, -488, -23, 0, 0, 0
L -142, -476, -19, -142, -488, -19, 0, 0, 0
L -158, -476, -19, -142, -476, -19, 0, 0, 0
L -158, -488, -19, -158, -476, -19, 0, 0, 0
L -223, -410, -19, -235, -410, -19, 0, 0, 0
L -223, -395, -19, -223, -410, -19, 0, 0, 0
L -235, -395, -19, -223, -395, -19, 0, 0, 0
L -235, -309, 1, -235, -395, -19, 0, 0, 0
L -223, -309, 1, -235, -309, 1, 0, 0, 0
L -223, -293, 1, -223, -309, 1, 0, 0, 0
L -202, -293, 1, -223, -293, 1, 0, 0, 0
L -191, -293, 3, -169, -293, 1, 0, 0, 0
L -169, -309, 1, -169, -293, 1, 0, 0, 0
L -158, -309, 1, -169, -309, 1, 0, 0, 0
L -158, -395, -19, -158, -309, 1, 0, 0, 0
L -169, -395, -19, -158, -395, -19, 0, 0, 0
L -169, -410, -19, -169, -395, -19, 0, 0, 0
L -158, -410, -19, -169, -410, -19, 0, 0, 0
L -158, -422, -19, -158, -410, -19, 0, 0, 0
L -142, -422, -19, -158, -422, -19, 0, 0, 0
L -142, -410, -19, -142, -422, -19, 0, 0, 0
L -84, -410, -33, -142, -410, -19, 0, 0, 0
L -56, -410, -39, -84, -410, -33, 0, 0, 0
L -56, -422, -39, -56, -410, -39, 0, 0, 0
L -40, -422, -39, -56, -422, -39, 0, 0, 0
L -40, -410, -39, -40, -422, -39, 0, 0, 0
L -28, -410, -39, -40, -410, -39, 0, 0, 0
L -28, -395, -39, -28, -410, -39, 0, 0, 0
L -40, -395, -39, -28, -395, -39, 0, 0, 0
L -28, -309, -59, -40, -308, -59, 0, 0, 0
L -28, -309, -59, -28, -293, -59, 0, 0, 0
L -7, -293, -59, -28, -293, -59, 0, 0, 0
L -7, -289, -59, -7, -293, -59, 0, 0, 0
L -28, -278, -59, -28, -288, -59, 0, 0, 0
L -7, -289, -59, -28, -288, -59, 0, 0, 0
L 26, -289, -59, 26, -278, -59, 0, 0, 0
L 5, -289, -59, 26, -289, -59, 0, 0, 0
L 5, -293, -59, 5, -289, -59, 0, 0, 0
L 5, -293, -42, 26, -293, -59, 0, 0, 0
L 26, -308, -59, 37, -309, -59, 0, 0, 0
L 26, -293, -59, 26, -308, -59, 0, 0, 0
L -235, -410, -18, -235, -488, -18, 0, 0, 0
L 37, -488, -35, -40, -488, -35, 0, 0, 0
L 37, -488, -38, 37, -309, -32, 0, 0, 0
L -40, -308, -51, -40, -395, -38, 0, 0, 0
L -93, -58, -31, -39, -27, -32, 0, 0, 0
L -107, -84, -32, -93, -58, -32, 0, 0, 0
L -126, -116, -31, -107, -84, -32, 0, 0, 0
L -126, -183, -32, -126, -116, -32, 0, 0, 0
L -121, -192, -34, -122, -190, -32, 0, 0, 0
L -93, -241, -31, -126, -183, -34, 0, 0, 0
L -28, -278, -31, -93, -241, -32, 0, 0, 0
L 57, -260, -32, 26, -278, -31, 0, 0, 0
L 90, -241, -31, 57, -260, -32, 0, 0, 0
L 105, -216, -32, 90, -241, -31, 0, 0, 0
L 124, -183, -32, 105, -216, -32, 0, 0, 0
L 124, -116, -31, 124, -183, -31, 0, 0, 0
L 119, -108, -38, 120, -109, -32, 0, 0, 0
L 114, -100, -37, 124, -116, -38, 0, 0, 0
L 90, -58, -31, 114, -100, -37, 0, 0, 0
L 65, -44, -32, 90, -58, -31, 0, 0, 0
L 37, -27, -31, 65, -44, -32, 0, 0, 0
L -39, 26, -48, -39, -27, -33, 0, 0, 0
L -39, 26, -39, -39, 26, -48, 0, 0, 0
L -34, 32, -39, -39, 26, -39, 0, 0, 0
L -34, 33, -39, -34, 32, -39, 0, 0, 0
L -28, 42, -38, -34, 33, -39, 0, 0, 0
L -24, 50, -37, -28, 42, -38, 0, 0, 0
L -22, 56, -37, -24, 50, -37, 0, 0, 0
L -21, 58, -37, -22, 56, -37, 0, 0, 0
L -19, 66, -37, -21, 58, -37, 0, 0, 0
L -12, 66, -36, -19, 66, -36, 0, 0, 0
L 37, 26, -44, 37, -27, -32, 0, 0, 0
L 31, 33, -40, 37, 26, -41, 0, 0, 0
L 26, 42, -40, 31, 33, -40, 0, 0, 0
L 22, 50, -40, 26, 42, -40, 0, 0, 0
L 19, 58, -40, 22, 50, -40, 0, 0, 0
L 17, 66, -40, 19, 58, -40, 0, 0, 0
L 10, 66, -36, 17, 66, -36, 0, 0, 0
L 10, 84, -43, 10, 66, -43, 0, 0, 0
L -12, 84, -42, 10, 84, -43, 0, 0, 0
L -12, 84, -42, -12, 66, -42, 0, 0, 0
L -742, 81, 56, -725, 81, 56, 0, 0, 0
L -742, 81, 56, -742, 99, 56, 0, 0, 0
L -767, 81, 56, -767, 99, 56, 0, 0, 0
L -767, 81, 56, -785, 81, 56, 0, 0, 0
L -767, 56, 56, -785, 56, 56, 0, 0, 0
L -767, 56, 56, -767, 39, 56, 0, 0, 0
L -742, 56, 56, -724, 56, 56, 0, 0, 0
L -742, 56, 56, -742, 38, 56, 0, 0, 0
L -630, 37, 56, -614, 37, 56, 0, 0, 0
L -635, 35, 56, -635, 14, 56, 0, 0, 0
L -713, 27, 56, -700, 27, 56, 0, 0, 0
L -700, 14, 57, -700, 27, 57, 0, 0, 0
L -713, 27, 56, -713, 14, 56, 0, 0, 0
L -713, 14, 56, -635, 14, 56, 0, 0, 0
L -700, 14, 56, -700, -7, 56, 0, 0, 0
L -700, -7, 56, -747, -7, 56, 0, 0, 0
L -763, -7, 56, -809, -7, 56, 0, 0, 0
L -809, -7, 56, -809, 13, 56, 0, 0, 0
L -809, 13, 56, -797, 13, 56, 0, 0, 0
L -797, 13, 56, -797, 27, 56, 0, 0, 0
L -797, 27, 56, -810, 27, 56, 0, 0, 0
L -810, 14, 56, -810, 27, 56, 0, 0, 0
L -810, 14, 56, -875, 14, 56, 0, 0, 0
L -875, 14, 56, -875, 37, 56, 0, 0, 0
L -875, 37, 56, -896, 37, 56, 0, 0, 0
L -896, 37, 56, -896, 63, 56, 0, 0, 0
L -896, 74, 56, -896, 101, 56, 0, 0, 0
L -896, 101, 56, -875, 101, 56, 0, 0, 0
L -875, 101, 56, -875, 123, 56, 0, 0, 0
L -875, 123, 56, -810, 123, 56, 0, 0, 0
L -810, 123, 56, -810, 110, 56, 0, 0, 0
L -810, 110, 56, -797, 110, 56, 0, 0, 0
L -797, 110, 56, -797, 124, 56, 0, 0, 0
L -809, 124, 56, -797, 124, 56, 0, 0, 0
L -809, 124, 56, -809, 144, 56, 0, 0, 0
L -809, 144, 56, -763, 144, 56, 0, 0, 0
L -747, 144, 56, -700, 144, 56, 0, 0, 0
L -700, 144, 56, -700, 124, 56, 0, 0, 0
L -700, 124, 56, -713, 124, 56, 0, 0, 0
L -713, 124, 56, -713, 110, 56, 0, 0, 0
L -713, 110, 56, -700, 110, 56, 0, 0, 0
L -700, 123, 56, -700, 110, 56, 0, 0, 0
L -700, 123, 56, -635, 123, 56, 0, 0, 0
L -635, 101, 56, -614, 101, 56, 0, 0, 0
L -635, 101, 56, -635, 123, 56, 0, 0, 0
L -763, -9, 61, -775, -9, 61, 0, 0, 0
L -775, -9, 61, -775, -11, 61, 0, 0, 0
L -775, -11, 61, -781, -11, 61, 0, 0, 0
L -781, -9, 61, -781, -11, 61, 0, 0, 0
L -781, -9, 61, -785, -9, 61, 0, 0, 0
L -785, -9, 61, -785, -49, 61, 0, 0, 0
L -785, -49, 61, -781, -49, 61, 0, 0, 0
L -781, -49, 61, -781, -47, 61, 0, 0, 0
L -781, -47, 61, -775, -47, 61, 0, 0, 0
L -775, -49, 61, -775, -47, 61, 0, 0, 0
L -775, -49, 61, -734, -49, 61, 0, 0, 0
L -734, -49, 61, -734, -47, 61, 0, 0, 0
L -728, -49, 61, -728, -47, 61, 0, 0, 0
L -728, -47, 61, -734, -47, 61, 0, 0, 0
L -728, -49, 61, -724, -49, 61, 0, 0, 0
L -724, -49, 61, -724, -9, 61, 0, 0, 0
L -724, -9, 61, -728, -9, 61, 0, 0, 0
L -728, -9, 61, -728, -11, 61, 0, 0, 0
L -728, -11, 61, -734, -11, 61, 0, 0, 0
L -734, -9, 61, -734, -11, 61, 0, 0, 0
L -734, -9, 61, -747, -9, 61, 0, 0, 0
L -734, 147, 61, -734, 148, 61, 0, 0, 0
L -734, 147, 61, -747, 147, 61, 0, 0, 0
L -734, 148, 61, -728, 148, 61, 0, 0, 0
L -728, 147, 61, -728, 148, 61, 0, 0, 0
L -728, 147, 61, -724, 147, 61, 0, 0, 0
L -724, 147, 61, -724, 186, 61, 0, 0, 0
L -724, 186, 61, -728, 186, 61, 0, 0, 0
L -728, 186, 61, -728, 185, 61, 0, 0, 0
L -728, 185, 61, -734, 185, 61, 0, 0, 0
L -734, 186, 61, -734, 185, 61, 0, 0, 0
L -734, 186, 61, -775, 186, 61, 0, 0, 0
L -775, 186, 61, -775, 185, 61, 0, 0, 0
L -775, 185, 61, -781, 185, 61, 0, 0, 0
L -781, 186, 61, -781, 185, 61, 0, 0, 0
L -781, 186, 61, -785, 186, 61, 0, 0, 0
L -785, 186, 61, -785, 147, 61, 0, 0, 0
L -785, 147, 61, -781, 147, 61, 0, 0, 0
L -781, 147, 61, -781, 148, 61, 0, 0, 0
L -781, 148, 61, -775, 148, 61, 0, 0, 0
L -775, 147, 61, -775, 148, 61, 0, 0, 0
L -775, 147, 61, -763, 147, 61, 0, 0, 0
L -914, 108, 61, -914, 97, 61, 0, 0, 0
L -914, 97, 61, -898, 97, 61, 0, 0, 0
L -898, 63, 61, -898, 41, 61, 0, 0, 0
L -898, 74, 61, -898, 97, 61, 0, 0, 0
L -914, 29, 61, -914, 41, 61, 0, 0, 0
L -914, 41, 61, -898, 41, 61, 0, 0, 0
L -898, 74, 61, -896, 74, 61, 0, 0, 0
L -898, 63, 61, -896, 63, 61, 0, 0, 0
L -914, 29, 61, -925, 29, 61, 0, 0, 0
L -925, 29, 61, -925, 13, 61, 0, 0, 0
L -925, 13, 61, -914, 13, 61, 0, 0, 0
L -914, 13, 61, -914, 2, 61, 0, 0, 0
L -914, 2, 61, -898, 2, 61, 0, 0, 0
L -898, 2, 61, -898, 13, 61, 0, 0, 0
L -898, 13, 61, -880, 13, 61, 0, 0, 0
L -880, 13, 61, -880, -25, 61, 0, 0, 0
L -880, -25, 61, -869, -34, 61, 0, 0, 0
L -869, -34, 61, -869, -77, 61, 0, 0, 0
L -869, -77, 61, -880, -85, 61, 0, 0, 0
L -880, -85, 61, -880, -124, 61, 0, 0, 0
L -880, -124, 61, -898, -124, 61, 0, 0, 0
L -898, -124, 61, -898, -113, 61, 0, 0, 0
L -898, -113, 61, -914, -113, 61, 0, 0, 0
L -914, -113, 61, -914, -124, 61, 0, 0, 0
L -914, -124, 61, -925, -124, 61, 0, 0, 0
L -925, -124, 61, -925, -138, 61, 0, 0, 0
L -925, -138, 61, -946, -138, 61, 0, 0, 0
L -958, -138, 61, -979, -138, 61, 0, 0, 0
L -979, -138, 61, -979, -124, 61, 0, 0, 0
L -979, -124, 61, -991, -124, 61, 0, 0, 0
L -991, -124, 61, -991, -113, 61, 0, 0, 0
L -991, -113, 61, -1007, -113, 61, 0, 0, 0
L -1007, -113, 61, -1007, -124, 61, 0, 0, 0
L -1007, -124, 61, -1024, -124, 61, 0, 0, 0
L -1024, -124, 61, -1024, -85, 61, 0, 0, 0
L -1024, -85, 61, -1035, -77, 61, 0, 0, 0
L -1035, -77, 61, -1035, -34, 61, 0, 0, 0
L -1035, -34, 61, -1024, -25, 61, 0, 0, 0
L -1024, -25, 61, -1024, 13, 61, 0, 0, 0
L -1024, 13, 61, -1007, 13, 61, 0, 0, 0
L -1007, 13, 61, -1007, 2, 61, 0, 0, 0
L -1007, 2, 61, -991, 2, 61, 0, 0, 0
L -991, 2, 61, -991, 13, 61, 0, 0, 0
L -991, 13, 61, -979, 13, 61, 0, 0, 0
L -979, 13, 61, -979, 29, 61, 0, 0, 0
L -979, 29, 61, -991, 29, 61, 0, 0, 0
L -991, 29, 61, -991, 108, 61, 0, 0, 0
L -991, 108, 61, -914, 108, 61, 0, 0, 0
L -958, -138, 61, -958, -143, 61, 0, 0, 0
L -946, -138, 61, -946, -143, 61, 0, 0, 0
L -946, -143, 61, -925, -143, 61, 0, 0, 0
L -979, -143, 61, -958, -143, 61, 0, 0, 0
L -925, -143, 61, -925, -158, 61, 0, 0, 0
L -925, -158, 61, -914, -158, 61, 0, 0, 0
L -914, -158, 61, -914, -244, 81, 0, 0, 0
L -914, -244, 81, -925, -244, 81, 0, 0, 0
L -925, -244, 81, -925, -260, 81, 0, 0, 0
L -925, -260, 81, -914, -260, 81, 0, 0, 0
L -914, -260, 81, -914, -338, 81, 0, 0, 0
L -914, -338, 81, -991, -338, 81, 0, 0, 0
L -991, -338, 81, -991, -326, 81, 0, 0, 0
L -991, -326, 81, -1007, -326, 81, 0, 0, 0
L -1007, -326, 81, -1007, -338, 81, 0, 0, 0
L -1007, -338, 81, -1093, -338, 101, 0, 0, 0
L -1093, -338, 101, -1093, -326, 101, 0, 0, 0
L -1093, -326, 101, -1109, -326, 101, 0, 0, 0
L -1109, -326, 101, -1109, -338, 101, 0, 0, 0
L -1109, -338, 101, -1186, -338, 101, 0, 0, 0
L -1186, -338, 101, -1186, -260, 101, 0, 0, 0
L -1186, -260, 101, -1174, -260, 101, 0, 0, 0
L -1174, -260, 101, -1174, -245, 101, 0, 0, 0
L -1174, -245, 101, -1186, -245, 101, 0, 0, 0
L -1186, -245, 101, -1186, -158, 121, 0, 0, 0
L -1186, -158, 121, -1174, -158, 121, 0, 0, 0
L -1174, -158, 121, -1174, -143, 121, 0, 0, 0
L -1174, -143, 121, -1153, -143, 121, 0, 0, 0
L -1142, -143, 121, -1120, -143, 121, 0, 0, 0
L -1120, -143, 121, -1120, -158, 121, 0, 0, 0
L -1120, -158, 121, -1109, -158, 121, 0, 0, 0
L -1109, -158, 121, -1109, -245, 101, 0, 0, 0
L -1109, -245, 101, -1120, -244, 101, 0, 0, 0
L -1120, -244, 101, -1120, -260, 101, 0, 0, 0
L -1120, -260, 101, -1109, -260, 101, 0, 0, 0
L -1109, -260, 101, -1109, -272, 101, 0, 0, 0
L -1109, -272, 101, -1093, -272, 101, 0, 0, 0
L -1093, -272, 101, -1093, -260, 101, 0, 0, 0
L -1093, -260, 101, -1007, -260, 81, 0, 0, 0
L -1007, -260, 81, -1007, -272, 81, 0, 0, 0
L -1007, -272, 81, -991, -272, 81, 0, 0, 0
L -991, -272, 81, -991, -260, 81, 0, 0, 0
L -991, -260, 81, -979, -260, 81, 0, 0, 0
L -979, -260, 81, -979, -244, 81, 0, 0, 0
L -979, -244, 81, -991, -244, 81, 0, 0, 0
L -991, -244, 81, -991, -158, 61, 0, 0, 0
L -991, -158, 61, -979, -158, 61, 0, 0, 0
L -979, -158, 61, -979, -143, 61, 0, 0, 0
L -1142, -139, 121, -1142, -143, 121, 0, 0, 0
L -1153, -139, 121, -1153, -143, 121, 0, 0, 0
L -1153, -139, 121, -1175, -139, 121, 0, 0, 0
L -1142, -139, 121, -1119, -139, 121, 0, 0, 0
L -1119, -123, 121, -1119, -139, 121, 0, 0, 0
L -1119, -123, 121, -1108, -123, 121, 0, 0, 0
L -1108, -123, 121, -1108, -46, 121, 0, 0, 0
L -1108, -46, 121, -1187, -46, 121, 0, 0, 0
L -1187, -46, 121, -1187, -57, 121, 0, 0, 0
L -1187, -57, 121, -1203, -57, 121, 0, 0, 0
L -1203, -57, 121, -1203, -46, 121, 0, 0, 0
L -1203, -46, 121, -1214, -46, 121, 0, 0, 0
L -1214, -46, 121, -1214, -30, 121, 0, 0, 0
L -1214, -30, 121, -1203, -30, 121, 0, 0, 0
L -1203, -30, 121, -1203, 56, 141, 0, 0, 0
L -1203, 56, 141, -1214, 56, 141, 0, 0, 0
L -1214, 56, 141, -1214, 71, 141, 0, 0, 0
L -1214, 71, 141, -1236, 71, 141, 0, 0, 0
L -1268, 71, 141, -1247, 71, 141, 0, 0, 0
L -1268, 56, 141, -1268, 71, 141, 0, 0, 0
L -1268, 56, 141, -1280, 56, 141, 0, 0, 0
L -1280, 56, 141, -1280, -30, 121, 0, 0, 0
L -1280, -30, 121, -1268, -30, 121, 0, 0, 0
L -1268, -30, 121, -1268, -46, 121, 0, 0, 0
L -1268, -46, 121, -1280, -46, 121, 0, 0, 0
L -1280, -46, 121, -1280, -57, 121, 0, 0, 0
L -1280, -57, 121, -1296, -57, 121, 0, 0, 0
L -1296, -57, 121, -1296, -46, 121, 0, 0, 0
L -1296, -46, 121, -1382, -46, 141, 0, 0, 0
L -1382, -46, 141, -1382, -57, 141, 0, 0, 0
L -1382, -57, 141, -1398, -57, 141, 0, 0, 0
L -1398, -57, 141, -1398, -46, 141, 0, 0, 0
L -1398, -46, 141, -1477, -46, 141, 0, 0, 0
L -1477, -46, 141, -1477, -123, 141, 0, 0, 0
L -1477, -123, 141, -1465, -123, 141, 0, 0, 0
L -1465, -123, 141, -1465, -139, 141, 0, 0, 0
L -1443, -139, 141, -1465, -139, 141, 0, 0, 0
L -1432, -139, 141, -1409, -139, 141, 0, 0, 0
L -1409, -123, 141, -1409, -139, 141, 0, 0, 0
L -1409, -123, 141, -1398, -123, 141, 0, 0, 0
L -1398, -123, 141, -1398, -112, 141, 0, 0, 0
L -1398, -112, 141, -1382, -112, 141, 0, 0, 0
L -1382, -112, 141, -1382, -123, 141, 0, 0, 0
L -1382, -123, 141, -1296, -123, 121, 0, 0, 0
L -1296, -123, 121, -1296, -112, 121, 0, 0, 0
L -1296, -112, 121, -1280, -112, 121, 0, 0, 0
L -1280, -112, 121, -1280, -123, 121, 0, 0, 0
L -1280, -123, 121, -1203, -123, 121, 0, 0, 0
L -1203, -123, 121, -1203, -112, 121, 0, 0, 0
L -1203, -112, 121, -1187, -112, 121, 0, 0, 0
L -1187, -112, 121, -1187, -123, 121, 0, 0, 0
L -1187, -123, 121, -1175, -123, 121, 0, 0, 0
L -1175, -123, 121, -1175, -139, 121, 0, 0, 0
L -1432, -143, 141, -1432, -139, 141, 0, 0, 0
L -1443, -143, 141, -1443, -139, 141, 0, 0, 0
L -1464, -143, 144, -1443, -143, 154, 0, 0, 0
L -1432, -143, 141, -1410, -143, 141, 0, 0, 0
L -1410, -143, 141, -1410, -158, 141, 0, 0, 0
L -1410, -158, 141, -1399, -158, 141, 0, 0, 0
L -1399, -158, 141, -1399, -244, 141, 0, 0, 0
L -1399, -244, 141, -1410, -244, 141, 0, 0, 0
L -1410, -244, 141, -1410, -260, 141, 0, 0, 0
L -1410, -260, 141, -1399, -260, 141, 0, 0, 0
L -1399, -260, 141, -1399, -269, 141, 0, 0, 0
L -1399, -269, 141, -1374, -269, 141, 0, 0, 0
L -1374, -269, 141, -1374, -361, 141, 0, 0, 0
L -1374, -361, 141, -1419, -361, 141, 0, 0, 0
L -1419, -361, 141, -1419, -342, 141, 0, 0, 0
L -1419, -342, 141, -1417, -335, 141, 0, 0, 0
L -1417, -335, 141, -1410, -319, 141, 0, 0, 0
L -1410, -319, 141, -1401, -305, 141, 0, 0, 0
L -1424, -396, 141, -1424, -393, 141, 0, 0, 0
L -1424, -393, 141, -1427, -385, 141, 0, 0, 0
L -1427, -385, 141, -1426, -342, 141, 0, 0, 0
L -1426, -342, 141, -1424, -335, 141, 0, 0, 0
L -1424, -335, 141, -1421, -327, 141, 0, 0, 0
L -1421, -327, 141, -1417, -319, 141, 0, 0, 0
L -1417, -319, 141, -1409, -305, 141, 0, 0, 0
L -1409, -305, 142, -1401, -305, 142, 0, 0, 0
L -1464, -143, 141, -1464, -158, 141, 0, 0, 0
L -1464, -158, 141, -1476, -158, 141, 0, 0, 0
L -1476, -158, 141, -1476, -244, 141, 0, 0, 0
L -1476, -244, 141, -1464, -244, 141, 0, 0, 0
L -1464, -244, 141, -1464, -260, 141, 0, 0, 0
L -1464, -260, 141, -1476, -260, 141, 0, 0, 0
L -1476, -260, 141, -1476, -269, 141, 0, 0, 0
L -1476, -269, 141, -1501, -269, 141, 0, 0, 0
L -1501, -269, 141, -1501, -361, 141, 0, 0, 0
L -1501, -361, 141, -1456, -361, 141, 0, 0, 0
L -1456, -361, 141, -1456, -341, 141, 0, 0, 0
L -1456, -341, 141, -1457, -336, 141, 0, 0, 0
L -1457, -336, 141, -1461, -327, 141, 0, 0, 0
L -1461, -327, 141, -1465, -319, 141, 0, 0, 0
L -1465, -319, 141, -1474, -305, 141, 0, 0, 0
L -1424, -395, 141, -1421, -401, 141, 0, 0, 0
L -1421, -401, 141, -1417, -410, 141, 0, 0, 0
L -1417, -410, 141, -1408, -424, 141, 0, 0, 0
L -1448, -363, 141, -1448, -343, 141, 0, 0, 0
L -1448, -343, 141, -1451, -334, 141, 0, 0, 0
L -1451, -334, 141, -1451, -332, 141, 0, 0, 0
L -1451, -332, 141, -1453, -327, 141, 0, 0, 0
L -1453, -327, 141, -1467, -305, 141, 0, 0, 0
L -1467, -305, 142, -1474, -305, 142, 0, 0, 0
L -1448, -363, 141, -1449, -387, 141, 0, 0, 0
L -1449, -387, 141, -1450, -393, 141, 0, 0, 0
L -1450, -393, 141, -1453, -401, 141, 0, 0, 0
L -1453, -401, 141, -1458, -410, 141, 0, 0, 0
L -1458, -410, 141, -1467, -424, 141, 0, 0, 0
L -1456, -366, 141, -1456, -387, 141, 0, 0, 0
L -1456, -387, 141, -1458, -392, 141, 0, 0, 0
L -1458, -392, 141, -1461, -401, 141, 0, 0, 0
L -1461, -401, 141, -1465, -410, 141, 0, 0, 0
L -1465, -410, 141, -1474, -424, 141, 0, 0, 0
L -1467, -424, 142, -1474, -424, 142, 0, 0, 0
L -1419, -366, 141, -1419, -387, 141, 0, 0, 0
L -1419, -387, 141, -1417, -393, 141, 0, 0, 0
L -1417, -393, 141, -1414, -401, 141, 0, 0, 0
L -1414, -401, 141, -1410, -410, 141, 0, 0, 0
L -1410, -410, 141, -1401, -424, 141, 0, 0, 0
L -1401, -424, 142, -1408, -424, 142, 0, 0, 0
L -1419, -366, 141, -1335, -366, 141, 0, 0, 0
L -1335, -366, 141, -1335, -440, 141, 0, 0, 0
L -1335, -440, 141, -1293, -440, 141, 0, 0, 0
L -1293, -440, 141, -1293, -494, 141, 0, 0, 0
L -1293, -494, 141, -1308, -494, 141, 0, 0, 0
L -1308, -494, 141, -1311, -493, 141, 0, 0, 0
L -1311, -493, 141, -1322, -490, 141, 0, 0, 0
L -1322, -490, 141, -1328, -488, 141, 0, 0, 0
L -1328, -488, 141, -1338, -483, 141, 0, 0, 0
L -1338, -483, 141, -1349, -475, 141, 0, 0, 0
L -1349, -475, 142, -1349, -481, 142, 0, 0, 0
L -1311, -500, 158, -1320, -497, 153, 0, 0, 0
L -1320, -497, 153, -1322, -497, 152, 0, 0, 0
L -1322, -497, 152, -1330, -494, 148, 0, 0, 0
L -1330, -494, 148, -1337, -490, 145, 0, 0, 0
L -1337, -490, 145, -1339, -489, 144, 0, 0, 0
L -1339, -489, 144, -1349, -481, 142, 0, 0, 0
L -1290, -501, 156, -1311, -501, 156, 0, 0, 0
L -1311, -500, 158, -1311, -501, 158, 0, 0, 0
L -1290, -501, 156, -1290, -522, 156, 0, 0, 0
L -1290, -522, 156, -1311, -522, 156, 0, 0, 0
L -1311, -523, 158, -1311, -522, 158, 0, 0, 0
L -1311, -523, 158, -1322, -526, 152, 0, 0, 0
L -1322, -526, 152, -1338, -534, 144, 0, 0, 0
L -1338, -534, 144, -1339, -535, 143, 0, 0, 0
L -1339, -535, 143, -1350, -541, 142, 0, 0, 0
L -1293, -529, 141, -1311, -529, 141, 0, 0, 0
L -1311, -529, 141, -1320, -532, 141, 0, 0, 0
L -1320, -532, 141, -1329, -536, 141, 0, 0, 0
L -1329, -536, 141, -1337, -540, 141, 0, 0, 0
L -1337, -540, 141, -1350, -547, 141, 0, 0, 0
L -1350, -541, 142, -1350, -547, 142, 0, 0, 0
L -1293, -529, 141, -1293, -582, 141, 0, 0, 0
L -1293, -582, 141, -1335, -582, 141, 0, 0, 0
L -1335, -582, 141, -1335, -655, 141, 0, 0, 0
L -1335, -655, 141, -1414, -655, 141, 0, 0, 0
L -1414, -655, 141, -1414, -636, 141, 0, 0, 0
L -1414, -636, 141, -1412, -630, 141, 0, 0, 0
L -1412, -630, 141, -1409, -622, 141, 0, 0, 0
L -1409, -622, 141, -1405, -613, 141, 0, 0, 0
L -1405, -613, 141, -1396, -599, 141, 0, 0, 0
L -1461, -655, 141, -1461, -638, 141, 0, 0, 0
L -1461, -638, 141, -1463, -630, 141, 0, 0, 0
L -1463, -630, 141, -1466, -622, 141, 0, 0, 0
L -1466, -622, 141, -1470, -613, 141, 0, 0, 0
L -1470, -613, 141, -1479, -599, 141, 0, 0, 0
L -1453, -665, 158, -1422, -665, 167, 0, 0, 0
L -1453, -665, 158, -1453, -638, 156, 0, 0, 0
L -1453, -638, 158, -1454, -638, 158, 0, 0, 0
L -1454, -638, 158, -1455, -635, 156, 0, 0, 0
L -1455, -635, 156, -1456, -630, 154, 0, 0, 0
L -1456, -630, 154, -1459, -621, 150, 0, 0, 0
L -1459, -621, 150, -1464, -613, 146, 0, 0, 0
L -1464, -613, 146, -1465, -612, 145, 0, 0, 0
L -1465, -612, 145, -1473, -599, 142, 0, 0, 0
L -1473, -599, 142, -1479, -599, 142, 0, 0, 0
L -1422, -665, 158, -1422, -638, 156, 0, 0, 0
L -1420, -638, 158, -1422, -638, 158, 0, 0, 0
L -1420, -638, 158, -1419, -630, 154, 0, 0, 0
L -1419, -630, 154, -1415, -622, 150, 0, 0, 0
L -1415, -622, 150, -1411, -613, 145, 0, 0, 0
L -1411, -613, 145, -1410, -611, 145, 0, 0, 0
L -1410, -611, 145, -1402, -599, 142, 0, 0, 0
L -1402, -599, 142, -1396, -599, 142, 0, 0, 0
L -1461, -655, 141, -1540, -655, 141, 0, 0, 0
L -1540, -655, 141, -1540, -582, 141, 0, 0, 0
L -1540, -582, 141, -1581, -582, 141, 0, 0, 0
L -1581, -582, 141, -1581, -529, 141, 0, 0, 0
L -1581, -494, 141, -1581, -440, 141, 0, 0, 0
L -1581, -440, 141, -1540, -440, 141, 0, 0, 0
L -1540, -440, 141, -1540, -366, 141, 0, 0, 0
L -1540, -366, 141, -1456, -366, 141, 0, 0, 0
L -1581, -494, 141, -1564, -493, 141, 0, 0, 0
L -1564, -493, 141, -1552, -490, 141, 0, 0, 0
L -1552, -490, 141, -1547, -488, 141, 0, 0, 0
L -1547, -488, 141, -1537, -483, 141, 0, 0, 0
L -1537, -483, 141, -1525, -476, 141, 0, 0, 0
L -1581, -529, 141, -1565, -529, 141, 0, 0, 0
L -1565, -529, 141, -1562, -530, 141, 0, 0, 0
L -1562, -530, 141, -1553, -532, 141, 0, 0, 0
L -1553, -532, 141, -1546, -535, 141, 0, 0, 0
L -1546, -535, 141, -1538, -540, 141, 0, 0, 0
L -1538, -540, 141, -1525, -547, 141, 0, 0, 0
L -1584, -522, 156, -1564, -522, 156, 0, 0, 0
L -1564, -523, 158, -1564, -522, 158, 0, 0, 0
L -1564, -523, 158, -1552, -526, 152, 0, 0, 0
L -1552, -526, 152, -1546, -529, 149, 0, 0, 0
L -1546, -529, 149, -1537, -534, 144, 0, 0, 0
L -1537, -534, 144, -1535, -535, 144, 0, 0, 0
L -1535, -535, 144, -1525, -541, 142, 0, 0, 0
L -1525, -541, 142, -1525, -547, 142, 0, 0, 0
L -1584, -522, 156, -1584, -501, 156, 0, 0, 0
L -1584, -501, 156, -1564, -501, 156, 0, 0, 0
L -1564, -501, 158, -1564, -500, 158, 0, 0, 0
L -1564, -500, 158, -1553, -497, 152, 0, 0, 0
L -1553, -497, 152, -1546, -494, 149, 0, 0, 0
L -1546, -494, 149, -1537, -489, 144, 0, 0, 0
L -1537, -489, 144, -1536, -488, 144, 0, 0, 0
L -1536, -488, 144, -1525, -481, 142, 0, 0, 0
L -1525, -481, 142, -1525, -476, 142, 0, 0, 0
L -1247, 71, 141, -1247, 76, 141, 0, 0, 0
L -1236, 71, 141, -1236, 76, 141, 0, 0, 0
L -1388, 76, 141, -1247, 76, 141, 0, 0, 0
L -1236, 76, 141, -1093, 76, 141, 0, 0, 0
L -1093, 76, 141, -1093, 101, 141, 0, 0, 0
L -1093, 101, 141, -1055, 101, 141, 0, 0, 0
L -1055, 101, 141, -1055, 190, 142, 0, 0, 0
L -1055, 190, 142, -1082, 190, 142, 0, 0, 0
L -1082, 190, 142, -1082, 186, 142, 0, 0, 0
L -1082, 186, 142, -1090, 186, 142, 0, 0, 0
L -1090, 186, 142, -1090, 190, 142, 0, 0, 0
L -1090, 190, 142, -1140, 190, 142, 0, 0, 0
L -1140, 190, 142, -1140, 186, 142, 0, 0, 0
L -1140, 186, 142, -1148, 186, 142, 0, 0, 0
L -1148, 186, 142, -1148, 190, 142, 0, 0, 0
L -1148, 190, 142, -1202, 190, 142, 0, 0, 0
L -1202, 190, 142, -1202, 186, 142, 0, 0, 0
L -1202, 186, 142, -1216, 186, 142, 0, 0, 0
L -1216, 186, 142, -1216, 200, 142, 0, 0, 0
L -1216, 200, 142, -1212, 200, 142, 0, 0, 0
L -1212, 200, 142, -1212, 249, 142, 0, 0, 0
L -1212, 249, 142, -1216, 249, 142, 0, 0, 0
L -1216, 249, 142, -1216, 257, 142, 0, 0, 0
L -1216, 257, 142, -1212, 257, 142, 0, 0, 0
L -1212, 257, 142, -1212, 309, 142, 0, 0, 0
L -1212, 309, 142, -1216, 309, 142, 0, 0, 0
L -1216, 309, 142, -1216, 317, 142, 0, 0, 0
L -1216, 317, 142, -1212, 317, 142, 0, 0, 0
L -1212, 317, 142, -1212, 370, 142, 0, 0, 0
L -1216, 370, 142, -1216, 377, 142, 0, 0, 0
L -1216, 377, 142, -1212, 377, 142, 0, 0, 0
L -1212, 377, 142, -1212, 422, 142, 0, 0, 0
L -1212, 422, 142, -1217, 429, 142, 0, 0, 0
L -1217, 429, 141, -1203, 442, 141, 0, 0, 0
L -1202, 441, 141, -1203, 442, 141, 0, 0, 0
L -1202, 441, 141, -1191, 453, 141, 0, 0, 0
L -1191, 453, 141, -1192, 454, 141, 0, 0, 0
L -1189, 456, 141, -1190, 456, 141, 0, 0, 0
L -1189, 456, 141, -1185, 465, 141, 0, 0, 0
L -1185, 465, 141, -1178, 482, 142, 0, 0, 0
L -1192, 454, 141, -1190, 456, 141, 0, 0, 0
L -1177, 485, 141, -1177, 501, 141, 0, 0, 0
L -1177, 501, 141, -1179, 501, 141, 0, 0, 0
L -1177, 485, 141, -1179, 485, 141, 0, 0, 0
L -1179, 485, 141, -1179, 482, 141, 0, 0, 0
L -1178, 482, 141, -1179, 482, 141, 0, 0, 0
L -1178, 504, 141, -1179, 504, 141, 0, 0, 0
L -1179, 501, 141, -1179, 504, 141, 0, 0, 0
L -1178, 504, 141, -1189, 530, 141, 0, 0, 0
L -1191, 533, 141, -1192, 532, 141, 0, 0, 0
L -1192, 532, 141, -1189, 530, 141, 0, 0, 0
L -1191, 533, 141, -1202, 545, 141, 0, 0, 0
L -1202, 545, 141, -1203, 544, 141, 0, 0, 0
L -1203, 544, 141, -1206, 546, 141, 0, 0, 0
L -1205, 546, 141, -1206, 546, 141, 0, 0, 0
L -1205, 546, 141, -1229, 557, 141, 0, 0, 0
L -1229, 557, 141, -1229, 556, 141, 0, 0, 0
L -1229, 556, 141, -1232, 556, 141, 0, 0, 0
L -1232, 558, 141, -1232, 556, 141, 0, 0, 0
L -1232, 558, 141, -1248, 558, 141, 0, 0, 0
L -1248, 558, 141, -1248, 556, 141, 0, 0, 0
L -1248, 556, 141, -1252, 556, 141, 0, 0, 0
L -1252, 557, 141, -1252, 556, 141, 0, 0, 0
L -1252, 557, 141, -1276, 546, 141, 0, 0, 0
L -1276, 546, 141, -1275, 546, 141, 0, 0, 0
L -1275, 546, 141, -1277, 544, 141, 0, 0, 0
L -1279, 545, 141, -1277, 544, 141, 0, 0, 0
L -1279, 545, 141, -1290, 533, 141, 0, 0, 0
L -1290, 533, 141, -1289, 532, 141, 0, 0, 0
L -1289, 532, 141, -1291, 530, 141, 0, 0, 0
L -1292, 530, 141, -1291, 530, 141, 0, 0, 0
L -1292, 530, 141, -1295, 521, 141, 0, 0, 0
L -1302, 504, 141, -1295, 521, 141, 0, 0, 0
L -1302, 504, 141, -1302, 501, 141, 0, 0, 0
L -1303, 501, 141, -1302, 501, 141, 0, 0, 0
L -1303, 501, 141, -1303, 485, 141, 0, 0, 0
L -1303, 485, 141, -1302, 485, 141, 0, 0, 0
L -1302, 485, 141, -1302, 482, 141, 0, 0, 0
L -1302, 482, 141, -1292, 456, 141, 0, 0, 0
L -1291, 456, 141, -1289, 454, 141, 0, 0, 0
L -1292, 456, 141, -1291, 456, 141, 0, 0, 0
L -1290, 453, 141, -1289, 454, 141, 0, 0, 0
L -1290, 453, 141, -1279, 441, 141, 0, 0, 0
L -1279, 441, 141, -1277, 443, 141, 0, 0, 0
L -1277, 443, 141, -1263, 429, 141, 0, 0, 0
L -1263, 429, 142, -1268, 422, 142, 0, 0, 0
L -1268, 422, 142, -1268, 377, 142, 0, 0, 0
L -1268, 377, 142, -1265, 377, 142, 0, 0, 0
L -1265, 377, 142, -1265, 370, 142, 0, 0, 0
L -1268, 370, 142, -1265, 370, 142, 0, 0, 0
L -1268, 370, 142, -1268, 317, 142, 0, 0, 0
L -1268, 317, 142, -1265, 317, 142, 0, 0, 0
L -1265, 317, 142, -1265, 309, 142, 0, 0, 0
L -1265, 309, 142, -1268, 309, 142, 0, 0, 0
L -1268, 309, 142, -1268, 257, 142, 0, 0, 0
L -1268, 257, 142, -1265, 257, 142, 0, 0, 0
L -1265, 257, 142, -1265, 249, 142, 0, 0, 0
L -1265, 249, 142, -1268, 249, 142, 0, 0, 0
L -1268, 249, 142, -1268, 200, 142, 0, 0, 0
L -1268, 200, 142, -1265, 200, 142, 0, 0, 0
L -1265, 200, 142, -1265, 186, 142, 0, 0, 0
L -1265, 186, 142, -1279, 186, 142, 0, 0, 0
L -1279, 190, 142, -1279, 186, 142, 0, 0, 0
L -1279, 190, 142, -1333, 190, 142, 0, 0, 0
L -1333, 190, 142, -1333, 186, 142, 0, 0, 0
L -1333, 186, 142, -1341, 186, 142, 0, 0, 0
L -1341, 186, 142, -1341, 190, 142, 0, 0, 0
L -1341, 190, 142, -1391, 190, 142, 0, 0, 0
L -1391, 190, 142, -1391, 186, 142, 0, 0, 0
L -1391, 186, 142, -1398, 186, 142, 0, 0, 0
L -1398, 186, 142, -1398, 190, 142, 0, 0, 0
L -1398, 190, 142, -1425, 190, 142, 0, 0, 0
L -1425, 190, 142, -1425, 101, 141, 0, 0, 0
L -1425, 101, 141, -1388, 101, 141, 0, 0, 0
L -1388, 101, 141, -1388, 76, 141, 0, 0, 0
L -1212, 370, 142, -1216, 370, 142, 0, 0, 0
L -1250, 499, 149, -1231, 499, 149, 0, 0, 0
L -1250, 486, 149, -1231, 486, 149, 0, 0, 0
L -1231, 486, 149, -1231, 499, 149, 0, 0, 0
L -1250, 486, 149, -1250, 499, 149, 0, 0, 0
L -3374, 836, 1055, -3374, 855, 1057, 0, 0, 0
L -3399, 836, 1055, -3374, 836, 1055, 0, 0, 0
L -3399, 855, 1057, -3399, 836, 1055, 0, 0, 0
L -3435, 855, 1057, -3399, 855, 1057, 0, 0, 0
L -3486, 834, 1057, -3435, 855, 1057, 0, 0, 0
L -3511, 808, 1057, -3486, 834, 1057, 0, 0, 0
L -3498, 795, 1048, -3511, 808, 1048, 0, 0, 0
L -3515, 778, 1048, -3498, 795, 1048, 0, 0, 0
L -3521, 783, 1048, -3515, 778, 1048, 0, 0, 0
L -3528, 791, 1057, -3521, 783, 1048, 0, 0, 0
L -3555, 766, 1057, -3528, 791, 1057, 0, 0, 0
L -3575, 715, 1057, -3555, 766, 1057, 0, 0, 0
L -3575, 679, 1057, -3575, 715, 1057, 0, 0, 0
L -3556, 679, 1055, -3575, 679, 1057, 0, 0, 0
L -3556, 654, 1055, -3556, 679, 1055, 0, 0, 0
L -3575, 654, 1057, -3556, 654, 1055, 0, 0, 0
L -3575, 619, 1057, -3575, 654, 1057, 0, 0, 0
L -3555, 568, 1057, -3575, 619, 1057, 0, 0, 0
L -3529, 543, 1057, -3555, 568, 1057, 0, 0, 0
L -3515, 556, 1048, -3529, 543, 1048, 0, 0, 0
L -3498, 539, 1048, -3515, 556, 1048, 0, 0, 0
L -3511, 525, 1057, -3498, 539, 1048, 0, 0, 0
L -3486, 500, 1057, -3511, 525, 1057, 0, 0, 0
L -3435, 479, 1057, -3486, 500, 1057, 0, 0, 0
L -3400, 479, 1057, -3435, 479, 1057, 0, 0, 0
L -3400, 498, 1055, -3400, 479, 1057, 0, 0, 0
L -3400, 498, 1055, -3375, 498, 1055, 0, 0, 0
L -3375, 479, 1057, -3375, 498, 1055, 0, 0, 0
L -3339, 479, 1057, -3375, 479, 1057, 0, 0, 0
L -3288, 500, 1057, -3339, 479, 1057, 0, 0, 0
L -3263, 525, 1057, -3288, 500, 1057, 0, 0, 0
L -3276, 539, 1048, -3263, 525, 1048, 0, 0, 0
L -3259, 556, 1048, -3276, 539, 1048, 0, 0, 0
L -3246, 543, 1048, -3259, 556, 1048, 0, 0, 0
L -3220, 568, 1057, -3246, 543, 1057, 0, 0, 0
L -3199, 619, 1057, -3220, 568, 1057, 0, 0, 0
L -3199, 654, 1057, -3199, 619, 1057, 0, 0, 0
L -3218, 654, 1055, -3199, 654, 1057, 0, 0, 0
L -3218, 679, 1055, -3218, 654, 1055, 0, 0, 0
L -3199, 679, 1055, -3218, 679, 1055, 0, 0, 0
L -3199, 715, 1057, -3199, 679, 1057, 0, 0, 0
L -3203, 724, 1057, -3199, 715, 1057, 0, 0, 0
L -3220, 766, 1057, -3203, 724, 1057, 0, 0, 0
L -3224, 770, 1057, -3223, 769, 1057, 0, 0, 0
L -3245, 791, 1057, -3220, 766, 1057, 0, 0, 0
L -3259, 778, 1048, -3276, 795, 1048, 0, 0, 0
L -3245, 791, 1048, -3259, 778, 1048, 0, 0, 0
L -3263, 808, 1048, -3276, 795, 1048, 0, 0, 0
L -3288, 834, 1057, -3263, 808, 1057, 0, 0, 0
L -3339, 855, 1057, -3288, 834, 1057, 0, 0, 0
L -3374, 855, 1057, -3339, 855, 1057, 0, 0, 0
L -1496, -542, 135, -1496, -480, 135, 127, 127, 127
L -1496, -480, 135, -1468, -452, 135, 127, 127, 127
L -1468, -452, 135, -1406, -452, 135, 127, 127, 127
L -1406, -452, 135, -1378, -480, 135, 127, 127, 127
L -1378, -480, 135, -1379, -542, 135, 127, 127, 127
L -1379, -542, 135, -1406, -570, 135, 127, 127, 127
L -1406, -570, 135, -1468, -570, 135, 127, 127, 127
L -1468, -570, 135, -1496, -542, 135, 127, 127, 127
