L -156, -1126, 445, -157, -1126, 445, 240, 0, 0
L -159, -1119, 445, -156, -1126, 445, 240, 0, 0
L -162, -1115, 445, -159, -1119, 445, 240, 0, 0
L -163, -1114, 445, -162, -1115, 445, 240, 0, 0
L -164, -1116, 445, -163, -1114, 445, 240, 0, 0
L -164, -1122, 445, -164, -1116, 445, 240, 0, 0
L -156, -1139, 445, -164, -1122, 445, 240, 0, 0
L -156, -1147, 447, -156, -1139, 445, 240, 0, 0
L -157, -1150, 447, -156, -1147, 447, 240, 0, 0
L -157, -1152, 448, -157, -1150, 447, 240, 0, 0
L -158, -1154, 448, -157, -1152, 448, 240, 0, 0
L -158, -1155, 447, -158, -1154, 448, 240, 0, 0
L -159, -1157, 446, -158, -1155, 447, 240, 0, 0
L -160, -1160, 447, -159, -1157, 446, 240, 0, 0
L -161, -1162, 447, -160, -1160, 447, 240, 0, 0
L -185, -1201, 445, -161, -1162, 447, 240, 0, 0
L -86, -1222, 427, -61, -1220, 425, 127, 0, 0
L -105, -1223, 429, -86, -1222, 427, 127, 0, 0
L -108, -1223, 430, -105, -1223, 429, 127, 0, 0
L -126, -1220, 433, -108, -1223, 430, 127, 0, 0
L -131, -1219, 433, -126, -1220, 433, 127, 0, 0
L -143, -1215, 436, -131, -1219, 433, 127, 0, 0
L -187, -1203, 445, -181, -1206, 444, 127, 0, 0
L -201, -1193, 448, -187, -1203, 445, 127, 0, 0
L -204, -1191, 449, -201, -1193, 448, 127, 0, 0
L -216, -1184, 452, -204, -1191, 449, 127, 0, 0
L -250, -1167, 460, -216, -1184, 452, 127, 0, 0
L -258, -1162, 462, -250, -1167, 460, 127, 0, 0
L -267, -1158, 465, -258, -1162, 462, 127, 0, 0
L -268, -1157, 465, -267, -1158, 465, 127, 0, 0
L -284, -1147, 471, -268, -1157, 465, 127, 0, 0
L -291, -1142, 475, -284, -1147, 471, 127, 0, 0
L -296, -1139, 477, -291, -1142, 475, 127, 0, 0
L -299, -1137, 478, -296, -1139, 477, 127, 0, 0
L -302, -1134, 478, -299, -1137, 478, 127, 0, 0
L -305, -1130, 478, -302, -1134, 478, 127, 0, 0
L -321, -1108, 477, -305, -1130, 478, 127, 0, 0
L -323, -1105, 477, -321, -1108, 477, 127, 0, 0
L -330, -1097, 481, -323, -1105, 477, 127, 0, 0
L -332, -1096, 481, -330, -1097, 481, 127, 0, 0
L -334, -1098, 482, -332, -1096, 481, 127, 0, 0
L -335, -1100, 482, -334, -1098, 482, 127, 0, 0
L -335, -1102, 482, -335, -1100, 482, 127, 0, 0
L -336, -1103, 482, -335, -1102, 482, 127, 0, 0
L -337, -1104, 483, -336, -1103, 482, 127, 0, 0
L -339, -1104, 484, -337, -1104, 483, 127, 0, 0
L -340, -1102, 484, -339, -1104, 484, 127, 0, 0
L -344, -1093, 485, -340, -1102, 484, 127, 0, 0
L -346, -1090, 485, -344, -1093, 485, 127, 0, 0
L -347, -1086, 485, -346, -1090, 485, 127, 0, 0
L -348, -1084, 485, -347, -1086, 485, 127, 0, 0
L -349, -1083, 485, -348, -1084, 485, 127, 0, 0
L -349, -1081, 485, -349, -1083, 485, 127, 0, 0
L -350, -1078, 485, -349, -1081, 485, 127, 0, 0
L -350, -1076, 485, -350, -1078, 485, 127, 0, 0
L -353, -1067, 484, -350, -1076, 485, 127, 0, 0
L -353, -1065, 483, -353, -1067, 484, 127, 0, 0
L -354, -1063, 480, -353, -1065, 483, 127, 0, 0
L -355, -1062, 480, -354, -1063, 480, 127, 0, 0
L -356, -1059, 478, -355, -1062, 480, 127, 0, 0
L -357, -1057, 478, -356, -1059, 478, 127, 0, 0
L -357, -1056, 478, -357, -1057, 478, 127, 0, 0
L -362, -1050, 478, -357, -1056, 478, 127, 0, 0
L -363, -1049, 478, -362, -1050, 478, 127, 0, 0
L -364, -1045, 478, -363, -1049, 478, 127, 0, 0
L -365, -1044, 479, -364, -1045, 478, 127, 0, 0
L -366, -1042, 479, -365, -1044, 479, 127, 0, 0
L -367, -1041, 479, -366, -1042, 479, 127, 0, 0
L -368, -1040, 480, -367, -1041, 479, 127, 0, 0
L -370, -1040, 479, -368, -1040, 480, 127, 0, 0
L -372, -1040, 480, -370, -1040, 479, 127, 0, 0
L -378, -1038, 482, -372, -1040, 480, 127, 0, 0
L -379, -1038, 482, -378, -1038, 482, 127, 0, 0
L -383, -1038, 483, -379, -1038, 482, 127, 0, 0
L -388, -1037, 485, -383, -1038, 483, 127, 0, 0
L -390, -1036, 485, -388, -1037, 485, 127, 0, 0
L -403, -1036, 485, -390, -1036, 485, 127, 0, 0
L -409, -1035, 485, -403, -1036, 485, 127, 0, 0
L -420, -1033, 484, -409, -1035, 485, 127, 0, 0
L -421, -1033, 484, -420, -1033, 484, 127, 0, 0
L -423, -1032, 484, -421, -1033, 484, 127, 0, 0
L -426, -1032, 483, -423, -1032, 484, 127, 0, 0
L -428, -1032, 483, -426, -1032, 483, 127, 0, 0
L -429, -1033, 483, -428, -1032, 483, 127, 0, 0
L -430, -1034, 484, -429, -1033, 483, 127, 0, 0
L -433, -1036, 484, -430, -1034, 484, 127, 0, 0
L -434, -1037, 484, -433, -1036, 484, 127, 0, 0
L -438, -1042, 484, -434, -1037, 484, 127, 0, 0
L -439, -1043, 484, -438, -1042, 484, 127, 0, 0
L -440, -1045, 484, -439, -1043, 484, 127, 0, 0
L -447, -1053, 484, -440, -1045, 484, 127, 0, 0
L -448, -1055, 483, -447, -1053, 484, 127, 0, 0
L -448, -1057, 483, -448, -1055, 483, 127, 0, 0
L -447, -1060, 484, -448, -1057, 483, 127, 0, 0
L -446, -1064, 484, -447, -1060, 484, 127, 0, 0
L -445, -1066, 485, -446, -1064, 484, 127, 0, 0
L -445, -1067, 485, -445, -1066, 485, 127, 0, 0
L -443, -1070, 484, -445, -1067, 485, 127, 0, 0
L -442, -1071, 484, -443, -1070, 484, 127, 0, 0
L -442, -1073, 484, -442, -1071, 484, 127, 0, 0
L -441, -1074, 484, -442, -1073, 484, 127, 0, 0
L -437, -1087, 484, -441, -1074, 484, 127, 0, 0
L -437, -1088, 483, -437, -1087, 484, 127, 0, 0
L -435, -1091, 482, -437, -1088, 483, 127, 0, 0
L -435, -1092, 481, -435, -1091, 482, 127, 0, 0
L -434, -1095, 478, -435, -1092, 481, 127, 0, 0
L -433, -1096, 478, -434, -1095, 478, 127, 0, 0
L -432, -1102, 478, -433, -1096, 478, 127, 0, 0
L -431, -1104, 478, -432, -1102, 478, 127, 0, 0
L -431, -1108, 479, -431, -1104, 478, 127, 0, 0
L -430, -1110, 478, -431, -1108, 479, 127, 0, 0
L -429, -1113, 478, -430, -1110, 478, 127, 0, 0
L -429, -1114, 478, -429, -1113, 478, 127, 0, 0
L -426, -1117, 479, -429, -1114, 478, 127, 0, 0
L -425, -1118, 479, -426, -1117, 479, 127, 0, 0
L -424, -1119, 480, -425, -1118, 479, 127, 0, 0
L -412, -1123, 483, -424, -1119, 480, 127, 0, 0
L -410, -1124, 483, -412, -1123, 483, 127, 0, 0
L -401, -1125, 483, -410, -1124, 483, 127, 0, 0
L -397, -1125, 484, -401, -1125, 483, 127, 0, 0
L -381, -1125, 484, -397, -1125, 484, 127, 0, 0
L -379, -1126, 484, -381, -1125, 484, 127, 0, 0
L -376, -1126, 483, -379, -1126, 484, 127, 0, 0
L -374, -1126, 482, -376, -1126, 483, 127, 0, 0
L -365, -1128, 481, -374, -1126, 482, 127, 0, 0
L -363, -1128, 481, -365, -1128, 481, 127, 0, 0
L -362, -1130, 478, -363, -1128, 481, 127, 0, 0
L -362, -1132, 478, -362, -1130, 478, 127, 0, 0
L -363, -1133, 477, -362, -1132, 478, 127, 0, 0
L -365, -1134, 477, -363, -1133, 477, 127, 0, 0
L -366, -1134, 477, -365, -1134, 477, 127, 0, 0
L -367, -1136, 476, -366, -1134, 477, 127, 0, 0
L -367, -1137, 476, -367, -1136, 476, 127, 0, 0
L -366, -1139, 476, -367, -1137, 476, 127, 0, 0
L -364, -1141, 476, -366, -1139, 476, 127, 0, 0
L -345, -1163, 478, -364, -1141, 476, 127, 0, 0
L -339, -1169, 478, -345, -1163, 478, 127, 0, 0
L -333, -1174, 478, -339, -1169, 478, 127, 0, 0
L -329, -1177, 477, -333, -1174, 478, 127, 0, 0
L -304, -1191, 467, -329, -1177, 477, 127, 0, 0
L -292, -1198, 463, -304, -1191, 467, 127, 0, 0
L -267, -1214, 455, -292, -1198, 463, 127, 0, 0
L -259, -1218, 452, -267, -1214, 455, 127, 0, 0
L -250, -1223, 451, -259, -1218, 452, 127, 0, 0
L -212, -1243, 446, -250, -1223, 451, 127, 0, 0
L -186, -1254, 442, -212, -1243, 446, 127, 0, 0
L -168, -1260, 439, -186, -1254, 442, 127, 0, 0
L -147, -1267, 436, -168, -1260, 439, 127, 0, 0
L -137, -1270, 435, -147, -1267, 436, 127, 0, 0
L -134, -1270, 434, -137, -1270, 435, 127, 0, 0
L -115, -1272, 432, -134, -1270, 434, 127, 0, 0
L -102, -1271, 431, -115, -1272, 432, 127, 0, 0
L -245, -1225, 338, -238, -1225, 336, 0, 127, 0
L -247, -1225, 338, -245, -1225, 338, 0, 127, 0
L -281, -1222, 348, -247, -1225, 338, 0, 127, 0
L -291, -1222, 351, -281, -1222, 348, 0, 127, 0
L -301, -1221, 353, -291, -1222, 351, 0, 127, 0
L -303, -1221, 353, -301, -1221, 353, 0, 127, 0
L -309, -1222, 354, -303, -1221, 353, 0, 127, 0
L -310, -1222, 354, -309, -1222, 354, 0, 127, 0
L -316, -1224, 354, -310, -1222, 354, 0, 127, 0
L -318, -1224, 355, -316, -1224, 354, 0, 127, 0
L -340, -1226, 356, -318, -1224, 355, 0, 127, 0
L -352, -1226, 357, -340, -1226, 356, 0, 127, 0
L -354, -1226, 357, -352, -1226, 357, 0, 127, 0
L -382, -1224, 357, -354, -1226, 357, 0, 127, 0
L -392, -1223, 358, -382, -1224, 357, 0, 127, 0
L -401, -1222, 360, -392, -1223, 358, 0, 127, 0
L -402, -1222, 361, -401, -1222, 360, 0, 127, 0
L -402, -1224, 361, -402, -1222, 361, 0, 127, 0
L -403, -1236, 361, -402, -1224, 361, 0, 127, 0
L -402, -1238, 362, -403, -1236, 361, 0, 127, 0
L -403, -1239, 363, -402, -1238, 362, 0, 127, 0
L -405, -1240, 363, -403, -1239, 363, 0, 127, 0
L -407, -1239, 363, -405, -1240, 363, 0, 127, 0
L -408, -1239, 364, -407, -1239, 363, 0, 127, 0
L -409, -1238, 364, -408, -1239, 364, 0, 127, 0
L -412, -1237, 364, -409, -1238, 364, 0, 127, 0
L -413, -1236, 364, -412, -1237, 364, 0, 127, 0
L -415, -1236, 364, -413, -1236, 364, 0, 127, 0
L -416, -1235, 364, -415, -1236, 364, 0, 127, 0
L -418, -1234, 364, -416, -1235, 364, 0, 127, 0
L -419, -1233, 364, -418, -1234, 364, 0, 127, 0
L -422, -1231, 364, -419, -1233, 364, 0, 127, 0
L -423, -1231, 364, -422, -1231, 364, 0, 127, 0
L -425, -1229, 364, -423, -1231, 364, 0, 127, 0
L -426, -1229, 364, -425, -1229, 364, 0, 127, 0
L -428, -1228, 365, -426, -1229, 364, 0, 127, 0
L -428, -1226, 364, -428, -1228, 365, 0, 127, 0
L -429, -1225, 364, -428, -1226, 364, 0, 127, 0
L -432, -1223, 364, -429, -1225, 364, 0, 127, 0
L -440, -1218, 361, -432, -1223, 364, 0, 127, 0
L -445, -1215, 362, -440, -1218, 361, 0, 127, 0
L -446, -1214, 362, -445, -1215, 362, 0, 127, 0
L -450, -1213, 360, -446, -1214, 362, 0, 127, 0
L -451, -1212, 360, -450, -1213, 360, 0, 127, 0
L -453, -1212, 360, -451, -1212, 360, 0, 127, 0
L -453, -1211, 360, -453, -1212, 360, 0, 127, 0
L -463, -1210, 361, -453, -1211, 360, 0, 127, 0
L -464, -1210, 361, -463, -1210, 361, 0, 127, 0
L -466, -1210, 362, -464, -1210, 361, 0, 127, 0
L -473, -1213, 363, -466, -1210, 362, 0, 127, 0
L -475, -1214, 363, -473, -1213, 363, 0, 127, 0
L -479, -1217, 364, -475, -1214, 363, 0, 127, 0
L -495, -1230, 364, -479, -1217, 364, 0, 127, 0
L -503, -1234, 364, -495, -1230, 364, 0, 127, 0
L -507, -1237, 363, -503, -1234, 364, 0, 127, 0
L -509, -1238, 364, -507, -1237, 363, 0, 127, 0
L -510, -1238, 363, -509, -1238, 364, 0, 127, 0
L -512, -1239, 363, -510, -1238, 363, 0, 127, 0
L -513, -1240, 362, -512, -1239, 363, 0, 127, 0
L -515, -1241, 362, -513, -1240, 362, 0, 127, 0
L -516, -1242, 362, -515, -1241, 362, 0, 127, 0
L -517, -1244, 362, -516, -1242, 362, 0, 127, 0
L -517, -1245, 362, -517, -1244, 362, 0, 127, 0
L -518, -1256, 362, -517, -1245, 362, 0, 127, 0
L -517, -1265, 361, -518, -1256, 362, 0, 127, 0
L -517, -1271, 361, -517, -1265, 361, 0, 127, 0
L -516, -1273, 362, -517, -1271, 361, 0, 127, 0
L -516, -1274, 360, -516, -1273, 362, 0, 127, 0
L -514, -1273, 360, -516, -1274, 360, 0, 127, 0
L -512, -1273, 360, -514, -1273, 360, 0, 127, 0
L -510, -1275, 361, -512, -1273, 360, 0, 127, 0
L -506, -1279, 362, -510, -1275, 361, 0, 127, 0
L -504, -1281, 362, -506, -1279, 362, 0, 127, 0
L -502, -1282, 362, -504, -1281, 362, 0, 127, 0
L -497, -1284, 363, -502, -1282, 362, 0, 127, 0
L -496, -1285, 362, -497, -1284, 363, 0, 127, 0
L -494, -1285, 361, -496, -1285, 362, 0, 127, 0
L -492, -1287, 361, -494, -1285, 361, 0, 127, 0
L -481, -1294, 358, -492, -1287, 361, 0, 127, 0
L -480, -1295, 358, -481, -1294, 358, 0, 127, 0
L -479, -1296, 357, -480, -1295, 358, 0, 127, 0
L -478, -1297, 357, -479, -1296, 357, 0, 127, 0
L -465, -1306, 357, -478, -1297, 357, 0, 127, 0
L -456, -1307, 359, -465, -1306, 357, 0, 127, 0
L -455, -1307, 359, -456, -1307, 359, 0, 127, 0
L -446, -1303, 361, -455, -1307, 359, 0, 127, 0
L -441, -1300, 362, -446, -1303, 361, 0, 127, 0
L -440, -1299, 363, -441, -1300, 362, 0, 127, 0
L -432, -1294, 364, -440, -1299, 363, 0, 127, 0
L -424, -1287, 364, -432, -1294, 364, 0, 127, 0
L -422, -1286, 364, -424, -1287, 364, 0, 127, 0
L -419, -1283, 363, -422, -1286, 364, 0, 127, 0
L -413, -1277, 358, -419, -1283, 363, 0, 127, 0
L -411, -1275, 358, -413, -1277, 358, 0, 127, 0
L -404, -1274, 357, -411, -1275, 358, 0, 127, 0
L -403, -1274, 358, -404, -1274, 357, 0, 127, 0
L -401, -1282, 354, -403, -1274, 358, 0, 127, 0
L -400, -1287, 353, -401, -1282, 354, 0, 127, 0
L -399, -1294, 354, -400, -1287, 353, 0, 127, 0
L -396, -1304, 355, -399, -1294, 354, 0, 127, 0
L -390, -1320, 357, -396, -1304, 355, 0, 127, 0
L -384, -1333, 359, -390, -1320, 357, 0, 127, 0
L -383, -1336, 360, -384, -1333, 359, 0, 127, 0
L -372, -1354, 363, -383, -1336, 360, 0, 127, 0
L -370, -1357, 364, -372, -1354, 363, 0, 127, 0
L -360, -1369, 367, -370, -1357, 364, 0, 127, 0
L -347, -1384, 370, -360, -1369, 367, 0, 127, 0
L -340, -1393, 372, -347, -1384, 370, 0, 127, 0
L -321, -1412, 377, -340, -1393, 372, 0, 127, 0
L -319, -1414, 377, -321, -1412, 377, 0, 127, 0
L -303, -1425, 379, -319, -1414, 377, 0, 127, 0
L -299, -1428, 379, -303, -1425, 379, 0, 127, 0
L -290, -1434, 379, -299, -1428, 379, 0, 127, 0
L -282, -1437, 379, -290, -1434, 379, 0, 127, 0
L -264, -1445, 381, -282, -1437, 379, 0, 127, 0
L -261, -1447, 381, -264, -1445, 381, 0, 127, 0
L -259, -1447, 382, -261, -1447, 381, 0, 127, 0
L -248, -1449, 383, -259, -1447, 382, 0, 127, 0
L -246, -1450, 383, -248, -1449, 383, 0, 127, 0
L -217, -1454, 386, -246, -1450, 383, 0, 127, 0
L -208, -1454, 388, -217, -1454, 386, 0, 127, 0
L -198, -1454, 389, -208, -1454, 388, 0, 127, 0
L -160, -1450, 394, -198, -1454, 389, 0, 127, 0
L -145, -1447, 397, -160, -1450, 394, 0, 127, 0
L -144, -1447, 397, -145, -1447, 397, 0, 127, 0
L -138, -1445, 398, -144, -1447, 397, 0, 127, 0
L -128, -1440, 399, -138, -1445, 398, 0, 127, 0
L -117, -1434, 400, -128, -1440, 399, 0, 127, 0
L -116, -1433, 400, -117, -1434, 400, 0, 127, 0
L -113, -1431, 400, -116, -1433, 400, 0, 127, 0
L -108, -1427, 401, -113, -1431, 400, 0, 127, 0
L -107, -1427, 401, -108, -1427, 401, 0, 127, 0
L -99, -1422, 402, -107, -1427, 401, 0, 127, 0
L -98, -1421, 402, -99, -1422, 402, 0, 127, 0
L -96, -1420, 403, -98, -1421, 402, 0, 127, 0
L -89, -1414, 404, -96, -1420, 403, 0, 127, 0
L -87, -1413, 404, -89, -1414, 404, 0, 127, 0
L -86, -1414, 405, -87, -1413, 404, 0, 127, 0
L -79, -1409, 406, -86, -1414, 405, 0, 127, 0
L -71, -1403, 408, -79, -1409, 406, 0, 127, 0
L -67, -1399, 408, -71, -1403, 408, 0, 127, 0
L -65, -1398, 409, -67, -1399, 408, 0, 127, 0
L -64, -1397, 408, -65, -1398, 409, 0, 127, 0
L -63, -1395, 407, -64, -1397, 408, 0, 127, 0
L -60, -1393, 407, -63, -1395, 407, 0, 127, 0
L -60, -1392, 407, -60, -1393, 407, 0, 127, 0
L -59, -1392, 407, -60, -1392, 407, 0, 127, 0
L -58, -1390, 406, -59, -1392, 407, 0, 127, 0
L -55, -1387, 406, -58, -1390, 406, 0, 127, 0
L -43, -1377, 409, -55, -1387, 406, 0, 127, 0
L -31, -1366, 410, -43, -1377, 409, 0, 127, 0
L -29, -1364, 411, -31, -1366, 410, 0, 127, 0
L -28, -1364, 411, -29, -1364, 411, 0, 127, 0
L -25, -1361, 410, -28, -1364, 411, 0, 127, 0
L -24, -1360, 410, -25, -1361, 410, 0, 127, 0
L -21, -1356, 411, -24, -1360, 410, 0, 127, 0
L -19, -1352, 413, -21, -1356, 411, 0, 127, 0
L -18, -1351, 413, -19, -1352, 413, 0, 127, 0
L -15, -1344, 414, -18, -1351, 413, 0, 127, 0
L -14, -1342, 415, -15, -1344, 414, 0, 127, 0
L -13, -1341, 415, -14, -1342, 415, 0, 127, 0
L -13, -1339, 415, -13, -1341, 415, 0, 127, 0
L -12, -1335, 414, -13, -1339, 415, 0, 127, 0
L -12, -1333, 414, -12, -1335, 414, 0, 127, 0
L -11, -1331, 415, -12, -1333, 414, 0, 127, 0
L -10, -1328, 416, -11, -1331, 415, 0, 127, 0
L -9, -1326, 416, -10, -1328, 416, 0, 127, 0
L -6, -1313, 416, -9, -1326, 416, 0, 127, 0
L -6, -1305, 417, -6, -1313, 416, 0, 127, 0
L -6, -1303, 417, -6, -1305, 417, 0, 127, 0
L 1, -1274, 423, -6, -1303, 417, 0, 127, 0
L 2, -1272, 424, 1, -1274, 423, 0, 127, 0
L 3, -1271, 424, 2, -1272, 424, 0, 127, 0
L 4, -1271, 425, 3, -1271, 424, 0, 127, 0
L 6, -1270, 425, 4, -1271, 425, 0, 127, 0
L 13, -1274, 426, 6, -1270, 425, 0, 127, 0
L 24, -1279, 426, 13, -1274, 426, 0, 127, 0
L 28, -1281, 427, 24, -1279, 426, 0, 127, 0
L 29, -1282, 427, 28, -1281, 427, 0, 127, 0
L 30, -1284, 427, 29, -1282, 427, 0, 127, 0
L 33, -1287, 427, 30, -1284, 427, 0, 127, 0
L 35, -1288, 426, 33, -1287, 427, 0, 127, 0
L 42, -1293, 425, 35, -1288, 426, 0, 127, 0
L 43, -1294, 425, 42, -1293, 425, 0, 127, 0
L 51, -1296, 421, 43, -1294, 425, 0, 127, 0
L 55, -1298, 422, 51, -1296, 421, 0, 127, 0
L 56, -1298, 422, 55, -1298, 422, 0, 127, 0
L 58, -1299, 422, 56, -1298, 422, 0, 127, 0
L 61, -1300, 423, 58, -1299, 422, 0, 127, 0
L 64, -1300, 423, 61, -1300, 423, 0, 127, 0
L 66, -1299, 423, 64, -1300, 423, 0, 127, 0
L 69, -1299, 423, 66, -1299, 423, 0, 127, 0
L 72, -1298, 424, 69, -1299, 423, 0, 127, 0
L 80, -1294, 426, 72, -1298, 424, 0, 127, 0
L 82, -1292, 426, 80, -1294, 426, 0, 127, 0
L 85, -1290, 426, 82, -1292, 426, 0, 127, 0
L 95, -1282, 426, 85, -1290, 426, 0, 127, 0
L 96, -1281, 426, 95, -1282, 426, 0, 127, 0
L 98, -1280, 426, 96, -1281, 426, 0, 127, 0
L 99, -1279, 426, 98, -1280, 426, 0, 127, 0
L 105, -1275, 425, 99, -1279, 426, 0, 127, 0
L 106, -1274, 425, 105, -1275, 425, 0, 127, 0
L 115, -1270, 424, 106, -1274, 425, 0, 127, 0
L 117, -1269, 424, 115, -1270, 424, 0, 127, 0
L 119, -1267, 424, 117, -1269, 424, 0, 127, 0
L 119, -1264, 425, 119, -1267, 424, 0, 127, 0
L 119, -1262, 425, 119, -1264, 425, 0, 127, 0
L 120, -1243, 425, 119, -1262, 425, 0, 127, 0
L 119, -1242, 424, 120, -1243, 425, 0, 127, 0
L 118, -1240, 423, 119, -1242, 424, 0, 127, 0
L 116, -1238, 423, 118, -1240, 423, 0, 127, 0
L 101, -1226, 426, 116, -1238, 423, 0, 127, 0
L 100, -1225, 426, 101, -1226, 426, 0, 127, 0
L 98, -1225, 426, 100, -1225, 426, 0, 127, 0
L 96, -1223, 426, 98, -1225, 426, 0, 127, 0
L 95, -1222, 427, 96, -1223, 426, 0, 127, 0
L 93, -1221, 427, 95, -1222, 427, 0, 127, 0
L 92, -1219, 427, 93, -1221, 427, 0, 127, 0
L 88, -1217, 427, 92, -1219, 427, 0, 127, 0
L 88, -1216, 427, 88, -1217, 427, 0, 127, 0
L 86, -1215, 426, 88, -1216, 427, 0, 127, 0
L 85, -1214, 426, 86, -1215, 426, 0, 127, 0
L 83, -1213, 426, 85, -1214, 426, 0, 127, 0
L 81, -1211, 426, 83, -1213, 426, 0, 127, 0
L 79, -1210, 425, 81, -1211, 426, 0, 127, 0
L 78, -1209, 425, 79, -1210, 425, 0, 127, 0
L 76, -1208, 425, 78, -1209, 425, 0, 127, 0
L 74, -1207, 424, 76, -1208, 425, 0, 127, 0
L 72, -1206, 422, 74, -1207, 424, 0, 127, 0
L 70, -1206, 421, 72, -1206, 422, 0, 127, 0
L 68, -1206, 422, 70, -1206, 421, 0, 127, 0
L 67, -1204, 421, 68, -1206, 422, 0, 127, 0
L 57, -1204, 423, 67, -1204, 421, 0, 127, 0
L 56, -1204, 423, 57, -1204, 423, 0, 127, 0
L 52, -1205, 424, 56, -1204, 423, 0, 127, 0
L 46, -1208, 425, 52, -1205, 424, 0, 127, 0
L 45, -1209, 425, 46, -1208, 425, 0, 127, 0
L 43, -1210, 425, 45, -1209, 425, 0, 127, 0
L 42, -1211, 424, 43, -1210, 425, 0, 127, 0
L 41, -1212, 424, 42, -1211, 424, 0, 127, 0
L 40, -1213, 425, 41, -1212, 424, 0, 127, 0
L 36, -1216, 426, 40, -1213, 425, 0, 127, 0
L 34, -1217, 426, 36, -1216, 426, 0, 127, 0
L 27, -1223, 426, 34, -1217, 426, 0, 127, 0
L 26, -1224, 427, 27, -1223, 426, 0, 127, 0
L 24, -1224, 426, 26, -1224, 427, 0, 127, 0
L 23, -1225, 426, 24, -1224, 426, 0, 127, 0
L 22, -1226, 425, 23, -1225, 426, 0, 127, 0
L 21, -1227, 425, 22, -1226, 425, 0, 127, 0
L 19, -1228, 425, 21, -1227, 425, 0, 127, 0
L 8, -1235, 422, 19, -1228, 425, 0, 127, 0
L 7, -1236, 422, 8, -1235, 422, 0, 127, 0
L 5, -1235, 420, 7, -1236, 422, 0, 127, 0
L 5, -1233, 420, 5, -1235, 420, 0, 127, 0
L 4, -1231, 420, 5, -1233, 420, 0, 127, 0
L 3, -1227, 421, 4, -1231, 420, 0, 127, 0
L 1, -1224, 421, 3, -1227, 421, 0, 127, 0
L -0, -1216, 422, 1, -1224, 421, 0, 127, 0
L -1, -1215, 422, -0, -1216, 422, 0, 127, 0
L -5, -1214, 422, -1, -1215, 422, 0, 127, 0
L -17, -1216, 423, -5, -1214, 422, 0, 127, 0
L -40, -1219, 424, -17, -1216, 423, 0, 127, 0
L -77, -1222, 426, -40, -1219, 424, 0, 127, 0
L -94, -1222, 428, -77, -1222, 426, 0, 127, 0
L -90, -1273, 428, -94, -1273, 430, 0, 127, 0
L -80, -1273, 426, -90, -1273, 428, 0, 127, 0
L -72, -1273, 424, -80, -1273, 426, 0, 127, 0
L -51, -1271, 419, -72, -1273, 424, 0, 127, 0
L -49, -1271, 419, -51, -1271, 419, 0, 127, 0
L -49, -1274, 419, -49, -1271, 419, 0, 127, 0
L -51, -1285, 418, -49, -1274, 419, 0, 127, 0
L -65, -1327, 412, -51, -1285, 418, 0, 127, 0
L -67, -1330, 411, -65, -1327, 412, 0, 127, 0
L -81, -1355, 407, -67, -1330, 411, 0, 127, 0
L -82, -1356, 407, -81, -1355, 407, 0, 127, 0
L -84, -1359, 406, -82, -1356, 407, 0, 127, 0
L -97, -1370, 404, -84, -1359, 406, 0, 127, 0
L -100, -1372, 404, -97, -1370, 404, 0, 127, 0
L -126, -1388, 399, -100, -1372, 404, 0, 127, 0
L -132, -1390, 398, -126, -1388, 399, 0, 127, 0
L -150, -1397, 395, -132, -1390, 398, 0, 127, 0
L -160, -1401, 395, -150, -1397, 395, 0, 127, 0
L -164, -1402, 394, -160, -1401, 395, 0, 127, 0
L -186, -1406, 393, -164, -1402, 394, 0, 127, 0
L -191, -1406, 393, -186, -1406, 393, 0, 127, 0
L -200, -1407, 392, -191, -1406, 393, 0, 127, 0
L -209, -1407, 390, -200, -1407, 392, 0, 127, 0
L -210, -1407, 390, -209, -1407, 390, 0, 127, 0
L -247, -1401, 379, -210, -1407, 390, 0, 127, 0
L -250, -1400, 378, -247, -1401, 379, 0, 127, 0
L -252, -1399, 378, -250, -1400, 378, 0, 127, 0
L -262, -1395, 377, -252, -1399, 378, 0, 127, 0
L -280, -1386, 377, -262, -1395, 377, 0, 127, 0
L -298, -1374, 377, -280, -1386, 377, 0, 127, 0
L -303, -1371, 377, -298, -1374, 377, 0, 127, 0
L -309, -1365, 376, -303, -1371, 377, 0, 127, 0
L -311, -1363, 375, -309, -1365, 376, 0, 127, 0
L -312, -1362, 375, -311, -1363, 375, 0, 127, 0
L -315, -1359, 374, -312, -1362, 375, 0, 127, 0
L -332, -1331, 368, -315, -1359, 374, 0, 127, 0
L -337, -1324, 366, -332, -1331, 368, 0, 127, 0
L -337, -1322, 366, -337, -1324, 366, 0, 127, 0
L -338, -1321, 366, -337, -1322, 366, 0, 127, 0
L -357, -1281, 359, -338, -1321, 366, 0, 127, 0
L -358, -1280, 359, -357, -1281, 359, 0, 127, 0
L -358, -1279, 359, -358, -1280, 359, 0, 127, 0
L -357, -1277, 358, -358, -1279, 359, 0, 127, 0
L -355, -1277, 358, -357, -1277, 358, 0, 127, 0
L -353, -1276, 358, -355, -1277, 358, 0, 127, 0
L -352, -1275, 358, -353, -1276, 358, 0, 127, 0
L -348, -1275, 358, -352, -1275, 358, 0, 127, 0
L -318, -1273, 355, -348, -1275, 358, 0, 127, 0
L -309, -1272, 354, -318, -1273, 355, 0, 127, 0
L -298, -1272, 352, -309, -1272, 354, 0, 127, 0
L -258, -1274, 341, -298, -1272, 352, 0, 127, 0
L -202, -1406, 150, -195, -1408, 150, 127, 64, 0
L -204, -1406, 150, -202, -1406, 150, 127, 64, 0
L -212, -1405, 150, -204, -1406, 150, 127, 64, 0
L -221, -1405, 152, -212, -1405, 150, 127, 64, 0
L -223, -1404, 152, -221, -1405, 152, 127, 64, 0
L -227, -1404, 152, -223, -1404, 152, 127, 64, 0
L -238, -1401, 152, -227, -1404, 152, 127, 64, 0
L -257, -1395, 155, -238, -1401, 152, 127, 64, 0
L -266, -1392, 158, -257, -1395, 155, 127, 64, 0
L -268, -1391, 158, -266, -1392, 158, 127, 64, 0
L -270, -1391, 159, -268, -1391, 158, 127, 64, 0
L -272, -1390, 159, -270, -1391, 159, 127, 64, 0
L -300, -1372, 168, -272, -1390, 159, 127, 64, 0
L -302, -1370, 168, -300, -1372, 168, 127, 64, 0
L -304, -1369, 169, -302, -1370, 168, 127, 64, 0
L -305, -1368, 170, -304, -1369, 169, 127, 64, 0
L -328, -1338, 181, -305, -1368, 170, 127, 64, 0
L -331, -1335, 182, -328, -1338, 181, 127, 64, 0
L -332, -1333, 182, -331, -1335, 182, 127, 64, 0
L -334, -1331, 183, -332, -1333, 182, 127, 64, 0
L -343, -1312, 186, -334, -1331, 183, 127, 64, 0
L -355, -1280, 192, -343, -1312, 186, 127, 64, 0
L -356, -1278, 192, -355, -1280, 192, 127, 64, 0
L -356, -1274, 192, -356, -1278, 192, 127, 64, 0
L -357, -1252, 192, -356, -1274, 192, 127, 64, 0
L -356, -1238, 192, -357, -1252, 192, 127, 64, 0
L -354, -1225, 192, -356, -1238, 192, 127, 64, 0
L -354, -1223, 192, -354, -1225, 192, 127, 64, 0
L -351, -1210, 194, -354, -1223, 192, 127, 64, 0
L -350, -1202, 197, -351, -1210, 194, 127, 64, 0
L -349, -1200, 197, -350, -1202, 197, 127, 64, 0
L -349, -1196, 198, -349, -1200, 197, 127, 64, 0
L -348, -1195, 198, -349, -1196, 198, 127, 64, 0
L -344, -1181, 202, -348, -1195, 198, 127, 64, 0
L -344, -1180, 202, -344, -1181, 202, 127, 64, 0
L -343, -1179, 203, -344, -1180, 202, 127, 64, 0
L -342, -1175, 204, -343, -1179, 203, 127, 64, 0
L -339, -1169, 205, -342, -1175, 204, 127, 64, 0
L -338, -1166, 205, -339, -1169, 205, 127, 64, 0
L -337, -1164, 206, -338, -1166, 205, 127, 64, 0
L -335, -1161, 206, -337, -1164, 206, 127, 64, 0
L -306, -1125, 214, -335, -1161, 206, 127, 64, 0
L -305, -1124, 215, -306, -1125, 214, 127, 64, 0
L -304, -1123, 215, -305, -1124, 215, 127, 64, 0
L -294, -1116, 217, -304, -1123, 215, 127, 64, 0
L -287, -1112, 218, -294, -1116, 217, 127, 64, 0
L -277, -1106, 221, -287, -1112, 218, 127, 64, 0
L -270, -1103, 222, -277, -1106, 221, 127, 64, 0
L -262, -1101, 224, -270, -1103, 222, 127, 64, 0
L -260, -1100, 224, -262, -1101, 224, 127, 64, 0
L -259, -1100, 224, -260, -1100, 224, 127, 64, 0
L -251, -1099, 226, -259, -1100, 224, 127, 64, 0
L -241, -1098, 229, -251, -1099, 226, 127, 64, 0
L -204, -1100, 237, -241, -1098, 229, 127, 64, 0
L -202, -1100, 237, -204, -1100, 237, 127, 64, 0
L -167, -1103, 239, -202, -1100, 237, 127, 64, 0
L -157, -1104, 240, -167, -1103, 239, 127, 64, 0
L -154, -1104, 240, -157, -1104, 240, 127, 64, 0
L -151, -1105, 241, -154, -1104, 240, 127, 64, 0
L -137, -1112, 242, -151, -1105, 241, 127, 64, 0
L -113, -1122, 245, -137, -1112, 242, 127, 64, 0
L -110, -1124, 245, -113, -1122, 245, 127, 64, 0
L -102, -1129, 247, -110, -1124, 245, 127, 64, 0
L -99, -1131, 247, -102, -1129, 247, 127, 64, 0
L -95, -1134, 248, -99, -1131, 247, 127, 64, 0
L -87, -1142, 250, -95, -1134, 248, 127, 64, 0
L -74, -1156, 254, -87, -1142, 250, 127, 64, 0
L -62, -1174, 257, -74, -1156, 254, 127, 64, 0
L -59, -1180, 258, -62, -1174, 257, 127, 64, 0
L -48, -1206, 263, -59, -1180, 258, 127, 64, 0
L -41, -1224, 266, -48, -1206, 263, 127, 64, 0
L -42, -1226, 266, -41, -1224, 266, 127, 64, 0
L -50, -1226, 266, -42, -1226, 266, 127, 64, 0
L -79, -1224, 268, -50, -1226, 266, 127, 64, 0
L -88, -1223, 269, -79, -1224, 268, 127, 64, 0
L -94, -1222, 270, -88, -1223, 269, 127, 64, 0
L -103, -1222, 274, -94, -1222, 270, 127, 64, 0
L -104, -1222, 274, -103, -1222, 274, 127, 64, 0
L -117, -1223, 280, -104, -1222, 274, 127, 64, 0
L -127, -1224, 286, -117, -1223, 280, 127, 64, 0
L -136, -1225, 290, -127, -1224, 286, 127, 64, 0
L -155, -1226, 299, -136, -1225, 290, 127, 64, 0
L -174, -1227, 307, -155, -1226, 299, 127, 64, 0
L -249, -1226, 339, -174, -1227, 307, 127, 64, 0
L -217, -1278, 325, -255, -1274, 340, 127, 64, 0
L -204, -1280, 319, -217, -1278, 325, 127, 64, 0
L -195, -1280, 315, -204, -1280, 319, 127, 64, 0
L -174, -1280, 307, -195, -1280, 315, 127, 64, 0
L -145, -1278, 295, -174, -1280, 307, 127, 64, 0
L -135, -1278, 290, -145, -1278, 295, 127, 64, 0
L -105, -1276, 276, -135, -1278, 290, 127, 64, 0
L -86, -1276, 270, -105, -1276, 276, 127, 64, 0
L -76, -1276, 268, -86, -1276, 270, 127, 64, 0
L -60, -1277, 264, -76, -1276, 268, 127, 64, 0
L -50, -1278, 262, -60, -1277, 264, 127, 64, 0
L -26, -1281, 262, -50, -1278, 262, 127, 64, 0
L -8, -1284, 262, -26, -1281, 262, 127, 64, 0
L -6, -1284, 262, -8, -1284, 262, 127, 64, 0
L -6, -1281, 262, -6, -1284, 262, 127, 64, 0
L -5, -1279, 262, -6, -1281, 262, 127, 64, 0
L -3, -1275, 264, -5, -1279, 262, 127, 64, 0
L -2, -1274, 265, -3, -1275, 264, 127, 64, 0
L 2, -1271, 266, -2, -1274, 265, 127, 64, 0
L 8, -1273, 267, 2, -1271, 266, 127, 64, 0
L 9, -1274, 267, 8, -1273, 267, 127, 64, 0
L 17, -1278, 267, 9, -1274, 267, 127, 64, 0
L 22, -1281, 267, 17, -1278, 267, 127, 64, 0
L 27, -1286, 268, 22, -1281, 267, 127, 64, 0
L 33, -1290, 268, 27, -1286, 268, 127, 64, 0
L 41, -1295, 266, 33, -1290, 268, 127, 64, 0
L 42, -1296, 266, 41, -1295, 266, 127, 64, 0
L 45, -1298, 265, 42, -1296, 266, 127, 64, 0
L 47, -1298, 265, 45, -1298, 265, 127, 64, 0
L 49, -1299, 263, 47, -1298, 265, 127, 64, 0
L 50, -1299, 263, 49, -1299, 263, 127, 64, 0
L 52, -1301, 263, 50, -1299, 263, 127, 64, 0
L 56, -1301, 263, 52, -1301, 263, 127, 64, 0
L 62, -1300, 264, 56, -1301, 263, 127, 64, 0
L 64, -1300, 264, 62, -1300, 264, 127, 64, 0
L 69, -1299, 265, 64, -1300, 264, 127, 64, 0
L 73, -1298, 266, 69, -1299, 265, 127, 64, 0
L 75, -1297, 266, 73, -1298, 266, 127, 64, 0
L 76, -1296, 267, 75, -1297, 266, 127, 64, 0
L 78, -1295, 267, 76, -1296, 267, 127, 64, 0
L 94, -1282, 267, 78, -1295, 267, 127, 64, 0
L 102, -1277, 267, 94, -1282, 267, 127, 64, 0
L 104, -1276, 267, 102, -1277, 267, 127, 64, 0
L 111, -1273, 267, 104, -1276, 267, 127, 64, 0
L 113, -1272, 266, 111, -1273, 267, 127, 64, 0
L 117, -1268, 266, 113, -1272, 266, 127, 64, 0
L 117, -1252, 266, 117, -1268, 266, 127, 64, 0
L 116, -1249, 266, 117, -1252, 266, 127, 64, 0
L 110, -1242, 267, 116, -1249, 266, 127, 64, 0
L 104, -1235, 267, 110, -1242, 267, 127, 64, 0
L 100, -1230, 267, 104, -1235, 267, 127, 64, 0
L 99, -1229, 267, 100, -1230, 267, 127, 64, 0
L 91, -1222, 268, 99, -1229, 267, 127, 64, 0
L 87, -1219, 268, 91, -1222, 268, 127, 64, 0
L 85, -1217, 268, 87, -1219, 268, 127, 64, 0
L 82, -1215, 267, 85, -1217, 268, 127, 64, 0
L 80, -1214, 267, 82, -1215, 267, 127, 64, 0
L 79, -1213, 267, 80, -1214, 267, 127, 64, 0
L 75, -1210, 267, 79, -1213, 267, 127, 64, 0
L 74, -1209, 266, 75, -1210, 267, 127, 64, 0
L 73, -1209, 265, 74, -1209, 266, 127, 64, 0
L 66, -1206, 264, 73, -1209, 265, 127, 64, 0
L 65, -1206, 264, 66, -1206, 264, 127, 64, 0
L 55, -1205, 265, 65, -1206, 264, 127, 64, 0
L 53, -1206, 265, 55, -1205, 265, 127, 64, 0
L 52, -1206, 265, 53, -1206, 265, 127, 64, 0
L 46, -1209, 266, 52, -1206, 265, 127, 64, 0
L 32, -1220, 267, 46, -1209, 266, 127, 64, 0
L 28, -1223, 267, 32, -1220, 267, 127, 64, 0
L 10, -1233, 267, 28, -1223, 267, 127, 64, 0
L 4, -1236, 267, 10, -1233, 267, 127, 64, 0
L 3, -1235, 267, 4, -1236, 267, 127, 64, 0
L 2, -1233, 267, 3, -1235, 267, 127, 64, 0
L 2, -1231, 268, 2, -1233, 267, 127, 64, 0
L 2, -1232, 265, 2, -1234, 264, 127, 64, 0
L -0, -1222, 264, 2, -1232, 265, 127, 64, 0
L -3, -1207, 263, -0, -1222, 264, 127, 64, 0
L -4, -1206, 263, -3, -1207, 263, 127, 64, 0
L -4, -1204, 263, -4, -1206, 263, 127, 64, 0
L -7, -1200, 262, -4, -1204, 263, 127, 64, 0
L -7, -1198, 262, -7, -1200, 262, 127, 64, 0
L -10, -1186, 261, -7, -1198, 262, 127, 64, 0
L -10, -1185, 261, -10, -1186, 261, 127, 64, 0
L -11, -1183, 261, -10, -1185, 261, 127, 64, 0
L -11, -1181, 261, -11, -1183, 261, 127, 64, 0
L -12, -1180, 261, -11, -1181, 261, 127, 64, 0
L -12, -1178, 260, -12, -1180, 261, 127, 64, 0
L -14, -1175, 260, -12, -1178, 260, 127, 64, 0
L -14, -1174, 260, -14, -1175, 260, 127, 64, 0
L -15, -1172, 260, -14, -1174, 260, 127, 64, 0
L -20, -1164, 259, -15, -1172, 260, 127, 64, 0
L -21, -1163, 258, -20, -1164, 259, 127, 64, 0
L -23, -1156, 258, -21, -1163, 258, 127, 64, 0
L -24, -1153, 257, -23, -1156, 258, 127, 64, 0
L -25, -1151, 257, -24, -1153, 257, 127, 64, 0
L -26, -1150, 257, -25, -1151, 257, 127, 64, 0
L -27, -1148, 257, -26, -1150, 257, 127, 64, 0
L -29, -1144, 256, -27, -1148, 257, 127, 64, 0
L -30, -1142, 256, -29, -1144, 256, 127, 64, 0
L -31, -1141, 256, -30, -1142, 256, 127, 64, 0
L -41, -1132, 254, -31, -1141, 256, 127, 64, 0
L -42, -1131, 254, -41, -1132, 254, 127, 64, 0
L -47, -1123, 253, -42, -1131, 254, 127, 64, 0
L -68, -1098, 248, -47, -1123, 253, 127, 64, 0
L -72, -1094, 248, -68, -1098, 248, 127, 64, 0
L -90, -1080, 244, -72, -1094, 248, 127, 64, 0
L -96, -1077, 243, -90, -1080, 244, 127, 64, 0
L -97, -1076, 243, -96, -1077, 243, 127, 64, 0
L -99, -1075, 242, -97, -1076, 243, 127, 64, 0
L -101, -1075, 242, -99, -1075, 242, 127, 64, 0
L -104, -1072, 242, -101, -1075, 242, 127, 64, 0
L -106, -1072, 242, -104, -1072, 242, 127, 64, 0
L -118, -1068, 238, -106, -1072, 242, 127, 64, 0
L -125, -1065, 237, -118, -1068, 238, 127, 64, 0
L -130, -1063, 236, -125, -1065, 237, 127, 64, 0
L -131, -1062, 236, -130, -1063, 236, 127, 64, 0
L -143, -1061, 235, -131, -1062, 236, 127, 64, 0
L -149, -1060, 234, -143, -1061, 235, 127, 64, 0
L -155, -1059, 234, -149, -1060, 234, 127, 64, 0
L -158, -1058, 233, -155, -1059, 234, 127, 64, 0
L -160, -1058, 233, -158, -1058, 233, 127, 64, 0
L -187, -1054, 230, -160, -1058, 233, 127, 64, 0
L -188, -1054, 230, -187, -1054, 230, 127, 64, 0
L -192, -1053, 230, -188, -1054, 230, 127, 64, 0
L -193, -1053, 230, -192, -1053, 230, 127, 64, 0
L -259, -1052, 221, -193, -1053, 230, 127, 64, 0
L -261, -1052, 221, -259, -1052, 221, 127, 64, 0
L -264, -1052, 220, -261, -1052, 221, 127, 64, 0
L -267, -1053, 220, -264, -1052, 220, 127, 64, 0
L -268, -1053, 219, -267, -1053, 220, 127, 64, 0
L -270, -1054, 219, -268, -1053, 219, 127, 64, 0
L -277, -1058, 218, -270, -1054, 219, 127, 64, 0
L -286, -1062, 217, -277, -1058, 218, 127, 64, 0
L -313, -1076, 213, -286, -1062, 217, 127, 64, 0
L -314, -1076, 213, -313, -1076, 213, 127, 64, 0
L -330, -1088, 211, -314, -1076, 213, 127, 64, 0
L -343, -1098, 208, -330, -1088, 211, 127, 64, 0
L -346, -1100, 207, -343, -1098, 208, 127, 64, 0
L -347, -1101, 207, -346, -1100, 207, 127, 64, 0
L -348, -1103, 207, -347, -1101, 207, 127, 64, 0
L -349, -1104, 207, -348, -1103, 207, 127, 64, 0
L -352, -1110, 206, -349, -1104, 207, 127, 64, 0
L -354, -1113, 205, -352, -1110, 206, 127, 64, 0
L -355, -1114, 205, -354, -1113, 205, 127, 64, 0
L -358, -1121, 204, -355, -1114, 205, 127, 64, 0
L -359, -1122, 204, -358, -1121, 204, 127, 64, 0
L -361, -1125, 204, -359, -1122, 204, 127, 64, 0
L -362, -1126, 203, -361, -1125, 204, 127, 64, 0
L -363, -1128, 203, -362, -1126, 203, 127, 64, 0
L -365, -1135, 203, -363, -1128, 203, 127, 64, 0
L -366, -1136, 202, -365, -1135, 203, 127, 64, 0
L -368, -1139, 202, -366, -1136, 202, 127, 64, 0
L -368, -1140, 202, -368, -1139, 202, 127, 64, 0
L -369, -1141, 202, -368, -1140, 202, 127, 64, 0
L -370, -1144, 201, -369, -1141, 202, 127, 64, 0
L -371, -1146, 201, -370, -1144, 201, 127, 64, 0
L -374, -1151, 200, -371, -1146, 201, 127, 64, 0
L -376, -1155, 200, -374, -1151, 200, 127, 64, 0
L -377, -1156, 200, -376, -1155, 200, 127, 64, 0
L -378, -1161, 200, -377, -1156, 200, 127, 64, 0
L -378, -1162, 200, -378, -1161, 200, 127, 64, 0
L -383, -1170, 200, -378, -1162, 200, 127, 64, 0
L -384, -1171, 199, -383, -1170, 200, 127, 64, 0
L -386, -1173, 199, -384, -1171, 199, 127, 64, 0
L -390, -1181, 199, -386, -1173, 199, 127, 64, 0
L -396, -1194, 198, -390, -1181, 199, 127, 64, 0
L -398, -1201, 198, -396, -1194, 198, 127, 64, 0
L -399, -1204, 198, -398, -1201, 198, 127, 64, 0
L -400, -1208, 198, -399, -1204, 198, 127, 64, 0
L -401, -1211, 197, -400, -1208, 198, 127, 64, 0
L -404, -1239, 193, -401, -1211, 197, 127, 64, 0
L -404, -1263, 189, -404, -1239, 193, 127, 64, 0
L -404, -1265, 189, -404, -1263, 189, 127, 64, 0
L -405, -1266, 189, -404, -1265, 189, 127, 64, 0
L -407, -1267, 189, -405, -1266, 189, 127, 64, 0
L -407, -1274, 187, -407, -1267, 189, 127, 64, 0
L -407, -1275, 187, -407, -1274, 187, 127, 64, 0
L -406, -1280, 186, -407, -1275, 187, 127, 64, 0
L -406, -1285, 186, -406, -1280, 186, 127, 64, 0
L -405, -1290, 186, -406, -1285, 186, 127, 64, 0
L -403, -1294, 185, -405, -1290, 186, 127, 64, 0
L -392, -1323, 182, -403, -1294, 185, 127, 64, 0
L -390, -1326, 182, -392, -1323, 182, 127, 64, 0
L -364, -1373, 177, -390, -1326, 182, 127, 64, 0
L -360, -1378, 177, -364, -1373, 177, 127, 64, 0
L -355, -1385, 177, -360, -1378, 177, 0, 0, 0
L -354, -1387, 177, -355, -1385, 177, 0, 0, 0
L -352, -1389, 175, -354, -1387, 177, 0, 0, 0
L -348, -1392, 172, -352, -1389, 175, 0, 0, 0
L -346, -1394, 171, -348, -1392, 172, 0, 0, 0
L -345, -1395, 170, -346, -1394, 171, 0, 0, 0
L -343, -1397, 169, -345, -1395, 170, 0, 0, 0
L -342, -1398, 168, -343, -1397, 169, 0, 0, 0
L -337, -1400, 167, -342, -1398, 168, 0, 0, 0
L -336, -1402, 167, -337, -1400, 167, 0, 0, 0
L -330, -1408, 165, -336, -1402, 167, 0, 0, 0
L -325, -1412, 164, -330, -1408, 165, 0, 0, 0
L -323, -1413, 164, -325, -1412, 164, 0, 0, 0
L -318, -1416, 163, -323, -1413, 164, 0, 0, 0
L -314, -1418, 163, -318, -1416, 163, 0, 0, 0
L -271, -1443, 156, -314, -1418, 163, 0, 0, 0
L -270, -1443, 156, -271, -1443, 156, 0, 0, 0
L -266, -1445, 155, -270, -1443, 156, 0, 0, 0
L -264, -1445, 155, -266, -1445, 155, 0, 0, 0
L -258, -1446, 155, -264, -1445, 155, 0, 0, 0
L -256, -1446, 154, -258, -1446, 155, 0, 0, 0
L -254, -1447, 154, -256, -1446, 154, 0, 0, 0
L -240, -1447, 152, -254, -1447, 154, 0, 0, 0
L -226, -1451, 151, -240, -1447, 152, 0, 0, 0
L -205, -1457, 150, -226, -1451, 151, 0, 0, 0
L -194, -1458, 150, -205, -1457, 150, 0, 0, 0
L -189, -1458, 150, -194, -1458, 150, 0, 0, 0
L -187, -1457, 150, -189, -1458, 150, 0, 0, 0
L -172, -1455, 150, -187, -1457, 150, 0, 0, 0
L -165, -1451, 150, -172, -1455, 150, 0, 0, 0
L -138, -1445, 150, -165, -1451, 150, 0, 0, 0
L -131, -1443, 150, -138, -1445, 150, 0, 0, 0
L -129, -1442, 150, -131, -1443, 150, 0, 0, 0
L -126, -1440, 149, -129, -1442, 150, 0, 0, 0
L -123, -1438, 149, -126, -1440, 149, 0, 0, 0
L -120, -1437, 149, -123, -1438, 149, 0, 0, 0
L -118, -1436, 149, -120, -1437, 149, 0, 0, 0
L -117, -1435, 149, -118, -1436, 149, 0, 0, 0
L -106, -1430, 148, -117, -1435, 149, 0, 0, 0
L -103, -1427, 148, -106, -1430, 148, 0, 0, 0
L -94, -1422, 148, -103, -1427, 148, 0, 0, 0
L -93, -1421, 148, -94, -1422, 148, 0, 0, 0
L -89, -1418, 148, -93, -1421, 148, 0, 0, 0
L -88, -1417, 147, -89, -1418, 148, 0, 0, 0
L -78, -1412, 147, -88, -1417, 147, 0, 0, 0
L -72, -1411, 147, -78, -1412, 147, 0, 0, 0
L -71, -1410, 146, -72, -1411, 147, 0, 0, 0
L -67, -1407, 146, -71, -1410, 146, 0, 0, 0
L -65, -1405, 146, -67, -1407, 146, 0, 0, 0
L -62, -1400, 146, -65, -1405, 146, 0, 0, 0
L -55, -1394, 146, -62, -1400, 146, 0, 0, 0
L -54, -1392, 145, -55, -1394, 146, 0, 0, 0
L -52, -1389, 145, -54, -1392, 145, 0, 0, 0
L -40, -1376, 145, -52, -1389, 145, 0, 0, 0
L -39, -1375, 144, -40, -1376, 145, 0, 0, 0
L -38, -1374, 144, -39, -1375, 144, 0, 0, 0
L -35, -1367, 144, -38, -1374, 144, 0, 0, 0
L -34, -1365, 144, -35, -1367, 144, 0, 0, 0
L -26, -1357, 144, -34, -1365, 144, 0, 0, 0
L -23, -1355, 143, -26, -1357, 144, 0, 0, 0
L -22, -1353, 144, -23, -1355, 143, 0, 0, 0
L -21, -1352, 144, -22, -1353, 144, 0, 0, 0
L -15, -1336, 144, -21, -1352, 144, 0, 0, 0
L -13, -1335, 144, -15, -1336, 144, 0, 0, 0
L 4, -1295, 146, -13, -1335, 144, 0, 0, 0
L 5, -1294, 146, 4, -1295, 146, 0, 0, 0
L 6, -1280, 146, 5, -1294, 146, 0, 0, 0
L 6, -1278, 146, 6, -1280, 146, 0, 0, 0
L 3, -1275, 146, 6, -1278, 146, 0, 0, 0
L -7, -1266, 147, 3, -1275, 146, 0, 0, 0
L -8, -1252, 147, -7, -1266, 147, 0, 0, 0
L -7, -1248, 147, -8, -1252, 147, 0, 0, 0
L -5, -1240, 148, -7, -1248, 147, 0, 0, 0
L -4, -1238, 148, -5, -1240, 148, 0, 0, 0
L -4, -1237, 147, -4, -1238, 148, 0, 0, 0
L -3, -1236, 147, -4, -1237, 147, 0, 0, 0
L -3, -1235, 148, -3, -1236, 147, 0, 0, 0
L -3, -1234, 148, -3, -1235, 148, 0, 0, 0
L -1, -1230, 148, -3, -1234, 148, 0, 0, 0
L 3, -1228, 148, -1, -1230, 148, 0, 0, 0
L -209, -1406, 151, -202, -1408, 151, 0, 0, 0
L -211, -1406, 151, -209, -1406, 151, 0, 0, 0
L -229, -1401, 149, -211, -1406, 151, 0, 0, 0
L -257, -1392, 148, -229, -1401, 149, 0, 0, 0
L -258, -1392, 148, -257, -1392, 148, 0, 0, 0
L -262, -1390, 148, -258, -1392, 148, 0, 0, 0
L -264, -1388, 148, -262, -1390, 148, 0, 0, 0
L -277, -1380, 149, -264, -1388, 148, 0, 0, 0
L -286, -1374, 149, -277, -1380, 149, 0, 0, 0
L -288, -1372, 150, -286, -1374, 149, 0, 0, 0
L -290, -1371, 150, -288, -1372, 150, 0, 0, 0
L -301, -1359, 151, -290, -1371, 150, 0, 0, 0
L -313, -1348, 152, -301, -1359, 151, 0, 0, 0
L -315, -1345, 153, -313, -1348, 152, 0, 0, 0
L -323, -1335, 153, -315, -1345, 153, 0, 0, 0
L -324, -1334, 153, -323, -1335, 153, 0, 0, 0
L -328, -1326, 152, -324, -1334, 153, 0, 0, 0
L -329, -1325, 151, -328, -1326, 152, 0, 0, 0
L -335, -1327, 150, -329, -1325, 151, 0, 0, 0
L -338, -1328, 150, -335, -1327, 150, 0, 0, 0
L -356, -1336, 149, -338, -1328, 150, 0, 0, 0
L -366, -1340, 148, -356, -1336, 149, 0, 0, 0
L -374, -1344, 148, -366, -1340, 148, 0, 0, 0
L -375, -1345, 148, -374, -1344, 148, 0, 0, 0
L -377, -1344, 147, -375, -1345, 148, 0, 0, 0
L -379, -1344, 147, -377, -1344, 147, 0, 0, 0
L -382, -1341, 147, -379, -1344, 147, 0, 0, 0
L -383, -1339, 147, -382, -1341, 147, 0, 0, 0
L -384, -1338, 147, -383, -1339, 147, 0, 0, 0
L -386, -1335, 147, -384, -1338, 147, 0, 0, 0
L -393, -1317, 146, -386, -1335, 147, 0, 0, 0
L -395, -1309, 145, -393, -1317, 146, 0, 0, 0
L -396, -1303, 146, -395, -1309, 145, 0, 0, 0
L -399, -1291, 147, -396, -1303, 146, 0, 0, 0
L -399, -1286, 147, -399, -1291, 147, 0, 0, 0
L -400, -1278, 148, -399, -1286, 147, 0, 0, 0
L -400, -1269, 149, -400, -1278, 148, 0, 0, 0
L -401, -1245, 151, -400, -1269, 149, 0, 0, 0
L -401, -1243, 151, -401, -1245, 151, 0, 0, 0
L -400, -1241, 151, -401, -1243, 151, 0, 0, 0
L -399, -1238, 151, -400, -1241, 151, 0, 0, 0
L -398, -1236, 151, -399, -1238, 151, 0, 0, 0
L -397, -1219, 153, -398, -1236, 151, 0, 0, 0
L -396, -1207, 152, -397, -1219, 153, 0, 0, 0
L -396, -1205, 152, -396, -1207, 152, 0, 0, 0
L -395, -1201, 152, -396, -1205, 152, 0, 0, 0
L -391, -1190, 152, -395, -1201, 152, 0, 0, 0
L -386, -1173, 152, -391, -1190, 152, 0, 0, 0
L -385, -1171, 152, -386, -1173, 152, 0, 0, 0
L -380, -1159, 153, -385, -1171, 152, 0, 0, 0
L -377, -1154, 152, -380, -1159, 153, 0, 0, 0
L -371, -1143, 152, -377, -1154, 152, 0, 0, 0
L -365, -1133, 153, -371, -1143, 152, 0, 0, 0
L -363, -1130, 152, -365, -1133, 153, 0, 0, 0
L -356, -1121, 152, -363, -1130, 152, 0, 0, 0
L -348, -1112, 153, -356, -1121, 152, 0, 0, 0
L -339, -1104, 152, -348, -1112, 153, 0, 0, 0
L -327, -1093, 153, -339, -1104, 152, 0, 0, 0
L -325, -1092, 153, -327, -1093, 153, 0, 0, 0
L -305, -1080, 153, -325, -1092, 153, 0, 0, 0
L -293, -1073, 152, -305, -1080, 153, 0, 0, 0
L -279, -1067, 152, -293, -1073, 152, 0, 0, 0
L -269, -1062, 152, -279, -1067, 152, 0, 0, 0
L -243, -1054, 152, -269, -1062, 152, 0, 0, 0
L -242, -1054, 152, -243, -1054, 152, 0, 0, 0
L -219, -1050, 152, -242, -1054, 152, 0, 0, 0
L -210, -1049, 152, -219, -1050, 152, 0, 0, 0
L -201, -1049, 152, -210, -1049, 152, 0, 0, 0
L -190, -1050, 152, -201, -1049, 152, 0, 0, 0
L -167, -1056, 152, -190, -1050, 152, 0, 0, 0
L -157, -1058, 152, -167, -1056, 152, 0, 0, 0
L -138, -1059, 152, -157, -1058, 152, 0, 0, 0
L -135, -1059, 152, -138, -1059, 152, 0, 0, 0
L -123, -1061, 152, -135, -1059, 152, 0, 0, 0
L -121, -1061, 152, -123, -1061, 152, 0, 0, 0
L -120, -1062, 152, -121, -1061, 152, 0, 0, 0
L -118, -1062, 152, -120, -1062, 152, 0, 0, 0
L -113, -1065, 152, -118, -1062, 152, 0, 0, 0
L -102, -1071, 152, -113, -1065, 152, 0, 0, 0
L -99, -1073, 152, -102, -1071, 152, 0, 0, 0
L -75, -1091, 152, -99, -1073, 152, 0, 0, 0
L -65, -1098, 152, -75, -1091, 152, 0, 0, 0
L -64, -1099, 152, -65, -1098, 152, 0, 0, 0
L -61, -1101, 152, -64, -1099, 152, 0, 0, 0
L -60, -1103, 152, -61, -1101, 152, 0, 0, 0
L -46, -1120, 152, -60, -1103, 152, 0, 0, 0
L -39, -1130, 152, -46, -1120, 152, 0, 0, 0
L -31, -1138, 151, -39, -1130, 152, 0, 0, 0
L -30, -1140, 151, -31, -1138, 151, 0, 0, 0
L -27, -1145, 151, -30, -1140, 151, 0, 0, 0
L -25, -1148, 152, -27, -1145, 151, 0, 0, 0
L -19, -1159, 151, -25, -1148, 152, 0, 0, 0
L -16, -1166, 151, -19, -1159, 151, 0, 0, 0
L -12, -1175, 152, -16, -1166, 151, 0, 0, 0
L -6, -1192, 151, -12, -1175, 152, 0, 0, 0
L -5, -1193, 151, -6, -1192, 151, 0, 0, 0
L -4, -1197, 151, -5, -1193, 151, 0, 0, 0
L 1, -1213, 151, -4, -1197, 151, 0, 0, 0
L 4, -1228, 151, 1, -1213, 151, 0, 0, 0
