L 77, -575, -41, 72, -572, -40, 0, 0, 0
L 79, -576, -41, 77, -575, -41, 0, 0, 0
L 80, -576, -42, 79, -576, -41, 0, 0, 0
L 84, -577, -43, 80, -576, -42, 0, 0, 0
L 86, -578, -43, 84, -577, -43, 0, 0, 0
L 88, -578, -45, 86, -578, -43, 0, 0, 0
L 89, -576, -47, 88, -578, -45, 0, 0, 0
L 91, -576, -48, 89, -576, -47, 0, 0, 0
L 99, -577, -50, 91, -576, -48, 0, 0, 0
L 101, -578, -50, 99, -577, -50, 0, 0, 0
L 102, -578, -51, 101, -578, -50, 0, 0, 0
L 104, -579, -51, 102, -578, -51, 0, 0, 0
L 105, -580, -52, 104, -579, -51, 0, 0, 0
L 106, -581, -52, 105, -580, -52, 0, 0, 0
L 112, -586, -52, 106, -581, -52, 0, 0, 0
L 112, -588, -52, 112, -586, -52, 0, 0, 0
L 111, -589, -52, 112, -588, -52, 0, 0, 0
L 108, -591, -52, 111, -589, -52, 0, 0, 0
L 101, -596, -51, 108, -591, -52, 0, 0, 0
L 99, -597, -51, 101, -596, -51, 0, 0, 0
L 92, -605, -50, 99, -597, -51, 0, 0, 0
L 88, -608, -49, 92, -605, -50, 0, 0, 0
L 86, -609, -49, 88, -608, -49, 0, 0, 0
L 84, -612, -49, 86, -609, -49, 0, 0, 0
L 84, -615, -49, 84, -612, -49, 0, 0, 0
L 85, -617, -49, 84, -615, -49, 0, 0, 0
L 84, -618, -48, 85, -617, -49, 0, 0, 0
L 82, -621, -48, 84, -618, -48, 0, 0, 0
L 81, -622, -49, 82, -621, -48, 0, 0, 0
L 84, -624, -49, 81, -622, -49, 0, 0, 0
L 85, -630, -48, 84, -624, -49, 0, 0, 0
L 85, -634, -48, 85, -630, -48, 0, 0, 0
L 86, -644, -48, 85, -634, -48, 0, 0, 0
L 86, -646, -48, 86, -644, -48, 0, 0, 0
L 86, -648, -49, 86, -646, -48, 0, 0, 0
L 88, -648, -50, 86, -648, -49, 0, 0, 0
L 89, -649, -51, 88, -648, -50, 0, 0, 0
L 90, -654, -51, 89, -649, -51, 0, 0, 0
L 90, -655, -52, 90, -654, -51, 0, 0, 0
L 90, -661, -56, 90, -655, -52, 0, 0, 0
L 91, -668, -57, 90, -661, -56, 0, 0, 0
L 91, -670, -57, 91, -668, -57, 0, 0, 0
L 90, -671, -57, 91, -670, -57, 0, 0, 0
L 88, -672, -57, 90, -671, -57, 0, 0, 0
L 88, -675, -58, 88, -672, -57, 0, 0, 0
L 88, -676, -58, 88, -675, -58, 0, 0, 0
L 86, -684, -61, 88, -676, -58, 0, 0, 0
L 85, -686, -62, 86, -684, -61, 0, 0, 0
L 84, -688, -62, 85, -686, -62, 0, 0, 0
L 84, -689, -62, 84, -688, -62, 0, 0, 0
L 83, -690, -62, 84, -689, -62, 0, 0, 0
L 82, -692, -64, 83, -690, -62, 0, 0, 0
L 82, -693, -65, 82, -692, -64, 0, 0, 0
L 81, -695, -65, 82, -693, -65, 0, 0, 0
L 81, -696, -65, 81, -695, -65, 0, 0, 0
L 79, -700, -65, 81, -696, -65, 0, 0, 0
L 77, -703, -65, 79, -700, -65, 0, 0, 0
L 73, -708, -65, 77, -703, -65, 0, 0, 0
L 70, -713, -66, 73, -708, -65, 0, 0, 0
L 64, -714, -65, 70, -713, -66, 0, 0, 0
L 59, -713, -65, 64, -714, -65, 0, 0, 0
L 57, -712, -65, 59, -713, -65, 0, 0, 0
L 52, -712, -65, 57, -712, -65, 0, 0, 0
L 50, -711, -66, 52, -712, -65, 0, 0, 0
L 47, -711, -66, 50, -711, -66, 0, 0, 0
L 39, -709, -66, 47, -711, -66, 0, 0, 0
L 34, -709, -66, 39, -709, -66, 0, 0, 0
L 23, -708, -66, 34, -709, -66, 0, 0, 0
L 17, -711, -67, 23, -708, -66, 0, 0, 0
L 16, -712, -68, 17, -711, -67, 0, 0, 0
L 15, -714, -68, 16, -712, -68, 0, 0, 0
L 12, -715, -68, 15, -714, -68, 0, 0, 0
L 10, -715, -68, 12, -715, -68, 0, 0, 0
L 3, -718, -68, 10, -715, -68, 0, 0, 0
L -5, -723, -67, 3, -718, -68, 0, 0, 0
L -7, -724, -67, -5, -723, -67, 0, 0, 0
L -8, -724, -67, -7, -724, -67, 0, 0, 0
L -10, -725, -66, -8, -724, -67, 0, 0, 0
L -11, -726, -66, -10, -725, -66, 0, 0, 0
L -11, -727, -65, -11, -726, -66, 0, 0, 0
L -11, -729, -64, -11, -727, -65, 0, 0, 0
L -13, -734, -64, -11, -729, -64, 0, 0, 0
L -12, -735, -64, -13, -734, -64, 0, 0, 0
L -13, -737, -64, -12, -735, -64, 0, 0, 0
L -14, -738, -64, -13, -737, -64, 0, 0, 0
L -17, -742, -64, -14, -738, -64, 0, 0, 0
L -18, -743, -64, -17, -742, -64, 0, 0, 0
L -20, -741, -64, -18, -743, -64, 0, 0, 0
L -21, -743, -64, -20, -741, -64, 0, 0, 0
L -24, -746, -63, -21, -743, -64, 0, 0, 0
L -27, -749, -63, -24, -746, -63, 0, 0, 0
L -28, -751, -63, -27, -749, -63, 0, 0, 0
L -32, -756, -63, -28, -751, -63, 0, 0, 0
L -34, -759, -63, -32, -756, -63, 0, 0, 0
L -35, -760, -63, -34, -759, -63, 0, 0, 0
L -35, -761, -62, -35, -760, -63, 0, 0, 0
L -38, -770, -62, -35, -761, -62, 0, 0, 0
L -42, -778, -62, -38, -770, -62, 0, 0, 0
L -44, -784, -62, -42, -778, -62, 0, 0, 0
L -46, -789, -61, -44, -784, -62, 0, 0, 0
L -47, -792, -61, -46, -789, -61, 0, 0, 0
L -47, -793, -61, -47, -792, -61, 0, 0, 0
L -46, -795, -64, -47, -793, -61, 0, 0, 0
L -45, -797, -65, -46, -795, -64, 0, 0, 0
L -44, -798, -65, -45, -797, -65, 0, 0, 0
L -44, -805, -65, -44, -798, -65, 0, 0, 0
L -43, -806, -65, -44, -805, -65, 0, 0, 0
L -42, -809, -65, -43, -806, -65, 0, 0, 0
L -42, -811, -65, -42, -809, -65, 0, 0, 0
L -40, -815, -65, -42, -811, -65, 0, 0, 0
L -39, -818, -65, -40, -815, -65, 0, 0, 0
L -38, -820, -65, -39, -818, -65, 0, 0, 0
L -37, -821, -64, -38, -820, -65, 0, 0, 0
L -36, -829, -64, -37, -821, -64, 0, 0, 0
L -38, -836, -63, -36, -829, -64, 0, 0, 0
L -37, -837, -62, -38, -836, -63, 0, 0, 0
L -36, -838, -62, -37, -837, -62, 0, 0, 0
L -35, -842, -62, -36, -838, -62, 0, 0, 0
L -34, -845, -62, -35, -842, -62, 0, 0, 0
L -33, -848, -63, -34, -845, -62, 0, 0, 0
L -31, -851, -63, -33, -848, -63, 0, 0, 0
L -28, -855, -62, -31, -851, -63, 0, 0, 0
L -27, -855, -62, -28, -855, -62, 0, 0, 0
L -25, -855, -61, -27, -855, -62, 0, 0, 0
L -24, -857, -61, -25, -855, -61, 0, 0, 0
L -22, -862, -61, -24, -857, -61, 0, 0, 0
L -22, -864, -61, -22, -862, -61, 0, 0, 0
L -20, -872, -61, -22, -864, -61, 0, 0, 0
L -19, -882, -61, -20, -872, -61, 0, 0, 0
L -18, -884, -62, -19, -882, -61, 0, 0, 0
L -16, -883, -62, -18, -884, -62, 0, 0, 0
L -15, -884, -62, -16, -883, -62, 0, 0, 0
L -9, -896, -62, -15, -884, -62, 0, 0, 0
L -2, -902, -63, -9, -896, -62, 0, 0, 0
L -0, -903, -63, -2, -902, -63, 0, 0, 0
L 1, -904, -63, -0, -903, -63, 0, 0, 0
L 6, -904, -64, 1, -904, -63, 0, 0, 0
L 15, -904, -65, 6, -904, -64, 0, 0, 0
L 17, -903, -65, 15, -904, -65, 0, 0, 0
L 18, -902, -65, 17, -903, -65, 0, 0, 0
L 20, -901, -65, 18, -902, -65, 0, 0, 0
L 21, -901, -65, 20, -901, -65, 0, 0, 0
L 23, -901, -66, 21, -901, -65, 0, 0, 0
L 25, -902, -66, 23, -901, -66, 0, 0, 0
L 29, -902, -65, 25, -902, -66, 0, 0, 0
L 31, -902, -65, 29, -902, -65, 0, 0, 0
L 33, -902, -66, 31, -902, -65, 0, 0, 0
L 41, -898, -66, 33, -902, -66, 0, 0, 0
L 52, -894, -66, 41, -898, -66, 0, 0, 0
L 56, -892, -66, 52, -894, -66, 0, 0, 0
L 59, -890, -66, 56, -892, -66, 0, 0, 0
L 60, -889, -66, 59, -890, -66, 0, 0, 0
L 65, -891, -65, 60, -889, -66, 0, 0, 0
L 73, -896, -64, 65, -891, -65, 0, 0, 0
L 78, -899, -64, 73, -896, -64, 0, 0, 0
L 80, -900, -64, 78, -899, -64, 0, 0, 0
L 81, -901, -64, 80, -900, -64, 0, 0, 0
L 87, -901, -64, 81, -901, -64, 0, 0, 0
L 94, -899, -64, 87, -901, -64, 0, 0, 0
L 96, -898, -64, 94, -899, -64, 0, 0, 0
L 104, -897, -64, 96, -898, -64, 0, 0, 0
L 113, -894, -64, 104, -897, -64, 0, 0, 0
L 123, -886, -62, 113, -894, -64, 0, 0, 0
L 125, -885, -62, 123, -886, -62, 0, 0, 0
L 128, -883, -62, 125, -885, -62, 0, 0, 0
L 130, -881, -62, 128, -883, -62, 0, 0, 0
L 132, -880, -63, 130, -881, -62, 0, 0, 0
L 133, -876, -63, 132, -880, -63, 0, 0, 0
L 136, -869, -64, 133, -876, -63, 0, 0, 0
L 141, -864, -64, 136, -869, -64, 0, 0, 0
L 142, -862, -63, 141, -864, -64, 0, 0, 0
L 143, -860, -63, 142, -862, -63, 0, 0, 0
L 143, -859, -63, 143, -860, -63, 0, 0, 0
L 145, -855, -63, 143, -859, -63, 0, 0, 0
L 148, -852, -63, 145, -855, -63, 0, 0, 0
L 148, -850, -63, 148, -852, -63, 0, 0, 0
L 149, -841, -62, 148, -850, -63, 0, 0, 0
L 149, -834, -62, 149, -841, -62, 0, 0, 0
L 150, -832, -62, 149, -834, -62, 0, 0, 0
L 150, -830, -63, 150, -832, -62, 0, 0, 0
L 150, -828, -63, 150, -830, -63, 0, 0, 0
L 151, -827, -62, 150, -828, -63, 0, 0, 0
L 151, -825, -62, 151, -827, -62, 0, 0, 0
L 147, -818, -61, 151, -825, -62, 0, 0, 0
L 146, -816, -61, 147, -818, -61, 0, 0, 0
L 147, -815, -61, 146, -816, -61, 0, 0, 0
L 151, -809, -61, 147, -815, -61, 0, 0, 0
L 152, -808, -60, 151, -809, -61, 0, 0, 0
L 153, -807, -60, 152, -808, -60, 0, 0, 0
L 151, -806, -58, 153, -807, -60, 0, 0, 0
L 149, -805, -57, 151, -806, -58, 0, 0, 0
L 149, -801, -57, 149, -805, -57, 0, 0, 0
L 151, -798, -56, 149, -801, -57, 0, 0, 0
L 151, -797, -55, 151, -798, -56, 0, 0, 0
L 155, -790, -52, 151, -797, -55, 0, 0, 0
L 162, -784, -49, 155, -790, -52, 0, 0, 0
L 163, -783, -48, 162, -784, -49, 0, 0, 0
L 164, -782, -48, 163, -783, -48, 0, 0, 0
L 167, -781, -47, 164, -782, -48, 0, 0, 0
L 168, -780, -47, 167, -781, -47, 0, 0, 0
L 173, -777, -50, 168, -780, -47, 0, 0, 0
L 174, -777, -50, 173, -777, -50, 0, 0, 0
L 176, -776, -50, 174, -777, -50, 0, 0, 0
L 179, -775, -49, 176, -776, -50, 0, 0, 0
L 181, -775, -48, 179, -775, -49, 0, 0, 0
L 183, -774, -48, 181, -775, -48, 0, 0, 0
L 184, -776, -48, 183, -774, -48, 0, 0, 0
L 187, -775, -48, 184, -776, -48, 0, 0, 0
L 191, -775, -48, 187, -775, -48, 0, 0, 0
L 192, -776, -51, 191, -775, -48, 0, 0, 0
L 192, -774, -51, 192, -776, -51, 0, 0, 0
L 199, -775, -50, 192, -774, -51, 0, 0, 0
L 204, -775, -50, 199, -775, -50, 0, 0, 0
L 214, -774, -50, 204, -775, -50, 0, 0, 0
L 226, -774, -50, 214, -774, -50, 0, 0, 0
L 239, -770, -50, 226, -774, -50, 0, 0, 0
L 250, -767, -50, 239, -770, -50, 0, 0, 0
L 251, -765, -50, 250, -767, -50, 0, 0, 0
L 251, -764, -50, 251, -765, -50, 0, 0, 0
L 258, -762, -50, 251, -764, -50, 0, 0, 0
L 270, -757, -49, 258, -762, -50, 0, 0, 0
L 274, -755, -49, 270, -757, -49, 0, 0, 0
L 274, -752, -49, 274, -755, -49, 0, 0, 0
L 274, -750, -50, 274, -752, -49, 0, 0, 0
L 275, -749, -50, 274, -750, -50, 0, 0, 0
L 284, -742, -50, 275, -749, -50, 0, 0, 0
L 285, -741, -49, 284, -742, -50, 0, 0, 0
L 285, -740, -49, 285, -741, -49, 0, 0, 0
L 282, -737, -49, 285, -740, -49, 0, 0, 0
L 282, -735, -49, 282, -737, -49, 0, 0, 0
L 287, -723, -50, 282, -735, -49, 0, 0, 0
L 293, -709, -49, 287, -723, -50, 0, 0, 0
L 293, -708, -49, 293, -709, -49, 0, 0, 0
L 294, -706, -49, 293, -708, -49, 0, 0, 0
L 293, -705, -49, 294, -706, -49, 0, 0, 0
L 293, -703, -49, 293, -705, -49, 0, 0, 0
L 296, -699, -50, 293, -703, -49, 0, 0, 0
L 296, -694, -50, 296, -699, -50, 0, 0, 0
L 296, -692, -49, 296, -694, -50, 0, 0, 0
L 297, -690, -49, 296, -692, -49, 0, 0, 0
L 297, -689, -49, 297, -690, -49, 0, 0, 0
L 298, -688, -49, 297, -689, -49, 0, 0, 0
L 298, -686, -49, 298, -688, -49, 0, 0, 0
L 297, -685, -49, 298, -686, -49, 0, 0, 0
L 296, -683, -48, 297, -685, -49, 0, 0, 0
L 292, -678, -49, 296, -683, -48, 0, 0, 0
L 291, -677, -49, 292, -678, -49, 0, 0, 0
L 287, -677, -49, 291, -677, -49, 0, 0, 0
L 285, -676, -49, 287, -677, -49, 0, 0, 0
L 281, -668, -49, 285, -676, -49, 0, 0, 0
L 281, -667, -49, 281, -668, -49, 0, 0, 0
L 280, -665, -49, 281, -667, -49, 0, 0, 0
L 280, -659, -48, 280, -665, -49, 0, 0, 0
L 277, -653, -47, 280, -659, -48, 0, 0, 0
L 277, -652, -47, 277, -653, -47, 0, 0, 0
L 276, -649, -47, 277, -652, -47, 0, 0, 0
L 276, -643, -47, 276, -649, -47, 0, 0, 0
L 275, -634, -46, 276, -643, -47, 0, 0, 0
L 274, -619, -47, 275, -634, -46, 0, 0, 0
L 272, -609, -46, 274, -619, -47, 0, 0, 0
L 272, -605, -46, 272, -609, -46, 0, 0, 0
L 272, -604, -47, 272, -605, -46, 0, 0, 0
L 269, -599, -48, 272, -604, -47, 0, 0, 0
L 267, -596, -48, 269, -599, -48, 0, 0, 0
L 267, -594, -48, 267, -596, -48, 0, 0, 0
L 266, -591, -48, 267, -594, -48, 0, 0, 0
L 265, -590, -49, 266, -591, -48, 0, 0, 0
L 265, -589, -49, 265, -590, -49, 0, 0, 0
L 264, -587, -49, 265, -589, -49, 0, 0, 0
L 263, -586, -49, 264, -587, -49, 0, 0, 0
L 261, -585, -49, 263, -586, -49, 0, 0, 0
L 253, -578, -49, 261, -585, -49, 0, 0, 0
L 252, -577, -49, 253, -578, -49, 0, 0, 0
L 248, -571, -49, 252, -577, -49, 0, 0, 0
L 243, -567, -49, 248, -571, -49, 0, 0, 0
L 241, -564, -49, 243, -567, -49, 0, 0, 0
L 239, -562, -49, 241, -564, -49, 0, 0, 0
L 237, -561, -49, 239, -562, -49, 0, 0, 0
L 235, -561, -49, 237, -561, -49, 0, 0, 0
L 228, -558, -49, 235, -561, -49, 0, 0, 0
L 224, -557, -49, 228, -558, -49, 0, 0, 0
L 221, -556, -49, 224, -557, -49, 0, 0, 0
L 219, -555, -49, 221, -556, -49, 0, 0, 0
L 218, -557, -49, 219, -555, -49, 0, 0, 0
L 208, -557, -49, 218, -557, -49, 0, 0, 0
L 207, -556, -49, 208, -557, -49, 0, 0, 0
L 206, -556, -49, 207, -556, -49, 0, 0, 0
L 198, -555, -49, 206, -556, -49, 0, 0, 0
L 197, -556, -50, 198, -555, -49, 0, 0, 0
L 187, -557, -50, 197, -556, -50, 0, 0, 0
L 184, -559, -50, 187, -557, -50, 0, 0, 0
L 178, -558, -50, 184, -559, -50, 0, 0, 0
L 169, -557, -50, 178, -558, -50, 0, 0, 0
L 167, -557, -50, 169, -557, -50, 0, 0, 0
L 165, -556, -50, 167, -557, -50, 0, 0, 0
L 163, -556, -50, 165, -556, -50, 0, 0, 0
L 162, -555, -50, 163, -556, -50, 0, 0, 0
L 159, -555, -50, 162, -555, -50, 0, 0, 0
L 154, -556, -51, 159, -555, -50, 0, 0, 0
L 151, -556, -51, 154, -556, -51, 0, 0, 0
L 144, -560, -51, 151, -556, -51, 0, 0, 0
L 143, -561, -50, 144, -560, -51, 0, 0, 0
L 141, -562, -50, 143, -561, -50, 0, 0, 0
L 140, -564, -50, 141, -562, -50, 0, 0, 0
L 141, -566, -50, 140, -564, -50, 0, 0, 0
L 138, -565, -50, 141, -566, -50, 0, 0, 0
L 132, -565, -50, 138, -565, -50, 0, 0, 0
L 128, -562, -48, 132, -565, -50, 0, 0, 0
L 127, -560, -48, 128, -562, -48, 0, 0, 0
L 112, -552, -47, 127, -560, -48, 0, 0, 0
L 46, 43, -14, 47, 43, -13, 0, 0, 0
L 44, 43, -15, 46, 43, -14, 0, 0, 0
L 40, 45, -15, 44, 43, -15, 0, 0, 0
L 39, 46, -15, 40, 45, -15, 0, 0, 0
L 36, 47, -14, 39, 46, -15, 0, 0, 0
L 27, 49, -13, 36, 47, -14, 0, 0, 0
L 25, 50, -13, 27, 49, -13, 0, 0, 0
L 24, 50, -13, 25, 50, -13, 0, 0, 0
L 23, 51, -12, 24, 50, -13, 0, 0, 0
L 15, 57, -12, 23, 51, -12, 0, 0, 0
L 14, 58, -11, 15, 57, -12, 0, 0, 0
L 12, 59, -11, 14, 58, -11, 0, 0, 0
L 10, 60, -10, 12, 59, -11, 0, 0, 0
L 12, 61, -10, 10, 60, -10, 0, 0, 0
L 11, 63, -12, 12, 61, -10, 0, 0, 0
L 10, 65, -12, 11, 63, -12, 0, 0, 0
L 8, 67, -12, 10, 65, -12, 0, 0, 0
L 7, 70, -12, 8, 67, -12, 0, 0, 0
L 7, 71, -12, 7, 70, -12, 0, 0, 0
L 6, 73, -12, 7, 71, -12, 0, 0, 0
L 5, 74, -12, 6, 73, -12, 0, 0, 0
L 4, 76, -11, 5, 74, -12, 0, 0, 0
L 4, 77, -11, 4, 76, -11, 0, 0, 0
L 2, 76, -11, 4, 77, -11, 0, 0, 0
L 0, 78, -11, 2, 76, -11, 0, 0, 0
L -3, 81, -10, 0, 78, -11, 0, 0, 0
L -4, 83, -10, -3, 81, -10, 0, 0, 0
L -5, 84, -10, -4, 83, -10, 0, 0, 0
L -7, 85, -10, -5, 84, -10, 0, 0, 0
L -8, 85, -11, -7, 85, -10, 0, 0, 0
L -9, 84, -11, -8, 85, -11, 0, 0, 0
L -10, 82, -11, -9, 84, -11, 0, 0, 0
L -14, 83, -10, -10, 82, -11, 0, 0, 0
L -15, 82, -10, -14, 83, -10, 0, 0, 0
L -17, 81, -9, -15, 82, -10, 0, 0, 0
L -18, 79, -7, -17, 81, -9, 0, 0, 0
L -18, 74, -7, -18, 79, -7, 0, 0, 0
L -22, 72, -6, -18, 74, -7, 0, 0, 0
L -25, 71, -6, -22, 72, -6, 0, 0, 0
L -29, 71, -6, -25, 71, -6, 0, 0, 0
L -31, 71, -7, -29, 71, -6, 0, 0, 0
L -32, 73, -7, -31, 71, -7, 0, 0, 0
L -37, 72, -7, -32, 73, -7, 0, 0, 0
L -41, 70, -7, -37, 72, -7, 0, 0, 0
L -44, 69, -7, -41, 70, -7, 0, 0, 0
L -45, 67, -7, -44, 69, -7, 0, 0, 0
L -45, 65, -7, -45, 67, -7, 0, 0, 0
L -46, 64, -7, -45, 65, -7, 0, 0, 0
L -49, 64, -7, -46, 64, -7, 0, 0, 0
L -69, 67, -7, -49, 64, -7, 0, 0, 0
L -70, 67, -7, -69, 67, -7, 0, 0, 0
L -87, 71, -6, -70, 67, -7, 0, 0, 0
L -98, 74, -6, -87, 71, -6, 0, 0, 0
L -108, 75, -6, -98, 74, -6, 0, 0, 0
L -117, 76, -5, -108, 75, -6, 0, 0, 0
L -119, 76, -5, -117, 76, -5, 0, 0, 0
L -121, 75, -5, -119, 76, -5, 0, 0, 0
L -121, 72, -5, -121, 75, -5, 0, 0, 0
L -122, 71, -5, -121, 72, -5, 0, 0, 0
L -129, 70, -5, -122, 71, -5, 0, 0, 0
L -130, 70, -5, -129, 70, -5, 0, 0, 0
L -132, 69, -5, -130, 70, -5, 0, 0, 0
L -133, 68, -5, -132, 69, -5, 0, 0, 0
L -133, 66, -5, -133, 68, -5, 0, 0, 0
L -142, 62, -5, -133, 66, -5, 0, 0, 0
L -148, 60, -5, -142, 62, -5, 0, 0, 0
L -157, 55, -5, -148, 60, -5, 0, 0, 0
L -178, 43, -4, -157, 55, -5, 0, 0, 0
L -182, 41, -4, -178, 43, -4, 0, 0, 0
L -183, 40, -4, -182, 41, -4, 0, 0, 0
L -183, 38, -5, -183, 40, -4, 0, 0, 0
L -183, 35, -5, -183, 38, -5, 0, 0, 0
L -185, 33, -4, -183, 35, -5, 0, 0, 0
L -190, 31, -3, -185, 33, -4, 0, 0, 0
L -193, 29, -3, -190, 31, -3, 0, 0, 0
L -194, 28, -1, -193, 29, -3, 0, 0, 0
L -197, 24, -1, -194, 28, -1, 0, 0, 0
L -199, 21, -1, -197, 24, -1, 0, 0, 0
L -203, 17, -0, -199, 21, -1, 0, 0, 0
L -204, 15, -0, -203, 17, -0, 0, 0, 0
L -205, 14, -0, -204, 15, -0, 0, 0, 0
L -207, 10, 0, -205, 14, -0, 0, 0, 0
L -213, 2, -0, -207, 10, 0, 0, 0, 0
L -214, 1, -0, -213, 2, -0, 0, 0, 0
L -218, -10, 0, -214, 1, -0, 0, 0, 0
L -219, -11, -0, -218, -10, 0, 0, 0, 0
L -222, -15, -0, -219, -11, -0, 0, 0, 0
L -223, -18, -0, -222, -15, -0, 0, 0, 0
L -224, -19, -0, -223, -18, -0, 0, 0, 0
L -232, -29, -0, -224, -19, -0, 0, 0, 0
L -234, -32, -0, -232, -29, -0, 0, 0, 0
L -235, -33, -0, -234, -32, -0, 0, 0, 0
L -236, -36, -0, -235, -33, -0, 0, 0, 0
L -238, -39, -0, -236, -36, -0, 0, 0, 0
L -239, -40, -0, -238, -39, -0, 0, 0, 0
L -240, -42, -2, -239, -40, -0, 0, 0, 0
L -240, -44, -4, -240, -42, -2, 0, 0, 0
L -241, -50, -4, -240, -44, -4, 0, 0, 0
L -241, -54, -7, -241, -50, -4, 0, 0, 0
L -242, -56, -9, -241, -54, -7, 0, 0, 0
L -242, -58, -10, -242, -56, -9, 0, 0, 0
L -243, -59, -10, -242, -58, -10, 0, 0, 0
L -243, -61, -10, -243, -59, -10, 0, 0, 0
L -251, -79, -10, -243, -61, -10, 0, 0, 0
L -251, -80, -10, -251, -79, -10, 0, 0, 0
L -252, -82, -11, -251, -80, -10, 0, 0, 0
L -252, -88, -11, -252, -82, -11, 0, 0, 0
L -251, -91, -10, -252, -88, -11, 0, 0, 0
L -249, -97, -11, -251, -91, -10, 0, 0, 0
L -248, -104, -11, -249, -97, -11, 0, 0, 0
L -247, -109, -10, -248, -104, -11, 0, 0, 0
L -246, -111, -10, -247, -109, -10, 0, 0, 0
L -243, -118, -10, -246, -111, -10, 0, 0, 0
L -242, -124, -10, -243, -118, -10, 0, 0, 0
L -243, -125, -10, -242, -124, -10, 0, 0, 0
L -243, -132, -10, -243, -125, -10, 0, 0, 0
L -244, -136, -10, -243, -132, -10, 0, 0, 0
L -245, -142, -10, -244, -136, -10, 0, 0, 0
L -245, -146, -9, -245, -142, -10, 0, 0, 0
L -245, -148, -9, -245, -146, -9, 0, 0, 0
L -243, -150, -9, -245, -148, -9, 0, 0, 0
L -243, -152, -9, -243, -150, -9, 0, 0, 0
L -244, -155, -9, -243, -152, -9, 0, 0, 0
L -244, -156, -9, -244, -155, -9, 0, 0, 0
L -250, -166, -9, -244, -156, -9, 0, 0, 0
L -251, -167, -9, -250, -166, -9, 0, 0, 0
L -251, -169, -9, -251, -167, -9, 0, 0, 0
L -252, -172, -9, -251, -169, -9, 0, 0, 0
L -252, -174, -10, -252, -172, -9, 0, 0, 0
L -251, -178, -10, -252, -174, -10, 0, 0, 0
L -253, -183, -11, -251, -178, -10, 0, 0, 0
L -253, -184, -11, -253, -183, -11, 0, 0, 0
L -254, -186, -11, -253, -184, -11, 0, 0, 0
L -254, -188, -11, -254, -186, -11, 0, 0, 0
L -255, -189, -11, -254, -188, -11, 0, 0, 0
L -255, -190, -12, -255, -189, -11, 0, 0, 0
L -255, -191, -12, -255, -190, -12, 0, 0, 0
L -256, -193, -12, -255, -191, -12, 0, 0, 0
L -262, -203, -12, -256, -193, -12, 0, 0, 0
L -263, -205, -12, -262, -203, -12, 0, 0, 0
L -270, -222, -12, -263, -205, -12, 0, 0, 0
L -270, -224, -12, -270, -222, -12, 0, 0, 0
L -270, -225, -13, -270, -224, -12, 0, 0, 0
L -266, -225, -15, -270, -225, -13, 0, 0, 0
L -261, -234, -15, -266, -225, -15, 0, 0, 0
L -260, -235, -15, -261, -234, -15, 0, 0, 0
L -258, -235, -15, -260, -235, -15, 0, 0, 0
L -253, -236, -15, -258, -235, -15, 0, 0, 0
L -251, -236, -15, -253, -236, -15, 0, 0, 0
L -253, -241, -15, -251, -236, -15, 0, 0, 0
L -253, -242, -15, -253, -241, -15, 0, 0, 0
L -254, -244, -15, -253, -242, -15, 0, 0, 0
L -255, -245, -15, -254, -244, -15, 0, 0, 0
L -256, -245, -15, -255, -245, -15, 0, 0, 0
L -258, -246, -15, -256, -245, -15, 0, 0, 0
L -260, -250, -15, -258, -246, -15, 0, 0, 0
L -262, -251, -15, -260, -250, -15, 0, 0, 0
L -269, -258, -15, -262, -251, -15, 0, 0, 0
L -282, -265, -14, -269, -258, -15, 0, 0, 0
L -281, -267, -14, -282, -265, -14, 0, 0, 0
L -281, -268, -14, -281, -267, -14, 0, 0, 0
L -279, -272, -14, -281, -268, -14, 0, 0, 0
L -279, -274, -14, -279, -272, -14, 0, 0, 0
L -280, -275, -14, -279, -274, -14, 0, 0, 0
L -287, -276, -13, -280, -275, -14, 0, 0, 0
L -288, -276, -13, -287, -276, -13, 0, 0, 0
L -290, -275, -13, -288, -276, -13, 0, 0, 0
L -290, -268, -13, -290, -275, -13, 0, 0, 0
L -288, -268, -13, -290, -268, -13, 0, 0, 0
L -288, -266, -16, -288, -268, -13, 0, 0, 0
L -290, -266, -17, -288, -266, -16, 0, 0, 0
L -293, -266, -18, -290, -266, -17, 0, 0, 0
L -295, -267, -18, -293, -266, -18, 0, 0, 0
L -297, -267, -20, -295, -267, -18, 0, 0, 0
L -299, -268, -20, -297, -267, -20, 0, 0, 0
L -303, -267, -23, -299, -268, -20, 0, 0, 0
L -304, -266, -24, -303, -267, -23, 0, 0, 0
L -306, -266, -25, -304, -266, -24, 0, 0, 0
L -309, -264, -27, -306, -266, -25, 0, 0, 0
L -310, -263, -27, -309, -264, -27, 0, 0, 0
L -318, -257, -31, -310, -263, -27, 0, 0, 0
L -321, -254, -31, -318, -257, -31, 0, 0, 0
L -325, -252, -32, -321, -254, -31, 0, 0, 0
L -327, -251, -33, -325, -252, -32, 0, 0, 0
L -329, -251, -33, -327, -251, -33, 0, 0, 0
L -330, -250, -34, -329, -251, -33, 0, 0, 0
L -339, -247, -35, -330, -250, -34, 0, 0, 0
L -340, -247, -35, -339, -247, -35, 0, 0, 0
L -346, -246, -36, -340, -247, -35, 0, 0, 0
L -348, -246, -36, -346, -246, -36, 0, 0, 0
L -350, -246, -37, -348, -246, -36, 0, 0, 0
L -351, -247, -39, -350, -246, -37, 0, 0, 0
L -353, -248, -39, -351, -247, -39, 0, 0, 0
L -354, -248, -39, -353, -248, -39, 0, 0, 0
L -360, -247, -38, -354, -248, -39, 0, 0, 0
L -361, -247, -38, -360, -247, -38, 0, 0, 0
L -364, -248, -38, -361, -247, -38, 0, 0, 0
L -365, -248, -39, -364, -248, -38, 0, 0, 0
L -367, -249, -40, -365, -248, -39, 0, 0, 0
L -368, -250, -41, -367, -249, -40, 0, 0, 0
L -370, -251, -41, -368, -250, -41, 0, 0, 0
L -372, -251, -42, -370, -251, -41, 0, 0, 0
L -373, -252, -42, -372, -251, -42, 0, 0, 0
L -377, -255, -42, -373, -252, -42, 0, 0, 0
L -380, -257, -42, -377, -255, -42, 0, 0, 0
L -381, -258, -45, -380, -257, -42, 0, 0, 0
L -383, -259, -46, -381, -258, -45, 0, 0, 0
L -384, -260, -47, -383, -259, -46, 0, 0, 0
L -385, -262, -47, -384, -260, -47, 0, 0, 0
L -386, -262, -48, -385, -262, -47, 0, 0, 0
L -389, -264, -49, -386, -262, -48, 0, 0, 0
L -390, -264, -50, -389, -264, -49, 0, 0, 0
L -392, -265, -50, -390, -264, -50, 0, 0, 0
L -394, -266, -52, -392, -265, -50, 0, 0, 0
L -398, -266, -52, -394, -266, -52, 0, 0, 0
L -400, -267, -52, -398, -266, -52, 0, 0, 0
L -403, -267, -52, -400, -267, -52, 0, 0, 0
L -404, -268, -51, -403, -267, -52, 0, 0, 0
L -405, -270, -51, -404, -268, -51, 0, 0, 0
L -408, -273, -51, -405, -270, -51, 0, 0, 0
L -408, -275, -51, -408, -273, -51, 0, 0, 0
L -409, -276, -51, -408, -275, -51, 0, 0, 0
L -415, -277, -50, -409, -276, -51, 0, 0, 0
L -417, -277, -50, -415, -277, -50, 0, 0, 0
L -420, -276, -50, -417, -277, -50, 0, 0, 0
L -422, -276, -49, -420, -276, -50, 0, 0, 0
L -421, -274, -49, -422, -276, -49, 0, 0, 0
L -419, -274, -49, -421, -274, -49, 0, 0, 0
L -418, -272, -49, -419, -274, -49, 0, 0, 0
L -416, -267, -48, -418, -272, -49, 0, 0, 0
L -418, -266, -48, -416, -267, -48, 0, 0, 0
L -419, -266, -47, -418, -266, -48, 0, 0, 0
L -421, -266, -47, -419, -266, -47, 0, 0, 0
L -425, -262, -47, -421, -266, -47, 0, 0, 0
L -428, -261, -47, -425, -262, -47, 0, 0, 0
L -431, -258, -47, -428, -261, -47, 0, 0, 0
L -433, -257, -46, -431, -258, -47, 0, 0, 0
L -443, -253, -46, -433, -257, -46, 0, 0, 0
L -444, -252, -45, -443, -253, -46, 0, 0, 0
L -444, -246, -45, -444, -252, -45, 0, 0, 0
L -444, -244, -44, -444, -246, -45, 0, 0, 0
L -436, -235, -45, -444, -244, -44, 0, 0, 0
L -435, -234, -45, -436, -235, -45, 0, 0, 0
L -433, -229, -45, -435, -234, -45, 0, 0, 0
L -429, -215, -45, -433, -229, -45, 0, 0, 0
L -429, -214, -45, -429, -215, -45, 0, 0, 0
L -427, -211, -45, -429, -214, -45, 0, 0, 0
L -427, -210, -45, -427, -211, -45, 0, 0, 0
L -424, -205, -45, -427, -210, -45, 0, 0, 0
L -423, -204, -45, -424, -205, -45, 0, 0, 0
L -423, -203, -45, -423, -204, -45, 0, 0, 0
L -422, -201, -45, -423, -203, -45, 0, 0, 0
L -422, -185, -45, -422, -201, -45, 0, 0, 0
L -423, -183, -45, -422, -185, -45, 0, 0, 0
L -423, -181, -45, -423, -183, -45, 0, 0, 0
L -424, -180, -44, -423, -181, -45, 0, 0, 0
L -426, -179, -43, -424, -180, -44, 0, 0, 0
L -428, -179, -43, -426, -179, -43, 0, 0, 0
L -429, -178, -43, -428, -179, -43, 0, 0, 0
L -431, -174, -43, -429, -178, -43, 0, 0, 0
L -432, -173, -43, -431, -174, -43, 0, 0, 0
L -432, -171, -43, -432, -173, -43, 0, 0, 0
L -434, -169, -43, -432, -171, -43, 0, 0, 0
L -435, -166, -43, -434, -169, -43, 0, 0, 0
L -436, -165, -43, -435, -166, -43, 0, 0, 0
L -437, -163, -43, -436, -165, -43, 0, 0, 0
L -438, -162, -43, -437, -163, -43, 0, 0, 0
L -440, -161, -43, -438, -162, -43, 0, 0, 0
L -442, -160, -44, -440, -161, -43, 0, 0, 0
L -444, -160, -45, -442, -160, -44, 0, 0, 0
L -453, -157, -47, -444, -160, -45, 0, 0, 0
L -454, -157, -47, -453, -157, -47, 0, 0, 0
L -475, -147, -47, -454, -157, -47, 0, 0, 0
L -477, -147, -47, -475, -147, -47, 0, 0, 0
L -479, -146, -47, -477, -147, -47, 0, 0, 0
L -481, -144, -47, -479, -146, -47, 0, 0, 0
L -487, -136, -46, -481, -144, -47, 0, 0, 0
L -488, -134, -46, -487, -136, -46, 0, 0, 0
L -489, -131, -46, -488, -134, -46, 0, 0, 0
L -493, -122, -45, -489, -131, -46, 0, 0, 0
L -494, -121, -45, -493, -122, -45, 0, 0, 0
L -494, -120, -45, -494, -121, -45, 0, 0, 0
L -495, -118, -45, -494, -120, -45, 0, 0, 0
L -496, -115, -45, -495, -118, -45, 0, 0, 0
L -497, -110, -45, -496, -115, -45, 0, 0, 0
L -497, -107, -45, -497, -110, -45, 0, 0, 0
L -498, -106, -45, -497, -107, -45, 0, 0, 0
L -499, -104, -44, -498, -106, -45, 0, 0, 0
L -499, -102, -44, -499, -104, -44, 0, 0, 0
L -500, -101, -44, -499, -102, -44, 0, 0, 0
L -501, -99, -44, -500, -101, -44, 0, 0, 0
L -502, -99, -44, -501, -99, -44, 0, 0, 0
L -510, -93, -43, -502, -99, -44, 0, 0, 0
L -518, -88, -43, -510, -93, -43, 0, 0, 0
L -520, -87, -43, -518, -88, -43, 0, 0, 0
L -521, -86, -43, -520, -87, -43, 0, 0, 0
L -522, -87, -43, -521, -86, -43, 0, 0, 0
L -524, -88, -43, -522, -87, -43, 0, 0, 0
L -528, -87, -43, -524, -88, -43, 0, 0, 0
L -531, -84, -43, -528, -87, -43, 0, 0, 0
L -534, -82, -43, -531, -84, -43, 0, 0, 0
L -536, -81, -43, -534, -82, -43, 0, 0, 0
L -537, -80, -43, -536, -81, -43, 0, 0, 0
L -537, -79, -42, -537, -80, -43, 0, 0, 0
L -544, -68, -42, -537, -79, -42, 0, 0, 0
L -545, -65, -42, -544, -68, -42, 0, 0, 0
L -546, -64, -42, -545, -65, -42, 0, 0, 0
L -547, -62, -42, -546, -64, -42, 0, 0, 0
L -558, -53, -42, -547, -62, -42, 0, 0, 0
L -559, -52, -42, -558, -53, -42, 0, 0, 0
L -567, -48, -42, -559, -52, -42, 0, 0, 0
L -577, -44, -43, -567, -48, -42, 0, 0, 0
L -582, -41, -42, -577, -44, -43, 0, 0, 0
L -590, -36, -43, -582, -41, -42, 0, 0, 0
L -594, -33, -43, -590, -36, -43, 0, 0, 0
L -607, -29, -43, -594, -33, -43, 0, 0, 0
L -608, -28, -43, -607, -29, -43, 0, 0, 0
L -610, -28, -43, -608, -28, -43, 0, 0, 0
L -611, -29, -43, -610, -28, -43, 0, 0, 0
L -613, -29, -43, -611, -29, -43, 0, 0, 0
L -615, -28, -43, -613, -29, -43, 0, 0, 0
L -616, -27, -43, -615, -28, -43, 0, 0, 0
L -621, -25, -43, -616, -27, -43, 0, 0, 0
L -622, -24, -43, -621, -25, -43, 0, 0, 0
L -624, -24, -43, -622, -24, -43, 0, 0, 0
L -626, -25, -43, -624, -24, -43, 0, 0, 0
L -628, -27, -43, -626, -25, -43, 0, 0, 0
L -630, -27, -43, -628, -27, -43, 0, 0, 0
L -639, -24, -43, -630, -27, -43, 0, 0, 0
L -641, -23, -44, -639, -24, -43, 0, 0, 0
L -642, -22, -46, -641, -23, -44, 0, 0, 0
L -644, -22, -48, -642, -22, -46, 0, 0, 0
L -645, -24, -48, -644, -22, -48, 0, 0, 0
L -646, -25, -48, -645, -24, -48, 0, 0, 0
L -650, -27, -48, -646, -25, -48, 0, 0, 0
L -651, -27, -48, -650, -27, -48, 0, 0, 0
L -658, -32, -48, -651, -27, -48, 0, 0, 0
L -664, -38, -49, -658, -32, -48, 0, 0, 0
L -666, -40, -49, -664, -38, -49, 0, 0, 0
L -671, -43, -48, -666, -40, -49, 0, 0, 0
L -674, -45, -49, -671, -43, -48, 0, 0, 0
L -676, -46, -49, -674, -45, -49, 0, 0, 0
L -677, -48, -50, -676, -46, -49, 0, 0, 0
L -679, -49, -51, -677, -48, -50, 0, 0, 0
L -682, -55, -52, -679, -49, -51, 0, 0, 0
L -685, -60, -52, -682, -55, -52, 0, 0, 0
L -689, -64, -52, -685, -60, -52, 0, 0, 0
L -693, -64, -52, -689, -64, -52, 0, 0, 0
L -701, -65, -52, -693, -64, -52, 0, 0, 0
L -703, -64, -52, -701, -65, -52, 0, 0, 0
L -709, -64, -52, -703, -64, -52, 0, 0, 0
L -711, -64, -53, -709, -64, -52, 0, 0, 0
L -715, -63, -53, -711, -64, -53, 0, 0, 0
L -717, -62, -53, -715, -63, -53, 0, 0, 0
L -719, -62, -54, -717, -62, -53, 0, 0, 0
L -723, -61, -55, -719, -62, -54, 0, 0, 0
L -725, -60, -57, -723, -61, -55, 0, 0, 0
L -726, -61, -58, -725, -60, -57, 0, 0, 0
L -727, -65, -58, -726, -61, -58, 0, 0, 0
L -726, -67, -57, -727, -65, -58, 0, 0, 0
L -728, -68, -58, -726, -67, -57, 0, 0, 0
L -730, -68, -58, -728, -68, -58, 0, 0, 0
L -732, -68, -57, -730, -68, -58, 0, 0, 0
L -734, -65, -58, -732, -68, -57, 0, 0, 0
L -735, -64, -57, -734, -65, -58, 0, 0, 0
L -737, -63, -57, -735, -64, -57, 0, 0, 0
L -737, -60, -57, -737, -63, -57, 0, 0, 0
L -735, -59, -56, -737, -60, -57, 0, 0, 0
L -734, -58, -55, -735, -59, -56, 0, 0, 0
L -732, -57, -55, -734, -58, -55, 0, 0, 0
L -731, -56, -54, -732, -57, -55, 0, 0, 0
L -735, -52, -54, -731, -56, -54, 0, 0, 0
L -737, -51, -55, -735, -52, -54, 0, 0, 0
L -744, -44, -56, -737, -51, -55, 0, 0, 0
L -745, -43, -56, -744, -44, -56, 0, 0, 0
L -747, -42, -56, -745, -43, -56, 0, 0, 0
L -748, -41, -56, -747, -42, -56, 0, 0, 0
L -752, -40, -57, -748, -41, -56, 0, 0, 0
L -754, -39, -58, -752, -40, -57, 0, 0, 0
L -755, -38, -59, -754, -39, -58, 0, 0, 0
L -757, -38, -61, -755, -38, -59, 0, 0, 0
L -762, -37, -62, -757, -38, -61, 0, 0, 0
L -763, -37, -62, -762, -37, -62, 0, 0, 0
L -765, -36, -62, -763, -37, -62, 0, 0, 0
L -767, -36, -64, -765, -36, -62, 0, 0, 0
L -768, -37, -66, -767, -36, -64, 0, 0, 0
L -773, -36, -67, -768, -37, -66, 0, 0, 0
L -774, -36, -67, -773, -36, -67, 0, 0, 0
L -781, -33, -69, -774, -36, -67, 0, 0, 0
L -783, -33, -70, -781, -33, -69, 0, 0, 0
L -785, -32, -72, -783, -33, -70, 0, 0, 0
L -786, -31, -73, -785, -32, -72, 0, 0, 0
L -788, -30, -74, -786, -31, -73, 0, 0, 0
L -789, -28, -75, -788, -30, -74, 0, 0, 0
L -790, -27, -77, -789, -28, -75, 0, 0, 0
L -791, -26, -78, -790, -27, -77, 0, 0, 0
L -793, -22, -80, -791, -26, -78, 0, 0, 0
L -794, -21, -82, -793, -22, -80, 0, 0, 0
L -795, -17, -84, -794, -21, -82, 0, 0, 0
L -796, -16, -85, -795, -17, -84, 0, 0, 0
L -796, -14, -86, -796, -16, -85, 0, 0, 0
L -794, -12, -86, -796, -14, -86, 0, 0, 0
L -785, -12, -85, -794, -12, -86, 0, 0, 0
L -775, -14, -83, -785, -12, -85, 0, 0, 0
L -766, -15, -81, -775, -14, -83, 0, 0, 0
L -761, -14, -80, -766, -15, -81, 0, 0, 0
L -754, -15, -78, -761, -14, -80, 0, 0, 0
L -752, -15, -78, -754, -15, -78, 0, 0, 0
L -752, -13, -79, -752, -15, -78, 0, 0, 0
L -751, -11, -79, -752, -13, -79, 0, 0, 0
L -749, -9, -79, -751, -11, -79, 0, 0, 0
L -742, 1, -78, -749, -9, -79, 0, 0, 0
L -740, 4, -78, -742, 1, -78, 0, 0, 0
L -736, 8, -78, -740, 4, -78, 0, 0, 0
L -735, 10, -78, -736, 8, -78, 0, 0, 0
L -734, 11, -78, -735, 10, -78, 0, 0, 0
L -733, 13, -79, -734, 11, -78, 0, 0, 0
L -732, 14, -79, -733, 13, -79, 0, 0, 0
L -731, 16, -79, -732, 14, -79, 0, 0, 0
L -730, 17, -80, -731, 16, -79, 0, 0, 0
L -729, 20, -81, -730, 17, -80, 0, 0, 0
L -729, 22, -84, -729, 20, -81, 0, 0, 0
L -728, 24, -86, -729, 22, -84, 0, 0, 0
L -727, 25, -86, -728, 24, -86, 0, 0, 0
L -720, 30, -87, -727, 25, -86, 0, 0, 0
L -719, 31, -87, -720, 30, -87, 0, 0, 0
L -712, 35, -89, -719, 31, -87, 0, 0, 0
L -707, 39, -92, -712, 35, -89, 0, 0, 0
L -706, 40, -93, -707, 39, -92, 0, 0, 0
L -704, 41, -93, -706, 40, -93, 0, 0, 0
L -703, 42, -93, -704, 41, -93, 0, 0, 0
L -701, 42, -93, -703, 42, -93, 0, 0, 0
L -699, 41, -93, -701, 42, -93, 0, 0, 0
L -694, 48, -95, -699, 41, -93, 0, 0, 0
L -691, 51, -95, -694, 48, -95, 0, 0, 0
L -690, 52, -96, -691, 51, -95, 0, 0, 0
L -689, 53, -96, -690, 52, -96, 0, 0, 0
L -687, 53, -95, -689, 53, -96, 0, 0, 0
L -684, 53, -95, -687, 53, -95, 0, 0, 0
L -682, 52, -95, -684, 53, -95, 0, 0, 0
L -674, 46, -96, -682, 52, -95, 0, 0, 0
L -673, 45, -96, -674, 46, -96, 0, 0, 0
L -669, 40, -95, -673, 45, -96, 0, 0, 0
L -668, 39, -95, -669, 40, -95, 0, 0, 0
L -667, 37, -95, -668, 39, -95, 0, 0, 0
L -665, 34, -96, -667, 37, -95, 0, 0, 0
L -662, 32, -96, -665, 34, -96, 0, 0, 0
L -661, 31, -96, -662, 32, -96, 0, 0, 0
L -655, 22, -96, -661, 31, -96, 0, 0, 0
L -653, 18, -96, -655, 22, -96, 0, 0, 0
L -651, 16, -96, -653, 18, -96, 0, 0, 0
L -633, 9, -96, -651, 16, -96, 0, 0, 0
L -631, 8, -96, -633, 9, -96, 0, 0, 0
L -627, 5, -96, -631, 8, -96, 0, 0, 0
L -626, 4, -96, -627, 5, -96, 0, 0, 0
L -623, 2, -96, -626, 4, -96, 0, 0, 0
L -622, 1, -95, -623, 2, -96, 0, 0, 0
L -620, 1, -94, -622, 1, -95, 0, 0, 0
L -619, 2, -94, -620, 1, -94, 0, 0, 0
L -618, 4, -94, -619, 2, -94, 0, 0, 0
L -600, 6, -94, -618, 4, -94, 0, 0, 0
L -598, 6, -94, -600, 6, -94, 0, 0, 0
L -596, 5, -95, -598, 6, -94, 0, 0, 0
L -571, 7, -95, -596, 5, -95, 0, 0, 0
L -563, 7, -95, -571, 7, -95, 0, 0, 0
L -561, 8, -95, -563, 7, -95, 0, 0, 0
L -560, 8, -95, -561, 8, -95, 0, 0, 0
L -556, 11, -95, -560, 8, -95, 0, 0, 0
L -554, 12, -95, -556, 11, -95, 0, 0, 0
L -553, 12, -94, -554, 12, -95, 0, 0, 0
L -550, 14, -94, -553, 12, -94, 0, 0, 0
L -543, 19, -93, -550, 14, -94, 0, 0, 0
L -540, 21, -93, -543, 19, -93, 0, 0, 0
L -538, 22, -93, -540, 21, -93, 0, 0, 0
L -537, 23, -93, -538, 22, -93, 0, 0, 0
L -535, 23, -93, -537, 23, -93, 0, 0, 0
L -534, 25, -93, -535, 23, -93, 0, 0, 0
L -533, 25, -93, -534, 25, -93, 0, 0, 0
L -532, 27, -93, -533, 25, -93, 0, 0, 0
L -529, 34, -96, -532, 27, -93, 0, 0, 0
L -529, 35, -96, -529, 34, -96, 0, 0, 0
L -528, 36, -96, -529, 35, -96, 0, 0, 0
L -527, 40, -96, -528, 36, -96, 0, 0, 0
L -526, 41, -96, -527, 40, -96, 0, 0, 0
L -525, 44, -96, -526, 41, -96, 0, 0, 0
L -524, 45, -96, -525, 44, -96, 0, 0, 0
L -524, 47, -95, -524, 45, -96, 0, 0, 0
L -523, 50, -95, -524, 47, -95, 0, 0, 0
L -523, 51, -95, -523, 50, -95, 0, 0, 0
L -521, 55, -95, -523, 51, -95, 0, 0, 0
L -520, 56, -95, -521, 55, -95, 0, 0, 0
L -517, 55, -95, -520, 56, -95, 0, 0, 0
L -514, 58, -95, -517, 55, -95, 0, 0, 0
L -513, 59, -94, -514, 58, -95, 0, 0, 0
L -511, 59, -94, -513, 59, -94, 0, 0, 0
L -508, 62, -94, -511, 59, -94, 0, 0, 0
L -507, 65, -94, -508, 62, -94, 0, 0, 0
L -508, 67, -94, -507, 65, -94, 0, 0, 0
L -507, 73, -93, -508, 67, -94, 0, 0, 0
L -507, 75, -92, -507, 73, -93, 0, 0, 0
L -506, 82, -92, -507, 75, -92, 0, 0, 0
L -506, 83, -94, -506, 82, -92, 0, 0, 0
L -507, 85, -93, -506, 83, -94, 0, 0, 0
L -506, 87, -93, -507, 85, -93, 0, 0, 0
L -505, 88, -93, -506, 87, -93, 0, 0, 0
L -499, 96, -93, -505, 88, -93, 0, 0, 0
L -498, 97, -93, -499, 96, -93, 0, 0, 0
L -496, 106, -93, -498, 97, -93, 0, 0, 0
L -493, 116, -93, -496, 106, -93, 0, 0, 0
L -491, 121, -92, -493, 116, -93, 0, 0, 0
L -491, 124, -92, -491, 121, -92, 0, 0, 0
L -493, 133, -95, -491, 124, -92, 0, 0, 0
L -493, 135, -95, -493, 133, -95, 0, 0, 0
L -496, 137, -96, -493, 135, -95, 0, 0, 0
L -497, 138, -96, -496, 137, -96, 0, 0, 0
L -499, 139, -96, -497, 138, -96, 0, 0, 0
L -500, 140, -96, -499, 139, -96, 0, 0, 0
L -501, 142, -96, -500, 140, -96, 0, 0, 0
L -508, 149, -96, -501, 142, -96, 0, 0, 0
L -514, 152, -97, -508, 149, -96, 0, 0, 0
L -525, 158, -98, -514, 152, -97, 0, 0, 0
L -527, 159, -98, -525, 158, -98, 0, 0, 0
L -529, 161, -98, -527, 159, -98, 0, 0, 0
L -532, 161, -100, -529, 161, -98, 0, 0, 0
L -534, 161, -100, -532, 161, -100, 0, 0, 0
L -537, 162, -100, -534, 161, -100, 0, 0, 0
L -538, 163, -100, -537, 162, -100, 0, 0, 0
L -537, 165, -100, -538, 163, -100, 0, 0, 0
L -540, 167, -101, -537, 165, -100, 0, 0, 0
L -541, 167, -100, -540, 167, -101, 0, 0, 0
L -542, 169, -100, -541, 167, -100, 0, 0, 0
L -544, 177, -97, -542, 169, -100, 0, 0, 0
L -546, 177, -95, -544, 177, -97, 0, 0, 0
L -547, 179, -94, -546, 177, -95, 0, 0, 0
L -548, 181, -94, -547, 179, -94, 0, 0, 0
L -549, 184, -93, -548, 181, -94, 0, 0, 0
L -552, 190, -94, -549, 184, -93, 0, 0, 0
L -552, 191, -93, -552, 190, -94, 0, 0, 0
L -557, 196, -93, -552, 191, -93, 0, 0, 0
L -569, 200, -94, -557, 196, -93, 0, 0, 0
L -571, 201, -94, -569, 200, -94, 0, 0, 0
L -575, 203, -93, -571, 201, -94, 0, 0, 0
L -577, 205, -93, -575, 203, -93, 0, 0, 0
L -579, 205, -93, -577, 205, -93, 0, 0, 0
L -581, 206, -93, -579, 205, -93, 0, 0, 0
L -592, 207, -93, -581, 206, -93, 0, 0, 0
L -597, 209, -93, -592, 207, -93, 0, 0, 0
L -603, 209, -93, -597, 209, -93, 0, 0, 0
L -612, 206, -93, -603, 209, -93, 0, 0, 0
L -622, 203, -93, -612, 206, -93, 0, 0, 0
L -623, 202, -93, -622, 203, -93, 0, 0, 0
L -629, 202, -93, -623, 202, -93, 0, 0, 0
L -631, 201, -93, -629, 202, -93, 0, 0, 0
L -632, 200, -93, -631, 201, -93, 0, 0, 0
L -640, 194, -93, -632, 200, -93, 0, 0, 0
L -641, 193, -93, -640, 194, -93, 0, 0, 0
L -643, 192, -93, -641, 193, -93, 0, 0, 0
L -644, 191, -93, -643, 192, -93, 0, 0, 0
L -646, 190, -93, -644, 191, -93, 0, 0, 0
L -648, 188, -93, -646, 190, -93, 0, 0, 0
L -649, 187, -92, -648, 188, -93, 0, 0, 0
L -651, 186, -93, -649, 187, -92, 0, 0, 0
L -651, 185, -92, -651, 186, -93, 0, 0, 0
L -652, 183, -92, -651, 185, -92, 0, 0, 0
L -654, 181, -92, -652, 183, -92, 0, 0, 0
L -657, 176, -90, -654, 181, -92, 0, 0, 0
L -658, 175, -90, -657, 176, -90, 0, 0, 0
L -661, 172, -89, -658, 175, -90, 0, 0, 0
L -663, 171, -88, -661, 172, -89, 0, 0, 0
L -664, 170, -87, -663, 171, -88, 0, 0, 0
L -673, 164, -83, -664, 170, -87, 0, 0, 0
L -675, 163, -82, -673, 164, -83, 0, 0, 0
L -677, 162, -82, -675, 163, -82, 0, 0, 0
L -681, 162, -80, -677, 162, -82, 0, 0, 0
L -685, 161, -79, -681, 162, -80, 0, 0, 0
L -687, 161, -79, -685, 161, -79, 0, 0, 0
L -688, 163, -79, -687, 161, -79, 0, 0, 0
L -698, 162, -78, -688, 163, -79, 0, 0, 0
L -699, 162, -78, -698, 162, -78, 0, 0, 0
L -700, 164, -77, -699, 162, -78, 0, 0, 0
L -701, 166, -78, -700, 164, -77, 0, 0, 0
L -704, 166, -78, -701, 166, -78, 0, 0, 0
L -708, 169, -78, -704, 166, -78, 0, 0, 0
L -712, 173, -78, -708, 169, -78, 0, 0, 0
L -713, 174, -79, -712, 173, -78, 0, 0, 0
L -714, 175, -78, -713, 174, -79, 0, 0, 0
L -715, 176, -79, -714, 175, -78, 0, 0, 0
L -719, 180, -79, -715, 176, -79, 0, 0, 0
L -720, 182, -78, -719, 180, -79, 0, 0, 0
L -721, 183, -78, -720, 182, -78, 0, 0, 0
L -722, 186, -78, -721, 183, -78, 0, 0, 0
L -723, 186, -78, -722, 186, -78, 0, 0, 0
L -725, 187, -78, -723, 186, -78, 0, 0, 0
L -726, 188, -78, -725, 187, -78, 0, 0, 0
L -727, 190, -78, -726, 188, -78, 0, 0, 0
L -727, 192, -78, -727, 190, -78, 0, 0, 0
L -729, 193, -78, -727, 192, -78, 0, 0, 0
L -734, 198, -78, -729, 193, -78, 0, 0, 0
L -736, 199, -78, -734, 198, -78, 0, 0, 0
L -746, 205, -77, -736, 199, -78, 0, 0, 0
L -748, 207, -77, -746, 205, -77, 0, 0, 0
L -750, 208, -78, -748, 207, -77, 0, 0, 0
L -754, 209, -81, -750, 208, -78, 0, 0, 0
L -756, 209, -81, -754, 209, -81, 0, 0, 0
L -758, 211, -81, -756, 209, -81, 0, 0, 0
L -762, 212, -81, -758, 211, -81, 0, 0, 0
L -772, 217, -80, -762, 212, -81, 0, 0, 0
L -779, 219, -80, -772, 217, -80, 0, 0, 0
L -781, 219, -80, -779, 219, -80, 0, 0, 0
L -783, 218, -81, -781, 219, -80, 0, 0, 0
L -785, 216, -81, -783, 218, -81, 0, 0, 0
L -793, 218, -80, -785, 216, -81, 0, 0, 0
L -802, 219, -80, -793, 218, -80, 0, 0, 0
L -807, 220, -80, -802, 219, -80, 0, 0, 0
L -809, 220, -80, -807, 220, -80, 0, 0, 0
L -812, 216, -79, -809, 220, -80, 0, 0, 0
L -814, 214, -79, -812, 216, -79, 0, 0, 0
L -819, 215, -79, -814, 214, -79, 0, 0, 0
L -823, 216, -79, -819, 215, -79, 0, 0, 0
L -825, 216, -80, -823, 216, -79, 0, 0, 0
L -826, 215, -80, -825, 216, -80, 0, 0, 0
L -826, 213, -80, -826, 215, -80, 0, 0, 0
L -829, 212, -80, -826, 213, -80, 0, 0, 0
L -831, 211, -80, -829, 212, -80, 0, 0, 0
L -838, 204, -80, -831, 211, -80, 0, 0, 0
L -843, 201, -80, -838, 204, -80, 0, 0, 0
L -847, 198, -80, -843, 201, -80, 0, 0, 0
L -848, 196, -80, -847, 198, -80, 0, 0, 0
L -849, 193, -80, -848, 196, -80, 0, 0, 0
L -850, 191, -80, -849, 193, -80, 0, 0, 0
L -853, 189, -80, -850, 191, -80, 0, 0, 0
L -854, 188, -80, -853, 189, -80, 0, 0, 0
L -854, 186, -80, -854, 188, -80, 0, 0, 0
L -855, 185, -80, -854, 186, -80, 0, 0, 0
L -856, 180, -80, -855, 185, -80, 0, 0, 0
L -858, 172, -80, -856, 180, -80, 0, 0, 0
L -858, 162, -80, -858, 172, -80, 0, 0, 0
L -859, 161, -80, -858, 162, -80, 0, 0, 0
L -861, 160, -79, -859, 161, -80, 0, 0, 0
L -862, 158, -79, -861, 160, -79, 0, 0, 0
L -864, 156, -79, -862, 158, -79, 0, 0, 0
L -865, 154, -78, -864, 156, -79, 0, 0, 0
L -866, 152, -78, -865, 154, -78, 0, 0, 0
L -869, 149, -77, -866, 152, -78, 0, 0, 0
L -871, 147, -77, -869, 149, -77, 0, 0, 0
L -874, 142, -77, -871, 147, -77, 0, 0, 0
L -875, 141, -76, -874, 142, -77, 0, 0, 0
L -884, 128, -76, -875, 141, -76, 0, 0, 0
L -887, 124, -77, -884, 128, -76, 0, 0, 0
L -887, 123, -77, -887, 124, -77, 0, 0, 0
L -892, 118, -76, -887, 123, -77, 0, 0, 0
L -895, 114, -76, -892, 118, -76, 0, 0, 0
L -895, 112, -77, -895, 114, -76, 0, 0, 0
L -896, 111, -80, -895, 112, -77, 0, 0, 0
L -897, 108, -80, -896, 111, -80, 0, 0, 0
L -897, 106, -79, -897, 108, -80, 0, 0, 0
L -898, 105, -79, -897, 106, -79, 0, 0, 0
L -899, 103, -79, -898, 105, -79, 0, 0, 0
L -900, 99, -79, -899, 103, -79, 0, 0, 0
L -901, 98, -79, -900, 99, -79, 0, 0, 0
L -901, 93, -80, -901, 98, -79, 0, 0, 0
L -901, 91, -80, -901, 93, -80, 0, 0, 0
L -902, 89, -80, -901, 91, -80, 0, 0, 0
L -903, 84, -80, -902, 89, -80, 0, 0, 0
L -904, 80, -80, -903, 84, -80, 0, 0, 0
L -904, 78, -80, -904, 80, -80, 0, 0, 0
L -903, 67, -80, -904, 78, -80, 0, 0, 0
L -902, 64, -80, -903, 67, -80, 0, 0, 0
L -902, 63, -80, -902, 64, -80, 0, 0, 0
L -899, 57, -80, -902, 63, -80, 0, 0, 0
L -896, 49, -79, -899, 57, -80, 0, 0, 0
L -894, 44, -79, -896, 49, -79, 0, 0, 0
L -894, 43, -79, -894, 44, -79, 0, 0, 0
L -886, 37, -77, -894, 43, -79, 0, 0, 0
L -883, 35, -77, -886, 37, -77, 0, 0, 0
L -881, 33, -77, -883, 35, -77, 0, 0, 0
L -880, 31, -77, -881, 33, -77, 0, 0, 0
L -874, 27, -76, -880, 31, -77, 0, 0, 0
L -872, 26, -76, -874, 27, -76, 0, 0, 0
L -870, 24, -76, -872, 26, -76, 0, 0, 0
L -857, 7, -76, -870, 24, -76, 0, 0, 0
L -856, 5, -76, -857, 7, -76, 0, 0, 0
L -855, 4, -76, -856, 5, -76, 0, 0, 0
L -853, 0, -76, -855, 4, -76, 0, 0, 0
L -849, -6, -76, -853, 0, -76, 0, 0, 0
L -848, -8, -77, -849, -6, -76, 0, 0, 0
L -846, -6, -80, -848, -8, -77, 0, 0, 0
L -844, -5, -80, -846, -6, -80, 0, 0, 0
L -843, -5, -80, -844, -5, -80, 0, 0, 0
L -836, -9, -79, -843, -5, -80, 0, 0, 0
L -835, -10, -79, -836, -9, -79, 0, 0, 0
L -833, -9, -80, -835, -10, -79, 0, 0, 0
L -831, -9, -80, -833, -9, -80, 0, 0, 0
L -829, -10, -80, -831, -9, -80, 0, 0, 0
L -827, -11, -79, -829, -10, -80, 0, 0, 0
L -825, -11, -79, -827, -11, -79, 0, 0, 0
L -824, -12, -79, -825, -11, -79, 0, 0, 0
L -824, -14, -78, -824, -12, -79, 0, 0, 0
L -823, -16, -78, -824, -14, -78, 0, 0, 0
L -823, -22, -76, -823, -16, -78, 0, 0, 0
L -823, -24, -76, -823, -22, -76, 0, 0, 0
L -815, -36, -74, -823, -24, -76, 0, 0, 0
L -812, -42, -73, -815, -36, -74, 0, 0, 0
L -811, -43, -73, -812, -42, -73, 0, 0, 0
L -810, -48, -73, -811, -43, -73, 0, 0, 0
L -809, -50, -72, -810, -48, -73, 0, 0, 0
L -808, -51, -71, -809, -50, -72, 0, 0, 0
L -806, -50, -71, -808, -51, -71, 0, 0, 0
L -805, -50, -71, -806, -50, -71, 0, 0, 0
L -803, -51, -71, -805, -50, -71, 0, 0, 0
L -802, -53, -71, -803, -51, -71, 0, 0, 0
L -801, -54, -70, -802, -53, -71, 0, 0, 0
L -801, -55, -70, -801, -54, -70, 0, 0, 0
L -800, -57, -69, -801, -55, -70, 0, 0, 0
L -799, -58, -69, -800, -57, -69, 0, 0, 0
L -795, -59, -68, -799, -58, -69, 0, 0, 0
L -794, -60, -67, -795, -59, -68, 0, 0, 0
L -783, -62, -64, -794, -60, -67, 0, 0, 0
L -777, -64, -62, -783, -62, -64, 0, 0, 0
L -775, -64, -61, -777, -64, -62, 0, 0, 0
L -770, -64, -60, -775, -64, -61, 0, 0, 0
L -768, -65, -59, -770, -64, -60, 0, 0, 0
L -767, -65, -59, -768, -65, -59, 0, 0, 0
L -764, -67, -58, -767, -65, -59, 0, 0, 0
L -762, -68, -57, -764, -67, -58, 0, 0, 0
L -761, -69, -57, -762, -68, -57, 0, 0, 0
L -759, -70, -56, -761, -69, -57, 0, 0, 0
L -758, -71, -57, -759, -70, -56, 0, 0, 0
L -757, -70, -58, -758, -71, -57, 0, 0, 0
L -756, -68, -58, -757, -70, -58, 0, 0, 0
L -755, -67, -58, -756, -68, -58, 0, 0, 0
L -752, -67, -58, -755, -67, -58, 0, 0, 0
L -750, -68, -57, -752, -67, -58, 0, 0, 0
L -745, -71, -56, -750, -68, -57, 0, 0, 0
L -742, -74, -56, -745, -71, -56, 0, 0, 0
L -741, -75, -55, -742, -74, -56, 0, 0, 0
L -739, -76, -55, -741, -75, -55, 0, 0, 0
L -739, -77, -55, -739, -76, -55, 0, 0, 0
L -740, -78, -55, -739, -77, -55, 0, 0, 0
L -741, -79, -54, -740, -78, -55, 0, 0, 0
L -743, -79, -54, -741, -79, -54, 0, 0, 0
L -747, -82, -53, -743, -79, -54, 0, 0, 0
L -747, -84, -53, -747, -82, -53, 0, 0, 0
L -745, -85, -52, -747, -84, -53, 0, 0, 0
L -745, -87, -52, -745, -85, -52, 0, 0, 0
L -746, -90, -52, -745, -87, -52, 0, 0, 0
L -745, -91, -53, -746, -90, -52, 0, 0, 0
L -744, -93, -56, -745, -91, -53, 0, 0, 0
L -742, -93, -56, -744, -93, -56, 0, 0, 0
L -742, -96, -56, -742, -93, -56, 0, 0, 0
L -742, -98, -55, -742, -96, -56, 0, 0, 0
L -741, -107, -54, -742, -98, -55, 0, 0, 0
L -742, -111, -54, -741, -107, -54, 0, 0, 0
L -743, -116, -53, -742, -111, -54, 0, 0, 0
L -745, -118, -53, -743, -116, -53, 0, 0, 0
L -746, -118, -53, -745, -118, -53, 0, 0, 0
L -758, -119, -51, -746, -118, -53, 0, 0, 0
L -764, -121, -50, -758, -119, -51, 0, 0, 0
L -767, -121, -50, -764, -121, -50, 0, 0, 0
L -771, -123, -50, -767, -121, -50, 0, 0, 0
L -772, -124, -50, -771, -123, -50, 0, 0, 0
L -774, -125, -49, -772, -124, -50, 0, 0, 0
L -775, -126, -49, -774, -125, -49, 0, 0, 0
L -775, -128, -49, -775, -126, -49, 0, 0, 0
L -781, -131, -49, -775, -128, -49, 0, 0, 0
L -784, -133, -49, -781, -131, -49, 0, 0, 0
L -786, -134, -49, -784, -133, -49, 0, 0, 0
L -788, -137, -49, -786, -134, -49, 0, 0, 0
L -791, -140, -48, -788, -137, -49, 0, 0, 0
L -794, -143, -48, -791, -140, -48, 0, 0, 0
L -795, -146, -48, -794, -143, -48, 0, 0, 0
L -797, -149, -48, -795, -146, -48, 0, 0, 0
L -800, -155, -48, -797, -149, -48, 0, 0, 0
L -801, -156, -48, -800, -155, -48, 0, 0, 0
L -801, -159, -47, -801, -156, -48, 0, 0, 0
L -802, -167, -47, -801, -159, -47, 0, 0, 0
L -802, -169, -47, -802, -167, -47, 0, 0, 0
L -803, -172, -47, -802, -169, -47, 0, 0, 0
L -804, -174, -47, -803, -172, -47, 0, 0, 0
L -804, -197, -47, -804, -174, -47, 0, 0, 0
L -805, -199, -46, -804, -197, -47, 0, 0, 0
L -806, -200, -47, -805, -199, -46, 0, 0, 0
L -807, -202, -48, -806, -200, -47, 0, 0, 0
L -807, -210, -49, -807, -202, -48, 0, 0, 0
L -808, -214, -49, -807, -210, -49, 0, 0, 0
L -810, -225, -49, -808, -214, -49, 0, 0, 0
L -813, -231, -49, -810, -225, -49, 0, 0, 0
L -814, -234, -49, -813, -231, -49, 0, 0, 0
L -813, -236, -50, -814, -234, -49, 0, 0, 0
L -813, -245, -51, -813, -236, -50, 0, 0, 0
L -813, -247, -51, -813, -245, -51, 0, 0, 0
L -812, -249, -51, -813, -247, -51, 0, 0, 0
L -810, -255, -49, -812, -249, -51, 0, 0, 0
L -809, -257, -49, -810, -255, -49, 0, 0, 0
L -807, -258, -49, -809, -257, -49, 0, 0, 0
L -807, -260, -49, -807, -258, -49, 0, 0, 0
L -803, -267, -48, -807, -260, -49, 0, 0, 0
L -801, -270, -48, -803, -267, -48, 0, 0, 0
L -800, -272, -48, -801, -270, -48, 0, 0, 0
L -798, -273, -48, -800, -272, -48, 0, 0, 0
L -793, -281, -48, -798, -273, -48, 0, 0, 0
L -792, -285, -48, -793, -281, -48, 0, 0, 0
L -791, -287, -48, -792, -285, -48, 0, 0, 0
L -791, -294, -48, -791, -287, -48, 0, 0, 0
L -790, -297, -48, -791, -294, -48, 0, 0, 0
L -787, -307, -47, -790, -297, -48, 0, 0, 0
L -786, -310, -47, -787, -307, -47, 0, 0, 0
L -786, -314, -47, -786, -310, -47, 0, 0, 0
L -785, -316, -47, -786, -314, -47, 0, 0, 0
L -784, -325, -46, -785, -316, -47, 0, 0, 0
L -785, -329, -46, -784, -325, -46, 0, 0, 0
L -785, -340, -46, -785, -329, -46, 0, 0, 0
L -785, -342, -45, -785, -340, -46, 0, 0, 0
L -788, -351, -45, -785, -342, -45, 0, 0, 0
L -789, -352, -45, -788, -351, -45, 0, 0, 0
L -789, -358, -46, -789, -352, -45, 0, 0, 0
L -790, -371, -48, -789, -358, -46, 0, 0, 0
L -790, -372, -48, -790, -371, -48, 0, 0, 0
L -792, -379, -48, -790, -372, -48, 0, 0, 0
L -793, -381, -49, -792, -379, -48, 0, 0, 0
L -792, -382, -49, -793, -381, -49, 0, 0, 0
L -792, -385, -49, -792, -382, -49, 0, 0, 0
L -791, -407, -48, -792, -385, -49, 0, 0, 0
L -791, -409, -47, -791, -407, -48, 0, 0, 0
L -790, -419, -47, -791, -409, -47, 0, 0, 0
L -790, -422, -48, -790, -419, -47, 0, 0, 0
L -790, -424, -48, -790, -422, -48, 0, 0, 0
L -791, -430, -49, -790, -424, -48, 0, 0, 0
L -791, -433, -49, -791, -430, -49, 0, 0, 0
L -794, -447, -50, -791, -433, -49, 0, 0, 0
L -797, -459, -50, -794, -447, -50, 0, 0, 0
L -797, -461, -50, -797, -459, -50, 0, 0, 0
L -799, -464, -50, -797, -461, -50, 0, 0, 0
L -800, -469, -50, -799, -464, -50, 0, 0, 0
L -800, -477, -50, -800, -469, -50, 0, 0, 0
L -799, -479, -49, -800, -477, -50, 0, 0, 0
L -799, -482, -49, -799, -479, -49, 0, 0, 0
L -796, -501, -47, -799, -482, -49, 0, 0, 0
L -795, -505, -46, -796, -501, -47, 0, 0, 0
L -793, -511, -46, -795, -505, -46, 0, 0, 0
L -793, -513, -46, -793, -511, -46, 0, 0, 0
L -792, -514, -46, -793, -513, -46, 0, 0, 0
L -790, -518, -46, -792, -514, -46, 0, 0, 0
L -784, -532, -45, -790, -518, -46, 0, 0, 0
L -783, -533, -45, -784, -532, -45, 0, 0, 0
L -781, -536, -45, -783, -533, -45, 0, 0, 0
L -779, -540, -45, -781, -536, -45, 0, 0, 0
L -775, -548, -44, -779, -540, -45, 0, 0, 0
L -774, -550, -44, -775, -548, -44, 0, 0, 0
L -771, -555, -45, -774, -550, -44, 0, 0, 0
L -770, -556, -45, -771, -555, -45, 0, 0, 0
L -763, -565, -44, -770, -556, -45, 0, 0, 0
L -762, -566, -46, -763, -565, -44, 0, 0, 0
L -761, -568, -46, -762, -566, -46, 0, 0, 0
L -760, -569, -46, -761, -568, -46, 0, 0, 0
L -759, -571, -46, -760, -569, -46, 0, 0, 0
L -759, -572, -46, -759, -571, -46, 0, 0, 0
L -758, -577, -45, -759, -572, -46, 0, 0, 0
L -756, -583, -45, -758, -577, -45, 0, 0, 0
L -755, -585, -45, -756, -583, -45, 0, 0, 0
L -752, -592, -45, -755, -585, -45, 0, 0, 0
L -749, -603, -44, -752, -592, -45, 0, 0, 0
L -748, -606, -44, -749, -603, -44, 0, 0, 0
L -748, -607, -44, -748, -606, -44, 0, 0, 0
L -746, -613, -44, -748, -607, -44, 0, 0, 0
L -740, -616, -44, -746, -613, -44, 0, 0, 0
L -739, -617, -44, -740, -616, -44, 0, 0, 0
L -737, -620, -44, -739, -617, -44, 0, 0, 0
L -735, -621, -44, -737, -620, -44, 0, 0, 0
L -734, -622, -44, -735, -621, -44, 0, 0, 0
L -729, -625, -44, -734, -622, -44, 0, 0, 0
L -717, -631, -44, -729, -625, -44, 0, 0, 0
L -703, -640, -44, -717, -631, -44, 0, 0, 0
L -699, -643, -43, -703, -640, -44, 0, 0, 0
L -694, -645, -43, -699, -643, -43, 0, 0, 0
L -693, -647, -43, -694, -645, -43, 0, 0, 0
L -691, -647, -43, -693, -647, -43, 0, 0, 0
L -691, -645, -43, -691, -647, -43, 0, 0, 0
L -689, -644, -42, -691, -645, -43, 0, 0, 0
L -686, -644, -42, -689, -644, -42, 0, 0, 0
L -684, -643, -43, -686, -644, -42, 0, 0, 0
L -678, -639, -43, -684, -643, -43, 0, 0, 0
L -676, -638, -43, -678, -639, -43, 0, 0, 0
L -676, -637, -46, -676, -638, -43, 0, 0, 0
L -675, -635, -47, -676, -637, -46, 0, 0, 0
L -669, -634, -46, -675, -635, -47, 0, 0, 0
L -668, -634, -46, -669, -634, -46, 0, 0, 0
L -666, -633, -47, -668, -634, -46, 0, 0, 0
L -664, -633, -46, -666, -633, -47, 0, 0, 0
L -662, -633, -46, -664, -633, -46, 0, 0, 0
L -661, -634, -46, -662, -633, -46, 0, 0, 0
L -659, -635, -46, -661, -634, -46, 0, 0, 0
L -656, -633, -46, -659, -635, -46, 0, 0, 0
L -655, -632, -47, -656, -633, -46, 0, 0, 0
L -654, -630, -47, -655, -632, -47, 0, 0, 0
L -648, -627, -47, -654, -630, -47, 0, 0, 0
L -646, -627, -47, -648, -627, -47, 0, 0, 0
L -645, -626, -47, -646, -627, -47, 0, 0, 0
L -640, -627, -48, -645, -626, -47, 0, 0, 0
L -638, -628, -48, -640, -627, -48, 0, 0, 0
L -634, -629, -48, -638, -628, -48, 0, 0, 0
L -622, -630, -48, -634, -629, -48, 0, 0, 0
L -617, -631, -48, -622, -630, -48, 0, 0, 0
L -608, -635, -48, -617, -631, -48, 0, 0, 0
L -603, -637, -48, -608, -635, -48, 0, 0, 0
L -602, -637, -48, -603, -637, -48, 0, 0, 0
L -600, -638, -48, -602, -637, -48, 0, 0, 0
L -589, -638, -48, -600, -638, -48, 0, 0, 0
L -587, -639, -48, -589, -638, -48, 0, 0, 0
L -585, -639, -48, -587, -639, -48, 0, 0, 0
L -583, -640, -48, -585, -639, -48, 0, 0, 0
L -582, -640, -49, -583, -640, -48, 0, 0, 0
L -581, -634, -52, -582, -640, -49, 0, 0, 0
L -581, -632, -52, -581, -634, -52, 0, 0, 0
L -585, -624, -52, -581, -632, -52, 0, 0, 0
L -585, -622, -52, -585, -624, -52, 0, 0, 0
L -579, -616, -52, -585, -622, -52, 0, 0, 0
L -579, -611, -53, -579, -616, -52, 0, 0, 0
L -579, -605, -53, -579, -611, -53, 0, 0, 0
L -577, -603, -53, -579, -605, -53, 0, 0, 0
L -572, -602, -53, -577, -603, -53, 0, 0, 0
L -571, -604, -53, -572, -602, -53, 0, 0, 0
L -570, -605, -53, -571, -604, -53, 0, 0, 0
L -568, -606, -53, -570, -605, -53, 0, 0, 0
L -567, -607, -53, -568, -606, -53, 0, 0, 0
L -563, -607, -54, -567, -607, -53, 0, 0, 0
L -561, -607, -54, -563, -607, -54, 0, 0, 0
L -559, -608, -53, -561, -607, -54, 0, 0, 0
L -556, -610, -53, -559, -608, -53, 0, 0, 0
L -555, -611, -53, -556, -610, -53, 0, 0, 0
L -551, -614, -54, -555, -611, -53, 0, 0, 0
L -550, -615, -55, -551, -614, -54, 0, 0, 0
L -542, -612, -55, -550, -615, -55, 0, 0, 0
L -537, -612, -55, -542, -612, -55, 0, 0, 0
L -536, -613, -55, -537, -612, -55, 0, 0, 0
L -534, -617, -55, -536, -613, -55, 0, 0, 0
L -531, -622, -55, -534, -617, -55, 0, 0, 0
L -531, -625, -55, -531, -622, -55, 0, 0, 0
L -532, -627, -55, -531, -625, -55, 0, 0, 0
L -536, -623, -55, -532, -627, -55, 0, 0, 0
L -536, -622, -55, -536, -623, -55, 0, 0, 0
L -539, -622, -54, -536, -622, -55, 0, 0, 0
L -541, -623, -54, -539, -622, -54, 0, 0, 0
L -539, -627, -54, -541, -623, -54, 0, 0, 0
L -537, -630, -54, -539, -627, -54, 0, 0, 0
L -534, -635, -56, -537, -630, -54, 0, 0, 0
L -533, -637, -56, -534, -635, -56, 0, 0, 0
L -532, -638, -57, -533, -637, -56, 0, 0, 0
L -531, -640, -59, -532, -638, -57, 0, 0, 0
L -530, -641, -59, -531, -640, -59, 0, 0, 0
L -530, -642, -59, -530, -641, -59, 0, 0, 0
L -529, -643, -59, -530, -642, -59, 0, 0, 0
L -525, -647, -61, -529, -643, -59, 0, 0, 0
L -523, -649, -61, -525, -647, -61, 0, 0, 0
L -522, -650, -62, -523, -649, -61, 0, 0, 0
L -520, -649, -65, -522, -650, -62, 0, 0, 0
L -519, -650, -65, -520, -649, -65, 0, 0, 0
L -517, -651, -66, -519, -650, -65, 0, 0, 0
L -516, -651, -67, -517, -651, -66, 0, 0, 0
L -505, -658, -70, -516, -651, -67, 0, 0, 0
L -502, -660, -72, -505, -658, -70, 0, 0, 0
L -501, -661, -72, -502, -660, -72, 0, 0, 0
L -500, -662, -73, -501, -661, -72, 0, 0, 0
L -499, -664, -74, -500, -662, -73, 0, 0, 0
L -499, -666, -74, -499, -664, -74, 0, 0, 0
L -498, -668, -74, -499, -666, -74, 0, 0, 0
L -497, -669, -76, -498, -668, -74, 0, 0, 0
L -496, -669, -78, -497, -669, -76, 0, 0, 0
L -495, -678, -81, -496, -669, -78, 0, 0, 0
L -495, -679, -82, -495, -678, -81, 0, 0, 0
L -496, -682, -84, -495, -679, -82, 0, 0, 0
L -496, -684, -85, -496, -682, -84, 0, 0, 0
L -497, -689, -85, -496, -684, -85, 0, 0, 0
L -499, -688, -84, -497, -689, -85, 0, 0, 0
L -500, -687, -83, -499, -688, -84, 0, 0, 0
L -504, -683, -81, -500, -687, -83, 0, 0, 0
L -513, -682, -77, -504, -683, -81, 0, 0, 0
L -522, -680, -75, -513, -682, -77, 0, 0, 0
L -524, -680, -75, -522, -680, -75, 0, 0, 0
L -524, -685, -79, -524, -680, -75, 0, 0, 0
L -524, -687, -79, -524, -685, -79, 0, 0, 0
L -534, -690, -78, -524, -687, -79, 0, 0, 0
L -537, -692, -78, -534, -690, -78, 0, 0, 0
L -539, -692, -79, -537, -692, -78, 0, 0, 0
L -540, -693, -79, -539, -692, -79, 0, 0, 0
L -541, -695, -79, -540, -693, -79, 0, 0, 0
L -540, -697, -79, -541, -695, -79, 0, 0, 0
L -542, -697, -79, -540, -697, -79, 0, 0, 0
L -544, -698, -79, -542, -697, -79, 0, 0, 0
L -546, -698, -79, -544, -698, -79, 0, 0, 0
L -548, -698, -78, -546, -698, -79, 0, 0, 0
L -552, -700, -78, -548, -698, -78, 0, 0, 0
L -554, -701, -79, -552, -700, -78, 0, 0, 0
L -555, -701, -81, -554, -701, -79, 0, 0, 0
L -557, -702, -81, -555, -701, -81, 0, 0, 0
L -565, -709, -81, -557, -702, -81, 0, 0, 0
L -575, -714, -81, -565, -709, -81, 0, 0, 0
L -583, -715, -80, -575, -714, -81, 0, 0, 0
L -585, -715, -79, -583, -715, -80, 0, 0, 0
L -596, -720, -79, -585, -715, -79, 0, 0, 0
L -598, -720, -79, -596, -720, -79, 0, 0, 0
L -599, -721, -79, -598, -720, -79, 0, 0, 0
L -610, -724, -79, -599, -721, -79, 0, 0, 0
L -619, -725, -79, -610, -724, -79, 0, 0, 0
L -637, -725, -79, -619, -725, -79, 0, 0, 0
L -638, -725, -78, -637, -725, -79, 0, 0, 0
L -650, -729, -77, -638, -725, -78, 0, 0, 0
L -652, -729, -77, -650, -729, -77, 0, 0, 0
L -652, -731, -78, -652, -729, -77, 0, 0, 0
L -651, -732, -79, -652, -731, -78, 0, 0, 0
L -650, -734, -80, -651, -732, -79, 0, 0, 0
L -650, -735, -80, -650, -734, -80, 0, 0, 0
L -653, -741, -80, -650, -735, -80, 0, 0, 0
L -655, -743, -80, -653, -741, -80, 0, 0, 0
L -660, -745, -80, -655, -743, -80, 0, 0, 0
L -661, -746, -80, -660, -745, -80, 0, 0, 0
L -665, -752, -80, -661, -746, -80, 0, 0, 0
L -667, -754, -80, -665, -752, -80, 0, 0, 0
L -669, -753, -80, -667, -754, -80, 0, 0, 0
L -670, -752, -80, -669, -753, -80, 0, 0, 0
L -672, -753, -80, -670, -752, -80, 0, 0, 0
L -674, -755, -80, -672, -753, -80, 0, 0, 0
L -675, -759, -79, -674, -755, -80, 0, 0, 0
L -676, -760, -79, -675, -759, -79, 0, 0, 0
L -676, -771, -79, -676, -760, -79, 0, 0, 0
L -675, -776, -79, -676, -771, -79, 0, 0, 0
L -675, -778, -79, -675, -776, -79, 0, 0, 0
L -674, -779, -80, -675, -778, -79, 0, 0, 0
L -674, -788, -80, -674, -779, -80, 0, 0, 0
L -673, -791, -80, -674, -788, -80, 0, 0, 0
L -673, -793, -80, -673, -791, -80, 0, 0, 0
L -672, -795, -80, -673, -793, -80, 0, 0, 0
L -672, -797, -80, -672, -795, -80, 0, 0, 0
L -671, -799, -80, -672, -797, -80, 0, 0, 0
L -671, -801, -80, -671, -799, -80, 0, 0, 0
L -667, -806, -80, -671, -801, -80, 0, 0, 0
L -666, -809, -80, -667, -806, -80, 0, 0, 0
L -666, -811, -80, -666, -809, -80, 0, 0, 0
L -665, -821, -80, -666, -811, -80, 0, 0, 0
L -665, -823, -80, -665, -821, -80, 0, 0, 0
L -664, -829, -80, -665, -823, -80, 0, 0, 0
L -663, -831, -80, -664, -829, -80, 0, 0, 0
L -661, -843, -80, -663, -831, -80, 0, 0, 0
L -659, -853, -81, -661, -843, -80, 0, 0, 0
L -659, -857, -81, -659, -853, -81, 0, 0, 0
L -658, -867, -81, -659, -857, -81, 0, 0, 0
L -658, -869, -81, -658, -867, -81, 0, 0, 0
L -657, -871, -81, -658, -869, -81, 0, 0, 0
L -656, -873, -80, -657, -871, -81, 0, 0, 0
L -655, -878, -79, -656, -873, -80, 0, 0, 0
L -654, -880, -79, -655, -878, -79, 0, 0, 0
L -653, -881, -79, -654, -880, -79, 0, 0, 0
L -652, -883, -78, -653, -881, -79, 0, 0, 0
L -651, -885, -78, -652, -883, -78, 0, 0, 0
L -650, -885, -78, -651, -885, -78, 0, 0, 0
L -649, -887, -78, -650, -885, -78, 0, 0, 0
L -648, -888, -77, -649, -887, -78, 0, 0, 0
L -647, -889, -78, -648, -888, -77, 0, 0, 0
L -643, -889, -78, -647, -889, -78, 0, 0, 0
L -639, -893, -78, -643, -889, -78, 0, 0, 0
L -639, -894, -78, -639, -893, -78, 0, 0, 0
L -638, -896, -78, -639, -894, -78, 0, 0, 0
L -637, -900, -78, -638, -896, -78, 0, 0, 0
L -637, -901, -78, -637, -900, -78, 0, 0, 0
L -633, -908, -78, -637, -901, -78, 0, 0, 0
L -630, -912, -80, -633, -908, -78, 0, 0, 0
L -626, -917, -80, -630, -912, -80, 0, 0, 0
L -625, -918, -80, -626, -917, -80, 0, 0, 0
L -623, -921, -80, -625, -918, -80, 0, 0, 0
L -622, -922, -80, -623, -921, -80, 0, 0, 0
L -619, -926, -79, -622, -922, -80, 0, 0, 0
L -615, -930, -79, -619, -926, -79, 0, 0, 0
L -614, -933, -79, -615, -930, -79, 0, 0, 0
L -614, -934, -79, -614, -933, -79, 0, 0, 0
L -613, -938, -79, -614, -934, -79, 0, 0, 0
L -613, -939, -79, -613, -938, -79, 0, 0, 0
L -612, -940, -79, -613, -939, -79, 0, 0, 0
L -612, -942, -79, -612, -940, -79, 0, 0, 0
L -592, -961, -79, -612, -942, -79, 0, 0, 0
L -592, -962, -79, -592, -961, -79, 0, 0, 0
L -590, -965, -79, -592, -962, -79, 0, 0, 0
L -589, -966, -79, -590, -965, -79, 0, 0, 0
L -587, -968, -80, -589, -966, -79, 0, 0, 0
L -580, -967, -81, -587, -968, -80, 0, 0, 0
L -569, -967, -81, -580, -967, -81, 0, 0, 0
L -568, -965, -80, -569, -967, -81, 0, 0, 0
L -557, -961, -82, -568, -965, -80, 0, 0, 0
L -550, -962, -82, -557, -961, -82, 0, 0, 0
L -548, -961, -82, -550, -962, -82, 0, 0, 0
L -547, -961, -82, -548, -961, -82, 0, 0, 0
L -541, -963, -82, -547, -961, -82, 0, 0, 0
L -536, -963, -82, -541, -963, -82, 0, 0, 0
L -527, -962, -82, -536, -963, -82, 0, 0, 0
L -525, -962, -82, -527, -962, -82, 0, 0, 0
L -514, -957, -81, -525, -962, -82, 0, 0, 0
L -502, -953, -81, -514, -957, -81, 0, 0, 0
L -498, -952, -81, -502, -953, -81, 0, 0, 0
L -477, -948, -81, -498, -952, -81, 0, 0, 0
L -475, -948, -81, -477, -948, -81, 0, 0, 0
L -474, -947, -81, -475, -948, -81, 0, 0, 0
L -472, -947, -81, -474, -947, -81, 0, 0, 0
L -465, -945, -81, -472, -947, -81, 0, 0, 0
L -463, -945, -81, -465, -945, -81, 0, 0, 0
L -457, -943, -80, -463, -945, -81, 0, 0, 0
L -456, -943, -80, -457, -943, -80, 0, 0, 0
L -452, -942, -79, -456, -943, -80, 0, 0, 0
L -425, -936, -80, -452, -942, -79, 0, 0, 0
L -423, -935, -79, -425, -936, -80, 0, 0, 0
L -417, -933, -79, -423, -935, -79, 0, 0, 0
L -406, -928, -79, -417, -933, -79, 0, 0, 0
L -405, -927, -79, -406, -928, -79, 0, 0, 0
L -399, -924, -79, -405, -927, -79, 0, 0, 0
L -398, -923, -79, -399, -924, -79, 0, 0, 0
L -395, -919, -79, -398, -923, -79, 0, 0, 0
L -391, -916, -79, -395, -919, -79, 0, 0, 0
L -386, -911, -79, -391, -916, -79, 0, 0, 0
L -383, -906, -79, -386, -911, -79, 0, 0, 0
L -381, -903, -79, -383, -906, -79, 0, 0, 0
L -381, -901, -79, -381, -903, -79, 0, 0, 0
L -380, -899, -79, -381, -901, -79, 0, 0, 0
L -379, -896, -79, -380, -899, -79, 0, 0, 0
L -378, -892, -79, -379, -896, -79, 0, 0, 0
L -378, -891, -79, -378, -892, -79, 0, 0, 0
L -377, -889, -78, -378, -891, -79, 0, 0, 0
L -376, -883, -79, -377, -889, -78, 0, 0, 0
L -373, -877, -79, -376, -883, -79, 0, 0, 0
L -372, -876, -79, -373, -877, -79, 0, 0, 0
L -370, -876, -78, -372, -876, -79, 0, 0, 0
L -362, -871, -78, -370, -876, -78, 0, 0, 0
L -361, -870, -78, -362, -871, -78, 0, 0, 0
L -359, -869, -78, -361, -870, -78, 0, 0, 0
L -358, -868, -78, -359, -869, -78, 0, 0, 0
L -357, -866, -80, -358, -868, -78, 0, 0, 0
L -356, -863, -80, -357, -866, -80, 0, 0, 0
L -352, -858, -80, -356, -863, -80, 0, 0, 0
L -351, -856, -80, -352, -858, -80, 0, 0, 0
L -350, -853, -80, -351, -856, -80, 0, 0, 0
L -339, -849, -80, -350, -853, -80, 0, 0, 0
L -337, -848, -79, -339, -849, -80, 0, 0, 0
L -336, -847, -79, -337, -848, -79, 0, 0, 0
L -331, -840, -79, -336, -847, -79, 0, 0, 0
L -328, -835, -79, -331, -840, -79, 0, 0, 0
L -328, -832, -79, -328, -835, -79, 0, 0, 0
L -330, -831, -79, -328, -832, -79, 0, 0, 0
L -331, -822, -79, -330, -831, -79, 0, 0, 0
L -331, -821, -79, -331, -822, -79, 0, 0, 0
L -332, -816, -79, -331, -821, -79, 0, 0, 0
L -331, -806, -79, -332, -816, -79, 0, 0, 0
L -330, -799, -79, -331, -806, -79, 0, 0, 0
L -330, -793, -79, -330, -799, -79, 0, 0, 0
L -329, -783, -78, -330, -793, -79, 0, 0, 0
L -329, -781, -78, -329, -783, -78, 0, 0, 0
L -331, -780, -78, -329, -781, -78, 0, 0, 0
L -332, -779, -78, -331, -780, -78, 0, 0, 0
L -343, -772, -78, -332, -779, -78, 0, 0, 0
L -347, -768, -78, -343, -772, -78, 0, 0, 0
L -348, -766, -78, -347, -768, -78, 0, 0, 0
L -353, -762, -78, -348, -766, -78, 0, 0, 0
L -354, -762, -78, -353, -762, -78, 0, 0, 0
L -356, -761, -78, -354, -762, -78, 0, 0, 0
L -359, -761, -78, -356, -761, -78, 0, 0, 0
L -381, -763, -78, -359, -761, -78, 0, 0, 0
L -383, -765, -78, -381, -763, -78, 0, 0, 0
L -385, -765, -78, -383, -765, -78, 0, 0, 0
L -385, -767, -78, -385, -765, -78, 0, 0, 0
L -387, -768, -78, -385, -767, -78, 0, 0, 0
L -389, -768, -78, -387, -768, -78, 0, 0, 0
L -392, -769, -78, -389, -768, -78, 0, 0, 0
L -394, -769, -78, -392, -769, -78, 0, 0, 0
L -404, -768, -77, -394, -769, -78, 0, 0, 0
L -416, -765, -77, -404, -768, -77, 0, 0, 0
L -417, -765, -77, -416, -765, -77, 0, 0, 0
L -419, -766, -77, -417, -765, -77, 0, 0, 0
L -419, -768, -77, -419, -766, -77, 0, 0, 0
L -420, -770, -77, -419, -768, -77, 0, 0, 0
L -422, -770, -77, -420, -770, -77, 0, 0, 0
L -427, -768, -77, -422, -770, -77, 0, 0, 0
L -433, -766, -77, -427, -768, -77, 0, 0, 0
L -434, -765, -77, -433, -766, -77, 0, 0, 0
L -433, -763, -77, -434, -765, -77, 0, 0, 0
L -433, -761, -77, -433, -763, -77, 0, 0, 0
L -437, -757, -77, -433, -761, -77, 0, 0, 0
L -438, -756, -78, -437, -757, -77, 0, 0, 0
L -439, -755, -78, -438, -756, -78, 0, 0, 0
L -449, -748, -78, -439, -755, -78, 0, 0, 0
L -450, -747, -78, -449, -748, -78, 0, 0, 0
L -450, -745, -78, -450, -747, -78, 0, 0, 0
L -448, -744, -78, -450, -745, -78, 0, 0, 0
L -452, -736, -78, -448, -744, -78, 0, 0, 0
L -453, -735, -78, -452, -736, -78, 0, 0, 0
L -454, -733, -78, -453, -735, -78, 0, 0, 0
L -454, -728, -78, -454, -733, -78, 0, 0, 0
L -456, -719, -78, -454, -728, -78, 0, 0, 0
L -457, -710, -78, -456, -719, -78, 0, 0, 0
L -457, -706, -78, -457, -710, -78, 0, 0, 0
L -458, -704, -78, -457, -706, -78, 0, 0, 0
L -459, -703, -78, -458, -704, -78, 0, 0, 0
L -461, -703, -79, -459, -703, -78, 0, 0, 0
L -463, -705, -79, -461, -703, -79, 0, 0, 0
L -467, -704, -80, -463, -705, -79, 0, 0, 0
L -469, -703, -80, -467, -704, -80, 0, 0, 0
L -471, -702, -79, -469, -703, -80, 0, 0, 0
L -471, -698, -79, -471, -702, -79, 0, 0, 0
L -471, -696, -78, -471, -698, -79, 0, 0, 0
L -470, -695, -78, -471, -696, -78, 0, 0, 0
L -469, -689, -76, -470, -695, -78, 0, 0, 0
L -468, -687, -75, -469, -689, -76, 0, 0, 0
L -468, -679, -73, -468, -687, -75, 0, 0, 0
L -467, -677, -72, -468, -679, -73, 0, 0, 0
L -469, -673, -72, -467, -677, -72, 0, 0, 0
L -469, -671, -72, -469, -673, -72, 0, 0, 0
L -469, -667, -71, -469, -671, -72, 0, 0, 0
L -470, -665, -70, -469, -667, -71, 0, 0, 0
L -471, -661, -69, -470, -665, -70, 0, 0, 0
L -471, -659, -68, -471, -661, -69, 0, 0, 0
L -472, -658, -67, -471, -659, -68, 0, 0, 0
L -475, -651, -65, -472, -658, -67, 0, 0, 0
L -486, -642, -61, -475, -651, -65, 0, 0, 0
L -495, -634, -58, -486, -642, -61, 0, 0, 0
L -496, -633, -57, -495, -634, -58, 0, 0, 0
L -498, -632, -56, -496, -633, -57, 0, 0, 0
L -501, -632, -56, -498, -632, -56, 0, 0, 0
L -502, -630, -55, -501, -632, -56, 0, 0, 0
L -505, -627, -55, -502, -630, -55, 0, 0, 0
L -507, -624, -54, -505, -627, -55, 0, 0, 0
L -508, -622, -54, -507, -624, -54, 0, 0, 0
L -509, -621, -54, -508, -622, -54, 0, 0, 0
L -510, -622, -54, -509, -621, -54, 0, 0, 0
L -512, -623, -54, -510, -622, -54, 0, 0, 0
L -513, -623, -54, -512, -623, -54, 0, 0, 0
L -522, -615, -54, -513, -623, -54, 0, 0, 0
L -523, -613, -54, -522, -615, -54, 0, 0, 0
L -529, -607, -54, -523, -613, -54, 0, 0, 0
L -526, -606, -53, -529, -607, -54, 0, 0, 0
L -524, -606, -53, -526, -606, -53, 0, 0, 0
L -522, -606, -52, -524, -606, -53, 0, 0, 0
L -518, -605, -51, -522, -606, -52, 0, 0, 0
L -517, -605, -51, -518, -605, -51, 0, 0, 0
L -518, -604, -51, -517, -605, -51, 0, 0, 0
L -519, -602, -51, -518, -604, -51, 0, 0, 0
L -517, -597, -50, -519, -602, -51, 0, 0, 0
L -516, -596, -49, -517, -597, -50, 0, 0, 0
L -516, -589, -47, -516, -596, -49, 0, 0, 0
L -515, -587, -47, -516, -589, -47, 0, 0, 0
L -515, -583, -45, -515, -587, -47, 0, 0, 0
L -516, -581, -45, -515, -583, -45, 0, 0, 0
L -515, -579, -45, -516, -581, -45, 0, 0, 0
L -514, -576, -44, -515, -579, -45, 0, 0, 0
L -513, -574, -43, -514, -576, -44, 0, 0, 0
L -509, -569, -41, -513, -574, -43, 0, 0, 0
L -509, -568, -41, -509, -569, -41, 0, 0, 0
L -509, -566, -40, -509, -568, -41, 0, 0, 0
L -507, -563, -40, -509, -566, -40, 0, 0, 0
L -505, -561, -39, -507, -563, -40, 0, 0, 0
L -504, -558, -39, -505, -561, -39, 0, 0, 0
L -494, -548, -38, -504, -558, -39, 0, 0, 0
L -484, -538, -38, -494, -548, -38, 0, 0, 0
L -475, -532, -37, -484, -538, -38, 0, 0, 0
L -468, -528, -37, -475, -532, -37, 0, 0, 0
L -467, -527, -37, -468, -528, -37, 0, 0, 0
L -464, -525, -38, -467, -527, -37, 0, 0, 0
L -463, -524, -38, -464, -525, -38, 0, 0, 0
L -461, -523, -38, -463, -524, -38, 0, 0, 0
L -460, -522, -38, -461, -523, -38, 0, 0, 0
L -460, -519, -43, -460, -522, -38, 0, 0, 0
L -460, -517, -44, -460, -519, -43, 0, 0, 0
L -459, -510, -44, -460, -517, -44, 0, 0, 0
L -458, -509, -45, -459, -510, -44, 0, 0, 0
L -458, -506, -48, -458, -509, -45, 0, 0, 0
L -458, -505, -48, -458, -506, -48, 0, 0, 0
L -451, -492, -48, -458, -505, -48, 0, 0, 0
L -447, -482, -48, -451, -492, -48, 0, 0, 0
L -447, -480, -48, -447, -482, -48, 0, 0, 0
L -450, -463, -48, -447, -480, -48, 0, 0, 0
L -450, -461, -48, -450, -463, -48, 0, 0, 0
L -451, -459, -48, -450, -461, -48, 0, 0, 0
L -453, -459, -48, -451, -459, -48, 0, 0, 0
L -454, -458, -48, -453, -459, -48, 0, 0, 0
L -458, -448, -48, -454, -458, -48, 0, 0, 0
L -458, -440, -48, -458, -448, -48, 0, 0, 0
L -456, -436, -48, -458, -440, -48, 0, 0, 0
L -456, -435, -48, -456, -436, -48, 0, 0, 0
L -455, -433, -48, -456, -435, -48, 0, 0, 0
L -455, -417, -49, -455, -433, -48, 0, 0, 0
L -454, -413, -49, -455, -417, -49, 0, 0, 0
L -454, -409, -49, -454, -413, -49, 0, 0, 0
L -453, -407, -49, -454, -409, -49, 0, 0, 0
L -452, -406, -49, -453, -407, -49, 0, 0, 0
L -452, -405, -49, -452, -406, -49, 0, 0, 0
L -450, -404, -49, -452, -405, -49, 0, 0, 0
L -449, -403, -48, -450, -404, -49, 0, 0, 0
L -449, -388, -47, -449, -403, -48, 0, 0, 0
L -449, -387, -47, -449, -388, -47, 0, 0, 0
L -447, -383, -47, -449, -387, -47, 0, 0, 0
L -447, -382, -47, -447, -383, -47, 0, 0, 0
L -446, -380, -47, -447, -382, -47, 0, 0, 0
L -445, -379, -47, -446, -380, -47, 0, 0, 0
L -445, -378, -48, -445, -379, -47, 0, 0, 0
L -444, -376, -48, -445, -378, -48, 0, 0, 0
L -438, -364, -49, -444, -376, -48, 0, 0, 0
L -430, -348, -49, -438, -364, -49, 0, 0, 0
L -428, -345, -49, -430, -348, -49, 0, 0, 0
L -428, -338, -49, -428, -345, -49, 0, 0, 0
L -429, -336, -50, -428, -338, -49, 0, 0, 0
L -434, -334, -52, -429, -336, -50, 0, 0, 0
L -443, -331, -52, -434, -334, -52, 0, 0, 0
L -445, -331, -52, -443, -331, -52, 0, 0, 0
L -446, -330, -52, -445, -331, -52, 0, 0, 0
L -447, -328, -52, -446, -330, -52, 0, 0, 0
L -447, -326, -52, -447, -328, -52, 0, 0, 0
L -445, -320, -52, -447, -326, -52, 0, 0, 0
L -443, -317, -52, -445, -320, -52, 0, 0, 0
L -442, -316, -52, -443, -317, -52, 0, 0, 0
L -440, -316, -52, -442, -316, -52, 0, 0, 0
L -439, -314, -52, -440, -316, -52, 0, 0, 0
L -438, -313, -52, -439, -314, -52, 0, 0, 0
L -437, -311, -52, -438, -313, -52, 0, 0, 0
L -435, -311, -52, -437, -311, -52, 0, 0, 0
L -429, -305, -52, -435, -311, -52, 0, 0, 0
L -418, -299, -52, -429, -305, -52, 0, 0, 0
L -420, -298, -51, -418, -299, -52, 0, 0, 0
L -421, -297, -51, -420, -298, -51, 0, 0, 0
L -421, -290, -51, -421, -297, -51, 0, 0, 0
L -420, -289, -51, -421, -290, -51, 0, 0, 0
L -418, -288, -51, -420, -289, -51, 0, 0, 0
L -413, -287, -51, -418, -288, -51, 0, 0, 0
L -411, -287, -51, -413, -287, -51, 0, 0, 0
L -409, -288, -51, -411, -287, -51, 0, 0, 0
L -408, -290, -51, -409, -288, -51, 0, 0, 0
L -407, -291, -51, -408, -290, -51, 0, 0, 0
L -409, -292, -51, -407, -291, -51, 0, 0, 0
L -410, -293, -50, -409, -292, -51, 0, 0, 0
L -409, -294, -50, -410, -293, -50, 0, 0, 0
L -407, -295, -50, -409, -294, -50, 0, 0, 0
L -404, -296, -50, -407, -295, -50, 0, 0, 0
L -400, -296, -50, -404, -296, -50, 0, 0, 0
L -397, -295, -49, -400, -296, -50, 0, 0, 0
L -395, -295, -47, -397, -295, -49, 0, 0, 0
L -394, -294, -48, -395, -295, -47, 0, 0, 0
L -388, -294, -47, -394, -294, -48, 0, 0, 0
L -387, -293, -47, -388, -294, -47, 0, 0, 0
L -383, -293, -47, -387, -293, -47, 0, 0, 0
L -381, -292, -46, -383, -293, -47, 0, 0, 0
L -374, -289, -44, -381, -292, -46, 0, 0, 0
L -364, -281, -40, -374, -289, -44, 0, 0, 0
L -363, -279, -39, -364, -281, -40, 0, 0, 0
L -357, -277, -38, -363, -279, -39, 0, 0, 0
L -356, -276, -37, -357, -277, -38, 0, 0, 0
L -354, -276, -37, -356, -276, -37, 0, 0, 0
L -352, -276, -36, -354, -276, -37, 0, 0, 0
L -351, -275, -35, -352, -276, -36, 0, 0, 0
L -349, -274, -34, -351, -275, -35, 0, 0, 0
L -342, -277, -32, -349, -274, -34, 0, 0, 0
L -340, -278, -32, -342, -277, -32, 0, 0, 0
L -339, -278, -31, -340, -278, -32, 0, 0, 0
L -337, -279, -30, -339, -278, -31, 0, 0, 0
L -336, -281, -30, -337, -279, -30, 0, 0, 0
L -333, -283, -28, -336, -281, -30, 0, 0, 0
L -332, -284, -27, -333, -283, -28, 0, 0, 0
L -330, -285, -26, -332, -284, -27, 0, 0, 0
L -329, -286, -25, -330, -285, -26, 0, 0, 0
L -314, -288, -20, -329, -286, -25, 0, 0, 0
L -305, -290, -18, -314, -288, -20, 0, 0, 0
L -303, -290, -18, -305, -290, -18, 0, 0, 0
L -297, -291, -18, -303, -290, -18, 0, 0, 0
L -295, -291, -18, -297, -291, -18, 0, 0, 0
L -294, -290, -17, -295, -291, -18, 0, 0, 0
L -293, -286, -17, -294, -290, -17, 0, 0, 0
L -292, -285, -18, -293, -286, -17, 0, 0, 0
L -288, -285, -17, -292, -285, -18, 0, 0, 0
L -286, -285, -17, -288, -285, -17, 0, 0, 0
L -281, -286, -16, -286, -285, -17, 0, 0, 0
L -280, -287, -15, -281, -286, -16, 0, 0, 0
L -279, -289, -15, -280, -287, -15, 0, 0, 0
L -278, -291, -14, -279, -289, -15, 0, 0, 0
L -278, -292, -14, -278, -291, -14, 0, 0, 0
L -280, -294, -14, -278, -292, -14, 0, 0, 0
L -278, -296, -14, -280, -294, -14, 0, 0, 0
L -272, -302, -13, -278, -296, -14, 0, 0, 0
L -268, -305, -12, -272, -302, -13, 0, 0, 0
L -267, -306, -11, -268, -305, -12, 0, 0, 0
L -265, -306, -11, -267, -306, -11, 0, 0, 0
L -262, -308, -11, -265, -306, -11, 0, 0, 0
L -258, -308, -11, -262, -308, -11, 0, 0, 0
L -257, -309, -11, -258, -308, -11, 0, 0, 0
L -255, -309, -11, -257, -309, -11, 0, 0, 0
L -253, -310, -10, -255, -309, -11, 0, 0, 0
L -252, -311, -10, -253, -310, -10, 0, 0, 0
L -251, -313, -10, -252, -311, -10, 0, 0, 0
L -251, -314, -9, -251, -313, -10, 0, 0, 0
L -253, -315, -9, -251, -314, -9, 0, 0, 0
L -254, -317, -8, -253, -315, -9, 0, 0, 0
L -255, -319, -8, -254, -317, -8, 0, 0, 0
L -257, -321, -8, -255, -319, -8, 0, 0, 0
L -256, -323, -8, -257, -321, -8, 0, 0, 0
L -257, -325, -8, -256, -323, -8, 0, 0, 0
L -258, -326, -7, -257, -325, -8, 0, 0, 0
L -259, -327, -7, -258, -326, -7, 0, 0, 0
L -260, -329, -6, -259, -327, -7, 0, 0, 0
L -260, -330, -6, -260, -329, -6, 0, 0, 0
L -264, -338, -5, -260, -330, -6, 0, 0, 0
L -265, -340, -5, -264, -338, -5, 0, 0, 0
L -267, -343, -5, -265, -340, -5, 0, 0, 0
L -274, -352, -5, -267, -343, -5, 0, 0, 0
L -276, -358, -5, -274, -352, -5, 0, 0, 0
L -277, -360, -5, -276, -358, -5, 0, 0, 0
L -277, -366, -4, -277, -360, -5, 0, 0, 0
L -278, -374, -5, -277, -366, -4, 0, 0, 0
L -277, -376, -5, -278, -374, -5, 0, 0, 0
L -276, -376, -5, -277, -376, -5, 0, 0, 0
L -274, -377, -5, -276, -376, -5, 0, 0, 0
L -274, -379, -5, -274, -377, -5, 0, 0, 0
L -273, -381, -5, -274, -379, -5, 0, 0, 0
L -270, -384, -5, -273, -381, -5, 0, 0, 0
L -266, -390, -5, -270, -384, -5, 0, 0, 0
L -263, -393, -5, -266, -390, -5, 0, 0, 0
L -260, -395, -5, -263, -393, -5, 0, 0, 0
L -240, -410, -4, -260, -395, -5, 0, 0, 0
L -238, -411, -5, -240, -410, -4, 0, 0, 0
L -237, -409, -5, -238, -411, -5, 0, 0, 0
L -235, -408, -5, -237, -409, -5, 0, 0, 0
L -236, -409, -5, -235, -408, -5, 0, 0, 0
L -227, -413, -4, -236, -409, -5, 0, 0, 0
L -226, -413, -4, -227, -413, -4, 0, 0, 0
L -224, -414, -4, -226, -413, -4, 0, 0, 0
L -220, -418, -4, -224, -414, -4, 0, 0, 0
L -218, -418, -4, -220, -418, -4, 0, 0, 0
L -217, -419, -4, -218, -418, -4, 0, 0, 0
L -214, -423, -4, -217, -419, -4, 0, 0, 0
L -208, -433, -4, -214, -423, -4, 0, 0, 0
L -204, -441, -4, -208, -433, -4, 0, 0, 0
L -203, -448, -4, -204, -441, -4, 0, 0, 0
L -200, -456, -4, -203, -448, -4, 0, 0, 0
L -200, -458, -4, -200, -456, -4, 0, 0, 0
L -194, -464, -4, -200, -458, -4, 0, 0, 0
L -188, -469, -4, -194, -464, -4, 0, 0, 0
L -186, -471, -4, -188, -469, -4, 0, 0, 0
L -184, -472, -4, -186, -471, -4, 0, 0, 0
L -183, -472, -3, -184, -472, -4, 0, 0, 0
L -178, -476, -3, -183, -472, -3, 0, 0, 0
L -175, -477, -3, -178, -476, -3, 0, 0, 0
L -174, -478, -3, -175, -477, -3, 0, 0, 0
L -167, -480, -3, -174, -478, -3, 0, 0, 0
L -166, -480, -3, -167, -480, -3, 0, 0, 0
L -160, -484, -3, -166, -480, -3, 0, 0, 0
L -158, -485, -3, -160, -484, -3, 0, 0, 0
L -159, -487, -3, -158, -485, -3, 0, 0, 0
L -160, -488, -3, -159, -487, -3, 0, 0, 0
L -160, -490, -3, -160, -488, -3, 0, 0, 0
L -152, -500, -3, -160, -490, -3, 0, 0, 0
L -144, -509, -4, -152, -500, -3, 0, 0, 0
L -130, -516, -5, -144, -509, -4, 0, 0, 0
L -126, -517, -5, -130, -516, -5, 0, 0, 0
L -124, -518, -5, -126, -517, -5, 0, 0, 0
L -108, -527, -6, -124, -518, -5, 0, 0, 0
L -103, -530, -5, -108, -527, -6, 0, 0, 0
L -100, -531, -6, -103, -530, -5, 0, 0, 0
L -96, -533, -6, -100, -531, -6, 0, 0, 0
L -88, -535, -6, -96, -533, -6, 0, 0, 0
L -87, -535, -6, -88, -535, -6, 0, 0, 0
L -78, -538, -5, -87, -535, -6, 0, 0, 0
L -71, -539, -6, -78, -538, -5, 0, 0, 0
L -60, -541, -5, -71, -539, -6, 0, 0, 0
L -58, -541, -5, -60, -541, -5, 0, 0, 0
L -57, -540, -10, -58, -541, -5, 0, 0, 0
L -51, -538, -10, -57, -540, -10, 0, 0, 0
L -49, -537, -10, -51, -538, -10, 0, 0, 0
L -48, -536, -10, -49, -537, -10, 0, 0, 0
L -46, -535, -10, -48, -536, -10, 0, 0, 0
L -45, -534, -10, -46, -535, -10, 0, 0, 0
L -33, -526, -10, -45, -534, -10, 0, 0, 0
L -26, -520, -10, -33, -526, -10, 0, 0, 0
L -25, -519, -10, -26, -520, -10, 0, 0, 0
L -23, -518, -11, -25, -519, -10, 0, 0, 0
L -20, -514, -13, -23, -518, -11, 0, 0, 0
L -15, -506, -15, -20, -514, -13, 0, 0, 0
L -13, -502, -15, -15, -506, -15, 0, 0, 0
L -11, -501, -15, -13, -502, -15, 0, 0, 0
L -10, -500, -15, -11, -501, -15, 0, 0, 0
L -8, -499, -15, -10, -500, -15, 0, 0, 0
L -7, -498, -15, -8, -499, -15, 0, 0, 0
L -5, -498, -15, -7, -498, -15, 0, 0, 0
L -3, -499, -15, -5, -498, -15, 0, 0, 0
L 2, -499, -15, -3, -499, -15, 0, 0, 0
L 3, -498, -15, 2, -499, -15, 0, 0, 0
L 5, -499, -16, 3, -498, -15, 0, 0, 0
L 14, -499, -16, 5, -499, -16, 0, 0, 0
L 20, -501, -17, 14, -499, -16, 0, 0, 0
L 22, -501, -18, 20, -501, -17, 0, 0, 0
L 23, -500, -20, 22, -501, -18, 0, 0, 0
L 25, -499, -20, 23, -500, -20, 0, 0, 0
L 30, -496, -19, 25, -499, -20, 0, 0, 0
L 32, -495, -19, 30, -496, -19, 0, 0, 0
L 35, -495, -19, 32, -495, -19, 0, 0, 0
L 35, -497, -19, 35, -495, -19, 0, 0, 0
L 37, -498, -20, 35, -497, -19, 0, 0, 0
L 39, -499, -20, 37, -498, -20, 0, 0, 0
L 40, -499, -20, 39, -499, -20, 0, 0, 0
L 39, -500, -20, 40, -499, -20, 0, 0, 0
L 39, -502, -20, 39, -500, -20, 0, 0, 0
L 37, -504, -19, 39, -502, -20, 0, 0, 0
L 36, -504, -20, 37, -504, -19, 0, 0, 0
L 35, -506, -20, 36, -504, -20, 0, 0, 0
L 36, -507, -20, 35, -506, -20, 0, 0, 0
L 41, -515, -21, 36, -507, -20, 0, 0, 0
L 42, -516, -22, 41, -515, -21, 0, 0, 0
L 43, -518, -23, 42, -516, -22, 0, 0, 0
L 45, -520, -25, 43, -518, -23, 0, 0, 0
L 45, -522, -26, 45, -520, -25, 0, 0, 0
L 46, -524, -27, 45, -522, -26, 0, 0, 0
L 46, -528, -29, 46, -524, -27, 0, 0, 0
L 46, -529, -30, 46, -528, -29, 0, 0, 0
L 47, -531, -30, 46, -529, -30, 0, 0, 0
L 47, -532, -30, 47, -531, -30, 0, 0, 0
L 47, -537, -31, 47, -532, -30, 0, 0, 0
L 47, -538, -32, 47, -537, -31, 0, 0, 0
L 49, -545, -33, 47, -538, -32, 0, 0, 0
L 50, -547, -33, 49, -545, -33, 0, 0, 0
L 50, -548, -34, 50, -547, -33, 0, 0, 0
L 54, -556, -36, 50, -548, -34, 0, 0, 0
L 60, -563, -37, 54, -556, -36, 0, 0, 0
L 67, -569, -39, 60, -563, -37, 0, 0, 0
L 69, -571, -39, 67, -569, -39, 0, 0, 0
L 75, -574, -41, 69, -571, -39, 0, 0, 0
L 84, -577, -43, 75, -574, -41, 0, 0, 0
L 86, -578, -44, 84, -577, -43, 0, 0, 0
L 100, -580, -46, 86, -578, -44, 0, 0, 0
L 103, -580, -46, 100, -580, -46, 0, 0, 0
L 105, -581, -46, 103, -580, -46, 0, 0, 0
L 107, -580, -45, 105, -581, -46, 0, 0, 0
L 107, -578, -45, 107, -580, -45, 0, 0, 0
L 108, -577, -45, 107, -578, -45, 0, 0, 0
L 110, -576, -45, 108, -577, -45, 0, 0, 0
L 111, -575, -45, 110, -576, -45, 0, 0, 0
L 113, -572, -44, 111, -575, -45, 0, 0, 0
L 116, -563, -44, 113, -572, -44, 0, 0, 0
L 117, -561, -45, 116, -563, -44, 0, 0, 0
L 117, -556, -45, 117, -561, -45, 0, 0, 0
L 116, -554, -44, 117, -556, -45, 0, 0, 0
L 115, -554, -44, 116, -554, -44, 0, 0, 0
L 113, -553, -43, 115, -554, -44, 0, 0, 0
L 111, -553, -42, 113, -553, -43, 0, 0, 0
L 109, -552, -42, 111, -553, -42, 0, 0, 0
L 106, -552, -40, 109, -552, -42, 0, 0, 0
L 104, -551, -39, 106, -552, -40, 0, 0, 0
L 102, -552, -38, 104, -551, -39, 0, 0, 0
L 98, -552, -36, 102, -552, -38, 0, 0, 0
L 97, -552, -36, 98, -552, -36, 0, 0, 0
L 94, -551, -35, 97, -552, -36, 0, 0, 0
L 92, -551, -34, 94, -551, -35, 0, 0, 0
L 88, -550, -32, 92, -551, -34, 0, 0, 0
L 85, -548, -31, 88, -550, -32, 0, 0, 0
L 75, -541, -26, 85, -548, -31, 0, 0, 0
L 74, -540, -25, 75, -541, -26, 0, 0, 0
L 72, -537, -24, 74, -540, -25, 0, 0, 0
L 71, -536, -23, 72, -537, -24, 0, 0, 0
L 72, -534, -23, 71, -536, -23, 0, 0, 0
L 74, -532, -23, 72, -534, -23, 0, 0, 0
L 73, -530, -22, 74, -532, -23, 0, 0, 0
L 73, -528, -22, 73, -530, -22, 0, 0, 0
L 72, -523, -20, 73, -528, -22, 0, 0, 0
L 70, -510, -18, 72, -523, -20, 0, 0, 0
L 70, -508, -17, 70, -510, -18, 0, 0, 0
L 69, -506, -17, 70, -508, -17, 0, 0, 0
L 66, -500, -15, 69, -506, -17, 0, 0, 0
L 65, -499, -15, 66, -500, -15, 0, 0, 0
L 61, -494, -13, 65, -499, -15, 0, 0, 0
L 59, -493, -13, 61, -494, -13, 0, 0, 0
L 58, -495, -12, 59, -493, -13, 0, 0, 0
L 56, -494, -12, 58, -495, -12, 0, 0, 0
L 53, -494, -12, 56, -494, -12, 0, 0, 0
L 52, -495, -12, 53, -494, -12, 0, 0, 0
L 50, -495, -11, 52, -495, -12, 0, 0, 0
L 39, -491, -9, 50, -495, -11, 0, 0, 0
L 38, -491, -9, 39, -491, -9, 0, 0, 0
L 35, -489, -8, 38, -491, -9, 0, 0, 0
L 34, -489, -6, 35, -489, -8, 0, 0, 0
L 38, -494, -6, 34, -489, -6, 0, 0, 0
L 37, -492, -6, 38, -494, -6, 0, 0, 0
L 36, -491, -4, 37, -492, -6, 0, 0, 0
L 37, -489, -3, 36, -491, -4, 0, 0, 0
L 41, -487, -1, 37, -489, -3, 0, 0, 0
L 43, -487, -5, 41, -487, -1, 0, 0, 0
L 44, -485, -8, 43, -487, -5, 0, 0, 0
L 46, -483, -8, 44, -485, -8, 0, 0, 0
L 47, -478, -8, 46, -483, -8, 0, 0, 0
L 47, -476, -8, 47, -478, -8, 0, 0, 0
L 45, -469, -7, 47, -476, -8, 0, 0, 0
L 44, -467, -6, 45, -469, -7, 0, 0, 0
L 44, -466, -6, 44, -467, -6, 0, 0, 0
L 44, -464, -5, 44, -466, -6, 0, 0, 0
L 43, -462, -5, 44, -464, -5, 0, 0, 0
L 44, -461, -5, 43, -462, -5, 0, 0, 0
L 43, -459, -5, 44, -461, -5, 0, 0, 0
L 40, -456, -5, 43, -459, -5, 0, 0, 0
L 39, -454, -5, 40, -456, -5, 0, 0, 0
L 38, -453, -5, 39, -454, -5, 0, 0, 0
L 39, -451, -5, 38, -453, -5, 0, 0, 0
L 42, -449, -5, 39, -451, -5, 0, 0, 0
L 44, -447, -5, 42, -449, -5, 0, 0, 0
L 45, -447, -5, 44, -447, -5, 0, 0, 0
L 49, -446, -5, 45, -447, -5, 0, 0, 0
L 50, -445, -5, 49, -446, -5, 0, 0, 0
L 51, -445, -5, 50, -445, -5, 0, 0, 0
L 57, -444, -4, 51, -445, -5, 0, 0, 0
L 72, -438, -4, 57, -444, -4, 0, 0, 0
L 74, -438, -4, 72, -438, -4, 0, 0, 0
L 80, -433, -3, 74, -438, -4, 0, 0, 0
L 81, -432, -3, 80, -433, -3, 0, 0, 0
L 84, -431, -3, 81, -432, -3, 0, 0, 0
L 85, -430, -4, 84, -431, -3, 0, 0, 0
L 86, -429, -4, 85, -430, -4, 0, 0, 0
L 88, -428, -4, 86, -429, -4, 0, 0, 0
L 90, -426, -4, 88, -428, -4, 0, 0, 0
L 91, -424, -4, 90, -426, -4, 0, 0, 0
L 92, -422, -3, 91, -424, -4, 0, 0, 0
L 100, -402, -3, 92, -422, -3, 0, 0, 0
L 102, -398, -3, 100, -402, -3, 0, 0, 0
L 104, -396, -3, 102, -398, -3, 0, 0, 0
L 104, -395, -3, 104, -396, -3, 0, 0, 0
L 105, -393, -3, 104, -395, -3, 0, 0, 0
L 105, -392, -3, 105, -393, -3, 0, 0, 0
L 106, -389, -3, 105, -392, -3, 0, 0, 0
L 106, -382, -3, 106, -389, -3, 0, 0, 0
L 107, -374, -3, 106, -382, -3, 0, 0, 0
L 107, -364, -3, 107, -374, -3, 0, 0, 0
L 108, -358, -3, 107, -364, -3, 0, 0, 0
L 112, -342, -3, 108, -358, -3, 0, 0, 0
L 113, -337, -3, 112, -342, -3, 0, 0, 0
L 113, -335, -3, 113, -337, -3, 0, 0, 0
L 114, -334, -3, 113, -335, -3, 0, 0, 0
L 114, -329, -3, 114, -334, -3, 0, 0, 0
L 115, -328, -3, 114, -329, -3, 0, 0, 0
L 115, -326, -3, 115, -328, -3, 0, 0, 0
L 118, -317, -3, 115, -326, -3, 0, 0, 0
L 117, -315, -2, 118, -317, -3, 0, 0, 0
L 116, -314, -2, 117, -315, -2, 0, 0, 0
L 115, -312, -2, 116, -314, -2, 0, 0, 0
L 114, -311, -2, 115, -312, -2, 0, 0, 0
L 102, -291, -2, 114, -311, -2, 0, 0, 0
L 100, -288, -2, 102, -291, -2, 0, 0, 0
L 99, -286, -2, 100, -288, -2, 0, 0, 0
L 97, -286, -3, 99, -286, -2, 0, 0, 0
L 97, -284, -2, 97, -286, -3, 0, 0, 0
L 96, -280, -2, 97, -284, -2, 0, 0, 0
L 94, -274, -2, 96, -280, -2, 0, 0, 0
L 93, -269, -2, 94, -274, -2, 0, 0, 0
L 93, -267, -2, 93, -269, -2, 0, 0, 0
L 92, -266, -2, 93, -267, -2, 0, 0, 0
L 90, -266, -2, 92, -266, -2, 0, 0, 0
L 88, -262, -2, 90, -266, -2, 0, 0, 0
L 88, -234, 0, 88, -262, -2, 0, 0, 0
L 88, -228, 0, 88, -234, 0, 0, 0, 0
L 89, -226, 0, 88, -228, 0, 0, 0, 0
L 90, -217, 0, 89, -226, 0, 0, 0, 0
L 90, -216, 0, 90, -217, 0, 0, 0, 0
L 93, -206, 0, 90, -216, 0, 0, 0, 0
L 94, -205, 0, 93, -206, 0, 0, 0, 0
L 94, -204, 0, 94, -205, 0, 0, 0, 0
L 95, -201, 0, 94, -204, 0, 0, 0, 0
L 95, -199, -1, 95, -201, 0, 0, 0, 0
L 94, -198, -3, 95, -199, -1, 0, 0, 0
L 92, -197, -7, 94, -198, -3, 0, 0, 0
L 92, -195, -9, 92, -197, -7, 0, 0, 0
L 91, -192, -10, 92, -195, -9, 0, 0, 0
L 91, -190, -11, 91, -192, -10, 0, 0, 0
L 94, -184, -11, 91, -190, -11, 0, 0, 0
L 94, -183, -11, 94, -184, -11, 0, 0, 0
L 93, -179, -11, 94, -183, -11, 0, 0, 0
L 93, -154, -10, 93, -179, -11, 0, 0, 0
L 92, -142, -10, 93, -154, -10, 0, 0, 0
L 91, -140, -11, 92, -142, -10, 0, 0, 0
L 91, -138, -11, 91, -140, -11, 0, 0, 0
L 92, -130, -12, 91, -138, -11, 0, 0, 0
L 92, -129, -12, 92, -130, -12, 0, 0, 0
L 95, -123, -12, 92, -129, -12, 0, 0, 0
L 95, -120, -12, 95, -123, -12, 0, 0, 0
L 101, -97, -12, 95, -120, -12, 0, 0, 0
L 103, -89, -11, 101, -97, -12, 0, 0, 0
L 100, -82, -11, 103, -89, -11, 0, 0, 0
L 100, -79, -11, 100, -82, -11, 0, 0, 0
L 99, -70, -11, 100, -79, -11, 0, 0, 0
L 97, -63, -10, 99, -70, -11, 0, 0, 0
L 97, -58, -10, 97, -63, -10, 0, 0, 0
L 96, -56, -10, 97, -58, -10, 0, 0, 0
L 96, -53, -10, 96, -56, -10, 0, 0, 0
L 88, -36, -9, 96, -53, -10, 0, 0, 0
L 85, -32, -9, 88, -36, -9, 0, 0, 0
L 84, -31, -9, 85, -32, -9, 0, 0, 0
L 83, -27, -9, 84, -31, -9, 0, 0, 0
L 80, -21, -9, 83, -27, -9, 0, 0, 0
L 74, -11, -8, 80, -21, -9, 0, 0, 0
L 74, -9, -8, 74, -11, -8, 0, 0, 0
L 71, -7, -8, 74, -9, -8, 0, 0, 0
L 71, -5, -8, 71, -7, -8, 0, 0, 0
L 63, 3, -10, 71, -5, -8, 0, 0, 0
L 62, 4, -10, 63, 3, -10, 0, 0, 0
L 62, 5, -10, 62, 4, -10, 0, 0, 0
L 61, 9, -10, 62, 5, -10, 0, 0, 0
L 60, 10, -10, 61, 9, -10, 0, 0, 0
L 58, 14, -10, 60, 10, -10, 0, 0, 0
L 57, 17, -10, 58, 14, -10, 0, 0, 0
L 57, 20, -10, 57, 17, -10, 0, 0, 0
L 56, 25, -10, 57, 20, -10, 0, 0, 0
L 56, 27, -10, 56, 25, -10, 0, 0, 0
L 55, 28, -10, 56, 27, -10, 0, 0, 0
L 51, 37, -10, 55, 28, -10, 0, 0, 0
L 51, 40, -10, 51, 37, -10, 0, 0, 0
L 50, 42, -11, 51, 40, -10, 0, 0, 0
L 49, 45, -11, 50, 42, -11, 0, 0, 0
L 48, 47, -11, 49, 45, -11, 0, 0, 0
L 47, 47, -12, 48, 47, -11, 0, 0, 0
L 44, 46, -14, 47, 47, -12, 0, 0, 0
L 43, 47, -14, 44, 46, -14, 0, 0, 0
L 33, 48, -16, 43, 47, -14, 0, 0, 0
L 31, 48, -17, 33, 48, -16, 0, 0, 0
L 25, 50, -17, 31, 48, -17, 0, 0, 0
L 20, 50, -17, 25, 50, -17, 0, 0, 0
L 18, 51, -17, 20, 50, -17, 0, 0, 0
L 14, 54, -17, 18, 51, -17, 0, 0, 0
L 10, 56, -17, 14, 54, -17, 0, 0, 0
L 5, 57, -17, 10, 56, -17, 0, 0, 0
