L 0.8732, -7.4911, 0.8011,  -9.8115, -8.1234, 1.2984,  0, 0, 0
L -9.8115, -8.1234, 1.2984,  -10.9552, -10.3686, 1.2994,  0, 0, 0
L -10.9552, -10.3686, 1.2994,  -13.3434, -12.7888, 2.3786,  0, 0, 0
L -13.3434, -12.7888, 2.3786,  -16.3029, -15.7877, 2.7129,  0, 0, 0
L -16.3029, -15.7877, 2.7129,  -17.4302, -17.5100, 2.8011,  0, 0, 0
L -17.4302, -17.5100, 2.8011,  -19.3319, -19.4990, 3.5184,  0, 0, 0
L -19.3319, -19.4990, 3.5184,  -20.5956, -20.4748, 3.2116,  0, 0, 0
L -20.5956, -20.4748, 3.2116,  -22.7278, -22.1210, 1.9357,  0, 0, 0
L -22.7278, -22.1210, 1.9357,  -22.8918, -23.6391, 1.9333,  0, 0, 0
L -22.8918, -23.6391, 1.9333,  -23.7127, -25.7886, 2.5008,  0, 0, 0
L -23.7127, -25.7886, 2.5008,  -24.7849, -27.6202, 3.3332,  0, 0, 0
L -24.7849, -27.6202, 3.3332,  -26.3761, -30.3386, 3.0414,  0, 0, 0
L -26.3761, -30.3386, 3.0414,  -26.3644, -31.4558, 3.0404,  0, 0, 0
L -26.3644, -31.4558, 3.0404,  -26.5701, -33.1096, 3.4773,  0, 0, 0
L -26.5701, -33.1096, 3.4773,  -27.2408, -35.0442, 3.7450,  0, 0, 0
L -27.2408, -35.0442, 3.7450,  -28.1327, -37.6170, 3.6673,  0, 0, 0
L -28.1327, -37.6170, 3.6673,  -28.3218, -39.4719, 3.7735,  0, 0, 0
L -28.3218, -39.4719, 3.7735,  -28.8039, -43.5404, 3.5860,  0, 0, 0
L -28.8039, -43.5404, 3.5860,  -28.9065, -45.0778, 3.7521,  0, 0, 0
L -28.9065, -45.0778, 3.7521,  -29.2295, -57.2897, 4.5573,  0, 0, 0
L -29.2295, -57.2897, 4.5573,  -29.4841, -58.7314, 4.5741,  0, 0, 0
L -29.4841, -58.7314, 4.5741,  -30.7014, -60.0744, 4.2996,  0, 0, 0
L -30.7014, -60.0744, 4.2996,  -32.2139, -61.7995, 4.0970,  0, 0, 0
L -32.2139, -61.7995, 4.0970,  -32.9658, -62.7557, 3.9742,  0, 0, 0
L -32.9658, -62.7557, 3.9742,  -35.7012, -66.0484, 3.5420,  0, 0, 0
L -35.7012, -66.0484, 3.5420,  -38.5153, -69.5212, 3.7270,  0, 0, 0
L -38.5153, -69.5212, 3.7270,  -39.5195, -70.8859, 3.9039,  0, 0, 0
L -39.5195, -70.8859, 3.9039,  -40.9413, -72.8184, 4.3056,  0, 0, 0
L -40.9413, -72.8184, 4.3056,  -41.0262, -73.6595, 4.3234,  0, 0, 0
L -41.0262, -73.6595, 4.3234,  -41.1777, -76.3622, 5.3413,  0, 0, 0
L -41.1777, -76.3622, 5.3413,  -41.5783, -77.7556, 6.1505,  0, 0, 0
L -41.5783, -77.7556, 6.1505,  -42.2078, -79.1846, 6.6162,  0, 0, 0
L -42.2078, -79.1846, 6.6162,  -43.9917, -83.1674, 6.9950,  0, 0, 0
L -43.9917, -83.1674, 6.9950,  -44.7621, -84.5034, 7.2795,  0, 0, 0
L -44.7621, -84.5034, 7.2795,  -45.7530, -85.5448, 7.4287,  0, 0, 0
L -45.7530, -85.5448, 7.4287,  -46.7676, -86.6430, 7.2001,  0, 0, 0
L -46.7676, -86.6430, 7.2001,  -48.3373, -87.7447, 5.3451,  0, 0, 0
L -48.3373, -87.7447, 5.3451,  -49.2320, -89.4133, 5.3323,  0, 0, 0
L -49.2320, -89.4133, 5.3323,  -50.1608, -90.4915, 5.3371,  0, 0, 0
L -50.1608, -90.4915, 5.3371,  -51.1953, -91.4985, 5.0881,  0, 0, 0
L -51.1953, -91.4985, 5.0881,  -55.6130, -95.6562, 3.9715,  0, 0, 0
L -55.6130, -95.6562, 3.9715,  -56.8154, -96.5678, 3.9678,  0, 0, 0
L -56.8154, -96.5678, 3.9678,  -58.4159, -97.4844, 3.7367,  0, 0, 0
L -58.4159, -97.4844, 3.7367,  -59.9901, -98.3756, 3.7359,  0, 0, 0
L -59.9901, -98.3756, 3.7359,  -61.7102, -99.1346, 3.7104,  0, 0, 0
L -61.7102, -99.1346, 3.7104,  -70.9407, -102.8082, 3.7881,  0, 0, 0
L -70.9407, -102.8082, 3.7881,  -72.5759, -103.3193, 3.2190,  0, 0, 0
L -72.5759, -103.3193, 3.2190,  -74.0412, -103.6087, 2.3922,  0, 0, 0
L -74.0412, -103.6087, 2.3922,  -75.2595, -103.7098, 2.3831,  0, 0, 0
L -75.2595, -103.7098, 2.3831,  -77.2156, -103.3268, 2.0317,  0, 0, 0
L -77.2156, -103.3268, 2.0317,  -78.1876, -101.6830, 0.6233,  0, 0, 0
L -78.1876, -101.6830, 0.6233,  -79.5103, -101.3255, 0.6852,  0, 0, 0
L -79.5103, -101.3255, 0.6852,  -86.0838, -101.9044, -0.0570,  0, 0, 0
L -86.0838, -101.9044, -0.0570,  -85.0810, -102.8359, 0.0997,  0, 0, 0
L -85.0810, -102.8359, 0.0997,  -84.3445, -103.5201, 0.3471,  0, 0, 0
L -84.3445, -103.5201, 0.3471,  -85.5635, -104.4661, 1.5165,  0, 0, 0
L -85.5635, -104.4661, 1.5165,  -86.6694, -104.5286, 1.3461,  0, 0, 0
L -86.6694, -104.5286, 1.3461,  -95.8288, -104.0757, 0.9761,  0, 0, 0
L -95.8288, -104.0757, 0.9761,  -103.8169, -103.3281, 1.4977,  0, 0, 0
L -103.8169, -103.3281, 1.4977,  -113.4198, -102.4300, 3.5616,  0, 0, 0
L -113.4198, -102.4300, 3.5616,  -118.3407, -102.1962, 4.1038,  0, 0, 0
L -118.3407, -102.1962, 4.1038,  -119.7232, -102.3332, 4.0273,  0, 0, 0
L -119.7232, -102.3332, 4.0273,  -123.2720, -102.5434, 4.1703,  0, 0, 0
L -123.2720, -102.5434, 4.1703,  -133.0163, -102.8558, 3.2550,  0, 0, 0
L -133.0163, -102.8558, 3.2550,  -134.2550, -103.1136, 3.4910,  0, 0, 0
L -134.2550, -103.1136, 3.4910,  -135.5797, -103.2702, 3.6444,  0, 0, 0
L -135.5797, -103.2702, 3.6444,  -137.0330, -103.2665, 3.8753,  0, 0, 0
L -137.0330, -103.2665, 3.8753,  -144.9887, -103.6643, 2.1216,  0, 0, 0
L -144.9887, -103.6643, 2.1216,  -149.1528, -103.4136, 0.9178,  0, 0, 0
L -149.1528, -103.4136, 0.9178,  -149.5667, -101.5712, 0.5470,  0, 0, 0
L -149.5667, -101.5712, 0.5470,  -151.2579, -100.8952, -0.0600,  0, 0, 0
L -151.2579, -100.8952, -0.0600,  -152.9861, -101.6070, 0.3973,  0, 0, 0
L -152.9861, -101.6070, 0.3973,  -153.9567, -101.6049, 0.3743,  0, 0, 0
L -153.9567, -101.6049, 0.3743,  -155.0578, -101.6196, 0.2451,  0, 0, 0
L -155.0578, -101.6196, 0.2451,  -156.0783, -101.9548, 0.5428,  0, 0, 0
L -156.0783, -101.9548, 0.5428,  -157.8247, -102.8590, 0.5863,  0, 0, 0
L -157.8247, -102.8590, 0.5863,  -158.9674, -104.1995, 0.7974,  0, 0, 0
L -158.9674, -104.1995, 0.7974,  -158.9117, -105.3329, 1.3205,  0, 0, 0
L -158.9117, -105.3329, 1.3205,  -159.5114, -107.1422, 3.9164,  0, 0, 0
L -159.5114, -107.1422, 3.9164,  -160.8674, -108.1993, 4.1326,  0, 0, 0
L -160.8674, -108.1993, 4.1326,  -162.0022, -109.8076, 4.1158,  0, 0, 0
L -162.0022, -109.8076, 4.1158,  -162.6898, -110.7026, 4.5143,  0, 0, 0
L -162.6898, -110.7026, 4.5143,  -163.1115, -111.7663, 4.9280,  0, 0, 0
L -163.1115, -111.7663, 4.9280,  -164.3972, -113.2325, 5.8727,  0, 0, 0
L -164.3972, -113.2325, 5.8727,  -164.9396, -114.2845, 6.1569,  0, 0, 0
L -164.9396, -114.2845, 6.1569,  -165.3151, -115.3470, 6.0901,  0, 0, 0
L -165.3151, -115.3470, 6.0901,  -165.6472, -116.5342, 6.0422,  0, 0, 0
L -165.6472, -116.5342, 6.0422,  -165.9426, -117.7597, 5.9020,  0, 0, 0
L -165.9426, -117.7597, 5.9020,  -166.2666, -119.2379, 5.6969,  0, 0, 0
L -166.2666, -119.2379, 5.6969,  -168.2869, -128.4550, -0.0299,  0, 0, 0
L -168.2869, -128.4550, -0.0299,  -166.9203, -128.6406, 0.0653,  0, 0, 0
L -166.9203, -128.6406, 0.0653,  -155.2290, -130.2284, 0.9457,  0, 0, 0
L -155.2290, -130.2284, 0.9457,  -154.2835, -131.9464, 0.6417,  0, 0, 0
L -154.2835, -131.9464, 0.6417,  -153.4285, -132.2458, 0.5647,  0, 0, 0
L -153.4285, -132.2458, 0.5647,  -150.8791, -132.9289, 0.6736,  0, 0, 0
L -150.8791, -132.9289, 0.6736,  -141.5241, -134.9903, -0.5342,  0, 0, 0
L -141.5241, -134.9903, -0.5342,  -132.5532, -136.7756, 0.3686,  0, 0, 0
L -132.5532, -136.7756, 0.3686,  -131.3252, -137.0608, 0.5648,  0, 0, 0
L -131.3252, -137.0608, 0.5648,  -130.4154, -137.6500, 0.8591,  0, 0, 0
L -130.4154, -137.6500, 0.8591,  -129.4754, -138.3336, 1.0585,  0, 0, 0
L -129.4754, -138.3336, 1.0585,  -128.6495, -139.0665, 1.0218,  0, 0, 0
L -128.6495, -139.0665, 1.0218,  -127.9656, -139.9792, 0.9308,  0, 0, 0
L -127.9656, -139.9792, 0.9308,  -123.7183, -145.6336, 0.9743,  0, 0, 0
L -123.7183, -145.6336, 0.9743,  -123.8285, -147.5214, 0.7848,  0, 0, 0
L -123.8285, -147.5214, 0.7848,  -124.3194, -156.5910, 0.4918,  0, 0, 0
L -124.3194, -156.5910, 0.4918,  -124.3358, -157.8254, 0.8432,  0, 0, 0
L -124.3358, -157.8254, 0.8432,  -124.2725, -179.1233, 3.5027,  0, 0, 0
L -124.2725, -179.1233, 3.5027,  -125.0031, -179.8784, 3.5894,  0, 0, 0
L -125.0031, -179.8784, 3.5894,  -126.5041, -181.4658, 3.7152,  0, 0, 0
L -126.5041, -181.4658, 3.7152,  -127.3046, -182.1232, 3.7532,  0, 0, 0
L -127.3046, -182.1232, 3.7532,  -134.6761, -188.3339, 3.7211,  0, 0, 0
L -134.6761, -188.3339, 3.7211,  -136.8325, -190.0562, 3.9200,  0, 0, 0
L -136.8325, -190.0562, 3.9200,  -138.8295, -191.3533, 4.2336,  0, 0, 0
L -138.8295, -191.3533, 4.2336,  -141.7197, -193.0324, 4.2094,  0, 0, 0
L -141.7197, -193.0324, 4.2094,  -143.0212, -193.7283, 4.2072,  0, 0, 0
L -143.0212, -193.7283, 4.2072,  -145.1674, -194.5652, 4.0354,  0, 0, 0
L -145.1674, -194.5652, 4.0354,  -148.1243, -195.1547, 4.0416,  0, 0, 0
L -148.1243, -195.1547, 4.0416,  -148.9947, -193.6779, 1.1339,  0, 0, 0
L -148.9947, -193.6779, 1.1339,  -149.6298, -192.0634, 0.2732,  0, 0, 0
L -149.6298, -192.0634, 0.2732,  -151.4539, -192.5172, 0.2709,  0, 0, 0
L -151.4539, -192.5172, 0.2709,  -163.4483, -194.2268, 0.9416,  0, 0, 0
L -163.4483, -194.2268, 0.9416,  -164.9244, -194.7732, 0.9460,  0, 0, 0
L -164.9244, -194.7732, 0.9460,  -167.3470, -195.1701, 1.8048,  0, 0, 0
L -167.3470, -195.1701, 1.8048,  -182.6016, -194.0688, 5.0726,  0, 0, 0
L -182.6016, -194.0688, 5.0726,  -187.7166, -193.4452, 4.4268,  0, 0, 0
L -187.7166, -193.4452, 4.4268,  -187.9265, -193.2266, 3.5307,  0, 0, 0
L -187.9265, -193.2266, 3.5307,  -189.7351, -193.0253, 3.2546,  0, 0, 0
L -189.7351, -193.0253, 3.2546,  -192.0276, -192.7259, 2.4906,  0, 0, 0
L -192.0276, -192.7259, 2.4906,  -193.4095, -191.8405, 2.4612,  0, 0, 0
L -193.4095, -191.8405, 2.4612,  -195.4965, -190.5671, 2.7552,  0, 0, 0
L -195.4965, -190.5671, 2.7552,  -196.2449, -192.3640, 2.4107,  0, 0, 0
L -196.2449, -192.3640, 2.4107,  -197.4889, -192.7397, 2.2507,  0, 0, 0
L -197.4889, -192.7397, 2.2507,  -198.2224, -193.8981, 1.9921,  0, 0, 0
L -198.2224, -193.8981, 1.9921,  -199.4770, -195.3394, 2.6043,  0, 0, 0
L 0.8756, 7.9965, 1.9867,  -7.2852, 6.5804, 1.7926,  0, 0, 0
L -7.2852, 6.5804, 1.7926,  -10.7208, 5.0691, 2.2136,  0, 0, 0
L -10.7208, 5.0691, 2.2136,  -14.0247, 3.1075, 3.2520,  0, 0, 0
L -14.0247, 3.1075, 3.2520,  -18.9063, -0.2745, 6.2682,  0, 0, 0
L -18.9063, -0.2745, 6.2682,  -20.8316, -1.8512, 6.5085,  0, 0, 0
L -20.8316, -1.8512, 6.5085,  -22.9000, -3.6068, 5.3655,  0, 0, 0
L -22.9000, -3.6068, 5.3655,  -25.4777, -5.2650, 4.1157,  0, 0, 0
L -25.4777, -5.2650, 4.1157,  -27.4508, -7.2405, 3.4933,  0, 0, 0
L -27.4508, -7.2405, 3.4933,  -29.3882, -9.2576, 3.2549,  0, 0, 0
L -29.3882, -9.2576, 3.2549,  -30.9574, -11.3821, 2.7370,  0, 0, 0
L -30.9574, -11.3821, 2.7370,  -32.1435, -13.1702, 2.9349,  0, 0, 0
L -32.1435, -13.1702, 2.9349,  -33.4226, -15.0277, 2.8341,  0, 0, 0
L -33.4226, -15.0277, 2.8341,  -34.7184, -16.7682, 2.6772,  0, 0, 0
L -34.7184, -16.7682, 2.6772,  -36.7959, -19.5625, 2.3983,  0, 0, 0
L -36.7959, -19.5625, 2.3983,  -37.5653, -20.7499, 2.4819,  0, 0, 0
L -37.5653, -20.7499, 2.4819,  -38.3023, -21.9035, 2.4475,  0, 0, 0
L -38.3023, -21.9035, 2.4475,  -39.0676, -22.9386, 2.3261,  0, 0, 0
L -39.0676, -22.9386, 2.3261,  -40.0135, -23.7361, 2.5115,  0, 0, 0
L -40.0135, -23.7361, 2.5115,  -41.0328, -24.6094, 2.9207,  0, 0, 0
L -41.0328, -24.6094, 2.9207,  -41.8955, -25.5422, 3.1884,  0, 0, 0
L -41.8955, -25.5422, 3.1884,  -42.7264, -26.6348, 3.4950,  0, 0, 0
L -42.7264, -26.6348, 3.4950,  -43.2198, -27.6225, 3.7165,  0, 0, 0
L -43.2198, -27.6225, 3.7165,  -45.0230, -31.2978, 3.4888,  0, 0, 0
L -45.0230, -31.2978, 3.4888,  -45.6371, -33.1353, 3.6519,  0, 0, 0
L -45.6371, -33.1353, 3.6519,  -45.9195, -34.5002, 3.9922,  0, 0, 0
L -45.9195, -34.5002, 3.9922,  -46.4145, -36.4249, 5.0258,  0, 0, 0
L -46.4145, -36.4249, 5.0258,  -46.7747, -37.9169, 5.4280,  0, 0, 0
L -46.7747, -37.9169, 5.4280,  -47.2690, -40.9516, 5.5325,  0, 0, 0
L -47.2690, -40.9516, 5.5325,  -47.7211, -42.1478, 5.8398,  0, 0, 0
L -47.7211, -42.1478, 5.8398,  -48.3310, -43.6060, 6.2864,  0, 0, 0
L -48.3310, -43.6060, 6.2864,  -48.9373, -45.1049, 6.6796,  0, 0, 0
L -48.9373, -45.1049, 6.6796,  -49.2058, -46.9651, 7.0714,  0, 0, 0
L -49.2058, -46.9651, 7.0714,  -49.6431, -51.8938, 7.2368,  0, 0, 0
L -49.6431, -51.8938, 7.2368,  -49.9994, -53.5387, 7.3955,  0, 0, 0
L -49.9994, -53.5387, 7.3955,  -50.4713, -59.4059, 7.4719,  0, 0, 0
L -50.4713, -59.4059, 7.4719,  -50.9801, -61.4319, 7.4279,  0, 0, 0
L -50.9801, -61.4319, 7.4279,  -51.5062, -63.3610, 7.8027,  0, 0, 0
L -51.5062, -63.3610, 7.8027,  -51.7597, -65.1384, 7.6170,  0, 0, 0
L -51.7597, -65.1384, 7.6170,  -52.0041, -67.9063, 4.8313,  0, 0, 0
L -52.0041, -67.9063, 4.8313,  -52.6270, -68.9939, 4.5035,  0, 0, 0
L -52.6270, -68.9939, 4.5035,  -53.2408, -70.2400, 4.0078,  0, 0, 0
L -53.2408, -70.2400, 4.0078,  -54.0487, -71.4870, 3.2885,  0, 0, 0
L -54.0487, -71.4870, 3.2885,  -54.8996, -72.6926, 2.4176,  0, 0, 0
L -54.8996, -72.6926, 2.4176,  -55.9032, -74.0518, 1.9947,  0, 0, 0
L -55.9032, -74.0518, 1.9947,  -56.8204, -75.1721, 1.7088,  0, 0, 0
L -56.8204, -75.1721, 1.7088,  -57.8052, -76.2838, 1.6363,  0, 0, 0
L -57.8052, -76.2838, 1.6363,  -58.8173, -77.3436, 1.5849,  0, 0, 0
L -58.8173, -77.3436, 1.5849,  -61.7236, -80.1701, 1.3559,  0, 0, 0
L -61.7236, -80.1701, 1.3559,  -63.4771, -80.0840, 1.6302,  0, 0, 0
L -63.4771, -80.0840, 1.6302,  -64.4497, -80.5415, 2.1781,  0, 0, 0
L -64.4497, -80.5415, 2.1781,  -65.5330, -81.2072, 2.4113,  0, 0, 0
L -65.5330, -81.2072, 2.4113,  -67.6364, -82.5191, 2.1447,  0, 0, 0
L -67.6364, -82.5191, 2.1447,  -68.8003, -82.8674, 1.8042,  0, 0, 0
L -68.8003, -82.8674, 1.8042,  -73.7944, -83.9217, 1.2591,  0, 0, 0
L -73.7944, -83.9217, 1.2591,  -75.2750, -84.0218, 0.9087,  0, 0, 0
L -75.2750, -84.0218, 0.9087,  -77.2140, -84.4080, 0.6574,  0, 0, 0
L -77.2140, -84.4080, 0.6574,  -77.2137, -85.6264, 0.3924,  0, 0, 0
L -77.2137, -85.6264, 0.3924,  -77.7528, -86.5239, 0.2355,  0, 0, 0
L -77.7528, -86.5239, 0.2355,  -78.6945, -87.5459, 0.0311,  0, 0, 0
L -78.6945, -87.5459, 0.0311,  -79.7859, -88.5232, 0.3848,  0, 0, 0
L -79.7859, -88.5232, 0.3848,  -81.5198, -90.0757, 0.4744,  0, 0, 0
L -81.5198, -90.0757, 0.4744,  -81.9609, -88.7404, 0.3778,  0, 0, 0
L -81.9609, -88.7404, 0.3778,  -82.6743, -86.5807, 0.0126,  0, 0, 0
L -82.6743, -86.5807, 0.0126,  -83.7379, -84.9810, 0.1847,  0, 0, 0
L -83.7379, -84.9810, 0.1847,  -85.3922, -84.1595, 1.4424,  0, 0, 0
L -85.3922, -84.1595, 1.4424,  -87.0369, -85.1199, 0.6451,  0, 0, 0
L -87.0369, -85.1199, 0.6451,  -91.7226, -87.9120, 2.1498,  0, 0, 0
L -91.7226, -87.9120, 2.1498,  -93.1276, -87.6504, 2.4541,  0, 0, 0
L -93.1276, -87.6504, 2.4541,  -95.3959, -87.3342, 3.4051,  0, 0, 0
L -95.3959, -87.3342, 3.4051,  -96.5741, -87.2533, 3.8668,  0, 0, 0
L -96.5741, -87.2533, 3.8668,  -107.0077, -86.6675, 4.3445,  0, 0, 0
L -107.0077, -86.6675, 4.3445,  -108.4311, -86.4785, 4.2953,  0, 0, 0
L -108.4311, -86.4785, 4.2953,  -118.2600, -84.7642, 3.7013,  0, 0, 0
L -118.2600, -84.7642, 3.7013,  -127.7774, -83.5102, 3.6029,  0, 0, 0
L -127.7774, -83.5102, 3.6029,  -129.0415, -83.5105, 3.6270,  0, 0, 0
L -129.0415, -83.5105, 3.6270,  -137.6895, -83.7079, 1.0929,  0, 0, 0
L -137.6895, -83.7079, 1.0929,  -139.0548, -83.8265, 0.7756,  0, 0, 0
L -139.0548, -83.8265, 0.7756,  -147.7355, -84.7356, 0.4434,  0, 0, 0
L -147.7355, -84.7356, 0.4434,  -149.1577, -86.1382, -0.0756,  0, 0, 0
L -149.1577, -86.1382, -0.0756,  -150.8342, -86.5768, -0.1379,  0, 0, 0
L -150.8342, -86.5768, -0.1379,  -153.9121, -87.1953, 0.0388,  0, 0, 0
L -153.9121, -87.1953, 0.0388,  -155.2038, -85.7654, 0.5776,  0, 0, 0
L -155.2038, -85.7654, 0.5776,  -156.2144, -84.1027, 3.7190,  0, 0, 0
L -156.2144, -84.1027, 3.7190,  -157.4874, -84.4050, 3.7130,  0, 0, 0
L -157.4874, -84.4050, 3.7130,  -160.8430, -85.2132, 3.6732,  0, 0, 0
L -160.8430, -85.2132, 3.6732,  -162.0310, -85.8733, 3.9889,  0, 0, 0
L -162.0310, -85.8733, 3.9889,  -169.5983, -90.3230, 5.0519,  0, 0, 0
L -169.5983, -90.3230, 5.0519,  -170.5211, -91.2628, 5.2340,  0, 0, 0
L -170.5211, -91.2628, 5.2340,  -172.2009, -93.0840, 5.2503,  0, 0, 0
L -172.2009, -93.0840, 5.2503,  -173.2830, -93.9674, 5.0203,  0, 0, 0
L -173.2830, -93.9674, 5.0203,  -178.9289, -98.9617, 3.7423,  0, 0, 0
L -178.9289, -98.9617, 3.7423,  -179.7819, -99.8751, 3.7105,  0, 0, 0
L -179.7819, -99.8751, 3.7105,  -180.5611, -100.8066, 3.6667,  0, 0, 0
L -180.5611, -100.8066, 3.6667,  -180.7869, -102.5572, 3.8351,  0, 0, 0
L -180.7869, -102.5572, 3.8351,  -180.4219, -108.0210, 3.1352,  0, 0, 0
L -180.4219, -108.0210, 3.1352,  -180.2601, -109.2123, 2.8964,  0, 0, 0
L -180.2601, -109.2123, 2.8964,  -179.7787, -112.7564, 2.6728,  0, 0, 0
L -179.7787, -112.7564, 2.6728,  -179.7505, -114.7029, 2.5416,  0, 0, 0
L -179.7505, -114.7029, 2.5416,  -180.2323, -117.6840, 2.9535,  0, 0, 0
L -180.2323, -117.6840, 2.9535,  -180.2538, -119.0141, 2.9951,  0, 0, 0
L -180.2538, -119.0141, 2.9951,  -180.3502, -133.8851, 0.8861,  0, 0, 0
L -180.3502, -133.8851, 0.8861,  -179.6736, -134.7252, 1.1640,  0, 0, 0
L -179.6736, -134.7252, 1.1640,  -178.9684, -135.6447, 1.1501,  0, 0, 0
L -178.9684, -135.6447, 1.1501,  -175.6419, -140.0413, 1.0093,  0, 0, 0
L -175.6419, -140.0413, 1.0093,  -174.2662, -140.8658, 0.8040,  0, 0, 0
L -174.2662, -140.8658, 0.8040,  -163.4445, -147.2453, 0.5451,  0, 0, 0
L -163.4445, -147.2453, 0.5451,  -162.1561, -147.9192, 0.6034,  0, 0, 0
L -162.1561, -147.9192, 0.6034,  -159.9276, -148.9854, 0.6815,  0, 0, 0
L -159.9276, -148.9854, 0.6815,  -158.0048, -149.2026, 1.1076,  0, 0, 0
L -158.0048, -149.2026, 1.1076,  -156.0623, -148.9145, 0.6398,  0, 0, 0
L -156.0623, -148.9145, 0.6398,  -154.7900, -147.4771, 0.0568,  0, 0, 0
L -154.7900, -147.4771, 0.0568,  -153.7835, -147.0183, -0.0564,  0, 0, 0
L -153.7835, -147.0183, -0.0564,  -152.7521, -146.8498, 0.3938,  0, 0, 0
L -152.7521, -146.8498, 0.3938,  -149.2989, -147.1190, 0.0827,  0, 0, 0
L -149.2989, -147.1190, 0.0827,  -149.0684, -147.9520, 0.2824,  0, 0, 0
L -149.0684, -147.9520, 0.2824,  -148.4438, -150.2088, 0.9677,  0, 0, 0
L -148.4438, -150.2088, 0.9677,  -147.0990, -151.2281, 2.5442,  0, 0, 0
L -147.0990, -151.2281, 2.5442,  -145.8919, -151.7328, 3.1786,  0, 0, 0
L -145.8919, -151.7328, 3.1786,  -144.3739, -153.0112, 3.6731,  0, 0, 0
L -144.3739, -153.0112, 3.6731,  -143.4897, -153.6908, 3.8150,  0, 0, 0
L -143.4897, -153.6908, 3.8150,  -142.7900, -154.7056, 3.7674,  0, 0, 0
L -142.7900, -154.7056, 3.7674,  -140.9635, -157.1352, 4.0724,  0, 0, 0
L -140.9635, -157.1352, 4.0724,  -140.2485, -158.5231, 4.4156,  0, 0, 0
L -140.2485, -158.5231, 4.4156,  -139.3994, -159.8090, 5.1680,  0, 0, 0
L -139.3994, -159.8090, 5.1680,  -137.8710, -162.1230, 5.3482,  0, 0, 0
L -137.8710, -162.1230, 5.3482,  -138.4552, -162.9314, 5.3483,  0, 0, 0
L -138.4552, -162.9314, 5.3483,  -139.3733, -164.2017, 5.7851,  0, 0, 0
L -139.3733, -164.2017, 5.7851,  -140.1841, -165.6856, 6.2704,  0, 0, 0
L -140.1841, -165.6856, 6.2704,  -140.8186, -167.4148, 6.4836,  0, 0, 0
L -140.8186, -167.4148, 6.4836,  -142.5543, -172.1457, 3.0311,  0, 0, 0
L -142.5543, -172.1457, 3.0311,  -144.3724, -172.9101, 3.0194,  0, 0, 0
L -144.3724, -172.9101, 3.0194,  -147.3224, -174.1392, 2.8662,  0, 0, 0
L -147.3224, -174.1392, 2.8662,  -148.9812, -175.7092, 2.0452,  0, 0, 0
L -148.9812, -175.7092, 2.0452,  -148.9723, -177.3666, 1.0941,  0, 0, 0
L -148.9723, -177.3666, 1.0941,  -148.9609, -179.4870, 0.2412,  0, 0, 0
L -148.9609, -179.4870, 0.2412,  -151.2774, -178.5800, 0.2419,  0, 0, 0
L -151.2774, -178.5800, 0.2419,  -154.9181, -176.9811, 0.2993,  0, 0, 0
L -154.9181, -176.9811, 0.2993,  -155.4681, -175.6670, 0.4295,  0, 0, 0
L -155.4681, -175.6670, 0.4295,  -155.9430, -174.7671, 2.6127,  0, 0, 0
L -155.9430, -174.7671, 2.6127,  -157.9651, -174.9041, 2.6459,  0, 0, 0
L -157.9651, -174.9041, 2.6459,  -174.7140, -176.3194, 4.1282,  0, 0, 0
L -174.7140, -176.3194, 4.1282,  -182.3736, -176.8829, 4.8037,  0, 0, 0
L -182.3736, -176.8829, 4.8037,  -192.1275, -176.9222, 2.8656,  0, 0, 0
L -192.1275, -176.9222, 2.8656,  -193.4345, -177.8402, 2.3580,  0, 0, 0
L -193.4345, -177.8402, 2.3580,  -194.3339, -178.4720, 2.6744,  0, 0, 0
L -194.3339, -178.4720, 2.6744,  -195.6960, -177.2081, 2.6763,  0, 0, 0
L -195.6960, -177.2081, 2.6763,  -197.6149, -177.2191, 1.9514,  0, 0, 0
L -197.6149, -177.2191, 1.9514,  -198.4319, -175.7299, 2.1236,  0, 0, 0
L -198.4319, -175.7299, 2.1236,  -199.8307, -175.3631, 2.1722,  0, 0, 0
L -199.8307, -175.3631, 2.1722,  -205.8767, -173.8128, 1.0361,  0, 0, 0
L -205.8767, -173.8128, 1.0361,  -206.9278, -173.0531, 1.0352,  0, 0, 0
L -206.9278, -173.0531, 1.0352,  -208.5330, -171.9630, 0.7354,  0, 0, 0
L -208.5330, -171.9630, 0.7354,  -210.7502, -171.1215, 0.8408,  0, 0, 0
L -210.7502, -171.1215, 0.8408,  -214.3180, -169.7672, -2.1499,  0, 0, 0
L -214.3180, -169.7672, -2.1499,  -214.9591, -169.0681, -2.0198,  0, 0, 0
L -214.9591, -169.0681, -2.0198,  -216.1071, -168.5153, -1.8358,  0, 0, 0
L -216.1071, -168.5153, -1.8358,  -217.4422, -168.5379, -2.0330,  0, 0, 0
L -217.4422, -168.5379, -2.0330,  -218.7168, -167.4175, -2.0131,  0, 0, 0
L -218.7168, -167.4175, -2.0131,  -218.6214, -165.7573, -2.0690,  0, 0, 0
L -218.6214, -165.7573, -2.0690,  -218.1830, -159.2677, -2.2370,  0, 0, 0
L -218.1830, -159.2677, -2.2370,  -217.5004, -158.1155, -2.3536,  0, 0, 0
L -217.5004, -158.1155, -2.3536,  -215.7719, -158.0519, -2.3535,  0, 0, 0
L -215.7719, -158.0519, -2.3535,  -214.4068, -157.2991, -2.4840,  0, 0, 0
L -214.4068, -157.2991, -2.4840,  -213.2472, -156.3345, -2.4726,  0, 0, 0
L -213.2472, -156.3345, -2.4726,  -210.0702, -153.8663, -1.1407,  0, 0, 0
L -210.0702, -153.8663, -1.1407,  -208.7557, -152.9698, 1.1605,  0, 0, 0
L -208.7557, -152.9698, 1.1605,  -207.1402, -152.1913, 5.0921,  0, 0, 0
L -207.1402, -152.1913, 5.0921,  -207.2331, -150.6777, 5.0172,  0, 0, 0
L -207.2331, -150.6777, 5.0172,  -207.6417, -144.0274, 4.2316,  0, 0, 0
L -207.6417, -144.0274, 4.2316,  -207.7399, -142.4278, 4.0149,  0, 0, 0
L -207.7399, -142.4278, 4.0149,  -208.1989, -134.9562, 2.2665,  0, 0, 0
L -208.1989, -134.9562, 2.2665,  -208.2939, -133.4092, 2.0726,  0, 0, 0
L -208.2939, -133.4092, 2.0726,  -208.7750, -125.5781, 0.9282,  0, 0, 0
L -208.7750, -125.5781, 0.9282,  -208.8756, -123.9405, 0.5182,  0, 0, 0
L -208.8756, -123.9405, 0.5182,  -209.1519, -120.9026, 0.7527,  0, 0, 0
L -209.1519, -120.9026, 0.7527,  -209.3851, -119.4769, 0.7750,  0, 0, 0
L -209.3851, -119.4769, 0.7750,  -209.6511, -118.0977, 0.6635,  0, 0, 0
L -209.6511, -118.0977, 0.6635,  -209.9821, -116.6447, 0.5337,  0, 0, 0
L -209.9821, -116.6447, 0.5337,  -210.7443, -114.4792, 0.3356,  0, 0, 0
L -210.7443, -114.4792, 0.3356,  -211.2622, -113.0660, 0.0605,  0, 0, 0
L -211.2622, -113.0660, 0.0605,  -212.6627, -112.0750, -1.5632,  0, 0, 0
L -212.6627, -112.0750, -1.5632,  -214.3338, -112.0673, -5.0783,  0, 0, 0
L -214.3338, -112.0673, -5.0783,  -222.6205, -111.7230, -9.2148,  0, 0, 0
L -222.6205, -111.7230, -9.2148,  -223.9043, -110.2329, -9.5200,  0, 0, 0
L -223.9043, -110.2329, -9.5200,  -224.7313, -109.3269, -9.7389,  0, 0, 0
L -224.7313, -109.3269, -9.7389,  -230.8852, -102.7661, -11.0859,  0, 0, 0
L -230.8852, -102.7661, -11.0859,  -244.1724, -88.6053, -10.8786,  0, 0, 0
L -244.1724, -88.6053, -10.8786,  -244.8188, -87.5289, -10.8272,  0, 0, 0
L -244.8188, -87.5289, -10.8272,  -245.3457, -86.3385, -10.4133,  0, 0, 0
L -245.3457, -86.3385, -10.4133,  -245.8474, -84.9600, -9.7987,  0, 0, 0
L -245.8474, -84.9600, -9.7987,  -246.2961, -83.5763, -8.9609,  0, 0, 0
L -246.2961, -83.5763, -8.9609,  -246.7988, -82.3217, -7.9255,  0, 0, 0
L -246.7988, -82.3217, -7.9255,  -247.1799, -81.2790, -6.3108,  0, 0, 0
L -247.1799, -81.2790, -6.3108,  -247.9265, -79.5868, -3.2273,  0, 0, 0
L -247.9265, -79.5868, -3.2273,  -248.8168, -78.3117, -0.8775,  0, 0, 0
L -248.8168, -78.3117, -0.8775,  -249.5899, -77.2664, 1.2798,  0, 0, 0
L -249.5899, -77.2664, 1.2798,  -250.8863, -76.2982, 3.2709,  0, 0, 0
L -250.8863, -76.2982, 3.2709,  -252.3397, -75.6625, 4.7939,  0, 0, 0
L -252.3397, -75.6625, 4.7939,  -253.6849, -75.3830, 5.4043,  0, 0, 0
L -253.6849, -75.3830, 5.4043,  -255.4396, -75.1776, 5.9695,  0, 0, 0
L -255.4396, -75.1776, 5.9695,  -264.4761, -75.9616, 5.3730,  0, 0, 0
L -264.4761, -75.9616, 5.3730,  -273.6809, -77.2885, -2.1884,  0, 0, 0
L -273.6809, -77.2885, -2.1884,  -282.9662, -78.7203, -7.7863,  0, 0, 0
L -282.9662, -78.7203, -7.7863,  -285.2428, -78.4301, -9.0898,  0, 0, 0
L -285.2428, -78.4301, -9.0898,  -287.1802, -78.0264, -9.1667,  0, 0, 0
L -287.1802, -78.0264, -9.1667,  -289.4218, -77.3290, -8.9855,  0, 0, 0
L -289.4218, -77.3290, -8.9855,  -293.1572, -75.8833, -8.6974,  0, 0, 0
L -293.1572, -75.8833, -8.6974,  -300.9232, -72.4726, -7.0304,  0, 0, 0
L -300.9232, -72.4726, -7.0304,  -308.8524, -68.8629, -5.1835,  0, 0, 0
L -308.8524, -68.8629, -5.1835,  -316.8940, -65.5578, 1.3892,  0, 0, 0
L -316.8940, -65.5578, 1.3892,  -318.6082, -65.0868, 2.5490,  0, 0, 0
L -318.6082, -65.0868, 2.5490,  -322.9305, -63.9187, 6.8766,  0, 0, 0
L -322.9305, -63.9187, 6.8766,  -324.6310, -64.4377, 8.2978,  0, 0, 0
L -324.6310, -64.4377, 8.2978,  -325.6150, -64.9481, 8.2898,  0, 0, 0
L -325.6150, -64.9481, 8.2898,  -326.5886, -65.5503, 7.8897,  0, 0, 0
L -326.5886, -65.5503, 7.8897,  -328.0117, -66.7802, 5.9461,  0, 0, 0
L -328.0117, -66.7802, 5.9461,  -328.9963, -67.7346, 4.1643,  0, 0, 0
L -328.9963, -67.7346, 4.1643,  -330.0484, -68.3423, 3.9245,  0, 0, 0
L -330.0484, -68.3423, 3.9245,  -331.4432, -68.9576, 3.3537,  0, 0, 0
L -331.4432, -68.9576, 3.3537,  -333.2303, -69.3143, 2.6731,  0, 0, 0
L -333.2303, -69.3143, 2.6731,  -339.8417, -70.4117, 3.7843,  0, 0, 0
L -339.8417, -70.4117, 3.7843,  -339.7658, -71.2029, 3.7833,  0, 0, 0
L -339.7658, -71.2029, 3.7833,  -340.1516, -84.2005, -10.0111,  0, 0, 0
L -340.1516, -84.2005, -10.0111,  -340.4612, -86.1657, -12.3119,  0, 0, 0
L -340.4612, -86.1657, -12.3119,  -341.9244, -86.3639, -12.6072,  0, 0, 0
L -341.9244, -86.3639, -12.6072,  -342.8799, -85.5269, -12.5160,  0, 0, 0
L -342.8799, -85.5269, -12.5160,  -344.7932, -83.7236, -12.0042,  0, 0, 0
L -344.7932, -83.7236, -12.0042,  -347.4808, -81.0887, -10.5313,  0, 0, 0
L -347.4808, -81.0887, -10.5313,  -349.2338, -80.8032, -9.9090,  0, 0, 0
L -349.2338, -80.8032, -9.9090,  -350.2357, -80.1658, -9.8819,  0, 0, 0
L -350.2357, -80.1658, -9.8819,  -351.1844, -79.4254, -9.7229,  0, 0, 0
L -351.1844, -79.4254, -9.7229,  -352.1840, -78.5601, -9.2895,  0, 0, 0
L -352.1840, -78.5601, -9.2895,  -357.7356, -73.8501, -1.3104,  0, 0, 0
L -357.7356, -73.8501, -1.3104,  -359.3384, -72.7057, 1.0250,  0, 0, 0
L -359.3384, -72.7057, 1.0250,  -360.4229, -72.2480, 2.3175,  0, 0, 0
L -360.4229, -72.2480, 2.3175,  -362.3588, -71.5707, 3.6902,  0, 0, 0
L -362.3588, -71.5707, 3.6902,  -363.5115, -71.2554, 4.1442,  0, 0, 0
L -363.5115, -71.2554, 4.1442,  -366.5485, -70.6723, 4.6425,  0, 0, 0
L -366.5485, -70.6723, 4.6425,  -370.1647, -70.1980, 4.8622,  0, 0, 0
L -370.1647, -70.1980, 4.8622,  -368.6873, -70.6363, 4.1759,  0, 0, 0
L -368.6873, -70.6363, 4.1759,  -367.6669, -70.7730, 4.1781,  0, 0, 0
L -367.6669, -70.7730, 4.1781,  -362.4160, -71.4247, 4.4003,  0, 0, 0
L -362.4160, -71.4247, 4.4003,  -363.2653, -71.7066, 4.4006,  0, 0, 0
L -363.2653, -71.7066, 4.4006,  -371.1098, -74.3771, -2.4981,  0, 0, 0
L -371.1098, -74.3771, -2.4981,  -371.0900, -75.8655, -4.3265,  0, 0, 0
L -371.0900, -75.8655, -4.3265,  -371.2632, -78.1937, -8.7598,  0, 0, 0
L -371.2632, -78.1937, -8.7598,  -373.0092, -79.1487, -9.9217,  0, 0, 0
L -373.0092, -79.1487, -9.9217,  -374.9679, -78.7527, -9.8284,  0, 0, 0
L -374.9679, -78.7527, -9.8284,  -378.7083, -79.0806, -10.0048,  0, 0, 0
L -378.7083, -79.0806, -10.0048,  -379.6431, -78.7790, -10.0522,  0, 0, 0
L -379.6431, -78.7790, -10.0522,  -380.6050, -78.2397, -9.9981,  0, 0, 0
L -380.6050, -78.2397, -9.9981,  -381.6787, -77.4853, -9.8831,  0, 0, 0
L -381.6787, -77.4853, -9.8831,  -382.7641, -76.6288, -9.0841,  0, 0, 0
L -382.7641, -76.6288, -9.0841,  -384.9218, -74.7758, -6.7472,  0, 0, 0
L -384.9218, -74.7758, -6.7472,  -389.9937, -70.3840, 1.2838,  0, 0, 0
L -389.9937, -70.3840, 1.2838,  -391.7689, -69.7086, 3.5325,  0, 0, 0
L -391.7689, -69.7086, 3.5325,  -393.1089, -69.4733, 4.4033,  0, 0, 0
L -393.1089, -69.4733, 4.4033,  -395.2002, -69.2466, 5.8327,  0, 0, 0
L -395.2002, -69.2466, 5.8327,  -396.5715, -70.0328, 5.6179,  0, 0, 0
L -396.5715, -70.0328, 5.6179,  -401.3130, -73.0458, 1.8674,  0, 0, 0
L -401.3130, -73.0458, 1.8674,  -409.5256, -78.5097, -2.6359,  0, 0, 0
L -409.5256, -78.5097, -2.6359,  -416.5779, -83.3780, -2.7661,  0, 0, 0
L -416.5779, -83.3780, -2.7661,  -417.7266, -84.2796, -1.5544,  0, 0, 0
L -417.7266, -84.2796, -1.5544,  -418.8082, -85.1929, -0.3499,  0, 0, 0
L -418.8082, -85.1929, -0.3499,  -419.7965, -86.1530, 0.7518,  0, 0, 0
L -419.7965, -86.1530, 0.7518,  -420.8845, -87.5804, 2.9531,  0, 0, 0
L -420.8845, -87.5804, 2.9531,  -421.7850, -89.2124, 4.9386,  0, 0, 0
L -421.7850, -89.2124, 4.9386,  -422.3793, -90.5888, 5.7216,  0, 0, 0
L -422.3793, -90.5888, 5.7216,  -422.7505, -92.5313, 6.7431,  0, 0, 0
L -422.7505, -92.5313, 6.7431,  -422.9525, -94.2809, 7.0263,  0, 0, 0
L -422.9525, -94.2809, 7.0263,  -422.8412, -96.0631, 7.0997,  0, 0, 0
L -422.8412, -96.0631, 7.0997,  -422.3295, -98.7375, 7.2218,  0, 0, 0
L -422.3295, -98.7375, 7.2218,  -421.7612, -100.7780, 6.9350,  0, 0, 0
L -421.7612, -100.7780, 6.9350,  -421.0850, -102.8024, 6.2710,  0, 0, 0
L -421.0850, -102.8024, 6.2710,  -419.5950, -104.5218, 5.1651,  0, 0, 0
L -419.5950, -104.5218, 5.1651,  -418.0165, -105.8871, 3.8114,  0, 0, 0
L -418.0165, -105.8871, 3.8114,  -416.4327, -106.9831, 2.2877,  0, 0, 0
L -416.4327, -106.9831, 2.2877,  -411.5065, -110.3918, -4.6876,  0, 0, 0
L -411.5065, -110.3918, -4.6876,  -410.1349, -111.8787, -7.8073,  0, 0, 0
L -410.1349, -111.8787, -7.8073,  -408.9739, -113.5382, -7.9703,  0, 0, 0
L -408.9739, -113.5382, -7.9703,  -407.9913, -115.2150, -7.5038,  0, 0, 0
L -407.9913, -115.2150, -7.5038,  -407.0757, -116.9662, -7.5181,  0, 0, 0
L -407.0757, -116.9662, -7.5181,  -406.4074, -115.4792, -8.3454,  0, 0, 0
L -406.4074, -115.4792, -8.3454,  -406.1733, -114.5228, -8.6950,  0, 0, 0
L -406.1733, -114.5228, -8.6950,  -405.7493, -112.6871, -9.4789,  0, 0, 0
L -405.7493, -112.6871, -9.4789,  -404.3641, -113.8095, -9.8406,  0, 0, 0
L -404.3641, -113.8095, -9.8406,  -403.3365, -115.4848, -10.3917,  0, 0, 0
L -403.3365, -115.4848, -10.3917,  -402.2992, -116.9409, -10.9168,  0, 0, 0
L -402.2992, -116.9409, -10.9168,  -401.2848, -116.8428, -11.2339,  0, 0, 0
L -401.2848, -116.8428, -11.2339,  -399.3583, -116.7108, -12.3924,  0, 0, 0
L -399.3583, -116.7108, -12.3924,  -398.5535, -117.5547, -12.4358,  0, 0, 0
L -398.5535, -117.5547, -12.4358,  -397.7091, -118.9666, -12.3193,  0, 0, 0
L -397.7091, -118.9666, -12.3193,  -396.9312, -120.7281, -12.1034,  0, 0, 0
L -396.9312, -120.7281, -12.1034,  -395.7349, -123.4361, -12.3775,  0, 0, 0
L -395.7349, -123.4361, -12.3775,  -396.0373, -124.1923, -12.3780,  0, 0, 0
L -396.0373, -124.1923, -12.3780,  -396.4541, -125.4192, -12.3388,  0, 0, 0
L -396.4541, -125.4192, -12.3388,  -396.8791, -127.0013, -12.2112,  0, 0, 0
L -396.8791, -127.0013, -12.2112,  -397.3123, -128.8259, -12.0787,  0, 0, 0
L -397.3123, -128.8259, -12.0787,  -397.7020, -130.5862, -11.9976,  0, 0, 0
L -397.7020, -130.5862, -11.9976,  -398.1436, -132.6652, -11.9417,  0, 0, 0
L -398.1436, -132.6652, -11.9417,  -398.5590, -134.6711, -11.8814,  0, 0, 0
L -398.5590, -134.6711, -11.8814,  -398.9744, -136.7077, -11.8539,  0, 0, 0
L -398.9744, -136.7077, -11.8539,  -400.0873, -142.2169, -12.0800,  0, 0, 0
L -400.0873, -142.2169, -12.0800,  -400.0584, -143.0439, -12.0823,  0, 0, 0
L -400.0584, -143.0439, -12.0823,  -399.6869, -145.9053, -12.0322,  0, 0, 0
L -399.6869, -145.9053, -12.0322,  -399.3396, -147.7605, -11.8881,  0, 0, 0
L -399.3396, -147.7605, -11.8881,  -398.9723, -149.5737, -11.7770,  0, 0, 0
L -398.9723, -149.5737, -11.7770,  -398.5664, -151.4943, -11.6682,  0, 0, 0
L -398.5664, -151.4943, -11.6682,  -398.1243, -153.5849, -11.5528,  0, 0, 0
L -398.1243, -153.5849, -11.5528,  -397.7214, -155.5816, -11.4271,  0, 0, 0
L -397.7214, -155.5816, -11.4271,  -397.3394, -157.6889, -11.3950,  0, 0, 0
L -397.3394, -157.6889, -11.3950,  -397.0309, -159.6856, -11.3852,  0, 0, 0
L -397.0309, -159.6856, -11.3852,  -396.8005, -161.6977, -11.3763,  0, 0, 0
L -396.8005, -161.6977, -11.3763,  -397.2282, -170.3129, -11.9784,  0, 0, 0
L -397.2282, -170.3129, -11.9784,  -397.4898, -171.8782, -12.0793,  0, 0, 0
L -397.4898, -171.8782, -12.0793,  -397.9861, -176.1429, -12.2806,  0, 0, 0
L -397.9861, -176.1429, -12.2806,  -398.0869, -177.7830, -12.4207,  0, 0, 0
L -398.0869, -177.7830, -12.4207,  -398.4605, -183.8650, -13.0664,  0, 0, 0
L -398.4605, -183.8650, -13.0664,  -398.5915, -185.9961, -13.3592,  0, 0, 0
L -398.5915, -185.9961, -13.3592,  -398.3576, -193.0447, -12.0549,  0, 0, 0
L -398.3576, -193.0447, -12.0549,  -398.0363, -194.5707, -11.3509,  0, 0, 0
L -398.0363, -194.5707, -11.3509,  -397.7424, -196.2472, -10.8880,  0, 0, 0
L -397.7424, -196.2472, -10.8880,  -397.7215, -205.8991, -12.6491,  0, 0, 0
L -397.7215, -205.8991, -12.6491,  -399.3544, -205.6977, -12.6590,  0, 0, 0
L -399.3544, -205.6977, -12.6590,  -409.2164, -204.6111, -13.3437,  0, 0, 0
L -409.2164, -204.6111, -13.3437,  -410.8827, -204.5414, -13.4745,  0, 0, 0
L -410.8827, -204.5414, -13.4745,  -415.4540, -204.7505, -12.1391,  0, 0, 0
L -415.4540, -204.7505, -12.1391,  -416.8736, -204.9882, -11.4937,  0, 0, 0
L -416.8736, -204.9882, -11.4937,  -417.5899, -206.4637, -9.3359,  0, 0, 0
L -417.5899, -206.4637, -9.3359,  -417.7126, -207.5897, -9.1496,  0, 0, 0
L -417.7126, -207.5897, -9.1496,  -417.2706, -219.8916, -6.4381,  0, 0, 0
L -417.2706, -219.8916, -6.4381,  -417.1592, -221.7776, -6.2585,  0, 0, 0
L -417.1592, -221.7776, -6.2585,  -416.7072, -229.2345, -5.4117,  0, 0, 0
L -416.7072, -229.2345, -5.4117,  -416.5827, -231.2690, -4.9318,  0, 0, 0
L -416.5827, -231.2690, -4.9318,  -416.1263, -238.7034, -3.6029,  0, 0, 0
L -416.1263, -238.7034, -3.6029,  -416.0067, -240.6510, -3.4174,  0, 0, 0
L -416.0067, -240.6510, -3.4174,  -415.5497, -248.0874, -2.8908,  0, 0, 0
L -415.5497, -248.0874, -2.8908,  -415.4382, -249.9023, -2.8661,  0, 0, 0
L -415.4382, -249.9023, -2.8661,  -414.9618, -256.5363, -2.6925,  0, 0, 0
L -414.9618, -256.5363, -2.6925,  -414.7918, -258.0782, -2.5845,  0, 0, 0
L -414.7918, -258.0782, -2.5845,  -414.5531, -259.7443, -2.4991,  0, 0, 0
L -414.5531, -259.7443, -2.4991,  -414.2663, -261.3114, -2.4489,  0, 0, 0
L -414.2663, -261.3114, -2.4489,  -413.9063, -262.8616, -2.4493,  0, 0, 0
L -413.9063, -262.8616, -2.4493,  -413.5025, -264.2617, -2.4696,  0, 0, 0
L -413.5025, -264.2617, -2.4696,  -412.8672, -265.9994, -2.4185,  0, 0, 0
L -412.8672, -265.9994, -2.4185,  -412.1223, -267.7909, -2.4541,  0, 0, 0
L -412.1223, -267.7909, -2.4541,  -411.3999, -269.4029, -2.6551,  0, 0, 0
L -411.3999, -269.4029, -2.6551,  -410.6868, -270.9245, -2.8837,  0, 0, 0
L -410.6868, -270.9245, -2.8837,  -409.8994, -272.5596, -2.9665,  0, 0, 0
L -409.8994, -272.5596, -2.9665,  -409.2506, -273.8691, -2.8543,  0, 0, 0
L -409.2506, -273.8691, -2.8543,  -408.5864, -275.1715, -2.7930,  0, 0, 0
L -408.5864, -275.1715, -2.7930,  -407.9008, -276.4630, -2.7302,  0, 0, 0
L -407.9008, -276.4630, -2.7302,  -407.2332, -277.6633, -2.5343,  0, 0, 0
L -407.2332, -277.6633, -2.5343,  -406.4615, -278.9562, -2.2268,  0, 0, 0
L -406.4615, -278.9562, -2.2268,  -405.6423, -280.2185, -1.8790,  0, 0, 0
L -405.6423, -280.2185, -1.8790,  -404.7921, -281.4040, -1.5014,  0, 0, 0
L -404.7921, -281.4040, -1.5014,  -403.9342, -282.5297, -1.0950,  0, 0, 0
L -403.9342, -282.5297, -1.0950,  -403.0280, -283.6751, -0.7346,  0, 0, 0
L -403.0280, -283.6751, -0.7346,  -402.0096, -284.2784, 0.1865,  0, 0, 0
L -402.0096, -284.2784, 0.1865,  -400.2862, -285.2091, 2.1370,  0, 0, 0
L -400.2862, -285.2091, 2.1370,  -399.0373, -285.4741, 2.8883,  0, 0, 0
L -399.0373, -285.4741, 2.8883,  -389.5385, -287.1158, 2.0647,  0, 0, 0
L -389.5385, -287.1158, 2.0647,  -389.4689, -286.2180, 2.0657,  0, 0, 0
L -389.4689, -286.2180, 2.0657,  -389.0050, -281.2361, 0.8582,  0, 0, 0
L -389.0050, -281.2361, 0.8582,  -386.5783, -280.5696, 0.8595,  0, 0, 0
L -386.5783, -280.5696, 0.8595,  -380.5013, -278.9590, -0.3996,  0, 0, 0
L -380.5013, -278.9590, -0.3996,  -376.4024, -278.0235, -0.9834,  0, 0, 0
L -376.4024, -278.0235, -0.9834,  -375.2023, -276.0579, -3.0843,  0, 0, 0
L -375.2023, -276.0579, -3.0843,  -373.8417, -273.8299, -4.5516,  0, 0, 0
L -373.8417, -273.8299, -4.5516,  -371.3467, -273.6692, -4.5560,  0, 0, 0
L -371.3467, -273.6692, -4.5560,  -363.3825, -273.0435, -8.6445,  0, 0, 0
L -363.3825, -273.0435, -8.6445,  -362.0051, -272.3651, -11.1856,  0, 0, 0
L -362.0051, -272.3651, -11.1856,  -361.0464, -272.4912, -11.4139,  0, 0, 0
L -361.0464, -272.4912, -11.4139,  -359.8713, -272.4853, -11.8573,  0, 0, 0
L -359.8713, -272.4853, -11.8573,  -354.1324, -272.7172, -12.2235,  0, 0, 0
L -354.1324, -272.7172, -12.2235,  -352.2762, -272.9980, -12.2700,  0, 0, 0
L -352.2762, -272.9980, -12.2700,  -352.4048, -274.5394, -12.2522,  0, 0, 0
L -352.4048, -274.5394, -12.2522,  -352.9604, -275.6103, -12.1750,  0, 0, 0
L -352.9604, -275.6103, -12.1750,  -354.2113, -278.0215, -11.9131,  0, 0, 0
L -354.2113, -278.0215, -11.9131,  -354.4502, -279.3159, -11.7713,  0, 0, 0
L -354.4502, -279.3159, -11.7713,  -354.0449, -286.0909, -8.6183,  0, 0, 0
L -354.0449, -286.0909, -8.6183,  -353.3490, -286.9178, -8.8715,  0, 0, 0
L -353.3490, -286.9178, -8.8715,  -349.1013, -292.1593, -10.0510,  0, 0, 0
L -349.1013, -292.1593, -10.0510,  -348.9050, -293.3934, -9.6356,  0, 0, 0
L -348.9050, -293.3934, -9.6356,  -349.3108, -299.4987, -9.7391,  0, 0, 0
L -349.3108, -299.4987, -9.7391,  -349.5037, -300.9296, -9.6507,  0, 0, 0
L -349.5037, -300.9296, -9.6507,  -349.9061, -306.8646, -8.2147,  0, 0, 0
L -349.9061, -306.8646, -8.2147,  -350.1143, -308.2971, -7.9182,  0, 0, 0
L -350.1143, -308.2971, -7.9182,  -350.5717, -311.1711, -7.6028,  0, 0, 0
L -350.5717, -311.1711, -7.6028,  -350.8116, -312.6106, -7.4259,  0, 0, 0
L -350.8116, -312.6106, -7.4259,  -351.3034, -318.4594, -7.5705,  0, 0, 0
L -351.3034, -318.4594, -7.5705,  -351.3969, -319.8219, -7.8493,  0, 0, 0
L -351.3969, -319.8219, -7.8493,  -351.1205, -333.3520, -11.6620,  0, 0, 0
L -351.1205, -333.3520, -11.6620,  -349.7231, -334.2891, -12.0704,  0, 0, 0
L -349.7231, -334.2891, -12.0704,  -348.8569, -335.0906, -12.3720,  0, 0, 0
L -348.8569, -335.0906, -12.3720,  -348.5078, -336.0827, -12.3113,  0, 0, 0
L -348.5078, -336.0827, -12.3113,  -348.2272, -337.2648, -11.9224,  0, 0, 0
L -348.2272, -337.2648, -11.9224,  -347.9965, -338.5272, -11.9316,  0, 0, 0
L -347.9965, -338.5272, -11.9316,  -347.6090, -341.1991, -12.4315,  0, 0, 0
L -347.6090, -341.1991, -12.4315,  -347.4200, -342.6920, -12.3149,  0, 0, 0
L -347.4200, -342.6920, -12.3149,  -347.0649, -345.6841, -11.7189,  0, 0, 0
L -347.0649, -345.6841, -11.7189,  -346.9045, -347.0834, -11.2168,  0, 0, 0
L -346.9045, -347.0834, -11.2168,  -346.4104, -351.4763, -10.0820,  0, 0, 0
L -346.4104, -351.4763, -10.0820,  -346.2436, -352.9730, -9.8040,  0, 0, 0
L -346.2436, -352.9730, -9.8040,  -346.2524, -357.3295, -9.6417,  0, 0, 0
L -346.2524, -357.3295, -9.6417,  -346.8147, -357.9499, -9.3341,  0, 0, 0
L -346.8147, -357.9499, -9.3341,  -348.4521, -359.7566, -8.3674,  0, 0, 0
L -348.4521, -359.7566, -8.3674,  -349.0851, -360.9027, -7.7489,  0, 0, 0
L -349.0851, -360.9027, -7.7489,  -349.2987, -361.9050, -7.3495,  0, 0, 0
L -349.2987, -361.9050, -7.3495,  -349.7415, -364.1844, -7.0308,  0, 0, 0
L -349.7415, -364.1844, -7.0308,  -349.9652, -365.3316, -6.8203,  0, 0, 0
L -349.9652, -365.3316, -6.8203,  -350.3889, -367.6349, -6.8731,  0, 0, 0
L -350.3889, -367.6349, -6.8731,  -350.6192, -368.8338, -7.1319,  0, 0, 0
L -350.6192, -368.8338, -7.1319,  -351.0518, -371.2245, -7.4907,  0, 0, 0
L -351.0518, -371.2245, -7.4907,  -351.2658, -372.4145, -7.5686,  0, 0, 0
L -351.2658, -372.4145, -7.5686,  -351.4751, -373.5766, -7.6439,  0, 0, 0
L -351.4751, -373.5766, -7.6439,  -351.9413, -374.7010, -7.8793,  0, 0, 0
L -351.9413, -374.7010, -7.8793,  -352.3524, -375.9253, -8.2814,  0, 0, 0
L -352.3524, -375.9253, -8.2814,  -353.2460, -378.1843, -8.7318,  0, 0, 0
L -353.2460, -378.1843, -8.7318,  -353.6823, -379.5338, -8.7437,  0, 0, 0
L -353.6823, -379.5338, -8.7437,  -354.0922, -380.7924, -8.9373,  0, 0, 0
L -354.0922, -380.7924, -8.9373,  -354.7677, -382.0145, -9.3287,  0, 0, 0
L -354.7677, -382.0145, -9.3287,  -355.4364, -383.2244, -9.9101,  0, 0, 0
L -355.4364, -383.2244, -9.9101,  -356.2706, -384.3283, -10.6523,  0, 0, 0
L -356.2706, -384.3283, -10.6523,  -357.2661, -385.3966, -11.4267,  0, 0, 0
L -357.2661, -385.3966, -11.4267,  -358.3948, -386.5930, -11.3679,  0, 0, 0
L -358.3948, -386.5930, -11.3679,  -359.6003, -387.6066, -11.4218,  0, 0, 0
L -359.6003, -387.6066, -11.4218,  -361.8891, -389.5309, -11.5931,  0, 0, 0
L -361.8891, -389.5309, -11.5931,  -363.5826, -390.0928, -11.5708,  0, 0, 0
L -363.5826, -390.0928, -11.5708,  -367.9486, -391.6092, -11.5504,  0, 0, 0
L -367.9486, -391.6092, -11.5504,  -369.2314, -392.6524, -11.5169,  0, 0, 0
L -369.2314, -392.6524, -11.5169,  -372.1165, -394.8974, -10.8792,  0, 0, 0
L -372.1165, -394.8974, -10.8792,  -373.6855, -395.7670, -10.1380,  0, 0, 0
L -373.6855, -395.7670, -10.1380,  -375.5058, -396.5408, -9.4615,  0, 0, 0
L -375.5058, -396.5408, -9.4615,  -377.5066, -397.2067, -9.4561,  0, 0, 0
L -377.5066, -397.2067, -9.4561,  -379.9547, -397.8300, -9.6857,  0, 0, 0
L -379.9547, -397.8300, -9.6857,  -388.2776, -399.2808, -12.8687,  0, 0, 0
L -388.2776, -399.2808, -12.8687,  -388.3301, -397.8527, -12.8687,  0, 0, 0
L -388.3301, -397.8527, -12.8687,  -388.5566, -392.6888, -11.5705,  0, 0, 0
L -388.5566, -392.6888, -11.5705,  -389.3923, -392.4685, -11.5708,  0, 0, 0
L -389.3923, -392.4685, -11.5708,  -390.7477, -392.2400, -11.4072,  0, 0, 0
L -390.7477, -392.2400, -11.4072,  -398.4527, -391.3972, -9.2132,  0, 0, 0
L -398.4527, -391.3972, -9.2132,  -406.8589, -392.2959, -7.4526,  0, 0, 0
L -406.8589, -392.2959, -7.4526,  -416.4670, -393.3185, -6.7997,  0, 0, 0
L -416.4670, -393.3185, -6.7997,  -418.9944, -393.3652, -6.9252,  0, 0, 0
L -418.9944, -393.3652, -6.9252,  -425.6595, -393.3374, -9.0660,  0, 0, 0
L -425.6595, -393.3374, -9.0660,  -426.6332, -393.9404, -9.2234,  0, 0, 0
L -426.6332, -393.9404, -9.2234,  -428.0997, -393.9939, -9.6126,  0, 0, 0
L -428.0997, -393.9939, -9.6126,  -429.9164, -393.7300, -9.4456,  0, 0, 0
L -429.9164, -393.7300, -9.4456,  -431.8807, -393.2839, -9.9245,  0, 0, 0
L -431.8807, -393.2839, -9.9245,  -437.3086, -391.8185, -10.5216,  0, 0, 0
L -437.3086, -391.8185, -10.5216,  -438.0022, -391.3561, -10.5218,  0, 0, 0
L -438.0022, -391.3561, -10.5218,  -442.2448, -388.5224, -10.3111,  0, 0, 0
L -442.2448, -388.5224, -10.3111,  -443.6598, -388.1128, -9.7681,  0, 0, 0
L -443.6598, -388.1128, -9.7681,  -444.7893, -387.7787, -9.4178,  0, 0, 0
L -444.7893, -387.7787, -9.4178,  -446.0533, -387.6221, -8.9318,  0, 0, 0
L -446.0533, -387.6221, -8.9318,  -448.8462, -387.2745, -8.9232,  0, 0, 0
L -448.8462, -387.2745, -8.9232,  -450.3554, -386.7553, -9.2506,  0, 0, 0
L -450.3554, -386.7553, -9.2506,  -455.9998, -384.8128, -14.2756,  0, 0, 0
L -455.9998, -384.8128, -14.2756,  -456.6505, -383.3461, -13.5884,  0, 0, 0
L -456.6505, -383.3461, -13.5884,  -460.1029, -375.5565, -7.6187,  0, 0, 0
L -460.1029, -375.5565, -7.6187,  -461.2697, -373.9450, -7.3403,  0, 0, 0
L -461.2697, -373.9450, -7.3403,  -461.5695, -372.6700, -7.7818,  0, 0, 0
L -461.5695, -372.6700, -7.7818,  -462.0107, -367.1395, -7.6947,  0, 0, 0
L -462.0107, -367.1395, -7.6947,  -462.0934, -365.7760, -8.2489,  0, 0, 0
L -462.0934, -365.7760, -8.2489,  -462.5197, -359.0940, -10.9092,  0, 0, 0
L -462.5197, -359.0940, -10.9092,  -463.0588, -357.3837, -5.9932,  0, 0, 0
L -463.0588, -357.3837, -5.9932,  -464.8080, -357.2113, -5.9553,  0, 0, 0
L -464.8080, -357.2113, -5.9553,  -474.4776, -356.6622, -5.8218,  0, 0, 0
L -474.4776, -356.6622, -5.8218,  -482.9733, -356.6484, -5.7337,  0, 0, 0
L -482.9733, -356.6484, -5.7337,  -492.7980, -356.9024, -6.2335,  0, 0, 0
L -492.7980, -356.9024, -6.2335,  -494.4520, -357.0576, -6.2302,  0, 0, 0
L -494.4520, -357.0576, -6.2302,  -503.6042, -358.0494, -6.6589,  0, 0, 0
L -503.6042, -358.0494, -6.6589,  -508.0155, -358.7502, -6.8880,  0, 0, 0
L -508.0155, -358.7502, -6.8880,  -509.5586, -359.3227, -6.9916,  0, 0, 0
L -509.5586, -359.3227, -6.9916,  -511.1347, -360.0777, -7.0709,  0, 0, 0
L -511.1347, -360.0777, -7.0709,  -512.5787, -360.7808, -6.8960,  0, 0, 0
L -512.5787, -360.7808, -6.8960,  -513.5853, -361.6362, -5.8927,  0, 0, 0
L -513.5853, -361.6362, -5.8927,  -513.4009, -363.3258, -6.8707,  0, 0, 0
L -513.4009, -363.3258, -6.8707,  -513.6948, -378.7328, -9.1457,  0, 0, 0
L -513.6948, -378.7328, -9.1457,  -514.0077, -380.4326, -9.4118,  0, 0, 0
L -514.0077, -380.4326, -9.4118,  -514.6390, -383.8628, -10.7840,  0, 0, 0
L -514.6390, -383.8628, -10.7840,  -514.7205, -385.6193, -11.8460,  0, 0, 0
L -514.7205, -385.6193, -11.8460,  -514.0029, -387.2164, -12.8948,  0, 0, 0
L -514.0029, -387.2164, -12.8948,  -513.4630, -388.5805, -12.7191,  0, 0, 0
L -513.4630, -388.5805, -12.7191,  -513.2584, -390.1587, -12.5966,  0, 0, 0
L -513.2584, -390.1587, -12.5966,  -513.5057, -393.4947, -11.2837,  0, 0, 0
L -513.5057, -393.4947, -11.2837,  -513.8161, -395.1183, -10.6918,  0, 0, 0
L -513.8161, -395.1183, -10.6918,  -514.2211, -396.7463, -10.2136,  0, 0, 0
L -514.2211, -396.7463, -10.2136,  -514.7023, -398.3245, -9.7988,  0, 0, 0
L -514.7023, -398.3245, -9.7988,  -515.2662, -399.8854, -9.4580,  0, 0, 0
L -515.2662, -399.8854, -9.4580,  -515.9142, -401.5171, -9.2036,  0, 0, 0
L -515.9142, -401.5171, -9.2036,  -516.5621, -403.0605, -8.9778,  0, 0, 0
L -516.5621, -403.0605, -8.9778,  -518.3099, -407.0889, -6.6945,  0, 0, 0
L -518.3099, -407.0889, -6.6945,  -519.8337, -406.9952, -6.8468,  0, 0, 0
L -519.8337, -406.9952, -6.8468,  -526.3367, -406.2915, -3.2551,  0, 0, 0
L -526.3367, -406.2915, -3.2551,  -525.7310, -407.9032, -4.9788,  0, 0, 0
L -525.7310, -407.9032, -4.9788,  -525.6029, -409.0653, -4.8790,  0, 0, 0
L -525.6029, -409.0653, -4.8790,  -525.3677, -410.3139, -4.8101,  0, 0, 0
L -525.3677, -410.3139, -4.8101,  -524.9722, -411.7316, -4.7095,  0, 0, 0
L -524.9722, -411.7316, -4.7095,  -524.4243, -413.3829, -4.5602,  0, 0, 0
L -524.4243, -413.3829, -4.5602,  -523.8871, -414.8604, -4.3624,  0, 0, 0
L -523.8871, -414.8604, -4.3624,  -523.3314, -416.3120, -4.2003,  0, 0, 0
L -523.3314, -416.3120, -4.2003,  -522.7229, -417.8535, -4.1156,  0, 0, 0
L -522.7229, -417.8535, -4.1156,  -520.7999, -422.5868, -5.2414,  0, 0, 0
L -520.7999, -422.5868, -5.2414,  -517.1305, -431.4715, -7.2572,  0, 0, 0
L -517.1305, -431.4715, -7.2572,  -514.8644, -436.9437, -9.0426,  0, 0, 0
L -514.8644, -436.9437, -9.0426,  -514.1176, -438.2363, -8.8723,  0, 0, 0
L -514.1176, -438.2363, -8.8723,  -513.4009, -439.5195, -8.8430,  0, 0, 0
L -513.4009, -439.5195, -8.8430,  -512.3624, -441.0058, -8.7130,  0, 0, 0
L -512.3624, -441.0058, -8.7130,  -511.5699, -442.1363, -8.7111,  0, 0, 0
L -511.5699, -442.1363, -8.7111,  -510.5723, -443.2079, -8.4087,  0, 0, 0
L -510.5723, -443.2079, -8.4087,  -509.6373, -444.1265, -8.2422,  0, 0, 0
L -509.6373, -444.1265, -8.2422,  -508.5843, -445.0498, -8.1819,  0, 0, 0
L -508.5843, -445.0498, -8.1819,  -507.5702, -445.8686, -8.2202,  0, 0, 0
L -507.5702, -445.8686, -8.2202,  -505.9140, -446.1461, -6.1291,  0, 0, 0
L -505.9140, -446.1461, -6.1291,  -498.5199, -445.7863, -4.7679,  0, 0, 0
L -498.5199, -445.7863, -4.7679,  -497.5727, -444.6424, -5.0485,  0, 0, 0
L -497.5727, -444.6424, -5.0485,  -492.5240, -438.5457, -12.7974,  0, 0, 0
L -492.5240, -438.5457, -12.7974,  -490.8084, -438.4396, -12.7849,  0, 0, 0
L -490.8084, -438.4396, -12.7849,  -479.4595, -437.8010, -12.6781,  0, 0, 0
L -479.4595, -437.8010, -12.6781,  -471.0850, -438.0668, -12.8380,  0, 0, 0
L -471.0850, -438.0668, -12.8380,  -461.4022, -438.7459, -12.7807,  0, 0, 0
L -461.4022, -438.7459, -12.7807,  -454.9126, -439.2939, -12.6795,  0, 0, 0
L -454.9126, -439.2939, -12.6795,  -453.6791, -439.8771, -11.9439,  0, 0, 0
L -453.6791, -439.8771, -11.9439,  -452.5339, -440.2784, -10.4609,  0, 0, 0
L -452.5339, -440.2784, -10.4609,  -449.7494, -441.1237, -9.1283,  0, 0, 0
L -449.7494, -441.1237, -9.1283,  -448.8157, -441.8778, -8.4376,  0, 0, 0
L -448.8157, -441.8778, -8.4376,  -447.7191, -443.4842, -6.0839,  0, 0, 0
L -447.7191, -443.4842, -6.0839,  -447.7620, -442.3741, -5.0910,  0, 0, 0
L -447.7620, -442.3741, -5.0910,  -448.2581, -440.0533, -5.6341,  0, 0, 0
L -448.2581, -440.0533, -5.6341,  -448.3051, -438.4280, -4.3549,  0, 0, 0
L -448.3051, -438.4280, -4.3549,  -448.7400, -434.3425, -4.0615,  0, 0, 0
L -448.7400, -434.3425, -4.0615,  -448.9718, -433.0294, -4.1249,  0, 0, 0
L -448.9718, -433.0294, -4.1249,  -449.6019, -431.3550, -4.1327,  0, 0, 0
L -449.6019, -431.3550, -4.1327,  -450.8414, -429.9346, -3.4762,  0, 0, 0
L -450.8414, -429.9346, -3.4762,  -451.2684, -431.8065, -4.2455,  0, 0, 0
L -451.2684, -431.8065, -4.2455,  -452.0140, -430.0896, -4.3857,  0, 0, 0
L -452.0140, -430.0896, -4.3857,  -453.8802, -429.8882, -4.4200,  0, 0, 0
L -453.8802, -429.8882, -4.4200,  -455.4230, -429.3624, -4.9349,  0, 0, 0
L -455.4230, -429.3624, -4.9349,  -466.8399, -425.4705, -16.8497,  0, 0, 0
L -466.8399, -425.4705, -16.8497,  -465.5814, -424.3009, -16.9174,  0, 0, 0
L -465.5814, -424.3009, -16.9174,  -454.4215, -413.9874, -14.2823,  0, 0, 0
L -454.4215, -413.9874, -14.2823,  -447.6538, -407.9182, -12.6351,  0, 0, 0
L -447.6538, -407.9182, -12.6351,  -444.1667, -404.8981, -15.7652,  0, 0, 0
L -444.1667, -404.8981, -15.7652,  -443.9017, -406.5451, -15.6791,  0, 0, 0
L -443.9017, -406.5451, -15.6791,  -443.4659, -409.2533, -15.3598,  0, 0, 0
L -443.4659, -409.2533, -15.3598,  -443.2429, -410.6393, -15.1506,  0, 0, 0
L -443.2429, -410.6393, -15.1506,  -442.7738, -413.5545, -14.7462,  0, 0, 0
L -442.7738, -413.5545, -14.7462,  -442.3289, -414.8662, -13.1269,  0, 0, 0
L -442.3289, -414.8662, -13.1269,  -441.2383, -415.8438, -10.5911,  0, 0, 0
L -441.2383, -415.8438, -10.5911,  -440.0517, -415.8270, -10.8975,  0, 0, 0
L -440.0517, -415.8270, -10.8975,  -438.8618, -415.6289, -10.9960,  0, 0, 0
L -438.8618, -415.6289, -10.9960,  -437.1954, -414.5868, -8.2546,  0, 0, 0
L -437.1954, -414.5868, -8.2546,  -435.1706, -413.1312, -8.8097,  0, 0, 0
L -435.1706, -413.1312, -8.8097,  -433.9537, -412.5530, -9.0617,  0, 0, 0
L -433.9537, -412.5530, -9.0617,  -432.7448, -411.7798, -8.9645,  0, 0, 0
L -432.7448, -411.7798, -8.9645,  -431.5398, -410.9557, -9.0470,  0, 0, 0
L -431.5398, -410.9557, -9.0470,  -430.8702, -409.1662, -9.9647,  0, 0, 0
L -430.8702, -409.1662, -9.9647,  -430.1740, -407.9471, -10.2124,  0, 0, 0
L -430.1740, -407.9471, -10.2124,  -429.2762, -407.2358, -10.1263,  0, 0, 0
L -429.2762, -407.2358, -10.1263,  -426.2296, -404.8694, -9.9289,  0, 0, 0
L -426.2296, -404.8694, -9.9289,  -424.9283, -405.4848, -10.1022,  0, 0, 0
L -424.9283, -405.4848, -10.1022,  -414.1898, -410.5631, -6.5525,  0, 0, 0
L -414.1898, -410.5631, -6.5525,  -412.7686, -410.7519, -6.5436,  0, 0, 0
L -412.7686, -410.7519, -6.5436,  -403.1707, -411.4461, -7.9990,  0, 0, 0
L -403.1707, -411.4461, -7.9990,  -393.5902, -411.7573, -9.7393,  0, 0, 0
L -393.5902, -411.7573, -9.7393,  -388.5494, -411.5800, -10.4298,  0, 0, 0
L -388.5494, -411.5800, -10.4298,  -388.3852, -409.6340, -11.7360,  0, 0, 0
L -388.3852, -409.6340, -11.7360,  -387.0716, -408.2592, -12.3075,  0, 0, 0
L -387.0716, -408.2592, -12.3075,  -385.8041, -408.8413, -11.9119,  0, 0, 0
L -385.8041, -408.8413, -11.9119,  -384.0070, -409.1258, -11.8504,  0, 0, 0
L -384.0070, -409.1258, -11.8504,  -382.9871, -409.1178, -11.9609,  0, 0, 0
L -382.9871, -409.1178, -11.9609,  -381.8754, -409.4500, -12.2499,  0, 0, 0
L -381.8754, -409.4500, -12.2499,  -380.7821, -409.9786, -12.2060,  0, 0, 0
L -380.7821, -409.9786, -12.2060,  -378.6631, -411.2055, -11.7855,  0, 0, 0
L -378.6631, -411.2055, -11.7855,  -377.4091, -411.3960, -11.5163,  0, 0, 0
L -377.4091, -411.3960, -11.5163,  -372.0883, -411.9322, -10.8421,  0, 0, 0
L -372.0883, -411.9322, -10.8421,  -368.4742, -411.4537, -11.0927,  0, 0, 0
L -368.4742, -411.4537, -11.0927,  -367.2518, -411.0912, -11.4203,  0, 0, 0
L -367.2518, -411.0912, -11.4203,  -363.6310, -409.7652, -11.7471,  0, 0, 0
L -363.6310, -409.7652, -11.7471,  -354.9380, -406.2173, -11.8047,  0, 0, 0
L -354.9380, -406.2173, -11.8047,  -348.7211, -403.5422, -11.2758,  0, 0, 0
L -348.7211, -403.5422, -11.2758,  -347.7549, -402.8028, -10.8997,  0, 0, 0
L -347.7549, -402.8028, -10.8997,  -345.8278, -401.2048, -10.5179,  0, 0, 0
L -345.8278, -401.2048, -10.5179,  -345.0534, -400.1935, -10.4564,  0, 0, 0
L -345.0534, -400.1935, -10.4564,  -344.4358, -399.1731, -10.4959,  0, 0, 0
L -344.4358, -399.1731, -10.4959,  -341.5595, -394.3146, -10.7265,  0, 0, 0
L -341.5595, -394.3146, -10.7265,  -340.9850, -392.3713, -11.0120,  0, 0, 0
L -340.9850, -392.3713, -11.0120,  -340.4788, -390.7046, -11.4102,  0, 0, 0
L -340.4788, -390.7046, -11.4102,  -339.8800, -388.1955, -11.5735,  0, 0, 0
L -339.8800, -388.1955, -11.5735,  -338.7814, -382.6824, -12.0058,  0, 0, 0
L -338.7814, -382.6824, -12.0058,  -337.6408, -376.1714, -12.0765,  0, 0, 0
L -337.6408, -376.1714, -12.0765,  -337.2563, -373.7730, -10.5486,  0, 0, 0
L -337.2563, -373.7730, -10.5486,  -336.8533, -371.1051, -10.5534,  0, 0, 0
L -336.8533, -371.1051, -10.5534,  -336.5030, -368.6953, -10.3747,  0, 0, 0
L -336.5030, -368.6953, -10.3747,  -335.5670, -362.3060, -10.5752,  0, 0, 0
L -335.5670, -362.3060, -10.5752,  -335.2278, -361.3223, -10.5994,  0, 0, 0
L -335.2278, -361.3223, -10.5994,  -332.5999, -353.7289, -11.7655,  0, 0, 0
L -332.5999, -353.7289, -11.7655,  -331.9442, -351.5700, -11.7762,  0, 0, 0
L -331.9442, -351.5700, -11.7762,  -331.5224, -349.1575, -11.5145,  0, 0, 0
L -331.5224, -349.1575, -11.5145,  -331.8332, -339.8889, -11.6422,  0, 0, 0
L -331.8332, -339.8889, -11.6422,  -333.5295, -339.8961, -12.0915,  0, 0, 0
L -333.5295, -339.8961, -12.0915,  -334.5656, -338.4504, -12.2007,  0, 0, 0
L -334.5656, -338.4504, -12.2007,  -335.3663, -336.7685, -12.1818,  0, 0, 0
L -335.3663, -336.7685, -12.1818,  -336.8287, -333.6953, -12.8687,  0, 0, 0
L -336.8287, -333.6953, -12.8687,  -335.5173, -333.1708, -12.8687,  0, 0, 0
L -335.5173, -333.1708, -12.8687,  -332.0029, -331.7653, -11.5704,  0, 0, 0
L -332.0029, -331.7653, -11.5704,  -331.3412, -330.7294, -9.5700,  0, 0, 0
L -331.3412, -330.7294, -9.5700,  -331.4608, -329.6979, -9.5697,  0, 0, 0
L -331.4608, -329.6979, -9.5697,  -331.8707, -325.8965, -9.2894,  0, 0, 0
L -331.8707, -325.8965, -9.2894,  -331.9875, -323.4499, -9.0117,  0, 0, 0
L -331.9875, -323.4499, -9.0117,  -332.3645, -318.1953, -7.9358,  0, 0, 0
L -332.3645, -318.1953, -7.9358,  -332.5587, -315.5521, -7.7111,  0, 0, 0
L -332.5587, -315.5521, -7.7111,  -333.0408, -297.5537, -8.3447,  0, 0, 0
L -333.0408, -297.5537, -8.3447,  -333.9753, -296.4019, -9.1155,  0, 0, 0
L -333.9753, -296.4019, -9.1155,  -334.1009, -294.9240, -9.6193,  0, 0, 0
L -334.1009, -294.9240, -9.6193,  -333.7648, -292.0323, -9.9888,  0, 0, 0
L -333.7648, -292.0323, -9.9888,  -333.2787, -291.0841, -10.0614,  0, 0, 0
L -333.2787, -291.0841, -10.0614,  -332.3997, -290.0265, -10.1405,  0, 0, 0
L -332.3997, -290.0265, -10.1405,  -332.0028, -288.8470, -9.9824,  0, 0, 0
L -332.0028, -288.8470, -9.9824,  -331.6641, -287.5329, -10.0254,  0, 0, 0
L -331.6641, -287.5329, -10.0254,  -330.7666, -284.0294, -9.4973,  0, 0, 0
L -330.7666, -284.0294, -9.4973,  -329.9628, -282.4354, -9.1452,  0, 0, 0
L -329.9628, -282.4354, -9.1452,  -329.5102, -281.2975, -8.6690,  0, 0, 0
L -329.5102, -281.2975, -8.6690,  -329.0564, -280.0978, -8.4264,  0, 0, 0
L -329.0564, -280.0978, -8.4264,  -325.6629, -271.0914, -7.2937,  0, 0, 0
L -325.6629, -271.0914, -7.2937,  -323.8069, -266.1496, -8.3187,  0, 0, 0
L -323.8069, -266.1496, -8.3187,  -322.7996, -267.2886, -8.1429,  0, 0, 0
L -322.7996, -267.2886, -8.1429,  -317.5971, -273.1717, -5.3839,  0, 0, 0
L -317.5971, -273.1717, -5.3839,  -315.6436, -273.4415, -4.6611,  0, 0, 0
L -315.6436, -273.4415, -4.6611,  -312.8318, -273.8405, -4.3266,  0, 0, 0
L -312.8318, -273.8405, -4.3266,  -311.8433, -274.5332, -4.1707,  0, 0, 0
L -311.8433, -274.5332, -4.1707,  -310.8326, -275.4242, -3.9474,  0, 0, 0
L -310.8326, -275.4242, -3.9474,  -309.2363, -276.8305, -2.6863,  0, 0, 0
L -309.2363, -276.8305, -2.6863,  -309.9864, -278.2339, -2.4937,  0, 0, 0
L -309.9864, -278.2339, -2.4937,  -311.1788, -280.4649, -1.7563,  0, 0, 0
L -311.1788, -280.4649, -1.7563,  -310.1147, -280.1663, -1.4053,  0, 0, 0
L -310.1147, -280.1663, -1.4053,  -309.6993, -279.0714, -1.4273,  0, 0, 0
L -309.6993, -279.0714, -1.4273,  -309.0621, -277.2986, -1.8441,  0, 0, 0
L -309.0621, -277.2986, -1.8441,  -308.1030, -274.6311, -3.5736,  0, 0, 0
L -308.1030, -274.6311, -3.5736,  -307.2149, -275.7982, -3.3937,  0, 0, 0
L -307.2149, -275.7982, -3.3937,  -306.5656, -276.6515, -3.1323,  0, 0, 0
L -306.5656, -276.6515, -3.1323,  -305.7073, -277.2476, -2.8390,  0, 0, 0
L -305.7073, -277.2476, -2.8390,  -304.5878, -277.6491, -2.6468,  0, 0, 0
L -304.5878, -277.6491, -2.6468,  -298.3157, -280.1986, -2.1584,  0, 0, 0
L -298.3157, -280.1986, -2.1584,  -297.3462, -281.0610, -2.0338,  0, 0, 0
L -297.3462, -281.0610, -2.0338,  -292.2648, -285.3655, 2.2696,  0, 0, 0
L -292.2648, -285.3655, 2.2696,  -290.6810, -286.3974, 4.3130,  0, 0, 0
L -290.6810, -286.3974, 4.3130,  -289.3204, -287.0090, 6.0191,  0, 0, 0
L -289.3204, -287.0090, 6.0191,  -287.8282, -287.3328, 6.5939,  0, 0, 0
L -287.8282, -287.3328, 6.5939,  -285.8705, -287.5545, 6.8286,  0, 0, 0
L -285.8705, -287.5545, 6.8286,  -276.5524, -288.1153, 4.2175,  0, 0, 0
L -276.5524, -288.1153, 4.2175,  -271.6556, -288.2746, 2.8769,  0, 0, 0
L -271.6556, -288.2746, 2.8769,  -271.8368, -286.4174, 2.8751,  0, 0, 0
L -271.8368, -286.4174, 2.8751,  -271.7787, -279.7108, -6.7387,  0, 0, 0
L -271.7787, -279.7108, -6.7387,  -270.2502, -280.7870, -6.4519,  0, 0, 0
L -270.2502, -280.7870, -6.4519,  -269.2979, -281.4576, -6.0698,  0, 0, 0
L -269.2979, -281.4576, -6.0698,  -268.3192, -281.3990, -5.6643,  0, 0, 0
L -268.3192, -281.3990, -5.6643,  -264.2447, -281.0437, -5.6799,  0, 0, 0
L -264.2447, -281.0437, -5.6799,  -263.2295, -281.2792, -5.6978,  0, 0, 0
L -263.2295, -281.2792, -5.6978,  -262.1872, -281.7136, -5.5706,  0, 0, 0
L -262.1872, -281.7136, -5.5706,  -260.9865, -282.3469, -5.2199,  0, 0, 0
L -260.9865, -282.3469, -5.2199,  -259.8095, -283.0471, -4.5393,  0, 0, 0
L -259.8095, -283.0471, -4.5393,  -258.0280, -282.8172, -2.4335,  0, 0, 0
L -258.0280, -282.8172, -2.4335,  -256.5057, -282.0151, -2.7816,  0, 0, 0
L -256.5057, -282.0151, -2.7816,  -255.3279, -281.4016, -2.7096,  0, 0, 0
L -255.3279, -281.4016, -2.7096,  -254.4900, -280.8376, -2.7937,  0, 0, 0
L -254.4900, -280.8376, -2.7937,  -247.9584, -276.5758, -2.9047,  0, 0, 0
L -247.9584, -276.5758, -2.9047,  -245.1028, -274.4043, -4.0255,  0, 0, 0
L -245.1028, -274.4043, -4.0255,  -242.0048, -272.0482, -5.0924,  0, 0, 0
L -242.0048, -272.0482, -5.0924,  -240.5560, -272.0185, -5.0278,  0, 0, 0
L -240.5560, -272.0185, -5.0278,  -239.4203, -272.0786, -4.8568,  0, 0, 0
L -239.4203, -272.0786, -4.8568,  -236.9123, -272.2860, -4.0396,  0, 0, 0
L -236.9123, -272.2860, -4.0396,  -233.4988, -272.0031, -2.6898,  0, 0, 0
L -233.4988, -272.0031, -2.6898,  -232.3698, -271.7807, -2.3943,  0, 0, 0
L -232.3698, -271.7807, -2.3943,  -231.2504, -271.4103, -2.2201,  0, 0, 0
L -231.2504, -271.4103, -2.2201,  -229.1546, -270.6927, -2.2588,  0, 0, 0
L -229.1546, -270.6927, -2.2588,  -227.1050, -270.0869, -2.7656,  0, 0, 0
L -227.1050, -270.0869, -2.7656,  -226.1804, -269.4680, -3.1857,  0, 0, 0
L -226.1804, -269.4680, -3.1857,  -225.1713, -268.7780, -3.8141,  0, 0, 0
L -225.1713, -268.7780, -3.8141,  -226.0470, -268.9977, -4.7103,  0, 0, 0
L -226.0470, -268.9977, -4.7103,  -227.3037, -269.8723, -4.5891,  0, 0, 0
L -227.3037, -269.8723, -4.5891,  -228.8788, -270.6635, -3.0652,  0, 0, 0
L -228.8788, -270.6635, -3.0652,  -229.7796, -270.6641, -3.0653,  0, 0, 0
L -229.7796, -270.6641, -3.0653,  -234.5416, -270.8748, -4.5551,  0, 0, 0
L -234.5416, -270.8748, -4.5551,  -235.2466, -271.2635, -4.4184,  0, 0, 0
L -235.2466, -271.2635, -4.4184,  -236.4205, -271.7607, -4.2530,  0, 0, 0
L -236.4205, -271.7607, -4.2530,  -237.9410, -272.3448, -4.0938,  0, 0, 0
L -237.9410, -272.3448, -4.0938,  -244.3230, -274.2461, -4.4005,  0, 0, 0
L -244.3230, -274.2461, -4.4005,  -243.4252, -271.9183, -4.4007,  0, 0, 0
L -243.4252, -271.9183, -4.4007,  -243.1041, -270.8371, -5.4244,  0, 0, 0
L -243.1041, -270.8371, -5.4244,  -243.4988, -269.7180, -5.5013,  0, 0, 0
L -243.4988, -269.7180, -5.5013,  -244.1910, -267.8599, -5.5420,  0, 0, 0
L -244.1910, -267.8599, -5.5420,  -246.6274, -261.4305, -6.2789,  0, 0, 0
L -246.6274, -261.4305, -6.2789,  -244.1810, -260.9422, -6.2786,  0, 0, 0
L -244.1810, -260.9422, -6.2786,  -240.9013, -260.4943, -6.6467,  0, 0, 0
L -240.9013, -260.4943, -6.6467,  -239.5918, -260.3976, -7.0239,  0, 0, 0
L -239.5918, -260.3976, -7.0239,  -229.9738, -260.9465, -7.8328,  0, 0, 0
L -229.9738, -260.9465, -7.8328,  -229.0535, -260.2978, -7.8989,  0, 0, 0
L -229.0535, -260.2978, -7.8989,  -227.2626, -259.0630, -8.2346,  0, 0, 0
L -227.2626, -259.0630, -8.2346,  -226.2164, -258.7931, -8.3642,  0, 0, 0
L -226.2164, -258.7931, -8.3642,  -224.9646, -258.7105, -8.3695,  0, 0, 0
L -224.9646, -258.7105, -8.3695,  -222.3935, -258.8679, -7.9816,  0, 0, 0
L -222.3935, -258.8679, -7.9816,  -220.2167, -259.0623, -6.8170,  0, 0, 0
L -220.2167, -259.0623, -6.8170,  -219.1743, -257.6201, -6.8163,  0, 0, 0
L -219.1743, -257.6201, -6.8163,  -218.0808, -255.4105, -6.7977,  0, 0, 0
L -218.0808, -255.4105, -6.7977,  -216.7583, -252.3501, -6.9955,  0, 0, 0
L -216.7583, -252.3501, -6.9955,  -215.4927, -249.2252, -6.8718,  0, 0, 0
L -215.4927, -249.2252, -6.8718,  -214.2968, -246.1672, -6.8521,  0, 0, 0
L -214.2968, -246.1672, -6.8521,  -213.6006, -243.1587, -6.5310,  0, 0, 0
L -213.6006, -243.1587, -6.5310,  -213.4021, -240.6207, -5.4921,  0, 0, 0
L -213.4021, -240.6207, -5.4921,  -213.1140, -235.5845, -6.2739,  0, 0, 0
L -213.1140, -235.5845, -6.2739,  -214.1055, -235.6811, -6.2763,  0, 0, 0
L -214.1055, -235.6811, -6.2763,  -220.9471, -234.9851, -7.7779,  0, 0, 0
L -220.9471, -234.9851, -7.7779,  -222.1503, -233.8388, -7.8996,  0, 0, 0
L -222.1503, -233.8388, -7.8996,  -222.9002, -233.1240, -7.9603,  0, 0, 0
L -222.9002, -233.1240, -7.9603,  -221.8862, -231.1006, -7.9606,  0, 0, 0
L -221.8862, -231.1006, -7.9606,  -220.6539, -228.6501, -8.3446,  0, 0, 0
L -220.6539, -228.6501, -8.3446,  -220.9968, -224.7106, -9.2271,  0, 0, 0
L -220.9968, -224.7106, -9.2271,  -221.3394, -220.7746, -10.5346,  0, 0, 0
L -221.3394, -220.7746, -10.5346,  -221.5115, -218.7974, -10.2862,  0, 0, 0
L -221.5115, -218.7974, -10.2862,  -220.4105, -216.3290, -10.2657,  0, 0, 0
L -220.4105, -216.3290, -10.2657,  -218.5829, -212.2316, -8.7550,  0, 0, 0
L -218.5829, -212.2316, -8.7550,  -217.2288, -212.9331, -8.7140,  0, 0, 0
L -217.2288, -212.9331, -8.7140,  -216.1769, -213.3624, -8.6324,  0, 0, 0
L -216.1769, -213.3624, -8.6324,  -214.9323, -213.7661, -8.5123,  0, 0, 0
L -214.9323, -213.7661, -8.5123,  -209.3765, -215.1850, -7.2447,  0, 0, 0
L -209.3765, -215.1850, -7.2447,  -207.1687, -215.8126, -5.2440,  0, 0, 0
L -207.1687, -215.8126, -5.2440,  -207.2189, -215.1206, -5.8353,  0, 0, 0
L -207.2189, -215.1206, -5.8353,  -207.6573, -210.3193, -4.8776,  0, 0, 0
L -207.6573, -210.3193, -4.8776,  -208.4458, -208.6544, -5.2121,  0, 0, 0
L -208.4458, -208.6544, -5.2121,  -208.6262, -206.0678, -5.3599,  0, 0, 0
L -208.6262, -206.0678, -5.3599,  -209.3488, -203.8707, -4.9842,  0, 0, 0
L -209.3488, -203.8707, -4.9842,  -209.3514, -203.5430, -4.9678,  0, 0, 0
L -209.3514, -203.5430, -4.9678,  -209.4568, -201.3932, -0.6441,  0, 0, 0
L -209.4568, -201.3932, -0.6441,  -208.2926, -197.8822, 0.0612,  0, 0, 0
L -208.2926, -197.8822, 0.0612,  -205.2287, -188.6424, -1.2295,  0, 0, 0
L -205.2287, -188.6424, -1.2295,  -203.1687, -190.0462, -1.2249,  0, 0, 0
L -203.1687, -190.0462, -1.2249,  -197.9434, -193.6206, 2.2792,  0, 0, 0
