L 981, 208, -100, 981, 211, -101, 0, 0, 0
L 982, 206, -100, 981, 208, -100, 0, 0, 0
L 981, 204, -100, 982, 206, -100, 0, 0, 0
L 981, 202, -99, 981, 204, -100, 0, 0, 0
L 981, 201, -99, 981, 202, -99, 0, 0, 0
L 980, 200, -100, 981, 201, -99, 0, 0, 0
L 980, 197, -102, 980, 200, -100, 0, 0, 0
L 980, 195, -102, 980, 197, -102, 0, 0, 0
L 975, 194, -102, 980, 195, -102, 0, 0, 0
L 973, 195, -101, 975, 194, -102, 0, 0, 0
L 972, 196, -101, 973, 195, -101, 0, 0, 0
L 966, 196, -101, 972, 196, -101, 0, 0, 0
L 963, 195, -100, 966, 196, -101, 0, 0, 0
L 961, 195, -100, 963, 195, -100, 0, 0, 0
L 960, 194, -100, 961, 195, -100, 0, 0, 0
L 960, 181, -100, 960, 194, -100, 0, 0, 0
L 1154, 343, -121, 1153, 368, -119, 0, 0, 0
L 1154, 342, -121, 1154, 343, -121, 0, 0, 0
L 1152, 341, -121, 1154, 342, -121, 0, 0, 0
L 1151, 340, -118, 1152, 341, -121, 0, 0, 0
L 1147, 340, -116, 1151, 340, -118, 0, 0, 0
L 1145, 339, -116, 1147, 340, -116, 0, 0, 0
L 1143, 339, -117, 1145, 339, -116, 0, 0, 0
L 1142, 338, -118, 1143, 339, -117, 0, 0, 0
L 1135, 331, -122, 1142, 338, -118, 0, 0, 0
L 1134, 330, -122, 1135, 331, -122, 0, 0, 0
L 1127, 329, -120, 1134, 330, -122, 0, 0, 0
L 1123, 329, -120, 1127, 329, -120, 0, 0, 0
L 1122, 330, -120, 1123, 329, -120, 0, 0, 0
L 1121, 330, -120, 1122, 330, -120, 0, 0, 0
L 1104, 331, -119, 1121, 330, -120, 0, 0, 0
L 1116, 303, -119, 1045, 302, -120, 0, 0, 0
L 1125, 304, -120, 1116, 303, -119, 0, 0, 0
L 1151, 303, -121, 1125, 304, -120, 0, 0, 0
L 1153, 303, -121, 1151, 303, -121, 0, 0, 0
L 1185, 306, -122, 1153, 303, -121, 0, 0, 0
L 1191, 307, -122, 1185, 306, -122, 0, 0, 0
L 1197, 306, -121, 1191, 307, -122, 0, 0, 0
L 1208, 306, -121, 1197, 306, -121, 0, 0, 0
L 1213, 305, -121, 1208, 306, -121, 0, 0, 0
L 1222, 302, -121, 1213, 305, -121, 0, 0, 0
L 1224, 302, -121, 1222, 302, -121, 0, 0, 0
L 1226, 300, -119, 1224, 302, -121, 0, 0, 0
L 1227, 300, -119, 1226, 300, -119, 0, 0, 0
L 1228, 298, -115, 1227, 300, -119, 0, 0, 0
L 1234, 297, -117, 1228, 298, -115, 0, 0, 0
L 1235, 297, -117, 1234, 297, -117, 0, 0, 0
L 1236, 299, -119, 1235, 297, -117, 0, 0, 0
L 1237, 324, -122, 1236, 299, -119, 0, 0, 0
L 1236, 331, -122, 1237, 324, -122, 0, 0, 0
L 1234, 332, -121, 1236, 331, -122, 0, 0, 0
L 1232, 333, -121, 1234, 332, -121, 0, 0, 0
L 1227, 334, -121, 1232, 333, -121, 0, 0, 0
L 1225, 335, -121, 1227, 334, -121, 0, 0, 0
L 1220, 336, -120, 1225, 335, -121, 0, 0, 0
L 1192, 337, -121, 1220, 336, -120, 0, 0, 0
L 1190, 342, -119, 1192, 337, -121, 0, 0, 0
L 1189, 372, -120, 1190, 342, -119, 0, 0, 0
L 1189, 377, -120, 1189, 372, -120, 0, 0, 0
L 1188, 379, -121, 1189, 377, -120, 0, 0, 0
L 1188, 383, -121, 1188, 379, -121, 0, 0, 0
L 1187, 384, -121, 1188, 383, -121, 0, 0, 0
L 1187, 386, -121, 1187, 384, -121, 0, 0, 0
L 1186, 387, -121, 1187, 386, -121, 0, 0, 0
L 1186, 389, -121, 1186, 387, -121, 0, 0, 0
L 1186, 391, -120, 1186, 389, -121, 0, 0, 0
L 1185, 392, -120, 1186, 391, -120, 0, 0, 0
L 1179, 412, -114, 1185, 392, -120, 0, 0, 0
L 1175, 423, -114, 1179, 412, -114, 0, 0, 0
L 1175, 433, -112, 1175, 423, -114, 0, 0, 0
L 1178, 438, -112, 1175, 433, -112, 0, 0, 0
L 1179, 439, -112, 1178, 438, -112, 0, 0, 0
L 1180, 446, -112, 1179, 439, -112, 0, 0, 0
L 1180, 447, -112, 1180, 446, -112, 0, 0, 0
L 1187, 448, -112, 1180, 447, -112, 0, 0, 0
L 1188, 448, -112, 1187, 448, -112, 0, 0, 0
L 1190, 447, -112, 1188, 448, -112, 0, 0, 0
L 1191, 445, -112, 1190, 447, -112, 0, 0, 0
L 1191, 444, -112, 1191, 445, -112, 0, 0, 0
L 1193, 442, -112, 1191, 444, -112, 0, 0, 0
L 1198, 441, -109, 1193, 442, -112, 0, 0, 0
L 1200, 440, -109, 1198, 441, -109, 0, 0, 0
L 1203, 445, -112, 1200, 440, -109, 0, 0, 0
L 1205, 448, -112, 1203, 445, -112, 0, 0, 0
L 1206, 450, -112, 1205, 448, -112, 0, 0, 0
L 1209, 458, -112, 1206, 450, -112, 0, 0, 0
L 1210, 460, -112, 1209, 458, -112, 0, 0, 0
L 1220, 462, -112, 1210, 460, -112, 0, 0, 0
L 1221, 463, -112, 1220, 462, -112, 0, 0, 0
L 1221, 464, -112, 1221, 463, -112, 0, 0, 0
L 1222, 466, -112, 1221, 464, -112, 0, 0, 0
L 1224, 469, -112, 1222, 466, -112, 0, 0, 0
L 1226, 469, -110, 1224, 469, -112, 0, 0, 0
L 1227, 469, -110, 1226, 469, -110, 0, 0, 0
L 1229, 469, -109, 1227, 469, -110, 0, 0, 0
L 1231, 471, -112, 1229, 469, -109, 0, 0, 0
L 1241, 481, -112, 1231, 471, -112, 0, 0, 0
L 1245, 480, -108, 1241, 481, -112, 0, 0, 0
L 1246, 480, -109, 1245, 480, -108, 0, 0, 0
L 1248, 479, -112, 1246, 480, -109, 0, 0, 0
L 1249, 478, -112, 1248, 479, -112, 0, 0, 0
L 1250, 478, -112, 1249, 478, -112, 0, 0, 0
L 1253, 477, -112, 1250, 478, -112, 0, 0, 0
L 1262, 476, -112, 1253, 477, -112, 0, 0, 0
L 1274, 476, -112, 1262, 476, -112, 0, 0, 0
L 1284, 477, -112, 1274, 476, -112, 0, 0, 0
L 1286, 476, -112, 1284, 477, -112, 0, 0, 0
L 1287, 477, -112, 1286, 476, -112, 0, 0, 0
L 1288, 483, -112, 1287, 477, -112, 0, 0, 0
L 1288, 484, -112, 1288, 483, -112, 0, 0, 0
L 1289, 486, -112, 1288, 484, -112, 0, 0, 0
L 1291, 492, -112, 1289, 486, -112, 0, 0, 0
L 1291, 500, -112, 1291, 492, -112, 0, 0, 0
L 1290, 521, -113, 1291, 500, -112, 0, 0, 0
L 1291, 529, -112, 1290, 521, -113, 0, 0, 0
L 1292, 538, -112, 1291, 529, -112, 0, 0, 0
L 1291, 544, -112, 1292, 538, -112, 0, 0, 0
L 1290, 581, -112, 1291, 544, -112, 0, 0, 0
L 1289, 587, -112, 1290, 581, -112, 0, 0, 0
L 1287, 592, -112, 1289, 587, -112, 0, 0, 0
L 1279, 601, -112, 1287, 592, -112, 0, 0, 0
L 1278, 603, -112, 1279, 601, -112, 0, 0, 0
L 1272, 612, -112, 1278, 603, -112, 0, 0, 0
L 1268, 616, -112, 1272, 612, -112, 0, 0, 0
L 1267, 616, -112, 1268, 616, -112, 0, 0, 0
L 1266, 617, -112, 1267, 616, -112, 0, 0, 0
L 1255, 619, -112, 1266, 617, -112, 0, 0, 0
L 1237, 619, -112, 1255, 619, -112, 0, 0, 0
L 1224, 620, -112, 1237, 619, -112, 0, 0, 0
L 1222, 620, -112, 1224, 620, -112, 0, 0, 0
L 1221, 621, -112, 1222, 620, -112, 0, 0, 0
L 1199, 620, -112, 1221, 621, -112, 0, 0, 0
L 1188, 619, -112, 1199, 620, -112, 0, 0, 0
L 1164, 619, -113, 1188, 619, -112, 0, 0, 0
L 1160, 622, -108, 1164, 619, -113, 0, 0, 0
L 1158, 623, -108, 1160, 622, -108, 0, 0, 0
L 1155, 624, -111, 1158, 623, -108, 0, 0, 0
L 1147, 621, -113, 1155, 624, -111, 0, 0, 0
L 1143, 619, -112, 1147, 621, -113, 0, 0, 0
L 1133, 614, -112, 1143, 619, -112, 0, 0, 0
L 1117, 599, -112, 1133, 614, -112, 0, 0, 0
L 1117, 598, -112, 1117, 599, -112, 0, 0, 0
L 1115, 597, -112, 1117, 598, -112, 0, 0, 0
L 1114, 596, -110, 1115, 597, -112, 0, 0, 0
L 1112, 594, -108, 1114, 596, -110, 0, 0, 0
L 1111, 593, -108, 1112, 594, -108, 0, 0, 0
L 1110, 589, -108, 1111, 593, -108, 0, 0, 0
L 1110, 582, -112, 1110, 589, -108, 0, 0, 0
L 1111, 579, -112, 1110, 582, -112, 0, 0, 0
L 1111, 578, -112, 1111, 579, -112, 0, 0, 0
L 1112, 572, -113, 1111, 578, -112, 0, 0, 0
L 1113, 563, -115, 1112, 572, -113, 0, 0, 0
L 1113, 561, -115, 1113, 563, -115, 0, 0, 0
L 1112, 557, -113, 1113, 561, -115, 0, 0, 0
L 1112, 555, -113, 1112, 557, -113, 0, 0, 0
L 1112, 536, -112, 1112, 555, -113, 0, 0, 0
L 1112, 533, -113, 1112, 536, -112, 0, 0, 0
L 1112, 518, -113, 1112, 533, -113, 0, 0, 0
L 1112, 489, -112, 1112, 518, -113, 0, 0, 0
L 1111, 485, -112, 1112, 489, -112, 0, 0, 0
L 1110, 481, -111, 1111, 485, -112, 0, 0, 0
L 1110, 479, -110, 1110, 481, -111, 0, 0, 0
L 1109, 477, -110, 1110, 479, -110, 0, 0, 0
L 1110, 475, -112, 1109, 477, -110, 0, 0, 0
L 1111, 472, -112, 1110, 475, -112, 0, 0, 0
L 1119, 461, -112, 1111, 472, -112, 0, 0, 0
L 1137, 443, -112, 1119, 461, -112, 0, 0, 0
L 1139, 442, -112, 1137, 443, -112, 0, 0, 0
L 1144, 440, -109, 1139, 442, -112, 0, 0, 0
L 1145, 439, -108, 1144, 440, -109, 0, 0, 0
L 1147, 439, -108, 1145, 439, -108, 0, 0, 0
L 1148, 440, -113, 1147, 439, -108, 0, 0, 0
L 1152, 445, -113, 1148, 440, -113, 0, 0, 0
L 1153, 446, -112, 1152, 445, -113, 0, 0, 0
L 1158, 447, -112, 1153, 446, -112, 0, 0, 0
L 1159, 448, -112, 1158, 447, -112, 0, 0, 0
L 1162, 448, -112, 1159, 448, -112, 0, 0, 0
L 1163, 446, -112, 1162, 448, -112, 0, 0, 0
L 1164, 443, -112, 1163, 446, -112, 0, 0, 0
L 1164, 442, -112, 1164, 443, -112, 0, 0, 0
L 1165, 440, -111, 1164, 442, -112, 0, 0, 0
L 1166, 438, -111, 1165, 440, -111, 0, 0, 0
L 1167, 437, -111, 1166, 438, -111, 0, 0, 0
L 1166, 435, -111, 1167, 437, -111, 0, 0, 0
L 1166, 433, -112, 1166, 435, -111, 0, 0, 0
L 1166, 430, -112, 1166, 433, -112, 0, 0, 0
L 1165, 428, -113, 1166, 430, -112, 0, 0, 0
L 1164, 427, -113, 1165, 428, -113, 0, 0, 0
L 1163, 425, -113, 1164, 427, -113, 0, 0, 0
L 1160, 418, -113, 1163, 425, -113, 0, 0, 0
L 1157, 409, -114, 1160, 418, -113, 0, 0, 0
L 1156, 408, -115, 1157, 409, -114, 0, 0, 0
L 1156, 407, -115, 1156, 408, -115, 0, 0, 0
L 1155, 403, -117, 1156, 407, -115, 0, 0, 0
L 1154, 394, -120, 1155, 403, -117, 0, 0, 0
L 1154, 387, -120, 1154, 394, -120, 0, 0, 0
L 1153, 375, -119, 1154, 387, -120, 0, 0, 0
L 1153, 373, -119, 1153, 375, -119, 0, 0, 0
L 1154, 366, -121, 1153, 373, -119, 0, 0, 0
L 1155, 357, -120, 1154, 366, -121, 0, 0, 0
L 1156, 355, -120, 1155, 357, -120, 0, 0, 0
L 1037, -328, -95, 1034, -327, -95, 0, 0, 0
L 1038, -328, -95, 1037, -328, -95, 0, 0, 0
L 1039, -329, -94, 1038, -328, -95, 0, 0, 0
L 1040, -331, -92, 1039, -329, -94, 0, 0, 0
L 1041, -333, -92, 1040, -331, -92, 0, 0, 0
L 1041, -335, -92, 1041, -333, -92, 0, 0, 0
L 1042, -336, -93, 1041, -335, -92, 0, 0, 0
L 1042, -338, -94, 1042, -336, -93, 0, 0, 0
L 1043, -342, -94, 1042, -338, -94, 0, 0, 0
L 1047, -355, -91, 1043, -342, -94, 0, 0, 0
L 1047, -357, -91, 1047, -355, -91, 0, 0, 0
L 1048, -362, -90, 1047, -357, -91, 0, 0, 0
L 1048, -363, -90, 1048, -362, -90, 0, 0, 0
L 1049, -365, -90, 1048, -363, -90, 0, 0, 0
L 1055, -375, -90, 1049, -365, -90, 0, 0, 0
L 1055, -378, -89, 1055, -375, -90, 0, 0, 0
L 1055, -379, -89, 1055, -378, -89, 0, 0, 0
L 1053, -381, -90, 1055, -379, -89, 0, 0, 0
L 1051, -382, -90, 1053, -381, -90, 0, 0, 0
L 1050, -383, -90, 1051, -382, -90, 0, 0, 0
L 1042, -389, -91, 1050, -383, -90, 0, 0, 0
L 1040, -392, -91, 1042, -389, -91, 0, 0, 0
L 1034, -388, -91, 1040, -392, -91, 0, 0, 0
L 1033, -386, -90, 1034, -388, -91, 0, 0, 0
L 1023, -386, -91, 1033, -386, -90, 0, 0, 0
L 1013, -386, -91, 1023, -386, -91, 0, 0, 0
L 994, -385, -90, 1013, -386, -91, 0, 0, 0
L 972, -385, -91, 994, -385, -90, 0, 0, 0
L 965, -383, -91, 972, -385, -91, 0, 0, 0
L 963, -383, -91, 965, -383, -91, 0, 0, 0
L 961, -387, -91, 963, -383, -91, 0, 0, 0
L 960, -405, -91, 961, -387, -91, 0, 0, 0
L 962, -438, -91, 960, -405, -91, 0, 0, 0
L 961, -505, -91, 962, -438, -91, 0, 0, 0
L 960, -518, -91, 961, -505, -91, 0, 0, 0
L 961, -519, -91, 960, -518, -91, 0, 0, 0
L 963, -520, -91, 961, -519, -91, 0, 0, 0
L 970, -520, -91, 963, -520, -91, 0, 0, 0
L 1008, -521, -91, 970, -520, -91, 0, 0, 0
L 1025, -519, -91, 1008, -521, -91, 0, 0, 0
L 1082, -520, -91, 1025, -519, -91, 0, 0, 0
L 1094, -521, -91, 1082, -520, -91, 0, 0, 0
L 1096, -521, -91, 1094, -521, -91, 0, 0, 0
L 1097, -520, -91, 1096, -521, -91, 0, 0, 0
L 1098, -517, -91, 1097, -520, -91, 0, 0, 0
L 1099, -516, -91, 1098, -517, -91, 0, 0, 0
L 1099, -478, -91, 1099, -516, -91, 0, 0, 0
L 1098, -470, -91, 1099, -478, -91, 0, 0, 0
L 1098, -439, -91, 1098, -470, -91, 0, 0, 0
L 1099, -413, -91, 1098, -439, -91, 0, 0, 0
L 1098, -398, -91, 1099, -413, -91, 0, 0, 0
L 1099, -387, -91, 1098, -398, -91, 0, 0, 0
L 1095, -385, -85, 1099, -387, -91, 0, 0, 0
L 1094, -384, -84, 1095, -385, -85, 0, 0, 0
L 1087, -385, -84, 1094, -384, -84, 0, 0, 0
L 1078, -386, -91, 1087, -385, -84, 0, 0, 0
L 1076, -386, -91, 1078, -386, -91, 0, 0, 0
L 1074, -384, -90, 1076, -386, -91, 0, 0, 0
L 1073, -383, -90, 1074, -384, -90, 0, 0, 0
L 1071, -382, -89, 1073, -383, -90, 0, 0, 0
L 1070, -381, -89, 1071, -382, -89, 0, 0, 0
L 1070, -376, -89, 1070, -381, -89, 0, 0, 0
L 1071, -375, -90, 1070, -376, -89, 0, 0, 0
L 1072, -370, -90, 1071, -375, -90, 0, 0, 0
L 1074, -364, -91, 1072, -370, -90, 0, 0, 0
L 1076, -355, -93, 1074, -364, -91, 0, 0, 0
L 1077, -346, -96, 1076, -355, -93, 0, 0, 0
L 1078, -341, -97, 1077, -346, -96, 0, 0, 0
L 1079, -339, -97, 1078, -341, -97, 0, 0, 0
L 1079, -337, -96, 1079, -339, -97, 0, 0, 0
L 1080, -335, -96, 1079, -337, -96, 0, 0, 0
L 1080, -334, -97, 1080, -335, -96, 0, 0, 0
L 1081, -332, -97, 1080, -334, -97, 0, 0, 0
L 1081, -331, -97, 1081, -332, -97, 0, 0, 0
L 1083, -328, -97, 1081, -331, -97, 0, 0, 0
L 1095, -328, -95, 1083, -328, -97, 0, 0, 0
L 968, 306, -119, 967, 311, -119, 0, 0, 0
L 969, 299, -119, 968, 306, -119, 0, 0, 0
L 969, 295, -120, 969, 299, -119, 0, 0, 0
L 969, 294, -119, 969, 295, -120, 0, 0, 0
L 970, 290, -120, 969, 294, -119, 0, 0, 0
L 970, 289, -120, 970, 290, -120, 0, 0, 0
L 970, 283, -118, 970, 289, -120, 0, 0, 0
L 970, 281, -118, 970, 283, -118, 0, 0, 0
L 970, 251, -107, 970, 281, -118, 0, 0, 0
L 970, 249, -108, 970, 251, -107, 0, 0, 0
L 970, 242, -106, 970, 249, -108, 0, 0, 0
L 971, 240, -105, 970, 242, -106, 0, 0, 0
L 971, 236, -102, 971, 240, -105, 0, 0, 0
L 971, 234, -101, 971, 236, -102, 0, 0, 0
L 972, 232, -100, 971, 234, -101, 0, 0, 0
L 972, 230, -99, 972, 232, -100, 0, 0, 0
L 973, 228, -99, 972, 230, -99, 0, 0, 0
L 973, 226, -100, 973, 228, -99, 0, 0, 0
L 974, 223, -101, 973, 226, -100, 0, 0, 0
L 977, 212, -101, 974, 223, -101, 0, 0, 0
L 999, 220, -101, 998, 217, -101, 0, 0, 0
L 1002, 230, -103, 999, 220, -101, 0, 0, 0
L 1002, 231, -104, 1002, 230, -103, 0, 0, 0
L 1003, 233, -105, 1002, 231, -104, 0, 0, 0
L 1003, 235, -105, 1003, 233, -105, 0, 0, 0
L 1004, 237, -106, 1003, 235, -105, 0, 0, 0
L 1004, 240, -106, 1004, 237, -106, 0, 0, 0
L 1005, 260, -110, 1004, 240, -106, 0, 0, 0
L 1005, 261, -110, 1005, 260, -110, 0, 0, 0
L 1004, 271, -115, 1005, 261, -110, 0, 0, 0
L 1004, 281, -118, 1004, 271, -115, 0, 0, 0
L 1004, 282, -119, 1004, 281, -118, 0, 0, 0
L 1004, 284, -120, 1004, 282, -119, 0, 0, 0
L 1005, 286, -120, 1004, 284, -120, 0, 0, 0
L 1006, 288, -119, 1005, 286, -120, 0, 0, 0
L 1006, 290, -118, 1006, 288, -119, 0, 0, 0
L 1009, 296, -119, 1006, 290, -118, 0, 0, 0
L 1011, 298, -119, 1009, 296, -119, 0, 0, 0
L 1013, 299, -119, 1011, 298, -119, 0, 0, 0
L 1015, 300, -120, 1013, 299, -119, 0, 0, 0
L 1016, 300, -120, 1015, 300, -120, 0, 0, 0
L 1024, 301, -120, 1016, 300, -120, 0, 0, 0
L 1037, 302, -121, 1024, 301, -120, 0, 0, 0
L 1062, 302, -121, 1037, 302, -121, 0, 0, 0
L 1083, 300, -119, 1062, 302, -121, 0, 0, 0
L 1128, 330, -120, 1123, 328, -120, 0, 0, 0
L 1117, 330, -120, 1128, 330, -120, 0, 0, 0
L 1083, 331, -121, 1117, 330, -120, 0, 0, 0
L 1063, 333, -121, 1083, 331, -121, 0, 0, 0
L 1046, 333, -121, 1063, 333, -121, 0, 0, 0
L 1028, 334, -121, 1046, 333, -121, 0, 0, 0
L 1025, 335, -121, 1028, 334, -121, 0, 0, 0
L 1015, 335, -121, 1025, 335, -121, 0, 0, 0
L 1009, 334, -121, 1015, 335, -121, 0, 0, 0
L 1007, 334, -121, 1009, 334, -121, 0, 0, 0
L 1002, 333, -121, 1007, 334, -121, 0, 0, 0
L 995, 332, -122, 1002, 333, -121, 0, 0, 0
L 994, 331, -121, 995, 332, -122, 0, 0, 0
L 992, 331, -122, 994, 331, -121, 0, 0, 0
L 990, 330, -122, 992, 331, -122, 0, 0, 0
L 988, 329, -123, 990, 330, -122, 0, 0, 0
L 967, 314, -117, 988, 329, -123, 0, 0, 0
L 1003, 281, -118, 1004, 283, -119, 0, 0, 0
L 1003, 280, -118, 1003, 281, -118, 0, 0, 0
L 1003, 278, -117, 1003, 280, -118, 0, 0, 0
L 1002, 270, -113, 1003, 278, -117, 0, 0, 0
L 1001, 264, -112, 1002, 270, -113, 0, 0, 0
L 1001, 262, -111, 1001, 264, -112, 0, 0, 0
L 1001, 253, -109, 1001, 262, -111, 0, 0, 0
L 1000, 247, -109, 1001, 253, -109, 0, 0, 0
L 1000, 238, -107, 1000, 247, -109, 0, 0, 0
L 999, 237, -107, 1000, 238, -107, 0, 0, 0
L 998, 231, -103, 999, 237, -107, 0, 0, 0
L 993, 216, -101, 998, 231, -103, 0, 0, 0
L 993, 214, -101, 993, 216, -101, 0, 0, 0
L 992, 203, -99, 993, 214, -101, 0, 0, 0
L 993, 200, -99, 992, 203, -99, 0, 0, 0
L 993, 198, -99, 993, 200, -99, 0, 0, 0
L 994, 196, -102, 993, 198, -99, 0, 0, 0
L 995, 195, -102, 994, 196, -102, 0, 0, 0
L 1013, 195, -102, 995, 195, -102, 0, 0, 0
L 1014, 194, -101, 1013, 195, -102, 0, 0, 0
L 1014, 197, -101, 1014, 194, -101, 0, 0, 0
L 1015, 197, -101, 1014, 197, -101, 0, 0, 0
L 1022, 205, -100, 1015, 197, -101, 0, 0, 0
L 1028, 212, -100, 1022, 205, -100, 0, 0, 0
L 1043, 228, -100, 1028, 212, -100, 0, 0, 0
L 1050, 236, -100, 1043, 228, -100, 0, 0, 0
L 1055, 237, -97, 1050, 236, -100, 0, 0, 0
L 1060, 238, -96, 1055, 237, -97, 0, 0, 0
L 1069, 238, -100, 1060, 238, -96, 0, 0, 0
L 1089, 239, -100, 1069, 238, -100, 0, 0, 0
L 1101, 239, -100, 1089, 239, -100, 0, 0, 0
L 1108, 238, -99, 1101, 239, -100, 0, 0, 0
L 1125, 235, -102, 1108, 238, -99, 0, 0, 0
L 1127, 235, -102, 1125, 235, -102, 0, 0, 0
L 1153, 232, -102, 1127, 235, -102, 0, 0, 0
L 1156, 237, -97, 1153, 232, -102, 0, 0, 0
L 1157, 238, -97, 1156, 237, -97, 0, 0, 0
L 1160, 240, -100, 1157, 238, -97, 0, 0, 0
L 1167, 237, -96, 1160, 240, -100, 0, 0, 0
L 1168, 236, -96, 1167, 237, -96, 0, 0, 0
L 1169, 236, -97, 1168, 236, -96, 0, 0, 0
L 1170, 235, -100, 1169, 236, -97, 0, 0, 0
L 1172, 234, -100, 1170, 235, -100, 0, 0, 0
L 1189, 219, -100, 1172, 234, -100, 0, 0, 0
L 1197, 211, -100, 1189, 219, -100, 0, 0, 0
L 1197, 210, -100, 1197, 211, -100, 0, 0, 0
L 1198, 204, -101, 1197, 210, -100, 0, 0, 0
L 1197, 202, -101, 1198, 204, -101, 0, 0, 0
L 1197, 201, -101, 1197, 202, -101, 0, 0, 0
L 1196, 199, -100, 1197, 201, -101, 0, 0, 0
L 1196, 198, -100, 1196, 199, -100, 0, 0, 0
L 1194, 196, -100, 1196, 198, -100, 0, 0, 0
L 1191, 192, -100, 1194, 196, -100, 0, 0, 0
L 1183, 184, -100, 1191, 192, -100, 0, 0, 0
L 1181, 183, -100, 1183, 184, -100, 0, 0, 0
L 1175, 174, -100, 1181, 183, -100, 0, 0, 0
L 1173, 173, -100, 1175, 174, -100, 0, 0, 0
L 1172, 172, -100, 1173, 173, -100, 0, 0, 0
L 1170, 172, -101, 1172, 172, -100, 0, 0, 0
L 1168, 171, -101, 1170, 172, -101, 0, 0, 0
L 1167, 171, -102, 1168, 171, -101, 0, 0, 0
L 1133, 171, -102, 1167, 171, -102, 0, 0, 0
L 1122, 170, -102, 1133, 171, -102, 0, 0, 0
L 1119, 169, -100, 1122, 170, -102, 0, 0, 0
L 1117, 168, -100, 1119, 169, -100, 0, 0, 0
L 1109, 163, -98, 1117, 168, -100, 0, 0, 0
L 1107, 162, -98, 1109, 163, -98, 0, 0, 0
L 1106, 161, -101, 1107, 162, -98, 0, 0, 0
L 1105, 159, -101, 1106, 161, -101, 0, 0, 0
L 1104, 153, -102, 1105, 159, -101, 0, 0, 0
L 1102, 134, -102, 1104, 153, -102, 0, 0, 0
L 1102, 123, -102, 1102, 134, -102, 0, 0, 0
L 1105, 120, -97, 1102, 123, -102, 0, 0, 0
L 1106, 119, -97, 1105, 120, -97, 0, 0, 0
L 1106, 118, -97, 1106, 119, -97, 0, 0, 0
L 1108, 116, -100, 1106, 118, -97, 0, 0, 0
L 1109, 115, -100, 1108, 116, -100, 0, 0, 0
L 1109, 113, -100, 1109, 115, -100, 0, 0, 0
L 1110, 112, -100, 1109, 113, -100, 0, 0, 0
L 1106, 111, -100, 1110, 112, -100, 0, 0, 0
L 1105, 110, -100, 1106, 111, -100, 0, 0, 0
L 1085, 110, -100, 1105, 110, -100, 0, 0, 0
L 1070, 111, -100, 1085, 110, -100, 0, 0, 0
L 1054, 114, -102, 1070, 111, -100, 0, 0, 0
L 1040, 114, -102, 1054, 114, -102, 0, 0, 0
L 1034, 112, -101, 1040, 114, -102, 0, 0, 0
L 1033, 111, -100, 1034, 112, -101, 0, 0, 0
L 1032, 109, -100, 1033, 111, -100, 0, 0, 0
L 1031, 108, -100, 1032, 109, -100, 0, 0, 0
L 1031, 101, -100, 1031, 108, -100, 0, 0, 0
L 1032, 100, -101, 1031, 101, -100, 0, 0, 0
L 1032, 98, -101, 1032, 100, -101, 0, 0, 0
L 1034, 95, -101, 1032, 98, -101, 0, 0, 0
L 1034, 94, -101, 1034, 95, -101, 0, 0, 0
L 1040, 82, -100, 1034, 94, -101, 0, 0, 0
L 1038, 87, -101, 1040, 82, -100, 0, 0, 0
L 1038, 89, -101, 1038, 87, -101, 0, 0, 0
L 1037, 83, -102, 1038, 89, -101, 0, 0, 0
L 1037, 81, -102, 1037, 83, -102, 0, 0, 0
L 1038, 80, -102, 1037, 81, -102, 0, 0, 0
L 1038, 78, -103, 1038, 80, -102, 0, 0, 0
L 1041, 69, -107, 1038, 78, -103, 0, 0, 0
L 1042, 68, -107, 1041, 69, -107, 0, 0, 0
L 1048, 50, -108, 1042, 68, -107, 0, 0, 0
L 965, 197, -97, 968, 197, -100, 0, 0, 0
L 964, 195, -101, 965, 197, -97, 0, 0, 0
L 963, 194, -101, 964, 195, -101, 0, 0, 0
L 963, 191, -100, 963, 194, -101, 0, 0, 0
L 961, 176, -100, 963, 191, -100, 0, 0, 0
L 961, 161, -100, 961, 176, -100, 0, 0, 0
L 962, 158, -100, 961, 161, -100, 0, 0, 0
L 962, 157, -100, 962, 158, -100, 0, 0, 0
L 965, 151, -101, 962, 157, -100, 0, 0, 0
L 965, 149, -101, 965, 151, -101, 0, 0, 0
L 966, 147, -100, 965, 149, -101, 0, 0, 0
L 967, 145, -100, 966, 147, -100, 0, 0, 0
L 968, 144, -100, 967, 145, -100, 0, 0, 0
L 976, 134, -100, 968, 144, -100, 0, 0, 0
L 977, 132, -100, 976, 134, -100, 0, 0, 0
L 979, 131, -100, 977, 132, -100, 0, 0, 0
L 980, 130, -100, 979, 131, -100, 0, 0, 0
L 983, 128, -100, 980, 130, -100, 0, 0, 0
L 993, 122, -101, 983, 128, -100, 0, 0, 0
L 1008, 117, -102, 993, 122, -101, 0, 0, 0
L 1016, 114, -101, 1008, 117, -102, 0, 0, 0
L 1018, 112, -101, 1016, 114, -101, 0, 0, 0
L 1019, 111, -100, 1018, 112, -101, 0, 0, 0
L 1021, 110, -100, 1019, 111, -100, 0, 0, 0
L 1022, 107, -99, 1021, 110, -100, 0, 0, 0
L 1022, 106, -99, 1022, 107, -99, 0, 0, 0
L 1021, 103, -100, 1022, 106, -99, 0, 0, 0
L 1021, 102, -100, 1021, 103, -100, 0, 0, 0
L 1020, 101, -100, 1021, 102, -100, 0, 0, 0
L 1019, 100, -101, 1020, 101, -100, 0, 0, 0
L 1019, 99, -101, 1019, 100, -101, 0, 0, 0
L 1017, 97, -101, 1019, 99, -101, 0, 0, 0
L 1013, 82, -102, 1017, 97, -101, 0, 0, 0
L 1067, 47, -109, 1057, 48, -108, 0, 0, 0
L 1076, 47, -108, 1067, 47, -109, 0, 0, 0
L 1097, 46, -108, 1076, 47, -108, 0, 0, 0
L 1099, 46, -109, 1097, 46, -108, 0, 0, 0
L 1101, 46, -109, 1099, 46, -109, 0, 0, 0
L 1111, 44, -109, 1101, 46, -109, 0, 0, 0
L 1123, 46, -108, 1111, 44, -109, 0, 0, 0
L 1124, 49, -104, 1123, 46, -108, 0, 0, 0
L 1124, 51, -103, 1124, 49, -104, 0, 0, 0
L 1125, 52, -103, 1124, 51, -103, 0, 0, 0
L 1127, 53, -104, 1125, 52, -103, 0, 0, 0
L 1129, 52, -104, 1127, 53, -104, 0, 0, 0
L 1129, 38, -110, 1129, 52, -104, 0, 0, 0
L 1129, 36, -110, 1129, 38, -110, 0, 0, 0
L 1132, 24, -110, 1129, 36, -110, 0, 0, 0
L 1132, 19, -109, 1132, 24, -110, 0, 0, 0
L 1132, 17, -109, 1132, 19, -109, 0, 0, 0
L 1131, 16, -108, 1132, 17, -109, 0, 0, 0
L 1128, 15, -108, 1131, 16, -108, 0, 0, 0
L 1127, 15, -108, 1128, 15, -108, 0, 0, 0
L 1123, 14, -108, 1127, 15, -108, 0, 0, 0
L 1098, 15, -108, 1123, 14, -108, 0, 0, 0
L 1089, 16, -108, 1098, 15, -108, 0, 0, 0
L 1069, 15, -108, 1089, 16, -108, 0, 0, 0
L 1059, 15, -109, 1069, 15, -108, 0, 0, 0
L 1047, 16, -109, 1059, 15, -109, 0, 0, 0
L 1035, 16, -109, 1047, 16, -109, 0, 0, 0
L 1032, 15, -109, 1035, 16, -109, 0, 0, 0
L 1013, 13, -107, 1032, 15, -109, 0, 0, 0
L 1000, 13, -107, 1013, 13, -107, 0, 0, 0
L 991, 14, -106, 1000, 13, -107, 0, 0, 0
L 981, 14, -107, 991, 14, -106, 0, 0, 0
L 978, 14, -108, 981, 14, -107, 0, 0, 0
L 965, 17, -108, 978, 14, -108, 0, 0, 0
L 961, 17, -109, 965, 17, -108, 0, 0, 0
L 958, 17, -109, 961, 17, -109, 0, 0, 0
L 950, 18, -109, 958, 17, -109, 0, 0, 0
L 949, 18, -109, 950, 18, -109, 0, 0, 0
L 947, 11, -105, 949, 18, -109, 0, 0, 0
L 947, 10, -105, 947, 11, -105, 0, 0, 0
L 946, 8, -105, 947, 10, -105, 0, 0, 0
L 939, -2, -109, 946, 8, -105, 0, 0, 0
L 937, -6, -109, 939, -2, -109, 0, 0, 0
L 937, -7, -109, 937, -6, -109, 0, 0, 0
L 936, -20, -109, 937, -7, -109, 0, 0, 0
L 937, -21, -109, 936, -20, -109, 0, 0, 0
L 937, -24, -110, 937, -21, -109, 0, 0, 0
L 939, -32, -109, 937, -24, -110, 0, 0, 0
L 939, -37, -109, 939, -32, -109, 0, 0, 0
L 940, -40, -109, 939, -37, -109, 0, 0, 0
L 940, -43, -107, 940, -40, -109, 0, 0, 0
L 941, -44, -106, 940, -43, -107, 0, 0, 0
L 941, -49, -105, 941, -44, -106, 0, 0, 0
L 941, -50, -104, 941, -49, -105, 0, 0, 0
L 942, -55, -102, 941, -50, -104, 0, 0, 0
L 942, -56, -102, 942, -55, -102, 0, 0, 0
L 942, -76, -96, 942, -56, -102, 0, 0, 0
L 942, -78, -96, 942, -76, -96, 0, 0, 0
L 945, -86, -96, 942, -78, -96, 0, 0, 0
L 950, -89, -95, 945, -86, -96, 0, 0, 0
L 951, -90, -96, 950, -89, -95, 0, 0, 0
L 952, -91, -96, 951, -90, -96, 0, 0, 0
L 986, -94, -96, 952, -91, -96, 0, 0, 0
L 987, -94, -97, 986, -94, -96, 0, 0, 0
L 997, -96, -97, 987, -94, -97, 0, 0, 0
L 1009, -98, -96, 997, -96, -97, 0, 0, 0
L 1016, -96, -96, 1009, -98, -96, 0, 0, 0
L 1027, -96, -97, 1016, -96, -96, 0, 0, 0
L 1034, -96, -97, 1027, -96, -97, 0, 0, 0
L 1040, -97, -96, 1034, -96, -97, 0, 0, 0
L 1050, -98, -93, 1040, -97, -96, 0, 0, 0
L 1052, -98, -92, 1050, -98, -93, 0, 0, 0
L 1070, -103, -90, 1052, -98, -92, 0, 0, 0
L 1072, -104, -89, 1070, -103, -90, 0, 0, 0
L 1074, -103, -89, 1072, -104, -89, 0, 0, 0
L 1083, -101, -90, 1074, -103, -89, 0, 0, 0
L 1085, -100, -90, 1083, -101, -90, 0, 0, 0
L 1090, -93, -90, 1085, -100, -90, 0, 0, 0
L 1090, -74, -90, 1090, -93, -90, 0, 0, 0
L 1100, -67, -90, 1090, -74, -90, 0, 0, 0
L 1111, -62, -90, 1100, -67, -90, 0, 0, 0
L 1121, -58, -90, 1111, -62, -90, 0, 0, 0
L 1140, -48, -90, 1121, -58, -90, 0, 0, 0
L 1141, -48, -90, 1140, -48, -90, 0, 0, 0
L 1143, -47, -90, 1141, -48, -90, 0, 0, 0
L 1153, -47, -90, 1143, -47, -90, 0, 0, 0
L 1154, -48, -90, 1153, -47, -90, 0, 0, 0
L 1156, -48, -90, 1154, -48, -90, 0, 0, 0
L 1159, -49, -90, 1156, -48, -90, 0, 0, 0
L 1161, -50, -90, 1159, -49, -90, 0, 0, 0
L 1168, -53, -90, 1161, -50, -90, 0, 0, 0
L 1171, -54, -90, 1168, -53, -90, 0, 0, 0
L 1180, -60, -90, 1171, -54, -90, 0, 0, 0
L 1181, -61, -90, 1180, -60, -90, 0, 0, 0
L 1183, -62, -90, 1181, -61, -90, 0, 0, 0
L 1184, -62, -90, 1183, -62, -90, 0, 0, 0
L 1202, -65, -90, 1184, -62, -90, 0, 0, 0
L 1205, -67, -90, 1202, -65, -90, 0, 0, 0
L 1207, -71, -90, 1205, -67, -90, 0, 0, 0
L 1209, -74, -90, 1207, -71, -90, 0, 0, 0
L 1210, -79, -90, 1209, -74, -90, 0, 0, 0
L 1211, -81, -89, 1210, -79, -90, 0, 0, 0
L 1211, -84, -88, 1211, -81, -89, 0, 0, 0
L 1212, -85, -88, 1211, -84, -88, 0, 0, 0
L 1212, -87, -91, 1212, -85, -88, 0, 0, 0
L 1212, -90, -91, 1212, -87, -91, 0, 0, 0
L 1215, -101, -90, 1212, -90, -91, 0, 0, 0
L 1215, -108, -90, 1215, -101, -90, 0, 0, 0
L 1213, -121, -90, 1215, -108, -90, 0, 0, 0
L 1212, -125, -91, 1213, -121, -90, 0, 0, 0
L 1212, -127, -91, 1212, -125, -91, 0, 0, 0
L 1210, -131, -90, 1212, -127, -91, 0, 0, 0
L 1211, -133, -90, 1210, -131, -90, 0, 0, 0
L 1209, -135, -90, 1211, -133, -90, 0, 0, 0
L 1207, -138, -90, 1209, -135, -90, 0, 0, 0
L 1200, -143, -90, 1207, -138, -90, 0, 0, 0
L 1196, -147, -90, 1200, -143, -90, 0, 0, 0
L 1176, -156, -90, 1196, -147, -90, 0, 0, 0
L 1167, -159, -91, 1176, -156, -90, 0, 0, 0
L 1166, -160, -91, 1167, -159, -91, 0, 0, 0
L 1162, -161, -91, 1166, -160, -91, 0, 0, 0
L 1149, -161, -91, 1162, -161, -91, 0, 0, 0
L 1147, -160, -91, 1149, -161, -91, 0, 0, 0
L 1141, -158, -91, 1147, -160, -91, 0, 0, 0
L 1122, -150, -90, 1141, -158, -91, 0, 0, 0
L 1112, -148, -90, 1122, -150, -90, 0, 0, 0
L 1099, -145, -90, 1112, -148, -90, 0, 0, 0
L 1095, -140, -91, 1099, -145, -90, 0, 0, 0
L 1094, -137, -90, 1095, -140, -91, 0, 0, 0
L 1085, -119, -90, 1094, -137, -90, 0, 0, 0
L 1084, -118, -90, 1085, -119, -90, 0, 0, 0
L 1083, -116, -90, 1084, -118, -90, 0, 0, 0
L 1074, -116, -89, 1083, -116, -90, 0, 0, 0
L 1073, -116, -90, 1074, -116, -89, 0, 0, 0
L 1067, -118, -90, 1073, -116, -90, 0, 0, 0
L 1063, -120, -90, 1067, -118, -90, 0, 0, 0
L 1056, -121, -91, 1063, -120, -90, 0, 0, 0
L 1047, -123, -94, 1056, -121, -91, 0, 0, 0
L 1038, -124, -96, 1047, -123, -94, 0, 0, 0
L 1027, -124, -96, 1038, -124, -96, 0, 0, 0
L 1018, -124, -95, 1027, -124, -96, 0, 0, 0
L 1009, -124, -97, 1018, -124, -95, 0, 0, 0
L 1000, -123, -97, 1009, -124, -97, 0, 0, 0
L 983, -123, -97, 1000, -123, -97, 0, 0, 0
L 964, -123, -96, 983, -123, -97, 0, 0, 0
L 956, -124, -97, 964, -123, -96, 0, 0, 0
L 954, -124, -96, 956, -124, -97, 0, 0, 0
L 948, -126, -96, 954, -124, -96, 0, 0, 0
L 944, -141, -93, 948, -126, -96, 0, 0, 0
L 942, -151, -96, 942, -142, -95, 0, 0, 0
L 941, -160, -96, 942, -151, -96, 0, 0, 0
L 941, -164, -96, 941, -160, -96, 0, 0, 0
L 940, -171, -96, 941, -164, -96, 0, 0, 0
L 939, -201, -97, 940, -171, -96, 0, 0, 0
L 941, -221, -96, 939, -201, -97, 0, 0, 0
L 941, -229, -96, 941, -221, -96, 0, 0, 0
L 942, -244, -95, 941, -229, -96, 0, 0, 0
L 941, -246, -96, 942, -244, -95, 0, 0, 0
L 939, -252, -96, 941, -246, -96, 0, 0, 0
L 936, -258, -96, 939, -252, -96, 0, 0, 0
L 936, -263, -96, 936, -258, -96, 0, 0, 0
L 937, -265, -96, 936, -263, -96, 0, 0, 0
L 938, -268, -97, 937, -265, -96, 0, 0, 0
L 940, -275, -97, 938, -268, -97, 0, 0, 0
L 941, -276, -95, 940, -275, -97, 0, 0, 0
L 944, -285, -94, 941, -276, -95, 0, 0, 0
L 945, -286, -95, 944, -285, -94, 0, 0, 0
L 948, -289, -94, 945, -286, -95, 0, 0, 0
L 950, -289, -93, 948, -289, -94, 0, 0, 0
L 952, -289, -93, 950, -289, -93, 0, 0, 0
L 960, -295, -97, 952, -289, -93, 0, 0, 0
L 961, -296, -97, 960, -295, -97, 0, 0, 0
L 968, -297, -96, 961, -296, -97, 0, 0, 0
L 970, -298, -96, 968, -297, -96, 0, 0, 0
L 980, -298, -98, 970, -298, -96, 0, 0, 0
L 982, -298, -98, 980, -298, -98, 0, 0, 0
L 996, -296, -97, 982, -298, -98, 0, 0, 0
L 1005, -295, -96, 996, -296, -97, 0, 0, 0
L 1007, -294, -97, 1005, -295, -96, 0, 0, 0
L 1021, -293, -96, 1007, -294, -97, 0, 0, 0
L 1024, -293, -96, 1021, -293, -96, 0, 0, 0
L 1037, -293, -97, 1024, -293, -96, 0, 0, 0
L 1048, -293, -97, 1037, -293, -97, 0, 0, 0
L 1059, -295, -97, 1048, -293, -97, 0, 0, 0
L 1068, -294, -96, 1059, -295, -97, 0, 0, 0
L 1078, -294, -97, 1068, -294, -96, 0, 0, 0
L 1093, -294, -97, 1078, -294, -97, 0, 0, 0
L 1102, -294, -96, 1093, -294, -97, 0, 0, 0
L 1111, -294, -96, 1102, -294, -96, 0, 0, 0
L 1113, -293, -96, 1111, -294, -96, 0, 0, 0
L 1122, -292, -95, 1113, -293, -96, 0, 0, 0
L 1123, -292, -95, 1122, -292, -95, 0, 0, 0
L 1125, -293, -96, 1123, -292, -95, 0, 0, 0
L 1126, -295, -96, 1125, -293, -96, 0, 0, 0
L 1127, -295, -96, 1126, -295, -96, 0, 0, 0
L 1127, -297, -97, 1127, -295, -96, 0, 0, 0
L 1128, -298, -97, 1127, -297, -97, 0, 0, 0
L 1128, -300, -97, 1128, -298, -97, 0, 0, 0
L 1129, -301, -97, 1128, -300, -97, 0, 0, 0
L 1129, -319, -97, 1129, -301, -97, 0, 0, 0
L 1101, -329, -93, 1129, -319, -97, 0, 0, 0
L 1038, -329, -94, 1040, -332, -93, 0, 0, 0
L 1033, -327, -95, 1038, -329, -94, 0, 0, 0
L 1032, -327, -96, 1033, -327, -95, 0, 0, 0
L 1022, -326, -96, 1032, -327, -96, 0, 0, 0
L 1000, -326, -96, 1022, -326, -96, 0, 0, 0
L 981, -325, -95, 1000, -326, -96, 0, 0, 0
L 971, -325, -94, 981, -325, -95, 0, 0, 0
L 970, -325, -94, 971, -325, -94, 0, 0, 0
L 965, -326, -95, 970, -325, -94, 0, 0, 0
L 964, -326, -96, 965, -326, -95, 0, 0, 0
L 956, -327, -96, 964, -326, -96, 0, 0, 0
L 949, -330, -93, 956, -327, -96, 0, 0, 0
L 945, -332, -95, 949, -330, -93, 0, 0, 0
L 944, -333, -95, 945, -332, -95, 0, 0, 0
L 943, -335, -95, 944, -333, -95, 0, 0, 0
L 943, -346, -94, 943, -335, -95, 0, 0, 0
L 943, -348, -95, 943, -346, -94, 0, 0, 0
L 937, -356, -97, 943, -348, -95, 0, 0, 0
L 937, -357, -97, 937, -356, -97, 0, 0, 0
L 942, -365, -95, 937, -357, -97, 0, 0, 0
L 944, -366, -90, 942, -365, -95, 0, 0, 0
L 945, -367, -90, 944, -366, -90, 0, 0, 0
L 946, -370, -92, 945, -367, -90, 0, 0, 0
L 946, -372, -92, 946, -370, -92, 0, 0, 0
L 944, -373, -94, 946, -372, -92, 0, 0, 0
L 943, -373, -96, 944, -373, -94, 0, 0, 0
L 941, -374, -97, 943, -373, -96, 0, 0, 0
L 912, -374, -98, 941, -374, -97, 0, 0, 0
L 910, -374, -97, 912, -374, -98, 0, 0, 0
L 908, -373, -97, 910, -374, -97, 0, 0, 0
L 908, -370, -96, 908, -373, -97, 0, 0, 0
L 908, -368, -96, 908, -370, -96, 0, 0, 0
L 907, -351, -96, 908, -368, -96, 0, 0, 0
L 908, -349, -96, 907, -351, -96, 0, 0, 0
L 908, -314, -97, 908, -349, -96, 0, 0, 0
L 907, -308, -96, 908, -314, -97, 0, 0, 0
L 906, -292, -96, 907, -308, -96, 0, 0, 0
L 907, -289, -96, 906, -292, -96, 0, 0, 0
L 908, -286, -97, 907, -289, -96, 0, 0, 0
L 910, -281, -96, 908, -286, -97, 0, 0, 0
L 910, -280, -97, 910, -281, -96, 0, 0, 0
L 911, -278, -97, 910, -280, -97, 0, 0, 0
L 909, -263, -95, 911, -278, -97, 0, 0, 0
L 908, -260, -94, 909, -263, -95, 0, 0, 0
L 908, -255, -94, 908, -260, -94, 0, 0, 0
L 907, -247, -96, 908, -255, -94, 0, 0, 0
L 907, -230, -96, 907, -247, -96, 0, 0, 0
L 897, -225, -96, 907, -230, -96, 0, 0, 0
L 896, -225, -96, 897, -225, -96, 0, 0, 0
L 882, -224, -92, 896, -225, -96, 0, 0, 0
L 1013, 87, -101, 1013, 89, -101, 0, 0, 0
L 1013, 86, -102, 1013, 87, -101, 0, 0, 0
L 1011, 75, -105, 1013, 86, -102, 0, 0, 0
L 1011, 73, -106, 1011, 75, -105, 0, 0, 0
L 1010, 67, -108, 1011, 73, -106, 0, 0, 0
L 1010, 65, -108, 1010, 67, -108, 0, 0, 0
L 1007, 59, -106, 1010, 65, -108, 0, 0, 0
L 1006, 57, -106, 1007, 59, -106, 0, 0, 0
L 1003, 54, -106, 1006, 57, -106, 0, 0, 0
L 1003, 53, -107, 1003, 54, -106, 0, 0, 0
L 994, 52, -105, 1003, 53, -107, 0, 0, 0
L 974, 51, -107, 994, 52, -105, 0, 0, 0
L 964, 50, -108, 974, 51, -107, 0, 0, 0
L 955, 51, -106, 964, 50, -108, 0, 0, 0
L 946, 51, -106, 955, 51, -106, 0, 0, 0
L 936, 52, -106, 946, 51, -106, 0, 0, 0
L 934, 52, -106, 936, 52, -106, 0, 0, 0
L 924, 50, -105, 934, 52, -106, 0, 0, 0
L 921, 49, -107, 924, 50, -105, 0, 0, 0
L 920, 48, -108, 921, 49, -107, 0, 0, 0
L 918, 47, -108, 920, 48, -108, 0, 0, 0
L 917, 46, -107, 918, 47, -108, 0, 0, 0
L 915, 44, -107, 917, 46, -107, 0, 0, 0
L 914, 42, -108, 915, 44, -107, 0, 0, 0
L 913, 41, -108, 914, 42, -108, 0, 0, 0
L 908, 30, -107, 913, 41, -108, 0, 0, 0
L 907, 28, -107, 908, 30, -107, 0, 0, 0
L 907, 26, -108, 907, 28, -107, 0, 0, 0
L 906, 11, -107, 907, 26, -108, 0, 0, 0
L 907, 6, -107, 906, 11, -107, 0, 0, 0
L 907, 5, -107, 907, 6, -107, 0, 0, 0
L 908, -0, -108, 907, 5, -107, 0, 0, 0
L 908, -39, -108, 908, -0, -108, 0, 0, 0
L 908, -41, -107, 908, -39, -108, 0, 0, 0
L 908, -75, -95, 908, -41, -107, 0, 0, 0
L 908, -77, -95, 908, -75, -95, 0, 0, 0
L 908, -96, -96, 908, -77, -95, 0, 0, 0
L 908, -153, -96, 908, -96, -96, 0, 0, 0
L 909, -159, -97, 908, -153, -96, 0, 0, 0
L 910, -166, -96, 909, -159, -97, 0, 0, 0
L 910, -178, -97, 910, -166, -96, 0, 0, 0
L 910, -184, -97, 910, -178, -97, 0, 0, 0
L 909, -186, -97, 910, -184, -97, 0, 0, 0
L 907, -186, -95, 909, -186, -97, 0, 0, 0
L 898, -187, -92, 907, -186, -95, 0, 0, 0
L 895, -187, -92, 898, -187, -92, 0, 0, 0
L 897, -187, -92, 902, -187, -95, 0, 0, 0
L 871, -189, -84, 897, -187, -92, 0, 0, 0
L 894, -225, -96, 899, -227, -95, 0, 0, 0
L 893, -224, -96, 894, -225, -96, 0, 0, 0
L 886, -223, -93, 893, -224, -96, 0, 0, 0
L 885, -223, -93, 886, -223, -93, 0, 0, 0
L 865, -224, -85, 885, -223, -93, 0, 0, 0
L 846, -223, -81, 865, -224, -85, 0, 0, 0
L 836, -223, -84, 846, -223, -81, 0, 0, 0
L 832, -223, -84, 836, -223, -84, 0, 0, 0
L 820, -226, -83, 832, -223, -84, 0, 0, 0
L 818, -226, -83, 820, -226, -83, 0, 0, 0
L 817, -226, -84, 818, -226, -83, 0, 0, 0
L 815, -226, -83, 817, -226, -84, 0, 0, 0
L 814, -226, -84, 815, -226, -83, 0, 0, 0
L 811, -225, -84, 814, -226, -84, 0, 0, 0
L 810, -225, -84, 811, -225, -84, 0, 0, 0
L 796, -220, -84, 810, -225, -84, 0, 0, 0
L 794, -220, -83, 796, -220, -84, 0, 0, 0
L 768, -226, -84, 794, -220, -83, 0, 0, 0
L 848, -187, -79, 845, -187, -78, 0, 0, 0
L 856, -187, -79, 848, -187, -79, 0, 0, 0
L 858, -187, -80, 856, -187, -79, 0, 0, 0
L 860, -187, -80, 858, -187, -80, 0, 0, 0
L 865, -188, -83, 860, -187, -80, 0, 0, 0
L 870, -190, -86, 865, -188, -83, 0, 0, 0
L 871, -190, -87, 870, -190, -86, 0, 0, 0
L 864, -192, -86, 871, -190, -87, 0, 0, 0
L 861, -193, -84, 864, -192, -86, 0, 0, 0
L 851, -194, -84, 861, -193, -84, 0, 0, 0
L 825, -193, -84, 851, -194, -84, 0, 0, 0
L 810, -191, -84, 825, -193, -84, 0, 0, 0
L 800, -191, -80, 810, -191, -84, 0, 0, 0
L 786, -191, -80, 808, -191, -83, 0, 0, 0
L 787, -191, -80, 786, -191, -80, 0, 0, 0
L 785, -191, -81, 787, -191, -80, 0, 0, 0
L 782, -191, -83, 785, -191, -81, 0, 0, 0
L 769, -189, -81, 782, -191, -83, 0, 0, 0
L 763, -186, -83, 769, -189, -81, 0, 0, 0
L 762, -185, -81, 763, -186, -83, 0, 0, 0
L 761, -182, -82, 762, -185, -81, 0, 0, 0
L 760, -181, -83, 761, -182, -82, 0, 0, 0
L 760, -180, -84, 760, -181, -83, 0, 0, 0
L 756, -168, -84, 760, -180, -84, 0, 0, 0
L 759, -225, -84, 762, -225, -84, 0, 0, 0
L 739, -224, -84, 759, -225, -84, 0, 0, 0
L 728, -224, -81, 739, -224, -84, 0, 0, 0
L 708, -224, -84, 728, -224, -81, 0, 0, 0
L 696, -224, -84, 708, -224, -84, 0, 0, 0
L 686, -226, -84, 696, -224, -84, 0, 0, 0
L 681, -229, -80, 686, -226, -84, 0, 0, 0
L 680, -230, -80, 681, -229, -80, 0, 0, 0
L 678, -230, -80, 680, -230, -80, 0, 0, 0
L 678, -229, -82, 678, -230, -80, 0, 0, 0
L 677, -227, -83, 678, -229, -82, 0, 0, 0
L 677, -226, -84, 677, -227, -83, 0, 0, 0
L 676, -221, -85, 677, -226, -84, 0, 0, 0
L 676, -220, -85, 676, -221, -85, 0, 0, 0
L 677, -217, -85, 676, -220, -85, 0, 0, 0
L 678, -211, -85, 677, -217, -85, 0, 0, 0
L 678, -198, -85, 678, -211, -85, 0, 0, 0
L 677, -194, -84, 678, -198, -85, 0, 0, 0
L 677, -192, -83, 677, -194, -84, 0, 0, 0
L 676, -191, -82, 677, -192, -83, 0, 0, 0
L 678, -190, -81, 676, -191, -82, 0, 0, 0
L 686, -190, -82, 678, -190, -81, 0, 0, 0
L 696, -190, -81, 686, -190, -82, 0, 0, 0
L 697, -190, -80, 696, -190, -81, 0, 0, 0
L 699, -190, -80, 697, -190, -80, 0, 0, 0
L 708, -189, -81, 699, -190, -80, 0, 0, 0
L 717, -188, -81, 708, -189, -81, 0, 0, 0
L 718, -187, -81, 717, -188, -81, 0, 0, 0
L 720, -186, -81, 718, -187, -81, 0, 0, 0
L 722, -185, -82, 720, -186, -81, 0, 0, 0
L 723, -185, -82, 722, -185, -82, 0, 0, 0
L 724, -183, -82, 723, -185, -82, 0, 0, 0
L 725, -181, -83, 724, -183, -82, 0, 0, 0
L 726, -173, -83, 725, -181, -83, 0, 0, 0
L 725, -174, -83, 721, -178, -80, 0, 0, 0
L 726, -172, -84, 725, -174, -83, 0, 0, 0
L 728, -170, -84, 726, -172, -84, 0, 0, 0
L 730, -167, -83, 728, -170, -84, 0, 0, 0
L 730, -159, -83, 730, -167, -83, 0, 0, 0
L 731, -158, -83, 730, -159, -83, 0, 0, 0
L 725, -149, -84, 731, -158, -83, 0, 0, 0
L 726, -141, -83, 725, -149, -84, 0, 0, 0
L 726, -140, -84, 726, -141, -83, 0, 0, 0
L 726, -135, -84, 726, -140, -84, 0, 0, 0
L 727, -132, -84, 726, -135, -84, 0, 0, 0
L 728, -127, -84, 727, -132, -84, 0, 0, 0
L 730, -122, -85, 728, -127, -84, 0, 0, 0
L 730, -121, -85, 730, -122, -85, 0, 0, 0
L 731, -119, -85, 730, -121, -85, 0, 0, 0
L 731, -106, -85, 731, -119, -85, 0, 0, 0
L 758, -173, -84, 759, -174, -84, 0, 0, 0
L 757, -171, -84, 758, -173, -84, 0, 0, 0
L 757, -170, -84, 757, -171, -84, 0, 0, 0
L 755, -167, -83, 757, -170, -84, 0, 0, 0
L 755, -166, -83, 755, -167, -83, 0, 0, 0
L 753, -164, -83, 755, -166, -83, 0, 0, 0
L 752, -162, -83, 753, -164, -83, 0, 0, 0
L 757, -154, -84, 752, -162, -83, 0, 0, 0
L 758, -152, -84, 757, -154, -84, 0, 0, 0
L 760, -143, -82, 758, -152, -84, 0, 0, 0
L 761, -139, -82, 760, -143, -82, 0, 0, 0
L 761, -137, -82, 761, -139, -82, 0, 0, 0
L 758, -126, -84, 761, -137, -82, 0, 0, 0
L 755, -117, -84, 758, -126, -84, 0, 0, 0
L 754, -113, -85, 755, -117, -84, 0, 0, 0
L 754, -112, -85, 754, -113, -85, 0, 0, 0
L 752, -101, -85, 754, -112, -85, 0, 0, 0
L 753, -99, -86, 752, -101, -85, 0, 0, 0
L 755, -97, -86, 753, -99, -86, 0, 0, 0
L 756, -96, -87, 755, -97, -86, 0, 0, 0
L 757, -95, -87, 756, -96, -87, 0, 0, 0
L 759, -94, -87, 757, -95, -87, 0, 0, 0
L 760, -94, -86, 759, -94, -87, 0, 0, 0
L 762, -94, -86, 760, -94, -86, 0, 0, 0
L 766, -91, -86, 762, -94, -86, 0, 0, 0
L 718, -89, -86, 710, -89, -86, 0, 0, 0
L 727, -94, -87, 718, -89, -86, 0, 0, 0
L 729, -95, -87, 727, -94, -87, 0, 0, 0
L 732, -99, -85, 729, -95, -87, 0, 0, 0
L 732, -100, -85, 732, -99, -85, 0, 0, 0
L 731, -104, -85, 732, -100, -85, 0, 0, 0
L 699, -87, -84, 705, -90, -86, 0, 0, 0
L 697, -86, -86, 699, -87, -84, 0, 0, 0
L 696, -85, -86, 697, -86, -86, 0, 0, 0
L 693, -83, -86, 696, -85, -86, 0, 0, 0
L 686, -75, -86, 693, -83, -86, 0, 0, 0
L 674, -68, -78, 686, -75, -86, 0, 0, 0
L 672, -67, -78, 674, -68, -78, 0, 0, 0
L 669, -65, -78, 672, -67, -78, 0, 0, 0
L 668, -63, -78, 669, -65, -78, 0, 0, 0
L 667, -62, -77, 668, -63, -78, 0, 0, 0
L 665, -60, -77, 667, -62, -77, 0, 0, 0
L 658, -49, -77, 665, -60, -77, 0, 0, 0
L 648, -39, -77, 658, -49, -77, 0, 0, 0
L 648, -38, -77, 648, -39, -77, 0, 0, 0
L 647, -36, -77, 648, -38, -77, 0, 0, 0
L 645, -30, -77, 647, -36, -77, 0, 0, 0
L 645, -28, -77, 645, -30, -77, 0, 0, 0
L 644, -26, -78, 645, -28, -77, 0, 0, 0
L 643, -25, -82, 644, -26, -78, 0, 0, 0
L 643, -24, -82, 643, -25, -82, 0, 0, 0
L 642, -18, -81, 643, -24, -82, 0, 0, 0
L 642, -9, -81, 642, -18, -81, 0, 0, 0
L 642, -2, -82, 642, -9, -81, 0, 0, 0
L 644, 13, -81, 642, -2, -82, 0, 0, 0
L 646, 28, -81, 644, 13, -81, 0, 0, 0
L 644, 29, -82, 646, 28, -81, 0, 0, 0
L 644, 56, -82, 644, 29, -82, 0, 0, 0
L 643, 63, -82, 644, 56, -82, 0, 0, 0
L 643, 82, -82, 643, 63, -82, 0, 0, 0
L 773, -88, -84, 771, -90, -84, 0, 0, 0
L 780, -80, -86, 773, -88, -84, 0, 0, 0
L 781, -79, -86, 780, -80, -86, 0, 0, 0
L 790, -77, -86, 781, -79, -86, 0, 0, 0
L 793, -77, -86, 790, -77, -86, 0, 0, 0
L 795, -76, -86, 793, -77, -86, 0, 0, 0
L 803, -69, -86, 795, -76, -86, 0, 0, 0
L 805, -68, -86, 803, -69, -86, 0, 0, 0
L 815, -57, -86, 805, -68, -86, 0, 0, 0
L 817, -54, -86, 815, -57, -86, 0, 0, 0
L 823, -43, -86, 817, -54, -86, 0, 0, 0
L 824, -42, -86, 823, -43, -86, 0, 0, 0
L 825, -39, -86, 824, -42, -86, 0, 0, 0
L 827, -25, -86, 825, -39, -86, 0, 0, 0
L 828, -22, -86, 827, -25, -86, 0, 0, 0
L 834, -8, -86, 828, -22, -86, 0, 0, 0
L 834, -5, -86, 834, -8, -86, 0, 0, 0
L 835, 3, -86, 834, -5, -86, 0, 0, 0
L 834, 15, -86, 835, 3, -86, 0, 0, 0
L 831, 31, -86, 834, 15, -86, 0, 0, 0
L 831, 55, -86, 831, 31, -86, 0, 0, 0
L 832, 57, -86, 831, 55, -86, 0, 0, 0
L 832, 84, -86, 832, 57, -86, 0, 0, 0
L 830, 110, -86, 832, 84, -86, 0, 0, 0
L 830, 130, -86, 830, 110, -86, 0, 0, 0
L 831, 132, -86, 830, 130, -86, 0, 0, 0
L 833, 134, -86, 831, 132, -86, 0, 0, 0
L 834, 140, -86, 833, 134, -86, 0, 0, 0
L 835, 163, -86, 834, 140, -86, 0, 0, 0
L 834, 172, -86, 835, 163, -86, 0, 0, 0
L 834, 174, -86, 834, 172, -86, 0, 0, 0
L 831, 180, -86, 834, 174, -86, 0, 0, 0
L 831, 184, -86, 831, 180, -86, 0, 0, 0
L 824, 192, -86, 831, 184, -86, 0, 0, 0
L 817, 202, -86, 824, 192, -86, 0, 0, 0
L 817, 204, -86, 817, 202, -86, 0, 0, 0
L 810, 215, -86, 817, 204, -86, 0, 0, 0
L 808, 217, -86, 810, 215, -86, 0, 0, 0
L 798, 225, -86, 808, 217, -86, 0, 0, 0
L 795, 228, -86, 798, 225, -86, 0, 0, 0
L 777, 238, -83, 795, 228, -86, 0, 0, 0
L 778, 242, -85, 777, 238, -83, 0, 0, 0
L 778, 243, -85, 778, 242, -85, 0, 0, 0
L 778, 244, -86, 778, 243, -85, 0, 0, 0
L 777, 246, -86, 778, 244, -86, 0, 0, 0
L 775, 246, -86, 777, 246, -86, 0, 0, 0
L 766, 245, -86, 775, 246, -86, 0, 0, 0
L 762, 245, -86, 766, 245, -86, 0, 0, 0
L 761, 246, -86, 762, 245, -86, 0, 0, 0
L 759, 247, -86, 761, 246, -86, 0, 0, 0
L 758, 248, -86, 759, 247, -86, 0, 0, 0
L 756, 248, -87, 758, 248, -86, 0, 0, 0
L 755, 249, -86, 756, 248, -87, 0, 0, 0
L 753, 249, -86, 755, 249, -86, 0, 0, 0
L 744, 257, -85, 753, 249, -86, 0, 0, 0
L 744, 260, -84, 744, 257, -85, 0, 0, 0
L 744, 261, -85, 744, 260, -84, 0, 0, 0
L 745, 267, -85, 744, 261, -85, 0, 0, 0
L 748, 277, -85, 745, 267, -85, 0, 0, 0
L 640, 80, -86, 640, 73, -85, 0, 0, 0
L 640, 82, -86, 640, 80, -86, 0, 0, 0
L 644, 96, -86, 640, 82, -86, 0, 0, 0
L 645, 98, -86, 644, 96, -86, 0, 0, 0
L 645, 100, -86, 645, 98, -86, 0, 0, 0
L 646, 104, -86, 645, 100, -86, 0, 0, 0
L 646, 106, -86, 646, 104, -86, 0, 0, 0
L 645, 108, -86, 646, 106, -86, 0, 0, 0
L 645, 124, -86, 645, 108, -86, 0, 0, 0
L 644, 125, -86, 645, 124, -86, 0, 0, 0
L 640, 131, -86, 644, 125, -86, 0, 0, 0
L 639, 133, -85, 640, 131, -86, 0, 0, 0
L 639, 149, -86, 639, 133, -85, 0, 0, 0
L 644, 167, -86, 639, 149, -86, 0, 0, 0
L 644, 180, -86, 644, 167, -86, 0, 0, 0
L 644, 182, -85, 644, 180, -86, 0, 0, 0
L 647, 186, -86, 644, 182, -85, 0, 0, 0
L 649, 191, -86, 647, 186, -86, 0, 0, 0
L 650, 194, -86, 649, 191, -86, 0, 0, 0
L 654, 208, -86, 650, 194, -86, 0, 0, 0
L 654, 209, -86, 654, 208, -86, 0, 0, 0
L 656, 210, -86, 654, 209, -86, 0, 0, 0
L 660, 215, -86, 656, 210, -86, 0, 0, 0
L 661, 215, -86, 660, 215, -86, 0, 0, 0
L 664, 216, -85, 661, 215, -86, 0, 0, 0
L 673, 218, -84, 664, 216, -85, 0, 0, 0
L 675, 218, -84, 673, 218, -84, 0, 0, 0
L 677, 219, -84, 675, 218, -84, 0, 0, 0
L 678, 219, -84, 677, 219, -84, 0, 0, 0
L 680, 221, -84, 678, 219, -84, 0, 0, 0
L 681, 221, -86, 680, 221, -84, 0, 0, 0
L 684, 224, -86, 681, 221, -86, 0, 0, 0
L 692, 234, -86, 684, 224, -86, 0, 0, 0
L 693, 235, -86, 692, 234, -86, 0, 0, 0
L 694, 237, -85, 693, 235, -86, 0, 0, 0
L 694, 238, -85, 694, 237, -85, 0, 0, 0
L 693, 241, -86, 694, 238, -85, 0, 0, 0
L 693, 244, -86, 693, 241, -86, 0, 0, 0
L 692, 247, -86, 693, 244, -86, 0, 0, 0
L 700, 245, -86, 692, 247, -86, 0, 0, 0
L 701, 244, -85, 700, 245, -86, 0, 0, 0
L 705, 245, -86, 701, 244, -85, 0, 0, 0
L 708, 246, -86, 705, 245, -86, 0, 0, 0
L 710, 248, -86, 708, 246, -86, 0, 0, 0
L 720, 253, -86, 710, 248, -86, 0, 0, 0
L 721, 254, -85, 720, 253, -86, 0, 0, 0
L 722, 256, -85, 721, 254, -85, 0, 0, 0
L 723, 257, -85, 722, 256, -85, 0, 0, 0
L 725, 259, -84, 723, 257, -85, 0, 0, 0
L 725, 260, -84, 725, 259, -84, 0, 0, 0
L 724, 262, -84, 725, 260, -84, 0, 0, 0
L 724, 264, -84, 724, 262, -84, 0, 0, 0
L 720, 273, -83, 724, 264, -84, 0, 0, 0
L 654, 395, -81, 655, 407, -83, 0, 0, 0
L 655, 392, -80, 654, 395, -81, 0, 0, 0
L 655, 391, -80, 655, 392, -80, 0, 0, 0
L 659, 389, -80, 655, 391, -80, 0, 0, 0
L 663, 389, -80, 659, 389, -80, 0, 0, 0
L 665, 389, -81, 663, 389, -80, 0, 0, 0
L 680, 379, -82, 665, 389, -81, 0, 0, 0
L 681, 379, -82, 680, 379, -82, 0, 0, 0
L 685, 380, -84, 681, 379, -82, 0, 0, 0
L 687, 381, -84, 685, 380, -84, 0, 0, 0
L 689, 381, -84, 687, 381, -84, 0, 0, 0
L 700, 383, -84, 689, 381, -84, 0, 0, 0
L 718, 385, -84, 700, 383, -84, 0, 0, 0
L 727, 385, -83, 718, 385, -84, 0, 0, 0
L 737, 386, -83, 727, 385, -83, 0, 0, 0
L 748, 385, -84, 737, 386, -83, 0, 0, 0
L 756, 384, -84, 748, 385, -84, 0, 0, 0
L 765, 382, -83, 756, 384, -84, 0, 0, 0
L 766, 381, -82, 765, 382, -83, 0, 0, 0
L 772, 381, -82, 766, 381, -82, 0, 0, 0
L 776, 382, -82, 772, 381, -82, 0, 0, 0
L 787, 385, -80, 776, 382, -82, 0, 0, 0
L 788, 385, -79, 787, 385, -80, 0, 0, 0
L 790, 386, -79, 788, 385, -79, 0, 0, 0
L 792, 388, -79, 790, 386, -79, 0, 0, 0
L 793, 390, -79, 792, 388, -79, 0, 0, 0
L 798, 390, -79, 793, 390, -79, 0, 0, 0
L 798, 371, -81, 798, 390, -79, 0, 0, 0
L 799, 363, -81, 798, 371, -81, 0, 0, 0
L 799, 358, -81, 799, 363, -81, 0, 0, 0
L 799, 356, -82, 799, 358, -81, 0, 0, 0
L 800, 352, -81, 799, 356, -82, 0, 0, 0
L 800, 350, -81, 800, 352, -81, 0, 0, 0
L 798, 350, -80, 800, 350, -81, 0, 0, 0
L 795, 349, -80, 798, 350, -80, 0, 0, 0
L 788, 350, -82, 795, 349, -80, 0, 0, 0
L 769, 351, -83, 788, 350, -82, 0, 0, 0
L 759, 352, -81, 769, 351, -83, 0, 0, 0
L 757, 352, -81, 759, 352, -81, 0, 0, 0
L 754, 349, -81, 757, 352, -81, 0, 0, 0
L 753, 348, -80, 754, 349, -81, 0, 0, 0
L 754, 342, -80, 753, 348, -80, 0, 0, 0
L 754, 340, -81, 754, 342, -80, 0, 0, 0
L 753, 339, -82, 754, 340, -81, 0, 0, 0
L 753, 337, -82, 753, 339, -82, 0, 0, 0
L 752, 336, -84, 753, 337, -82, 0, 0, 0
L 745, 327, -83, 752, 336, -84, 0, 0, 0
L 745, 321, -83, 745, 327, -83, 0, 0, 0
L 749, 314, -84, 745, 321, -83, 0, 0, 0
L 749, 313, -84, 749, 314, -84, 0, 0, 0
L 750, 311, -84, 749, 313, -84, 0, 0, 0
L 749, 309, -84, 750, 311, -84, 0, 0, 0
L 749, 307, -84, 749, 309, -84, 0, 0, 0
L 748, 305, -84, 749, 307, -84, 0, 0, 0
L 748, 273, -82, 748, 305, -84, 0, 0, 0
L 720, 277, -83, 720, 276, -83, 0, 0, 0
L 721, 285, -84, 720, 277, -83, 0, 0, 0
L 721, 287, -84, 721, 285, -84, 0, 0, 0
L 720, 300, -84, 721, 287, -84, 0, 0, 0
L 720, 301, -84, 720, 300, -84, 0, 0, 0
L 721, 307, -84, 720, 301, -84, 0, 0, 0
L 722, 316, -83, 721, 307, -84, 0, 0, 0
L 723, 321, -82, 722, 316, -83, 0, 0, 0
L 722, 327, -81, 723, 321, -82, 0, 0, 0
L 720, 333, -82, 722, 327, -81, 0, 0, 0
L 714, 345, -82, 720, 333, -82, 0, 0, 0
L 713, 346, -83, 714, 345, -82, 0, 0, 0
L 708, 349, -82, 713, 346, -83, 0, 0, 0
L 707, 350, -83, 708, 349, -82, 0, 0, 0
L 705, 351, -83, 707, 350, -83, 0, 0, 0
L 703, 351, -83, 705, 351, -83, 0, 0, 0
L 691, 352, -81, 703, 351, -83, 0, 0, 0
L 681, 352, -80, 691, 352, -81, 0, 0, 0
L 680, 352, -81, 681, 352, -80, 0, 0, 0
L 671, 351, -82, 680, 352, -81, 0, 0, 0
L 661, 350, -80, 671, 351, -82, 0, 0, 0
L 659, 350, -80, 661, 350, -80, 0, 0, 0
L 646, 346, -79, 659, 350, -80, 0, 0, 0
L 644, 347, -79, 646, 346, -79, 0, 0, 0
L 643, 347, -79, 644, 347, -79, 0, 0, 0
L 640, 348, -78, 643, 347, -79, 0, 0, 0
L 627, 353, -79, 640, 348, -78, 0, 0, 0
L 625, 353, -78, 627, 353, -79, 0, 0, 0
L 624, 355, -79, 625, 353, -78, 0, 0, 0
L 624, 356, -80, 624, 355, -79, 0, 0, 0
L 623, 359, -83, 624, 356, -80, 0, 0, 0
L 622, 361, -83, 623, 359, -83, 0, 0, 0
L 619, 376, -80, 622, 361, -83, 0, 0, 0
L 618, 382, -80, 619, 376, -80, 0, 0, 0
L 616, 391, -79, 618, 382, -80, 0, 0, 0
L 657, 527, -68, 660, 530, -68, 0, 0, 0
L 657, 522, -67, 657, 527, -68, 0, 0, 0
L 657, 520, -68, 657, 522, -67, 0, 0, 0
L 655, 517, -70, 657, 520, -68, 0, 0, 0
L 649, 509, -71, 655, 517, -70, 0, 0, 0
L 648, 509, -71, 649, 509, -71, 0, 0, 0
L 648, 504, -70, 648, 509, -71, 0, 0, 0
L 648, 502, -70, 648, 504, -70, 0, 0, 0
L 648, 501, -71, 648, 502, -70, 0, 0, 0
L 649, 499, -71, 648, 501, -71, 0, 0, 0
L 649, 496, -71, 649, 499, -71, 0, 0, 0
L 650, 490, -71, 649, 496, -71, 0, 0, 0
L 651, 486, -71, 650, 490, -71, 0, 0, 0
L 651, 484, -71, 651, 486, -71, 0, 0, 0
L 652, 483, -72, 651, 484, -71, 0, 0, 0
L 652, 480, -72, 652, 483, -72, 0, 0, 0
L 654, 473, -73, 652, 480, -72, 0, 0, 0
L 654, 472, -73, 654, 473, -73, 0, 0, 0
L 655, 468, -73, 654, 472, -73, 0, 0, 0
L 654, 466, -75, 655, 468, -73, 0, 0, 0
L 654, 464, -76, 654, 466, -75, 0, 0, 0
L 654, 463, -79, 654, 464, -76, 0, 0, 0
L 652, 457, -79, 654, 463, -79, 0, 0, 0
L 649, 448, -82, 652, 457, -79, 0, 0, 0
L 649, 447, -83, 649, 448, -82, 0, 0, 0
L 648, 445, -84, 649, 447, -83, 0, 0, 0
L 648, 443, -85, 648, 445, -84, 0, 0, 0
L 647, 440, -85, 648, 443, -85, 0, 0, 0
L 647, 439, -85, 647, 440, -85, 0, 0, 0
L 646, 436, -85, 647, 439, -85, 0, 0, 0
L 646, 426, -85, 646, 436, -85, 0, 0, 0
L 647, 424, -85, 646, 426, -85, 0, 0, 0
L 647, 423, -85, 647, 424, -85, 0, 0, 0
L 649, 419, -84, 647, 423, -85, 0, 0, 0
L 653, 412, -81, 649, 419, -84, 0, 0, 0
L 658, 404, -79, 653, 412, -81, 0, 0, 0
L 617, 396, -81, 617, 390, -81, 0, 0, 0
L 617, 401, -82, 617, 396, -81, 0, 0, 0
L 618, 402, -81, 617, 401, -82, 0, 0, 0
L 618, 407, -81, 618, 402, -81, 0, 0, 0
L 619, 410, -83, 618, 407, -81, 0, 0, 0
L 619, 412, -83, 619, 410, -83, 0, 0, 0
L 619, 442, -76, 619, 412, -83, 0, 0, 0
L 619, 444, -75, 619, 442, -76, 0, 0, 0
L 618, 448, -74, 619, 444, -75, 0, 0, 0
L 618, 450, -73, 618, 448, -74, 0, 0, 0
L 617, 456, -72, 618, 450, -73, 0, 0, 0
L 617, 480, -68, 617, 456, -72, 0, 0, 0
L 617, 481, -69, 617, 480, -68, 0, 0, 0
L 617, 483, -70, 617, 481, -69, 0, 0, 0
L 618, 485, -70, 617, 483, -70, 0, 0, 0
L 619, 488, -71, 618, 485, -70, 0, 0, 0
L 625, 499, -71, 619, 488, -71, 0, 0, 0
L 625, 501, -71, 625, 499, -71, 0, 0, 0
L 624, 504, -71, 625, 501, -71, 0, 0, 0
L 624, 506, -70, 624, 504, -71, 0, 0, 0
L 622, 510, -72, 624, 506, -70, 0, 0, 0
L 621, 511, -71, 622, 510, -72, 0, 0, 0
L 620, 514, -71, 621, 511, -71, 0, 0, 0
L 619, 516, -71, 620, 514, -71, 0, 0, 0
L 619, 532, -70, 619, 516, -71, 0, 0, 0
L 618, 539, -69, 619, 532, -70, 0, 0, 0
L 617, 545, -69, 618, 539, -69, 0, 0, 0
L 617, 554, -69, 617, 545, -69, 0, 0, 0
L 619, 567, -71, 617, 554, -69, 0, 0, 0
L 619, 573, -71, 619, 567, -71, 0, 0, 0
L 621, 590, -69, 619, 573, -71, 0, 0, 0
L 622, 594, -68, 621, 590, -69, 0, 0, 0
L 621, 596, -68, 622, 594, -68, 0, 0, 0
L 620, 603, -67, 621, 596, -68, 0, 0, 0
L 620, 605, -66, 620, 603, -67, 0, 0, 0
L 619, 606, -67, 620, 605, -66, 0, 0, 0
L 617, 608, -66, 619, 606, -67, 0, 0, 0
L 617, 608, -65, 617, 608, -66, 0, 0, 0
L 615, 609, -65, 617, 608, -65, 0, 0, 0
L 614, 614, -67, 615, 609, -65, 0, 0, 0
L 614, 616, -66, 614, 614, -67, 0, 0, 0
L 616, 617, -69, 614, 616, -66, 0, 0, 0
L 618, 617, -71, 616, 617, -69, 0, 0, 0
L 631, 617, -73, 618, 617, -71, 0, 0, 0
L 650, 616, -70, 631, 617, -73, 0, 0, 0
L 652, 616, -70, 650, 616, -70, 0, 0, 0
L 653, 615, -71, 652, 616, -70, 0, 0, 0
L 653, 614, -71, 653, 615, -71, 0, 0, 0
L 652, 608, -71, 653, 614, -71, 0, 0, 0
L 653, 606, -71, 652, 608, -71, 0, 0, 0
L 653, 600, -71, 653, 606, -71, 0, 0, 0
L 653, 599, -70, 653, 600, -71, 0, 0, 0
L 654, 589, -69, 653, 599, -70, 0, 0, 0
L 653, 580, -68, 654, 589, -69, 0, 0, 0
L 653, 578, -68, 653, 580, -68, 0, 0, 0
L 655, 572, -67, 653, 578, -68, 0, 0, 0
L 660, 571, -67, 655, 572, -67, 0, 0, 0
L 661, 571, -66, 660, 571, -67, 0, 0, 0
L 674, 570, -64, 661, 571, -66, 0, 0, 0
L 668, 570, -66, 666, 570, -69, 0, 0, 0
L 680, 570, -64, 668, 570, -66, 0, 0, 0
L 690, 570, -57, 680, 570, -64, 0, 0, 0
L 698, 570, -57, 690, 570, -57, 0, 0, 0
L 707, 569, -57, 698, 570, -57, 0, 0, 0
L 733, 568, -47, 707, 569, -57, 0, 0, 0
L 743, 568, -46, 733, 568, -47, 0, 0, 0
L 744, 568, -46, 743, 568, -46, 0, 0, 0
L 765, 564, -47, 744, 568, -46, 0, 0, 0
L 663, 529, -66, 661, 529, -67, 0, 0, 0
L 670, 530, -65, 663, 529, -66, 0, 0, 0
L 679, 530, -63, 670, 530, -65, 0, 0, 0
L 699, 531, -57, 679, 530, -63, 0, 0, 0
L 719, 532, -53, 699, 531, -57, 0, 0, 0
L 734, 533, -49, 719, 532, -53, 0, 0, 0
L 744, 535, -46, 734, 533, -49, 0, 0, 0
L 753, 536, -47, 744, 535, -46, 0, 0, 0
L 755, 536, -47, 753, 536, -47, 0, 0, 0
L 776, 542, -47, 755, 536, -47, 0, 0, 0
L 912, 745, -49, 912, 750, -48, 0, 0, 0
L 911, 740, -48, 912, 745, -49, 0, 0, 0
L 911, 738, -48, 911, 740, -48, 0, 0, 0
L 912, 724, -49, 911, 738, -48, 0, 0, 0
L 913, 722, -49, 912, 724, -49, 0, 0, 0
L 914, 721, -48, 913, 722, -49, 0, 0, 0
L 917, 718, -49, 914, 721, -48, 0, 0, 0
L 923, 709, -48, 917, 718, -49, 0, 0, 0
L 931, 699, -49, 923, 709, -48, 0, 0, 0
L 934, 691, -49, 931, 699, -49, 0, 0, 0
L 935, 690, -48, 934, 691, -49, 0, 0, 0
L 936, 688, -47, 935, 690, -48, 0, 0, 0
L 937, 685, -45, 936, 688, -47, 0, 0, 0
L 937, 683, -45, 937, 685, -45, 0, 0, 0
L 938, 682, -45, 937, 683, -45, 0, 0, 0
L 938, 680, -46, 938, 682, -45, 0, 0, 0
L 938, 678, -49, 938, 680, -46, 0, 0, 0
L 940, 670, -45, 938, 678, -49, 0, 0, 0
L 941, 669, -44, 940, 670, -45, 0, 0, 0
L 941, 667, -44, 941, 669, -44, 0, 0, 0
L 942, 663, -43, 941, 667, -44, 0, 0, 0
L 943, 660, -43, 942, 663, -43, 0, 0, 0
L 945, 656, -42, 943, 660, -43, 0, 0, 0
L 949, 647, -42, 945, 656, -42, 0, 0, 0
L 950, 644, -43, 949, 647, -42, 0, 0, 0
L 957, 621, -47, 950, 644, -43, 0, 0, 0
L 957, 619, -48, 957, 621, -47, 0, 0, 0
L 956, 617, -48, 957, 619, -48, 0, 0, 0
L 954, 614, -49, 956, 617, -48, 0, 0, 0
L 952, 611, -48, 954, 614, -49, 0, 0, 0
L 951, 610, -48, 952, 611, -48, 0, 0, 0
L 936, 598, -49, 951, 610, -48, 0, 0, 0
L 932, 593, -49, 936, 598, -49, 0, 0, 0
L 932, 591, -49, 932, 593, -49, 0, 0, 0
L 931, 590, -49, 932, 591, -49, 0, 0, 0
L 929, 586, -49, 931, 590, -49, 0, 0, 0
L 929, 585, -49, 929, 586, -49, 0, 0, 0
L 928, 583, -49, 929, 585, -49, 0, 0, 0
L 928, 557, -48, 928, 583, -49, 0, 0, 0
L 927, 532, -49, 928, 557, -48, 0, 0, 0
L 928, 524, -49, 927, 532, -49, 0, 0, 0
L 928, 522, -49, 928, 524, -49, 0, 0, 0
L 929, 520, -49, 928, 522, -49, 0, 0, 0
L 927, 519, -49, 929, 520, -49, 0, 0, 0
L 926, 519, -49, 927, 519, -49, 0, 0, 0
L 899, 517, -49, 926, 519, -49, 0, 0, 0
L 892, 517, -49, 899, 517, -49, 0, 0, 0
L 875, 518, -49, 892, 517, -49, 0, 0, 0
L 863, 518, -49, 875, 518, -49, 0, 0, 0
L 851, 520, -49, 863, 518, -49, 0, 0, 0
L 819, 521, -49, 851, 520, -49, 0, 0, 0
L 810, 518, -49, 819, 521, -49, 0, 0, 0
L 809, 518, -49, 810, 518, -49, 0, 0, 0
L 808, 517, -46, 809, 518, -49, 0, 0, 0
L 807, 515, -47, 808, 517, -46, 0, 0, 0
L 794, 518, -49, 807, 515, -47, 0, 0, 0
L 792, 518, -49, 794, 518, -49, 0, 0, 0
L 792, 540, -49, 792, 518, -49, 0, 0, 0
L 791, 545, -48, 792, 540, -49, 0, 0, 0
L 789, 547, -48, 791, 545, -48, 0, 0, 0
L 787, 548, -48, 789, 547, -48, 0, 0, 0
L 777, 541, -47, 787, 548, -48, 0, 0, 0
L 773, 561, -46, 764, 562, -47, 0, 0, 0
L 783, 560, -44, 773, 561, -46, 0, 0, 0
L 785, 560, -44, 783, 560, -44, 0, 0, 0
L 786, 560, -46, 785, 560, -44, 0, 0, 0
L 787, 562, -48, 786, 560, -46, 0, 0, 0
L 790, 564, -48, 787, 562, -48, 0, 0, 0
L 791, 568, -49, 790, 564, -48, 0, 0, 0
L 792, 569, -49, 791, 568, -49, 0, 0, 0
L 793, 575, -49, 792, 569, -49, 0, 0, 0
L 794, 579, -47, 793, 575, -49, 0, 0, 0
L 793, 580, -47, 794, 579, -47, 0, 0, 0
L 793, 585, -47, 793, 580, -47, 0, 0, 0
L 793, 586, -49, 793, 585, -47, 0, 0, 0
L 785, 590, -49, 793, 586, -49, 0, 0, 0
L 744, 591, -49, 785, 590, -49, 0, 0, 0
L 720, 588, -49, 744, 591, -49, 0, 0, 0
L 911, 743, -49, 911, 742, -48, 0, 0, 0
L 912, 744, -48, 911, 743, -49, 0, 0, 0
L 912, 792, -49, 912, 744, -48, 0, 0, 0
L 907, 797, -49, 912, 792, -49, 0, 0, 0
L 899, 804, -49, 907, 797, -49, 0, 0, 0
L 896, 808, -49, 899, 804, -49, 0, 0, 0
L 857, 847, -49, 896, 808, -49, 0, 0, 0
L 849, 854, -49, 857, 847, -49, 0, 0, 0
L 845, 858, -49, 849, 854, -49, 0, 0, 0
L 837, 870, -49, 845, 858, -49, 0, 0, 0
L 825, 880, -49, 837, 870, -49, 0, 0, 0
L 824, 881, -49, 825, 880, -49, 0, 0, 0
L 824, 886, -47, 824, 881, -49, 0, 0, 0
L 823, 888, -46, 824, 886, -47, 0, 0, 0
L 817, 885, -49, 823, 888, -46, 0, 0, 0
L 807, 880, -49, 817, 885, -49, 0, 0, 0
L 805, 878, -48, 807, 880, -49, 0, 0, 0
L 795, 868, -49, 805, 878, -48, 0, 0, 0
L 785, 857, -48, 795, 868, -49, 0, 0, 0
L 778, 851, -48, 785, 857, -48, 0, 0, 0
L 777, 850, -49, 778, 851, -48, 0, 0, 0
L 767, 838, -49, 777, 850, -49, 0, 0, 0
L 766, 837, -49, 767, 838, -49, 0, 0, 0
L 758, 830, -49, 766, 837, -49, 0, 0, 0
L 757, 829, -49, 758, 830, -49, 0, 0, 0
L 753, 827, -48, 757, 829, -49, 0, 0, 0
L 752, 826, -48, 753, 827, -48, 0, 0, 0
L 741, 813, -49, 752, 826, -48, 0, 0, 0
L 734, 805, -49, 741, 813, -49, 0, 0, 0
L 730, 803, -49, 734, 805, -49, 0, 0, 0
L 729, 802, -49, 730, 803, -49, 0, 0, 0
L 727, 801, -49, 729, 802, -49, 0, 0, 0
L 726, 800, -49, 727, 801, -49, 0, 0, 0
L 723, 795, -49, 726, 800, -49, 0, 0, 0
L 722, 794, -48, 723, 795, -49, 0, 0, 0
L 719, 789, -45, 722, 794, -48, 0, 0, 0
L 718, 788, -45, 719, 789, -45, 0, 0, 0
L 717, 787, -46, 718, 788, -45, 0, 0, 0
L 716, 786, -46, 717, 787, -46, 0, 0, 0
L 714, 785, -45, 716, 786, -46, 0, 0, 0
L 714, 783, -45, 714, 785, -45, 0, 0, 0
L 717, 780, -48, 714, 783, -45, 0, 0, 0
L 720, 633, -49, 720, 647, -49, 0, 0, 0
L 722, 613, -49, 720, 633, -49, 0, 0, 0
L 725, 594, -49, 722, 613, -49, 0, 0, 0
L 725, 593, -49, 725, 594, -49, 0, 0, 0
L 722, 590, -48, 725, 593, -49, 0, 0, 0
L 721, 589, -48, 722, 590, -48, 0, 0, 0
L 721, 591, -49, 721, 589, -48, 0, 0, 0
L 720, 598, -49, 721, 591, -49, 0, 0, 0
L 719, 607, -48, 720, 598, -49, 0, 0, 0
L 719, 609, -49, 719, 607, -48, 0, 0, 0
L 720, 616, -49, 719, 609, -49, 0, 0, 0
L 721, 630, -49, 720, 616, -49, 0, 0, 0
L 720, 637, -48, 721, 630, -49, 0, 0, 0
L 720, 639, -48, 720, 637, -48, 0, 0, 0
L 719, 640, -48, 720, 639, -48, 0, 0, 0
L 719, 658, -48, 719, 640, -48, 0, 0, 0
L 718, 661, -48, 719, 658, -48, 0, 0, 0
L 718, 662, -49, 718, 661, -48, 0, 0, 0
L 719, 666, -49, 718, 662, -49, 0, 0, 0
L 719, 667, -48, 719, 666, -49, 0, 0, 0
L 720, 672, -48, 719, 667, -48, 0, 0, 0
L 718, 680, -47, 720, 672, -48, 0, 0, 0
L 716, 681, -47, 718, 680, -47, 0, 0, 0
L 715, 682, -47, 716, 681, -47, 0, 0, 0
L 713, 682, -47, 715, 682, -47, 0, 0, 0
L 711, 682, -46, 713, 682, -47, 0, 0, 0
L 710, 683, -46, 711, 682, -46, 0, 0, 0
L 700, 677, -47, 710, 683, -46, 0, 0, 0
L 703, 701, -45, 700, 701, -45, 0, 0, 0
L 709, 698, -46, 703, 701, -45, 0, 0, 0
L 711, 698, -46, 709, 698, -46, 0, 0, 0
L 714, 699, -48, 711, 698, -46, 0, 0, 0
L 716, 700, -48, 714, 699, -48, 0, 0, 0
L 716, 702, -48, 716, 700, -48, 0, 0, 0
L 718, 705, -48, 716, 702, -48, 0, 0, 0
L 719, 706, -48, 718, 705, -48, 0, 0, 0
L 719, 708, -48, 719, 706, -48, 0, 0, 0
L 719, 726, -49, 719, 708, -48, 0, 0, 0
L 720, 734, -49, 719, 726, -49, 0, 0, 0
L 720, 769, -49, 720, 734, -49, 0, 0, 0
L 720, 774, -48, 720, 769, -49, 0, 0, 0
L 719, 777, -48, 720, 774, -48, 0, 0, 0
L 718, 780, -47, 719, 777, -48, 0, 0, 0
L 578, 675, -26, 579, 670, -26, 0, 0, 0
L 579, 677, -26, 578, 675, -26, 0, 0, 0
L 579, 679, -25, 579, 677, -26, 0, 0, 0
L 579, 681, -25, 579, 679, -25, 0, 0, 0
L 582, 681, -25, 579, 681, -25, 0, 0, 0
L 585, 682, -26, 582, 681, -25, 0, 0, 0
L 587, 680, -26, 585, 682, -26, 0, 0, 0
L 596, 678, -26, 587, 680, -26, 0, 0, 0
L 607, 674, -29, 596, 678, -26, 0, 0, 0
L 616, 672, -31, 607, 674, -29, 0, 0, 0
L 630, 670, -30, 616, 672, -31, 0, 0, 0
L 634, 669, -30, 630, 670, -30, 0, 0, 0
L 644, 669, -35, 634, 669, -30, 0, 0, 0
L 652, 669, -38, 644, 669, -35, 0, 0, 0
L 662, 670, -43, 652, 669, -38, 0, 0, 0
L 671, 670, -44, 662, 670, -43, 0, 0, 0
L 673, 671, -44, 671, 670, -44, 0, 0, 0
L 683, 673, -44, 673, 671, -44, 0, 0, 0
L 691, 675, -44, 683, 673, -44, 0, 0, 0
L 693, 675, -45, 691, 675, -44, 0, 0, 0
L 701, 678, -47, 693, 675, -45, 0, 0, 0
L 700, 702, -44, 702, 701, -45, 0, 0, 0
L 698, 702, -45, 700, 702, -44, 0, 0, 0
L 697, 703, -44, 698, 702, -45, 0, 0, 0
L 688, 705, -43, 697, 703, -44, 0, 0, 0
L 680, 706, -41, 688, 705, -43, 0, 0, 0
L 676, 706, -40, 680, 706, -41, 0, 0, 0
L 656, 706, -37, 676, 706, -40, 0, 0, 0
L 647, 705, -35, 656, 706, -37, 0, 0, 0
L 626, 704, -32, 647, 705, -35, 0, 0, 0
L 607, 701, -28, 626, 704, -32, 0, 0, 0
L 598, 700, -27, 607, 701, -28, 0, 0, 0
L 596, 700, -27, 598, 700, -27, 0, 0, 0
L 583, 696, -26, 596, 700, -27, 0, 0, 0
L 581, 699, -27, 583, 696, -26, 0, 0, 0
L 580, 700, -27, 581, 699, -27, 0, 0, 0
L 579, 702, -27, 580, 700, -27, 0, 0, 0
L 579, 705, -27, 579, 702, -27, 0, 0, 0
L 578, 708, -27, 579, 705, -27, 0, 0, 0
L 578, 713, -20, 579, 708, -20, 0, 0, 0
L 578, 715, -20, 578, 713, -20, 0, 0, 0
L 577, 718, -20, 578, 715, -20, 0, 0, 0
L 576, 720, -20, 577, 718, -20, 0, 0, 0
L 573, 720, -20, 576, 720, -20, 0, 0, 0
L 567, 720, -21, 573, 720, -20, 0, 0, 0
L 566, 719, -21, 567, 720, -21, 0, 0, 0
L 564, 721, -20, 566, 719, -21, 0, 0, 0
L 562, 721, -23, 564, 721, -20, 0, 0, 0
L 553, 721, -23, 562, 721, -23, 0, 0, 0
L 552, 723, -23, 553, 721, -23, 0, 0, 0
L 549, 725, -23, 552, 723, -23, 0, 0, 0
L 549, 727, -23, 549, 725, -23, 0, 0, 0
L 550, 729, -23, 549, 727, -23, 0, 0, 0
L 550, 730, -23, 550, 729, -23, 0, 0, 0
L 552, 731, -22, 550, 730, -23, 0, 0, 0
L 578, 669, -19, 578, 671, -19, 0, 0, 0
L 577, 657, -19, 578, 669, -19, 0, 0, 0
L 577, 656, -20, 577, 657, -19, 0, 0, 0
L 542, 654, -20, 577, 656, -20, 0, 0, 0
L 540, 653, -20, 542, 654, -20, 0, 0, 0
L 536, 652, -20, 540, 653, -20, 0, 0, 0
L 521, 653, -20, 536, 652, -20, 0, 0, 0
L 520, 654, -20, 521, 653, -20, 0, 0, 0
L 518, 652, -20, 520, 654, -20, 0, 0, 0
L 516, 653, -20, 518, 652, -20, 0, 0, 0
L 514, 655, -20, 516, 653, -20, 0, 0, 0
L 513, 657, -20, 514, 655, -20, 0, 0, 0
L 513, 660, -20, 513, 657, -20, 0, 0, 0
L 512, 669, -20, 513, 660, -20, 0, 0, 0
L 512, 707, -20, 512, 669, -20, 0, 0, 0
L 511, 717, -20, 512, 707, -20, 0, 0, 0
L 511, 718, -20, 511, 717, -20, 0, 0, 0
L 512, 720, -20, 511, 718, -20, 0, 0, 0
L 517, 720, -20, 512, 720, -20, 0, 0, 0
L 527, 720, -25, 517, 720, -20, 0, 0, 0
L 528, 720, -25, 527, 720, -25, 0, 0, 0
L 532, 722, -25, 528, 720, -25, 0, 0, 0
L 533, 723, -25, 532, 722, -25, 0, 0, 0
L 535, 724, -25, 533, 723, -25, 0, 0, 0
L 535, 727, -26, 535, 724, -25, 0, 0, 0
L 535, 728, -25, 535, 727, -26, 0, 0, 0
L 532, 730, -26, 535, 728, -25, 0, 0, 0
L 531, 731, -26, 532, 730, -26, 0, 0, 0
L 529, 732, -26, 531, 731, -26, 0, 0, 0
L 528, 732, -26, 529, 732, -26, 0, 0, 0
L 509, 804, -31, 511, 803, -32, 0, 0, 0
L 504, 804, -31, 509, 804, -31, 0, 0, 0
L 502, 803, -30, 504, 804, -31, 0, 0, 0
L 493, 803, -30, 502, 803, -30, 0, 0, 0
L 492, 803, -29, 493, 803, -30, 0, 0, 0
L 509, 804, -30, 509, 806, -30, 0, 0, 0
L 510, 802, -29, 509, 804, -30, 0, 0, 0
L 510, 800, -29, 510, 802, -29, 0, 0, 0
L 511, 798, -29, 510, 800, -29, 0, 0, 0
L 511, 778, -27, 511, 798, -29, 0, 0, 0
L 510, 767, -26, 511, 778, -27, 0, 0, 0
L 510, 744, -24, 510, 767, -26, 0, 0, 0
L 510, 742, -24, 510, 744, -24, 0, 0, 0
L 511, 740, -24, 510, 742, -24, 0, 0, 0
L 519, 735, -23, 511, 740, -24, 0, 0, 0
L 521, 733, -27, 519, 735, -23, 0, 0, 0
L 525, 732, -29, 521, 733, -27, 0, 0, 0
L 526, 732, -29, 525, 732, -29, 0, 0, 0
L 531, 731, -29, 526, 732, -29, 0, 0, 0
L 553, 732, -33, 552, 732, -33, 0, 0, 0
L 559, 735, -33, 553, 732, -33, 0, 0, 0
L 562, 738, -33, 559, 735, -33, 0, 0, 0
L 567, 738, -33, 562, 738, -33, 0, 0, 0
L 568, 737, -33, 567, 738, -33, 0, 0, 0
L 566, 738, -33, 568, 737, -33, 0, 0, 0
L 568, 739, -33, 566, 738, -33, 0, 0, 0
L 570, 738, -33, 568, 739, -33, 0, 0, 0
L 571, 737, -33, 570, 738, -33, 0, 0, 0
L 571, 736, -33, 571, 737, -33, 0, 0, 0
L 575, 734, -34, 571, 736, -33, 0, 0, 0
L 577, 734, -33, 575, 734, -34, 0, 0, 0
L 578, 739, -33, 577, 734, -33, 0, 0, 0
L 578, 757, -33, 578, 739, -33, 0, 0, 0
L 577, 798, -33, 578, 757, -33, 0, 0, 0
L 577, 810, -33, 577, 798, -33, 0, 0, 0
L 576, 848, -33, 577, 810, -33, 0, 0, 0
L 578, 856, -33, 576, 848, -33, 0, 0, 0
L 578, 866, -33, 578, 856, -33, 0, 0, 0
L 567, 866, -33, 578, 866, -33, 0, 0, 0
L 565, 867, -33, 567, 866, -33, 0, 0, 0
L 565, 869, -33, 565, 867, -33, 0, 0, 0
L 539, 871, -33, 565, 869, -33, 0, 0, 0
L 529, 865, -33, 539, 871, -33, 0, 0, 0
L 523, 867, -33, 529, 865, -33, 0, 0, 0
L 521, 866, -33, 523, 867, -33, 0, 0, 0
L 520, 865, -33, 521, 866, -33, 0, 0, 0
L 518, 866, -33, 520, 865, -33, 0, 0, 0
L 516, 866, -33, 518, 866, -33, 0, 0, 0
L 515, 868, -33, 516, 866, -33, 0, 0, 0
L 505, 871, -33, 515, 868, -33, 0, 0, 0
L 491, 804, -27, 503, 804, -29, 0, 0, 0
L 482, 804, -26, 491, 804, -27, 0, 0, 0
L 472, 804, -26, 482, 804, -26, 0, 0, 0
L 440, 803, -22, 472, 804, -26, 0, 0, 0
L 440, 823, -26, 440, 803, -22, 0, 0, 0
L 440, 825, -26, 440, 823, -26, 0, 0, 0
L 439, 829, -26, 440, 825, -26, 0, 0, 0
L 436, 833, -25, 439, 829, -26, 0, 0, 0
L 433, 832, -25, 436, 832, -25, 0, 0, 0
L 431, 831, -24, 433, 832, -25, 0, 0, 0
L 416, 828, -23, 431, 831, -24, 0, 0, 0
L 509, 870, -30, 510, 870, -30, 0, 0, 0
L 507, 871, -29, 509, 870, -30, 0, 0, 0
L 505, 871, -29, 507, 871, -29, 0, 0, 0
L 495, 870, -28, 505, 871, -29, 0, 0, 0
L 485, 870, -27, 495, 870, -28, 0, 0, 0
L 460, 872, -25, 485, 870, -27, 0, 0, 0
L 450, 871, -24, 460, 872, -25, 0, 0, 0
L 448, 871, -23, 450, 871, -24, 0, 0, 0
L 446, 871, -23, 448, 871, -23, 0, 0, 0
L 442, 865, -23, 446, 871, -23, 0, 0, 0
L 442, 863, -23, 442, 865, -23, 0, 0, 0
L 441, 861, -25, 442, 863, -23, 0, 0, 0
L 440, 860, -29, 441, 861, -25, 0, 0, 0
L 439, 854, -28, 440, 860, -29, 0, 0, 0
L 438, 852, -28, 439, 854, -28, 0, 0, 0
L 438, 851, -26, 438, 852, -28, 0, 0, 0
L 437, 849, -26, 438, 851, -26, 0, 0, 0
L 435, 848, -26, 437, 849, -26, 0, 0, 0
L 434, 848, -26, 435, 848, -26, 0, 0, 0
L 432, 849, -26, 434, 848, -26, 0, 0, 0
L 415, 854, -26, 432, 849, -26, 0, 0, 0
L 407, 826, -25, 420, 828, -26, 0, 0, 0
L 397, 824, -25, 407, 826, -25, 0, 0, 0
L 387, 823, -24, 397, 824, -25, 0, 0, 0
L 385, 823, -25, 387, 823, -24, 0, 0, 0
L 383, 824, -25, 385, 823, -25, 0, 0, 0
L 372, 833, -24, 383, 824, -25, 0, 0, 0
L 369, 834, -23, 372, 833, -24, 0, 0, 0
L 367, 834, -24, 369, 834, -23, 0, 0, 0
L 366, 834, -24, 367, 834, -24, 0, 0, 0
L 365, 832, -25, 366, 834, -24, 0, 0, 0
L 364, 831, -25, 365, 832, -25, 0, 0, 0
L 363, 829, -24, 364, 831, -25, 0, 0, 0
L 362, 828, -25, 363, 829, -24, 0, 0, 0
L 351, 824, -25, 362, 828, -25, 0, 0, 0
L 401, 856, -25, 417, 854, -26, 0, 0, 0
L 390, 856, -25, 401, 856, -25, 0, 0, 0
L 388, 855, -25, 390, 856, -25, 0, 0, 0
L 387, 855, -26, 388, 855, -25, 0, 0, 0
L 383, 854, -25, 387, 855, -26, 0, 0, 0
L 373, 848, -23, 383, 854, -25, 0, 0, 0
L 371, 847, -23, 373, 848, -23, 0, 0, 0
L 368, 847, -23, 371, 847, -23, 0, 0, 0
L 366, 847, -24, 368, 847, -23, 0, 0, 0
L 364, 848, -25, 366, 847, -24, 0, 0, 0
L 364, 850, -25, 364, 848, -25, 0, 0, 0
L 363, 851, -24, 364, 850, -25, 0, 0, 0
L 363, 852, -25, 363, 851, -24, 0, 0, 0
L 361, 853, -25, 363, 852, -25, 0, 0, 0
L 352, 856, -25, 361, 853, -25, 0, 0, 0
L 346, 858, -24, 352, 856, -25, 0, 0, 0
L 343, 858, -24, 346, 858, -24, 0, 0, 0
L 341, 859, -24, 343, 858, -24, 0, 0, 0
L 340, 859, -24, 341, 859, -24, 0, 0, 0
L 324, 857, -25, 340, 859, -24, 0, 0, 0
L 349, 823, -23, 357, 825, -24, 0, 0, 0
L 338, 817, -24, 349, 823, -23, 0, 0, 0
L 336, 816, -25, 338, 817, -24, 0, 0, 0
L 335, 815, -25, 336, 816, -25, 0, 0, 0
L 333, 812, -25, 335, 815, -25, 0, 0, 0
L 333, 810, -26, 333, 812, -25, 0, 0, 0
L 332, 807, -26, 333, 810, -26, 0, 0, 0
L 332, 806, -25, 332, 807, -26, 0, 0, 0
L 327, 801, -25, 332, 806, -25, 0, 0, 0
L 331, 793, -25, 327, 801, -25, 0, 0, 0
L 333, 788, -25, 331, 793, -25, 0, 0, 0
L 334, 786, -25, 333, 788, -25, 0, 0, 0
L 335, 721, -24, 335, 717, -25, 0, 0, 0
L 336, 765, -25, 335, 721, -24, 0, 0, 0
L 335, 772, -25, 336, 765, -25, 0, 0, 0
L 334, 776, -25, 335, 772, -25, 0, 0, 0
L 332, 786, -25, 334, 776, -25, 0, 0, 0
L 331, 789, -25, 332, 786, -25, 0, 0, 0
L 331, 796, -24, 331, 789, -25, 0, 0, 0
L 326, 856, -25, 330, 857, -24, 0, 0, 0
L 314, 855, -25, 326, 856, -25, 0, 0, 0
L 298, 855, -25, 314, 855, -25, 0, 0, 0
L 289, 854, -24, 298, 855, -25, 0, 0, 0
L 284, 854, -24, 289, 854, -24, 0, 0, 0
L 283, 854, -23, 284, 854, -24, 0, 0, 0
L 281, 854, -23, 283, 854, -23, 0, 0, 0
L 277, 855, -22, 281, 854, -23, 0, 0, 0
L 266, 858, -21, 277, 855, -22, 0, 0, 0
L 264, 859, -21, 266, 858, -21, 0, 0, 0
L 263, 860, -21, 264, 859, -21, 0, 0, 0
L 257, 860, -21, 263, 860, -21, 0, 0, 0
L 256, 861, -21, 257, 860, -21, 0, 0, 0
L 256, 859, -24, 256, 861, -21, 0, 0, 0
L 255, 857, -25, 256, 859, -24, 0, 0, 0
L 255, 853, -26, 255, 857, -25, 0, 0, 0
L 254, 835, -26, 255, 853, -26, 0, 0, 0
L 253, 824, -25, 254, 835, -26, 0, 0, 0
L 261, 824, -25, 253, 824, -25, 0, 0, 0
L 271, 822, -23, 261, 824, -25, 0, 0, 0
L 282, 821, -22, 271, 822, -23, 0, 0, 0
L 284, 821, -22, 282, 821, -22, 0, 0, 0
L 293, 820, -23, 284, 821, -22, 0, 0, 0
L 295, 820, -23, 293, 820, -23, 0, 0, 0
L 302, 815, -25, 295, 820, -23, 0, 0, 0
L 303, 814, -25, 302, 815, -25, 0, 0, 0
L 305, 809, -26, 303, 814, -25, 0, 0, 0
L 305, 808, -26, 305, 809, -26, 0, 0, 0
L 306, 807, -26, 305, 808, -26, 0, 0, 0
L 307, 803, -25, 306, 807, -26, 0, 0, 0
L 307, 801, -25, 307, 803, -25, 0, 0, 0
L 308, 800, -25, 307, 801, -25, 0, 0, 0
L 308, 798, -24, 308, 800, -25, 0, 0, 0
L 308, 796, -24, 308, 798, -24, 0, 0, 0
L 307, 795, -24, 308, 796, -24, 0, 0, 0
L 307, 793, -25, 307, 795, -24, 0, 0, 0
L 306, 790, -25, 307, 793, -25, 0, 0, 0
L 305, 788, -25, 306, 790, -25, 0, 0, 0
L 305, 786, -25, 305, 788, -25, 0, 0, 0
L 303, 778, -25, 305, 786, -25, 0, 0, 0
L 302, 777, -25, 303, 778, -25, 0, 0, 0
L 302, 773, -25, 302, 777, -25, 0, 0, 0
L 309, 751, -25, 302, 773, -25, 0, 0, 0
L 309, 750, -25, 309, 751, -25, 0, 0, 0
L 309, 748, -24, 309, 750, -25, 0, 0, 0
L 309, 746, -24, 309, 748, -24, 0, 0, 0
L 308, 745, -24, 309, 746, -24, 0, 0, 0
L 299, 730, -22, 308, 745, -24, 0, 0, 0
L 235, 721, -24, 230, 721, -24, 0, 0, 0
L 253, 719, -25, 235, 721, -24, 0, 0, 0
L 255, 719, -24, 253, 719, -25, 0, 0, 0
L 264, 718, -23, 255, 719, -24, 0, 0, 0
L 266, 718, -22, 264, 718, -23, 0, 0, 0
L 275, 719, -22, 266, 718, -22, 0, 0, 0
L 277, 719, -21, 275, 719, -22, 0, 0, 0
L 279, 720, -23, 277, 719, -21, 0, 0, 0
L 280, 721, -23, 279, 720, -23, 0, 0, 0
L 294, 721, -23, 280, 721, -23, 0, 0, 0
L 295, 722, -23, 294, 721, -23, 0, 0, 0
L 296, 722, -23, 295, 722, -23, 0, 0, 0
L 297, 726, -22, 296, 722, -23, 0, 0, 0
L 299, 728, -22, 297, 726, -22, 0, 0, 0
L 335, 732, -25, 335, 733, -24, 0, 0, 0
L 336, 731, -25, 335, 732, -25, 0, 0, 0
L 336, 720, -25, 336, 731, -25, 0, 0, 0
L 335, 715, -24, 336, 720, -25, 0, 0, 0
L 335, 707, -25, 335, 715, -24, 0, 0, 0
L 335, 705, -25, 335, 707, -25, 0, 0, 0
L 336, 696, -25, 335, 705, -25, 0, 0, 0
L 336, 677, -25, 336, 696, -25, 0, 0, 0
L 335, 675, -24, 336, 677, -25, 0, 0, 0
L 335, 652, -21, 335, 675, -24, 0, 0, 0
L 335, 650, -21, 335, 652, -21, 0, 0, 0
L 336, 649, -21, 335, 650, -21, 0, 0, 0
L 337, 646, -20, 336, 649, -21, 0, 0, 0
L 338, 645, -20, 337, 646, -20, 0, 0, 0
L 340, 644, -20, 338, 645, -20, 0, 0, 0
L 340, 639, -20, 340, 644, -20, 0, 0, 0
L 339, 638, -21, 340, 639, -20, 0, 0, 0
L 321, 637, -26, 339, 638, -21, 0, 0, 0
L 319, 637, -26, 321, 637, -26, 0, 0, 0
L 310, 637, -25, 319, 637, -26, 0, 0, 0
L 308, 636, -25, 310, 637, -25, 0, 0, 0
L 306, 636, -25, 308, 636, -25, 0, 0, 0
L 305, 638, -25, 306, 636, -25, 0, 0, 0
L 304, 639, -25, 305, 638, -25, 0, 0, 0
L 304, 641, -24, 304, 639, -25, 0, 0, 0
L 303, 642, -24, 304, 641, -24, 0, 0, 0
L 303, 644, -24, 303, 642, -24, 0, 0, 0
L 303, 650, -25, 303, 644, -24, 0, 0, 0
L 302, 658, -24, 303, 650, -25, 0, 0, 0
L 302, 664, -23, 302, 658, -24, 0, 0, 0
L 301, 670, -22, 302, 664, -23, 0, 0, 0
L 300, 676, -22, 301, 670, -22, 0, 0, 0
L 299, 677, -21, 300, 676, -22, 0, 0, 0
L 297, 680, -21, 299, 677, -21, 0, 0, 0
L 296, 681, -21, 297, 680, -21, 0, 0, 0
L 294, 682, -21, 296, 681, -21, 0, 0, 0
L 286, 682, -21, 294, 682, -21, 0, 0, 0
L 278, 689, -24, 286, 682, -21, 0, 0, 0
L 277, 690, -24, 278, 689, -24, 0, 0, 0
L 272, 690, -24, 277, 690, -24, 0, 0, 0
L 271, 691, -24, 272, 690, -24, 0, 0, 0
L 270, 690, -24, 271, 691, -24, 0, 0, 0
L 268, 690, -24, 270, 690, -24, 0, 0, 0
L 266, 690, -23, 268, 690, -24, 0, 0, 0
L 265, 689, -23, 266, 690, -23, 0, 0, 0
L 263, 687, -22, 265, 689, -23, 0, 0, 0
L 259, 686, -21, 263, 687, -22, 0, 0, 0
L 257, 686, -21, 259, 686, -21, 0, 0, 0
L 246, 686, -20, 257, 686, -21, 0, 0, 0
L 244, 684, -19, 246, 686, -20, 0, 0, 0
L 243, 678, -18, 244, 684, -19, 0, 0, 0
L 243, 676, -18, 243, 678, -18, 0, 0, 0
L 244, 674, -17, 243, 676, -18, 0, 0, 0
L 240, 661, -15, 242, 669, -16, 0, 0, 0
L 240, 658, -14, 240, 661, -15, 0, 0, 0
L 240, 656, -14, 240, 658, -14, 0, 0, 0
L 239, 648, -13, 240, 656, -14, 0, 0, 0
L 238, 637, -11, 239, 648, -13, 0, 0, 0
L 238, 634, -11, 238, 637, -11, 0, 0, 0
L 236, 625, -10, 238, 634, -11, 0, 0, 0
L 235, 624, -10, 236, 625, -10, 0, 0, 0
L 235, 621, -11, 235, 624, -10, 0, 0, 0
L 235, 620, -13, 235, 621, -11, 0, 0, 0
L 234, 613, -13, 235, 620, -13, 0, 0, 0
L 234, 607, -13, 234, 613, -13, 0, 0, 0
L 233, 604, -12, 234, 607, -13, 0, 0, 0
L 230, 598, -12, 233, 604, -12, 0, 0, 0
L 229, 596, -11, 230, 598, -12, 0, 0, 0
L 229, 591, -11, 229, 596, -11, 0, 0, 0
L 230, 589, -11, 229, 591, -11, 0, 0, 0
L 231, 588, -12, 230, 589, -11, 0, 0, 0
L 232, 587, -12, 231, 588, -12, 0, 0, 0
L 234, 586, -12, 232, 587, -12, 0, 0, 0
L 241, 587, -12, 234, 586, -12, 0, 0, 0
L 246, 723, -21, 248, 724, -20, 0, 0, 0
L 245, 722, -22, 246, 723, -21, 0, 0, 0
L 238, 722, -22, 245, 722, -22, 0, 0, 0
L 229, 721, -22, 238, 722, -22, 0, 0, 0
L 227, 721, -22, 229, 721, -22, 0, 0, 0
L 213, 712, -19, 227, 721, -22, 0, 0, 0
L 209, 709, -18, 213, 712, -19, 0, 0, 0
L 204, 707, -18, 209, 709, -18, 0, 0, 0
L 204, 690, -18, 204, 707, -18, 0, 0, 0
L 204, 688, -17, 204, 690, -18, 0, 0, 0
L 204, 686, -17, 204, 688, -17, 0, 0, 0
L 203, 681, -16, 204, 686, -17, 0, 0, 0
L 202, 662, -14, 203, 681, -16, 0, 0, 0
L 202, 660, -13, 202, 662, -14, 0, 0, 0
L 203, 658, -13, 202, 660, -13, 0, 0, 0
L 205, 648, -11, 203, 658, -13, 0, 0, 0
L 206, 646, -11, 205, 648, -11, 0, 0, 0
L 207, 639, -10, 206, 646, -11, 0, 0, 0
L 208, 630, -9, 207, 639, -10, 0, 0, 0
L 208, 629, -9, 208, 630, -9, 0, 0, 0
L 208, 625, -12, 208, 629, -9, 0, 0, 0
L 210, 609, -11, 208, 625, -12, 0, 0, 0
L 211, 606, -11, 210, 609, -11, 0, 0, 0
L 214, 597, -12, 211, 606, -11, 0, 0, 0
L 214, 595, -12, 214, 597, -12, 0, 0, 0
L 215, 593, -11, 214, 595, -12, 0, 0, 0
L 215, 590, -11, 215, 593, -11, 0, 0, 0
L 215, 589, -12, 215, 590, -11, 0, 0, 0
L 209, 587, -12, 215, 589, -12, 0, 0, 0
L 208, 587, -12, 209, 587, -12, 0, 0, 0
L 205, 585, -12, 208, 587, -12, 0, 0, 0
L 246, 582, -13, 240, 585, -13, 0, 0, 0
L 249, 582, -13, 246, 582, -13, 0, 0, 0
L 250, 582, -12, 249, 582, -13, 0, 0, 0
L 252, 583, -13, 250, 582, -12, 0, 0, 0
L 258, 584, -13, 252, 583, -13, 0, 0, 0
L 262, 582, -13, 258, 584, -13, 0, 0, 0
L 264, 580, -13, 262, 582, -13, 0, 0, 0
L 279, 568, -13, 264, 580, -13, 0, 0, 0
L 293, 552, -12, 279, 568, -13, 0, 0, 0
L 303, 544, -13, 293, 552, -12, 0, 0, 0
L 307, 533, -13, 303, 544, -13, 0, 0, 0
L 308, 532, -13, 307, 533, -13, 0, 0, 0
L 309, 484, -13, 308, 532, -13, 0, 0, 0
L 308, 469, -13, 309, 484, -13, 0, 0, 0
L 308, 468, -13, 308, 469, -13, 0, 0, 0
L 287, 447, -13, 308, 468, -13, 0, 0, 0
L 285, 445, -12, 287, 447, -13, 0, 0, 0
L 277, 439, -13, 285, 445, -12, 0, 0, 0
L 274, 437, -13, 277, 439, -13, 0, 0, 0
L 273, 436, -13, 274, 437, -13, 0, 0, 0
L 272, 434, -13, 273, 436, -13, 0, 0, 0
L 266, 425, -13, 272, 434, -13, 0, 0, 0
L 265, 424, -13, 266, 425, -13, 0, 0, 0
L 263, 424, -13, 265, 424, -13, 0, 0, 0
L 240, 419, -13, 263, 424, -13, 0, 0, 0
L 237, 419, -13, 240, 419, -13, 0, 0, 0
L 210, 586, -13, 209, 586, -13, 0, 0, 0
L 208, 585, -13, 210, 586, -13, 0, 0, 0
L 206, 585, -13, 208, 585, -13, 0, 0, 0
L 199, 582, -12, 206, 585, -13, 0, 0, 0
L 197, 583, -12, 199, 582, -12, 0, 0, 0
L 194, 583, -13, 197, 583, -12, 0, 0, 0
L 188, 582, -13, 194, 583, -13, 0, 0, 0
L 180, 575, -13, 188, 582, -13, 0, 0, 0
L 187, 580, -12, 188, 581, -13, 0, 0, 0
L 158, 551, -12, 187, 580, -12, 0, 0, 0
L 150, 544, -13, 158, 551, -12, 0, 0, 0
L 148, 543, -13, 150, 544, -13, 0, 0, 0
L 146, 538, -13, 148, 543, -13, 0, 0, 0
L 146, 534, -9, 146, 538, -13, 0, 0, 0
L 145, 533, -9, 146, 534, -9, 0, 0, 0
L 145, 529, -7, 145, 533, -9, 0, 0, 0
L 144, 523, -8, 145, 529, -7, 0, 0, 0
L 144, 521, -12, 144, 523, -8, 0, 0, 0
L 144, 518, -13, 144, 521, -12, 0, 0, 0
L 143, 510, -13, 144, 518, -13, 0, 0, 0
L 142, 508, -13, 143, 510, -13, 0, 0, 0
L 140, 507, -12, 142, 508, -13, 0, 0, 0
L 137, 508, -11, 140, 507, -12, 0, 0, 0
L 136, 508, -11, 137, 508, -11, 0, 0, 0
L 134, 509, -12, 136, 508, -11, 0, 0, 0
L 223, 420, -12, 236, 420, -13, 0, 0, 0
L 209, 420, -13, 223, 420, -12, 0, 0, 0
L 208, 419, -13, 209, 420, -13, 0, 0, 0
L 206, 419, -13, 208, 419, -13, 0, 0, 0
L 191, 423, -13, 206, 419, -13, 0, 0, 0
L 182, 429, -13, 191, 423, -13, 0, 0, 0
L 177, 434, -13, 182, 429, -13, 0, 0, 0
L 162, 448, -12, 177, 434, -13, 0, 0, 0
L 157, 455, -13, 162, 448, -12, 0, 0, 0
L 149, 461, -13, 157, 455, -13, 0, 0, 0
L 148, 462, -13, 149, 461, -13, 0, 0, 0
L 147, 470, -13, 148, 462, -13, 0, 0, 0
L 147, 471, -12, 147, 470, -13, 0, 0, 0
L 146, 473, -11, 147, 471, -12, 0, 0, 0
L 146, 475, -11, 146, 473, -11, 0, 0, 0
L 146, 477, -10, 146, 475, -11, 0, 0, 0
L 145, 478, -11, 146, 477, -10, 0, 0, 0
L 145, 481, -13, 145, 478, -11, 0, 0, 0
L 142, 492, -13, 145, 481, -13, 0, 0, 0
L 139, 492, -12, 142, 492, -13, 0, 0, 0
L 138, 492, -12, 139, 492, -12, 0, 0, 0
L 128, 489, -12, 138, 492, -12, 0, 0, 0
L 123, 488, -13, 129, 489, -12, 0, 0, 0
L 114, 486, -15, 123, 488, -13, 0, 0, 0
L 104, 484, -18, 114, 486, -15, 0, 0, 0
L 102, 483, -18, 104, 484, -18, 0, 0, 0
L 93, 480, -15, 102, 483, -18, 0, 0, 0
L 91, 479, -16, 93, 480, -15, 0, 0, 0
L 90, 478, -17, 91, 479, -16, 0, 0, 0
L 89, 477, -17, 90, 478, -17, 0, 0, 0
L 86, 470, -18, 89, 477, -17, 0, 0, 0
L 85, 469, -19, 86, 470, -18, 0, 0, 0
L 85, 462, -18, 85, 469, -19, 0, 0, 0
L 85, 460, -18, 85, 462, -18, 0, 0, 0
L 86, 452, -19, 85, 460, -18, 0, 0, 0
L 136, 508, -11, 139, 509, -11, 0, 0, 0
L 135, 507, -11, 136, 508, -11, 0, 0, 0
L 129, 507, -12, 135, 507, -11, 0, 0, 0
L 128, 507, -12, 129, 507, -12, 0, 0, 0
L 124, 510, -13, 128, 507, -12, 0, 0, 0
L 123, 511, -13, 124, 510, -13, 0, 0, 0
L 119, 513, -14, 123, 511, -13, 0, 0, 0
L 117, 513, -14, 119, 513, -14, 0, 0, 0
L 102, 518, -17, 117, 513, -14, 0, 0, 0
L 93, 521, -16, 102, 518, -17, 0, 0, 0
L 91, 521, -16, 93, 521, -16, 0, 0, 0
L 90, 522, -16, 91, 521, -16, 0, 0, 0
L 88, 525, -16, 90, 522, -16, 0, 0, 0
L 86, 528, -18, 88, 525, -16, 0, 0, 0
L 85, 529, -19, 86, 528, -18, 0, 0, 0
L 84, 531, -19, 85, 529, -19, 0, 0, 0
L 84, 533, -19, 84, 531, -19, 0, 0, 0
L 82, 541, -19, 84, 533, -19, 0, 0, 0
L 81, 547, -19, 82, 541, -19, 0, 0, 0
L 82, 549, -19, 81, 547, -19, 0, 0, 0
L 88, 561, -14, 82, 549, -19, 0, 0, 0
L 89, 563, -13, 88, 561, -14, 0, 0, 0
L 82, 564, -19, 89, 563, -13, 0, 0, 0
L 73, 565, -20, 82, 564, -19, 0, 0, 0
L 62, 565, -20, 73, 565, -20, 0, 0, 0
L 51, 566, -19, 62, 565, -20, 0, 0, 0
L 50, 565, -18, 51, 566, -19, 0, 0, 0
L 49, 563, -17, 50, 565, -18, 0, 0, 0
L 49, 557, -17, 49, 563, -17, 0, 0, 0
L 50, 551, -17, 49, 557, -17, 0, 0, 0
L 50, 549, -17, 50, 551, -17, 0, 0, 0
L 50, 542, -18, 50, 549, -17, 0, 0, 0
L 51, 508, -19, 50, 542, -18, 0, 0, 0
L 51, 500, -19, 51, 508, -19, 0, 0, 0
L 52, 490, -19, 51, 500, -19, 0, 0, 0
L 51, 483, -19, 52, 490, -19, 0, 0, 0
L 51, 466, -19, 51, 483, -19, 0, 0, 0
L 58, 463, -20, 58, 462, -20, 0, 0, 0
L 51, 472, -18, 52, 471, -18, 0, 0, 0
L 49, 471, -17, 51, 472, -18, 0, 0, 0
L 49, 470, -18, 49, 471, -17, 0, 0, 0
L 51, 462, -19, 49, 470, -18, 0, 0, 0
L 51, 439, -19, 51, 462, -19, 0, 0, 0
L 50, 438, -18, 51, 439, -19, 0, 0, 0
L 50, 434, -17, 50, 438, -18, 0, 0, 0
L 49, 432, -17, 50, 434, -17, 0, 0, 0
L 47, 381, -15, 48, 379, -15, 0, 0, 0
L 47, 386, -14, 47, 381, -15, 0, 0, 0
L 47, 388, -15, 47, 386, -14, 0, 0, 0
L 49, 389, -17, 47, 388, -15, 0, 0, 0
L 50, 391, -18, 49, 389, -17, 0, 0, 0
L 56, 399, -20, 50, 391, -18, 0, 0, 0
L 57, 400, -20, 56, 399, -20, 0, 0, 0
L 57, 405, -19, 57, 400, -20, 0, 0, 0
L 57, 406, -18, 57, 405, -19, 0, 0, 0
L 56, 408, -18, 57, 406, -18, 0, 0, 0
L 55, 411, -19, 56, 408, -18, 0, 0, 0
L 55, 414, -19, 55, 411, -19, 0, 0, 0
L 54, 417, -19, 55, 414, -19, 0, 0, 0
L 54, 422, -19, 54, 417, -19, 0, 0, 0
L 53, 426, -19, 54, 422, -19, 0, 0, 0
L 53, 427, -19, 53, 426, -19, 0, 0, 0
L 51, 440, -19, 53, 427, -19, 0, 0, 0
L 50, 442, -18, 51, 440, -19, 0, 0, 0
L 50, 444, -17, 50, 442, -18, 0, 0, 0
L 48, 452, -16, 50, 444, -17, 0, 0, 0
L 87, 451, -17, 87, 460, -15, 0, 0, 0
L 87, 449, -16, 87, 451, -17, 0, 0, 0
L 86, 443, -16, 87, 449, -16, 0, 0, 0
L 85, 438, -18, 86, 443, -16, 0, 0, 0
L 85, 428, -19, 85, 438, -18, 0, 0, 0
L 85, 426, -19, 85, 428, -19, 0, 0, 0
L 80, 412, -19, 85, 426, -19, 0, 0, 0
L 80, 406, -18, 80, 412, -19, 0, 0, 0
L 80, 405, -19, 80, 406, -18, 0, 0, 0
L 81, 401, -19, 80, 405, -19, 0, 0, 0
L 83, 397, -19, 81, 401, -19, 0, 0, 0
L 84, 396, -19, 83, 397, -19, 0, 0, 0
L 85, 378, -18, 84, 396, -19, 0, 0, 0
L 84, 376, -19, 85, 378, -18, 0, 0, 0
L 84, 353, -19, 84, 376, -19, 0, 0, 0
L 85, 351, -19, 84, 353, -19, 0, 0, 0
L 85, 349, -18, 85, 351, -19, 0, 0, 0
L 88, 340, -18, 85, 349, -18, 0, 0, 0
L 50, 339, -18, 49, 381, -17, 0, 0, 0
L 50, 316, -18, 50, 339, -18, 0, 0, 0
L 51, 309, -19, 50, 316, -18, 0, 0, 0
L 51, 307, -19, 51, 309, -19, 0, 0, 0
L 52, 290, -19, 51, 307, -19, 0, 0, 0
L 52, 282, -19, 52, 290, -19, 0, 0, 0
L 53, 277, -19, 52, 282, -19, 0, 0, 0
L 54, 268, -20, 53, 277, -19, 0, 0, 0
L 55, 262, -19, 54, 268, -20, 0, 0, 0
L 55, 260, -19, 55, 262, -19, 0, 0, 0
L 50, 260, -13, 55, 260, -19, 0, 0, 0
L 48, 260, -13, 50, 260, -13, 0, 0, 0
L 48, 259, -13, 48, 260, -13, 0, 0, 0
L 47, 254, -15, 48, 259, -13, 0, 0, 0
L 47, 253, -15, 47, 254, -15, 0, 0, 0
L 63, 253, -18, 47, 253, -15, 0, 0, 0
L 72, 253, -15, 63, 253, -18, 0, 0, 0
L 74, 253, -16, 72, 253, -15, 0, 0, 0
L 85, 255, -17, 74, 253, -16, 0, 0, 0
L 87, 255, -16, 85, 255, -17, 0, 0, 0
L 88, 256, -16, 87, 255, -16, 0, 0, 0
L 88, 258, -17, 88, 256, -16, 0, 0, 0
L 87, 262, -18, 88, 258, -17, 0, 0, 0
L 85, 271, -19, 87, 262, -18, 0, 0, 0
L 89, 278, -14, 85, 271, -19, 0, 0, 0
L 90, 280, -13, 89, 278, -14, 0, 0, 0
L 90, 281, -14, 90, 280, -13, 0, 0, 0
L 88, 289, -17, 90, 281, -14, 0, 0, 0
L 87, 291, -18, 88, 289, -17, 0, 0, 0
L 87, 293, -19, 87, 291, -18, 0, 0, 0
L 89, 294, -17, 87, 293, -19, 0, 0, 0
L 90, 295, -15, 89, 294, -17, 0, 0, 0
L 108, 304, -19, 90, 295, -15, 0, 0, 0
L 109, 305, -19, 108, 304, -19, 0, 0, 0
L 112, 305, -19, 109, 305, -19, 0, 0, 0
L 114, 306, -19, 112, 305, -19, 0, 0, 0
L 119, 304, -19, 114, 306, -19, 0, 0, 0
L 115, 328, -19, 131, 334, -19, 0, 0, 0
L 111, 330, -19, 115, 328, -19, 0, 0, 0
L 109, 330, -19, 111, 330, -19, 0, 0, 0
L 93, 336, -17, 109, 330, -19, 0, 0, 0
L 92, 336, -18, 93, 336, -17, 0, 0, 0
L 91, 337, -17, 92, 336, -18, 0, 0, 0
L 90, 339, -16, 91, 337, -17, 0, 0, 0
L 87, 347, -17, 90, 339, -16, 0, 0, 0
L 123, 333, -19, 122, 331, -19, 0, 0, 0
L 123, 334, -19, 123, 333, -19, 0, 0, 0
L 132, 335, -18, 123, 334, -19, 0, 0, 0
L 148, 334, -16, 132, 335, -18, 0, 0, 0
L 158, 333, -17, 148, 334, -16, 0, 0, 0
L 163, 333, -18, 158, 333, -17, 0, 0, 0
L 172, 333, -16, 163, 333, -18, 0, 0, 0
L 182, 334, -19, 172, 333, -16, 0, 0, 0
L 201, 334, -19, 182, 334, -19, 0, 0, 0
L 230, 335, -18, 201, 334, -19, 0, 0, 0
L 116, 305, -19, 114, 306, -19, 0, 0, 0
L 118, 305, -19, 116, 305, -19, 0, 0, 0
L 120, 304, -19, 118, 305, -19, 0, 0, 0
L 121, 303, -19, 120, 304, -19, 0, 0, 0
L 122, 302, -20, 121, 303, -19, 0, 0, 0
L 129, 300, -19, 122, 302, -20, 0, 0, 0
L 143, 304, -20, 129, 300, -19, 0, 0, 0
L 152, 307, -19, 143, 304, -20, 0, 0, 0
L 159, 305, -19, 152, 307, -19, 0, 0, 0
L 161, 304, -19, 159, 305, -19, 0, 0, 0
L 162, 303, -19, 161, 304, -19, 0, 0, 0
L 164, 302, -19, 162, 303, -19, 0, 0, 0
L 165, 301, -19, 164, 302, -19, 0, 0, 0
L 169, 300, -18, 165, 301, -19, 0, 0, 0
L 171, 299, -18, 169, 300, -18, 0, 0, 0
L 172, 299, -18, 171, 299, -18, 0, 0, 0
L 184, 297, -19, 172, 299, -18, 0, 0, 0
L 185, 297, -19, 184, 297, -19, 0, 0, 0
L 186, 295, -16, 185, 297, -19, 0, 0, 0
L 185, 293, -14, 186, 295, -16, 0, 0, 0
L 185, 290, -14, 185, 293, -14, 0, 0, 0
L 185, 288, -15, 185, 290, -14, 0, 0, 0
L 187, 280, -15, 185, 288, -15, 0, 0, 0
L 143, 169, -11, 136, 169, -12, 0, 0, 0
L 152, 169, -12, 143, 169, -11, 0, 0, 0
L 159, 169, -12, 152, 169, -12, 0, 0, 0
L 170, 168, -12, 159, 169, -12, 0, 0, 0
L 172, 170, -11, 170, 168, -12, 0, 0, 0
L 174, 171, -11, 172, 170, -11, 0, 0, 0
L 174, 202, -13, 174, 171, -11, 0, 0, 0
L 174, 223, -13, 174, 202, -13, 0, 0, 0
L 173, 235, -12, 174, 223, -13, 0, 0, 0
L 221, 242, -13, 220, 243, -12, 0, 0, 0
L 224, 240, -13, 221, 242, -13, 0, 0, 0
L 225, 239, -13, 224, 240, -13, 0, 0, 0
L 230, 236, -13, 225, 239, -13, 0, 0, 0
L 233, 238, -13, 230, 236, -13, 0, 0, 0
L 235, 240, -13, 233, 238, -13, 0, 0, 0
L 240, 241, -13, 235, 240, -13, 0, 0, 0
L 241, 241, -13, 240, 241, -13, 0, 0, 0
L 243, 242, -13, 241, 241, -13, 0, 0, 0
L 244, 243, -12, 243, 242, -13, 0, 0, 0
L 248, 239, -12, 244, 243, -12, 0, 0, 0
L 248, 235, -12, 248, 239, -12, 0, 0, 0
L 249, 204, -11, 248, 235, -12, 0, 0, 0
L 248, 202, -11, 249, 204, -11, 0, 0, 0
L 249, 201, -11, 248, 202, -11, 0, 0, 0
L 249, 199, -12, 249, 201, -11, 0, 0, 0
L 248, 193, -12, 249, 199, -12, 0, 0, 0
L 247, 185, -11, 248, 193, -12, 0, 0, 0
L 246, 182, -11, 247, 185, -11, 0, 0, 0
L 243, 170, -10, 246, 182, -11, 0, 0, 0
L 245, 160, -11, 243, 170, -10, 0, 0, 0
L 246, 158, -11, 245, 160, -11, 0, 0, 0
L 247, 157, -11, 246, 158, -11, 0, 0, 0
L 247, 155, -10, 247, 157, -11, 0, 0, 0
L 248, 137, -9, 247, 155, -10, 0, 0, 0
L 248, 135, -9, 248, 137, -9, 0, 0, 0
L 247, 128, -9, 248, 135, -9, 0, 0, 0
L 245, 115, -8, 247, 128, -9, 0, 0, 0
L 245, 113, -8, 245, 115, -8, 0, 0, 0
L 246, 109, -9, 245, 113, -8, 0, 0, 0
L 246, 108, -11, 246, 109, -9, 0, 0, 0
L 247, 104, -11, 246, 108, -11, 0, 0, 0
L 247, 94, -11, 247, 104, -11, 0, 0, 0
L 248, 82, -11, 247, 94, -11, 0, 0, 0
L 247, 68, -11, 248, 82, -11, 0, 0, 0
L 248, 52, -11, 247, 68, -11, 0, 0, 0
L 248, 47, -11, 248, 52, -11, 0, 0, 0
L 250, 39, -11, 248, 47, -11, 0, 0, 0
L 163, 169, -7, 163, 169, -8, 0, 0, 0
L 161, 169, -8, 163, 169, -7, 0, 0, 0
L 151, 169, -7, 161, 169, -8, 0, 0, 0
L 140, 168, -7, 151, 169, -7, 0, 0, 0
L 139, 169, -6, 140, 168, -7, 0, 0, 0
L 137, 169, -6, 139, 169, -6, 0, 0, 0
L 113, 168, -5, 137, 169, -6, 0, 0, 0
L 103, 167, -5, 113, 168, -5, 0, 0, 0
L 99, 167, -4, 103, 167, -5, 0, 0, 0
L 97, 167, -4, 99, 167, -4, 0, 0, 0
L 94, 168, -4, 97, 167, -4, 0, 0, 0
L 84, 168, -7, 94, 168, -4, 0, 0, 0
L 75, 168, -7, 84, 168, -7, 0, 0, 0
L 55, 169, -5, 75, 168, -7, 0, 0, 0
L 51, 169, -5, 55, 169, -5, 0, 0, 0
L 41, 167, -5, 51, 169, -5, 0, 0, 0
L 21, 165, -6, 41, 167, -5, 0, 0, 0
L 20, 165, -6, 21, 165, -6, 0, 0, 0
L 16, 166, -6, 20, 165, -6, 0, 0, 0
L 11, 169, -8, 16, 166, -6, 0, 0, 0
L 247, 58, -11, 247, 59, -10, 0, 0, 0
L 249, 46, -11, 247, 58, -11, 0, 0, 0
L 250, 44, -11, 249, 46, -11, 0, 0, 0
L 246, 40, -11, 250, 44, -11, 0, 0, 0
L 239, 31, -11, 246, 40, -11, 0, 0, 0
L 238, 30, -11, 239, 31, -11, 0, 0, 0
L 220, 30, -11, 238, 30, -11, 0, 0, 0
L 202, 32, -11, 220, 30, -11, 0, 0, 0
L 200, 33, -11, 202, 32, -11, 0, 0, 0
L 177, 33, -11, 200, 33, -11, 0, 0, 0
L 156, 30, -10, 177, 33, -11, 0, 0, 0
L 125, 33, -8, 156, 30, -10, 0, 0, 0
L 120, 31, -8, 125, 33, -8, 0, 0, 0
L 119, 30, -8, 120, 31, -8, 0, 0, 0
L 116, 31, -11, 119, 30, -8, 0, 0, 0
L 114, 31, -11, 116, 31, -11, 0, 0, 0
L 112, 30, -11, 114, 31, -11, 0, 0, 0
L 110, 28, -11, 112, 30, -11, 0, 0, 0
L 108, 27, -11, 110, 28, -11, 0, 0, 0
L 107, 27, -10, 108, 27, -11, 0, 0, 0
L 106, 24, -12, 107, 27, -10, 0, 0, 0
L 106, 22, -12, 106, 24, -12, 0, 0, 0
L 104, 18, -12, 106, 22, -12, 0, 0, 0
L 104, -2, -12, 104, 18, -12, 0, 0, 0
L 104, -8, -11, 104, -2, -12, 0, 0, 0
L 106, -16, -11, 104, -8, -11, 0, 0, 0
L 106, -21, -11, 106, -16, -11, 0, 0, 0
L 106, -23, -12, 106, -21, -11, 0, 0, 0
L 103, -28, -12, 106, -23, -12, 0, 0, 0
L 101, -31, -12, 103, -28, -12, 0, 0, 0
L 96, -41, -11, 101, -31, -12, 0, 0, 0
L 95, -43, -11, 96, -41, -11, 0, 0, 0
L 95, -46, -11, 95, -43, -11, 0, 0, 0
L 91, -46, -11, 95, -46, -11, 0, 0, 0
L 81, -47, -12, 91, -46, -11, 0, 0, 0
L 78, -46, -12, 81, -47, -12, 0, 0, 0
L 63, -43, -12, 78, -46, -12, 0, 0, 0
L 52, -40, -12, 63, -43, -12, 0, 0, 0
L 50, -40, -12, 52, -40, -12, 0, 0, 0
L 45, -41, -12, 50, -40, -12, 0, 0, 0
L 43, -43, -12, 45, -41, -12, 0, 0, 0
L 42, -45, -12, 43, -43, -12, 0, 0, 0
L 41, -46, -12, 42, -45, -12, 0, 0, 0
L 40, -44, -12, 41, -46, -12, 0, 0, 0
L 39, -43, -12, 40, -44, -12, 0, 0, 0
L 38, -41, -12, 39, -43, -12, 0, 0, 0
L 37, -40, -12, 38, -41, -12, 0, 0, 0
L 37, -37, -12, 37, -40, -12, 0, 0, 0
L 36, -29, -12, 37, -37, -12, 0, 0, 0
L 37, -7, -12, 36, -29, -12, 0, 0, 0
L 38, -1, -12, 37, -7, -12, 0, 0, 0
L 38, 13, -11, 38, -1, -12, 0, 0, 0
L 36, 24, -11, 38, 13, -11, 0, 0, 0
L 33, 28, -11, 36, 24, -11, 0, 0, 0
L 32, 29, -11, 33, 28, -11, 0, 0, 0
L 27, 32, -11, 32, 29, -11, 0, 0, 0
L 26, 33, -11, 27, 32, -11, 0, 0, 0
L 18, 30, -11, 26, 33, -11, 0, 0, 0
L 14, 29, -11, 18, 30, -11, 0, 0, 0
L 13, 28, -11, 14, 29, -11, 0, 0, 0
L 11, 26, -10, 13, 28, -11, 0, 0, 0
L 9, 25, -10, 11, 26, -10, 0, 0, 0
L 9, 22, -10, 9, 25, -10, 0, 0, 0
L 8, 18, -10, 9, 22, -10, 0, 0, 0
L -3, 169, -11, 12, 169, -11, 0, 0, 0
L -5, 169, -10, -3, 169, -11, 0, 0, 0
L -17, 169, -10, -5, 169, -10, 0, 0, 0
L -18, 169, -11, -17, 169, -10, 0, 0, 0
L -20, 168, -11, -18, 169, -11, 0, 0, 0
L -22, 169, -11, -20, 168, -11, 0, 0, 0
L -26, 169, -11, -22, 169, -11, 0, 0, 0
L -28, 166, -11, -26, 169, -11, 0, 0, 0
L -30, 165, -11, -28, 166, -11, 0, 0, 0
L -31, 162, -12, -29, 163, -12, 0, 0, 0
L -36, 162, -12, -31, 162, -12, 0, 0, 0
L -37, 167, -12, -36, 162, -12, 0, 0, 0
L -38, 169, -12, -37, 167, -12, 0, 0, 0
L -39, 143, -12, -38, 169, -12, 0, 0, 0
L -39, 105, -12, -39, 143, -12, 0, 0, 0
L -38, 76, -11, -39, 105, -12, 0, 0, 0
L -39, 64, -12, -38, 76, -11, 0, 0, 0
L -40, 52, -11, -39, 64, -12, 0, 0, 0
L -39, 51, -11, -40, 52, -11, 0, 0, 0
L -39, 47, -10, -39, 51, -11, 0, 0, 0
L -39, 36, -4, -39, 61, -5, 0, 0, 0
L -38, 34, -4, -39, 36, -4, 0, 0, 0
L -36, 32, -4, -38, 34, -4, 0, 0, 0
L -31, 29, -3, -36, 32, -4, 0, 0, 0
L -29, 28, -3, -31, 29, -3, 0, 0, 0
L -28, 27, -3, -29, 28, -3, 0, 0, 0
L -26, 26, -3, -28, 27, -3, 0, 0, 0
L -17, 30, -8, -26, 26, -3, 0, 0, 0
L -16, 30, -8, -17, 30, -8, 0, 0, 0
L -11, 29, -8, -16, 30, -8, 0, 0, 0
L -9, 24, -8, -11, 29, -8, 0, 0, 0
L -9, 23, -8, -9, 24, -8, 0, 0, 0
L -10, 21, -8, -9, 23, -8, 0, 0, 0
L -11, 20, -8, -10, 21, -8, 0, 0, 0
L -13, 15, -8, -11, 20, -8, 0, 0, 0
L -13, 13, -7, -13, 15, -8, 0, 0, 0
L -14, 9, -7, -13, 13, -7, 0, 0, 0
L 9, 18, -12, 9, 19, -11, 0, 0, 0
L 10, 16, -11, 9, 18, -12, 0, 0, 0
L 13, 9, -10, 10, 16, -11, 0, 0, 0
L 15, -1, -9, 13, 9, -10, 0, 0, 0
L 17, -6, -8, 15, -1, -9, 0, 0, 0
L 17, -8, -8, 17, -6, -8, 0, 0, 0
L 21, -15, -6, 17, -8, -8, 0, 0, 0
L 21, -17, -5, 21, -15, -6, 0, 0, 0
L 16, -23, -4, 21, -17, -5, 0, 0, 0
L 14, -23, -8, 16, -23, -4, 0, 0, 0
L 10, -14, -9, 14, -23, -8, 0, 0, 0
L 9, -11, -8, 10, -14, -9, 0, 0, 0
L -10, -6, -8, 9, -11, -8, 0, 0, 0
L -11, -5, -8, -10, -6, -8, 0, 0, 0
L -13, -6, -11, -11, -5, -8, 0, 0, 0
L -15, -8, -11, -13, -6, -11, 0, 0, 0
L -16, -11, -11, -15, -8, -11, 0, 0, 0
L -16, -12, -10, -16, -11, -11, 0, 0, 0
L -17, -14, -10, -16, -12, -10, 0, 0, 0
L -19, -15, -9, -17, -14, -10, 0, 0, 0
L -13, 10, -10, -19, -15, -9, 0, 0, 0
L -13, 11, -10, -13, 10, -10, 0, 0, 0
L -12, 13, -10, -13, 11, -10, 0, 0, 0
L 173, 234, -13, 174, 236, -13, 0, 0, 0
L 174, 236, -13, 175, 237, -13, 0, 0, 0
L 175, 237, -13, 175, 242, -13, 0, 0, 0
L 175, 242, -13, 176, 243, -13, 0, 0, 0
L 176, 243, -13, 178, 243, -13, 0, 0, 0
L 178, 243, -13, 179, 242, -13, 0, 0, 0
L 179, 242, -13, 182, 240, -12, 0, 0, 0
L 182, 240, -12, 183, 238, -12, 0, 0, 0
L 183, 238, -12, 183, 238, -13, 0, 0, 0
L 183, 238, -13, 189, 243, -13, 0, 0, 0
L 218, 243, -13, 212, 248, -10, 0, 0, 0
L 212, 248, -10, 212, 249, -11, 0, 0, 0
L 212, 249, -11, 212, 254, -12, 0, 0, 0
L 212, 254, -12, 214, 257, -12, 0, 0, 0
L 214, 257, -12, 215, 259, -12, 0, 0, 0
L 215, 259, -12, 221, 266, -11, 0, 0, 0
L 221, 266, -11, 223, 268, -11, 0, 0, 0
L 223, 268, -11, 223, 270, -12, 0, 0, 0
L 223, 270, -12, 224, 280, -15, 0, 0, 0
L 224, 280, -15, 224, 282, -16, 0, 0, 0
L 224, 282, -16, 224, 286, -17, 0, 0, 0
L 224, 286, -17, 225, 287, -18, 0, 0, 0
L 225, 287, -18, 226, 292, -16, 0, 0, 0
L 226, 292, -16, 228, 298, -19, 0, 0, 0
L 228, 298, -19, 230, 298, -19, 0, 0, 0
L 230, 298, -19, 239, 298, -17, 0, 0, 0
L 239, 298, -17, 248, 299, -15, 0, 0, 0
L 248, 299, -15, 259, 299, -18, 0, 0, 0
L 259, 299, -18, 269, 298, -15, 0, 0, 0
L 269, 298, -15, 273, 298, -15, 0, 0, 0
L 273, 298, -15, 273, 300, -16, 0, 0, 0
L 273, 300, -16, 273, 332, -18, 0, 0, 0
L 273, 332, -18, 272, 333, -18, 0, 0, 0
L 272, 333, -18, 272, 337, -15, 0, 0, 0
L 272, 337, -15, 270, 337, -15, 0, 0, 0
L 270, 337, -15, 261, 336, -16, 0, 0, 0
L 261, 336, -16, 258, 336, -16, 0, 0, 0
L 258, 336, -16, 243, 337, -15, 0, 0, 0
L 243, 337, -15, 222, 335, -18, 0, 0, 0
L 222, 335, -18, 207, 334, -18, 0, 0, 0
L 186, 242, -13, 197, 243, -13, 0, 0, 0
L 197, 243, -13, 198, 245, -12, 0, 0, 0
L 198, 245, -12, 198, 246, -11, 0, 0, 0
L 198, 246, -11, 198, 248, -11, 0, 0, 0
L 198, 248, -11, 197, 250, -11, 0, 0, 0
L 197, 250, -11, 194, 254, -12, 0, 0, 0
L 194, 254, -12, 192, 262, -12, 0, 0, 0
L 192, 262, -12, 191, 266, -11, 0, 0, 0
L 191, 266, -11, 191, 269, -11, 0, 0, 0
L 191, 269, -11, 190, 271, -12, 0, 0, 0
L 190, 271, -12, 190, 275, -14, 0, 0, 0
L 190, 275, -14, 189, 277, -15, 0, 0, 0
L 189, 277, -15, 189, 279, -16, 0, 0, 0
L 189, 279, -16, 187, 285, -16, 0, 0, 0
L 187, 285, -16, 187, 286, -17, 0, 0, 0
