L -300, -387, -10, -301, -388, -11, 0, 0, 0
L -296, -388, -12, -300, -387, -10, 0, 0, 0
L -295, -388, -12, -296, -388, -12, 0, 0, 0
L -294, -385, -11, -295, -388, -12, 0, 0, 0
L -294, -383, -11, -294, -385, -11, 0, 0, 0
L -293, -382, -11, -294, -383, -11, 0, 0, 0
L -291, -381, -10, -293, -382, -11, 0, 0, 0
L -290, -381, -11, -291, -381, -10, 0, 0, 0
L -280, -380, -16, -290, -381, -11, 0, 0, 0
L -271, -381, -16, -280, -380, -16, 0, 0, 0
L -267, -380, -17, -271, -381, -16, 0, 0, 0
L -267, -376, -17, -267, -380, -17, 0, 0, 0
L -268, -375, -17, -267, -376, -17, 0, 0, 0
L -270, -375, -17, -268, -375, -17, 0, 0, 0
L -268, -374, -17, -270, -375, -17, 0, 0, 0
L -266, -372, -17, -268, -374, -17, 0, 0, 0
L -265, -367, -15, -266, -372, -17, 0, 0, 0
L -265, -366, -16, -265, -367, -15, 0, 0, 0
L -267, -366, -16, -265, -366, -16, 0, 0, 0
L -269, -365, -17, -267, -366, -16, 0, 0, 0
L -269, -349, -16, -269, -365, -17, 0, 0, 0
L -269, -347, -16, -269, -349, -16, 0, 0, 0
L -270, -345, -17, -269, -347, -16, 0, 0, 0
L -270, -341, -17, -270, -345, -17, 0, 0, 0
L -269, -336, -17, -270, -341, -17, 0, 0, 0
L -269, -333, -16, -269, -336, -17, 0, 0, 0
L -269, -332, -16, -269, -333, -16, 0, 0, 0
L -268, -329, -17, -269, -332, -16, 0, 0, 0
L -268, -328, -17, -268, -329, -17, 0, 0, 0
L -267, -325, -17, -268, -328, -17, 0, 0, 0
L -266, -320, -16, -267, -325, -17, 0, 0, 0
L -266, -317, -16, -266, -320, -16, 0, 0, 0
L -267, -315, -17, -266, -317, -16, 0, 0, 0
L -268, -315, -16, -267, -315, -17, 0, 0, 0
L -277, -315, -16, -268, -315, -16, 0, 0, 0
L -279, -315, -17, -277, -315, -16, 0, 0, 0
L -281, -315, -16, -279, -315, -17, 0, 0, 0
L -281, -269, -16, -281, -315, -16, 0, 0, 0
L -282, -266, -16, -281, -269, -16, 0, 0, 0
L -282, -264, -16, -282, -266, -16, 0, 0, 0
L -332, -264, -16, -282, -264, -16, 0, 0, 0
L -332, -257, -16, -332, -264, -16, 0, 0, 0
L -331, -246, -16, -332, -257, -16, 0, 0, 0
L -332, -244, -16, -331, -246, -16, 0, 0, 0
L -332, -232, -16, -332, -244, -16, 0, 0, 0
L -332, -218, -17, -332, -232, -16, 0, 0, 0
L -332, -216, -16, -332, -218, -17, 0, 0, 0
L -327, -212, -16, -332, -216, -16, 0, 0, 0
L -324, -208, -16, -327, -212, -16, 0, 0, 0
L -318, -202, -16, -324, -208, -16, 0, 0, 0
L -307, -192, -16, -318, -202, -16, 0, 0, 0
L -295, -180, -16, -307, -192, -16, 0, 0, 0
L -294, -178, -16, -295, -180, -16, 0, 0, 0
L -284, -168, -16, -294, -178, -16, 0, 0, 0
L -262, -147, -16, -284, -168, -16, 0, 0, 0
L -261, -145, -16, -262, -147, -16, 0, 0, 0
L -253, -137, -16, -261, -145, -16, 0, 0, 0
L -250, -135, -16, -253, -137, -16, 0, 0, 0
L -250, -133, -16, -250, -135, -16, 0, 0, 0
L -241, -126, -16, -250, -133, -16, 0, 0, 0
L -228, -113, -16, -241, -126, -16, 0, 0, 0
L -225, -111, -16, -228, -113, -16, 0, 0, 0
L -225, -109, -16, -225, -111, -16, 0, 0, 0
L -218, -102, -16, -225, -109, -16, 0, 0, 0
L -214, -99, -16, -218, -102, -16, 0, 0, 0
L -214, -98, -16, -214, -99, -16, 0, 0, 0
L -206, -90, -16, -214, -98, -16, 0, 0, 0
L -200, -86, -16, -206, -90, -16, 0, 0, 0
L -200, -85, -16, -200, -86, -16, 0, 0, 0
L -190, -75, -16, -200, -85, -16, 0, 0, 0
L -190, -74, -16, -190, -75, -16, 0, 0, 0
L -182, -67, -16, -190, -74, -16, 0, 0, 0
L -181, -66, -16, -182, -67, -16, 0, 0, 0
L -176, -66, -16, -181, -66, -16, 0, 0, 0
L -167, -65, -16, -176, -66, -16, 0, 0, 0
L -162, -64, -16, -167, -65, -16, 0, 0, 0
L -133, -64, -16, -162, -64, -16, 0, 0, 0
L -131, -65, -16, -133, -64, -16, 0, 0, 0
L -131, -86, -16, -131, -65, -16, 0, 0, 0
L -132, -97, -16, -131, -86, -16, 0, 0, 0
L -131, -98, -16, -132, -97, -16, 0, 0, 0
L -131, -113, -17, -131, -98, -16, 0, 0, 0
L -131, -115, -17, -131, -113, -17, 0, 0, 0
L -114, -116, -16, -131, -115, -17, 0, 0, 0
L -112, -116, -17, -114, -116, -16, 0, 0, 0
L -109, -115, -16, -112, -116, -17, 0, 0, 0
L -107, -115, -16, -109, -115, -16, 0, 0, 0
L -101, -116, -16, -107, -115, -16, 0, 0, 0
L -95, -116, -16, -101, -116, -16, 0, 0, 0
L -93, -115, -17, -95, -116, -16, 0, 0, 0
L -80, -115, -16, -93, -115, -17, 0, 0, 0
L -80, -130, -16, -80, -115, -16, 0, 0, 0
L -77, -130, -16, -80, -130, -16, 0, 0, 0
L -75, -130, -17, -77, -130, -16, 0, 0, 0
L -70, -131, -17, -75, -130, -17, 0, 0, 0
L -60, -132, -16, -70, -131, -17, 0, 0, 0
L -59, -132, -15, -60, -132, -16, 0, 0, 0
L -57, -132, -15, -59, -132, -15, 0, 0, 0
L -54, -132, -16, -57, -132, -15, 0, 0, 0
L -53, -132, -17, -54, -132, -16, 0, 0, 0
L -51, -133, -17, -53, -132, -17, 0, 0, 0
L -49, -132, -17, -51, -133, -17, 0, 0, 0
L -46, -131, -16, -49, -132, -17, 0, 0, 0
L -45, -130, -16, -46, -131, -16, 0, 0, 0
L -41, -130, -16, -45, -130, -16, 0, 0, 0
L -41, -124, -17, -41, -130, -16, 0, 0, 0
L -42, -122, -17, -41, -124, -17, 0, 0, 0
L -43, -120, -16, -42, -122, -17, 0, 0, 0
L -43, -117, -15, -43, -120, -16, 0, 0, 0
L -44, -116, -14, -43, -117, -15, 0, 0, 0
L -43, -113, -12, -44, -116, -14, 0, 0, 0
L -42, -111, -11, -43, -113, -12, 0, 0, 0
L -42, -110, -11, -42, -111, -11, 0, 0, 0
L -41, -109, -11, -42, -110, -11, 0, 0, 0
L -42, -107, -10, -41, -109, -11, 0, 0, 0
L -43, -106, -11, -42, -107, -10, 0, 0, 0
L -42, -104, -10, -43, -106, -11, 0, 0, 0
L -39, -102, -11, -42, -104, -10, 0, 0, 0
L -38, -101, -11, -39, -102, -11, 0, 0, 0
L -38, -99, -9, -38, -101, -11, 0, 0, 0
L -37, -96, -9, -38, -99, -9, 0, 0, 0
L -37, -94, -9, -37, -96, -9, 0, 0, 0
L -38, -93, -9, -37, -94, -9, 0, 0, 0
L -39, -91, -10, -38, -93, -9, 0, 0, 0
L -39, -89, -10, -39, -91, -10, 0, 0, 0
L -45, -90, -10, -39, -89, -10, 0, 0, 0
L -47, -90, -10, -45, -90, -10, 0, 0, 0
L -54, -88, -10, -47, -90, -10, 0, 0, 0
L -55, -88, -9, -54, -88, -10, 0, 0, 0
L -56, -90, -6, -55, -88, -9, 0, 0, 0
L -57, -91, -6, -56, -90, -6, 0, 0, 0
L -60, -90, -10, -57, -91, -6, 0, 0, 0
L -63, -89, -10, -60, -90, -10, 0, 0, 0
L -66, -87, -10, -63, -89, -10, 0, 0, 0
L -68, -86, -10, -66, -87, -10, 0, 0, 0
L -92, -61, -10, -68, -86, -10, 0, 0, 0
L -94, -60, -9, -92, -61, -10, 0, 0, 0
L -94, -52, -8, -94, -60, -9, 0, 0, 0
L -94, -51, -8, -94, -52, -8, 0, 0, 0
L -93, -46, -10, -94, -51, -8, 0, 0, 0
L -93, 9, -10, -93, -46, -10, 0, 0, 0
L -92, 18, -10, -93, 9, -10, 0, 0, 0
L -92, 20, -10, -92, 18, -10, 0, 0, 0
L -93, 37, -10, -92, 20, -10, 0, 0, 0
L -92, 45, -10, -93, 37, -10, 0, 0, 0
L -93, 48, -10, -92, 45, -10, 0, 0, 0
L -93, 50, -10, -93, 48, -10, 0, 0, 0
L -92, 52, -8, -93, 50, -10, 0, 0, 0
L -92, 56, -7, -92, 52, -8, 0, 0, 0
L -91, 57, -7, -92, 56, -7, 0, 0, 0
L -91, 59, -10, -91, 57, -7, 0, 0, 0
L -91, 64, -10, -91, 59, -10, 0, 0, 0
L -75, 81, -10, -91, 64, -10, 0, 0, 0
L -66, 90, -10, -75, 81, -10, 0, 0, 0
L -65, 90, -10, -66, 90, -10, 0, 0, 0
L -63, 92, -10, -65, 90, -10, 0, 0, 0
L -61, 92, -9, -63, 92, -10, 0, 0, 0
L -41, 92, -10, -61, 92, -9, 0, 0, 0
L -19, 91, -10, -41, 92, -10, 0, 0, 0
L -18, 92, -10, -19, 91, -10, 0, 0, 0
L 11, 91, -10, -18, 92, -10, 0, 0, 0
L 21, 92, -10, 11, 91, -10, 0, 0, 0
L 31, 91, -10, 21, 92, -10, 0, 0, 0
L 32, 92, -10, 31, 91, -10, 0, 0, 0
L 42, 91, -10, 32, 92, -10, 0, 0, 0
L 42, 93, -7, 42, 91, -10, 0, 0, 0
L 43, 94, -7, 42, 93, -7, 0, 0, 0
L 44, 96, -9, 43, 94, -7, 0, 0, 0
L 45, 95, -10, 44, 96, -9, 0, 0, 0
L 54, 91, -6, 45, 95, -10, 0, 0, 0
L 56, 90, -7, 54, 91, -6, 0, 0, 0
L 57, 90, -10, 56, 90, -7, 0, 0, 0
L 59, 89, -10, 57, 90, -10, 0, 0, 0
L 63, 89, -10, 59, 89, -10, 0, 0, 0
L 87, 64, -10, 63, 89, -10, 0, 0, 0
L 88, 60, -10, 87, 64, -10, 0, 0, 0
L 88, 58, -10, 88, 60, -10, 0, 0, 0
L 89, 34, -13, 88, 58, -10, 0, 0, 0
L 89, 32, -13, 89, 34, -13, 0, 0, 0
L 88, 21, -10, 89, 32, -13, 0, 0, 0
L 89, 19, -7, 88, 21, -10, 0, 0, 0
L 89, 17, -7, 89, 19, -7, 0, 0, 0
L 89, 15, -6, 89, 17, -7, 0, 0, 0
L 89, 13, -10, 89, 15, -6, 0, 0, 0
L 88, 10, -10, 89, 13, -10, 0, 0, 0
L 88, 0, -10, 88, 10, -10, 0, 0, 0
L 88, -1, -9, 88, 0, -10, 0, 0, 0
L 89, -2, -6, 88, -1, -9, 0, 0, 0
L 91, -3, -6, 89, -2, -6, 0, 0, 0
L 90, -5, -10, 91, -3, -6, 0, 0, 0
L 90, -7, -10, 90, -5, -10, 0, 0, 0
L 89, -11, -10, 90, -7, -10, 0, 0, 0
L 88, -22, -10, 89, -11, -10, 0, 0, 0
L 89, -24, -10, 88, -22, -10, 0, 0, 0
L 89, -33, -10, 89, -24, -10, 0, 0, 0
L 88, -45, -10, 89, -33, -10, 0, 0, 0
L 88, -47, -10, 88, -45, -10, 0, 0, 0
L 90, -48, -10, 88, -47, -10, 0, 0, 0
L 92, -48, -10, 90, -48, -10, 0, 0, 0
L 93, -49, -10, 92, -48, -10, 0, 0, 0
L 94, -52, -10, 93, -49, -10, 0, 0, 0
L 94, -54, -10, 94, -52, -10, 0, 0, 0
L 92, -55, -10, 94, -54, -10, 0, 0, 0
L 59, -55, -10, 92, -55, -10, 0, 0, 0
L 54, -54, -10, 59, -55, -10, 0, 0, 0
L 52, -54, -9, 54, -54, -10, 0, 0, 0
L 44, -51, -6, 52, -54, -9, 0, 0, 0
L 42, -50, -6, 44, -51, -6, 0, 0, 0
L 40, -50, -6, 42, -50, -6, 0, 0, 0
L 38, -51, -9, 40, -50, -6, 0, 0, 0
L 37, -52, -10, 38, -51, -9, 0, 0, 0
L 36, -53, -10, 37, -52, -10, 0, 0, 0
L 28, -57, -10, 36, -53, -10, 0, 0, 0
L 27, -58, -10, 28, -57, -10, 0, 0, 0
L 27, -59, -9, 27, -58, -10, 0, 0, 0
L 25, -61, -10, 27, -59, -9, 0, 0, 0
L 22, -62, -10, 25, -61, -10, 0, 0, 0
L 22, -63, -10, 22, -62, -10, 0, 0, 0
L 9, -72, -10, 22, -63, -10, 0, 0, 0
L 7, -73, -9, 9, -72, -10, 0, 0, 0
L 5, -75, -9, 7, -73, -9, 0, 0, 0
L -1, -84, -10, 5, -75, -9, 0, 0, 0
L -4, -87, -10, -1, -84, -10, 0, 0, 0
L -4, -89, -10, -4, -87, -10, 0, 0, 0
L -7, -90, -10, -4, -89, -10, 0, 0, 0
L -9, -91, -10, -7, -90, -10, 0, 0, 0
L -16, -90, -10, -9, -91, -10, 0, 0, 0
L -23, -90, -10, -16, -90, -10, 0, 0, 0
L -24, -91, -10, -23, -90, -10, 0, 0, 0
L -23, -93, -9, -24, -91, -10, 0, 0, 0
L -24, -95, -9, -23, -93, -9, 0, 0, 0
L -24, -98, -10, -24, -95, -9, 0, 0, 0
L -24, -100, -10, -24, -98, -10, 0, 0, 0
L -23, -101, -10, -24, -100, -10, 0, 0, 0
L -23, -103, -10, -23, -101, -10, 0, 0, 0
L -22, -119, -16, -23, -103, -10, 0, 0, 0
L -22, -121, -17, -22, -119, -16, 0, 0, 0
L -21, -122, -16, -22, -121, -17, 0, 0, 0
L -21, -134, -16, -21, -122, -16, 0, 0, 0
L -22, -145, -16, -21, -134, -16, 0, 0, 0
L -22, -146, -16, -22, -145, -16, 0, 0, 0
L -23, -148, -17, -22, -146, -16, 0, 0, 0
L -24, -149, -17, -23, -148, -17, 0, 0, 0
L -34, -149, -17, -24, -149, -17, 0, 0, 0
L -46, -149, -16, -34, -149, -17, 0, 0, 0
L -48, -149, -17, -46, -149, -16, 0, 0, 0
L -49, -148, -16, -48, -149, -17, 0, 0, 0
L -51, -147, -15, -49, -148, -16, 0, 0, 0
L -57, -147, -15, -51, -147, -15, 0, 0, 0
L -59, -146, -15, -57, -147, -15, 0, 0, 0
L -60, -148, -16, -59, -146, -15, 0, 0, 0
L -64, -148, -17, -60, -148, -16, 0, 0, 0
L -67, -148, -17, -64, -148, -17, 0, 0, 0
L -77, -147, -16, -67, -148, -17, 0, 0, 0
L -78, -147, -16, -77, -147, -16, 0, 0, 0
L -80, -148, -17, -78, -147, -16, 0, 0, 0
L -81, -149, -17, -80, -148, -17, 0, 0, 0
L -80, -151, -17, -81, -149, -17, 0, 0, 0
L -80, -161, -16, -80, -151, -17, 0, 0, 0
L -80, -162, -16, -80, -161, -16, 0, 0, 0
L -127, -162, -16, -80, -162, -16, 0, 0, 0
L -128, -163, -16, -127, -162, -16, 0, 0, 0
L -130, -163, -16, -128, -163, -16, 0, 0, 0
L -131, -165, -16, -130, -163, -16, 0, 0, 0
L -131, -210, -16, -131, -165, -16, 0, 0, 0
L -133, -212, -16, -131, -210, -16, 0, 0, 0
L -135, -213, -16, -133, -212, -16, 0, 0, 0
L -170, -213, -16, -135, -213, -16, 0, 0, 0
L -181, -214, -16, -170, -213, -16, 0, 0, 0
L -182, -215, -16, -181, -214, -16, 0, 0, 0
L -183, -224, -17, -182, -215, -16, 0, 0, 0
L -183, -225, -16, -183, -224, -17, 0, 0, 0
L -183, -248, -16, -183, -225, -16, 0, 0, 0
L -183, -250, -17, -183, -248, -16, 0, 0, 0
L -183, -251, -16, -183, -250, -17, 0, 0, 0
L -182, -263, -16, -183, -251, -16, 0, 0, 0
L -183, -264, -16, -182, -263, -16, 0, 0, 0
L -221, -264, -16, -183, -264, -16, 0, 0, 0
L -232, -263, -17, -221, -264, -16, 0, 0, 0
L -233, -265, -17, -232, -263, -17, 0, 0, 0
L -234, -266, -17, -233, -265, -17, 0, 0, 0
L -234, -277, -16, -234, -266, -17, 0, 0, 0
L -235, -278, -16, -234, -277, -16, 0, 0, 0
L -234, -286, -17, -235, -278, -16, 0, 0, 0
L -234, -290, -16, -234, -286, -17, 0, 0, 0
L -234, -292, -16, -234, -290, -16, 0, 0, 0
L -235, -300, -16, -234, -292, -16, 0, 0, 0
L -234, -302, -17, -235, -300, -16, 0, 0, 0
L -234, -311, -16, -234, -302, -17, 0, 0, 0
L -234, -313, -16, -234, -311, -16, 0, 0, 0
L -235, -314, -16, -234, -313, -16, 0, 0, 0
L -249, -315, -16, -235, -314, -16, 0, 0, 0
L -250, -317, -16, -249, -315, -16, 0, 0, 0
L -249, -327, -17, -250, -317, -16, 0, 0, 0
L -249, -329, -17, -249, -327, -17, 0, 0, 0
L -249, -331, -16, -249, -329, -17, 0, 0, 0
L -248, -332, -17, -249, -331, -16, 0, 0, 0
L -248, -334, -17, -248, -332, -17, 0, 0, 0
L -247, -349, -15, -248, -334, -17, 0, 0, 0
L -247, -350, -15, -247, -349, -15, 0, 0, 0
L -248, -360, -16, -247, -350, -15, 0, 0, 0
L -248, -362, -16, -248, -360, -16, 0, 0, 0
L -247, -363, -17, -248, -362, -16, 0, 0, 0
L -250, -365, -15, -247, -363, -17, 0, 0, 0
L -251, -366, -15, -250, -365, -15, 0, 0, 0
L -251, -370, -15, -251, -366, -15, 0, 0, 0
L -251, -372, -16, -251, -370, -15, 0, 0, 0
L -250, -374, -17, -251, -372, -16, 0, 0, 0
L -248, -374, -17, -250, -374, -17, 0, 0, 0
L -247, -378, -17, -248, -374, -17, 0, 0, 0
L -201, -669, -15, -201, -669, -14, 0, 0, 0
L -211, -668, -16, -201, -669, -15, 0, 0, 0
L -213, -668, -16, -211, -668, -16, 0, 0, 0
L -222, -668, -17, -213, -668, -16, 0, 0, 0
L -223, -668, -18, -222, -668, -17, 0, 0, 0
L -225, -669, -18, -223, -668, -18, 0, 0, 0
L -225, -671, -18, -225, -669, -18, 0, 0, 0
L -226, -673, -18, -225, -671, -18, 0, 0, 0
L -231, -675, -18, -226, -673, -18, 0, 0, 0
L -240, -676, -17, -231, -675, -18, 0, 0, 0
L -242, -676, -17, -240, -676, -17, 0, 0, 0
L -243, -674, -17, -242, -676, -17, 0, 0, 0
L -243, -665, -17, -243, -674, -17, 0, 0, 0
L -242, -659, -17, -243, -665, -17, 0, 0, 0
L -241, -650, -17, -242, -659, -17, 0, 0, 0
L -240, -647, -16, -241, -650, -17, 0, 0, 0
L -240, -645, -15, -240, -647, -16, 0, 0, 0
L -240, -642, -14, -240, -645, -15, 0, 0, 0
L -240, -640, -13, -240, -642, -14, 0, 0, 0
L -239, -637, -13, -240, -640, -13, 0, 0, 0
L -239, -636, -13, -239, -637, -13, 0, 0, 0
L -238, -633, -14, -239, -636, -13, 0, 0, 0
L -239, -631, -17, -238, -633, -14, 0, 0, 0
L -237, -624, -18, -239, -631, -17, 0, 0, 0
L -237, -614, -18, -237, -624, -18, 0, 0, 0
L -238, -611, -17, -237, -614, -18, 0, 0, 0
L -238, -609, -17, -238, -611, -17, 0, 0, 0
L -239, -608, -16, -238, -609, -17, 0, 0, 0
L -240, -601, -16, -239, -608, -16, 0, 0, 0
L -240, -599, -16, -240, -601, -16, 0, 0, 0
L -239, -598, -17, -240, -599, -16, 0, 0, 0
L -238, -596, -17, -239, -598, -17, 0, 0, 0
L -237, -594, -18, -238, -596, -17, 0, 0, 0
L -236, -593, -18, -237, -594, -18, 0, 0, 0
L -237, -592, -17, -236, -593, -18, 0, 0, 0
L -238, -589, -14, -237, -592, -17, 0, 0, 0
L -238, -588, -13, -238, -589, -14, 0, 0, 0
L -239, -579, -13, -238, -588, -13, 0, 0, 0
L -239, -577, -13, -239, -579, -13, 0, 0, 0
L -238, -575, -16, -239, -577, -13, 0, 0, 0
L -238, -573, -17, -238, -575, -16, 0, 0, 0
L -236, -571, -17, -238, -573, -17, 0, 0, 0
L -235, -568, -17, -236, -571, -17, 0, 0, 0
L -224, -556, -17, -235, -568, -17, 0, 0, 0
L -216, -548, -17, -224, -556, -17, 0, 0, 0
L -215, -548, -17, -216, -548, -17, 0, 0, 0
L -213, -546, -15, -215, -548, -17, 0, 0, 0
L -205, -541, -12, -213, -546, -15, 0, 0, 0
L -202, -538, -13, -205, -541, -12, 0, 0, 0
L -198, -536, -17, -202, -538, -13, 0, 0, 0
L -197, -536, -17, -198, -536, -17, 0, 0, 0
L -196, -535, -17, -197, -536, -17, 0, 0, 0
L -160, -535, -17, -196, -535, -17, 0, 0, 0
L -159, -536, -17, -160, -535, -17, 0, 0, 0
L -156, -537, -17, -159, -536, -17, 0, 0, 0
L -155, -538, -17, -156, -537, -17, 0, 0, 0
L -154, -539, -16, -155, -538, -17, 0, 0, 0
L -153, -540, -16, -154, -539, -16, 0, 0, 0
L -153, -544, -17, -153, -540, -16, 0, 0, 0
L -153, -546, -17, -153, -544, -17, 0, 0, 0
L -156, -546, -18, -153, -546, -17, 0, 0, 0
L -158, -546, -18, -156, -546, -18, 0, 0, 0
L -158, -549, -18, -158, -546, -18, 0, 0, 0
L -157, -551, -18, -158, -549, -18, 0, 0, 0
L -156, -552, -18, -157, -551, -18, 0, 0, 0
L -155, -553, -17, -156, -552, -18, 0, 0, 0
L -154, -554, -17, -155, -553, -17, 0, 0, 0
L -153, -555, -16, -154, -554, -17, 0, 0, 0
L -151, -556, -16, -153, -555, -16, 0, 0, 0
L -147, -556, -16, -151, -556, -16, 0, 0, 0
L -145, -557, -16, -147, -556, -16, 0, 0, 0
L -142, -557, -16, -145, -557, -16, 0, 0, 0
L -141, -556, -17, -142, -557, -16, 0, 0, 0
L -139, -555, -16, -141, -556, -17, 0, 0, 0
L -138, -555, -17, -139, -555, -16, 0, 0, 0
L -136, -555, -17, -138, -555, -17, 0, 0, 0
L -135, -554, -16, -136, -555, -17, 0, 0, 0
L -133, -553, -16, -135, -554, -16, 0, 0, 0
L -131, -554, -15, -133, -553, -16, 0, 0, 0
L -129, -554, -15, -131, -554, -15, 0, 0, 0
L -120, -556, -16, -129, -554, -15, 0, 0, 0
L -118, -557, -16, -120, -556, -16, 0, 0, 0
L -118, -550, -16, -118, -557, -16, 0, 0, 0
L -117, -537, -22, -118, -550, -16, 0, 0, 0
L -117, -519, -23, -117, -537, -22, 0, 0, 0
L -116, -517, -23, -117, -519, -23, 0, 0, 0
L -116, -514, -23, -116, -517, -23, 0, 0, 0
L -115, -513, -23, -116, -514, -23, 0, 0, 0
L -115, -511, -23, -115, -513, -23, 0, 0, 0
L -114, -510, -22, -115, -511, -23, 0, 0, 0
L -114, -506, -23, -114, -510, -22, 0, 0, 0
L -114, -504, -24, -114, -506, -23, 0, 0, 0
L -115, -503, -24, -114, -504, -24, 0, 0, 0
L -115, -500, -26, -115, -503, -24, 0, 0, 0
L -115, -498, -27, -115, -500, -26, 0, 0, 0
L -116, -496, -28, -115, -498, -27, 0, 0, 0
L -134, -496, -30, -116, -496, -28, 0, 0, 0
L -137, -496, -30, -134, -496, -30, 0, 0, 0
L -138, -490, -30, -137, -496, -30, 0, 0, 0
L -138, -438, -30, -138, -490, -30, 0, 0, 0
L -139, -435, -30, -138, -438, -30, 0, 0, 0
L -138, -434, -30, -139, -435, -30, 0, 0, 0
L -139, -432, -30, -138, -434, -30, 0, 0, 0
L -139, -430, -30, -139, -432, -30, 0, 0, 0
L -141, -428, -30, -139, -430, -30, 0, 0, 0
L -143, -428, -30, -141, -428, -30, 0, 0, 0
L -145, -429, -30, -143, -428, -30, 0, 0, 0
L -147, -428, -30, -145, -429, -30, 0, 0, 0
L -149, -426, -30, -147, -428, -30, 0, 0, 0
L -149, -425, -30, -149, -426, -30, 0, 0, 0
L -157, -425, -30, -149, -425, -30, 0, 0, 0
L -159, -426, -30, -157, -425, -30, 0, 0, 0
L -159, -428, -30, -159, -426, -30, 0, 0, 0
L -165, -429, -30, -159, -428, -30, 0, 0, 0
L -184, -429, -30, -165, -429, -30, 0, 0, 0
L -186, -430, -30, -184, -429, -30, 0, 0, 0
L -193, -430, -30, -186, -430, -30, 0, 0, 0
L -194, -429, -30, -193, -430, -30, 0, 0, 0
L -196, -430, -30, -194, -429, -30, 0, 0, 0
L -198, -428, -30, -196, -430, -30, 0, 0, 0
L -199, -426, -30, -198, -428, -30, 0, 0, 0
L -200, -425, -30, -199, -426, -30, 0, 0, 0
L -205, -425, -30, -200, -425, -30, 0, 0, 0
L -206, -418, -30, -205, -425, -30, 0, 0, 0
L -206, -406, -30, -206, -418, -30, 0, 0, 0
L -207, -405, -30, -206, -406, -30, 0, 0, 0
L -208, -403, -30, -207, -405, -30, 0, 0, 0
L -209, -403, -27, -208, -403, -30, 0, 0, 0
L -209, -401, -25, -209, -403, -27, 0, 0, 0
L -211, -400, -23, -209, -401, -25, 0, 0, 0
L -213, -400, -22, -211, -400, -23, 0, 0, 0
L -218, -400, -22, -213, -400, -22, 0, 0, 0
L -220, -400, -23, -218, -400, -22, 0, 0, 0
L -222, -400, -23, -220, -400, -23, 0, 0, 0
L -232, -399, -19, -222, -400, -23, 0, 0, 0
L -233, -399, -18, -232, -399, -19, 0, 0, 0
L -243, -401, -16, -233, -399, -18, 0, 0, 0
L -244, -401, -17, -243, -401, -16, 0, 0, 0
L -245, -401, -16, -244, -401, -17, 0, 0, 0
L -258, -400, -17, -245, -401, -16, 0, 0, 0
L -263, -401, -17, -258, -400, -17, 0, 0, 0
L -273, -401, -17, -263, -401, -17, 0, 0, 0
L -287, -401, -11, -273, -401, -17, 0, 0, 0
L -288, -401, -11, -287, -401, -11, 0, 0, 0
L -298, -396, -11, -288, -401, -11, 0, 0, 0
L -299, -395, -11, -298, -396, -11, 0, 0, 0
L -301, -395, -11, -299, -395, -11, 0, 0, 0
L -303, -396, -11, -301, -395, -11, 0, 0, 0
L -304, -397, -12, -303, -396, -11, 0, 0, 0
L -305, -398, -11, -304, -397, -12, 0, 0, 0
L -307, -399, -11, -305, -398, -11, 0, 0, 0
L -308, -401, -11, -307, -399, -11, 0, 0, 0
L -309, -402, -12, -308, -401, -11, 0, 0, 0
L -312, -403, -12, -309, -402, -12, 0, 0, 0
L -314, -405, -14, -312, -403, -12, 0, 0, 0
L -314, -407, -13, -314, -405, -14, 0, 0, 0
L -314, -408, -13, -314, -407, -13, 0, 0, 0
L -315, -410, -13, -314, -408, -13, 0, 0, 0
L -315, -411, -12, -315, -410, -13, 0, 0, 0
L -319, -415, -12, -315, -411, -12, 0, 0, 0
L -319, -416, -12, -319, -415, -12, 0, 0, 0
L -320, -423, -12, -319, -416, -12, 0, 0, 0
L -319, -424, -12, -320, -423, -12, 0, 0, 0
L -318, -426, -12, -319, -424, -12, 0, 0, 0
L -317, -426, -12, -318, -426, -12, 0, 0, 0
L -317, -432, -12, -317, -426, -12, 0, 0, 0
L -319, -433, -12, -317, -432, -12, 0, 0, 0
L -320, -434, -12, -319, -433, -12, 0, 0, 0
L -323, -436, -12, -320, -434, -12, 0, 0, 0
L -326, -439, -12, -323, -436, -12, 0, 0, 0
L -326, -442, -12, -326, -439, -12, 0, 0, 0
L -325, -443, -12, -326, -442, -12, 0, 0, 0
L -326, -445, -12, -325, -443, -12, 0, 0, 0
L -327, -448, -12, -326, -445, -12, 0, 0, 0
L -328, -449, -12, -327, -448, -12, 0, 0, 0
L -332, -454, -12, -328, -449, -12, 0, 0, 0
L -349, -470, -12, -332, -454, -12, 0, 0, 0
L -357, -473, -12, -349, -470, -12, 0, 0, 0
L -361, -476, -12, -357, -473, -12, 0, 0, 0
L -362, -476, -12, -361, -476, -12, 0, 0, 0
L -363, -477, -12, -362, -476, -12, 0, 0, 0
L -367, -479, -12, -363, -477, -12, 0, 0, 0
L -368, -482, -12, -367, -479, -12, 0, 0, 0
L -368, -484, -12, -368, -482, -12, 0, 0, 0
L -367, -485, -12, -368, -484, -12, 0, 0, 0
L -368, -487, -12, -367, -485, -12, 0, 0, 0
L -371, -490, -12, -368, -487, -12, 0, 0, 0
L -372, -489, -12, -371, -490, -12, 0, 0, 0
L -376, -489, -12, -372, -489, -12, 0, 0, 0
L -380, -488, -12, -376, -489, -12, 0, 0, 0
L -384, -488, -12, -380, -488, -12, 0, 0, 0
L -385, -490, -12, -384, -488, -12, 0, 0, 0
L -385, -492, -12, -385, -490, -12, 0, 0, 0
L -386, -493, -12, -385, -492, -12, 0, 0, 0
L -388, -494, -12, -386, -493, -12, 0, 0, 0
L -419, -494, -12, -388, -494, -12, 0, 0, 0
L -431, -489, -12, -419, -494, -12, 0, 0, 0
L -432, -489, -12, -431, -489, -12, 0, 0, 0
L -442, -488, -12, -432, -489, -12, 0, 0, 0
L -444, -489, -12, -442, -488, -12, 0, 0, 0
L -458, -489, -12, -444, -489, -12, 0, 0, 0
L -470, -492, -12, -458, -489, -12, 0, 0, 0
L -480, -493, -12, -470, -492, -12, 0, 0, 0
L -488, -492, -12, -480, -493, -12, 0, 0, 0
L -490, -492, -12, -488, -492, -12, 0, 0, 0
L -502, -489, -12, -490, -492, -12, 0, 0, 0
L -518, -489, -12, -502, -489, -12, 0, 0, 0
L -520, -490, -12, -518, -489, -12, 0, 0, 0
L -523, -490, -12, -520, -490, -12, 0, 0, 0
L -532, -489, -12, -523, -490, -12, 0, 0, 0
L -534, -489, -12, -532, -489, -12, 0, 0, 0
L -535, -490, -12, -534, -489, -12, 0, 0, 0
L -535, -492, -12, -535, -490, -12, 0, 0, 0
L -536, -494, -12, -535, -492, -12, 0, 0, 0
L -577, -494, -12, -536, -494, -12, 0, 0, 0
L -583, -490, -12, -577, -494, -12, 0, 0, 0
L -584, -489, -12, -583, -490, -12, 0, 0, 0
L -587, -489, -12, -584, -489, -12, 0, 0, 0
L -589, -488, -12, -587, -489, -12, 0, 0, 0
L -590, -489, -12, -589, -488, -12, 0, 0, 0
L -592, -489, -12, -590, -489, -12, 0, 0, 0
L -594, -490, -12, -592, -489, -12, 0, 0, 0
L -596, -492, -12, -594, -490, -12, 0, 0, 0
L -600, -494, -12, -596, -492, -12, 0, 0, 0
L -602, -494, -12, -600, -494, -12, 0, 0, 0
L -602, -490, -12, -602, -494, -12, 0, 0, 0
L -603, -489, -12, -602, -490, -12, 0, 0, 0
L -607, -484, -12, -603, -489, -12, 0, 0, 0
L -610, -482, -12, -607, -484, -12, 0, 0, 0
L -613, -484, -12, -610, -482, -12, 0, 0, 0
L -616, -483, -12, -613, -484, -12, 0, 0, 0
L -643, -456, -12, -616, -483, -12, 0, 0, 0
L -644, -454, -12, -643, -456, -12, 0, 0, 0
L -644, -447, -12, -644, -454, -12, 0, 0, 0
L -650, -441, -12, -644, -447, -12, 0, 0, 0
L -652, -440, -12, -650, -441, -12, 0, 0, 0
L -654, -441, -12, -652, -440, -12, 0, 0, 0
L -655, -441, -12, -654, -441, -12, 0, 0, 0
L -658, -439, -12, -655, -441, -12, 0, 0, 0
L -659, -438, -12, -658, -439, -12, 0, 0, 0
L -657, -434, -12, -659, -438, -12, 0, 0, 0
L -657, -429, -12, -657, -434, -12, 0, 0, 0
L -656, -427, -12, -657, -429, -12, 0, 0, 0
L -657, -425, -12, -656, -427, -12, 0, 0, 0
L -657, -424, -12, -657, -425, -12, 0, 0, 0
L -658, -422, -12, -657, -424, -12, 0, 0, 0
L -659, -420, -13, -658, -422, -12, 0, 0, 0
L -660, -419, -14, -659, -420, -13, 0, 0, 0
L -661, -418, -14, -660, -419, -14, 0, 0, 0
L -662, -417, -13, -661, -418, -14, 0, 0, 0
L -663, -415, -13, -662, -417, -13, 0, 0, 0
L -664, -414, -12, -663, -415, -13, 0, 0, 0
L -665, -412, -12, -664, -414, -12, 0, 0, 0
L -666, -411, -12, -665, -412, -12, 0, 0, 0
L -667, -410, -11, -666, -411, -12, 0, 0, 0
L -668, -409, -11, -667, -410, -11, 0, 0, 0
L -670, -409, -11, -668, -409, -11, 0, 0, 0
L -673, -407, -11, -670, -409, -11, 0, 0, 0
L -675, -406, -12, -673, -407, -11, 0, 0, 0
L -676, -405, -11, -675, -406, -12, 0, 0, 0
L -679, -402, -11, -676, -405, -11, 0, 0, 0
L -680, -403, -11, -679, -402, -11, 0, 0, 0
L -682, -404, -11, -680, -403, -11, 0, 0, 0
L -682, -405, -11, -682, -404, -11, 0, 0, 0
L -683, -406, -11, -682, -405, -11, 0, 0, 0
L -685, -406, -11, -683, -406, -11, 0, 0, 0
L -685, -408, -11, -685, -406, -11, 0, 0, 0
L -686, -410, -10, -685, -408, -11, 0, 0, 0
L -692, -410, -9, -686, -410, -10, 0, 0, 0
L -693, -410, -9, -692, -410, -9, 0, 0, 0
L -695, -411, -9, -693, -410, -9, 0, 0, 0
L -704, -410, -10, -695, -411, -9, 0, 0, 0
L -705, -410, -11, -704, -410, -10, 0, 0, 0
L -706, -412, -11, -705, -410, -11, 0, 0, 0
L -706, -414, -11, -706, -412, -11, 0, 0, 0
L -704, -415, -11, -706, -414, -11, 0, 0, 0
L -704, -425, -16, -704, -415, -11, 0, 0, 0
L -705, -430, -17, -704, -425, -16, 0, 0, 0
L -706, -437, -17, -705, -430, -17, 0, 0, 0
L -706, -439, -17, -706, -437, -17, 0, 0, 0
L -705, -441, -16, -706, -439, -17, 0, 0, 0
L -705, -448, -16, -705, -441, -16, 0, 0, 0
L -706, -449, -17, -705, -448, -16, 0, 0, 0
L -707, -458, -18, -706, -449, -17, 0, 0, 0
L -707, -460, -18, -707, -458, -18, 0, 0, 0
L -701, -460, -18, -707, -460, -18, 0, 0, 0
L -699, -461, -18, -701, -460, -18, 0, 0, 0
L -699, -462, -17, -699, -461, -18, 0, 0, 0
L -694, -463, -16, -699, -462, -17, 0, 0, 0
L -693, -464, -18, -694, -463, -16, 0, 0, 0
L -688, -464, -18, -693, -464, -18, 0, 0, 0
L -686, -463, -18, -688, -464, -18, 0, 0, 0
L -685, -462, -18, -686, -463, -18, 0, 0, 0
L -683, -461, -18, -685, -462, -18, 0, 0, 0
L -678, -461, -18, -683, -461, -18, 0, 0, 0
L -678, -523, -18, -678, -461, -18, 0, 0, 0
L -679, -524, -18, -678, -523, -18, 0, 0, 0
L -679, -526, -18, -679, -524, -18, 0, 0, 0
L -680, -527, -18, -679, -526, -18, 0, 0, 0
L -684, -529, -18, -680, -527, -18, 0, 0, 0
L -696, -529, -18, -684, -529, -18, 0, 0, 0
L -703, -530, -18, -696, -529, -18, 0, 0, 0
L -722, -529, -18, -703, -530, -18, 0, 0, 0
L -731, -528, -18, -722, -529, -18, 0, 0, 0
L -741, -528, -17, -731, -528, -18, 0, 0, 0
L -743, -527, -15, -741, -528, -17, 0, 0, 0
L -745, -528, -13, -743, -527, -15, 0, 0, 0
L -748, -528, -12, -745, -528, -13, 0, 0, 0
L -757, -527, -13, -748, -528, -12, 0, 0, 0
L -759, -527, -18, -757, -527, -13, 0, 0, 0
L -760, -527, -18, -759, -527, -18, 0, 0, 0
L -765, -528, -18, -760, -527, -18, 0, 0, 0
L -766, -528, -18, -765, -528, -18, 0, 0, 0
L -770, -529, -18, -766, -528, -18, 0, 0, 0
L -769, -530, -17, -770, -529, -18, 0, 0, 0
L -770, -532, -17, -769, -530, -17, 0, 0, 0
L -770, -540, -17, -770, -532, -17, 0, 0, 0
L -771, -541, -17, -770, -540, -17, 0, 0, 0
L -771, -555, -17, -771, -541, -17, 0, 0, 0
L -770, -556, -17, -771, -555, -17, 0, 0, 0
L -771, -559, -17, -770, -556, -17, 0, 0, 0
L -771, -560, -17, -771, -559, -17, 0, 0, 0
L -771, -562, -16, -771, -560, -17, 0, 0, 0
L -772, -564, -15, -771, -562, -16, 0, 0, 0
L -772, -570, -16, -772, -564, -15, 0, 0, 0
L -772, -572, -17, -772, -570, -16, 0, 0, 0
L -770, -572, -17, -772, -572, -17, 0, 0, 0
L -769, -574, -16, -770, -572, -17, 0, 0, 0
L -767, -577, -16, -769, -574, -16, 0, 0, 0
L -767, -578, -16, -767, -577, -16, 0, 0, 0
L -766, -579, -17, -767, -578, -16, 0, 0, 0
L -764, -578, -17, -766, -579, -17, 0, 0, 0
L -762, -578, -17, -764, -578, -17, 0, 0, 0
L -760, -579, -17, -762, -578, -17, 0, 0, 0
L -754, -579, -17, -760, -579, -17, 0, 0, 0
L -753, -577, -17, -754, -579, -17, 0, 0, 0
L -752, -577, -17, -753, -577, -17, 0, 0, 0
L -750, -576, -16, -752, -577, -17, 0, 0, 0
L -746, -576, -16, -750, -576, -16, 0, 0, 0
L -743, -577, -16, -746, -576, -16, 0, 0, 0
L -742, -577, -17, -743, -577, -16, 0, 0, 0
L -740, -578, -17, -742, -577, -17, 0, 0, 0
L -738, -579, -16, -740, -578, -17, 0, 0, 0
L -737, -580, -16, -738, -579, -16, 0, 0, 0
L -736, -580, -16, -737, -580, -16, 0, 0, 0
L -734, -579, -17, -736, -580, -16, 0, 0, 0
L -733, -578, -17, -734, -579, -17, 0, 0, 0
L -732, -577, -18, -733, -578, -17, 0, 0, 0
L -731, -576, -18, -732, -577, -18, 0, 0, 0
L -731, -572, -18, -731, -576, -18, 0, 0, 0
L -730, -571, -18, -731, -572, -18, 0, 0, 0
L -728, -567, -16, -730, -571, -18, 0, 0, 0
L -727, -565, -17, -728, -567, -16, 0, 0, 0
L -727, -564, -18, -727, -565, -17, 0, 0, 0
L -727, -562, -18, -727, -564, -18, 0, 0, 0
L -726, -561, -18, -727, -562, -18, 0, 0, 0
L -726, -560, -18, -726, -561, -18, 0, 0, 0
L -728, -559, -18, -726, -560, -18, 0, 0, 0
L -729, -558, -18, -728, -559, -18, 0, 0, 0
L -729, -551, -18, -729, -558, -18, 0, 0, 0
L -730, -550, -18, -729, -551, -18, 0, 0, 0
L -683, -550, -18, -730, -550, -18, 0, 0, 0
L -666, -551, -18, -683, -550, -18, 0, 0, 0
L -662, -551, -18, -666, -551, -18, 0, 0, 0
L -661, -549, -18, -662, -551, -18, 0, 0, 0
L -647, -551, -18, -661, -549, -18, 0, 0, 0
L -646, -550, -18, -647, -551, -18, 0, 0, 0
L -636, -550, -18, -646, -550, -18, 0, 0, 0
L -636, -549, -18, -636, -550, -18, 0, 0, 0
L -632, -549, -18, -636, -549, -18, 0, 0, 0
L -621, -550, -18, -632, -549, -18, 0, 0, 0
L -620, -551, -18, -621, -550, -18, 0, 0, 0
L -619, -550, -18, -620, -551, -18, 0, 0, 0
L -604, -550, -18, -619, -550, -18, 0, 0, 0
L -595, -551, -18, -604, -550, -18, 0, 0, 0
L -594, -551, -18, -595, -551, -18, 0, 0, 0
L -593, -553, -18, -594, -551, -18, 0, 0, 0
L -593, -563, -18, -593, -553, -18, 0, 0, 0
L -592, -582, -18, -593, -563, -18, 0, 0, 0
L -593, -601, -18, -592, -582, -18, 0, 0, 0
L -592, -602, -18, -593, -601, -18, 0, 0, 0
L -592, -607, -18, -592, -602, -18, 0, 0, 0
L -593, -608, -18, -592, -607, -18, 0, 0, 0
L -594, -617, -18, -593, -608, -18, 0, 0, 0
L -593, -619, -18, -594, -617, -18, 0, 0, 0
L -593, -631, -18, -593, -619, -18, 0, 0, 0
L -592, -632, -18, -593, -631, -18, 0, 0, 0
L -592, -642, -18, -592, -632, -18, 0, 0, 0
L -593, -644, -18, -592, -642, -18, 0, 0, 0
L -592, -645, -18, -593, -644, -18, 0, 0, 0
L -592, -651, -18, -592, -645, -18, 0, 0, 0
L -593, -673, -18, -592, -651, -18, 0, 0, 0
L -592, -675, -18, -593, -673, -18, 0, 0, 0
L -593, -681, -18, -592, -675, -18, 0, 0, 0
L -593, -689, -18, -593, -681, -18, 0, 0, 0
L -605, -689, -18, -593, -689, -18, 0, 0, 0
L -607, -690, -18, -605, -689, -18, 0, 0, 0
L -613, -690, -18, -607, -690, -18, 0, 0, 0
L -626, -689, -18, -613, -690, -18, 0, 0, 0
L -644, -689, -18, -626, -689, -18, 0, 0, 0
L -646, -690, -18, -644, -689, -18, 0, 0, 0
L -657, -688, -19, -646, -690, -18, 0, 0, 0
L -659, -688, -19, -657, -688, -19, 0, 0, 0
L -663, -688, -18, -659, -688, -19, 0, 0, 0
L -674, -689, -18, -663, -688, -18, 0, 0, 0
L -675, -690, -18, -674, -689, -18, 0, 0, 0
L -685, -690, -18, -675, -690, -18, 0, 0, 0
L -696, -689, -18, -685, -690, -18, 0, 0, 0
L -714, -689, -18, -696, -689, -18, 0, 0, 0
L -715, -690, -18, -714, -689, -18, 0, 0, 0
L -716, -689, -18, -715, -690, -18, 0, 0, 0
L -726, -689, -18, -716, -689, -18, 0, 0, 0
L -730, -688, -18, -726, -689, -18, 0, 0, 0
L -731, -687, -18, -730, -688, -18, 0, 0, 0
L -732, -637, -18, -731, -687, -18, 0, 0, 0
L -731, -631, -18, -732, -637, -18, 0, 0, 0
L -731, -629, -18, -731, -631, -18, 0, 0, 0
L -730, -627, -18, -731, -629, -18, 0, 0, 0
L -730, -626, -17, -730, -627, -18, 0, 0, 0
L -729, -624, -16, -730, -626, -17, 0, 0, 0
L -729, -622, -14, -729, -624, -16, 0, 0, 0
L -729, -617, -13, -729, -622, -14, 0, 0, 0
L -729, -616, -12, -729, -617, -13, 0, 0, 0
L -728, -611, -13, -729, -616, -12, 0, 0, 0
L -728, -609, -16, -728, -611, -13, 0, 0, 0
L -729, -608, -17, -728, -609, -16, 0, 0, 0
L -730, -608, -18, -729, -608, -17, 0, 0, 0
L -731, -597, -18, -730, -608, -18, 0, 0, 0
L -731, -596, -18, -731, -597, -18, 0, 0, 0
L -734, -595, -17, -731, -596, -18, 0, 0, 0
L -736, -595, -17, -734, -595, -17, 0, 0, 0
L -737, -596, -17, -736, -595, -17, 0, 0, 0
L -741, -596, -17, -737, -596, -17, 0, 0, 0
L -748, -597, -16, -741, -596, -17, 0, 0, 0
L -757, -595, -17, -748, -597, -16, 0, 0, 0
L -759, -595, -17, -757, -595, -17, 0, 0, 0
L -760, -596, -17, -759, -595, -17, 0, 0, 0
L -768, -597, -16, -760, -596, -17, 0, 0, 0
L -769, -597, -17, -768, -597, -16, 0, 0, 0
L -771, -597, -17, -769, -597, -17, 0, 0, 0
L -772, -598, -17, -771, -597, -17, 0, 0, 0
L -781, -598, -17, -772, -598, -17, 0, 0, 0
L -786, -599, -17, -781, -598, -17, 0, 0, 0
L -788, -599, -16, -786, -599, -17, 0, 0, 0
L -794, -599, -16, -788, -599, -16, 0, 0, 0
L -796, -598, -16, -794, -599, -16, 0, 0, 0
L -797, -599, -15, -796, -598, -16, 0, 0, 0
L -812, -596, -11, -797, -599, -15, 0, 0, 0
L -817, -596, -11, -812, -596, -11, 0, 0, 0
L -819, -595, -11, -817, -596, -11, 0, 0, 0
L -822, -595, -11, -819, -595, -11, 0, 0, 0
L -827, -596, -9, -822, -595, -11, 0, 0, 0
L -830, -596, -8, -827, -596, -9, 0, 0, 0
L -831, -597, -7, -830, -596, -8, 0, 0, 0
L -832, -597, -7, -831, -597, -7, 0, 0, 0
L -834, -598, -6, -832, -597, -7, 0, 0, 0
L -836, -598, -5, -834, -598, -6, 0, 0, 0
L -843, -595, -6, -836, -598, -5, 0, 0, 0
L -849, -592, -4, -843, -595, -6, 0, 0, 0
L -851, -593, -3, -849, -592, -4, 0, 0, 0
L -853, -593, -4, -851, -593, -3, 0, 0, 0
L -854, -594, -5, -853, -593, -4, 0, 0, 0
L -855, -594, -6, -854, -594, -5, 0, 0, 0
L -857, -595, -6, -855, -594, -6, 0, 0, 0
L -856, -597, -6, -857, -595, -6, 0, 0, 0
L -856, -599, -6, -856, -597, -6, 0, 0, 0
L -858, -601, -6, -856, -599, -6, 0, 0, 0
L -855, -602, 0, -858, -601, -6, 0, 0, 0
L -853, -602, -0, -855, -602, 0, 0, 0, 0
L -852, -604, -1, -853, -602, -0, 0, 0, 0
L -853, -605, -0, -852, -604, -1, 0, 0, 0
L -853, -613, 0, -853, -605, -0, 0, 0, 0
L -853, -614, -1, -853, -613, 0, 0, 0, 0
L -852, -616, -5, -853, -614, -1, 0, 0, 0
L -850, -616, -5, -852, -616, -5, 0, 0, 0
L -837, -630, -5, -850, -616, -5, 0, 0, 0
L -834, -632, -5, -837, -630, -5, 0, 0, 0
L -830, -634, -5, -834, -632, -5, 0, 0, 0
L -828, -637, -5, -830, -634, -5, 0, 0, 0
L -825, -642, -5, -828, -637, -5, 0, 0, 0
L -824, -642, -5, -825, -642, -5, 0, 0, 0
L -822, -643, -5, -824, -642, -5, 0, 0, 0
L -822, -645, -5, -822, -643, -5, 0, 0, 0
L -820, -645, -5, -822, -645, -5, 0, 0, 0
L -819, -647, -5, -820, -645, -5, 0, 0, 0
L -817, -648, -5, -819, -647, -5, 0, 0, 0
L -816, -650, -5, -817, -648, -5, 0, 0, 0
L -816, -659, -5, -816, -650, -5, 0, 0, 0
L -814, -663, -5, -816, -659, -5, 0, 0, 0
L -811, -663, -5, -814, -663, -5, 0, 0, 0
L -810, -696, -5, -811, -663, -5, 0, 0, 0
L -811, -703, -5, -810, -696, -5, 0, 0, 0
L -812, -705, -4, -811, -703, -5, 0, 0, 0
L -812, -709, -2, -812, -705, -4, 0, 0, 0
L -813, -710, -2, -812, -709, -2, 0, 0, 0
L -813, -713, -2, -813, -710, -2, 0, 0, 0
L -814, -717, -2, -813, -713, -2, 0, 0, 0
L -814, -719, -5, -814, -717, -2, 0, 0, 0
L -815, -723, -5, -814, -719, -5, 0, 0, 0
L -816, -731, -6, -815, -723, -5, 0, 0, 0
L -816, -733, -5, -816, -731, -6, 0, 0, 0
L -815, -734, -5, -816, -733, -5, 0, 0, 0
L -816, -752, -6, -815, -734, -5, 0, 0, 0
L -816, -759, -6, -816, -752, -6, 0, 0, 0
L -817, -761, -6, -816, -759, -6, 0, 0, 0
L -817, -763, -6, -817, -761, -6, 0, 0, 0
L -818, -768, -5, -817, -763, -6, 0, 0, 0
L -818, -770, -5, -818, -768, -5, 0, 0, 0
L -817, -772, -5, -818, -770, -5, 0, 0, 0
L -816, -773, -5, -817, -772, -5, 0, 0, 0
L -820, -778, -5, -816, -773, -5, 0, 0, 0
L -840, -798, -5, -820, -778, -5, 0, 0, 0
L -851, -801, -5, -840, -798, -5, 0, 0, 0
L -853, -801, -5, -851, -801, -5, 0, 0, 0
L -854, -803, -5, -853, -801, -5, 0, 0, 0
L -881, -776, -5, -854, -803, -5, 0, 0, 0
L -883, -772, -3, -881, -776, -5, 0, 0, 0
L -883, -769, -1, -883, -772, -3, 0, 0, 0
L -884, -768, -1, -883, -769, -1, 0, 0, 0
L -884, -766, -1, -884, -768, -1, 0, 0, 0
L -885, -764, -1, -884, -766, -1, 0, 0, 0
L -884, -763, -4, -885, -764, -1, 0, 0, 0
L -884, -759, -6, -884, -763, -4, 0, 0, 0
L -883, -757, -6, -884, -759, -6, 0, 0, 0
L -883, -721, -6, -883, -757, -6, 0, 0, 0
L -884, -720, -5, -883, -721, -6, 0, 0, 0
L -885, -714, -5, -884, -720, -5, 0, 0, 0
L -885, -712, -5, -885, -714, -5, 0, 0, 0
L -890, -709, -0, -885, -712, -5, 0, 0, 0
L -891, -709, -2, -890, -709, -0, 0, 0, 0
L -897, -708, -5, -891, -709, -2, 0, 0, 0
L -898, -707, -5, -897, -708, -5, 0, 0, 0
L -899, -707, -5, -898, -707, -5, 0, 0, 0
L -901, -706, -5, -899, -707, -5, 0, 0, 0
L -911, -705, -6, -901, -706, -5, 0, 0, 0
L -918, -705, -6, -911, -705, -6, 0, 0, 0
L -919, -706, -6, -918, -705, -6, 0, 0, 0
L -928, -705, -6, -919, -706, -6, 0, 0, 0
L -933, -705, -6, -928, -705, -6, 0, 0, 0
L -934, -706, -6, -933, -705, -6, 0, 0, 0
L -942, -705, -5, -934, -706, -6, 0, 0, 0
L -944, -705, -5, -942, -705, -5, 0, 0, 0
L -944, -703, -5, -944, -705, -5, 0, 0, 0
L -945, -700, -5, -944, -703, -5, 0, 0, 0
L -945, -680, -5, -945, -700, -5, 0, 0, 0
L -944, -679, -5, -945, -680, -5, 0, 0, 0
L -942, -673, -5, -944, -679, -5, 0, 0, 0
L -941, -671, -5, -942, -673, -5, 0, 0, 0
L -941, -669, -4, -941, -671, -5, 0, 0, 0
L -941, -650, -5, -941, -669, -4, 0, 0, 0
L -940, -649, -5, -941, -650, -5, 0, 0, 0
L -940, -635, -5, -940, -649, -5, 0, 0, 0
L -941, -633, -5, -940, -635, -5, 0, 0, 0
L -942, -632, -5, -941, -633, -5, 0, 0, 0
L -944, -632, -4, -942, -632, -5, 0, 0, 0
L -946, -632, -4, -944, -632, -4, 0, 0, 0
L -948, -632, -5, -946, -632, -4, 0, 0, 0
L -949, -633, -5, -948, -632, -5, 0, 0, 0
L -953, -635, -5, -949, -633, -5, 0, 0, 0
L -954, -635, -5, -953, -635, -5, 0, 0, 0
L -956, -636, -4, -954, -635, -5, 0, 0, 0
L -957, -636, -5, -956, -636, -4, 0, 0, 0
L -967, -637, -3, -957, -636, -5, 0, 0, 0
L -969, -637, -3, -967, -637, -3, 0, 0, 0
L -972, -637, -5, -969, -637, -3, 0, 0, 0
L -974, -637, -4, -972, -637, -5, 0, 0, 0
L -975, -637, -5, -974, -637, -4, 0, 0, 0
L -977, -639, -5, -975, -637, -5, 0, 0, 0
L -976, -641, -5, -977, -639, -5, 0, 0, 0
L -976, -643, -6, -976, -641, -5, 0, 0, 0
L -977, -647, -8, -976, -643, -6, 0, 0, 0
L -977, -649, -9, -977, -647, -8, 0, 0, 0
L -976, -651, -10, -977, -649, -9, 0, 0, 0
L -976, -652, -10, -976, -651, -10, 0, 0, 0
L -975, -654, -10, -976, -652, -10, 0, 0, 0
L -975, -666, -11, -975, -654, -10, 0, 0, 0
L -976, -677, -9, -975, -666, -11, 0, 0, 0
L -976, -707, -10, -976, -677, -9, 0, 0, 0
L -977, -708, -10, -976, -707, -10, 0, 0, 0
L -986, -708, -10, -977, -708, -10, 0, 0, 0
L -999, -707, -11, -986, -708, -10, 0, 0, 0
L -1001, -707, -11, -999, -707, -11, 0, 0, 0
L -1002, -708, -10, -1001, -707, -11, 0, 0, 0
L -1004, -709, -11, -1002, -708, -10, 0, 0, 0
L -1005, -709, -12, -1004, -709, -11, 0, 0, 0
L -1007, -709, -13, -1005, -709, -12, 0, 0, 0
L -1010, -709, -15, -1007, -709, -13, 0, 0, 0
L -1027, -709, -17, -1010, -709, -15, 0, 0, 0
L -1029, -709, -17, -1027, -709, -17, 0, 0, 0
L -1031, -708, -16, -1029, -709, -17, 0, 0, 0
L -1033, -707, -17, -1031, -708, -16, 0, 0, 0
L -1034, -707, -16, -1033, -707, -17, 0, 0, 0
L -1035, -706, -16, -1034, -707, -16, 0, 0, 0
L -1045, -704, -16, -1035, -706, -16, 0, 0, 0
L -1047, -705, -16, -1045, -704, -16, 0, 0, 0
L -1052, -704, -16, -1047, -705, -16, 0, 0, 0
L -1063, -703, -16, -1052, -704, -16, 0, 0, 0
L -1065, -703, -17, -1063, -703, -16, 0, 0, 0
L -1066, -705, -17, -1065, -703, -17, 0, 0, 0
L -1067, -705, -17, -1066, -705, -17, 0, 0, 0
L -1067, -703, -17, -1067, -705, -17, 0, 0, 0
L -1066, -701, -17, -1067, -703, -17, 0, 0, 0
L -1067, -708, -17, -1066, -701, -17, 0, 0, 0
L -1067, -710, -17, -1067, -708, -17, 0, 0, 0
L -1066, -712, -14, -1067, -710, -17, 0, 0, 0
L -1065, -712, -12, -1066, -712, -14, 0, 0, 0
L -1064, -713, -13, -1065, -712, -12, 0, 0, 0
L -1062, -714, -13, -1064, -713, -13, 0, 0, 0
L -1061, -716, -12, -1062, -714, -13, 0, 0, 0
L -1060, -717, -13, -1061, -716, -12, 0, 0, 0
L -1059, -719, -15, -1060, -717, -13, 0, 0, 0
L -1058, -720, -16, -1059, -719, -15, 0, 0, 0
L -1056, -720, -13, -1058, -720, -16, 0, 0, 0
L -1054, -721, -12, -1056, -720, -13, 0, 0, 0
L -1052, -721, -12, -1054, -721, -12, 0, 0, 0
L -1051, -721, -13, -1052, -721, -12, 0, 0, 0
L -1047, -723, -15, -1051, -721, -13, 0, 0, 0
L -1046, -724, -16, -1047, -723, -15, 0, 0, 0
L -1046, -726, -17, -1046, -724, -16, 0, 0, 0
L -1047, -728, -17, -1046, -726, -17, 0, 0, 0
L -1049, -729, -17, -1047, -728, -17, 0, 0, 0
L -1077, -756, -17, -1049, -729, -17, 0, 0, 0
L -1080, -760, -17, -1077, -756, -17, 0, 0, 0
L -1082, -762, -17, -1080, -760, -17, 0, 0, 0
L -1083, -764, -17, -1082, -762, -17, 0, 0, 0
L -1085, -766, -17, -1083, -764, -17, 0, 0, 0
L -1086, -769, -17, -1085, -766, -17, 0, 0, 0
L -1086, -821, -17, -1086, -769, -17, 0, 0, 0
L -1100, -821, -17, -1086, -821, -17, 0, 0, 0
L -1102, -822, -17, -1100, -821, -17, 0, 0, 0
L -1125, -822, -14, -1102, -822, -17, 0, 0, 0
L -1134, -822, -17, -1125, -822, -14, 0, 0, 0
L -1140, -822, -17, -1134, -822, -17, 0, 0, 0
L -1140, -776, -12, -1140, -822, -17, 0, 0, 0
L -1140, -774, -12, -1140, -776, -12, 0, 0, 0
L -1140, -769, -14, -1140, -774, -12, 0, 0, 0
L -1140, -767, -17, -1140, -769, -14, 0, 0, 0
L -1141, -765, -17, -1140, -767, -17, 0, 0, 0
L -1150, -756, -14, -1141, -765, -17, 0, 0, 0
L -1151, -755, -14, -1150, -756, -14, 0, 0, 0
L -1151, -754, -15, -1151, -755, -14, 0, 0, 0
L -1153, -753, -17, -1151, -754, -15, 0, 0, 0
L -1168, -737, -15, -1153, -753, -17, 0, 0, 0
L -1169, -736, -16, -1168, -737, -15, 0, 0, 0
L -1169, -734, -17, -1169, -736, -16, 0, 0, 0
L -1179, -724, -14, -1169, -734, -17, 0, 0, 0
L -1180, -723, -14, -1179, -724, -14, 0, 0, 0
L -1181, -724, -14, -1180, -723, -14, 0, 0, 0
L -1183, -725, -17, -1181, -724, -14, 0, 0, 0
L -1239, -725, -17, -1183, -725, -17, 0, 0, 0
L -1240, -726, -17, -1239, -725, -17, 0, 0, 0
L -1241, -728, -17, -1240, -726, -17, 0, 0, 0
L -1240, -781, -17, -1241, -728, -17, 0, 0, 0
L -1242, -782, -17, -1240, -781, -17, 0, 0, 0
L -1275, -782, -12, -1242, -782, -17, 0, 0, 0
L -1277, -782, -12, -1275, -782, -12, 0, 0, 0
L -1293, -781, -17, -1277, -782, -12, 0, 0, 0
L -1294, -781, -17, -1293, -781, -17, 0, 0, 0
L -1294, -726, -17, -1294, -781, -17, 0, 0, 0
L -1295, -724, -17, -1294, -726, -17, 0, 0, 0
L -1298, -724, -17, -1295, -724, -17, 0, 0, 0
L -1305, -725, -17, -1298, -724, -17, 0, 0, 0
L -1344, -724, -17, -1305, -725, -17, 0, 0, 0
L -1354, -725, -17, -1344, -724, -17, 0, 0, 0
L -1355, -725, -17, -1354, -725, -17, 0, 0, 0
L -1356, -726, -17, -1355, -725, -17, 0, 0, 0
L -1355, -730, -17, -1356, -726, -17, 0, 0, 0
L -1355, -757, -17, -1355, -730, -17, 0, 0, 0
L -1356, -762, -17, -1355, -757, -17, 0, 0, 0
L -1356, -764, -17, -1356, -762, -17, 0, 0, 0
L -1356, -766, -15, -1356, -764, -17, 0, 0, 0
L -1357, -767, -14, -1356, -766, -15, 0, 0, 0
L -1357, -770, -13, -1357, -767, -14, 0, 0, 0
L -1357, -772, -13, -1357, -770, -13, 0, 0, 0
L -1358, -775, -15, -1357, -772, -13, 0, 0, 0
L -1358, -776, -15, -1358, -775, -15, 0, 0, 0
L -1358, -779, -16, -1358, -776, -15, 0, 0, 0
L -1359, -781, -17, -1358, -779, -16, 0, 0, 0
L -1374, -781, -17, -1359, -781, -17, 0, 0, 0
L -1376, -782, -17, -1374, -781, -17, 0, 0, 0
L -1409, -782, -17, -1376, -782, -17, 0, 0, 0
L -1409, -726, -17, -1409, -782, -17, 0, 0, 0
L -1399, -722, -17, -1409, -726, -17, 0, 0, 0
L -1397, -721, -17, -1399, -722, -17, 0, 0, 0
L -1395, -721, -16, -1397, -721, -17, 0, 0, 0
L -1394, -720, -15, -1395, -721, -16, 0, 0, 0
L -1393, -718, -17, -1394, -720, -15, 0, 0, 0
L -1388, -716, -17, -1393, -718, -17, 0, 0, 0
L -1386, -714, -17, -1388, -716, -17, 0, 0, 0
L -1387, -713, -17, -1386, -714, -17, 0, 0, 0
L -1387, -707, -17, -1387, -713, -17, 0, 0, 0
L -1386, -705, -17, -1387, -707, -17, 0, 0, 0
L -1387, -703, -17, -1386, -705, -17, 0, 0, 0
L -1388, -702, -17, -1387, -703, -17, 0, 0, 0
L -1388, -694, -17, -1388, -702, -17, 0, 0, 0
L -1387, -681, -17, -1388, -694, -17, 0, 0, 0
L -1388, -680, -17, -1387, -681, -17, 0, 0, 0
L -1390, -680, -17, -1388, -680, -17, 0, 0, 0
L -1391, -679, -17, -1390, -680, -17, 0, 0, 0
L -1392, -676, -17, -1391, -679, -17, 0, 0, 0
L -1393, -674, -17, -1392, -676, -17, 0, 0, 0
L -1398, -674, -13, -1393, -674, -17, 0, 0, 0
L -1400, -674, -13, -1398, -674, -13, 0, 0, 0
L -1402, -674, -14, -1400, -674, -13, 0, 0, 0
L -1403, -674, -14, -1402, -674, -14, 0, 0, 0
L -1409, -671, -17, -1403, -674, -14, 0, 0, 0
L -1408, -616, -17, -1409, -671, -17, 0, 0, 0
L -1409, -615, -17, -1408, -616, -17, 0, 0, 0
L -1407, -613, -17, -1409, -615, -17, 0, 0, 0
L -1405, -614, -17, -1407, -613, -17, 0, 0, 0
L -1372, -614, -17, -1405, -614, -17, 0, 0, 0
L -1370, -614, -16, -1372, -614, -17, 0, 0, 0
L -1362, -614, -11, -1370, -614, -16, 0, 0, 0
L -1361, -614, -11, -1362, -614, -11, 0, 0, 0
L -1359, -614, -12, -1361, -614, -11, 0, 0, 0
L -1358, -613, -11, -1359, -614, -12, 0, 0, 0
L -1356, -614, -11, -1358, -613, -11, 0, 0, 0
L -1355, -642, -13, -1356, -614, -11, 0, 0, 0
L -1355, -644, -14, -1355, -642, -13, 0, 0, 0
L -1355, -646, -16, -1355, -644, -14, 0, 0, 0
L -1354, -670, -17, -1355, -646, -16, 0, 0, 0
L -1352, -671, -17, -1354, -670, -17, 0, 0, 0
L -1351, -674, -17, -1352, -671, -17, 0, 0, 0
L -1349, -674, -17, -1351, -674, -17, 0, 0, 0
L -1346, -671, -17, -1349, -674, -17, 0, 0, 0
L -1338, -671, -17, -1346, -671, -17, 0, 0, 0
L -1328, -671, -14, -1338, -671, -17, 0, 0, 0
L -1318, -671, -17, -1328, -671, -14, 0, 0, 0
L -1314, -671, -17, -1318, -671, -17, 0, 0, 0
L -1304, -671, -16, -1314, -671, -17, 0, 0, 0
L -1302, -671, -17, -1304, -671, -16, 0, 0, 0
L -1297, -671, -17, -1302, -671, -17, 0, 0, 0
L -1295, -670, -17, -1297, -671, -17, 0, 0, 0
L -1294, -669, -17, -1295, -670, -17, 0, 0, 0
L -1294, -667, -17, -1294, -669, -17, 0, 0, 0
L -1295, -665, -17, -1294, -667, -17, 0, 0, 0
L -1294, -617, -17, -1295, -665, -17, 0, 0, 0
L -1295, -615, -17, -1294, -617, -17, 0, 0, 0
L -1294, -614, -17, -1295, -615, -17, 0, 0, 0
L -1243, -614, -17, -1294, -614, -17, 0, 0, 0
L -1241, -613, -17, -1243, -614, -17, 0, 0, 0
L -1241, -664, -17, -1241, -613, -17, 0, 0, 0
L -1240, -667, -17, -1241, -664, -17, 0, 0, 0
L -1241, -669, -17, -1240, -667, -17, 0, 0, 0
L -1241, -672, -17, -1241, -669, -17, 0, 0, 0
L -1238, -670, -17, -1241, -672, -17, 0, 0, 0
L -1236, -670, -16, -1238, -670, -17, 0, 0, 0
L -1234, -669, -16, -1236, -670, -16, 0, 0, 0
L -1233, -670, -17, -1234, -669, -16, 0, 0, 0
L -1232, -671, -17, -1233, -670, -17, 0, 0, 0
L -1228, -671, -15, -1232, -671, -17, 0, 0, 0
L -1208, -671, -11, -1228, -671, -15, 0, 0, 0
L -1206, -671, -11, -1208, -671, -11, 0, 0, 0
L -1195, -672, -17, -1206, -671, -11, 0, 0, 0
L -1191, -672, -17, -1195, -672, -17, 0, 0, 0
L -1190, -671, -17, -1191, -672, -17, 0, 0, 0
L -1183, -671, -17, -1190, -671, -17, 0, 0, 0
L -1179, -669, -17, -1183, -671, -17, 0, 0, 0
L -1179, -668, -17, -1179, -669, -17, 0, 0, 0
L -1177, -667, -17, -1179, -668, -17, 0, 0, 0
L -1151, -640, -17, -1177, -667, -17, 0, 0, 0
L -1144, -635, -17, -1151, -640, -17, 0, 0, 0
L -1143, -633, -17, -1144, -635, -17, 0, 0, 0
L -1142, -632, -17, -1143, -633, -17, 0, 0, 0
L -1136, -629, -17, -1142, -632, -17, 0, 0, 0
L -1135, -628, -17, -1136, -629, -17, 0, 0, 0
L -1138, -623, -17, -1135, -628, -17, 0, 0, 0
L -1139, -622, -17, -1138, -623, -17, 0, 0, 0
L -1140, -574, -17, -1139, -622, -17, 0, 0, 0
L -1103, -574, -17, -1140, -574, -17, 0, 0, 0
L -1093, -574, -15, -1103, -574, -17, 0, 0, 0
L -1091, -574, -15, -1093, -574, -15, 0, 0, 0
L -1089, -573, -15, -1091, -574, -15, 0, 0, 0
L -1088, -574, -15, -1089, -573, -15, 0, 0, 0
L -1086, -575, -17, -1088, -574, -15, 0, 0, 0
L -1087, -577, -17, -1086, -575, -17, 0, 0, 0
L -1086, -627, -17, -1087, -577, -17, 0, 0, 0
L -1087, -629, -17, -1086, -627, -17, 0, 0, 0
L -1087, -632, -17, -1087, -629, -17, 0, 0, 0
L -1084, -633, -17, -1087, -632, -17, 0, 0, 0
L -1082, -633, -16, -1084, -633, -17, 0, 0, 0
L -1081, -634, -17, -1082, -633, -16, 0, 0, 0
L -1080, -636, -17, -1081, -634, -17, 0, 0, 0
L -1054, -662, -17, -1080, -636, -17, 0, 0, 0
L -1054, -664, -17, -1054, -662, -17, 0, 0, 0
L -1058, -668, -17, -1054, -664, -17, 0, 0, 0
L -1056, -672, -17, -1058, -668, -17, 0, 0, 0
L -1055, -673, -17, -1056, -672, -17, 0, 0, 0
L -1055, -675, -16, -1055, -673, -17, 0, 0, 0
L -1056, -677, -15, -1055, -675, -16, 0, 0, 0
L -1060, -677, -14, -1056, -677, -15, 0, 0, 0
L -1061, -677, -17, -1060, -677, -14, 0, 0, 0
L -1063, -677, -14, -1061, -677, -17, 0, 0, 0
L -1064, -679, -15, -1063, -677, -14, 0, 0, 0
L -1066, -681, -15, -1064, -679, -15, 0, 0, 0
L -1067, -683, -17, -1066, -681, -15, 0, 0, 0
L -1070, -690, -17, -1067, -683, -17, 0, 0, 0
L -1068, -691, -16, -1070, -690, -17, 0, 0, 0
L -1058, -691, -16, -1068, -691, -16, 0, 0, 0
L -1056, -692, -16, -1058, -691, -16, 0, 0, 0
L -1055, -691, -16, -1056, -692, -16, 0, 0, 0
L -1041, -691, -16, -1055, -691, -16, 0, 0, 0
L -1040, -691, -17, -1041, -691, -16, 0, 0, 0
L -1036, -691, -17, -1040, -691, -17, 0, 0, 0
L -1036, -689, -17, -1036, -691, -17, 0, 0, 0
L -1034, -688, -17, -1036, -689, -17, 0, 0, 0
L -1032, -688, -16, -1034, -688, -17, 0, 0, 0
L -1031, -687, -17, -1032, -688, -16, 0, 0, 0
L -1027, -687, -17, -1031, -687, -17, 0, 0, 0
L -1002, -686, -10, -1027, -687, -17, 0, 0, 0
L -999, -686, -10, -1002, -686, -10, 0, 0, 0
L -997, -685, -10, -999, -686, -10, 0, 0, 0
L -996, -685, -10, -997, -685, -10, 0, 0, 0
L -996, -683, -11, -996, -685, -10, 0, 0, 0
L -997, -682, -10, -996, -683, -11, 0, 0, 0
L -998, -663, -11, -997, -682, -10, 0, 0, 0
L -998, -662, -11, -998, -663, -11, 0, 0, 0
L -997, -643, -5, -998, -662, -11, 0, 0, 0
L -997, -641, -5, -997, -643, -5, 0, 0, 0
L -996, -622, -5, -997, -641, -5, 0, 0, 0
L -997, -620, -5, -996, -622, -5, 0, 0, 0
L -998, -620, -5, -997, -620, -5, 0, 0, 0
L -999, -617, -4, -998, -620, -5, 0, 0, 0
L -999, -615, -4, -999, -617, -4, 0, 0, 0
L -995, -615, -5, -999, -615, -4, 0, 0, 0
L -982, -615, -5, -995, -615, -5, 0, 0, 0
L -981, -614, -5, -982, -615, -5, 0, 0, 0
L -975, -614, -4, -981, -614, -5, 0, 0, 0
L -966, -614, -3, -975, -614, -4, 0, 0, 0
L -965, -614, -4, -966, -614, -3, 0, 0, 0
L -963, -614, -5, -965, -614, -4, 0, 0, 0
L -962, -615, -5, -963, -614, -5, 0, 0, 0
L -960, -615, -5, -962, -615, -5, 0, 0, 0
L -956, -617, -5, -960, -615, -5, 0, 0, 0
L -955, -618, -6, -956, -617, -5, 0, 0, 0
L -951, -619, -5, -955, -618, -6, 0, 0, 0
L -950, -619, -5, -951, -619, -5, 0, 0, 0
L -945, -620, -3, -950, -619, -5, 0, 0, 0
L -940, -620, -6, -945, -620, -3, 0, 0, 0
L -939, -620, -6, -940, -620, -6, 0, 0, 0
L -939, -618, -6, -939, -620, -6, 0, 0, 0
L -940, -609, -6, -939, -618, -6, 0, 0, 0
L -939, -604, -6, -940, -609, -6, 0, 0, 0
L -938, -601, -6, -939, -604, -6, 0, 0, 0
L -938, -600, -6, -938, -601, -6, 0, 0, 0
L -939, -599, -5, -938, -600, -6, 0, 0, 0
L -940, -597, -5, -939, -599, -5, 0, 0, 0
L -940, -596, -5, -940, -597, -5, 0, 0, 0
L -939, -593, -5, -940, -596, -5, 0, 0, 0
L -938, -591, -5, -939, -593, -5, 0, 0, 0
L -925, -578, -5, -938, -591, -5, 0, 0, 0
L -917, -571, -5, -925, -578, -5, 0, 0, 0
L -916, -569, -3, -917, -571, -5, 0, 0, 0
L -910, -566, 0, -916, -569, -3, 0, 0, 0
L -909, -565, 0, -910, -566, 0, 0, 0, 0
L -907, -564, -0, -909, -565, 0, 0, 0, 0
L -906, -563, -0, -907, -564, -0, 0, 0, 0
L -904, -562, -2, -906, -563, -0, 0, 0, 0
L -903, -562, -5, -904, -562, -2, 0, 0, 0
L -901, -561, -5, -903, -562, -5, 0, 0, 0
L -897, -560, -5, -901, -561, -5, 0, 0, 0
L -887, -559, -5, -897, -560, -5, 0, 0, 0
L -864, -559, -5, -887, -559, -5, 0, 0, 0
L -863, -560, -4, -864, -559, -5, 0, 0, 0
L -861, -559, -2, -863, -560, -4, 0, 0, 0
L -859, -559, -1, -861, -559, -2, 0, 0, 0
L -857, -560, -0, -859, -559, -1, 0, 0, 0
L -856, -560, 0, -857, -560, -0, 0, 0, 0
L -855, -562, -1, -856, -560, 0, 0, 0, 0
L -856, -564, -5, -855, -562, -1, 0, 0, 0
L -857, -566, -6, -856, -564, -5, 0, 0, 0
L -858, -567, -6, -857, -566, -6, 0, 0, 0
L -859, -572, -6, -858, -567, -6, 0, 0, 0
L -858, -573, -6, -859, -572, -6, 0, 0, 0
L -856, -578, -6, -858, -573, -6, 0, 0, 0
L -854, -579, -4, -856, -578, -6, 0, 0, 0
L -853, -579, -4, -854, -579, -4, 0, 0, 0
L -851, -580, -4, -853, -579, -4, 0, 0, 0
L -850, -581, -4, -851, -580, -4, 0, 0, 0
L -848, -580, -5, -850, -581, -4, 0, 0, 0
L -846, -580, -5, -848, -580, -5, 0, 0, 0
L -845, -579, -5, -846, -580, -5, 0, 0, 0
L -843, -578, -5, -845, -579, -5, 0, 0, 0
L -841, -578, -5, -843, -578, -5, 0, 0, 0
L -838, -577, -6, -841, -578, -5, 0, 0, 0
L -824, -579, -11, -838, -577, -6, 0, 0, 0
L -812, -579, -11, -824, -579, -11, 0, 0, 0
L -811, -578, -11, -812, -579, -11, 0, 0, 0
L -810, -576, -10, -811, -578, -11, 0, 0, 0
L -808, -576, -11, -810, -576, -10, 0, 0, 0
L -807, -576, -11, -808, -576, -11, 0, 0, 0
L -792, -576, -16, -807, -576, -11, 0, 0, 0
L -791, -576, -16, -792, -576, -16, 0, 0, 0
L -790, -575, -16, -791, -576, -16, 0, 0, 0
L -790, -573, -17, -790, -575, -16, 0, 0, 0
L -788, -572, -15, -790, -573, -17, 0, 0, 0
L -787, -571, -15, -788, -572, -15, 0, 0, 0
L -786, -567, -15, -787, -571, -15, 0, 0, 0
L -787, -565, -16, -786, -567, -15, 0, 0, 0
L -788, -564, -17, -787, -565, -16, 0, 0, 0
L -788, -562, -17, -788, -564, -17, 0, 0, 0
L -787, -552, -17, -788, -562, -17, 0, 0, 0
L -787, -550, -17, -787, -552, -17, 0, 0, 0
L -788, -548, -17, -787, -550, -17, 0, 0, 0
L -788, -546, -17, -788, -548, -17, 0, 0, 0
L -787, -542, -17, -788, -546, -17, 0, 0, 0
L -787, -541, -17, -787, -542, -17, 0, 0, 0
L -786, -537, -17, -787, -541, -17, 0, 0, 0
L -786, -536, -16, -786, -537, -17, 0, 0, 0
L -787, -534, -16, -786, -536, -16, 0, 0, 0
L -788, -532, -17, -787, -534, -16, 0, 0, 0
L -788, -531, -17, -788, -532, -17, 0, 0, 0
L -790, -530, -18, -788, -531, -17, 0, 0, 0
L -791, -529, -18, -790, -530, -18, 0, 0, 0
L -797, -527, -18, -791, -529, -18, 0, 0, 0
L -798, -526, -18, -797, -527, -18, 0, 0, 0
L -800, -526, -16, -798, -526, -18, 0, 0, 0
L -802, -525, -18, -800, -526, -16, 0, 0, 0
L -808, -525, -18, -802, -525, -18, 0, 0, 0
L -808, -527, -18, -808, -525, -18, 0, 0, 0
L -816, -525, -18, -808, -527, -18, 0, 0, 0
L -817, -472, -18, -816, -525, -18, 0, 0, 0
L -816, -470, -18, -817, -472, -18, 0, 0, 0
L -816, -468, -18, -816, -470, -18, 0, 0, 0
L -815, -466, -18, -816, -468, -18, 0, 0, 0
L -814, -463, -18, -815, -466, -18, 0, 0, 0
L -814, -462, -18, -814, -463, -18, 0, 0, 0
L -812, -461, -18, -814, -462, -18, 0, 0, 0
L -755, -461, -18, -812, -461, -18, 0, 0, 0
L -753, -462, -16, -755, -461, -18, 0, 0, 0
L -751, -461, -14, -753, -462, -16, 0, 0, 0
L -749, -461, -13, -751, -461, -14, 0, 0, 0
L -747, -460, -11, -749, -461, -13, 0, 0, 0
L -739, -461, -12, -747, -460, -11, 0, 0, 0
L -737, -462, -14, -739, -461, -12, 0, 0, 0
L -736, -460, -18, -737, -462, -14, 0, 0, 0
L -729, -460, -18, -736, -460, -18, 0, 0, 0
L -728, -459, -18, -729, -460, -18, 0, 0, 0
L -726, -458, -17, -728, -459, -18, 0, 0, 0
L -725, -457, -17, -726, -458, -17, 0, 0, 0
L -724, -455, -17, -725, -457, -17, 0, 0, 0
L -725, -454, -17, -724, -455, -17, 0, 0, 0
L -725, -446, -16, -725, -454, -17, 0, 0, 0
L -725, -444, -17, -725, -446, -16, 0, 0, 0
L -726, -416, -11, -725, -444, -17, 0, 0, 0
L -725, -403, -11, -726, -416, -11, 0, 0, 0
L -726, -395, -10, -725, -403, -11, 0, 0, 0
L -727, -394, -10, -726, -395, -10, 0, 0, 0
L -727, -392, -10, -727, -394, -10, 0, 0, 0
L -725, -390, -11, -727, -392, -10, 0, 0, 0
L -724, -389, -11, -725, -390, -11, 0, 0, 0
L -708, -389, -11, -724, -389, -11, 0, 0, 0
L -706, -389, -10, -708, -389, -11, 0, 0, 0
L -704, -388, -10, -706, -389, -10, 0, 0, 0
L -694, -388, -10, -704, -388, -10, 0, 0, 0
L -692, -388, -11, -694, -388, -10, 0, 0, 0
L -691, -388, -11, -692, -388, -11, 0, 0, 0
L -689, -388, -10, -691, -388, -11, 0, 0, 0
L -688, -390, -11, -689, -388, -10, 0, 0, 0
L -687, -391, -11, -688, -390, -11, 0, 0, 0
L -686, -393, -11, -687, -391, -11, 0, 0, 0
L -681, -395, -8, -686, -393, -11, 0, 0, 0
L -679, -395, -8, -681, -395, -8, 0, 0, 0
L -677, -395, -11, -679, -395, -8, 0, 0, 0
L -676, -393, -11, -677, -395, -11, 0, 0, 0
L -673, -392, -11, -676, -393, -11, 0, 0, 0
L -672, -392, -11, -673, -392, -11, 0, 0, 0
L -670, -391, -11, -672, -392, -11, 0, 0, 0
L -668, -389, -12, -670, -391, -11, 0, 0, 0
L -666, -388, -12, -668, -389, -12, 0, 0, 0
L -665, -387, -12, -666, -388, -12, 0, 0, 0
L -665, -386, -12, -665, -387, -12, 0, 0, 0
L -662, -384, -14, -665, -386, -12, 0, 0, 0
L -660, -382, -14, -662, -384, -14, 0, 0, 0
L -661, -380, -13, -660, -382, -14, 0, 0, 0
L -660, -378, -12, -661, -380, -13, 0, 0, 0
L -658, -376, -12, -660, -378, -12, 0, 0, 0
L -657, -374, -12, -658, -376, -12, 0, 0, 0
L -657, -365, -12, -657, -374, -12, 0, 0, 0
L -655, -358, -12, -657, -365, -12, 0, 0, 0
L -651, -355, -12, -655, -358, -12, 0, 0, 0
L -648, -352, -12, -651, -355, -12, 0, 0, 0
L -647, -350, -12, -648, -352, -12, 0, 0, 0
L -647, -349, -12, -647, -350, -12, 0, 0, 0
L -648, -347, -12, -647, -349, -12, 0, 0, 0
L -646, -343, -12, -648, -347, -12, 0, 0, 0
L -623, -320, -12, -646, -343, -12, 0, 0, 0
L -616, -317, -12, -623, -320, -12, 0, 0, 0
L -614, -316, -12, -616, -317, -12, 0, 0, 0
L -612, -316, -12, -614, -316, -12, 0, 0, 0
L -610, -314, -12, -612, -316, -12, 0, 0, 0
L -609, -312, -12, -610, -314, -12, 0, 0, 0
L -608, -311, -12, -609, -312, -12, 0, 0, 0
L -608, -304, -12, -608, -311, -12, 0, 0, 0
L -606, -303, -12, -608, -304, -12, 0, 0, 0
L -604, -301, -12, -606, -303, -12, 0, 0, 0
L -602, -301, -12, -604, -301, -12, 0, 0, 0
L -600, -302, -12, -602, -301, -12, 0, 0, 0
L -591, -302, -12, -600, -302, -12, 0, 0, 0
L -591, -298, -12, -591, -302, -12, 0, 0, 0
L -587, -297, -12, -591, -298, -12, 0, 0, 0
L -551, -297, -12, -587, -297, -12, 0, 0, 0
L -549, -298, -12, -551, -297, -12, 0, 0, 0
L -549, -300, -12, -549, -298, -12, 0, 0, 0
L -547, -301, -12, -549, -300, -12, 0, 0, 0
L -545, -301, -12, -547, -301, -12, 0, 0, 0
L -536, -302, -12, -545, -301, -12, 0, 0, 0
L -534, -302, -12, -536, -302, -12, 0, 0, 0
L -530, -298, -12, -534, -302, -12, 0, 0, 0
L -529, -299, -12, -530, -298, -12, 0, 0, 0
L -522, -301, -12, -529, -299, -12, 0, 0, 0
L -517, -301, -12, -522, -301, -12, 0, 0, 0
L -516, -300, -12, -517, -301, -12, 0, 0, 0
L -510, -298, -12, -516, -300, -12, 0, 0, 0
L -477, -299, -12, -510, -298, -12, 0, 0, 0
L -467, -303, -12, -477, -299, -12, 0, 0, 0
L -466, -302, -12, -467, -303, -12, 0, 0, 0
L -460, -299, -12, -466, -302, -12, 0, 0, 0
L -459, -298, -12, -460, -299, -12, 0, 0, 0
L -457, -297, -12, -459, -298, -12, 0, 0, 0
L -456, -297, -12, -457, -297, -12, 0, 0, 0
L -454, -300, -12, -456, -297, -12, 0, 0, 0
L -451, -301, -12, -454, -300, -12, 0, 0, 0
L -442, -301, -12, -451, -301, -12, 0, 0, 0
L -440, -299, -12, -442, -301, -12, 0, 0, 0
L -430, -296, -12, -440, -299, -12, 0, 0, 0
L -402, -296, -12, -430, -296, -12, 0, 0, 0
L -400, -297, -12, -402, -296, -12, 0, 0, 0
L -396, -298, -12, -400, -297, -12, 0, 0, 0
L -392, -301, -12, -396, -298, -12, 0, 0, 0
L -388, -301, -12, -392, -301, -12, 0, 0, 0
L -384, -302, -12, -388, -301, -12, 0, 0, 0
L -382, -301, -12, -384, -302, -12, 0, 0, 0
L -382, -298, -12, -382, -301, -12, 0, 0, 0
L -381, -296, -12, -382, -298, -12, 0, 0, 0
L -377, -295, -12, -381, -296, -12, 0, 0, 0
L -375, -296, -12, -377, -295, -12, 0, 0, 0
L -373, -296, -12, -375, -296, -12, 0, 0, 0
L -372, -298, -12, -373, -296, -12, 0, 0, 0
L -373, -299, -12, -372, -298, -12, 0, 0, 0
L -373, -301, -12, -373, -299, -12, 0, 0, 0
L -372, -303, -12, -373, -301, -12, 0, 0, 0
L -371, -304, -12, -372, -303, -12, 0, 0, 0
L -369, -307, -12, -371, -304, -12, 0, 0, 0
L -367, -308, -12, -369, -307, -12, 0, 0, 0
L -365, -308, -12, -367, -308, -12, 0, 0, 0
L -363, -306, -12, -365, -308, -12, 0, 0, 0
L -360, -308, -12, -363, -306, -12, 0, 0, 0
L -335, -332, -12, -360, -308, -12, 0, 0, 0
L -336, -334, -12, -335, -332, -12, 0, 0, 0
L -336, -338, -12, -336, -334, -12, 0, 0, 0
L -335, -339, -12, -336, -338, -12, 0, 0, 0
L -333, -343, -12, -335, -339, -12, 0, 0, 0
L -332, -344, -12, -333, -343, -12, 0, 0, 0
L -330, -345, -12, -332, -344, -12, 0, 0, 0
L -329, -346, -12, -330, -345, -12, 0, 0, 0
L -327, -346, -12, -329, -346, -12, 0, 0, 0
L -324, -349, -12, -327, -346, -12, 0, 0, 0
L -322, -350, -12, -324, -349, -12, 0, 0, 0
L -321, -352, -12, -322, -350, -12, 0, 0, 0
L -323, -353, -12, -321, -352, -12, 0, 0, 0
L -322, -356, -12, -323, -353, -12, 0, 0, 0
L -322, -358, -12, -322, -356, -12, 0, 0, 0
L -320, -365, -12, -322, -358, -12, 0, 0, 0
L -319, -366, -12, -320, -365, -12, 0, 0, 0
L -317, -367, -12, -319, -366, -12, 0, 0, 0
L -317, -369, -12, -317, -367, -12, 0, 0, 0
L -316, -370, -14, -317, -369, -12, 0, 0, 0
L -315, -372, -13, -316, -370, -14, 0, 0, 0
L -315, -374, -12, -315, -372, -13, 0, 0, 0
L -313, -376, -12, -315, -374, -12, 0, 0, 0
L -311, -379, -12, -313, -376, -12, 0, 0, 0
L -309, -380, -11, -311, -379, -12, 0, 0, 0
L -308, -381, -11, -309, -380, -11, 0, 0, 0
L -306, -384, -11, -308, -381, -11, 0, 0, 0
L -305, -385, -11, -306, -384, -11, 0, 0, 0
L -301, -387, -11, -305, -385, -11, 0, 0, 0
L -300, -387, -10, -301, -387, -11, 0, 0, 0
L -298, -387, -11, -300, -387, -10, 0, 0, 0
L -297, -385, -11, -298, -387, -11, 0, 0, 0
L -296, -384, -11, -297, -385, -11, 0, 0, 0
L -295, -382, -10, -296, -384, -11, 0, 0, 0
L -294, -381, -11, -295, -382, -10, 0, 0, 0
L -293, -380, -11, -294, -381, -11, 0, 0, 0
L -292, -380, -10, -293, -380, -11, 0, 0, 0
L -291, -380, -11, -292, -380, -10, 0, 0, 0
L -281, -380, -15, -291, -380, -11, 0, 0, 0
L -280, -380, -15, -281, -380, -15, 0, 0, 0
L -271, -381, -16, -280, -380, -15, 0, 0, 0
L -261, -381, -17, -271, -381, -16, 0, 0, 0
L -260, -381, -17, -261, -381, -17, 0, 0, 0
L -256, -380, -17, -260, -381, -17, 0, 0, 0
L -251, -380, -17, -256, -380, -17, 0, 0, 0
L -241, -380, -16, -251, -380, -17, 0, 0, 0
L -237, -380, -18, -241, -380, -16, 0, 0, 0
L -229, -381, -22, -237, -380, -18, 0, 0, 0
L -219, -383, -23, -229, -381, -22, 0, 0, 0
L -218, -383, -22, -219, -383, -23, 0, 0, 0
L -207, -383, -27, -218, -383, -22, 0, 0, 0
L -206, -383, -27, -207, -383, -27, 0, 0, 0
L -206, -376, -30, -206, -383, -27, 0, 0, 0
L -206, -374, -30, -206, -376, -30, 0, 0, 0
L -205, -372, -30, -206, -374, -30, 0, 0, 0
L -201, -371, -30, -205, -372, -30, 0, 0, 0
L -200, -370, -30, -201, -371, -30, 0, 0, 0
L -200, -362, -30, -200, -370, -30, 0, 0, 0
L -199, -361, -30, -200, -362, -30, 0, 0, 0
L -189, -360, -30, -199, -361, -30, 0, 0, 0
L -159, -359, -30, -189, -360, -30, 0, 0, 0
L -148, -360, -30, -159, -359, -30, 0, 0, 0
L -142, -360, -30, -148, -360, -30, 0, 0, 0
L -141, -359, -30, -142, -360, -30, 0, 0, 0
L -138, -357, -30, -141, -359, -30, 0, 0, 0
L -136, -357, -30, -138, -357, -30, 0, 0, 0
L -136, -353, -30, -136, -357, -30, 0, 0, 0
L -135, -351, -30, -136, -353, -30, 0, 0, 0
L -135, -338, -30, -135, -351, -30, 0, 0, 0
L -136, -332, -30, -135, -338, -30, 0, 0, 0
L -136, -330, -30, -136, -332, -30, 0, 0, 0
L -137, -329, -30, -136, -330, -30, 0, 0, 0
L -137, -290, -30, -137, -329, -30, 0, 0, 0
L -136, -289, -30, -137, -290, -30, 0, 0, 0
L -131, -289, -30, -136, -289, -30, 0, 0, 0
L -129, -290, -30, -131, -289, -30, 0, 0, 0
L -128, -291, -30, -129, -290, -30, 0, 0, 0
L -126, -292, -30, -128, -291, -30, 0, 0, 0
L -124, -292, -30, -126, -292, -30, 0, 0, 0
L -123, -291, -30, -124, -292, -30, 0, 0, 0
L -120, -290, -30, -123, -291, -30, 0, 0, 0
L -118, -288, -30, -120, -290, -30, 0, 0, 0
L -109, -286, -24, -118, -288, -30, 0, 0, 0
L -108, -286, -24, -109, -286, -24, 0, 0, 0
L -107, -283, -22, -108, -286, -24, 0, 0, 0
L -107, -281, -22, -107, -283, -22, 0, 0, 0
L -108, -279, -22, -107, -281, -22, 0, 0, 0
L -109, -278, -22, -108, -279, -22, 0, 0, 0
L -109, -268, -22, -109, -278, -22, 0, 0, 0
L -108, -248, -22, -109, -268, -22, 0, 0, 0
L -101, -247, -22, -108, -248, -22, 0, 0, 0
L -100, -245, -22, -101, -247, -22, 0, 0, 0
L -89, -245, -22, -100, -245, -22, 0, 0, 0
L -83, -246, -22, -89, -245, -22, 0, 0, 0
L -81, -247, -23, -83, -246, -22, 0, 0, 0
L -80, -247, -23, -81, -247, -23, 0, 0, 0
L -79, -248, -23, -80, -247, -23, 0, 0, 0
L -75, -249, -23, -79, -248, -23, 0, 0, 0
L -72, -248, -23, -75, -249, -23, 0, 0, 0
L -70, -249, -23, -72, -248, -23, 0, 0, 0
L -68, -248, -22, -70, -249, -23, 0, 0, 0
L -67, -246, -23, -68, -248, -22, 0, 0, 0
L -53, -246, -22, -67, -246, -23, 0, 0, 0
L -45, -245, -26, -53, -246, -22, 0, 0, 0
L -43, -245, -27, -45, -245, -26, 0, 0, 0
L -42, -245, -28, -43, -245, -27, 0, 0, 0
L -40, -245, -28, -42, -245, -28, 0, 0, 0
L -38, -246, -28, -40, -245, -28, 0, 0, 0
L -35, -248, -29, -38, -246, -28, 0, 0, 0
L -33, -250, -29, -35, -248, -29, 0, 0, 0
L -32, -252, -28, -33, -250, -29, 0, 0, 0
L -30, -252, -29, -32, -252, -28, 0, 0, 0
L -29, -253, -29, -30, -252, -29, 0, 0, 0
L -27, -252, -29, -29, -253, -29, 0, 0, 0
L -26, -252, -29, -27, -252, -29, 0, 0, 0
L -24, -250, -30, -26, -252, -29, 0, 0, 0
L -23, -249, -29, -24, -250, -30, 0, 0, 0
L -21, -248, -29, -23, -249, -29, 0, 0, 0
L -20, -247, -29, -21, -248, -29, 0, 0, 0
L -16, -246, -30, -20, -247, -29, 0, 0, 0
L -14, -246, -30, -16, -246, -30, 0, 0, 0
L -13, -245, -30, -14, -246, -30, 0, 0, 0
L -14, -243, -30, -13, -245, -30, 0, 0, 0
L -13, -241, -30, -14, -243, -30, 0, 0, 0
L -13, -240, -31, -13, -241, -30, 0, 0, 0
L -12, -239, -31, -13, -240, -31, 0, 0, 0
L -10, -238, -32, -12, -239, -31, 0, 0, 0
L -9, -236, -30, -10, -238, -32, 0, 0, 0
L -8, -235, -30, -9, -236, -30, 0, 0, 0
L -7, -233, -30, -8, -235, -30, 0, 0, 0
L -7, -232, -30, -7, -233, -30, 0, 0, 0
L -6, -227, -30, -7, -232, -30, 0, 0, 0
L -5, -226, -30, -6, -227, -30, 0, 0, 0
L -5, -224, -30, -5, -226, -30, 0, 0, 0
L -8, -222, -30, -5, -224, -30, 0, 0, 0
L -11, -222, -30, -8, -222, -30, 0, 0, 0
L -12, -219, -30, -11, -222, -30, 0, 0, 0
L -11, -217, -30, -12, -219, -30, 0, 0, 0
L -9, -214, -30, -11, -217, -30, 0, 0, 0
L -8, -214, -30, -9, -214, -30, 0, 0, 0
L -3, -213, -30, -8, -214, -30, 0, 0, 0
L -1, -213, -30, -3, -213, -30, 0, 0, 0
L 2, -210, -30, -1, -213, -30, 0, 0, 0
L 3, -208, -30, 2, -210, -30, 0, 0, 0
L 3, -205, -30, 3, -208, -30, 0, 0, 0
L 6, -199, -30, 3, -205, -30, 0, 0, 0
L 27, -177, -30, 6, -199, -30, 0, 0, 0
L 31, -177, -30, 27, -177, -30, 0, 0, 0
L 34, -176, -30, 31, -177, -30, 0, 0, 0
L 40, -172, -30, 34, -176, -30, 0, 0, 0
L 41, -171, -30, 40, -172, -30, 0, 0, 0
L 41, -169, -30, 41, -171, -30, 0, 0, 0
L 43, -168, -30, 41, -169, -30, 0, 0, 0
L 43, -162, -30, 43, -168, -30, 0, 0, 0
L 44, -161, -30, 43, -162, -30, 0, 0, 0
L 44, -160, -30, 44, -161, -30, 0, 0, 0
L 45, -159, -30, 44, -160, -30, 0, 0, 0
L 48, -157, -30, 45, -159, -30, 0, 0, 0
L 50, -157, -30, 48, -157, -30, 0, 0, 0
L 56, -159, -30, 50, -157, -30, 0, 0, 0
L 60, -160, -30, 56, -159, -30, 0, 0, 0
L 61, -161, -30, 60, -160, -30, 0, 0, 0
L 60, -164, -30, 61, -161, -30, 0, 0, 0
L 63, -170, -30, 60, -164, -30, 0, 0, 0
L 67, -174, -30, 63, -170, -30, 0, 0, 0
L 69, -172, -30, 67, -174, -30, 0, 0, 0
L 70, -172, -30, 69, -172, -30, 0, 0, 0
L 77, -176, -30, 70, -172, -30, 0, 0, 0
L 101, -200, -30, 77, -176, -30, 0, 0, 0
L 102, -202, -30, 101, -200, -30, 0, 0, 0
L 101, -203, -30, 102, -202, -30, 0, 0, 0
L 101, -205, -30, 101, -203, -30, 0, 0, 0
L 102, -208, -30, 101, -205, -30, 0, 0, 0
L 103, -209, -30, 102, -208, -30, 0, 0, 0
L 105, -212, -30, 103, -209, -30, 0, 0, 0
L 105, -214, -30, 105, -212, -30, 0, 0, 0
L 106, -215, -30, 105, -214, -30, 0, 0, 0
L 111, -212, -30, 106, -215, -30, 0, 0, 0
L 113, -213, -30, 111, -212, -30, 0, 0, 0
L 115, -213, -30, 113, -213, -30, 0, 0, 0
L 115, -222, -30, 115, -213, -30, 0, 0, 0
L 113, -222, -30, 115, -222, -30, 0, 0, 0
L 111, -226, -30, 113, -222, -30, 0, 0, 0
L 111, -232, -30, 111, -226, -30, 0, 0, 0
L 112, -234, -32, 111, -232, -30, 0, 0, 0
L 112, -236, -32, 112, -234, -32, 0, 0, 0
L 114, -237, -32, 112, -236, -32, 0, 0, 0
L 116, -237, -32, 114, -237, -32, 0, 0, 0
L 117, -239, -31, 116, -237, -32, 0, 0, 0
L 117, -241, -31, 117, -239, -31, 0, 0, 0
L 118, -242, -31, 117, -241, -31, 0, 0, 0
L 118, -245, -30, 118, -242, -31, 0, 0, 0
L 118, -246, -30, 118, -245, -30, 0, 0, 0
L 119, -258, -30, 118, -246, -30, 0, 0, 0
L 119, -259, -30, 119, -258, -30, 0, 0, 0
L 118, -263, -31, 119, -259, -30, 0, 0, 0
L 117, -272, -31, 118, -263, -31, 0, 0, 0
L 117, -274, -30, 117, -272, -31, 0, 0, 0
L 116, -276, -30, 117, -274, -30, 0, 0, 0
L 118, -277, -30, 116, -276, -30, 0, 0, 0
L 108, -284, -30, 118, -277, -30, 0, 0, 0
L 111, -286, -30, 108, -284, -30, 0, 0, 0
L 112, -290, -30, 111, -286, -30, 0, 0, 0
L 110, -295, -30, 112, -290, -30, 0, 0, 0
L 109, -297, -30, 110, -295, -30, 0, 0, 0
L 107, -297, -30, 109, -297, -30, 0, 0, 0
L 106, -299, -30, 107, -297, -30, 0, 0, 0
L 102, -302, -30, 106, -299, -30, 0, 0, 0
L 100, -303, -30, 102, -302, -30, 0, 0, 0
L 100, -305, -30, 100, -303, -30, 0, 0, 0
L 101, -307, -30, 100, -305, -30, 0, 0, 0
L 101, -309, -30, 101, -307, -30, 0, 0, 0
L 99, -313, -30, 101, -309, -30, 0, 0, 0
L 76, -335, -30, 99, -313, -30, 0, 0, 0
L 72, -338, -30, 76, -335, -30, 0, 0, 0
L 70, -339, -30, 72, -338, -30, 0, 0, 0
L 69, -338, -30, 70, -339, -30, 0, 0, 0
L 64, -340, -30, 69, -338, -30, 0, 0, 0
L 61, -343, -30, 64, -340, -30, 0, 0, 0
L 55, -347, -30, 61, -343, -30, 0, 0, 0
L 54, -349, -30, 55, -347, -30, 0, 0, 0
L 53, -350, -30, 54, -349, -30, 0, 0, 0
L 52, -352, -30, 53, -350, -30, 0, 0, 0
L 52, -350, -30, 52, -352, -30, 0, 0, 0
L 50, -349, -30, 52, -350, -30, 0, 0, 0
L 49, -349, -30, 50, -349, -30, 0, 0, 0
L 47, -348, -30, 49, -349, -30, 0, 0, 0
L 48, -346, -30, 47, -348, -30, 0, 0, 0
L 42, -340, -30, 48, -346, -30, 0, 0, 0
L 40, -340, -30, 42, -340, -30, 0, 0, 0
L 39, -341, -30, 40, -340, -30, 0, 0, 0
L 35, -339, -30, 39, -341, -30, 0, 0, 0
L 34, -339, -30, 35, -339, -30, 0, 0, 0
L 22, -328, -30, 34, -339, -30, 0, 0, 0
L 15, -320, -30, 22, -328, -30, 0, 0, 0
L 12, -317, -30, 15, -320, -30, 0, 0, 0
L 9, -311, -30, 12, -317, -30, 0, 0, 0
L 6, -304, -30, 9, -311, -30, 0, 0, 0
L 3, -301, -30, 6, -304, -30, 0, 0, 0
L -1, -291, -30, 3, -301, -30, 0, 0, 0
L -2, -289, -30, -1, -291, -30, 0, 0, 0
L -5, -286, -30, -2, -289, -30, 0, 0, 0
L -6, -284, -30, -5, -286, -30, 0, 0, 0
L -6, -283, -30, -6, -284, -30, 0, 0, 0
L -8, -281, -30, -6, -283, -30, 0, 0, 0
L -11, -272, -31, -8, -281, -30, 0, 0, 0
L -12, -271, -30, -11, -272, -31, 0, 0, 0
L -13, -269, -30, -12, -271, -30, 0, 0, 0
L -15, -269, -30, -13, -269, -30, 0, 0, 0
L -16, -268, -29, -15, -269, -30, 0, 0, 0
L -17, -268, -29, -16, -268, -29, 0, 0, 0
L -19, -267, -29, -17, -268, -29, 0, 0, 0
L -22, -267, -29, -19, -267, -29, 0, 0, 0
L -24, -261, -29, -22, -267, -29, 0, 0, 0
L -32, -260, -29, -24, -261, -29, 0, 0, 0
L -33, -260, -29, -32, -260, -29, 0, 0, 0
L -34, -261, -29, -33, -260, -29, 0, 0, 0
L -35, -263, -29, -34, -261, -29, 0, 0, 0
L -40, -266, -28, -35, -263, -29, 0, 0, 0
L -41, -267, -28, -40, -266, -28, 0, 0, 0
L -55, -268, -23, -41, -267, -28, 0, 0, 0
L -66, -268, -23, -55, -268, -23, 0, 0, 0
L -68, -267, -22, -66, -268, -23, 0, 0, 0
L -69, -266, -23, -68, -267, -22, 0, 0, 0
L -71, -266, -23, -69, -266, -23, 0, 0, 0
L -72, -265, -23, -71, -266, -23, 0, 0, 0
L -74, -264, -23, -72, -265, -23, 0, 0, 0
L -78, -264, -23, -74, -264, -23, 0, 0, 0
L -83, -265, -23, -78, -264, -23, 0, 0, 0
L -85, -265, -23, -83, -265, -23, 0, 0, 0
L -86, -265, -22, -85, -265, -23, 0, 0, 0
L -86, -269, -22, -86, -265, -22, 0, 0, 0
L -87, -270, -22, -86, -269, -22, 0, 0, 0
L -89, -271, -22, -87, -270, -22, 0, 0, 0
L -89, -273, -23, -89, -271, -22, 0, 0, 0
L -90, -274, -23, -89, -273, -23, 0, 0, 0
L -89, -276, -22, -90, -274, -23, 0, 0, 0
L -89, -278, -23, -89, -276, -22, 0, 0, 0
L -89, -293, -28, -89, -278, -23, 0, 0, 0
L -89, -295, -29, -89, -293, -28, 0, 0, 0
L -89, -296, -29, -89, -295, -29, 0, 0, 0
L -88, -297, -30, -89, -296, -29, 0, 0, 0
L -81, -297, -29, -88, -297, -30, 0, 0, 0
L -79, -297, -29, -81, -297, -29, 0, 0, 0
L -77, -296, -29, -79, -297, -29, 0, 0, 0
L -76, -298, -29, -77, -296, -29, 0, 0, 0
L -72, -304, -30, -76, -298, -29, 0, 0, 0
L -69, -311, -30, -72, -304, -30, 0, 0, 0
L -69, -313, -30, -69, -311, -30, 0, 0, 0
L -67, -324, -30, -69, -313, -30, 0, 0, 0
L -67, -331, -30, -67, -324, -30, 0, 0, 0
L -66, -332, -30, -67, -331, -30, 0, 0, 0
L -66, -334, -30, -66, -332, -30, 0, 0, 0
L -71, -344, -30, -66, -334, -30, 0, 0, 0
L -71, -346, -30, -71, -344, -30, 0, 0, 0
L -72, -349, -30, -71, -346, -30, 0, 0, 0
L -72, -351, -30, -72, -349, -30, 0, 0, 0
L -71, -352, -30, -72, -351, -30, 0, 0, 0
L -70, -357, -30, -71, -352, -30, 0, 0, 0
L -67, -357, -30, -70, -357, -30, 0, 0, 0
L -66, -358, -30, -67, -357, -30, 0, 0, 0
L -63, -364, -30, -66, -358, -30, 0, 0, 0
L -62, -363, -30, -63, -364, -30, 0, 0, 0
L -58, -363, -30, -62, -363, -30, 0, 0, 0
L -57, -364, -30, -58, -363, -30, 0, 0, 0
L -56, -366, -30, -57, -364, -30, 0, 0, 0
L -55, -367, -30, -56, -366, -30, 0, 0, 0
L -53, -366, -30, -55, -367, -30, 0, 0, 0
L -51, -366, -30, -53, -366, -30, 0, 0, 0
L -50, -365, -30, -51, -366, -30, 0, 0, 0
L -44, -365, -30, -50, -365, -30, 0, 0, 0
L -38, -364, -30, -44, -365, -30, 0, 0, 0
L -28, -363, -30, -38, -364, -30, 0, 0, 0
L -13, -363, -30, -28, -363, -30, 0, 0, 0
L -11, -364, -30, -13, -363, -30, 0, 0, 0
L -9, -364, -30, -11, -364, -30, 0, 0, 0
L -5, -365, -30, -9, -364, -30, 0, 0, 0
L 0, -365, -30, -5, -365, -30, 0, 0, 0
L 0, -369, -30, 0, -365, -30, 0, 0, 0
L 1, -370, -30, 0, -369, -30, 0, 0, 0
L 1, -372, -30, 1, -370, -30, 0, 0, 0
L 2, -376, -30, 1, -372, -30, 0, 0, 0
L 2, -379, -30, 2, -376, -30, 0, 0, 0
L 4, -380, -30, 2, -379, -30, 0, 0, 0
L 5, -385, -26, 4, -380, -30, 0, 0, 0
L 5, -387, -25, 5, -385, -26, 0, 0, 0
L 5, -390, -24, 5, -387, -25, 0, 0, 0
L 6, -391, -24, 5, -390, -24, 0, 0, 0
L 10, -391, -22, 6, -391, -24, 0, 0, 0
L 13, -391, -23, 10, -391, -22, 0, 0, 0
L 23, -392, -22, 13, -391, -23, 0, 0, 0
L 33, -392, -17, 23, -392, -22, 0, 0, 0
L 42, -392, -15, 33, -392, -17, 0, 0, 0
L 45, -392, -15, 42, -392, -15, 0, 0, 0
L 46, -392, -16, 45, -392, -15, 0, 0, 0
L 47, -391, -17, 46, -392, -16, 0, 0, 0
L 56, -392, -15, 47, -391, -17, 0, 0, 0
L 68, -393, -17, 56, -392, -15, 0, 0, 0
L 84, -394, -18, 68, -393, -17, 0, 0, 0
L 85, -394, -18, 84, -394, -18, 0, 0, 0
L 85, -386, -18, 85, -394, -18, 0, 0, 0
L 83, -382, -18, 85, -386, -18, 0, 0, 0
L 82, -381, -18, 83, -382, -18, 0, 0, 0
L 82, -379, -18, 82, -381, -18, 0, 0, 0
L 84, -377, -18, 82, -379, -18, 0, 0, 0
L 83, -370, -18, 84, -377, -18, 0, 0, 0
L 84, -369, -18, 83, -370, -18, 0, 0, 0
L 85, -363, -18, 84, -369, -18, 0, 0, 0
L 86, -362, -18, 85, -363, -18, 0, 0, 0
L 87, -360, -18, 86, -362, -18, 0, 0, 0
L 93, -354, -18, 87, -360, -18, 0, 0, 0
L 102, -346, -18, 93, -354, -18, 0, 0, 0
L 132, -314, -18, 102, -346, -18, 0, 0, 0
L 133, -312, -18, 132, -314, -18, 0, 0, 0
L 137, -309, -18, 133, -312, -18, 0, 0, 0
L 138, -308, -18, 137, -309, -18, 0, 0, 0
L 137, -306, -18, 138, -308, -18, 0, 0, 0
L 136, -305, -18, 137, -306, -18, 0, 0, 0
L 135, -303, -18, 136, -305, -18, 0, 0, 0
L 134, -300, -18, 135, -303, -18, 0, 0, 0
L 135, -242, -18, 134, -300, -18, 0, 0, 0
L 136, -240, -18, 135, -242, -18, 0, 0, 0
L 137, -239, -18, 136, -240, -18, 0, 0, 0
L 139, -238, -18, 137, -239, -18, 0, 0, 0
L 142, -238, -18, 139, -238, -18, 0, 0, 0
L 153, -239, -18, 142, -238, -18, 0, 0, 0
L 155, -238, -18, 153, -239, -18, 0, 0, 0
L 159, -238, -18, 155, -238, -18, 0, 0, 0
L 160, -237, -17, 159, -238, -18, 0, 0, 0
L 165, -237, -18, 160, -237, -17, 0, 0, 0
L 167, -237, -18, 165, -237, -18, 0, 0, 0
L 179, -236, -18, 167, -237, -18, 0, 0, 0
L 180, -237, -18, 179, -236, -18, 0, 0, 0
L 182, -240, -18, 180, -237, -18, 0, 0, 0
L 183, -241, -18, 182, -240, -18, 0, 0, 0
L 185, -241, -18, 183, -241, -18, 0, 0, 0
L 190, -239, -18, 185, -241, -18, 0, 0, 0
L 192, -238, -18, 190, -239, -18, 0, 0, 0
L 213, -240, -18, 192, -238, -18, 0, 0, 0
L 217, -240, -18, 213, -240, -18, 0, 0, 0
L 218, -239, -18, 217, -240, -18, 0, 0, 0
L 229, -238, -18, 218, -239, -18, 0, 0, 0
L 256, -239, -18, 229, -238, -18, 0, 0, 0
L 266, -238, -18, 256, -239, -18, 0, 0, 0
L 269, -239, -18, 266, -238, -18, 0, 0, 0
L 280, -239, -18, 269, -239, -18, 0, 0, 0
L 284, -241, -18, 280, -239, -18, 0, 0, 0
L 284, -311, -18, 284, -241, -18, 0, 0, 0
L 283, -326, -18, 284, -311, -18, 0, 0, 0
L 283, -340, -18, 283, -326, -18, 0, 0, 0
L 282, -368, -18, 283, -340, -18, 0, 0, 0
L 280, -385, -18, 282, -368, -18, 0, 0, 0
L 279, -387, -18, 280, -385, -18, 0, 0, 0
L 220, -386, -18, 279, -387, -18, 0, 0, 0
L 218, -387, -18, 220, -386, -18, 0, 0, 0
L 217, -389, -18, 218, -387, -18, 0, 0, 0
L 214, -391, -18, 217, -389, -18, 0, 0, 0
L 214, -393, -18, 214, -391, -18, 0, 0, 0
L 212, -397, -18, 214, -393, -18, 0, 0, 0
L 212, -407, -18, 212, -397, -18, 0, 0, 0
L 211, -449, -18, 212, -407, -18, 0, 0, 0
L 212, -450, -18, 211, -449, -18, 0, 0, 0
L 212, -457, -18, 212, -450, -18, 0, 0, 0
L 211, -474, -18, 212, -457, -18, 0, 0, 0
L 211, -483, -18, 211, -474, -18, 0, 0, 0
L 210, -488, -18, 211, -483, -18, 0, 0, 0
L 210, -490, -18, 210, -488, -18, 0, 0, 0
L 209, -491, -18, 210, -490, -18, 0, 0, 0
L 207, -490, -18, 209, -491, -18, 0, 0, 0
L 205, -491, -18, 207, -490, -18, 0, 0, 0
L 204, -492, -18, 205, -491, -18, 0, 0, 0
L 202, -493, -18, 204, -492, -18, 0, 0, 0
L 201, -494, -18, 202, -493, -18, 0, 0, 0
L 189, -494, -18, 201, -494, -18, 0, 0, 0
L 169, -495, -18, 189, -494, -18, 0, 0, 0
L 167, -495, -18, 169, -495, -18, 0, 0, 0
L 156, -493, -18, 167, -495, -18, 0, 0, 0
L 154, -493, -18, 156, -493, -18, 0, 0, 0
L 152, -494, -18, 154, -493, -18, 0, 0, 0
L 138, -492, -18, 152, -494, -18, 0, 0, 0
L 136, -490, -18, 138, -492, -18, 0, 0, 0
L 134, -489, -18, 136, -490, -18, 0, 0, 0
L 134, -487, -18, 134, -489, -18, 0, 0, 0
L 133, -485, -18, 134, -487, -18, 0, 0, 0
L 131, -484, -18, 133, -485, -18, 0, 0, 0
L 121, -474, -18, 131, -484, -18, 0, 0, 0
L 120, -472, -18, 121, -474, -18, 0, 0, 0
L 109, -462, -18, 120, -472, -18, 0, 0, 0
L 89, -442, -18, 109, -462, -18, 0, 0, 0
L 85, -437, -18, 89, -442, -18, 0, 0, 0
L 84, -434, -18, 85, -437, -18, 0, 0, 0
L 85, -432, -18, 84, -434, -18, 0, 0, 0
L 84, -431, -18, 85, -432, -18, 0, 0, 0
L 84, -424, -18, 84, -431, -18, 0, 0, 0
L 83, -419, -18, 84, -424, -18, 0, 0, 0
L 83, -418, -18, 83, -419, -18, 0, 0, 0
L 82, -407, -18, 83, -418, -18, 0, 0, 0
L 82, -405, -18, 82, -407, -18, 0, 0, 0
L 76, -406, -17, 82, -405, -18, 0, 0, 0
L 54, -406, -17, 76, -406, -17, 0, 0, 0
L 45, -406, -15, 54, -406, -17, 0, 0, 0
L 43, -406, -15, 45, -406, -15, 0, 0, 0
L 41, -406, -17, 43, -406, -15, 0, 0, 0
L 39, -407, -17, 41, -406, -17, 0, 0, 0
L 39, -409, -17, 39, -407, -17, 0, 0, 0
L 37, -410, -16, 39, -409, -17, 0, 0, 0
L 36, -410, -16, 37, -410, -16, 0, 0, 0
L 17, -407, -23, 36, -410, -16, 0, 0, 0
L 16, -406, -23, 17, -407, -23, 0, 0, 0
L 14, -406, -22, 16, -406, -23, 0, 0, 0
L 12, -406, -22, 14, -406, -22, 0, 0, 0
L 10, -407, -23, 12, -406, -22, 0, 0, 0
L 8, -407, -24, 10, -407, -23, 0, 0, 0
L 6, -407, -24, 8, -407, -24, 0, 0, 0
L 4, -408, -25, 6, -407, -24, 0, 0, 0
L -1, -408, -28, 4, -408, -25, 0, 0, 0
L -2, -408, -29, -1, -408, -28, 0, 0, 0
L -3, -409, -28, -2, -408, -29, 0, 0, 0
L -3, -411, -28, -3, -409, -28, 0, 0, 0
L -2, -412, -30, -3, -411, -28, 0, 0, 0
L 2, -412, -30, -2, -412, -30, 0, 0, 0
L 2, -423, -30, 2, -412, -30, 0, 0, 0
L 1, -425, -30, 2, -423, -30, 0, 0, 0
L -3, -427, -29, 1, -425, -30, 0, 0, 0
L -5, -427, -29, -3, -427, -29, 0, 0, 0
L -6, -428, -30, -5, -427, -29, 0, 0, 0
L -6, -430, -30, -6, -428, -30, 0, 0, 0
L -33, -430, -30, -6, -430, -30, 0, 0, 0
L -47, -431, -30, -33, -430, -30, 0, 0, 0
L -64, -430, -30, -47, -431, -30, 0, 0, 0
L -65, -432, -30, -64, -430, -30, 0, 0, 0
L -72, -432, -30, -65, -432, -30, 0, 0, 0
L -73, -434, -30, -72, -432, -30, 0, 0, 0
L -72, -436, -30, -73, -434, -30, 0, 0, 0
L -72, -438, -30, -72, -436, -30, 0, 0, 0
L -71, -439, -30, -72, -438, -30, 0, 0, 0
L -70, -441, -30, -71, -439, -30, 0, 0, 0
L -69, -442, -30, -70, -441, -30, 0, 0, 0
L -68, -497, -30, -69, -442, -30, 0, 0, 0
L -73, -498, -30, -68, -497, -30, 0, 0, 0
L -89, -498, -30, -73, -498, -30, 0, 0, 0
L -95, -503, -24, -89, -498, -30, 0, 0, 0
L -96, -504, -23, -95, -503, -24, 0, 0, 0
L -97, -505, -23, -96, -504, -23, 0, 0, 0
L -98, -519, -23, -97, -505, -23, 0, 0, 0
L -97, -527, -23, -98, -519, -23, 0, 0, 0
L -96, -547, -17, -97, -527, -23, 0, 0, 0
L -96, -548, -16, -96, -547, -17, 0, 0, 0
L -97, -554, -17, -96, -548, -16, 0, 0, 0
L -98, -567, -17, -97, -554, -17, 0, 0, 0
L -97, -573, -16, -98, -567, -17, 0, 0, 0
L -98, -574, -17, -97, -573, -16, 0, 0, 0
L -111, -574, -17, -98, -574, -17, 0, 0, 0
L -112, -576, -17, -111, -574, -17, 0, 0, 0
L -116, -575, -16, -112, -576, -17, 0, 0, 0
L -120, -575, -16, -116, -575, -16, 0, 0, 0
L -122, -575, -15, -120, -575, -16, 0, 0, 0
L -130, -574, -17, -122, -575, -15, 0, 0, 0
L -132, -573, -17, -130, -574, -17, 0, 0, 0
L -137, -571, -17, -132, -573, -17, 0, 0, 0
L -139, -570, -17, -137, -571, -17, 0, 0, 0
L -140, -570, -16, -139, -570, -17, 0, 0, 0
L -146, -569, -16, -140, -570, -16, 0, 0, 0
L -149, -569, -15, -146, -569, -16, 0, 0, 0
L -151, -570, -16, -149, -569, -15, 0, 0, 0
L -152, -570, -16, -151, -570, -16, 0, 0, 0
L -153, -571, -18, -152, -570, -16, 0, 0, 0
L -154, -577, -18, -153, -571, -18, 0, 0, 0
L -154, -586, -18, -154, -577, -18, 0, 0, 0
L -154, -588, -17, -154, -586, -18, 0, 0, 0
L -154, -589, -17, -154, -588, -17, 0, 0, 0
L -153, -591, -17, -154, -589, -17, 0, 0, 0
L -151, -592, -17, -153, -591, -17, 0, 0, 0
L -150, -592, -17, -151, -592, -17, 0, 0, 0
L -148, -593, -17, -150, -592, -17, 0, 0, 0
L -147, -594, -17, -148, -593, -17, 0, 0, 0
L -142, -603, -17, -147, -594, -17, 0, 0, 0
L -141, -605, -18, -142, -603, -17, 0, 0, 0
L -144, -614, -18, -141, -605, -18, 0, 0, 0
L -163, -616, -18, -144, -614, -18, 0, 0, 0
L -164, -616, -18, -163, -616, -18, 0, 0, 0
L -166, -618, -18, -164, -616, -18, 0, 0, 0
L -167, -618, -18, -166, -618, -18, 0, 0, 0
L -168, -619, -18, -167, -618, -18, 0, 0, 0
L -169, -620, -17, -168, -619, -18, 0, 0, 0
L -171, -622, -17, -169, -620, -17, 0, 0, 0
L -173, -624, -18, -171, -622, -17, 0, 0, 0
L -175, -626, -18, -173, -624, -18, 0, 0, 0
L -200, -658, -18, -175, -626, -18, 0, 0, 0
L -201, -659, -18, -200, -658, -18, 0, 0, 0
L -203, -665, -15, -201, -659, -18, 0, 0, 0
