L 51, 430, -1, 44, 430, -1, 0, 0, 0
L 51, 426, -1, 51, 430, -1, 0, 0, 0
L 53, 426, -1, 51, 426, -1, 0, 0, 0
L 52, 446, -1, 53, 426, -1, 0, 0, 0
L 52, 446, -1, 48, 449, -1, 0, 0, 0
L 48, 456, -1, 48, 449, -1, 0, 0, 0
L 48, 456, -1, 52, 460, -1, 0, 0, 0
L 52, 486, -1, 52, 460, -1, 0, 0, 0
L 48, 489, -1, 52, 486, -1, 0, 0, 0
L 48, 496, -1, 48, 489, -1, 0, 0, 0
L 52, 499, -1, 48, 496, -1, 0, 0, 0
L 52, 520, -1, 52, 499, -1, 0, 0, 0
L 51, 520, -1, 52, 520, -1, 0, 0, 0
L 51, 516, -1, 51, 520, -1, 0, 0, 0
L 51, 516, -1, 44, 516, -1, 0, 0, 0
L 29, 516, -1, 36, 516, -1, 0, 0, 0
L 29, 520, -1, 29, 516, -1, 0, 0, 0
L 28, 520, -1, 29, 520, -1, 0, 0, 0
L 28, 500, -1, 28, 520, -1, 0, 0, 0
L 32, 497, -1, 28, 500, -1, 0, 0, 0
L 33, 490, -1, 32, 497, -1, 0, 0, 0
L 28, 486, -1, 33, 490, -1, 0, 0, 0
L 28, 484, -1, 28, 486, -1, 0, 0, 0
L 32, 484, -1, 28, 484, -1, 0, 0, 0
L 32, 462, -1, 32, 469, -1, 0, 0, 0
L 28, 462, -1, 32, 462, -1, 0, 0, 0
L 28, 462, -1, 28, 460, -1, 0, 0, 0
L 32, 456, -1, 28, 460, -1, 0, 0, 0
L 32, 450, -1, 32, 456, -1, 0, 0, 0
L 28, 446, -1, 32, 450, -1, 0, 0, 0
L 28, 446, -1, 28, 426, -1, 0, 0, 0
L 29, 426, -1, 28, 426, -1, 0, 0, 0
L 29, 426, -1, 29, 430, -1, 0, 0, 0
L 36, 430, -1, 29, 430, -1, 0, 0, 0
L 11, 385, -1, 11, 381, -1, 0, 0, 0
L 11, 381, -1, 66, 381, -1, 0, 0, 0
L 66, 381, -1, 68, 415, -1, 0, 0, 0
L 51, 415, -1, 68, 415, -1, 0, 0, 0
L 51, 411, -1, 51, 415, -1, 0, 0, 0
L 44, 411, -1, 51, 411, -1, 0, 0, 0
L 44, 430, -1, 44, 411, -1, 0, 0, 0
L 36, 411, -1, 36, 430, -1, 0, 0, 0
L 36, 411, -1, 29, 411, -1, 0, 0, 0
L 29, 415, -1, 29, 411, -1, 0, 0, 0
L -27, 415, -1, 29, 415, -1, 0, 0, 0
L -27, 380, -1, -27, 415, -1, 0, 0, 0
L -11, 381, -1, -27, 380, -1, 0, 0, 0
L -11, 385, -1, -11, 381, -1, 0, 0, 0
L 4, 385, -1, 11, 385, -1, 0, 0, 0
L -11, 385, -1, -4, 385, -1, 0, 0, 0
L -4, 366, -1, -4, 385, -1, 0, 0, 0
L 4, 366, -1, 4, 385, -1, 0, 0, 0
L -4, 366, -1, -10, 366, -1, 0, 0, 0
L 4, 366, -1, 10, 366, -1, 0, 0, 0
L -10, 300, 14, -10, 366, 14, 0, 0, 0
L -4, 300, 14, -10, 300, 14, 0, 0, 0
L 10, 300, 14, 10, 366, 14, 0, 0, 0
L 4, 300, 14, 10, 300, 14, 0, 0, 0
L -4, 281, 14, -4, 300, 14, 0, 0, 0
L 4, 281, 14, 4, 300, 14, 0, 0, 0
L -11, 281, 14, -4, 281, 14, 0, 0, 0
L 4, 281, 14, 13, 281, 14, 0, 0, 0
L 14, 175, 14, 13, 281, 14, 0, 0, 0
L -14, 175, 14, -11, 281, 14, 0, 0, 0
L -4, 175, 14, -14, 175, 14, 0, 0, 0
L 4, 175, 14, 14, 175, 14, 0, 0, 0
L -4, 175, 14, -4, 156, 14, 0, 0, 0
L 4, 156, 14, 4, 175, 14, 0, 0, 0
L -4, 156, 14, -10, 156, 14, 0, 0, 0
L 4, 156, 14, 10, 156, 14, 0, 0, 0
L 10, 90, 2, 10, 156, 4, 0, 0, 0
L -10, 90, -1, -10, 156, 1, 0, 0, 0
L -10, 90, -1, -4, 90, -1, 0, 0, 0
L 10, 90, -1, 4, 90, -1, 0, 0, 0
L 29, -43, -1, 1, -64, -1, 0, 0, 0
L -24, -47, -1, 1, -64, -1, 0, 0, 0
L -61, -20, -1, -33, -39, -1, 0, 0, 0
L -52, 8, -1, -61, -20, -1, 0, 0, 0
L -38, 50, -1, -48, 21, -1, 0, 0, 0
L -4, 52, -1, -38, 50, -1, 0, 0, 0
L -327, 836, -31, -330, 836, -31, 0, 0, 0
L -332, 836, -31, -330, 836, -31, 0, 0, 0
L -332, 836, -31, -334, 837, -31, 0, 0, 0
L -344, 837, -31, -334, 837, -31, 0, 0, 0
L -345, 836, -31, -344, 837, -31, 0, 0, 0
L -350, 836, -31, -345, 836, -31, 0, 0, 0
L -352, 837, -31, -350, 836, -31, 0, 0, 0
L -362, 837, -31, -352, 837, -31, 0, 0, 0
L -364, 836, -31, -362, 837, -31, 0, 0, 0
L -369, 836, -31, -364, 836, -31, 0, 0, 0
L -369, 836, -31, -370, 837, -31, 0, 0, 0
L -380, 837, -31, -370, 837, -31, 0, 0, 0
L -382, 836, -31, -380, 837, -31, 0, 0, 0
L -382, 836, -31, -390, 836, -31, 0, 0, 0
L -390, 823, -31, -390, 836, -31, 0, 0, 0
L -360, 823, -21, -390, 823, -22, 0, 0, 0
L -350, 803, -17, -390, 802, -19, 0, 0, 0
L -332, 790, -31, -326, 790, -31, 0, 0, 0
L -332, 790, -31, -334, 789, -31, 0, 0, 0
L -344, 789, -31, -334, 789, -31, 0, 0, 0
L -345, 790, -31, -344, 789, -31, 0, 0, 0
L -350, 790, -31, -345, 790, -31, 0, 0, 0
L -352, 789, -31, -350, 790, -31, 0, 0, 0
L -362, 789, -31, -352, 789, -31, 0, 0, 0
L -364, 790, -31, -362, 789, -31, 0, 0, 0
L -364, 790, -31, -369, 790, -31, 0, 0, 0
L -369, 790, -31, -370, 789, -31, 0, 0, 0
L -380, 789, -31, -370, 789, -31, 0, 0, 0
L -382, 790, -31, -380, 789, -31, 0, 0, 0
L -390, 790, -31, -382, 790, -31, 0, 0, 0
L -390, 802, -31, -390, 790, -31, 0, 0, 0
L -326, 832, -16, -328, 841, -16, 0, 0, 0
L -326, 824, -16, -326, 832, -16, 0, 0, 0
L -332, 824, -16, -326, 824, -16, 0, 0, 0
L -332, 824, -16, -332, 817, -16, 0, 0, 0
L -327, 790, -16, -327, 780, -20, 0, 0, 0
L -326, 802, -16, -326, 790, -16, 0, 0, 0
L -332, 802, -16, -326, 802, -16, 0, 0, 0
L -332, 809, -16, -332, 802, -16, 0, 0, 0
L -313, 817, -16, -332, 817, -16, 0, 0, 0
L -313, 817, -16, -313, 824, -16, 0, 0, 0
L -319, 824, -16, -313, 824, -16, 0, 0, 0
L -319, 827, -16, -319, 824, -16, 0, 0, 0
L -314, 827, -16, -319, 827, -16, 0, 0, 0
L -314, 837, -16, -314, 827, -16, 0, 0, 0
L -304, 837, -16, -314, 837, -16, 0, 0, 0
L -304, 842, -16, -304, 837, -16, 0, 0, 0
L 82, 569, -1, 82, 562, -1, 0, 0, 0
L 82, 569, -1, 78, 569, -1, 0, 0, 0
L 78, 569, -1, 78, 570, -1, 0, 0, 0
L 98, 570, -1, 78, 570, -1, 0, 0, 0
L 102, 566, -1, 98, 570, -1, 0, 0, 0
L 108, 566, -1, 102, 566, -1, 0, 0, 0
L 112, 570, -1, 108, 566, -1, 0, 0, 0
L 112, 570, -1, 118, 570, -1, 0, 0, 0
L 118, 576, -1, 118, 570, -1, 0, 0, 0
L 122, 580, -1, 118, 576, -1, 0, 0, 0
L 118, 590, -1, 118, 610, -1, 0, 0, 0
L 122, 580, -1, 122, 586, -1, 0, 0, 0
L 122, 586, -1, 118, 590, -1, 0, 0, 0
L 82, 548, -1, 82, 554, -1, 0, 0, 0
L 82, 548, -1, 78, 546, -1, 0, 0, 0
L 98, 546, -1, 78, 546, -1, 0, 0, 0
L 102, 550, -1, 98, 546, -1, 0, 0, 0
L 102, 550, -1, 109, 550, -1, 0, 0, 0
L 112, 546, -1, 109, 550, -1, 0, 0, 0
L 118, 546, -1, 118, 540, -1, 0, 0, 0
L 112, 546, -1, 118, 546, -1, 0, 0, 0
L 122, 536, -1, 118, 540, -1, 0, 0, 0
L 122, 530, -1, 122, 536, -1, 0, 0, 0
L 117, 526, -1, 122, 530, -1, 0, 0, 0
L -296, 789, -21, -284, 789, -20, 0, 0, 0
L -296, 784, -24, -296, 789, -25, 0, 0, 0
L -304, 784, -16, -296, 784, -16, 0, 0, 0
L -304, 789, -16, -304, 784, -16, 0, 0, 0
L -314, 789, -16, -304, 789, -16, 0, 0, 0
L -314, 799, -16, -314, 789, -16, 0, 0, 0
L -319, 799, -16, -314, 799, -16, 0, 0, 0
L -319, 802, -16, -319, 799, -16, 0, 0, 0
L -313, 802, -16, -319, 802, -16, 0, 0, 0
L -313, 809, -16, -332, 809, -16, 0, 0, 0
L -313, 809, -16, -313, 802, -16, 0, 0, 0
L 44, 535, -1, 44, 516, -1, 0, 0, 0
L 51, 535, -1, 44, 535, -1, 0, 0, 0
L 51, 531, -1, 51, 535, -1, 0, 0, 0
L 53, 531, -1, 51, 531, -1, 0, 0, 0
L 56, 535, -1, 53, 531, -1, 0, 0, 0
L 63, 536, -1, 56, 535, -1, 0, 0, 0
L 63, 541, -1, 63, 536, -1, 0, 0, 0
L 67, 545, -1, 63, 541, -1, 0, 0, 0
L 67, 547, -1, 67, 545, -1, 0, 0, 0
L 63, 547, -1, 67, 547, -1, 0, 0, 0
L 63, 554, -1, 63, 547, -1, 0, 0, 0
L 63, 554, -1, 82, 554, -1, 0, 0, 0
L 63, 562, -1, 82, 562, -1, 0, 0, 0
L 63, 562, -1, 63, 569, -1, 0, 0, 0
L 67, 569, -1, 63, 569, -1, 0, 0, 0
L 67, 571, -1, 67, 569, -1, 0, 0, 0
L 63, 575, -1, 67, 571, -1, 0, 0, 0
L 63, 581, -1, 63, 575, -1, 0, 0, 0
L 67, 585, -1, 63, 581, -1, 0, 0, 0
L 67, 611, -1, 67, 585, -1, 0, 0, 0
L 63, 614, -1, 67, 611, -1, 0, 0, 0
L 63, 614, -1, 63, 621, -1, 0, 0, 0
L 56, 621, -1, 63, 621, -1, 0, 0, 0
L 53, 625, -1, 47, 625, -1, 0, 0, 0
L 56, 621, -1, 53, 625, -1, 0, 0, 0
L 44, 621, -1, 47, 625, -1, 0, 0, 0
L 37, 620, -1, 44, 621, -1, 0, 0, 0
L 33, 625, -1, 37, 620, -1, 0, 0, 0
L 27, 625, -1, 33, 625, -1, 0, 0, 0
L 24, 621, -1, 27, 625, -1, 0, 0, 0
L 17, 621, -1, 24, 621, -1, 0, 0, 0
L 17, 615, -1, 17, 621, -1, 0, 0, 0
L 13, 611, -1, 17, 615, -1, 0, 0, 0
L 13, 609, -1, 13, 611, -1, 0, 0, 0
L 17, 609, -1, 13, 609, -1, 0, 0, 0
L 17, 602, -1, 17, 609, -1, 0, 0, 0
L 36, 535, -1, 36, 516, -1, 0, 0, 0
L 29, 535, -1, 36, 535, -1, 0, 0, 0
L 29, 531, -1, 29, 535, -1, 0, 0, 0
L 27, 531, -1, 29, 531, -1, 0, 0, 0
L 17, 535, -1, 23, 535, -1, 0, 0, 0
L 23, 535, -1, 27, 531, -1, 0, 0, 0
L 17, 541, -1, 17, 535, -1, 0, 0, 0
L 11, 570, -1, 17, 574, -1, 0, 0, 0
L 13, 545, -1, 11, 570, -1, 0, 0, 0
L 17, 541, -1, 13, 545, -1, 0, 0, 0
L 17, 574, -1, 17, 582, -1, 0, 0, 0
L 13, 585, -1, 17, 582, -1, 0, 0, 0
L 13, 587, -1, 13, 585, -1, 0, 0, 0
L 17, 587, -1, 13, 587, -1, 0, 0, 0
L 17, 587, -1, 17, 594, -1, 0, 0, 0
L -184, 789, -21, -196, 789, -20, 0, 0, 0
L -184, 784, -20, -184, 789, -22, 0, 0, 0
L -176, 784, -21, -184, 784, -22, 0, 0, 0
L -176, 789, -22, -176, 784, -22, 0, 0, 0
L -164, 789, -22, -176, 789, -22, 0, 0, 0
L -164, 784, -22, -164, 789, -22, 0, 0, 0
L -156, 784, -20, -164, 784, -20, 0, 0, 0
L -156, 789, -20, -156, 784, -20, 0, 0, 0
L -144, 789, -20, -156, 789, -20, 0, 0, 0
L -144, 784, -20, -144, 789, -20, 0, 0, 0
L -136, 784, -18, -144, 784, -18, 0, 0, 0
L -136, 789, -18, -136, 784, -18, 0, 0, 0
L -124, 789, -18, -136, 789, -18, 0, 0, 0
L -124, 784, -18, -124, 789, -18, 0, 0, 0
L -124, 784, -16, -116, 784, -16, 0, 0, 0
L -116, 784, -16, -116, 789, -16, 0, 0, 0
L -300, 806, -16, -300, 784, -16, 0, 0, 240
L -119, 803, -16, -300, 806, -16, 0, 0, 240
L -119, 803, -16, -119, 784, -16, 0, 0, 240
L -106, 789, -16, -116, 789, -16, 0, 0, 0
L -106, 799, -16, -106, 789, -16, 0, 0, 0
L -101, 799, -16, -106, 799, -16, 0, 0, 0
L -101, 802, -16, -101, 799, -16, 0, 0, 0
L -107, 802, -16, -101, 802, -16, 0, 0, 0
L -107, 809, -16, -107, 802, -16, 0, 0, 0
L -300, 822, -16, -300, 842, -16, 0, 0, 240
L -116, 842, -16, -116, 837, -16, 0, 0, 0
L -124, 842, -16, -116, 842, -16, 0, 0, 0
L -119, 823, -16, -300, 822, -16, 0, 0, 240
L -119, 823, -16, -120, 842, -16, 0, 0, 240
L -106, 837, -16, -116, 837, -16, 0, 0, 0
L -106, 827, -16, -106, 837, -16, 0, 0, 0
L -101, 827, -16, -106, 827, -16, 0, 0, 0
L -101, 824, -16, -101, 827, -16, 0, 0, 0
L -107, 824, -16, -101, 824, -16, 0, 0, 0
L -107, 817, -16, -107, 824, -16, 0, 0, 0
L 117, 505, 0, 117, 526, 0, 0, 0, 0
L 133, 505, 0, 117, 505, 0, 0, 0, 0
L 149, 507, 0, 133, 505, 0, 0, 0, 0
L 151, 508, 0, 149, 507, 0, 0, 0, 0
L 153, 508, 0, 151, 508, 0, 0, 0, 0
L 156, 510, 0, 153, 508, 0, 0, 0, 0
L 164, 514, 0, 156, 510, 0, 0, 0, 0
L 177, 527, 0, 164, 514, 0, 0, 0, 0
L 182, 535, 0, 177, 527, 0, 0, 0, 0
L 183, 536, 0, 182, 535, 0, 0, 0, 0
L 184, 538, 0, 183, 536, 0, 0, 0, 0
L 184, 539, 0, 184, 538, 0, 0, 0, 0
L 186, 549, 0, 184, 539, 0, 0, 0, 0
L 186, 551, 0, 186, 549, 0, 0, 0, 0
L 187, 552, 0, 186, 551, 0, 255, 255, 255
L 186, 565, 0, 186, 564, 0, 255, 255, 255
L 186, 568, 0, 186, 551, 0, 0, 0, 0
L 185, 569, 0, 186, 568, 0, 0, 0, 0
L 185, 571, 0, 185, 569, 0, 0, 0, 0
L 184, 573, 0, 185, 571, 0, 0, 0, 0
L 184, 577, 0, 184, 573, 0, 0, 0, 0
L 183, 579, 0, 184, 577, 0, 0, 0, 0
L 172, 595, 0, 183, 579, 0, 0, 0, 0
L 160, 603, 0, 172, 595, 0, 0, 0, 0
L 159, 604, 0, 160, 603, 0, 0, 0, 0
L 148, 607, 0, 159, 604, 0, 0, 0, 0
L 147, 607, 0, 148, 607, 0, 0, 0, 0
L 145, 608, 0, 147, 607, 0, 0, 0, 0
L 137, 610, 0, 145, 608, 0, 0, 0, 0
L 118, 610, 0, 137, 610, 0, 0, 0, 0
L -339, 877, 30, -340, 879, 30, 255, 255, 255
L -339, 876, 30, -339, 877, 30, 0, 0, 0
L -338, 875, 30, -339, 876, 30, 0, 0, 0
L -337, 873, 30, -338, 875, 30, 0, 0, 0
L -337, 870, 29, -337, 873, 30, 0, 0, 0
L -328, 841, 29, -337, 870, 29, 0, 0, 0
L -335, 759, 29, -327, 780, 29, 0, 0, 0
L -339, 750, 29, -335, 759, 29, 0, 0, 0
L -339, 749, 29, -339, 750, 29, 0, 0, 0
L -340, 746, 29, -339, 749, 29, 0, 0, 0
L -341, 745, 29, -340, 746, 29, 0, 0, 0
L -343, 741, 29, -341, 745, 29, 0, 0, 0
L -363, 714, 29, -343, 741, 29, 0, 0, 0
L -366, 711, 29, -363, 714, 29, 0, 0, 0
L -381, 696, 23, -366, 711, 29, 0, 0, 0
L -383, 695, 23, -381, 696, 23, 0, 0, 0
L -385, 693, 24, -383, 695, 23, 0, 0, 0
L -389, 691, 25, -385, 693, 24, 0, 0, 0
L -397, 686, 29, -389, 691, 25, 0, 0, 0
L -406, 682, 29, -397, 686, 29, 0, 0, 0
L -407, 681, 29, -406, 682, 29, 0, 0, 0
L -436, 673, 29, -407, 681, 29, 0, 0, 0
L -445, 670, 29, -436, 673, 29, 0, 0, 0
L -446, 670, 29, -445, 670, 29, 0, 0, 0
L -449, 669, 29, -446, 670, 29, 0, 0, 0
L -456, 669, 29, -449, 669, 29, 0, 0, 0
L -486, 670, 29, -456, 669, 29, 0, 0, 0
L -493, 671, 30, -486, 670, 29, 0, 0, 0
L -496, 671, 29, -493, 671, 30, 0, 0, 0
L -497, 672, 30, -496, 671, 29, 0, 0, 0
L -522, 680, 29, -497, 672, 30, 0, 0, 0
L -531, 683, 29, -522, 680, 29, 0, 0, 0
L -533, 684, 30, -531, 683, 29, 0, 0, 0
L -534, 684, 30, -533, 684, 30, 0, 0, 0
L -536, 685, 30, -534, 684, 30, 0, 0, 0
L -544, 691, 30, -536, 685, 30, 0, 0, 0
L -568, 708, 30, -544, 691, 30, 0, 0, 0
L -569, 709, 30, -568, 708, 30, 0, 0, 0
L -571, 710, 30, -569, 709, 30, 0, 0, 0
L -572, 712, 30, -571, 710, 30, 0, 0, 0
L -573, 713, 29, -572, 712, 30, 0, 0, 0
L -574, 714, 29, -573, 713, 29, 0, 0, 0
L -590, 737, 29, -574, 714, 29, 0, 0, 0
L -596, 745, 29, -590, 737, 29, 0, 0, 0
L -597, 747, 29, -596, 745, 29, 0, 0, 0
L -598, 748, 30, -597, 747, 29, 0, 0, 0
L -599, 752, 30, -598, 748, 30, 0, 0, 0
L -600, 753, 30, -599, 752, 30, 0, 0, 0
L -601, 755, 29, -600, 753, 30, 0, 0, 0
L -601, 756, 29, -601, 755, 29, 0, 0, 0
L -606, 774, 29, -601, 756, 29, 0, 0, 0
L -609, 783, 29, -606, 774, 29, 0, 0, 0
L -609, 786, 29, -609, 783, 29, 0, 0, 0
L -610, 787, 29, -609, 786, 29, 0, 0, 0
L -610, 789, 30, -610, 787, 29, 0, 0, 0
L -610, 791, 30, -610, 789, 30, 0, 0, 0
L -611, 792, 29, -610, 791, 30, 0, 0, 0
L -611, 797, 29, -611, 792, 29, 0, 0, 0
L -612, 800, 28, -611, 797, 29, 0, 0, 0
L -612, 802, 27, -612, 800, 28, 0, 0, 0
L -612, 805, 25, -612, 802, 27, 0, 0, 0
L -612, 807, 24, -612, 805, 25, 0, 0, 0
L -613, 819, 23, -612, 807, 24, 0, 0, 0
L -613, 820, 24, -613, 819, 23, 0, 0, 0
L -611, 828, 28, -613, 820, 24, 0, 0, 0
L -611, 829, 29, -611, 828, 28, 0, 0, 0
L -611, 833, 29, -611, 829, 29, 0, 0, 0
L -610, 836, 30, -611, 833, 29, 0, 0, 0
L -610, 837, 30, -610, 836, 30, 0, 0, 0
L -610, 839, 29, -610, 837, 30, 0, 0, 0
L -609, 840, 29, -610, 839, 29, 0, 0, 0
L -609, 842, 29, -609, 840, 29, 0, 0, 0
L -599, 874, 29, -609, 842, 29, 0, 0, 0
L -599, 875, 29, -599, 874, 29, 0, 0, 0
L -598, 877, 30, -599, 875, 29, 0, 0, 0
L -597, 879, 30, -598, 877, 30, 0, 0, 0
L -596, 880, 29, -597, 879, 30, 0, 0, 0
L -595, 882, 29, -596, 880, 29, 0, 0, 0
L -570, 915, 29, -595, 882, 29, 0, 0, 0
L -568, 917, 29, -570, 915, 29, 0, 0, 0
L -562, 923, 28, -568, 917, 29, 0, 0, 0
L -554, 930, 24, -562, 923, 28, 0, 0, 0
L -553, 931, 24, -554, 930, 24, 0, 0, 0
L -551, 932, 24, -553, 931, 24, 0, 0, 0
L -550, 933, 24, -551, 932, 24, 0, 0, 0
L -529, 943, 29, -550, 933, 24, 0, 0, 0
L -528, 943, 29, -529, 943, 29, 0, 0, 0
L -524, 945, 29, -528, 943, 29, 0, 0, 0
L -496, 954, 29, -524, 945, 29, 0, 0, 0
L -494, 954, 29, -496, 954, 29, 0, 0, 0
L -488, 955, 29, -494, 954, 29, 0, 0, 0
L -457, 956, 29, -488, 955, 29, 0, 0, 0
L -447, 956, 29, -457, 956, 29, 0, 0, 0
L -445, 955, 29, -447, 956, 29, 0, 0, 0
L -442, 955, 29, -445, 955, 29, 0, 0, 0
L -404, 942, 29, -442, 955, 29, 0, 0, 0
L -402, 941, 30, -404, 942, 29, 0, 0, 0
L -398, 939, 30, -402, 941, 30, 0, 0, 0
L -397, 938, 30, -398, 939, 30, 0, 0, 0
L -374, 920, 30, -397, 938, 30, 0, 0, 0
L -367, 915, 30, -374, 920, 30, 0, 0, 0
L -365, 913, 30, -367, 915, 30, 0, 0, 0
L -364, 912, 29, -365, 913, 30, 0, 0, 0
L -363, 910, 29, -364, 912, 29, 0, 0, 0
L -362, 909, 29, -363, 910, 29, 0, 0, 0
L -345, 886, 29, -362, 909, 29, 0, 0, 0
L -340, 879, 30, -345, 886, 29, 0, 0, 0
L -339, 877, 29, -340, 879, 30, 0, 0, 0
L 17, 817, 14, -2, 817, 15, 0, 0, 0
L 35, 77, 0, 62, 57, 0, 0, 0, 0
L 62, 57, 0, 70, 28, 0, 0, 0, 0
L 73, 19, 0, 84, -11, 0, 0, 0, 0
L 75, -38, 0, 49, -58, 0, 0, 0, 0
L 41, -62, 0, 16, -82, 0, 0, 0, 0
L 16, -82, 0, -11, -82, 0, 0, 0, 0
L -11, -82, 0, -13, -81, 0, 0, 0, 0
L -13, -81, 0, -19, -79, 0, 0, 0, 0
L -19, -79, 0, -21, -78, 0, 0, 0, 0
L -21, -78, 0, -22, -77, 0, 0, 0, 0
L -22, -77, 0, -39, -65, 0, 0, 0, 0
L -48, -58, 0, -73, -40, 0, 0, 0, 0
L -73, -40, 0, -82, -9, 0, 0, 0, 0
L -82, -9, 0, -82, -6, 0, 0, 0, 0
L -82, -6, 0, -73, 17, 0, 0, 0, 0
L -70, 27, 0, -61, 56, 0, 0, 0, 0
L -61, 56, 0, -60, 58, 0, 0, 0, 0
L -60, 58, 0, -59, 59, 0, 0, 0, 0
L -59, 59, 0, -35, 76, 0, 0, 0, 0
L -35, 76, 0, -34, 76, 0, 0, 0, 0
L -35, 76, 0, -12, 76, 0, 0, 0, 0
L 2, 586, 0, -19, 586, 0, 0, 0, 0
L -21, 590, 0, -29, 590, 0, 0, 0, 0
L -36, 586, 0, -38, 586, 0, 0, 0, 0
L -31, 586, 0, -59, 586, 0, 0, 0, 0
L -61, 590, 0, -69, 590, 0, 0, 0, 0
L -71, 586, 0, -92, 586, 0, 0, 0, 0
L -85, 589, 0, -85, 594, 0, 0, 0, 0
L -107, 594, 0, -107, 587, 0, 0, 0, 0
L -102, 571, 0, -144, 571, 0, 0, 0, 0
L -144, 571, 0, -144, 532, 0, 0, 0, 0
L -144, 548, 0, -144, 547, 0, 0, 0, 0
L -144, 532, 0, -176, 532, 0, 0, 0, 0
L -176, 532, 0, -176, 571, 0, 0, 0, 0
L -183, 571, 0, -184, 571, 0, 0, 0, 0
L -176, 571, 0, -216, 571, 0, 0, 0, 0
L -216, 571, 0, -216, 624, 0, 0, 0, 0
L -216, 624, 0, -176, 624, 0, 0, 0, 0
L -176, 624, 0, -176, 664, 0, 0, 0, 0
L -176, 664, 0, -143, 664, 0, 0, 0, 0
L -174, 664, 0, -173, 664, 0, 255, 255, 255
L -143, 624, 0, -103, 624, 0, 0, 0, 0
L -103, 624, 0, -103, 609, 0, 0, 0, 0
L -106, 609, 0, -106, 602, 0, 0, 0, 0
L -86, 602, 0, -86, 606, 0, 0, 0, 0
L -54, 605, 0, -48, 605, 0, 0, 0, 0
L -48, 605, 0, -48, 625, 0, 0, 0, 0
L -54, 625, 0, -54, 634, 0, 0, 0, 0
L -54, 634, 0, -54, 691, 14, 0, 0, 0
L -54, 691, 14, -49, 691, 14, 0, 0, 0
L -143, 664, -1, -143, 624, -1, 0, 0, 0
L -106, 609, -1, -103, 609, -1, 0, 0, 0
L -86, 602, -1, -106, 602, -1, 0, 0, 0
L -102, 587, -1, -107, 587, -1, 0, 0, 0
L -102, 587, -1, -102, 571, -1, 0, 0, 0
L -107, 594, -1, -85, 594, -1, 0, 0, 0
L -92, 586, -1, -92, 589, -1, 0, 0, 0
L -85, 589, -1, -92, 589, -1, 0, 0, 0
L -59, 586, -1, -61, 590, -1, 0, 0, 0
L -69, 590, -1, -71, 586, -1, 0, 0, 0
L -29, 590, -1, -31, 586, -1, 0, 0, 0
L -19, 586, -1, -21, 590, -1, 0, 0, 0
L -120, 608, -1, -136, 607, -1, 0, 0, 0
L -120, 608, -1, -120, 588, -1, 0, 0, 0
L -120, 588, -1, -141, 588, -1, 0, 0, 0
L -141, 588, -1, -158, 567, -1, 0, 0, 0
L -158, 567, -1, -181, 588, -1, 0, 0, 0
L -181, 588, -1, -200, 588, -1, 0, 0, 0
L -200, 588, -1, -200, 607, -1, 0, 0, 0
L -200, 607, -1, -179, 608, -1, 0, 0, 0
L -179, 608, -1, -160, 628, -1, 0, 0, 0
L -160, 628, -1, -136, 607, -1, 0, 0, 0
L -92, 610, -1, -72, 610, -1, 0, 0, 0
L -92, 610, -1, -92, 606, -1, 0, 0, 0
L -86, 606, -1, -92, 606, -1, 0, 0, 0
L -68, 606, -1, -72, 610, -1, 0, 0, 0
L -68, 606, -1, -62, 606, -1, 0, 0, 0
L -62, 606, -1, -58, 610, -1, 0, 0, 0
L -58, 610, -1, -54, 610, -1, 0, 0, 0
L -54, 605, -1, -54, 610, -1, 0, 0, 0
L 2, 586, -1, 2, 589, -1, 0, 0, 0
L -2, 589, -1, 2, 589, -1, 0, 0, 0
L 114, 769, -16, 114, 764, -16, 0, 0, 0
L 114, 764, -16, 109, 764, -16, 0, 0, 0
L 109, 767, -16, 101, 767, -16, 0, 0, 0
L 109, 764, -16, 109, 767, -16, 0, 0, 0
L 17, 809, -16, 17, 802, -16, 0, 0, 0
L 17, 802, -16, 11, 802, -16, 0, 0, 0
L 11, 802, -16, 11, 799, -16, 0, 0, 0
L 16, 799, -16, 11, 799, -16, 0, 0, 0
L 16, 799, -16, 16, 789, -16, 0, 0, 0
L 26, 789, -16, 16, 789, -16, 0, 0, 0
L 26, 789, -16, 26, 784, -16, 0, 0, 0
L 26, 784, -16, 31, 784, -16, 0, 0, 0
L 31, 784, -16, 31, 779, -16, 0, 0, 0
L 31, 779, -16, 36, 779, -16, 0, 0, 0
L 36, 779, -16, 36, 769, -16, 0, 0, 0
L 46, 769, -16, 36, 769, -16, 0, 0, 0
L 46, 769, -16, 46, 764, -16, 0, 0, 0
L 51, 764, -16, 46, 764, -16, 0, 0, 0
L 51, 764, -16, 51, 767, -16, 0, 0, 0
L 51, 767, -16, 59, 767, -16, 0, 0, 0
L 59, 764, -16, 59, 767, -16, 0, 0, 0
L 61, 764, -16, 59, 764, -16, 0, 0, 0
L 61, 764, -16, 61, 767, -16, 0, 0, 0
L 61, 767, -16, 69, 767, -16, 0, 0, 0
L 69, 764, -16, 69, 767, -16, 0, 0, 0
L 69, 764, -16, 74, 764, -16, 0, 0, 0
L 74, 764, -16, 74, 769, -16, 0, 0, 0
L 74, 769, -16, 86, 769, -16, 0, 0, 0
L 86, 769, -16, 86, 764, -16, 0, 0, 0
L 86, 764, -16, 91, 764, -16, 0, 0, 0
L 91, 764, -16, 91, 767, -16, 0, 0, 0
L 91, 767, -16, 99, 767, -16, 0, 0, 0
L 99, 767, -16, 99, 764, -16, 0, 0, 0
L 99, 764, -16, 101, 764, -16, 0, 0, 0
L 101, 764, -16, 101, 765, -16, 0, 0, 0
L 101, 764, -16, 101, 767, -16, 0, 0, 0
L 114, 769, -16, 124, 769, -16, 0, 0, 0
L 124, 779, -16, 124, 769, -16, 0, 0, 0
L 124, 779, -16, 129, 779, -16, 0, 0, 0
L 129, 779, -16, 129, 784, -16, 0, 0, 0
L 129, 784, -16, 126, 784, -16, 0, 0, 0
L 126, 784, -16, 126, 792, -16, 0, 0, 0
L 126, 792, -16, 129, 792, -16, 0, 0, 0
L 129, 792, -16, 129, 794, -16, 0, 0, 0
L 129, 794, -16, 126, 794, -16, 0, 0, 0
L 126, 794, -16, 126, 802, -16, 0, 0, 0
L 126, 802, -16, 129, 802, -16, 0, 0, 0
L 129, 802, -16, 129, 807, -16, 0, 0, 0
L 129, 807, -16, 124, 807, -16, 0, 0, 0
L 124, 807, -16, 124, 819, -16, 0, 0, 0
L 124, 819, -16, 129, 819, -16, 0, 0, 0
L 129, 819, -16, 129, 824, -16, 0, 0, 0
L 129, 824, -16, 126, 824, -16, 0, 0, 0
L 126, 824, -16, 126, 832, -16, 0, 0, 0
L 126, 832, -16, 129, 832, -16, 0, 0, 0
L 129, 832, -16, 129, 834, -16, 0, 0, 0
L 129, 834, -16, 126, 834, -16, 0, 0, 0
L 126, 834, -16, 126, 842, -16, 0, 0, 0
L -2, 809, -16, 17, 809, -16, 0, 0, 0
L 17, 824, -16, 17, 817, -16, 0, 0, 0
L 17, 824, -16, 11, 824, -16, 0, 0, 0
L 11, 824, -16, 11, 827, -16, 0, 0, 0
L 11, 827, -16, 16, 827, -16, 0, 0, 0
L 16, 827, -16, 17, 837, -16, 0, 0, 0
L 17, 837, -16, 26, 837, -16, 0, 0, 0
L 26, 837, -16, 26, 842, -16, 0, 0, 0
L 31, 842, -16, 31, 844, -16, 0, 0, 0
L 31, 842, -16, 26, 842, -16, 0, 0, 0
L 34, 844, -16, 34, 852, -16, 0, 0, 0
L 34, 844, -16, 31, 844, -16, 0, 0, 0
L 31, 852, -16, 34, 852, -16, 0, 0, 0
L 31, 854, -16, 31, 852, -16, 0, 0, 0
L 31, 854, -16, 34, 854, -16, 0, 0, 0
L 34, 854, -16, 34, 862, -16, 0, 0, 0
L 34, 862, -16, 31, 862, -16, 0, 0, 0
L 31, 862, -16, 31, 867, -16, 0, 0, 0
L 31, 867, -16, 36, 867, -16, 0, 0, 0
L 36, 867, -16, 36, 879, -16, 0, 0, 0
L 36, 879, -16, 31, 879, -16, 0, 0, 0
L 31, 879, -16, 31, 884, -16, 0, 0, 0
L 31, 884, -16, 34, 884, -16, 0, 0, 0
L 34, 884, -16, 34, 892, -16, 0, 0, 0
L 34, 892, -16, 31, 892, -16, 0, 0, 0
L 31, 892, -16, 31, 894, -16, 0, 0, 0
L 31, 894, -16, 34, 894, -16, 0, 0, 0
L 34, 894, -16, 34, 902, -16, 0, 0, 0
L 34, 902, -16, 31, 902, -16, 0, 0, 0
L 31, 902, -16, 31, 907, -16, 0, 0, 0
L 31, 907, -16, 36, 907, -16, 0, 0, 0
L 36, 907, -16, 36, 917, -16, 0, 0, 0
L 46, 917, -16, 36, 917, -16, 0, 0, 0
L 46, 917, -16, 47, 922, -16, 0, 0, 0
L 51, 919, -16, 59, 919, -16, 0, 0, 0
L 51, 922, -9, 47, 922, -10, 0, 0, 0
L 51, 922, -10, 51, 919, -10, 0, 0, 0
L 61, 922, -16, 59, 922, -16, 0, 0, 0
L 59, 922, -16, 59, 919, -16, 0, 0, 0
L 61, 922, -16, 61, 919, -16, 0, 0, 0
L 69, 919, -16, 61, 919, -16, 0, 0, 0
L 69, 919, -16, 68, 922, -16, 0, 0, 0
L 71, 922, -16, 68, 922, -16, 0, 0, 0
L 71, 922, -16, 71, 919, -16, 0, 0, 0
L 79, 919, -16, 71, 919, -16, 0, 0, 0
L 79, 919, -16, 79, 922, -16, 0, 0, 0
L 79, 922, -16, 81, 922, -16, 0, 0, 0
L 81, 922, -16, 81, 919, -16, 0, 0, 0
L 81, 919, -16, 89, 919, -16, 0, 0, 0
L 89, 919, -16, 89, 922, -16, 0, 0, 0
L 89, 922, -16, 94, 922, -16, 0, 0, 0
L 94, 922, -16, 94, 917, -16, 0, 0, 0
L 94, 917, -16, 104, 917, -16, 0, 0, 0
L 104, 917, -16, 104, 907, -16, 0, 0, 0
L 104, 907, -16, 109, 907, -16, 0, 0, 0
L 109, 907, -16, 109, 902, -16, 0, 0, 0
L 109, 902, -16, 114, 902, -16, 0, 0, 0
L 114, 902, -16, 114, 897, -16, 0, 0, 0
L 114, 897, -16, 124, 897, -16, 0, 0, 0
L 124, 897, -16, 124, 887, -16, 0, 0, 0
L 124, 887, -16, 129, 887, -16, 0, 0, 0
L 129, 887, -16, 129, 882, -16, 0, 0, 0
L 129, 882, -16, 126, 882, -16, 0, 0, 0
L 126, 882, -16, 126, 874, -16, 0, 0, 0
L 129, 872, -16, 126, 872, -16, 0, 0, 0
L 126, 872, -16, 126, 864, -16, 0, 0, 0
L 129, 874, -16, 129, 872, -16, 0, 0, 0
L 129, 874, -16, 126, 874, -16, 0, 0, 0
L 126, 864, -16, 129, 864, -16, 0, 0, 0
L 129, 864, -16, 129, 859, -16, 0, 0, 0
L 129, 859, -16, 124, 859, -16, 0, 0, 0
L 124, 859, -16, 124, 846, -16, 0, 0, 0
L 124, 846, -16, 129, 847, -16, 0, 0, 0
L 129, 847, -16, 129, 842, -16, 0, 0, 0
L 129, 842, -16, 126, 842, -16, 0, 0, 0
L 96, 829, -16, 84, 829, -16, 0, 0, 0
L 84, 829, -16, 84, 824, -16, 0, 0, 0
L 84, 824, -16, 76, 824, -16, 0, 0, 0
L 76, 824, -16, 76, 829, -16, 0, 0, 0
L 76, 829, -16, 64, 829, -16, 0, 0, 0
L 64, 829, -16, 64, 817, -16, 0, 0, 0
L 64, 817, -16, 69, 817, -16, 0, 0, 0
L 69, 817, -12, 68, 808, -12, 0, 0, 0
L 64, 808, -16, 68, 808, -16, 0, 0, 0
L 64, 808, -16, 64, 797, -16, 0, 0, 0
L 64, 797, -16, 76, 797, -16, 0, 0, 0
L 76, 797, -16, 76, 802, -16, 0, 0, 0
L 76, 802, -16, 84, 802, -16, 0, 0, 0
L 84, 802, -16, 84, 797, -16, 0, 0, 0
L 84, 797, -16, 96, 797, -16, 0, 0, 0
L 96, 797, -16, 96, 810, -16, 0, 0, 0
L 96, 810, -16, 91, 809, -16, 0, 0, 0
L 91, 809, -16, 91, 817, -16, 0, 0, 0
L 91, 817, -16, 96, 817, -16, 0, 0, 0
L 96, 817, -16, 96, 829, -16, 0, 0, 0
L 96, 857, -16, 84, 857, -16, 0, 0, 0
L 84, 857, -16, 84, 862, -16, 0, 0, 0
L 84, 862, -16, 76, 862, -16, 0, 0, 0
L 76, 862, -16, 76, 857, -16, 0, 0, 0
L 76, 857, -16, 64, 857, -16, 0, 0, 0
L 64, 857, -16, 64, 869, -16, 0, 0, 0
L 64, 869, -16, 69, 869, -16, 0, 0, 0
L 69, 869, -16, 69, 877, -16, 0, 0, 0
L 69, 877, -16, 64, 877, -16, 0, 0, 0
L 64, 877, -16, 64, 889, -16, 0, 0, 0
L 64, 889, -16, 76, 889, -16, 0, 0, 0
L 76, 889, -16, 76, 884, -16, 0, 0, 0
L 76, 884, -16, 84, 884, -16, 0, 0, 0
L 84, 884, -16, 84, 889, -16, 0, 0, 0
L 84, 889, -16, 97, 889, -16, 0, 0, 0
L 97, 889, -16, 96, 878, -16, 0, 0, 0
L 96, 878, -16, 92, 878, -16, 0, 0, 0
L 91, 868, -13, 92, 878, -13, 0, 0, 0
L 96, 868, -16, 91, 868, -16, 0, 0, 0
L 96, 868, -16, 96, 857, -16, 0, 0, 0
L -2, 809, -16, -2, 802, -16, 0, 0, 0
L -2, 802, -16, 4, 802, -16, 0, 0, 0
L 4, 802, -16, 4, 799, -16, 0, 0, 0
L 4, 799, -16, -1, 799, -16, 0, 0, 0
L -1, 799, -16, -1, 789, -16, 0, 0, 0
L -1, 789, -16, -11, 789, -16, 0, 0, 0
L -2, 824, -16, 4, 824, -16, 0, 0, 0
L -2, 824, -16, -2, 817, -16, 0, 0, 0
L 4, 824, -16, 4, 827, -16, 0, 0, 0
L 4, 827, -16, -1, 827, -16, 0, 0, 0
L -1, 827, -16, -1, 837, -16, 0, 0, 0
L -1, 837, -16, -11, 837, -16, 0, 0, 0
L -11, 837, -16, -11, 842, -16, 0, 0, 0
L -11, 842, -16, -16, 842, -16, 0, 0, 0
L -16, 842, -16, -16, 839, -16, 0, 0, 0
L -24, 839, -16, -16, 839, -16, 0, 0, 0
L -24, 839, -16, -24, 842, -16, 0, 0, 0
L -24, 842, -16, -26, 842, -16, 0, 0, 0
L -26, 842, -16, -26, 839, -16, 0, 0, 0
L -26, 839, -16, -34, 839, -16, 0, 0, 0
L -34, 839, -16, -34, 842, -16, 0, 0, 0
L -34, 842, -16, -39, 842, -16, 0, 0, 0
L -39, 842, -16, -39, 837, -16, 0, 0, 0
L -39, 837, -16, -51, 837, -16, 0, 0, 0
L -51, 837, -16, -51, 842, -16, 0, 0, 0
L -51, 842, -16, -56, 842, -16, 0, 0, 0
L -56, 842, -16, -56, 839, -16, 0, 0, 0
L -56, 839, -16, -64, 839, -16, 0, 0, 0
L -64, 839, -16, -64, 842, -16, 0, 0, 0
L -64, 842, -16, -66, 842, -16, 0, 0, 0
L -66, 842, -16, -66, 839, -16, 0, 0, 0
L -66, 839, -16, -74, 839, -16, 0, 0, 0
L -74, 839, -16, -74, 842, -16, 0, 0, 0
L -74, 842, -16, -79, 842, -16, 0, 0, 0
L -79, 842, -16, -79, 837, -16, 0, 0, 0
L -79, 837, -16, -89, 837, -16, 0, 0, 0
L -89, 837, -16, -89, 827, -16, 0, 0, 0
L -89, 827, -16, -94, 827, -16, 0, 0, 0
L -94, 827, -16, -94, 824, -16, 0, 0, 0
L -94, 824, -16, -88, 824, -16, 0, 0, 0
L -88, 824, -16, -88, 817, -16, 0, 0, 0
L -88, 817, -16, -107, 817, -16, 0, 0, 0
L -107, 809, -16, -88, 809, -16, 0, 0, 0
L -88, 809, -16, -88, 802, -16, 0, 0, 0
L -88, 802, -16, -94, 802, -16, 0, 0, 0
L -94, 802, -16, -94, 799, -16, 0, 0, 0
L -94, 799, -16, -89, 799, -16, 0, 0, 0
L -89, 799, -16, -89, 789, -16, 0, 0, 0
L -89, 789, -16, -79, 789, -16, 0, 0, 0
L -79, 789, -16, -79, 784, -16, 0, 0, 0
L -79, 784, -16, -74, 784, -16, 0, 0, 0
L -74, 784, -16, -74, 782, -16, 0, 0, 0
L -74, 782, -16, -71, 782, -16, 0, 0, 0
L -71, 782, -16, -71, 774, -16, 0, 0, 0
L -71, 774, -16, -74, 774, -16, 0, 0, 0
L -74, 774, -16, -74, 772, -16, 0, 0, 0
L -74, 772, -16, -71, 772, -16, 0, 0, 0
L -71, 772, -16, -71, 764, -16, 0, 0, 0
L -71, 764, -16, -74, 764, -16, 0, 0, 0
L -74, 764, -16, -74, 759, -16, 0, 0, 0
L -74, 759, -16, -69, 759, -16, 0, 0, 0
L -69, 759, -16, -69, 747, -16, 0, 0, 0
L -69, 747, -16, -74, 747, -16, 0, 0, 0
L -74, 747, -16, -74, 742, -16, 0, 0, 0
L -74, 742, -16, -71, 742, -16, 0, 0, 0
L -71, 742, -16, -71, 734, -16, 0, 0, 0
L -74, 734, -16, -71, 734, -16, 0, 0, 0
L -74, 734, -16, -74, 732, -16, 0, 0, 0
L -74, 732, -16, -71, 732, -16, 0, 0, 0
L -71, 724, -16, -71, 732, -16, 0, 0, 0
L -71, 724, -16, -74, 724, -16, 0, 0, 0
L -74, 724, -16, -74, 719, -16, 0, 0, 0
L -74, 719, -16, -69, 719, -16, 0, 0, 0
L -69, 719, -16, -69, 709, -16, 0, 0, 0
L -69, 709, -16, -59, 709, -16, 0, 0, 0
L -59, 709, -16, -59, 704, -16, 0, 0, 0
L -59, 704, -16, -56, 704, -16, 0, 0, 0
L -56, 704, -16, -56, 710, -16, 0, 0, 0
L -56, 710, -16, -49, 710, -16, 0, 0, 0
L -49, 710, -16, -49, 691, -16, 0, 0, 0
L -54, 625, -1, -48, 625, -1, 0, 0, 0
L -41, 691, -16, -35, 691, -16, 0, 0, 0
L -41, 691, -16, -41, 710, -16, 0, 0, 0
L -35, 691, -16, -35, 625, -14, 0, 0, 0
L -35, 625, -1, -41, 625, -1, 0, 0, 0
L -41, 625, -1, -41, 606, -1, 0, 0, 0
L -41, 606, -1, -34, 606, -1, 0, 0, 0
L -34, 606, -1, -34, 610, -1, 0, 0, 0
L -34, 610, -1, -32, 610, -1, 0, 0, 0
L -32, 610, -1, -29, 606, -1, 0, 0, 0
L -29, 606, -1, -22, 606, -1, 0, 0, 0
L -22, 606, -1, -18, 610, -1, 0, 0, 0
L -18, 610, -1, 2, 610, -1, 0, 0, 0
L 2, 610, -1, 2, 609, -1, 0, 0, 0
L 2, 609, -1, -2, 609, -1, 0, 0, 0
L -2, 609, -1, -2, 602, -1, 0, 0, 0
L -2, 602, -1, 17, 602, -1, 0, 0, 0
L 17, 594, -1, -2, 594, -1, 0, 0, 0
L -2, 594, -1, -2, 589, -1, 0, 0, 0
L -41, 710, -16, -34, 710, -16, 0, 0, 0
L -34, 710, -16, -34, 704, -16, 0, 0, 0
L -34, 704, -16, -31, 704, -16, 0, 0, 0
L -31, 704, -16, -31, 709, -16, 0, 0, 0
L -31, 709, -16, -21, 709, -16, 0, 0, 0
L -21, 709, -16, -21, 719, -16, 0, 0, 0
L -21, 719, -16, -16, 719, -16, 0, 0, 0
L -16, 719, -16, -16, 724, -16, 0, 0, 0
L -16, 724, -16, -19, 724, -16, 0, 0, 0
L -19, 724, -16, -19, 732, -16, 0, 0, 0
L -11, 789, -16, -11, 784, -16, 0, 0, 0
L -11, 784, -16, -19, 784, -16, 0, 0, 0
L -19, 784, -16, -19, 774, -16, 0, 0, 0
L -19, 774, -16, -16, 774, -16, 0, 0, 0
L -16, 774, -16, -16, 772, -16, 0, 0, 0
L -16, 772, -16, -19, 772, -16, 0, 0, 0
L -19, 772, -16, -19, 764, -16, 0, 0, 0
L -19, 764, -16, -16, 764, -16, 0, 0, 0
L -16, 764, -16, -16, 759, -16, 0, 0, 0
L -16, 759, -16, -21, 759, -16, 0, 0, 0
L -21, 759, -16, -21, 747, -16, 0, 0, 0
L -21, 747, -16, -16, 747, -16, 0, 0, 0
L -16, 747, -16, -16, 742, -16, 0, 0, 0
L -16, 742, -16, -19, 742, -16, 0, 0, 0
L -19, 735, -16, -19, 742, -16, 0, 0, 0
L -19, 735, -16, -16, 734, -16, 0, 0, 0
L -16, 734, -16, -16, 732, -16, 0, 0, 0
L -16, 732, -16, -19, 732, -16, 0, 0, 0
L -196, 789, -24, -196, 784, -24, 0, 0, 0
L -196, 784, -24, -204, 784, -24, 0, 0, 0
L -204, 784, -26, -204, 789, -26, 0, 0, 0
L -204, 789, -26, -216, 789, -26, 0, 0, 0
L -216, 789, -26, -216, 784, -26, 0, 0, 0
L -216, 784, -26, -224, 784, -26, 0, 0, 0
L -224, 784, -28, -224, 790, -28, 0, 0, 0
L -224, 790, -28, -236, 789, -28, 0, 0, 0
L -236, 789, -28, -236, 784, -28, 0, 0, 0
L -236, 784, -28, -244, 784, -28, 0, 0, 0
L -244, 784, -30, -244, 789, -30, 0, 0, 0
L -244, 789, -30, -256, 789, -30, 0, 0, 0
L -256, 789, -30, -256, 784, -30, 0, 0, 0
L -256, 784, -30, -264, 784, -30, 0, 0, 0
L -264, 784, -32, -264, 789, -32, 0, 0, 0
L -264, 789, -32, -276, 789, -32, 0, 0, 0
L -276, 789, -32, -276, 784, -32, 0, 0, 0
L -276, 784, -32, -284, 784, -32, 0, 0, 0
L -284, 784, -34, -284, 789, -34, 0, 0, 0
L -124, 842, -18, -124, 837, -18, 0, 0, 0
L -124, 837, -18, -136, 837, -18, 0, 0, 0
L -136, 842, -18, -136, 837, -18, 0, 0, 0
L -136, 842, -18, -144, 842, -18, 0, 0, 0
L -144, 842, -20, -144, 837, -20, 0, 0, 0
L -144, 837, -20, -156, 837, -20, 0, 0, 0
L -156, 837, -20, -156, 842, -20, 0, 0, 0
L -156, 842, -20, -164, 842, -20, 0, 0, 0
L -164, 842, -22, -164, 837, -22, 0, 0, 0
L -164, 837, -22, -176, 837, -22, 0, 0, 0
L -176, 837, -22, -176, 842, -22, 0, 0, 0
L -176, 842, -22, -183, 842, -22, 0, 0, 0
L -184, 836, -24, -183, 842, -24, 0, 0, 0
L -184, 836, -24, -196, 837, -24, 0, 0, 0
L -196, 837, -24, -196, 842, -24, 0, 0, 0
L -196, 842, -24, -204, 842, -24, 0, 0, 0
L -204, 842, -26, -204, 837, -26, 0, 0, 0
L -204, 837, -26, -216, 837, -26, 0, 0, 0
L -216, 837, -26, -216, 842, -26, 0, 0, 0
L -216, 842, -26, -224, 842, -26, 0, 0, 0
L -224, 842, -28, -224, 837, -28, 0, 0, 0
L -224, 837, -28, -236, 837, -28, 0, 0, 0
L -236, 837, -28, -236, 842, -28, 0, 0, 0
L -236, 842, -28, -244, 842, -28, 0, 0, 0
L -244, 842, -30, -244, 837, -30, 0, 0, 0
L -244, 837, -30, -256, 837, -30, 0, 0, 0
L -256, 837, -30, -256, 842, -30, 0, 0, 0
L -256, 842, -30, -264, 842, -30, 0, 0, 0
L -264, 842, -32, -264, 837, -32, 0, 0, 0
L -264, 837, -32, -276, 837, -32, 0, 0, 0
L -276, 837, -32, -276, 842, -32, 0, 0, 0
L -276, 842, -32, -284, 842, -32, 0, 0, 0
L -284, 842, -34, -284, 837, -34, 0, 0, 0
L -284, 837, -34, -296, 837, -34, 0, 0, 0
L -296, 837, -34, -296, 842, -34, 0, 0, 0
L -296, 842, -34, -304, 842, -34, 0, 0, 0
L -139, 431, -16, -146, 431, -16, 0, 0, 0
L -146, 431, -16, -146, 435, -16, 0, 0, 0
L -146, 435, -16, -148, 435, -16, 0, 0, 0
L -148, 435, -16, -151, 431, -16, 0, 0, 0
L -151, 431, -16, -158, 431, -16, 0, 0, 0
L -158, 431, -16, -162, 435, -16, 0, 0, 0
L -162, 435, -16, -168, 435, -16, 0, 0, 0
L -168, 435, -16, -172, 431, -16, 0, 0, 0
L -172, 431, -16, -178, 431, -16, 0, 0, 0
L -178, 431, -16, -182, 435, -16, 0, 0, 0
L -182, 435, -16, -188, 436, -16, 0, 0, 0
L -192, 431, -16, -188, 436, -16, 0, 0, 0
L -192, 431, -16, -198, 431, -16, 0, 0, 0
L -198, 431, -16, -202, 435, -16, 0, 0, 0
L -202, 435, -16, -208, 436, -16, 0, 0, 0
L -208, 436, -16, -211, 431, -16, 0, 0, 0
L -214, 431, -16, -219, 431, -16, 0, 0, 0
L -211, 431, -16, -215, 431, -16, 0, 0, 0
L -222, 435, -16, -219, 431, -16, 0, 0, 0
L -222, 435, -16, -229, 436, -16, 0, 0, 0
L -229, 436, -16, -231, 431, -15, 0, 0, 0
L -231, 431, -16, -238, 431, -16, 0, 0, 0
L -238, 431, -16, -242, 435, -16, 0, 0, 0
L -248, 435, -16, -242, 435, -16, 0, 0, 0
L -248, 435, -16, -252, 431, -16, 0, 0, 0
L -252, 431, -16, -259, 431, -16, 0, 0, 0
L -259, 431, -16, -262, 435, -16, 0, 0, 0
L -262, 435, -16, -268, 435, -16, 0, 0, 0
L -268, 435, -16, -271, 431, -16, 0, 0, 0
L -279, 431, -16, -271, 431, -16, 0, 0, 0
L -282, 435, -16, -279, 431, -16, 0, 0, 0
L -288, 436, -16, -282, 435, -16, 0, 0, 0
L -288, 436, -16, -291, 431, -16, 0, 0, 0
L -298, 431, -16, -291, 431, -16, 0, 0, 0
L -298, 431, -16, -298, 425, -16, 0, 0, 0
L -298, 425, -16, -302, 421, -16, 0, 0, 0
L -302, 421, -16, -302, 415, -16, 0, 0, 0
L -302, 415, -16, -298, 412, -16, 0, 0, 0
L -298, 412, -16, -298, 405, -16, 0, 0, 0
L -298, 405, -16, -302, 401, -16, 0, 0, 0
L -302, 401, -16, -302, 395, -16, 0, 0, 0
L -302, 395, -16, -298, 391, -16, 0, 0, 0
L -298, 385, -16, -298, 391, -16, 0, 0, 0
L -298, 385, -16, -302, 381, -16, 0, 0, 0
L -302, 381, -16, -302, 375, -16, 0, 0, 0
L -302, 375, -16, -298, 372, -16, 0, 0, 0
L -298, 372, -16, -298, 365, -16, 0, 0, 0
L -298, 365, -16, -302, 361, -16, 0, 0, 0
L -302, 361, -16, -302, 355, -16, 0, 0, 0
L -302, 355, -16, -298, 352, -16, 0, 0, 0
L -298, 345, -16, -298, 352, -16, 0, 0, 0
L -298, 345, -16, -302, 341, -16, 0, 0, 0
L -302, 341, -16, -302, 335, -16, 0, 0, 0
L -302, 335, -16, -298, 332, -16, 0, 0, 0
L -298, 332, -16, -298, 325, -16, 0, 0, 0
L -302, 321, -16, -298, 325, -16, 0, 0, 0
L -302, 321, -16, -302, 315, -16, 0, 0, 0
L -302, 315, -16, -298, 311, -16, 0, 0, 0
L -298, 311, -16, -298, 304, -16, 0, 0, 0
L -298, 304, -16, -302, 301, -16, 0, 0, 0
L -302, 301, -16, -302, 295, -16, 0, 0, 0
L -302, 295, -16, -298, 292, -16, 0, 0, 0
L -298, 292, -16, -298, 285, -16, 0, 0, 0
L -298, 285, -16, -302, 281, -16, 0, 0, 0
L -302, 281, -16, -303, 275, -16, 0, 0, 0
L -303, 275, -16, -298, 271, -16, 0, 0, 0
L -298, 271, -16, -298, 265, -16, 0, 0, 0
L -298, 265, -16, -292, 265, -16, 0, 0, 0
L -292, 265, -16, -288, 261, -16, 0, 0, 0
L -282, 261, -16, -288, 261, -16, 0, 0, 0
L -282, 261, -16, -279, 265, -16, 0, 0, 0
L -279, 265, -16, -272, 265, -16, 0, 0, 0
L -272, 265, -16, -268, 261, -16, 0, 0, 0
L -268, 261, -16, -262, 261, -16, 0, 0, 0
L -262, 261, -16, -259, 265, -16, 0, 0, 0
L -259, 265, -16, -251, 265, -16, 0, 0, 0
L -251, 265, -16, -248, 261, -16, 0, 0, 0
L -248, 261, -16, -242, 260, -16, 0, 0, 0
L -242, 260, -16, -239, 265, -16, 0, 0, 0
L -239, 265, -16, -232, 265, -16, 0, 0, 0
L -232, 265, -16, -228, 261, -16, 0, 0, 0
L -228, 261, -16, -222, 261, -16, 0, 0, 0
L -222, 261, -16, -219, 265, -16, 0, 0, 0
L -211, 265, -16, -219, 265, -16, 0, 0, 0
L -208, 261, -16, -211, 265, -16, 0, 0, 0
L -202, 261, -16, -208, 261, -16, 0, 0, 0
L -202, 261, -16, -199, 265, -16, 0, 0, 0
L -192, 265, -16, -199, 265, -16, 0, 0, 0
L -192, 265, -16, -188, 261, -16, 0, 0, 0
L -188, 261, -16, -182, 261, -16, 0, 0, 0
L -179, 265, -16, -182, 261, -16, 0, 0, 0
L -172, 265, -16, -179, 265, -16, 0, 0, 0
L -168, 261, -16, -172, 265, -16, 0, 0, 0
L -162, 261, -16, -168, 261, -16, 0, 0, 0
L -162, 261, -16, -159, 265, -16, 0, 0, 0
L -159, 265, -16, -151, 265, -16, 0, 0, 0
L -151, 265, -16, -148, 261, -16, 0, 0, 0
L -142, 261, -16, -139, 265, -16, 0, 0, 0
L -148, 261, -16, -142, 261, -16, 0, 0, 0
L -132, 265, -16, -139, 265, -16, 0, 0, 0
L -132, 265, -16, -128, 261, -16, 0, 0, 0
L -128, 261, -16, -122, 260, -16, 0, 0, 0
L -122, 260, -16, -118, 265, -16, 0, 0, 0
L -118, 265, -16, -112, 265, -16, 0, 0, 0
L -112, 265, -16, -108, 261, -16, 0, 0, 0
L -108, 261, -16, -102, 261, -16, 0, 0, 0
L -102, 261, -16, -99, 265, -16, 0, 0, 0
L -99, 265, -16, -92, 265, -16, 0, 0, 0
L -92, 265, -16, -88, 261, -16, 0, 0, 0
L -88, 261, -16, -82, 261, -16, 0, 0, 0
L -82, 261, -16, -79, 265, -16, 0, 0, 0
L -79, 265, -16, -72, 265, -16, 0, 0, 0
L -72, 265, -16, -72, 271, -16, 0, 0, 0
L -72, 271, -16, -68, 275, -16, 0, 0, 0
L -68, 275, -16, -68, 281, -16, 0, 0, 0
L -68, 281, -16, -72, 284, -16, 0, 0, 0
L -72, 284, -16, -72, 292, -16, 0, 0, 0
L -68, 295, -16, -72, 292, -16, 0, 0, 0
L -68, 295, -16, -68, 301, -16, 0, 0, 0
L -68, 301, -16, -72, 304, -16, 0, 0, 0
L -72, 304, -16, -72, 311, -16, 0, 0, 0
L -72, 311, -16, -68, 315, -16, 0, 0, 0
L -68, 315, -16, -67, 321, -16, 0, 0, 0
L -67, 321, -16, -72, 325, -16, 0, 0, 0
L -72, 325, -16, -72, 332, -16, 0, 0, 0
L -72, 332, -16, -68, 335, -16, 0, 0, 0
L -68, 335, -16, -68, 341, -16, 0, 0, 0
L -68, 341, -16, -72, 344, -16, 0, 0, 0
L -72, 344, -16, -72, 351, -16, 0, 0, 0
L -72, 351, -16, -68, 355, -16, 0, 0, 0
L -68, 361, -16, -68, 355, -16, 0, 0, 0
L -68, 361, -16, -72, 364, -16, 0, 0, 0
L -72, 372, -16, -72, 364, -16, 0, 0, 0
L -72, 372, -16, -68, 375, -16, 0, 0, 0
L -68, 375, -16, -68, 381, -16, 0, 0, 0
L -68, 381, -16, -72, 384, -16, 0, 0, 0
L -72, 391, -16, -72, 384, -16, 0, 0, 0
L -72, 391, -16, -68, 395, -16, 0, 0, 0
L -68, 401, -16, -68, 395, -16, 0, 0, 0
L -68, 401, -16, -72, 404, -16, 0, 0, 0
L -72, 404, -16, -72, 412, -16, 0, 0, 0
L -72, 412, -16, -68, 415, -16, 0, 0, 0
L -68, 422, -16, -68, 415, -16, 0, 0, 0
L -68, 422, -16, -72, 424, -16, 0, 0, 0
L -72, 424, -16, -72, 431, -16, 0, 0, 0
L -72, 431, -16, -79, 431, -16, 0, 0, 0
L -79, 431, -16, -82, 435, -16, 0, 0, 0
L -82, 435, -16, -88, 435, -16, 0, 0, 0
L -88, 435, -16, -92, 431, -16, 0, 0, 0
L -92, 431, -16, -98, 431, -16, 0, 0, 0
L -98, 431, -16, -102, 435, -16, 0, 0, 0
L -108, 435, -16, -102, 435, -16, 0, 0, 0
L -108, 435, -16, -112, 431, -16, 0, 0, 0
L -112, 431, -16, -118, 431, -16, 0, 0, 0
L -118, 431, -16, -122, 435, -16, 0, 0, 0
L -122, 435, -16, -124, 435, -16, 0, 0, 0
L -124, 435, -16, -124, 431, -16, 0, 0, 0
L -124, 431, -16, -131, 431, -16, 0, 0, 0
L -131, 431, -16, -131, 450, -16, 0, 0, 0
L -139, 450, -16, -139, 431, -16, 0, 0, 0
L -146, 450, -16, -139, 450, -16, 0, 0, 0
L -131, 450, -16, -124, 450, -16, 0, 0, 0
L -122, 341, -16, -118, 344, -16, 0, 0, 0
L -118, 344, -16, -118, 352, -16, 0, 0, 0
L -118, 352, -16, -122, 355, -16, 0, 0, 0
L -122, 355, -16, -122, 360, -16, 0, 0, 0
L -128, 361, -16, -122, 360, -16, 0, 0, 0
L -128, 361, -16, -131, 365, -16, 0, 0, 0
L -131, 365, -16, -138, 365, -16, 0, 0, 0
L -138, 365, -16, -142, 361, -16, 0, 0, 0
L -142, 361, -16, -148, 361, -16, 0, 0, 0
L -148, 355, -16, -148, 361, -16, 0, 0, 0
L -148, 355, -16, -152, 351, -16, 0, 0, 0
L -152, 344, -16, -152, 351, -16, 0, 0, 0
L -152, 344, -16, -148, 342, -16, 0, 0, 0
L -148, 342, -16, -147, 335, -16, 0, 0, 0
L -142, 335, -16, -147, 335, -16, 0, 0, 0
L -142, 335, -16, -138, 331, -16, 0, 0, 0
L -138, 331, -16, -132, 331, -16, 0, 0, 0
L -132, 331, -16, -128, 335, -16, 0, 0, 0
L -128, 335, -16, -122, 335, -16, 0, 0, 0
L -122, 335, -16, -122, 341, -16, 0, 0, 0
L -218, 351, -16, -218, 345, -16, 0, 0, 0
L -222, 341, -16, -218, 345, -16, 0, 0, 0
L -222, 341, -16, -222, 335, -16, 0, 0, 0
L -222, 335, -16, -228, 335, -16, 0, 0, 0
L -228, 335, -16, -231, 331, -16, 0, 0, 0
L -238, 331, -16, -231, 331, -16, 0, 0, 0
L -238, 331, -16, -242, 335, -16, 0, 0, 0
L -242, 335, -16, -248, 335, -16, 0, 0, 0
L -248, 335, -16, -248, 341, -16, 0, 0, 0
L -248, 341, -16, -252, 344, -16, 0, 0, 0
L -252, 344, -16, -252, 351, -16, 0, 0, 0
L -252, 351, -16, -248, 355, -16, 0, 0, 0
L -248, 355, -16, -248, 361, -16, 0, 0, 0
L -248, 361, -16, -242, 361, -16, 0, 0, 0
L -242, 361, -16, -239, 365, -16, 0, 0, 0
L -231, 365, -16, -239, 365, -16, 0, 0, 0
L -231, 365, -16, -228, 361, -16, 0, 0, 0
L -228, 361, -16, -222, 361, -16, 0, 0, 0
L -222, 361, -16, -222, 355, -16, 0, 0, 0
L -222, 355, -16, -218, 351, -16, 0, 0, 0
L -146, 450, -16, -146, 446, -16, 0, 0, 0
L -146, 446, -16, -148, 446, -16, 0, 0, 0
L -148, 446, -16, -152, 450, -16, 0, 0, 0
L -152, 450, -16, -157, 450, -16, 0, 0, 0
L -157, 450, -16, -158, 451, -16, 0, 0, 0
L -158, 451, -16, -158, 456, -16, 0, 0, 0
L -162, 460, -16, -158, 456, -16, 0, 0, 0
L -162, 460, -16, -162, 466, -16, 0, 0, 0
L -162, 466, -16, -158, 469, -16, 0, 0, 0
L -158, 469, -16, -158, 477, -16, 0, 0, 0
L -158, 477, -16, -162, 480, -16, 0, 0, 0
L -162, 480, -16, -162, 486, -16, 0, 0, 0
L -162, 486, -16, -158, 490, -16, 0, 0, 0
L -158, 490, -16, -158, 495, -16, 0, 0, 0
L -157, 496, -16, -158, 495, -16, 0, 0, 0
L -157, 496, -16, -151, 496, -16, 0, 0, 0
L -151, 496, -16, -148, 500, -16, 0, 0, 0
L -148, 500, -16, -142, 500, -16, 0, 0, 0
L -142, 500, -16, -138, 496, -16, 0, 0, 0
L -138, 496, -16, -132, 496, -16, 0, 0, 0
L -132, 496, -16, -128, 500, -16, 0, 0, 0
L -128, 500, -16, -122, 500, -16, 0, 0, 0
L -122, 500, -16, -119, 496, -16, 0, 0, 0
L -119, 496, -16, -112, 496, -16, 0, 0, 0
L -112, 496, -16, -108, 500, -16, 0, 0, 0
L -108, 500, -16, -102, 500, -16, 0, 0, 0
L -102, 500, -16, -98, 496, -16, 0, 0, 0
L -98, 496, -16, -91, 496, -16, 0, 0, 0
L -91, 496, -16, -88, 500, -16, 0, 0, 0
L -88, 500, -16, -82, 500, -16, 0, 0, 0
L -82, 500, -16, -79, 496, -16, 0, 0, 0
L -80, 498, -16, -80, 497, -16, 0, 0, 0
L -79, 496, -16, -73, 496, -16, 0, 0, 0
L -73, 496, -16, -72, 495, -16, 0, 0, 0
L -72, 495, -16, -72, 490, -16, 0, 0, 0
L -72, 490, -16, -68, 486, -16, 0, 0, 0
L -68, 486, -16, -68, 484, -16, 0, 0, 0
L -68, 484, -16, -72, 484, -16, 0, 0, 0
L -72, 484, -16, -72, 477, -16, 0, 0, 0
L -72, 477, -16, -53, 477, -16, 0, 0, 0
L -53, 469, -16, -72, 469, -16, 0, 0, 0
L -72, 469, -16, -72, 462, -16, 0, 0, 0
L -124, 450, -16, -124, 446, -16, 0, 0, 0
L -124, 446, -16, -122, 446, -16, 0, 0, 0
L -122, 446, -16, -119, 450, -16, 0, 0, 0
L -119, 450, -16, -111, 450, -16, 0, 0, 0
L -111, 450, -16, -108, 446, -16, 0, 0, 0
L -108, 446, -16, -102, 446, -16, 0, 0, 0
L -102, 446, -16, -99, 450, -16, 0, 0, 0
L -99, 450, -16, -92, 450, -16, 0, 0, 0
L -92, 450, -16, -88, 446, -16, 0, 0, 0
L -88, 446, -16, -82, 446, -16, 0, 0, 0
L -82, 446, -16, -79, 450, -16, 0, 0, 0
L -79, 450, -16, -73, 450, -16, 0, 0, 0
L -73, 450, -16, -72, 451, -16, 0, 0, 0
L -72, 451, -16, -72, 456, -16, 0, 0, 0
L -72, 456, -16, -68, 460, -16, 0, 0, 0
L -68, 460, -16, -68, 462, -16, 0, 0, 0
L -72, 462, -16, -68, 462, -16, 0, 0, 0
L -53, 463, -16, -53, 469, -16, 0, 0, 0
L -53, 463, -16, 13, 463, -16, 0, 0, 0
L 13, 469, -1, 13, 463, -1, 0, 0, 0
L 32, 469, -1, 13, 469, -1, 0, 0, 0
L 32, 477, -1, 13, 477, -1, 0, 0, 0
L -53, 483, -16, -53, 477, -16, 0, 0, 0
L -53, 483, -9, 13, 483, -8, 0, 0, 0
L 13, 483, -1, 13, 477, -1, 0, 0, 0
L 32, 477, -1, 32, 484, -1, 0, 0, 0
L -12, 76, -1, -4, 73, -1, 0, 0, 0
L -4, 73, -1, -4, 90, -1, 0, 0, 0
L -63, 25, -1, -70, 27, -1, 0, 0, 0
L -68, 11, -1, -62, 26, -1, 127, 64, 0
L -67, 15, -1, -73, 17, -1, 0, 0, 0
L -44, -52, -1, -48, -58, -1, 0, 0, 0
L -33, -61, -1, -44, -52, -1, 127, 64, 0
L -35, -59, -1, -39, -65, -1, 0, 0, 0
L 38, -58, -1, 41, -62, -1, 0, 0, 0
L 45, -53, -1, 49, -58, -1, 0, 0, 0
L 46, -51, -1, 38, -58, 0, 127, 64, 0
L 75, -38, -1, 84, -11, -1, 0, 0, 0
L 67, 17, -1, 73, 19, -1, 0, 0, 0
L 62, 28, -1, 67, 16, -1, 127, 64, 0
L 63, 26, -1, 70, 28, -1, 0, 0, 0
L 35, 77, -1, 20, 77, -1, 0, 0, 0
L 4, 74, -1, 4, 90, -1, 0, 0, 0
L 4, 74, -1, 20, 77, -1, 0, 0, 0
L -3, 9, -10, -8, 5, -10, 0, 0, 0
L -10, -1, -10, -8, 6, -10, 127, 64, 0
L -6, 9, -10, 4, 9, -10, 127, 64, 0
L 4, 9, -11, 7, 7, -11, 0, 0, 0
L 7, 7, -10, 9, -1, -10, 127, 64, 0
L 10, -2, -11, 9, -6, -10, 0, 0, 0
L 9, -5, -11, 2, -11, -10, 127, 64, 0
L 3, -10, -10, -2, -10, -10, 0, 0, 0
L -2, -10, -10, -11, -5, -10, 127, 64, 0
L -8, -7, -11, -10, -1, -11, 0, 0, 0
L -8, 6, -11, -62, 26, -11, 127, 64, 0
L -10, -1, -11, -68, 11, -11, 127, 64, 0
L -11, -5, -11, -42, -54, -11, 127, 64, 0
L -2, -10, -11, -33, -61, -11, 127, 64, 0
L 2, -11, -11, 41, -56, -11, 127, 64, 0
L 9, -5, -11, 46, -51, -10, 127, 64, 0
L 7, 7, -11, 62, 28, -9, 127, 64, 0
L 9, -1, -11, 67, 16, -11, 127, 64, 0
L 4, 9, -11, 5, 52, -11, 127, 64, 0
L -6, 9, -11, -4, 52, -11, 127, 64, 0
L -4, 52, -1, 5, 52, -1, 127, 64, 0
L 5, 52, -1, 38, 52, -1, 0, 0, 0
L 38, 52, -1, 47, 22, -1, 0, 0, 0
L 51, 11, -1, 62, -19, -1, 0, 0, 0
L 62, -19, -1, 36, -39, -1, 0, 0, 0
