L -414, -166, -152, -396, -143, -151, 0, 0, 0
L -431, -180, -150, -414, -166, -152, 0, 0, 0
L -451, -177, -135, -431, -180, -150, 0, 0, 0
L -503, -173, -134, -451, -177, -135, 0, 0, 0
L -525, -155, -155, -503, -173, -134, 0, 0, 0
L -533, -149, -170, -525, -155, -155, 0, 0, 0
L -563, -132, -181, -533, -149, -170, 0, 0, 0
L -569, -132, -183, -563, -132, -181, 0, 0, 0
L -583, -134, -191, -569, -132, -183, 0, 0, 0
L -587, -139, -184, -583, -134, -191, 0, 0, 0
L -598, -137, -177, -587, -139, -184, 0, 0, 0
L -607, -134, -178, -598, -137, -177, 0, 0, 0
L -615, -122, -172, -607, -134, -178, 0, 0, 0
L -627, -111, -172, -615, -122, -172, 0, 0, 0
L -649, -105, -175, -627, -111, -172, 0, 0, 0
L -669, -108, -176, -649, -105, -175, 0, 0, 0
L -684, -119, -175, -669, -108, -176, 0, 0, 0
L -696, -138, -174, -684, -119, -175, 0, 0, 0
L -699, -155, -173, -696, -138, -174, 0, 0, 0
L -696, -176, -172, -699, -155, -173, 0, 0, 0
L -688, -197, -168, -696, -176, -172, 0, 0, 0
L -675, -220, -161, -688, -197, -168, 0, 0, 0
L -670, -234, -155, -675, -220, -161, 0, 0, 0
L -672, -246, -148, -670, -234, -155, 0, 0, 0
L -680, -258, -144, -672, -246, -148, 0, 0, 0
L -693, -267, -144, -680, -258, -144, 0, 0, 0
L -709, -268, -138, -693, -267, -144, 0, 0, 0
L -737, -251, -144, -709, -268, -138, 0, 0, 0
L -754, -245, -151, -737, -251, -144, 0, 0, 0
L -759, -240, -155, -754, -245, -151, 0, 0, 0
L -760, -234, -158, -759, -240, -155, 0, 0, 0
L -755, -224, -156, -760, -234, -158, 0, 0, 0
L -764, -208, -160, -755, -224, -156, 0, 0, 0
L -785, -189, -155, -764, -208, -160, 0, 0, 0
L -816, -174, -133, -785, -189, -155, 0, 0, 0
L -845, -167, -125, -816, -174, -133, 0, 0, 0
L -870, -161, -142, -845, -167, -125, 0, 0, 0
L -895, -154, -159, -870, -161, -142, 0, 0, 0
L -907, -139, -162, -895, -154, -159, 0, 0, 0
L -910, -120, -163, -907, -139, -162, 0, 0, 0
L -910, -90, -162, -910, -120, -163, 0, 0, 0
L -903, -82, -161, -910, -90, -162, 0, 0, 0
L -886, -64, -160, -903, -82, -161, 0, 0, 0
L -862, -57, -159, -886, -64, -160, 0, 0, 0
L -842, -50, -166, -862, -57, -159, 0, 0, 0
L -815, -24, -159, -842, -50, -166, 0, 0, 0
L -825, 6, -162, -815, -24, -159, 0, 0, 0
L -828, 11, -161, -825, 6, -162, 0, 0, 0
L -854, 21, -162, -828, 11, -161, 0, 0, 0
L -884, 45, -164, -854, 21, -162, 0, 0, 0
L -908, 65, -165, -884, 45, -164, 0, 0, 0
L -920, 79, -169, -908, 65, -165, 0, 0, 0
L -927, 91, -173, -920, 79, -169, 0, 0, 0
L -922, 95, -173, -927, 91, -173, 0, 0, 0
L -935, 94, -175, -922, 95, -173, 0, 0, 0
L -940, 99, -174, -935, 94, -175, 0, 0, 0
L -955, 119, -171, -940, 99, -174, 0, 0, 0
L -961, 135, -171, -955, 119, -171, 0, 0, 0
L -964, 160, -173, -961, 135, -171, 0, 0, 0
L -963, 179, -171, -964, 160, -173, 0, 0, 0
L -954, 211, -171, -963, 179, -171, 0, 0, 0
L -948, 220, -173, -954, 211, -171, 0, 0, 0
L -933, 232, -176, -948, 220, -173, 0, 0, 0
L -923, 230, -175, -933, 232, -176, 0, 0, 0
L -925, 245, -175, -923, 230, -175, 0, 0, 0
L -916, 255, -175, -925, 245, -175, 0, 0, 0
L -886, 287, -170, -916, 255, -175, 0, 0, 0
L -854, 318, -155, -886, 287, -170, 0, 0, 0
L -835, 330, -145, -854, 318, -155, 0, 0, 0
L -812, 364, -156, -835, 330, -145, 0, 0, 0
L -791, 386, -153, -812, 364, -156, 0, 0, 0
L -776, 402, -155, -791, 386, -153, 0, 0, 0
L -770, 417, -159, -776, 402, -155, 0, 0, 0
L -760, 438, -160, -770, 417, -159, 0, 0, 0
L -771, 446, -161, -760, 438, -160, 0, 0, 0
L -780, 457, -150, -771, 446, -161, 0, 0, 0
L -782, 464, -151, -780, 457, -150, 0, 0, 0
L -772, 473, -144, -782, 464, -151, 0, 0, 0
L -762, 483, -139, -772, 473, -144, 0, 0, 0
L -749, 492, -141, -762, 483, -139, 0, 0, 0
L -729, 487, -143, -749, 492, -141, 0, 0, 0
L -720, 479, -144, -729, 487, -143, 0, 0, 0
L -714, 470, -143, -720, 479, -144, 0, 0, 0
L -712, 456, -145, -714, 470, -143, 0, 0, 0
L -714, 444, -151, -712, 456, -145, 0, 0, 0
L -722, 429, -153, -714, 444, -151, 0, 0, 0
L -733, 413, -156, -722, 429, -153, 0, 0, 0
L -744, 393, -162, -733, 413, -156, 0, 0, 0
L -753, 371, -166, -744, 393, -162, 0, 0, 0
L -757, 351, -166, -753, 371, -166, 0, 0, 0
L -758, 325, -162, -757, 351, -166, 0, 0, 0
L -754, 300, -157, -758, 325, -162, 0, 0, 0
L -742, 281, -153, -754, 300, -157, 0, 0, 0
L -727, 270, -153, -742, 281, -153, 0, 0, 0
L -711, 265, -153, -727, 270, -153, 0, 0, 0
L -691, 267, -153, -711, 265, -153, 0, 0, 0
L -676, 277, -152, -691, 267, -153, 0, 0, 0
L -653, 297, -152, -676, 277, -152, 0, 0, 0
L -639, 315, -159, -653, 297, -152, 0, 0, 0
L -625, 324, -160, -639, 315, -159, 0, 0, 0
L -617, 331, -162, -625, 324, -160, 0, 0, 0
L -610, 332, -164, -617, 331, -162, 0, 0, 0
L -602, 328, -167, -610, 332, -164, 0, 0, 0
L -600, 325, -167, -602, 328, -167, 0, 0, 0
L -587, 322, -153, -600, 325, -167, 0, 0, 0
L -564, 324, -145, -587, 322, -153, 0, 0, 0
L -542, 332, -156, -564, 324, -145, 0, 0, 0
L -526, 341, -158, -542, 332, -156, 0, 0, 0
L -497, 355, -120, -526, 341, -158, 0, 0, 0
L -476, 371, -131, -497, 355, -120, 0, 0, 0
L -469, 384, -158, -476, 371, -131, 0, 0, 0
L -457, 405, -171, -469, 384, -158, 0, 0, 0
L -442, 392, -143, -457, 405, -171, 0, 0, 0
L -425, 387, -142, -442, 392, -143, 0, 0, 0
L -403, 384, -148, -425, 387, -142, 0, 0, 0
L -392, 370, -149, -403, 384, -148, 0, 0, 0
L -383, 346, -142, -392, 370, -149, 0, 0, 0
L -375, 317, -132, -383, 346, -142, 0, 0, 0
L -376, 282, -156, -375, 317, -132, 0, 0, 0
L -392, 257, -152, -376, 282, -156, 0, 0, 0
L -406, 241, -157, -392, 257, -152, 0, 0, 0
L -431, 218, -160, -406, 241, -157, 0, 0, 0
L -445, 195, -161, -431, 218, -160, 0, 0, 0
L -461, 165, -163, -445, 195, -161, 0, 0, 0
L -462, 140, -160, -461, 165, -163, 0, 0, 0
L -458, 107, -154, -462, 140, -160, 0, 0, 0
L -444, 86, -153, -458, 107, -154, 0, 0, 0
L -430, 69, -152, -444, 86, -153, 0, 0, 0
L -408, 48, -151, -430, 69, -152, 0, 0, 0
L -376, 25, -149, -408, 48, -151, 0, 0, 0
L -352, 9, -145, -376, 25, -149, 0, 0, 0
L -345, -8, -147, -352, 9, -145, 0, 0, 0
L -349, -21, -135, -345, -8, -147, 0, 0, 0
L -344, -39, -147, -349, -21, -135, 0, 0, 0
L -347, -62, -148, -344, -39, -147, 0, 0, 0
L -352, -82, -146, -347, -62, -148, 0, 0, 0
L -360, -96, -153, -352, -82, -146, 0, 0, 0
L -373, -118, -153, -360, -96, -153, 0, 0, 0
L -385, -129, -151, -373, -118, -153, 0, 0, 0
L -398, -145, -151, -385, -129, -151, 0, 0, 0
L -141, -247, -144, -135, -257, -144, 0, 0, 0
L -138, -241, -144, -141, -247, -144, 0, 0, 0
L -131, -239, -144, -138, -241, -144, 0, 0, 0
L -132, -224, -144, -131, -239, -144, 0, 0, 0
L -124, -213, -138, -132, -224, -144, 0, 0, 0
L -118, -214, -138, -124, -213, -138, 0, 0, 0
L -110, -222, -137, -118, -214, -138, 0, 0, 0
L -104, -232, -144, -110, -222, -137, 0, 0, 0
L -97, -243, -141, -104, -232, -144, 0, 0, 0
L -99, -251, -145, -97, -243, -141, 0, 0, 0
L -108, -257, -138, -99, -251, -145, 0, 0, 0
L -116, -263, -138, -108, -257, -138, 0, 0, 0
L -122, -268, -145, -116, -263, -138, 0, 0, 0
L -130, -267, -144, -122, -268, -145, 0, 0, 0
L -131, -260, -144, -130, -267, -144, 0, 0, 0
L -135, -257, -144, -131, -260, -144, 0, 0, 0
L -38, -549, -153, -38, -544, -153, 0, 0, 0
L -42, -550, -153, -38, -549, -153, 0, 0, 0
L -44, -557, -153, -42, -550, -153, 0, 0, 0
L -49, -564, -153, -44, -557, -153, 0, 0, 0
L -52, -564, -153, -49, -564, -153, 0, 0, 0
L -60, -562, -148, -52, -564, -153, 0, 0, 0
L -65, -561, -149, -60, -562, -148, 0, 0, 0
L -79, -563, -153, -65, -561, -149, 0, 0, 0
L -89, -557, -150, -79, -563, -153, 0, 0, 0
L -86, -548, -149, -89, -557, -150, 0, 0, 0
L -80, -543, -150, -86, -548, -149, 0, 0, 0
L -77, -536, -154, -80, -543, -150, 0, 0, 0
L -73, -528, -153, -77, -536, -154, 0, 0, 0
L -66, -525, -153, -73, -528, -153, 0, 0, 0
L -59, -528, -153, -66, -525, -153, 0, 0, 0
L -47, -533, -149, -59, -528, -153, 0, 0, 0
L -40, -537, -154, -47, -533, -149, 0, 0, 0
L -38, -544, -153, -40, -537, -154, 0, 0, 0
L 10, -355, -141, 15, -344, -140, 0, 0, 0
L -1, -369, -143, 10, -355, -141, 0, 0, 0
L -11, -371, -143, -1, -369, -143, 0, 0, 0
L -16, -390, -143, -11, -371, -143, 0, 0, 0
L -20, -392, -143, -16, -390, -143, 0, 0, 0
L -38, -397, -143, -20, -392, -143, 0, 0, 0
L -64, -388, -143, -38, -397, -143, 0, 0, 0
L -71, -376, -143, -64, -388, -143, 0, 0, 0
L -81, -352, -143, -71, -376, -143, 0, 0, 0
L -81, -340, -143, -81, -352, -143, 0, 0, 0
L -73, -293, -144, -81, -340, -143, 0, 0, 0
L -73, -277, -144, -73, -293, -144, 0, 0, 0
L -66, -262, -144, -73, -277, -144, 0, 0, 0
L -69, -235, -137, -66, -262, -144, 0, 0, 0
L -72, -226, -142, -69, -235, -137, 0, 0, 0
L -80, -207, -140, -72, -226, -142, 0, 0, 0
L -81, -193, -139, -80, -207, -140, 0, 0, 0
L -73, -180, -140, -81, -193, -139, 0, 0, 0
L -64, -167, -143, -73, -180, -140, 0, 0, 0
L -54, -167, -142, -64, -167, -143, 0, 0, 0
L -36, -166, -140, -54, -167, -142, 0, 0, 0
L -14, -175, -126, -36, -166, -140, 0, 0, 0
L -2, -179, -138, -14, -175, -126, 0, 0, 0
L 6, -193, -126, -2, -179, -138, 0, 0, 0
L 14, -204, -139, 6, -193, -126, 0, 0, 0
L 22, -226, -141, 14, -204, -139, 0, 0, 0
L 23, -234, -143, 22, -226, -141, 0, 0, 0
L 20, -246, -143, 23, -234, -143, 0, 0, 0
L 19, -262, -134, 20, -246, -143, 0, 0, 0
L 24, -274, -138, 19, -262, -134, 0, 0, 0
L 19, -338, -140, 24, -274, -138, 0, 0, 0
L 15, -345, -140, 19, -338, -140, 0, 0, 0
L 100, -255, -144, 101, -262, -144, 0, 0, 240
L 98, -252, -144, 100, -255, -144, 0, 0, 240
L 91, -249, -145, 98, -252, -144, 0, 0, 240
L 87, -250, -146, 91, -249, -145, 0, 0, 240
L 81, -254, -144, 87, -250, -146, 0, 0, 240
L 75, -262, -144, 81, -254, -144, 0, 0, 240
L 64, -282, -144, 75, -262, -144, 0, 0, 240
L 62, -289, -143, 64, -282, -144, 0, 0, 240
L 61, -302, -144, 62, -289, -143, 0, 0, 240
L 56, -315, -144, 61, -302, -144, 0, 0, 240
L 56, -319, -144, 56, -315, -144, 0, 0, 240
L 64, -332, -144, 56, -319, -144, 0, 0, 240
L 73, -339, -144, 64, -332, -144, 0, 0, 240
L 82, -343, -144, 73, -339, -144, 0, 0, 240
L 84, -347, -144, 82, -343, -144, 0, 0, 240
L 88, -351, -144, 84, -347, -144, 0, 0, 240
L 94, -349, -145, 88, -351, -144, 0, 0, 240
L 98, -345, -144, 94, -349, -145, 0, 0, 240
L 109, -331, -144, 98, -345, -144, 0, 0, 240
L 114, -319, -145, 109, -331, -144, 0, 0, 240
L 116, -311, -144, 114, -319, -145, 0, 0, 240
L 116, -299, -144, 116, -311, -144, 0, 0, 240
L 113, -287, -144, 116, -299, -144, 0, 0, 240
L 107, -275, -144, 113, -287, -144, 0, 0, 240
L 101, -262, -144, 107, -275, -144, 0, 0, 240
L 827, 166, -78, 819, 161, -89, 0, 0, 0
L 836, 161, -79, 827, 166, -78, 0, 0, 0
L 848, 160, -77, 836, 161, -79, 0, 0, 0
L 857, 159, -81, 848, 160, -77, 0, 0, 0
L 857, 146, -84, 857, 159, -81, 0, 0, 0
L 857, 133, -82, 857, 146, -84, 0, 0, 0
L 856, 126, -85, 857, 133, -82, 0, 0, 0
L 850, 123, -85, 856, 126, -85, 0, 0, 0
L 844, 125, -86, 850, 123, -85, 0, 0, 0
L 836, 125, -87, 844, 125, -86, 0, 0, 0
L 829, 127, -88, 836, 125, -87, 0, 0, 0
L 828, 130, -88, 829, 127, -88, 0, 0, 0
L 827, 137, -88, 828, 130, -88, 0, 0, 0
L 830, 140, -88, 827, 137, -88, 0, 0, 0
L 819, 153, -89, 830, 140, -88, 0, 0, 0
L 819, 161, -89, 819, 153, -89, 0, 0, 0
L 744, 6, -108, 741, 4, -108, 0, 0, 0
L 750, 10, -107, 744, 6, -108, 0, 0, 0
L 757, 17, -106, 750, 10, -107, 0, 0, 0
L 760, 19, -105, 757, 17, -106, 0, 0, 0
L 767, 17, -105, 760, 19, -105, 0, 0, 0
L 769, 11, -105, 767, 17, -105, 0, 0, 0
L 767, 5, -105, 769, 11, -105, 0, 0, 0
L 763, -2, -106, 767, 5, -105, 0, 0, 0
L 760, -10, -107, 763, -2, -106, 0, 0, 0
L 754, -10, -107, 760, -10, -107, 0, 0, 0
L 749, -5, -107, 754, -10, -107, 0, 0, 0
L 741, 4, -108, 749, -5, -107, 0, 0, 0
L 842, -84, -98, 849, -83, -97, 0, 0, 0
L 834, -82, -99, 842, -84, -98, 0, 0, 0
L 829, -77, -99, 834, -82, -99, 0, 0, 0
L 826, -72, -99, 829, -77, -99, 0, 0, 0
L 826, -67, -99, 826, -72, -99, 0, 0, 0
L 831, -60, -99, 826, -67, -99, 0, 0, 0
L 834, -58, -98, 831, -60, -99, 0, 0, 0
L 843, -59, -93, 834, -58, -98, 0, 0, 0
L 848, -60, -95, 843, -59, -93, 0, 0, 0
L 853, -62, -96, 848, -60, -95, 0, 0, 0
L 861, -65, -94, 853, -62, -96, 0, 0, 0
L 862, -73, -94, 861, -65, -94, 0, 0, 0
L 860, -76, -95, 862, -73, -94, 0, 0, 0
L 853, -77, -96, 860, -76, -95, 0, 0, 0
L 849, -83, -97, 853, -77, -96, 0, 0, 0
L 1185, 2, -58, 1181, -10, -63, 0, 0, 0
L 1189, 10, -63, 1185, 2, -58, 0, 0, 0
L 1194, 11, -63, 1189, 10, -63, 0, 0, 0
L 1199, 10, -63, 1194, 11, -63, 0, 0, 0
L 1207, 6, -63, 1199, 10, -63, 0, 0, 0
L 1216, -2, -56, 1207, 6, -63, 0, 0, 0
L 1214, -10, -54, 1216, -2, -56, 0, 0, 0
L 1212, -12, -52, 1214, -10, -54, 0, 0, 0
L 1216, -30, -54, 1212, -12, -52, 0, 0, 0
L 1218, -40, -58, 1216, -30, -54, 0, 0, 0
L 1204, -39, -59, 1218, -40, -58, 0, 0, 0
L 1197, -41, -63, 1204, -39, -59, 0, 0, 0
L 1192, -47, -63, 1197, -41, -63, 0, 0, 0
L 1183, -45, -63, 1192, -47, -63, 0, 0, 0
L 1177, -40, -63, 1183, -45, -63, 0, 0, 0
L 1166, -25, -63, 1177, -40, -63, 0, 0, 0
L 1174, -21, -63, 1166, -25, -63, 0, 0, 0
L 1177, -15, -63, 1174, -21, -63, 0, 0, 0
L 1184, -9, -54, 1177, -15, -63, 0, 0, 0
L 1108, -173, -63, 1110, -176, -63, 0, 0, 0
L 1111, -167, -63, 1108, -173, -63, 0, 0, 0
L 1118, -158, -63, 1111, -167, -63, 0, 0, 0
L 1124, -154, -63, 1118, -158, -63, 0, 0, 0
L 1131, -150, -63, 1124, -154, -63, 0, 0, 0
L 1133, -152, -63, 1131, -150, -63, 0, 0, 0
L 1141, -149, -63, 1133, -152, -63, 0, 0, 0
L 1142, -150, -63, 1141, -149, -63, 0, 0, 0
L 1147, -156, -55, 1142, -150, -63, 0, 0, 0
L 1144, -173, -63, 1147, -156, -55, 0, 0, 0
L 1134, -181, -63, 1144, -173, -63, 0, 0, 0
L 1127, -179, -63, 1134, -181, -63, 0, 0, 0
L 1116, -180, -63, 1127, -179, -63, 0, 0, 0
L 1110, -175, -63, 1116, -180, -63, 0, 0, 0
L 1156, -286, -53, 1149, -299, -61, 0, 0, 0
L 1165, -266, -60, 1156, -286, -53, 0, 0, 0
L 1177, -248, -60, 1165, -266, -60, 0, 0, 0
L 1194, -228, -60, 1177, -248, -60, 0, 0, 0
L 1203, -223, -60, 1194, -228, -60, 0, 0, 0
L 1200, -214, -63, 1203, -223, -60, 0, 0, 0
L 1198, -202, -63, 1200, -214, -63, 0, 0, 0
L 1198, -196, -63, 1198, -202, -63, 0, 0, 0
L 1204, -188, -63, 1198, -196, -63, 0, 0, 0
L 1214, -195, -63, 1204, -188, -63, 0, 0, 0
L 1227, -211, -60, 1214, -195, -63, 0, 0, 0
L 1255, -202, -60, 1227, -211, -60, 0, 0, 0
L 1264, -205, -60, 1255, -202, -60, 0, 0, 0
L 1285, -213, -61, 1264, -205, -60, 0, 0, 0
L 1303, -224, -61, 1285, -213, -61, 0, 0, 0
L 1313, -234, -61, 1303, -224, -61, 0, 0, 0
L 1320, -250, -61, 1313, -234, -61, 0, 0, 0
L 1327, -274, -60, 1320, -250, -61, 0, 0, 0
L 1329, -294, -60, 1327, -274, -60, 0, 0, 0
L 1325, -313, -60, 1329, -294, -60, 0, 0, 0
L 1317, -335, -60, 1325, -313, -60, 0, 0, 0
L 1303, -352, -60, 1317, -335, -60, 0, 0, 0
L 1283, -375, -61, 1303, -352, -60, 0, 0, 0
L 1270, -391, -61, 1283, -375, -61, 0, 0, 0
L 1274, -410, -58, 1270, -391, -61, 0, 0, 0
L 1290, -423, -63, 1274, -410, -58, 0, 0, 0
L 1284, -438, -65, 1290, -423, -63, 0, 0, 0
L 1266, -436, -64, 1284, -438, -65, 0, 0, 0
L 1269, -442, -65, 1266, -436, -64, 0, 0, 0
L 1275, -449, -66, 1269, -442, -65, 0, 0, 0
L 1264, -452, -65, 1275, -449, -66, 0, 0, 0
L 1245, -454, -63, 1264, -452, -65, 0, 0, 0
L 1239, -458, -63, 1245, -454, -63, 0, 0, 0
L 1241, -447, -60, 1239, -458, -63, 0, 0, 0
L 1231, -456, -60, 1241, -447, -60, 0, 0, 0
L 1227, -454, -60, 1231, -456, -60, 0, 0, 0
L 1218, -448, -60, 1227, -454, -60, 0, 0, 0
L 1197, -432, -60, 1218, -448, -60, 0, 0, 0
L 1184, -412, -60, 1197, -432, -60, 0, 0, 0
L 1173, -394, -60, 1184, -412, -60, 0, 0, 0
L 1164, -373, -60, 1173, -394, -60, 0, 0, 0
L 1142, -352, -59, 1164, -373, -60, 0, 0, 0
L 1127, -354, -63, 1142, -352, -59, 0, 0, 0
L 1123, -346, -63, 1127, -354, -63, 0, 0, 0
L 1123, -334, -63, 1123, -346, -63, 0, 0, 0
L 1138, -328, -63, 1123, -334, -63, 0, 0, 0
L 1125, -324, -63, 1138, -328, -63, 0, 0, 0
L 1125, -320, -63, 1125, -324, -63, 0, 0, 0
L 1141, -305, -63, 1125, -320, -63, 0, 0, 0
L 1149, -299, -61, 1141, -305, -63, 0, 0, 0
L 1060, -248, -65, 1066, -246, -63, 0, 0, 0
L 1047, -238, -66, 1060, -248, -65, 0, 0, 0
L 1040, -228, -66, 1047, -238, -66, 0, 0, 0
L 1038, -223, -67, 1040, -228, -66, 0, 0, 0
L 1046, -218, -66, 1038, -223, -67, 0, 0, 0
L 1058, -204, -64, 1046, -218, -66, 0, 0, 0
L 1066, -197, -62, 1058, -204, -64, 0, 0, 0
L 1073, -193, -63, 1066, -197, -62, 0, 0, 0
L 1082, -197, -63, 1073, -193, -63, 0, 0, 0
L 1096, -208, -63, 1082, -197, -63, 0, 0, 0
L 1099, -217, -63, 1096, -208, -63, 0, 0, 0
L 1099, -226, -63, 1099, -217, -63, 0, 0, 0
L 1093, -231, -59, 1099, -226, -63, 0, 0, 0
L 1088, -247, -58, 1093, -231, -59, 0, 0, 0
L 1087, -253, -61, 1088, -247, -58, 0, 0, 0
L 1082, -260, -63, 1087, -253, -61, 0, 0, 0
L 1077, -264, -63, 1082, -260, -63, 0, 0, 0
L 1070, -260, -58, 1077, -264, -63, 0, 0, 0
L 1065, -257, -64, 1070, -260, -58, 0, 0, 0
L 1064, -251, -64, 1065, -257, -64, 0, 0, 0
L 1066, -246, -63, 1064, -251, -64, 0, 0, 0
L 1066, -244, -63, 1066, -246, -63, 0, 0, 0
L 1080, -460, -60, 1078, -461, -63, 0, 0, 0
L 1091, -458, -58, 1080, -460, -60, 0, 0, 0
L 1095, -458, -63, 1091, -458, -58, 0, 0, 0
L 1114, -430, -63, 1095, -458, -63, 0, 0, 0
L 1115, -422, -63, 1114, -430, -63, 0, 0, 0
L 1123, -425, -63, 1115, -422, -63, 0, 0, 0
L 1130, -440, -63, 1123, -425, -63, 0, 0, 0
L 1141, -441, -52, 1130, -440, -63, 0, 0, 0
L 1145, -460, -56, 1141, -441, -52, 0, 0, 0
L 1139, -470, -60, 1145, -460, -56, 0, 0, 0
L 1131, -466, -58, 1139, -470, -60, 0, 0, 0
L 1126, -478, -49, 1131, -466, -58, 0, 0, 0
L 1135, -487, -56, 1126, -478, -49, 0, 0, 0
L 1141, -496, -63, 1135, -487, -56, 0, 0, 0
L 1135, -508, -58, 1141, -496, -63, 0, 0, 0
L 1133, -520, -63, 1135, -508, -58, 0, 0, 0
L 1125, -526, -63, 1133, -520, -63, 0, 0, 0
L 1119, -527, -63, 1125, -526, -63, 0, 0, 0
L 1112, -522, -49, 1119, -527, -63, 0, 0, 0
L 1110, -529, -62, 1112, -522, -49, 0, 0, 0
L 1101, -528, -62, 1110, -529, -62, 0, 0, 0
L 1095, -517, -62, 1101, -528, -62, 0, 0, 0
L 1096, -508, -62, 1095, -517, -62, 0, 0, 0
L 1091, -509, -62, 1096, -508, -62, 0, 0, 0
L 1087, -504, -62, 1091, -509, -62, 0, 0, 0
L 1081, -493, -62, 1087, -504, -62, 0, 0, 0
L 1086, -486, -63, 1081, -493, -62, 0, 0, 0
L 1078, -479, -63, 1086, -486, -63, 0, 0, 0
L 1075, -470, -63, 1078, -479, -63, 0, 0, 0
L 1078, -461, -63, 1075, -470, -63, 0, 0, 0
L 1039, -394, -68, 1030, -395, -69, 0, 0, 0
L 1040, -401, -67, 1039, -394, -68, 0, 0, 0
L 1040, -412, -68, 1040, -401, -67, 0, 0, 0
L 1040, -418, -68, 1040, -412, -68, 0, 0, 0
L 1030, -428, -68, 1040, -418, -68, 0, 0, 0
L 1021, -430, -69, 1030, -428, -68, 0, 0, 0
L 1017, -429, -70, 1021, -430, -69, 0, 0, 0
L 1014, -424, -71, 1017, -429, -70, 0, 0, 0
L 1007, -420, -72, 1014, -424, -71, 0, 0, 0
L 1004, -413, -73, 1007, -420, -72, 0, 0, 0
L 1004, -408, -73, 1004, -413, -73, 0, 0, 0
L 1014, -397, -72, 1004, -408, -73, 0, 0, 0
L 1023, -392, -70, 1014, -397, -72, 0, 0, 0
L 1030, -395, -69, 1023, -392, -70, 0, 0, 0
L 499, -345, -113, 493, -338, -111, 0, 0, 0
L 511, -360, -115, 499, -345, -113, 0, 0, 0
L 520, -374, -117, 511, -360, -115, 0, 0, 0
L 519, -397, -104, 520, -374, -117, 0, 0, 0
L 513, -409, -105, 519, -397, -104, 0, 0, 0
L 496, -421, -101, 513, -409, -105, 0, 0, 0
L 480, -423, -95, 496, -421, -101, 0, 0, 0
L 468, -422, -99, 480, -423, -95, 0, 0, 0
L 449, -416, -104, 468, -422, -99, 0, 0, 0
L 440, -411, -110, 449, -416, -104, 0, 0, 0
L 436, -404, -115, 440, -411, -110, 0, 0, 0
L 439, -390, -116, 436, -404, -115, 0, 0, 0
L 424, -371, -106, 439, -390, -116, 0, 0, 0
L 391, -356, -113, 424, -371, -106, 0, 0, 0
L 360, -349, -102, 391, -356, -113, 0, 0, 0
L 331, -343, -106, 360, -349, -102, 0, 0, 0
L 312, -331, -102, 331, -343, -106, 0, 0, 0
L 311, -311, -108, 312, -331, -102, 0, 0, 0
L 313, -284, -108, 311, -311, -108, 0, 0, 0
L 310, -241, -106, 313, -284, -108, 0, 0, 0
L 296, -213, -109, 310, -241, -106, 0, 0, 0
L 283, -182, -91, 296, -213, -109, 0, 0, 0
L 267, -150, -107, 283, -182, -91, 0, 0, 0
L 264, -134, -114, 267, -150, -107, 0, 0, 0
L 261, -104, -124, 264, -134, -114, 0, 0, 0
L 258, -91, -126, 261, -104, -124, 0, 0, 0
L 262, -76, -115, 258, -91, -126, 0, 0, 0
L 274, -67, -114, 262, -76, -115, 0, 0, 0
L 284, -63, -111, 274, -67, -114, 0, 0, 0
L 299, -63, -105, 284, -63, -111, 0, 0, 0
L 314, -65, -107, 299, -63, -105, 0, 0, 0
L 330, -70, -110, 314, -65, -107, 0, 0, 0
L 345, -83, -111, 330, -70, -110, 0, 0, 0
L 350, -93, -112, 345, -83, -111, 0, 0, 0
L 352, -110, -118, 350, -93, -112, 0, 0, 0
L 349, -128, -120, 352, -110, -118, 0, 0, 0
L 340, -163, -128, 349, -128, -120, 0, 0, 0
L 338, -187, -132, 340, -163, -128, 0, 0, 0
L 339, -209, -133, 338, -187, -132, 0, 0, 0
L 344, -229, -130, 339, -209, -133, 0, 0, 0
L 354, -253, -124, 344, -229, -130, 0, 0, 0
L 368, -269, -120, 354, -253, -124, 0, 0, 0
L 389, -278, -120, 368, -269, -120, 0, 0, 0
L 407, -278, -120, 389, -278, -120, 0, 0, 0
L 429, -274, -120, 407, -278, -120, 0, 0, 0
L 452, -257, -118, 429, -274, -120, 0, 0, 0
L 467, -238, -116, 452, -257, -118, 0, 0, 0
L 477, -218, -120, 467, -238, -116, 0, 0, 0
L 481, -205, -128, 477, -218, -120, 0, 0, 0
L 485, -192, -128, 481, -205, -128, 0, 0, 0
L 486, -186, -130, 485, -192, -128, 0, 0, 0
L 491, -182, -133, 486, -186, -130, 0, 0, 0
L 504, -183, -133, 491, -182, -133, 0, 0, 0
L 519, -178, -131, 504, -183, -133, 0, 0, 0
L 540, -175, -105, 519, -178, -131, 0, 0, 0
L 555, -180, -101, 540, -175, -105, 0, 0, 0
L 576, -181, -90, 555, -180, -101, 0, 0, 0
L 597, -170, -99, 576, -181, -90, 0, 0, 0
L 624, -153, -88, 597, -170, -99, 0, 0, 0
L 627, -121, -101, 624, -153, -88, 0, 0, 0
L 634, -112, -94, 627, -121, -101, 0, 0, 0
L 649, -96, -92, 634, -112, -94, 0, 0, 0
L 655, -89, -90, 649, -96, -92, 0, 0, 0
L 664, -87, -88, 655, -89, -90, 0, 0, 0
L 676, -76, -84, 664, -87, -88, 0, 0, 0
L 701, -73, -86, 676, -76, -84, 0, 0, 0
L 734, -83, -77, 701, -73, -86, 0, 0, 0
L 748, -102, -73, 734, -83, -77, 0, 0, 0
L 762, -137, -69, 748, -102, -73, 0, 0, 0
L 774, -170, -75, 762, -137, -69, 0, 0, 0
L 784, -210, -90, 774, -170, -75, 0, 0, 0
L 759, -237, -84, 784, -210, -90, 0, 0, 0
L 749, -268, -89, 759, -237, -84, 0, 0, 0
L 730, -299, -89, 749, -268, -89, 0, 0, 0
L 728, -310, -102, 730, -299, -89, 0, 0, 0
L 716, -315, -104, 728, -310, -102, 0, 0, 0
L 692, -304, -85, 716, -315, -104, 0, 0, 0
L 668, -296, -94, 692, -304, -85, 0, 0, 0
L 647, -284, -107, 668, -296, -94, 0, 0, 0
L 614, -269, -109, 647, -284, -107, 0, 0, 0
L 596, -267, -117, 614, -269, -109, 0, 0, 0
L 574, -265, -124, 596, -267, -117, 0, 0, 0
L 563, -270, -124, 574, -265, -124, 0, 0, 0
L 550, -282, -109, 563, -270, -124, 0, 0, 0
L 539, -283, -114, 550, -282, -109, 0, 0, 0
L 527, -276, -106, 539, -283, -114, 0, 0, 0
L 506, -277, -111, 527, -276, -106, 0, 0, 0
L 490, -292, -111, 506, -277, -111, 0, 0, 0
L 484, -312, -111, 490, -292, -111, 0, 0, 0
L 494, -338, -112, 484, -312, -111, 0, 0, 0
L 548, -316, -123, 533, -296, -116, 0, 0, 0
L 552, -349, -112, 548, -316, -123, 0, 0, 0
L 560, -367, -110, 552, -349, -112, 0, 0, 0
L 581, -392, -104, 560, -367, -110, 0, 0, 0
L 618, -416, -111, 581, -392, -104, 0, 0, 0
L 636, -485, -112, 618, -416, -111, 0, 0, 0
L 639, -537, -116, 636, -485, -112, 0, 0, 0
L 641, -582, -115, 639, -537, -116, 0, 0, 0
L 646, -624, -116, 641, -582, -115, 0, 0, 0
L 649, -663, -116, 646, -624, -116, 0, 0, 0
L 659, -731, -114, 649, -663, -116, 0, 0, 0
L 653, -767, -115, 659, -731, -114, 0, 0, 0
L 651, -799, -110, 653, -767, -115, 0, 0, 0
L 666, -818, -113, 651, -799, -110, 0, 0, 0
L 686, -829, -112, 666, -818, -113, 0, 0, 0
L 708, -830, -111, 686, -829, -112, 0, 0, 0
L 741, -815, -105, 708, -830, -111, 0, 0, 0
L 761, -815, -103, 741, -815, -105, 0, 0, 0
L 788, -820, -103, 761, -815, -103, 0, 0, 0
L 810, -823, -102, 788, -820, -103, 0, 0, 0
L 831, -813, -97, 810, -823, -102, 0, 0, 0
L 839, -789, -91, 831, -813, -97, 0, 0, 0
L 844, -760, -88, 839, -789, -91, 0, 0, 0
L 847, -725, -89, 844, -760, -88, 0, 0, 0
L 851, -698, -84, 847, -725, -89, 0, 0, 0
L 859, -680, -81, 851, -698, -84, 0, 0, 0
L 918, -599, -65, 859, -680, -81, 0, 0, 0
L 935, -581, -62, 918, -599, -65, 0, 0, 0
L 944, -559, -62, 935, -581, -62, 0, 0, 0
L 956, -545, -52, 944, -559, -62, 0, 0, 0
L 971, -527, -56, 956, -545, -52, 0, 0, 0
L 988, -503, -55, 971, -527, -56, 0, 0, 0
L 1009, -501, -52, 988, -503, -55, 0, 0, 0
L 1031, -507, -50, 1009, -501, -52, 0, 0, 0
L 1039, -531, -50, 1031, -507, -50, 0, 0, 0
L 1038, -562, -48, 1039, -531, -50, 0, 0, 0
L 1044, -601, -44, 1038, -562, -48, 0, 0, 0
L 1060, -630, -46, 1044, -601, -44, 0, 0, 0
L 1077, -644, -48, 1060, -630, -46, 0, 0, 0
L 1099, -642, -53, 1077, -644, -48, 0, 0, 0
L 1120, -629, -61, 1099, -642, -53, 0, 0, 0
L 1154, -609, -53, 1120, -629, -61, 0, 0, 0
L 1167, -589, -54, 1154, -609, -53, 0, 0, 0
L 1174, -573, -61, 1167, -589, -54, 0, 0, 0
L 1199, -555, -63, 1174, -573, -61, 0, 0, 0
L 1225, -553, -60, 1199, -555, -63, 0, 0, 0
L 1249, -559, -59, 1225, -553, -60, 0, 0, 0
L 1268, -550, -59, 1249, -559, -59, 0, 0, 0
L 1293, -534, -59, 1268, -550, -59, 0, 0, 0
L 1318, -508, -64, 1293, -534, -59, 0, 0, 0
L 1349, -476, -65, 1318, -508, -64, 0, 0, 0
L 1374, -453, -64, 1349, -476, -65, 0, 0, 0
L 1401, -436, -61, 1374, -453, -64, 0, 0, 0
L 1425, -414, -60, 1401, -436, -61, 0, 0, 0
L 1441, -398, -60, 1425, -414, -60, 0, 0, 0
L 1461, -350, -60, 1441, -398, -60, 0, 0, 0
L 1462, -346, -60, 1461, -350, -60, 0, 0, 0
L 1460, -316, -58, 1462, -346, -60, 0, 0, 0
L 1452, -283, -59, 1460, -316, -58, 0, 0, 0
L 1452, -247, -55, 1453, -283, -57, 0, 0, 0
L 1451, -216, -50, 1452, -247, -55, 0, 0, 0
L 1443, -191, -59, 1451, -216, -50, 0, 0, 0
L 1424, -158, -61, 1443, -191, -59, 0, 0, 0
L 1393, -142, -48, 1424, -158, -61, 0, 0, 0
L 1355, -133, -61, 1393, -142, -48, 0, 0, 0
L 1344, -118, -57, 1355, -133, -61, 0, 0, 0
L 1315, -78, -57, 1344, -118, -57, 0, 0, 0
L 1289, -34, -58, 1315, -78, -57, 0, 0, 0
L 1265, 12, -57, 1289, -34, -58, 0, 0, 0
L 1232, 56, -58, 1265, 12, -57, 0, 0, 0
L 1211, 74, -60, 1232, 56, -58, 0, 0, 0
L 1196, 80, -59, 1211, 74, -60, 0, 0, 0
L 1180, 92, -60, 1196, 80, -59, 0, 0, 0
L 1144, 63, -59, 1180, 92, -60, 0, 0, 0
L 1137, 32, -59, 1144, 63, -59, 0, 0, 0
L 1129, 10, -59, 1137, 32, -59, 0, 0, 0
L 1111, -29, -57, 1129, 10, -59, 0, 0, 0
L 1102, -59, -59, 1111, -29, -57, 0, 0, 0
L 1076, -84, -60, 1102, -59, -59, 0, 0, 0
L 1040, -101, -61, 1076, -84, -60, 0, 0, 0
L 1008, -112, -51, 1040, -101, -61, 0, 0, 0
L 1005, -129, -63, 1008, -112, -51, 0, 0, 0
L 1005, -142, -70, 1005, -129, -63, 0, 0, 0
L 1001, -157, -70, 1005, -142, -70, 0, 0, 0
L 995, -166, -70, 1001, -157, -70, 0, 0, 0
L 984, -182, -71, 995, -166, -70, 0, 0, 0
L 971, -172, -64, 984, -182, -71, 0, 0, 0
L 959, -176, -64, 971, -172, -64, 0, 0, 0
L 938, -163, -65, 959, -176, -64, 0, 0, 0
L 931, -146, -66, 938, -163, -65, 0, 0, 0
L 941, -126, -72, 931, -146, -66, 0, 0, 0
L 953, -93, -75, 941, -126, -72, 0, 0, 0
L 963, -65, -75, 953, -93, -75, 0, 0, 0
L 980, -7, -75, 963, -65, -75, 0, 0, 0
L 982, 74, -74, 980, -7, -75, 0, 0, 0
L 990, 136, -43, 982, 74, -74, 0, 0, 0
L 1036, 200, -43, 990, 136, -43, 0, 0, 0
L 1046, 252, -57, 1036, 200, -43, 0, 0, 0
L 1032, 309, -58, 1046, 252, -57, 0, 0, 0
L 1023, 318, -58, 1032, 309, -58, 0, 0, 0
L 996, 342, -60, 1023, 318, -58, 0, 0, 0
L 950, 385, -74, 996, 342, -60, 0, 0, 0
L 935, 403, -53, 950, 385, -74, 0, 0, 0
L 901, 427, -51, 935, 403, -53, 0, 0, 0
L 877, 437, -45, 901, 427, -51, 0, 0, 0
L 848, 426, -53, 877, 437, -45, 0, 0, 0
L 819, 386, -83, 848, 426, -53, 0, 0, 0
L 809, 377, -92, 819, 386, -83, 0, 0, 0
L 780, 347, -95, 809, 377, -92, 0, 0, 0
L 751, 313, -100, 780, 347, -95, 0, 0, 0
L 731, 295, -110, 751, 313, -100, 0, 0, 0
L 724, 273, -108, 732, 296, -109, 0, 0, 0
L 715, 249, -106, 724, 273, -108, 0, 0, 0
L 700, 225, -106, 715, 249, -106, 0, 0, 0
L 680, 202, -109, 700, 225, -106, 0, 0, 0
L 658, 187, -97, 680, 202, -109, 0, 0, 0
L 623, 180, -117, 658, 187, -97, 0, 0, 0
L 609, 181, -120, 623, 180, -117, 0, 0, 0
L 591, 186, -123, 609, 181, -120, 0, 0, 0
L 565, 194, -129, 591, 186, -123, 0, 0, 0
L 536, 204, -130, 565, 194, -129, 0, 0, 0
L 525, 189, -131, 536, 204, -130, 0, 0, 0
L 505, 155, -134, 525, 189, -131, 0, 0, 0
L 490, 145, -136, 505, 155, -134, 0, 0, 0
L 473, 132, -140, 490, 145, -136, 0, 0, 0
L 464, 115, -142, 473, 132, -140, 0, 0, 0
L 457, 88, -143, 464, 115, -142, 0, 0, 0
L 464, 57, -143, 457, 88, -143, 0, 0, 0
L 454, 37, -143, 463, 55, -143, 0, 0, 0
L 440, 15, -143, 454, 37, -143, 0, 0, 0
L 428, 7, -144, 440, 15, -143, 0, 0, 0
L 403, -3, -144, 428, 7, -144, 0, 0, 0
L 395, -18, -139, 403, -3, -144, 0, 0, 0
L 385, -41, -135, 395, -18, -139, 0, 0, 0
L 385, -62, -136, 385, -41, -135, 0, 0, 0
L 388, -88, -131, 385, -62, -136, 0, 0, 0
L 390, -110, -124, 388, -88, -131, 0, 0, 0
L 403, -126, -138, 390, -110, -124, 0, 0, 0
L 417, -146, -136, 403, -126, -138, 0, 0, 0
L 433, -161, -133, 417, -146, -136, 0, 0, 0
L 456, -170, -135, 433, -161, -133, 0, 0, 0
L 468, -171, -137, 456, -170, -135, 0, 0, 0
L 468, -184, -122, 468, -171, -137, 0, 0, 0
L 467, -193, -120, 468, -184, -122, 0, 0, 0
L 466, -207, -128, 467, -193, -120, 0, 0, 0
L 451, -220, -120, 466, -207, -128, 0, 0, 0
L 441, -236, -127, 451, -220, -120, 0, 0, 0
L 427, -247, -120, 441, -236, -127, 0, 0, 0
L 414, -255, -120, 427, -247, -120, 0, 0, 0
L 397, -256, -119, 414, -255, -120, 0, 0, 0
L 382, -251, -120, 397, -256, -119, 0, 0, 0
L 371, -239, -124, 382, -251, -120, 0, 0, 0
L 363, -209, -128, 371, -239, -124, 0, 0, 0
L 361, -190, -129, 363, -209, -128, 0, 0, 0
L 364, -167, -124, 361, -190, -129, 0, 0, 0
L 372, -136, -117, 364, -167, -124, 0, 0, 0
L 374, -114, -118, 372, -136, -117, 0, 0, 0
L 375, -94, -116, 374, -114, -118, 0, 0, 0
L 367, -73, -115, 375, -94, -116, 0, 0, 0
L 355, -60, -115, 367, -73, -115, 0, 0, 0
L 338, -48, -114, 355, -60, -115, 0, 0, 0
L 321, -42, -112, 338, -48, -114, 0, 0, 0
L 301, -39, -109, 321, -42, -112, 0, 0, 0
L 283, -41, -110, 301, -39, -109, 0, 0, 0
L 264, -50, -111, 283, -41, -110, 0, 0, 0
L 247, -67, -119, 264, -50, -111, 0, 0, 0
L 238, -69, -125, 247, -67, -119, 0, 0, 0
L 227, -58, -126, 238, -69, -125, 0, 0, 0
L 206, -46, -136, 227, -58, -126, 0, 0, 0
L 168, -42, -123, 206, -46, -136, 0, 0, 0
L 137, -49, -137, 168, -42, -123, 0, 0, 0
L 110, -51, -138, 137, -49, -137, 0, 0, 0
L 96, -54, -143, 110, -51, -138, 0, 0, 0
L 81, -49, -144, 96, -54, -143, 0, 0, 0
L 64, -48, -146, 81, -49, -144, 0, 0, 0
L 36, -39, -146, 64, -48, -146, 0, 0, 0
L 27, -29, -145, 36, -39, -146, 0, 0, 0
L 13, 7, -146, 27, -29, -145, 0, 0, 0
L 27, 41, -146, 13, 7, -146, 0, 0, 0
L 33, 79, -145, 27, 41, -146, 0, 0, 0
L 38, 123, -146, 33, 79, -145, 0, 0, 0
L 25, 174, -146, 38, 123, -146, 0, 0, 0
L 29, 221, -143, 25, 174, -146, 0, 0, 0
L 29, 223, -143, 29, 221, -143, 0, 0, 0
L 31, 259, -147, 29, 223, -143, 0, 0, 0
L 28, 271, -147, 31, 259, -147, 0, 0, 0
L 2, 301, -147, 28, 271, -147, 0, 0, 0
L -28, 308, -147, 2, 301, -147, 0, 0, 0
L -55, 329, -147, -28, 308, -147, 0, 0, 0
L -70, 369, -146, -55, 329, -147, 0, 0, 0
L -74, 411, -145, -70, 369, -146, 0, 0, 0
L -86, 429, -147, -74, 411, -145, 0, 0, 0
L -124, 451, -151, -86, 429, -147, 0, 0, 0
L -133, 475, -151, -124, 451, -151, 0, 0, 0
L -133, 511, -150, -133, 475, -151, 0, 0, 0
L -123, 532, -151, -133, 511, -150, 0, 0, 0
L -108, 537, -150, -123, 532, -151, 0, 0, 0
L -92, 558, -147, -108, 537, -150, 0, 0, 0
L -94, 572, -147, -92, 558, -147, 0, 0, 0
L -102, 592, -147, -94, 572, -147, 0, 0, 0
L -133, 605, -146, -102, 592, -147, 0, 0, 0
L -137, 611, -146, -133, 605, -146, 0, 0, 0
L -142, 634, -145, -137, 611, -146, 0, 0, 0
L -154, 643, -141, -142, 634, -145, 0, 0, 0
L -172, 656, -141, -154, 643, -141, 0, 0, 0
L -212, 670, -146, -172, 656, -141, 0, 0, 0
L -229, 671, -146, -212, 670, -146, 0, 0, 0
L -241, 664, -146, -229, 671, -146, 0, 0, 0
L -258, 638, -147, -241, 664, -146, 0, 0, 0
L -281, 618, -145, -258, 638, -147, 0, 0, 0
L -300, 612, -156, -281, 618, -145, 0, 0, 0
L -325, 616, -155, -300, 612, -156, 0, 0, 0
L -333, 620, -157, -325, 616, -155, 0, 0, 0
L -349, 633, -163, -333, 620, -157, 0, 0, 0
L -377, 660, -159, -349, 633, -163, 0, 0, 0
L -400, 671, -163, -377, 660, -159, 0, 0, 0
L -423, 676, -169, -400, 671, -163, 0, 0, 0
L -455, 653, -170, -423, 676, -169, 0, 0, 0
L -478, 620, -170, -455, 653, -170, 0, 0, 0
L -481, 579, -169, -478, 620, -170, 0, 0, 0
L -486, 578, -169, -481, 579, -169, 0, 0, 0
L -509, 539, -172, -486, 578, -169, 0, 0, 0
L -529, 526, -174, -509, 539, -172, 0, 0, 0
L -541, 509, -174, -529, 526, -174, 0, 0, 0
L -561, 482, -160, -541, 509, -174, 0, 0, 0
L -563, 458, -177, -561, 482, -160, 0, 0, 0
L -555, 452, -178, -563, 458, -177, 0, 0, 0
L -553, 445, -179, -555, 452, -178, 0, 0, 0
L -556, 436, -180, -553, 445, -179, 0, 0, 0
L -564, 434, -179, -556, 436, -180, 0, 0, 0
L -574, 434, -178, -564, 434, -179, 0, 0, 0
L -591, 443, -164, -574, 434, -178, 0, 0, 0
L -601, 429, -164, -591, 443, -164, 0, 0, 0
L -617, 402, -173, -601, 429, -164, 0, 0, 0
L -626, 380, -170, -617, 402, -173, 0, 0, 0
L -626, 361, -170, -626, 380, -170, 0, 0, 0
L -624, 349, -157, -626, 361, -170, 0, 0, 0
L -629, 342, -155, -624, 349, -157, 0, 0, 0
L -635, 337, -155, -629, 342, -155, 0, 0, 0
L -647, 332, -150, -635, 337, -155, 0, 0, 0
L -658, 323, -153, -647, 332, -150, 0, 0, 0
L -670, 310, -160, -658, 323, -153, 0, 0, 0
L -690, 293, -160, -670, 310, -160, 0, 0, 0
L -703, 288, -153, -690, 293, -160, 0, 0, 0
L -715, 290, -151, -703, 288, -153, 0, 0, 0
L -726, 297, -153, -715, 290, -151, 0, 0, 0
L -732, 308, -156, -726, 297, -153, 0, 0, 0
L -733, 322, -157, -732, 308, -156, 0, 0, 0
L -730, 364, -162, -733, 322, -157, 0, 0, 0
L -714, 396, -154, -730, 364, -162, 0, 0, 0
L -703, 413, -150, -714, 396, -154, 0, 0, 0
L -695, 431, -151, -703, 413, -150, 0, 0, 0
L -688, 452, -150, -695, 431, -151, 0, 0, 0
L -690, 475, -148, -688, 452, -150, 0, 0, 0
L -699, 492, -148, -690, 475, -148, 0, 0, 0
L -715, 506, -147, -699, 492, -148, 0, 0, 0
L -726, 512, -146, -715, 506, -147, 0, 0, 0
L -735, 515, -144, -726, 512, -146, 0, 0, 0
L -756, 514, -142, -735, 515, -144, 0, 0, 0
L -773, 505, -143, -756, 514, -142, 0, 0, 0
L -786, 491, -144, -773, 505, -143, 0, 0, 0
L -793, 475, -148, -786, 491, -144, 0, 0, 0
L -798, 467, -154, -793, 475, -148, 0, 0, 0
L -814, 468, -158, -798, 467, -154, 0, 0, 0
L -838, 476, -153, -814, 468, -158, 0, 0, 0
L -862, 465, -164, -838, 476, -153, 0, 0, 0
L -894, 455, -172, -862, 465, -164, 0, 0, 0
L -916, 442, -180, -894, 455, -172, 0, 0, 0
L -934, 435, -186, -916, 442, -180, 0, 0, 0
L -954, 433, -190, -934, 435, -186, 0, 0, 0
L -975, 436, -191, -954, 433, -190, 0, 0, 0
L -999, 446, -192, -975, 436, -191, 0, 0, 0
L -1016, 457, -193, -999, 446, -192, 0, 0, 0
L -1030, 480, -192, -1016, 457, -193, 0, 0, 0
L -1037, 503, -192, -1030, 480, -192, 0, 0, 0
L -1031, 528, -190, -1037, 503, -192, 0, 0, 0
L -1024, 541, -188, -1031, 528, -190, 0, 0, 0
L -1005, 561, -186, -1024, 541, -188, 0, 0, 0
L -993, 598, -185, -1005, 561, -186, 0, 0, 0
L -984, 607, -183, -993, 598, -185, 0, 0, 0
L -961, 630, -181, -984, 607, -183, 0, 0, 0
L -940, 642, -182, -961, 630, -181, 0, 0, 0
L -915, 657, -181, -940, 642, -182, 0, 0, 0
L -900, 673, -180, -915, 657, -181, 0, 0, 0
L -887, 702, -180, -900, 673, -180, 0, 0, 0
L -894, 732, -183, -887, 702, -180, 0, 0, 0
L -920, 754, -182, -894, 732, -183, 0, 0, 0
L -972, 784, -186, -920, 754, -182, 0, 0, 0
L -980, 798, -186, -972, 784, -186, 0, 0, 0
L -990, 825, -186, -980, 798, -186, 0, 0, 0
L -1002, 859, -188, -990, 825, -186, 0, 0, 0
L -1013, 899, -189, -1002, 859, -188, 0, 0, 0
L -1021, 927, -188, -1013, 899, -189, 0, 0, 0
L -1032, 938, -190, -1021, 927, -188, 0, 0, 0
L -1054, 949, -194, -1032, 938, -190, 0, 0, 0
L -1073, 940, -201, -1054, 949, -194, 0, 0, 0
L -1088, 938, -203, -1073, 940, -201, 0, 0, 0
L -1100, 943, -206, -1088, 938, -203, 0, 0, 0
L -1122, 968, -205, -1100, 943, -206, 0, 0, 0
L -1124, 986, -206, -1122, 968, -205, 0, 0, 0
L -1120, 992, -205, -1124, 986, -206, 0, 0, 0
L -1110, 1002, -203, -1120, 992, -205, 0, 0, 0
L -1108, 1011, -204, -1110, 1002, -203, 0, 0, 0
L -1110, 1042, -206, -1108, 1011, -204, 0, 0, 0
L -1125, 1056, -206, -1110, 1042, -206, 0, 0, 0
L -1125, 1038, -211, -1125, 1056, -206, 0, 0, 0
L -1157, 1038, -213, -1125, 1038, -211, 0, 0, 0
L -1157, 1059, -209, -1157, 1038, -213, 0, 0, 0
L -1157, 1081, -206, -1157, 1059, -209, 0, 0, 0
L -1156, 1102, -209, -1157, 1081, -206, 0, 0, 0
L -1178, 1076, -203, -1178, 1102, -208, 0, 0, 0
L -1178, 1059, -209, -1178, 1075, -203, 0, 0, 0
L -1178, 1038, -212, -1178, 1059, -209, 0, 0, 0
L -1206, 1038, -210, -1178, 1038, -212, 0, 0, 0
L -1207, 1042, -206, -1206, 1038, -210, 0, 0, 0
L -1069, 601, -200, -1073, 592, -201, 0, 0, 0
L -1065, 607, -199, -1069, 601, -200, 0, 0, 0
L -1048, 618, -197, -1065, 607, -199, 0, 0, 0
L -1040, 624, -196, -1048, 618, -197, 0, 0, 0
L -1046, 635, -196, -1040, 624, -196, 0, 0, 0
L -1047, 652, -197, -1046, 635, -196, 0, 0, 0
L -1050, 653, -197, -1047, 652, -197, 0, 0, 0
L -1061, 658, -200, -1050, 653, -197, 0, 0, 0
L -1069, 667, -201, -1061, 658, -200, 0, 0, 0
L -1074, 690, -201, -1069, 667, -201, 0, 0, 0
L -1073, 694, -201, -1074, 690, -201, 0, 0, 0
L -1070, 713, -201, -1073, 694, -201, 0, 0, 0
L -1071, 721, -201, -1070, 713, -201, 0, 0, 0
L -1074, 740, -202, -1071, 721, -201, 0, 0, 0
L -1073, 742, -201, -1074, 740, -202, 0, 0, 0
L -1066, 751, -200, -1073, 742, -201, 0, 0, 0
L -1057, 755, -198, -1066, 751, -200, 0, 0, 0
L -1034, 758, -195, -1057, 755, -198, 0, 0, 0
L -1024, 756, -193, -1034, 758, -195, 0, 0, 0
L -1022, 758, -192, -1024, 756, -193, 0, 0, 0
L -1022, 762, -192, -1022, 758, -192, 0, 0, 0
L -1028, 771, -187, -1022, 762, -192, 0, 0, 0
L -1043, 785, -196, -1028, 771, -187, 0, 0, 0
L -1061, 797, -199, -1043, 785, -196, 0, 0, 0
L -1073, 814, -201, -1061, 797, -199, 0, 0, 0
L -1039, 809, -195, -1050, 818, -197, 0, 0, 0
L -1023, 791, -193, -1039, 809, -195, 0, 0, 0
L -1009, 779, -190, -1023, 791, -193, 0, 0, 0
L -1000, 765, -189, -1009, 779, -190, 0, 0, 0
L -986, 756, -187, -1000, 765, -189, 0, 0, 0
L -977, 742, -186, -986, 756, -187, 0, 0, 0
L -970, 718, -186, -977, 742, -186, 0, 0, 0
L -969, 712, -186, -970, 718, -186, 0, 0, 0
L -971, 688, -186, -969, 712, -186, 0, 0, 0
L -977, 665, -186, -971, 688, -186, 0, 0, 0
L -987, 652, -187, -977, 665, -186, 0, 0, 0
L -994, 638, -189, -987, 652, -187, 0, 0, 0
L -1006, 624, -191, -994, 638, -189, 0, 0, 0
L -1021, 613, -193, -1006, 624, -191, 0, 0, 0
L -1030, 608, -194, -1021, 613, -193, 0, 0, 0
L -1035, 604, -194, -1030, 608, -194, 0, 0, 0
L -1048, 589, -197, -1035, 604, -194, 0, 0, 0
L -1219, 1033, -206, -1207, 1042, -206, 0, 0, 0
L -1232, 1022, -206, -1219, 1033, -206, 0, 0, 0
L -1243, 1012, -206, -1232, 1022, -206, 0, 0, 0
L -1253, 996, -200, -1243, 1012, -206, 0, 0, 0
L -1258, 988, -206, -1253, 996, -200, 0, 0, 0
L -1265, 973, -205, -1258, 988, -206, 0, 0, 0
L -1261, 964, -206, -1265, 973, -205, 0, 0, 0
L -1260, 957, -207, -1261, 964, -206, 0, 0, 0
L -1258, 935, -207, -1260, 957, -207, 0, 0, 0
L -1254, 909, -207, -1258, 935, -207, 0, 0, 0
L -1255, 893, -206, -1254, 909, -207, 0, 0, 0
L -1259, 862, -204, -1255, 893, -206, 0, 0, 0
L -1281, 816, -205, -1259, 862, -204, 0, 0, 0
L -1286, 796, -205, -1281, 816, -205, 0, 0, 0
L -1287, 776, -204, -1286, 796, -205, 0, 0, 0
L -1291, 753, -203, -1287, 776, -204, 0, 0, 0
L -1297, 742, -203, -1291, 753, -203, 0, 0, 0
L -1297, 727, -205, -1297, 742, -203, 0, 0, 0
L -1297, 711, -205, -1297, 727, -205, 0, 0, 0
L -1298, 684, -205, -1297, 711, -205, 0, 0, 0
L -1307, 669, -205, -1298, 684, -205, 0, 0, 0
L -1319, 657, -205, -1307, 669, -205, 0, 0, 0
L -1330, 655, -205, -1319, 657, -205, 0, 0, 0
L -1343, 649, -205, -1330, 655, -205, 0, 0, 0
L -1356, 641, -198, -1343, 649, -205, 0, 0, 0
L -1350, 631, -201, -1356, 641, -198, 0, 0, 0
L -1338, 593, -196, -1350, 631, -201, 0, 0, 0
L -1333, 570, -195, -1338, 593, -196, 0, 0, 0
L -1330, 550, -193, -1333, 570, -195, 0, 0, 0
L -1344, 523, -199, -1330, 550, -193, 0, 0, 0
L -1359, 499, -200, -1344, 523, -199, 0, 0, 0
L -1375, 476, -202, -1359, 499, -200, 0, 0, 0
L -1392, 464, -205, -1375, 476, -202, 0, 0, 0
L -1398, 459, -206, -1392, 464, -205, 0, 0, 0
L -1404, 439, -202, -1398, 459, -206, 0, 0, 0
L -1410, 423, -205, -1404, 439, -202, 0, 0, 0
L -1402, 404, -204, -1410, 423, -205, 0, 0, 0
L -1404, 394, -212, -1402, 404, -204, 0, 0, 0
L -1415, 387, -212, -1404, 394, -212, 0, 0, 0
L -1418, 387, -212, -1415, 387, -212, 0, 0, 0
L -1425, 396, -203, -1418, 387, -212, 0, 0, 0
L -1427, 395, -204, -1425, 396, -203, 0, 0, 0
L -1435, 393, -203, -1427, 395, -204, 0, 0, 0
L -1447, 391, -206, -1435, 393, -203, 0, 0, 0
L -1469, 384, -207, -1447, 391, -206, 0, 0, 0
L -1483, 375, -208, -1469, 384, -207, 0, 0, 0
L -1496, 360, -206, -1483, 375, -208, 0, 0, 0
L -1496, 352, -211, -1496, 360, -206, 0, 0, 0
L -1511, 339, -196, -1496, 352, -211, 0, 0, 0
L -1524, 339, -198, -1511, 339, -196, 0, 0, 0
L -1540, 339, -203, -1524, 339, -198, 0, 0, 0
L -1551, 338, -203, -1540, 339, -203, 0, 0, 0
L -1553, 341, -203, -1551, 338, -203, 0, 0, 0
L -1553, 362, -202, -1553, 341, -203, 0, 0, 0
L -1551, 401, -203, -1553, 362, -202, 0, 0, 0
L -1553, 417, -206, -1551, 401, -203, 0, 0, 0
L -1556, 435, -211, -1553, 417, -206, 0, 0, 0
L -1560, 457, -215, -1556, 435, -211, 0, 0, 0
L -1566, 474, -213, -1560, 457, -215, 0, 0, 0
L -1574, 486, -207, -1566, 474, -213, 0, 0, 0
L -1578, 499, -204, -1574, 486, -207, 0, 0, 0
L -1581, 522, -203, -1578, 499, -204, 0, 0, 0
L -1586, 538, -203, -1581, 522, -203, 0, 0, 0
L -1594, 551, -202, -1586, 538, -203, 0, 0, 0
L -1601, 569, -196, -1594, 551, -202, 0, 0, 0
L -1608, 583, -192, -1601, 569, -196, 0, 0, 0
L -1618, 593, -190, -1608, 583, -192, 0, 0, 0
L -1627, 601, -191, -1618, 593, -190, 0, 0, 0
L -1638, 611, -195, -1627, 601, -191, 0, 0, 0
L -1648, 623, -201, -1638, 611, -195, 0, 0, 0
L -1662, 636, -203, -1648, 623, -201, 0, 0, 0
L -1670, 640, -203, -1662, 636, -203, 0, 0, 0
L -1687, 646, -203, -1670, 640, -203, 0, 0, 0
L -1694, 648, -204, -1687, 646, -203, 0, 0, 0
L -1694, 650, -203, -1694, 648, -204, 0, 0, 0
L -1694, 654, -202, -1694, 650, -203, 0, 0, 0
L -1690, 671, -194, -1694, 654, -202, 0, 0, 0
L -1687, 677, -192, -1690, 671, -194, 0, 0, 0
L -1684, 680, -193, -1687, 677, -192, 0, 0, 0
L -1678, 683, -193, -1684, 680, -193, 0, 0, 0
L -1659, 677, -190, -1678, 683, -193, 0, 0, 0
L -1646, 674, -192, -1659, 677, -190, 0, 0, 0
L -1630, 672, -196, -1646, 674, -192, 0, 0, 0
L -1615, 661, -193, -1630, 672, -196, 0, 0, 0
L -1604, 651, -192, -1615, 661, -193, 0, 0, 0
L -1589, 639, -195, -1604, 651, -192, 0, 0, 0
L -1579, 626, -183, -1589, 639, -195, 0, 0, 0
L -1561, 614, -178, -1579, 626, -183, 0, 0, 0
L -1554, 604, -167, -1561, 614, -178, 0, 0, 0
L -1546, 595, -163, -1554, 604, -167, 0, 0, 0
L -1543, 588, -163, -1546, 595, -163, 0, 0, 0
L -1539, 575, -161, -1543, 588, -163, 0, 0, 0
L -1539, 565, -160, -1539, 575, -161, 0, 0, 0
L -1537, 560, -160, -1539, 565, -160, 0, 0, 0
L -1531, 559, -162, -1537, 560, -160, 0, 0, 0
L -1523, 562, -168, -1531, 559, -162, 0, 0, 0
L -1520, 576, -171, -1523, 562, -168, 0, 0, 0
L -1517, 592, -167, -1520, 576, -171, 0, 0, 0
L -1523, 608, -168, -1517, 592, -167, 0, 0, 0
L -1537, 623, -177, -1523, 608, -168, 0, 0, 0
L -1552, 632, -188, -1537, 623, -177, 0, 0, 0
L -1573, 644, -197, -1552, 632, -188, 0, 0, 0
L -1587, 658, -199, -1573, 644, -197, 0, 0, 0
L -1606, 685, -193, -1587, 658, -199, 0, 0, 0
L -1615, 698, -194, -1606, 685, -193, 0, 0, 0
L -1632, 709, -194, -1615, 698, -194, 0, 0, 0
L -1660, 716, -194, -1632, 709, -194, 0, 0, 0
L -1675, 714, -194, -1660, 716, -194, 0, 0, 0
L -1689, 703, -193, -1675, 714, -194, 0, 0, 0
L -1707, 687, -193, -1689, 703, -193, 0, 0, 0
L -1714, 669, -194, -1707, 687, -193, 0, 0, 0
L -1713, 645, -202, -1714, 669, -194, 0, 0, 0
L -1723, 600, -190, -1713, 645, -202, 0, 0, 0
L -1724, 580, -196, -1723, 600, -190, 0, 0, 0
L -1731, 561, -193, -1724, 580, -196, 0, 0, 0
L -1733, 547, -201, -1731, 561, -193, 0, 0, 0
L -1745, 538, -189, -1733, 547, -201, 0, 0, 0
L -1753, 529, -202, -1745, 538, -189, 0, 0, 0
L -1787, 509, -205, -1753, 529, -202, 0, 0, 0
L -1789, 488, -206, -1787, 509, -205, 0, 0, 0
L -1796, 473, -207, -1789, 488, -206, 0, 0, 0
L -1807, 460, -190, -1796, 473, -207, 0, 0, 0
L -1818, 454, -195, -1807, 460, -190, 0, 0, 0
L -1823, 449, -205, -1818, 454, -195, 0, 0, 0
L -1830, 434, -197, -1823, 449, -205, 0, 0, 0
L -1833, 432, -197, -1830, 434, -197, 0, 0, 0
L -1848, 426, -197, -1833, 432, -197, 0, 0, 0
L -1855, 424, -199, -1848, 426, -197, 0, 0, 0
L -1878, 431, -207, -1855, 424, -199, 0, 0, 0
L -1882, 437, -206, -1878, 431, -207, 0, 0, 0
L -1892, 456, -206, -1882, 437, -206, 0, 0, 0
L -1900, 580, -206, -1892, 456, -206, 0, 0, 0
L -1903, 612, -206, -1900, 580, -206, 0, 0, 0
L -1908, 632, -206, -1903, 612, -206, 0, 0, 0
L -1916, 655, -205, -1908, 632, -206, 0, 0, 0
L -1928, 683, -190, -1915, 655, -202, 0, 0, 0
L -1953, 699, -188, -1928, 683, -190, 0, 0, 0
L -1965, 693, -188, -1953, 699, -188, 0, 0, 0
L -1979, 685, -189, -1965, 693, -188, 0, 0, 0
L -1988, 645, -192, -1979, 685, -189, 0, 0, 0
L -1990, 619, -202, -1988, 645, -192, 0, 0, 0
L -1988, 608, -206, -1990, 619, -202, 0, 0, 0
L -1987, 577, -194, -1988, 608, -206, 0, 0, 0
L -1986, 559, -204, -1987, 577, -194, 0, 0, 0
L -1995, 535, -198, -1986, 559, -204, 0, 0, 0
L -2004, 513, -202, -1995, 535, -198, 0, 0, 0
L -2012, 503, -201, -2004, 513, -202, 0, 0, 0
L -2013, 496, -207, -2012, 503, -201, 0, 0, 0
L -2008, 483, -201, -2013, 496, -207, 0, 0, 0
L -2010, 471, -191, -2008, 483, -201, 0, 0, 0
L -2014, 457, -190, -2010, 471, -191, 0, 0, 0
L -2022, 439, -190, -2014, 457, -190, 0, 0, 0
L -2034, 423, -194, -2022, 439, -190, 0, 0, 0
L -2040, 415, -203, -2034, 423, -194, 0, 0, 0
L -2048, 411, -206, -2040, 415, -203, 0, 0, 0
L -2059, 413, -206, -2048, 411, -206, 0, 0, 0
L -2064, 420, -206, -2059, 413, -206, 0, 0, 0
L -2071, 433, -206, -2064, 420, -206, 0, 0, 0
L -2106, 443, -206, -2071, 433, -206, 0, 0, 0
L -2127, 451, -206, -2106, 443, -206, 0, 0, 0
L -2162, 471, -207, -2127, 451, -206, 0, 0, 0
L -2181, 483, -207, -2162, 471, -207, 0, 0, 0
L -2195, 494, -206, -2181, 483, -207, 0, 0, 0
L -2212, 502, -206, -2195, 494, -206, 0, 0, 0
L -2229, 511, -190, -2212, 502, -206, 0, 0, 0
L -2247, 506, -188, -2229, 511, -190, 0, 0, 0
L -2245, 496, -189, -2247, 506, -188, 0, 0, 0
L -2252, 472, -190, -2246, 478, -195, 0, 0, 0
L -2250, 456, -188, -2252, 472, -190, 0, 0, 0
L -2242, 434, -189, -2250, 456, -188, 0, 0, 0
L -2229, 416, -188, -2242, 434, -189, 0, 0, 0
L -2220, 395, -187, -2229, 416, -188, 0, 0, 0
L -2205, 365, -188, -2220, 395, -187, 0, 0, 0
L -2184, 333, -189, -2205, 365, -188, 0, 0, 0
L -2164, 313, -189, -2184, 333, -189, 0, 0, 0
L -2132, 285, -189, -2164, 313, -189, 0, 0, 0
L -2111, 270, -189, -2132, 285, -189, 0, 0, 0
L -2093, 258, -189, -2111, 270, -189, 0, 0, 0
L -2076, 245, -189, -2093, 258, -189, 0, 0, 0
L -2063, 231, -189, -2076, 245, -189, 0, 0, 0
L -2055, 215, -189, -2063, 231, -189, 0, 0, 0
L -2057, 187, -181, -2055, 215, -189, 0, 0, 0
L -2054, 179, -193, -2057, 187, -181, 0, 0, 0
L -2064, 174, -188, -2054, 179, -193, 0, 0, 0
L -2083, 175, -188, -2064, 174, -188, 0, 0, 0
L -2097, 180, -191, -2083, 175, -188, 0, 0, 0
L -2184, 178, -207, -2097, 180, -191, 0, 0, 0
L -2203, 178, -206, -2184, 178, -207, 0, 0, 0
L -2221, 179, -205, -2203, 178, -206, 0, 0, 0
L -2240, 180, -201, -2221, 179, -205, 0, 0, 0
L -2255, 181, -196, -2240, 180, -201, 0, 0, 0
L -2278, 181, -192, -2255, 181, -196, 0, 0, 0
L -2294, 177, -187, -2278, 181, -192, 0, 0, 0
L -2322, 177, -192, -2294, 177, -187, 0, 0, 0
L -2321, 178, -189, -2322, 177, -192, 0, 0, 0
L -2323, 177, -191, -2321, 178, -189, 0, 0, 0
L -2329, 170, -196, -2323, 177, -191, 0, 0, 0
L -2331, 176, -202, -2329, 170, -196, 0, 0, 0
L -2334, 200, -204, -2331, 176, -202, 0, 0, 0
L -2332, 224, -206, -2334, 200, -204, 0, 0, 0
L -2328, 250, -206, -2332, 224, -206, 0, 0, 0
L -2332, 258, -204, -2328, 250, -206, 0, 0, 0
L -2336, 267, -202, -2332, 258, -204, 0, 0, 0
L -2335, 272, -202, -2336, 267, -202, 0, 0, 0
L -2333, 277, -203, -2335, 272, -202, 0, 0, 0
L -2325, 287, -206, -2333, 277, -203, 0, 0, 0
L -2323, 299, -206, -2325, 287, -206, 0, 0, 0
L -2323, 317, -206, -2323, 299, -206, 0, 0, 0
L -2328, 371, -206, -2323, 317, -206, 0, 0, 0
L -2325, 380, -209, -2328, 371, -206, 0, 0, 0
L -2328, 389, -208, -2325, 380, -209, 0, 0, 0
L -2332, 402, -206, -2328, 389, -208, 0, 0, 0
L -2335, 424, -206, -2332, 402, -206, 0, 0, 0
L -2335, 435, -206, -2335, 424, -206, 0, 0, 0
L -2334, 453, -205, -2335, 435, -206, 0, 0, 0
L -2332, 462, -203, -2334, 453, -205, 0, 0, 0
L -2329, 471, -189, -2332, 462, -203, 0, 0, 0
L -2323, 470, -191, -2329, 471, -189, 0, 0, 0
L -2305, 472, -193, -2323, 470, -191, 0, 0, 0
L -2303, 474, -195, -2305, 472, -193, 0, 0, 0
L -2290, 476, -196, -2303, 474, -195, 0, 0, 0
L -2274, 476, -194, -2290, 476, -196, 0, 0, 0
L -2264, 475, -191, -2274, 476, -194, 0, 0, 0
L -2246, 478, -192, -2264, 475, -191, 0, 0, 0
L -2247, 497, -188, -2243, 495, -188, 0, 0, 0
L -2258, 496, -190, -2247, 497, -188, 0, 0, 0
L -2262, 499, -190, -2258, 496, -190, 0, 0, 0
L -2281, 503, -195, -2262, 499, -190, 0, 0, 0
L -2294, 503, -195, -2281, 503, -195, 0, 0, 0
L -2309, 502, -192, -2294, 503, -195, 0, 0, 0
L -2314, 500, -193, -2309, 502, -192, 0, 0, 0
L -2321, 498, -193, -2314, 500, -193, 0, 0, 0
L -2333, 499, -201, -2321, 498, -193, 0, 0, 0
L -2339, 507, -202, -2333, 499, -201, 0, 0, 0
L -2353, 512, -202, -2339, 507, -202, 0, 0, 0
L -2376, 517, -206, -2353, 512, -202, 0, 0, 0
L -2403, 524, -206, -2376, 517, -206, 0, 0, 0
L -2428, 524, -206, -2403, 524, -206, 0, 0, 0
L -2459, 511, -206, -2428, 524, -206, 0, 0, 0
L -2491, 489, -206, -2459, 511, -206, 0, 0, 0
L -2512, 457, -206, -2491, 489, -206, 0, 0, 0
L -2528, 424, -206, -2512, 457, -206, 0, 0, 0
L -2535, 394, -207, -2528, 424, -206, 0, 0, 0
L -2540, 349, -206, -2535, 394, -207, 0, 0, 0
L -2539, 330, -206, -2540, 349, -206, 0, 0, 0
L -2535, 288, -206, -2539, 330, -206, 0, 0, 0
L -2525, 273, -203, -2535, 288, -206, 0, 0, 0
L -2523, 267, -202, -2525, 273, -203, 0, 0, 0
L -2525, 260, -204, -2523, 267, -202, 0, 0, 0
L -2530, 249, -206, -2525, 260, -204, 0, 0, 0
L -2528, 228, -206, -2530, 249, -206, 0, 0, 0
L -2529, 221, -206, -2528, 228, -206, 0, 0, 0
L -2538, 131, -206, -2529, 221, -206, 0, 0, 0
L -2540, 104, -206, -2538, 131, -206, 0, 0, 0
L -2539, 89, -203, -2540, 104, -206, 0, 0, 0
L -2538, 78, -198, -2539, 89, -203, 0, 0, 0
L -2544, 78, -190, -2538, 78, -198, 0, 0, 0
L -2545, 78, -190, -2544, 78, -190, 0, 0, 0
L -2575, 71, -190, -2545, 78, -190, 0, 0, 0
L -2584, 72, -191, -2575, 71, -190, 0, 0, 0
L -2607, 76, -196, -2584, 72, -191, 0, 0, 0
L -2638, 80, -205, -2607, 76, -196, 0, 0, 0
L -2654, 79, -207, -2638, 80, -205, 0, 0, 0
L -2668, 83, -207, -2654, 79, -207, 0, 0, 0
L -2677, 89, -206, -2668, 83, -207, 0, 0, 0
L -2681, 94, -203, -2677, 89, -206, 0, 0, 0
L -2686, 113, -195, -2681, 94, -203, 0, 0, 0
L -2695, 130, -192, -2686, 113, -195, 0, 0, 0
L -2703, 148, -188, -2695, 130, -192, 0, 0, 0
L -2708, 170, -187, -2703, 148, -188, 0, 0, 0
L 533, -296, -119, 514, -296, -119, 0, 0, 0
L 514, -296, -119, 509, -302, -118, 0, 0, 0
L 509, -302, -118, 506, -309, -118, 0, 0, 0
L 506, -309, -118, 506, -317, -118, 0, 0, 0
L 506, -317, -118, 510, -326, -118, 0, 0, 0
L 510, -326, -118, 515, -335, -118, 0, 0, 0
L 515, -335, -118, 524, -342, -114, 0, 0, 0
L 524, -342, -114, 535, -355, -113, 0, 0, 0
L 535, -355, -113, 541, -369, -109, 0, 0, 0
L 541, -369, -109, 544, -392, -106, 0, 0, 0
L 544, -392, -106, 538, -413, -105, 0, 0, 0
L 538, -413, -105, 525, -428, -105, 0, 0, 0
L 525, -428, -105, 508, -441, -103, 0, 0, 0
L 508, -441, -103, 490, -446, -99, 0, 0, 0
L 490, -446, -99, 471, -446, -100, 0, 0, 0
L 471, -446, -100, 452, -438, -101, 0, 0, 0
L 452, -438, -101, 448, -436, -101, 0, 0, 0
L 448, -436, -101, 441, -430, -105, 0, 0, 0
L 441, -430, -105, 434, -429, -106, 0, 0, 0
L 434, -429, -106, 425, -431, -117, 0, 0, 0
L 425, -431, -117, 422, -437, -116, 0, 0, 0
L 422, -437, -116, 407, -452, -114, 0, 0, 0
L 407, -452, -114, 398, -460, -113, 0, 0, 0
L 398, -460, -113, 391, -459, -115, 0, 0, 0
L 391, -459, -115, 385, -453, -119, 0, 0, 0
L 385, -453, -119, 383, -452, -119, 0, 0, 0
L 383, -452, -119, 377, -451, -120, 0, 0, 0
L 377, -451, -120, 370, -454, -120, 0, 0, 0
L 370, -454, -120, 365, -461, -118, 0, 0, 0
L 365, -461, -118, 364, -467, -115, 0, 0, 0
L 364, -467, -115, 361, -472, -108, 0, 0, 0
L 361, -472, -108, 360, -473, -107, 0, 0, 0
L 360, -473, -107, 330, -472, -107, 0, 0, 0
L 330, -472, -107, 302, -469, -114, 0, 0, 0
L 302, -469, -114, 280, -466, -119, 0, 0, 0
L 280, -466, -119, 292, -464, -119, 0, 0, 0
L 292, -464, -119, 290, -456, -114, 0, 0, 0
L 290, -456, -114, 272, -456, -107, 0, 0, 0
L 272, -456, -107, 268, -456, -108, 0, 0, 0
L 268, -456, -108, 258, -464, -124, 0, 0, 0
L 258, -464, -124, 241, -479, -124, 0, 0, 0
L 241, -479, -124, 226, -510, -126, 0, 0, 0
L 226, -510, -126, 221, -536, -127, 0, 0, 0
L 221, -536, -127, 220, -556, -128, 0, 0, 0
L 220, -556, -128, 218, -575, -130, 0, 0, 0
L 218, -575, -130, 208, -568, -126, 0, 0, 0
L 208, -568, -126, 187, -570, -124, 0, 0, 0
L 187, -570, -124, 181, -572, -124, 0, 0, 0
L 181, -572, -124, 171, -584, -128, 0, 0, 0
L 171, -584, -128, 157, -609, -135, 0, 0, 0
L 157, -609, -135, 126, -613, -137, 0, 0, 0
L 126, -613, -137, 110, -619, -138, 0, 0, 0
L 110, -619, -138, 89, -633, -138, 0, 0, 0
L 89, -633, -138, 66, -665, -143, 0, 0, 0
L 66, -665, -143, 46, -671, -144, 0, 0, 0
L 46, -671, -144, 7, -678, -152, 0, 0, 0
L 7, -678, -152, -58, -659, -150, 0, 0, 0
L -58, -659, -150, -92, -656, -148, 0, 0, 0
L -92, -656, -148, -124, -667, -149, 0, 0, 0
L -124, -667, -149, -143, -687, -149, 0, 0, 0
L -143, -687, -149, -155, -703, -149, 0, 0, 0
L -155, -703, -149, -181, -732, -147, 0, 0, 0
L -181, -732, -147, -200, -736, -149, 0, 0, 0
L -200, -736, -149, -223, -732, -154, 0, 0, 0
L -223, -732, -154, -277, -681, -158, 0, 0, 0
L -277, -681, -158, -329, -589, -163, 0, 0, 0
L -329, -589, -163, -348, -523, -172, 0, 0, 0
L -348, -523, -173, -342, -470, -175, 0, 0, 0
L -342, -470, -175, -345, -408, -177, 0, 0, 0
L -345, -408, -177, -360, -367, -177, 0, 0, 0
L -360, -367, -177, -361, -348, -179, 0, 0, 0
L -361, -348, -179, -386, -327, -180, 0, 0, 0
L -386, -327, -180, -454, -309, -178, 0, 0, 0
L -454, -309, -178, -487, -287, -179, 0, 0, 0
L -487, -287, -179, -533, -243, -178, 0, 0, 0
L -533, -243, -178, -571, -224, -187, 0, 0, 0
L -571, -224, -187, -607, -198, -191, 0, 0, 0
L -607, -198, -191, -608, -165, -190, 0, 0, 0
L -608, -165, -190, -607, -155, -186, 0, 0, 0
L -607, -155, -186, -620, -144, -185, 0, 0, 0
L -620, -144, -185, -627, -134, -187, 0, 0, 0
L -627, -134, -187, -636, -130, -185, 0, 0, 0
L -636, -130, -185, -649, -125, -185, 0, 0, 0
L -649, -125, -185, -661, -127, -183, 0, 0, 0
L -661, -127, -183, -670, -134, -181, 0, 0, 0
L -670, -134, -181, -677, -144, -182, 0, 0, 0
L -677, -144, -182, -680, -160, -181, 0, 0, 0
L -680, -160, -181, -676, -176, -178, 0, 0, 0
L -676, -176, -178, -668, -195, -174, 0, 0, 0
L -668, -195, -174, -658, -211, -168, 0, 0, 0
L -658, -211, -168, -650, -232, -163, 0, 0, 0
L -650, -232, -163, -652, -252, -158, 0, 0, 0
L -652, -252, -158, -662, -270, -155, 0, 0, 0
L -662, -270, -155, -678, -283, -153, 0, 0, 0
L -678, -283, -153, -696, -289, -151, 0, 0, 0
L -696, -289, -151, -716, -286, -149, 0, 0, 0
L -716, -286, -149, -751, -263, -149, 0, 0, 0
L -751, -263, -149, -759, -261, -149, 0, 0, 0
L -759, -261, -149, -774, -269, -160, 0, 0, 0
L -774, -269, -160, -785, -272, -162, 0, 0, 0
L -785, -272, -162, -798, -274, -167, 0, 0, 0
L -798, -274, -167, -821, -262, -180, 0, 0, 0
L -821, -262, -180, -857, -240, -179, 0, 0, 0
L -857, -240, -179, -881, -230, -182, 0, 0, 0
L -881, -230, -182, -908, -235, -183, 0, 0, 0
L -908, -235, -183, -916, -246, -182, 0, 0, 0
L -916, -246, -182, -921, -272, -184, 0, 0, 0
L -921, -272, -184, -914, -290, -185, 0, 0, 0
L -914, -290, -185, -902, -319, -186, 0, 0, 0
L -902, -319, -186, -861, -372, -183, 0, 0, 0
L -861, -372, -183, -903, -367, -195, 0, 0, 0
L -889, -366, -201, -903, -367, -195, 0, 0, 0
L -904, -367, -195, -928, -386, -189, 0, 0, 0
L -928, -386, -189, -942, -402, -180, 0, 0, 0
L -942, -402, -180, -941, -435, -178, 0, 0, 0
L -941, -435, -178, -935, -463, -167, 0, 0, 0
L -935, -463, -167, -920, -495, -172, 0, 0, 0
L -920, -495, -172, -910, -517, -176, 0, 0, 0
L -910, -517, -176, -909, -531, -172, 0, 0, 0
L -909, -531, -172, -956, -546, -172, 0, 0, 0
L -956, -546, -172, -1003, -533, -173, 0, 0, 0
L -1003, -533, -173, -1088, -423, -174, 0, 0, 0
L -1088, -423, -174, -1094, -420, -173, 0, 0, 0
L -1094, -420, -173, -1163, -393, -188, 0, 0, 0
L -1163, -393, -188, -1185, -336, -194, 0, 0, 0
L -1185, -336, -194, -1174, -285, -200, 0, 0, 0
L -1174, -285, -200, -1192, -258, -194, 0, 0, 0
L -1192, -258, -194, -1199, -256, -202, 0, 0, 0
L -1199, -256, -202, -1225, -263, -211, 0, 0, 0
L -1225, -263, -211, -1276, -263, -203, 0, 0, 0
L -1276, -263, -203, -1333, -232, -203, 0, 0, 0
L -1333, -232, -203, -1354, -218, -205, 0, 0, 0
L -1354, -218, -205, -1379, -198, -202, 0, 0, 0
L -1379, -198, -202, -1384, -186, -199, 0, 0, 0
L -1384, -186, -199, -1386, -162, -197, 0, 0, 0
L -1386, -162, -197, -1389, -141, -198, 0, 0, 0
L -1389, -141, -198, -1383, -137, -192, 0, 0, 0
L -1383, -137, -192, -1378, -136, -189, 0, 0, 0
L -1378, -136, -189, -1358, -106, -200, 0, 0, 0
L -1358, -106, -200, -1350, -85, -200, 0, 0, 0
L -1350, -85, -200, -1347, -56, -199, 0, 0, 0
L -1347, -56, -199, -1345, -47, -198, 0, 0, 0
L -1345, -47, -198, -1328, -19, -201, 0, 0, 0
L -1328, -19, -201, -1320, -7, -204, 0, 0, 0
L -1320, -7, -204, -1315, 26, -208, 0, 0, 0
L -1315, 26, -208, -1315, 31, -209, 0, 0, 0
L -1315, 31, -209, -1332, 56, -206, 0, 0, 0
L -1332, 56, -206, -1349, 67, -201, 0, 0, 0
L -1349, 67, -201, -1370, 76, -198, 0, 0, 0
L -1370, 76, -198, -1389, 91, -201, 0, 0, 0
L -1389, 91, -201, -1425, 124, -208, 0, 0, 0
L -1425, 124, -208, -1449, 134, -207, 0, 0, 0
L -1449, 134, -207, -1465, 139, -208, 0, 0, 0
L -1465, 139, -208, -1476, 145, -199, 0, 0, 0
L -1476, 145, -199, -1482, 158, -208, 0, 0, 0
L -1482, 158, -208, -1490, 171, -208, 0, 0, 0
L -1490, 171, -208, -1492, 184, -202, 0, 0, 0
L -1492, 184, -202, -1498, 184, -199, 0, 0, 0
L -1498, 184, -199, -1512, 184, -200, 0, 0, 0
L -1512, 184, -200, -1515, 184, -198, 0, 0, 0
L -1515, 184, -198, -1539, 188, -201, 0, 0, 0
L -1539, 188, -201, -1567, 188, -195, 0, 0, 0
L -1567, 188, -195, -1585, 189, -194, 0, 0, 0
L -1585, 189, -194, -1622, 197, -203, 0, 0, 0
L -1622, 197, -203, -1636, 205, -203, 0, 0, 0
L -1636, 205, -203, -1640, 207, -203, 0, 0, 0
L -1640, 207, -203, -1646, 200, -203, 0, 0, 0
L -1646, 200, -203, -1660, 189, -203, 0, 0, 0
L -1660, 189, -203, -1670, 185, -202, 0, 0, 0
L -1670, 185, -202, -1684, 181, -202, 0, 0, 0
L -1684, 181, -202, -1697, 182, -201, 0, 0, 0
L -1697, 182, -201, -1704, 182, -202, 0, 0, 0
L -1704, 182, -202, -1708, 182, -206, 0, 0, 0
L -1708, 182, -206, -1714, 174, -206, 0, 0, 0
L -1714, 174, -206, -1721, 168, -206, 0, 0, 0
L -1721, 168, -206, -1732, 163, -206, 0, 0, 0
L -1732, 163, -206, -1743, 166, -206, 0, 0, 0
L -1743, 166, -206, -1749, 162, -206, 0, 0, 0
L -1749, 162, -206, -1748, 155, -206, 0, 0, 0
L -1748, 155, -206, -1748, 154, -206, 0, 0, 0
L -1748, 154, -206, -1729, 142, -206, 0, 0, 0
L -1729, 142, -206, -1717, 115, -206, 0, 0, 0
L -1717, 115, -206, -1713, 100, -206, 0, 0, 0
L -1713, 100, -206, -1712, 83, -206, 0, 0, 0
L -1712, 83, -206, -1715, 71, -206, 0, 0, 0
L -1715, 71, -206, -1733, 65, -206, 0, 0, 0
L -1733, 65, -206, -1757, 71, -206, 0, 0, 0
L -1757, 71, -206, -1769, 78, -204, 0, 0, 0
L -1769, 78, -204, -1778, 82, -198, 0, 0, 0
L -1778, 82, -198, -1794, 81, -189, 0, 0, 0
L -1794, 81, -189, -1818, 88, -188, 0, 0, 0
L -1818, 88, -188, -1842, 101, -189, 0, 0, 0
L -1842, 101, -189, -1859, 115, -188, 0, 0, 0
L -1859, 115, -188, -1868, 126, -190, 0, 0, 0
L -1868, 126, -190, -1878, 141, -189, 0, 0, 0
L -1878, 141, -189, -1888, 152, -189, 0, 0, 0
L -1888, 152, -189, -1899, 154, -189, 0, 0, 0
L -1899, 154, -189, -1913, 153, -189, 0, 0, 0
L -1913, 153, -189, -1925, 150, -206, 0, 0, 0
L -1925, 150, -206, -1942, 129, -206, 0, 0, 0
L -1942, 129, -206, -1956, 111, -206, 0, 0, 0
L -1956, 111, -206, -1972, 86, -206, 0, 0, 0
L -1972, 86, -206, -1993, 62, -206, 0, 0, 0
L -1993, 62, -206, -2014, 44, -199, 0, 0, 0
L -2014, 44, -199, -2028, 32, -190, 0, 0, 0
L -2028, 32, -190, -2054, 23, -190, 0, 0, 0
L -2054, 23, -190, -2065, 27, -207, 0, 0, 0
L -2065, 27, -207, -2069, 44, -199, 0, 0, 0
L -2069, 44, -199, -2071, 58, -188, 0, 0, 0
L -2071, 58, -188, -2056, 86, -189, 0, 0, 0
L -2056, 86, -189, -2053, 113, -188, 0, 0, 0
L -2053, 113, -188, -2057, 143, -188, 0, 0, 0
L -2057, 143, -188, -2065, 149, -188, 0, 0, 0
L -2065, 149, -188, -2080, 148, -187, 0, 0, 0
L -2080, 148, -187, -2093, 146, -189, 0, 0, 0
L -2093, 146, -189, -2103, 140, -191, 0, 0, 0
L -2103, 140, -191, -2133, 134, -198, 0, 0, 0
L -2133, 134, -198, -2158, 132, -204, 0, 0, 0
L -2158, 132, -204, -2181, 128, -207, 0, 0, 0
L -2181, 128, -207, -2215, 124, -206, 0, 0, 0
L -2215, 124, -206, -2233, 127, -204, 0, 0, 0
L -2233, 127, -204, -2258, 135, -196, 0, 0, 0
L -2258, 135, -196, -2282, 143, -191, 0, 0, 0
L -2282, 143, -191, -2293, 146, -188, 0, 0, 0
L -2293, 146, -188, -2306, 146, -189, 0, 0, 0
L -2306, 146, -189, -2314, 145, -190, 0, 0, 0
L -2314, 145, -190, -2324, 146, -191, 0, 0, 0
L -2324, 146, -191, -2330, 147, -189, 0, 0, 0
L -2330, 147, -189, -2330, 142, -191, 0, 0, 0
L -2330, 142, -191, -2331, 118, -184, 0, 0, 0
L -2331, 118, -184, -2344, 98, -184, 0, 0, 0
L -2344, 98, -184, -2360, 82, -184, 0, 0, 0
L -2360, 82, -184, -2381, 67, -184, 0, 0, 0
L -2381, 67, -184, -2395, 47, -184, 0, 0, 0
L -2395, 47, -184, -2410, 28, -184, 0, 0, 0
L -2410, 28, -184, -2429, 10, -183, 0, 0, 0
L -2429, 10, -183, -2453, -0, -184, 0, 0, 0
L -2453, -0, -184, -2476, -4, -183, 0, 0, 0
L -2476, -4, -183, -2509, 0, -184, 0, 0, 0
L -2509, 0, -184, -2528, 19, -184, 0, 0, 0
L -2528, 19, -184, -2532, 35, -187, 0, 0, 0
L -2532, 35, -187, -2531, 47, -203, 0, 0, 0
L -2531, 47, -203, -2550, 43, -189, 0, 0, 0
L -2550, 43, -189, -2565, 41, -189, 0, 0, 0
L -2565, 41, -189, -2576, 38, -190, 0, 0, 0
L -2576, 38, -190, -2597, 32, -193, 0, 0, 0
L -2597, 32, -193, -2635, 27, -204, 0, 0, 0
L -2635, 27, -204, -2651, 25, -206, 0, 0, 0
L -2651, 25, -206, -2669, 31, -206, 0, 0, 0
L -2669, 31, -206, -2697, 42, -207, 0, 0, 0
L -2697, 42, -207, -2711, 57, -205, 0, 0, 0
L -2711, 57, -205, -2721, 72, -203, 0, 0, 0
L -2721, 72, -203, -2727, 96, -196, 0, 0, 0
L -2727, 96, -196, -2731, 117, -191, 0, 0, 0
L -2731, 117, -191, -2731, 131, -190, 0, 0, 0
L -2731, 131, -190, -2729, 141, -188, 0, 0, 0
L -2729, 141, -188, -2729, 153, -187, 0, 0, 0
L -2729, 153, -187, -2731, 162, -187, 0, 0, 0
L -2731, 162, -187, -2726, 169, -189, 0, 0, 0
L -2726, 169, -189, -2708, 170, -187, 0, 0, 0
L -1919, 249, -208, -1906, 256, -208, 0, 0, 0
L -1906, 256, -208, -1898, 259, -208, 0, 0, 0
L -1898, 259, -208, -1887, 259, -208, 0, 0, 0
L -1887, 259, -208, -1878, 261, -209, 0, 0, 0
L -1878, 261, -209, -1871, 268, -208, 0, 0, 0
L -1871, 268, -208, -1869, 275, -208, 0, 0, 0
L -1869, 275, -208, -1871, 283, -206, 0, 0, 0
L -1871, 283, -206, -1869, 290, -206, 0, 0, 0
L -1869, 290, -206, -1860, 300, -206, 0, 0, 0
L -1860, 300, -206, -1852, 313, -209, 0, 0, 0
L -1852, 313, -209, -1853, 324, -208, 0, 0, 0
L -1853, 324, -208, -1856, 333, -208, 0, 0, 0
L -1856, 333, -208, -1863, 336, -208, 0, 0, 0
L -1863, 336, -208, -1870, 336, -209, 0, 0, 0
L -1870, 336, -209, -1878, 334, -208, 0, 0, 0
L -1878, 334, -208, -1892, 322, -208, 0, 0, 0
L -1892, 322, -208, -1906, 316, -208, 0, 0, 0
L -1906, 316, -208, -1920, 312, -208, 0, 0, 0
L -1920, 312, -208, -1930, 308, -208, 0, 0, 0
L -1930, 308, -208, -1943, 300, -208, 0, 0, 0
L -1943, 300, -208, -1951, 289, -208, 0, 0, 0
L -1951, 289, -208, -1954, 281, -208, 0, 0, 0
L -1954, 281, -208, -1956, 268, -209, 0, 0, 0
L -1956, 268, -209, -1955, 252, -209, 0, 0, 0
L -1955, 252, -209, -1955, 246, -208, 0, 0, 0
L -1955, 246, -208, -1945, 237, -208, 0, 0, 0
L -1945, 237, -208, -1938, 237, -208, 0, 0, 0
L -1938, 237, -208, -1929, 240, -208, 0, 0, 0
L -1929, 240, -208, -1919, 249, -207, 0, 0, 0
L -1740, 274, -206, -1736, 260, -192, 0, 0, 0
L -1736, 260, -192, -1731, 238, -190, 0, 0, 0
L -1731, 238, -190, -1723, 223, -206, 0, 0, 0
L -1723, 223, -206, -1714, 212, -205, 0, 0, 0
L -1714, 212, -205, -1709, 204, -198, 0, 0, 0
L -1709, 204, -198, -1706, 200, -197, 0, 0, 0
L -1706, 200, -197, -1699, 198, -200, 0, 0, 0
L -1699, 198, -200, -1693, 198, -201, 0, 0, 0
L -1693, 198, -201, -1683, 202, -197, 0, 0, 0
L -1683, 202, -197, -1670, 206, -195, 0, 0, 0
L -1670, 206, -195, -1660, 214, -196, 0, 0, 0
L -1660, 214, -196, -1658, 222, -203, 0, 0, 0
L -1658, 222, -203, -1673, 234, -203, 0, 0, 0
L -1673, 234, -203, -1676, 243, -203, 0, 0, 0
L -1676, 243, -203, -1675, 252, -203, 0, 0, 0
L -1675, 252, -203, -1660, 270, -203, 0, 0, 0
L -1660, 270, -203, -1651, 282, -198, 0, 0, 0
L -1651, 282, -198, -1648, 287, -198, 0, 0, 0
L -1648, 287, -198, -1642, 301, -194, 0, 0, 0
L -1642, 301, -194, -1637, 318, -191, 0, 0, 0
L -1637, 318, -191, -1632, 338, -190, 0, 0, 0
L -1632, 338, -190, -1624, 367, -191, 0, 0, 0
L -1624, 367, -191, -1618, 383, -196, 0, 0, 0
L -1618, 383, -196, -1614, 406, -203, 0, 0, 0
L -1614, 406, -203, -1620, 429, -195, 0, 0, 0
L -1620, 429, -195, -1629, 444, -190, 0, 0, 0
L -1629, 444, -190, -1634, 447, -190, 0, 0, 0
L -1634, 447, -190, -1638, 448, -195, 0, 0, 0
L -1638, 448, -195, -1651, 447, -201, 0, 0, 0
L -1651, 447, -201, -1660, 440, -205, 0, 0, 0
L -1660, 440, -205, -1660, 428, -190, 0, 0, 0
L -1660, 428, -190, -1666, 410, -190, 0, 0, 0
L -1666, 410, -190, -1683, 396, -206, 0, 0, 0
L -1683, 396, -206, -1683, 377, -200, 0, 0, 0
L -1683, 377, -200, -1692, 355, -190, 0, 0, 0
L -1692, 355, -190, -1713, 346, -207, 0, 0, 0
L -1713, 346, -207, -1718, 342, -206, 0, 0, 0
L -1718, 342, -206, -1719, 333, -192, 0, 0, 0
L -1719, 333, -192, -1738, 321, -206, 0, 0, 0
L -1738, 321, -206, -1750, 315, -206, 0, 0, 0
L -1750, 315, -206, -1755, 304, -206, 0, 0, 0
L -1755, 304, -206, -1751, 292, -197, 0, 0, 0
L -1751, 292, -197, -1749, 284, -194, 0, 0, 0
L -1749, 284, -194, -1740, 274, -206, 0, 0, 0
L -1611, 216, -190, -1587, 212, -194, 0, 0, 0
L -1587, 212, -194, -1550, 211, -190, 0, 0, 0
L -1550, 211, -190, -1546, 211, -190, 0, 0, 0
L -1546, 211, -190, -1522, 209, -190, 0, 0, 0
L -1522, 209, -190, -1517, 208, -192, 0, 0, 0
L -1517, 208, -192, -1499, 206, -190, 0, 0, 0
L -1499, 206, -190, -1494, 207, -192, 0, 0, 0
L -1494, 207, -192, -1487, 211, -202, 0, 0, 0
L -1487, 211, -202, -1491, 218, -201, 0, 0, 0
L -1491, 218, -201, -1492, 230, -204, 0, 0, 0
L -1492, 230, -204, -1492, 232, -204, 0, 0, 0
L -1492, 232, -204, -1423, 232, -197, 0, 0, 0
L -1423, 232, -197, -1383, 240, -199, 0, 0, 0
L -1383, 240, -199, -1369, 244, -199, 0, 0, 0
L -1369, 244, -199, -1355, 258, -198, 0, 0, 0
L -1355, 258, -198, -1355, 273, -198, 0, 0, 0
L -1355, 273, -198, -1366, 285, -201, 0, 0, 0
L -1366, 285, -201, -1403, 295, -199, 0, 0, 0
L -1403, 295, -199, -1414, 297, -198, 0, 0, 0
L -1414, 297, -198, -1464, 296, -199, 0, 0, 0
L -1464, 296, -199, -1495, 298, -202, 0, 0, 0
L -1495, 298, -202, -1503, 302, -205, 0, 0, 0
L -1503, 302, -205, -1503, 312, -204, 0, 0, 0
L -1503, 312, -204, -1498, 317, -205, 0, 0, 0
L -1498, 317, -205, -1499, 318, -204, 0, 0, 0
L -1499, 318, -204, -1502, 323, -200, 0, 0, 0
L -1502, 323, -200, -1520, 323, -203, 0, 0, 0
L -1520, 323, -203, -1537, 322, -202, 0, 0, 0
L -1537, 322, -202, -1561, 316, -192, 0, 0, 0
L -1561, 316, -192, -1576, 314, -190, 0, 0, 0
L -1576, 314, -190, -1601, 317, -194, 0, 0, 0
L -1601, 317, -194, -1615, 313, -201, 0, 0, 0
L -1615, 313, -201, -1620, 290, -198, 0, 0, 0
L -1620, 290, -198, -1625, 279, -199, 0, 0, 0
L -1625, 279, -199, -1637, 264, -196, 0, 0, 0
L -1637, 264, -196, -1646, 252, -190, 0, 0, 0
L -1646, 252, -190, -1651, 246, -191, 0, 0, 0
L -1651, 246, -191, -1640, 236, -192, 0, 0, 0
L -1640, 236, -192, -1629, 228, -190, 0, 0, 0
L -1629, 228, -190, -1618, 219, -190, 0, 0, 0
L -1618, 219, -190, -1610, 215, -190, 0, 0, 0
L -1608, 342, -203, -1601, 337, -202, 0, 0, 0
L -1601, 337, -202, -1592, 336, -202, 0, 0, 0
L -1592, 336, -202, -1574, 337, -203, 0, 0, 0
L -1574, 337, -203, -1570, 338, -203, 0, 0, 0
L -1570, 338, -203, -1574, 351, -193, 0, 0, 0
L -1574, 351, -193, -1575, 376, -190, 0, 0, 0
L -1575, 376, -190, -1573, 391, -190, 0, 0, 0
L -1573, 391, -190, -1575, 411, -193, 0, 0, 0
L -1575, 411, -193, -1578, 433, -203, 0, 0, 0
L -1578, 433, -203, -1589, 455, -202, 0, 0, 0
L -1589, 455, -202, -1597, 484, -193, 0, 0, 0
L -1597, 484, -193, -1600, 499, -191, 0, 0, 0
L -1600, 499, -191, -1603, 518, -191, 0, 0, 0
L -1603, 518, -191, -1609, 532, -191, 0, 0, 0
L -1609, 532, -191, -1617, 551, -186, 0, 0, 0
L -1617, 551, -186, -1625, 570, -180, 0, 0, 0
L -1625, 570, -180, -1630, 579, -178, 0, 0, 0
L -1630, 579, -178, -1641, 591, -180, 0, 0, 0
L -1641, 591, -180, -1659, 607, -187, 0, 0, 0
L -1659, 607, -187, -1676, 619, -190, 0, 0, 0
L -1676, 619, -190, -1689, 627, -195, 0, 0, 0
L -1689, 627, -195, -1699, 614, -203, 0, 0, 0
L -1699, 614, -203, -1702, 587, -203, 0, 0, 0
L -1702, 587, -203, -1705, 568, -200, 0, 0, 0
L -1705, 568, -200, -1704, 559, -196, 0, 0, 0
L -1704, 559, -196, -1701, 554, -191, 0, 0, 0
L -1701, 554, -191, -1701, 549, -198, 0, 0, 0
L -1701, 549, -198, -1697, 541, -194, 0, 0, 0
L -1697, 541, -194, -1698, 532, -190, 0, 0, 0
L -1698, 532, -190, -1690, 530, -187, 0, 0, 0
L -1690, 530, -187, -1672, 518, -188, 0, 0, 0
L -1672, 518, -188, -1690, 530, -187, 0, 0, 0
L -1690, 530, -187, -1671, 518, -188, 0, 0, 0
L -1671, 518, -188, -1659, 501, -188, 0, 0, 0
L -1659, 501, -188, -1655, 482, -189, 0, 0, 0
L -1655, 482, -189, -1653, 478, -189, 0, 0, 0
L -1653, 478, -189, -1649, 476, -187, 0, 0, 0
L -1649, 476, -187, -1644, 472, -201, 0, 0, 0
L -1644, 472, -201, -1631, 472, -198, 0, 0, 0
L -1631, 472, -198, -1615, 462, -201, 0, 0, 0
L -1615, 462, -201, -1605, 454, -195, 0, 0, 0
L -1605, 454, -195, -1597, 438, -199, 0, 0, 0
L -1597, 438, -199, -1592, 422, -205, 0, 0, 0
L -1592, 422, -205, -1590, 401, -207, 0, 0, 0
L -1590, 401, -207, -1592, 383, -203, 0, 0, 0
L -1592, 383, -203, -1601, 361, -200, 0, 0, 0
L -1601, 361, -200, -1608, 342, -202, 0, 0, 0
L -1284, 457, -205, -1291, 448, -205, 0, 0, 240
L -1291, 448, -205, -1298, 444, -205, 0, 0, 240
L -1298, 444, -205, -1304, 445, -205, 0, 0, 240
L -1304, 445, -205, -1311, 453, -205, 0, 0, 240
L -1311, 453, -205, -1311, 464, -205, 0, 0, 240
L -1311, 464, -205, -1313, 475, -205, 0, 0, 240
L -1313, 475, -205, -1319, 484, -205, 0, 0, 240
L -1319, 484, -205, -1319, 489, -205, 0, 0, 240
L -1319, 489, -205, -1315, 498, -205, 0, 0, 240
L -1315, 498, -205, -1312, 503, -205, 0, 0, 240
L -1312, 503, -205, -1294, 521, -205, 0, 0, 240
L -1294, 521, -205, -1289, 533, -205, 0, 0, 240
L -1289, 533, -205, -1284, 536, -205, 0, 0, 240
L -1284, 536, -205, -1280, 536, -205, 0, 0, 240
L -1280, 536, -205, -1273, 531, -205, 0, 0, 240
L -1273, 531, -205, -1268, 520, -205, 0, 0, 240
L -1268, 520, -205, -1264, 501, -205, 0, 0, 240
L -1264, 501, -205, -1265, 493, -205, 0, 0, 240
L -1265, 493, -205, -1268, 485, -205, 0, 0, 240
L -1268, 485, -205, -1274, 479, -205, 0, 0, 240
L -1274, 479, -205, -1280, 476, -205, 0, 0, 240
L -1280, 476, -205, -1284, 457, -205, 0, 0, 240
L -1148, 791, -210, -1150, 800, -197, 0, 0, 0
L -1150, 800, -197, -1156, 801, -191, 0, 0, 0
L -1156, 801, -191, -1171, 800, -213, 0, 0, 0
L -1171, 800, -213, -1180, 795, -213, 0, 0, 0
L -1180, 795, -213, -1184, 790, -215, 0, 0, 0
L -1184, 790, -215, -1185, 785, -214, 0, 0, 0
L -1185, 785, -214, -1196, 784, -214, 0, 0, 0
L -1196, 784, -214, -1205, 781, -215, 0, 0, 0
L -1205, 781, -215, -1206, 778, -214, 0, 0, 0
L -1206, 778, -214, -1207, 775, -215, 0, 0, 0
L -1207, 775, -215, -1206, 768, -213, 0, 0, 0
L -1206, 768, -213, -1198, 765, -211, 0, 0, 0
L -1198, 765, -211, -1192, 763, -216, 0, 0, 0
L -1192, 763, -216, -1182, 763, -216, 0, 0, 0
L -1182, 763, -216, -1174, 764, -216, 0, 0, 0
L -1174, 764, -216, -1169, 767, -216, 0, 0, 0
L -1169, 767, -216, -1169, 773, -215, 0, 0, 0
L -1169, 773, -215, -1163, 781, -215, 0, 0, 0
L -1163, 781, -215, -1157, 787, -215, 0, 0, 0
L -1157, 787, -215, -1149, 790, -213, 0, 0, 0
L -1149, 790, -213, -1148, 791, -212, 0, 0, 0
L -1114, 395, -216, -1125, 409, -217, 0, 0, 0
L -1125, 409, -217, -1134, 419, -217, 0, 0, 0
L -1134, 419, -217, -1139, 422, -217, 0, 0, 0
L -1139, 422, -217, -1145, 423, -217, 0, 0, 0
L -1145, 423, -217, -1155, 422, -217, 0, 0, 0
L -1155, 422, -217, -1162, 419, -217, 0, 0, 0
L -1162, 419, -217, -1166, 431, -216, 0, 0, 0
L -1166, 431, -216, -1182, 427, -216, 0, 0, 0
L -1182, 427, -216, -1186, 419, -216, 0, 0, 0
L -1186, 419, -216, -1175, 398, -216, 0, 0, 0
L -1175, 398, -216, -1183, 400, -216, 0, 0, 0
L -1183, 400, -216, -1192, 393, -216, 0, 0, 0
L -1192, 393, -216, -1196, 382, -215, 0, 0, 0
L -1196, 382, -215, -1198, 376, -215, 0, 0, 0
L -1198, 376, -215, -1190, 373, -215, 0, 0, 0
L -1190, 373, -215, -1180, 371, -215, 0, 0, 0
L -1180, 371, -215, -1168, 378, -216, 0, 0, 0
L -1168, 378, -216, -1167, 369, -215, 0, 0, 0
L -1167, 369, -215, -1160, 357, -215, 0, 0, 0
L -1160, 357, -215, -1156, 352, -215, 0, 0, 0
L -1156, 352, -215, -1147, 348, -215, 0, 0, 0
L -1147, 348, -215, -1137, 352, -210, 0, 0, 0
L -1137, 352, -210, -1125, 360, -215, 0, 0, 0
L -1125, 360, -215, -1117, 368, -216, 0, 0, 0
L -1117, 368, -216, -1109, 378, -215, 0, 0, 0
L -1109, 378, -215, -1107, 385, -215, 0, 0, 0
L -1107, 385, -215, -1109, 392, -215, 0, 0, 0
L -1109, 392, -215, -1114, 395, -216, 0, 0, 0
L -1003, 377, -199, -1011, 380, -201, 0, 0, 0
L -1011, 380, -201, -1022, 377, -202, 0, 0, 0
L -1022, 377, -202, -1025, 376, -203, 0, 0, 0
L -1025, 376, -203, -1027, 370, -203, 0, 0, 0
L -1027, 370, -203, -1025, 367, -203, 0, 0, 0
L -1025, 367, -203, -1021, 363, -202, 0, 0, 0
L -1021, 363, -202, -1027, 359, -203, 0, 0, 0
L -1027, 359, -203, -1028, 353, -203, 0, 0, 0
L -1028, 353, -203, -1027, 349, -203, 0, 0, 0
L -1027, 349, -203, -1027, 348, -202, 0, 0, 0
L -1027, 348, -202, -1020, 346, -202, 0, 0, 0
L -1020, 346, -202, -1018, 341, -202, 0, 0, 0
L -1018, 341, -202, -1014, 339, -201, 0, 0, 0
L -1014, 339, -201, -1008, 333, -200, 0, 0, 0
L -1008, 333, -200, -1005, 332, -198, 0, 0, 0
L -1005, 332, -198, -998, 335, -191, 0, 0, 0
L -998, 335, -191, -985, 336, -191, 0, 0, 0
L -985, 336, -191, -978, 342, -188, 0, 0, 0
L -978, 342, -188, -977, 351, -182, 0, 0, 0
L -977, 351, -182, -971, 349, -195, 0, 0, 0
L -971, 349, -195, -963, 346, -193, 0, 0, 0
L -963, 346, -193, -955, 351, -186, 0, 0, 0
L -955, 351, -186, -952, 357, -186, 0, 0, 0
L -952, 357, -186, -957, 365, -186, 0, 0, 0
L -957, 365, -186, -957, 370, -182, 0, 0, 0
L -957, 370, -182, -955, 376, -183, 0, 0, 0
L -955, 376, -183, -958, 388, -192, 0, 0, 0
L -958, 388, -192, -971, 387, -194, 0, 0, 0
L -971, 387, -194, -979, 381, -195, 0, 0, 0
L -979, 381, -195, -985, 387, -196, 0, 0, 0
L -985, 387, -196, -1000, 384, -199, 0, 0, 0
L -1000, 384, -199, -1003, 377, -199, 0, 0, 0
L -1167, 121, -214, -1154, 118, -213, 0, 0, 0
L -1154, 118, -213, -1149, 122, -213, 0, 0, 0
L -1149, 122, -213, -1148, 129, -213, 0, 0, 0
L -1148, 129, -213, -1154, 139, -208, 0, 0, 0
L -1154, 139, -208, -1164, 148, -212, 0, 0, 0
L -1164, 148, -212, -1185, 141, -215, 0, 0, 0
L -1185, 141, -215, -1189, 145, -215, 0, 0, 0
L -1189, 145, -215, -1194, 149, -216, 0, 0, 0
L -1194, 149, -216, -1204, 146, -206, 0, 0, 0
L -1204, 146, -206, -1214, 150, -216, 0, 0, 0
L -1214, 150, -216, -1221, 154, -216, 0, 0, 0
L -1221, 154, -216, -1227, 151, -216, 0, 0, 0
L -1227, 151, -216, -1233, 146, -216, 0, 0, 0
L -1233, 146, -216, -1235, 137, -217, 0, 0, 0
L -1235, 137, -217, -1229, 127, -217, 0, 0, 0
L -1229, 127, -217, -1229, 113, -215, 0, 0, 0
L -1229, 113, -215, -1222, 106, -215, 0, 0, 0
L -1222, 106, -215, -1218, 100, -217, 0, 0, 0
L -1218, 100, -217, -1206, 88, -217, 0, 0, 0
L -1206, 88, -217, -1180, 78, -215, 0, 0, 0
L -1180, 78, -215, -1168, 72, -214, 0, 0, 0
L -1168, 72, -214, -1166, 71, -214, 0, 0, 0
L -1166, 71, -214, -1157, 75, -214, 0, 0, 0
L -1157, 75, -214, -1153, 83, -213, 0, 0, 0
L -1153, 83, -213, -1151, 87, -213, 0, 0, 0
L -1151, 87, -213, -1156, 102, -213, 0, 0, 0
L -1156, 102, -213, -1162, 111, -204, 0, 0, 0
L -1162, 111, -204, -1167, 121, -214, 0, 0, 0
L -1061, 199, -198, -1073, 192, -201, 0, 0, 0
L -1073, 192, -201, -1084, 177, -204, 0, 0, 0
L -1084, 177, -204, -1092, 165, -206, 0, 0, 0
L -1092, 165, -206, -1097, 146, -206, 0, 0, 0
L -1097, 146, -206, -1101, 126, -206, 0, 0, 0
L -1101, 126, -206, -1102, 114, -206, 0, 0, 0
L -1102, 114, -206, -1099, 90, -206, 0, 0, 0
L -1099, 90, -206, -1089, 80, -203, 0, 0, 0
L -1089, 80, -203, -1077, 71, -201, 0, 0, 0
L -1077, 71, -201, -1062, 69, -199, 0, 0, 0
L -1062, 69, -199, -1049, 66, -196, 0, 0, 0
L -1049, 66, -196, -1036, 55, -195, 0, 0, 0
L -1036, 55, -195, -1025, 42, -193, 0, 0, 0
L -1025, 42, -193, -1010, 30, -189, 0, 0, 0
L -1010, 30, -189, -997, 10, -188, 0, 0, 0
L -997, 10, -188, -992, -0, -188, 0, 0, 0
L -992, -0, -188, -975, -9, -186, 0, 0, 0
L -973, 20, -186, -986, 30, -187, 0, 0, 0
L -986, 30, -187, -1000, 44, -189, 0, 0, 0
L -1000, 44, -189, -1007, 53, -191, 0, 0, 0
L -1007, 53, -191, -1013, 66, -193, 0, 0, 0
L -1013, 66, -193, -1011, 80, -191, 0, 0, 0
L -1011, 80, -191, -1009, 91, -190, 0, 0, 0
L -1009, 91, -190, -1004, 98, -190, 0, 0, 0
L -1004, 98, -190, -1002, 105, -189, 0, 0, 0
L -1002, 105, -189, -1000, 115, -189, 0, 0, 0
L -1000, 115, -189, -1000, 127, -189, 0, 0, 0
L -1000, 127, -189, -1005, 143, -190, 0, 0, 0
L -1005, 143, -190, -1007, 163, -191, 0, 0, 0
L -1007, 163, -191, -1009, 170, -191, 0, 0, 0
L -1009, 170, -191, -1018, 192, -193, 0, 0, 0
L -1018, 192, -193, -1010, 203, -191, 0, 0, 0
L -1010, 203, -191, -999, 215, -186, 0, 0, 0
L -999, 215, -186, -986, 231, -186, 0, 0, 0
L -986, 231, -186, -981, 240, -185, 0, 0, 0
L -984, 257, -186, -1006, 232, -189, 0, 0, 0
L -1006, 232, -189, -1020, 217, -193, 0, 0, 0
L -1020, 217, -193, -1032, 208, -194, 0, 0, 0
L -1032, 208, -194, -1040, 204, -195, 0, 0, 0
L -1040, 204, -195, -1053, 199, -197, 0, 0, 0
L -1053, 199, -197, -1061, 199, -198, 0, 0, 0
