P 164.0190, -1232.8500, -66.3520,  0, 240, 0,  2,  West_Freeport
P 1842.2371, -690.3950, -36.6850,  0, 240, 0,  2,  East_Freeport
P 1610.4960, -717.0820, -52.7520,  0, 0, 0,  2,  Brewer_Bessie_Bobbin
P 1624.6580, -693.6650, -58.7720,  0, 0, 0,  2,  Trader_Shady_Bobbin
P 1828.2650, -49.3830, -44.9220,  0, 240, 0,  2,  East_Freeport
P 1410.8361, -78.4450, -61.6530,  0, 240, 0,  2,  East_Freeport
P 1413.0662, -662.0985, -84.6043,  127, 0, 0,  3,  Karl_Kranigan_+_4_Exterminators
P 1357.6619, -439.3510, -81.0345,  127, 0, 0,  3,  Version_3+2_dwarves+3_beetlebots
P 1305.0057, -355.9116, -86.8320,  127, 0, 0,  3,  Dwarf_Ambush_(see_invis)
P 869.9460, -529.3860, -92.0051,  127, 0, 0,  3,  Fangbot
P 1638.5194, -337.0351, -84.1726,  127, 0, 0,  3,  angry_helibot/Version_4
P 175.1459, -167.2232, -106.2577,  127, 0, 0,  3,  Necha_Tron/Version_2
P 75.8279, 30.3588, -69.6191,  0, 127, 0,  3,  Gilamin
P 997.3048, -652.3324, -90.7730,  127, 0, 0,  3,  Version_1
