L 101, -307, -57, 109, -307, -59, 0, 0, 0
L 99, -307, -57, 101, -307, -57, 0, 0, 0
L 92, -308, -57, 99, -307, -57, 0, 0, 0
L 90, -308, -57, 92, -308, -57, 0, 0, 0
L 89, -309, -57, 90, -308, -57, 0, 0, 0
L 87, -310, -57, 89, -309, -57, 0, 0, 0
L 85, -310, -57, 87, -310, -57, 0, 0, 0
L 84, -312, -57, 85, -310, -57, 0, 0, 0
L 82, -314, -57, 84, -312, -57, 0, 0, 0
L 80, -317, -57, 82, -314, -57, 0, 0, 0
L 79, -321, -57, 80, -317, -57, 0, 0, 0
L 78, -326, -57, 79, -321, -57, 0, 0, 0
L 79, -328, -57, 78, -326, -57, 0, 0, 0
L 80, -332, -57, 79, -328, -57, 0, 0, 0
L 86, -338, -57, 80, -332, -57, 0, 0, 0
L 90, -340, -57, 86, -338, -57, 0, 0, 0
L 91, -341, -57, 90, -340, -57, 0, 0, 0
L 109, -343, -57, 91, -341, -57, 0, 0, 0
L 91, -349, -63, 110, -349, -63, 0, 0, 0
L 84, -348, -63, 91, -349, -63, 0, 0, 0
L 82, -348, -63, 84, -348, -63, 0, 0, 0
L 77, -345, -63, 82, -348, -63, 0, 0, 0
L 73, -342, -63, 77, -345, -63, 0, 0, 0
L 71, -341, -63, 73, -342, -63, 0, 0, 0
L 68, -336, -63, 71, -341, -63, 0, 0, 0
L 66, -331, -63, 68, -336, -63, 0, 0, 0
L 66, -320, -63, 66, -331, -63, 0, 0, 0
L 67, -318, -63, 66, -320, -63, 0, 0, 0
L 67, -317, -63, 67, -318, -63, 0, 0, 0
L 69, -313, -63, 67, -317, -63, 0, 0, 0
L 70, -312, -63, 69, -313, -63, 0, 0, 0
L 74, -306, -63, 70, -312, -63, 0, 0, 0
L 76, -305, -63, 74, -306, -63, 0, 0, 0
L 83, -302, -63, 76, -305, -63, 0, 0, 0
L 110, -300, -63, 83, -302, -63, 0, 0, 0
L 34, -242, -49, 26, -242, -45, 0, 0, 0
L 36, -243, -50, 34, -242, -49, 0, 0, 0
L 38, -243, -51, 36, -243, -50, 0, 0, 0
L 39, -242, -51, 38, -243, -51, 0, 0, 0
L 58, -242, -51, 39, -242, -51, 0, 0, 0
L 61, -243, -51, 58, -242, -51, 0, 0, 0
L 62, -243, -51, 61, -243, -51, 0, 0, 0
L 64, -242, -52, 62, -243, -51, 0, 0, 0
L 65, -240, -52, 64, -242, -52, 0, 0, 0
L 65, -238, -52, 65, -240, -52, 0, 0, 0
L 100, -238, -69, 65, -238, -52, 0, 0, 0
L 101, -238, -70, 100, -238, -69, 0, 0, 0
L 107, -238, -73, 101, -238, -70, 0, 0, 0
L 108, -238, -74, 107, -238, -73, 0, 0, 0
L 110, -238, -74, 108, -238, -74, 0, 0, 0
L 110, -240, -75, 110, -238, -74, 0, 0, 0
L 110, -242, -75, 110, -240, -75, 0, 0, 0
L 112, -243, -75, 110, -242, -75, 0, 0, 0
L 114, -242, -76, 112, -243, -75, 0, 0, 0
L 133, -242, -76, 114, -242, -76, 0, 0, 0
L 133, -290, -88, 133, -242, -76, 0, 0, 0
L 133, -292, -88, 133, -290, -88, 0, 0, 0
L 137, -293, -88, 133, -292, -88, 0, 0, 0
L 139, -292, -88, 137, -293, -88, 0, 0, 0
L 257, -292, -136, 139, -292, -88, 0, 0, 0
L 259, -292, -136, 257, -292, -136, 0, 0, 0
L 260, -293, -137, 259, -292, -136, 0, 0, 0
L 262, -293, -138, 260, -293, -137, 0, 0, 0
L 263, -292, -138, 262, -293, -138, 0, 0, 0
L 264, -290, -138, 263, -292, -138, 0, 0, 0
L 264, -288, -138, 264, -290, -138, 0, 0, 0
L 284, -288, -138, 264, -288, -138, 0, 0, 0
L 285, -289, -138, 284, -288, -138, 0, 0, 0
L 285, -291, -138, 285, -289, -138, 0, 0, 0
L 286, -293, -138, 285, -291, -138, 0, 0, 0
L 288, -293, -138, 286, -293, -138, 0, 0, 0
L 290, -291, -138, 288, -293, -138, 0, 0, 0
L 290, -289, -138, 290, -291, -138, 0, 0, 0
L 289, -288, -138, 290, -289, -138, 0, 0, 0
L 289, -253, -138, 289, -288, -138, 0, 0, 0
L 300, -253, -138, 289, -253, -138, 0, 0, 0
L 302, -252, -138, 300, -253, -138, 0, 0, 0
L 301, -250, -138, 302, -252, -138, 0, 0, 0
L 289, -250, -138, 301, -250, -138, 0, 0, 0
L 289, -214, -138, 289, -250, -138, 0, 0, 0
L 322, -214, -138, 289, -214, -138, 0, 0, 0
L 322, -249, -138, 322, -214, -138, 0, 0, 0
L 311, -250, -138, 322, -249, -138, 0, 0, 0
L 310, -251, -138, 311, -250, -138, 0, 0, 0
L 310, -252, -138, 310, -251, -138, 0, 0, 0
L 337, -253, -138, 310, -252, -138, 0, 0, 0
L 338, -251, -138, 337, -253, -138, 0, 0, 0
L 338, -250, -138, 338, -251, -138, 0, 0, 0
L 326, -250, -138, 338, -250, -138, 0, 0, 0
L 325, -215, -138, 326, -250, -138, 0, 0, 0
L 326, -214, -138, 325, -215, -138, 0, 0, 0
L 358, -214, -138, 326, -214, -138, 0, 0, 0
L 359, -249, -138, 358, -214, -138, 0, 0, 0
L 348, -250, -138, 359, -249, -138, 0, 0, 0
L 346, -250, -138, 348, -250, -138, 0, 0, 0
L 346, -252, -138, 346, -250, -138, 0, 0, 0
L 357, -253, -138, 346, -252, -138, 0, 0, 0
L 359, -253, -138, 357, -253, -138, 0, 0, 0
L 359, -258, -138, 359, -253, -138, 0, 0, 0
L 362, -260, -138, 359, -258, -138, 0, 0, 0
L 366, -258, -138, 362, -260, -138, 0, 0, 0
L 366, -253, -138, 366, -258, -138, 0, 0, 0
L 373, -253, -138, 366, -253, -138, 0, 0, 0
L 375, -251, -138, 373, -253, -138, 0, 0, 0
L 374, -250, -138, 375, -251, -138, 0, 0, 0
L 362, -250, -138, 374, -250, -138, 0, 0, 0
L 362, -216, -138, 362, -250, -138, 0, 0, 0
L 363, -214, -138, 362, -216, -138, 0, 0, 0
L 395, -214, -138, 363, -214, -138, 0, 0, 0
L 395, -249, -138, 395, -214, -138, 0, 0, 0
L 384, -250, -138, 395, -249, -138, 0, 0, 0
L 383, -250, -138, 384, -250, -138, 0, 0, 0
L 383, -252, -138, 383, -250, -138, 0, 0, 0
L 396, -253, -138, 383, -252, -138, 0, 0, 0
L 398, -252, -138, 396, -253, -138, 0, 0, 0
L 398, -215, -138, 398, -252, -138, 0, 0, 0
L 399, -214, -138, 398, -215, -138, 0, 0, 0
L 436, -214, -138, 399, -214, -138, 0, 0, 0
L 436, -336, -138, 436, -214, -138, 0, 0, 0
L 417, -336, -138, 436, -336, -138, 0, 0, 0
L 416, -311, -138, 417, -336, -138, 0, 0, 0
L 416, -310, -135, 416, -311, -138, 0, 0, 0
L 415, -308, -138, 416, -310, -135, 0, 0, 0
L 413, -309, -135, 415, -308, -138, 0, 0, 0
L 413, -333, -138, 413, -309, -135, 0, 0, 0
L 413, -335, -138, 413, -333, -138, 0, 0, 0
L 412, -336, -138, 413, -335, -138, 0, 0, 0
L 406, -336, -138, 412, -336, -138, 0, 0, 0
L 401, -336, -137, 406, -336, -138, 0, 0, 0
L 399, -336, -138, 401, -336, -137, 0, 0, 0
L 392, -336, -138, 399, -336, -138, 0, 0, 0
L 391, -312, -137, 392, -336, -138, 0, 0, 0
L 391, -310, -135, 391, -312, -137, 0, 0, 0
L 390, -308, -138, 391, -310, -135, 0, 0, 0
L 388, -309, -135, 390, -308, -138, 0, 0, 0
L 388, -335, -138, 388, -309, -135, 0, 0, 0
L 387, -336, -138, 388, -335, -138, 0, 0, 0
L 382, -336, -138, 387, -336, -138, 0, 0, 0
L 380, -336, -137, 382, -336, -138, 0, 0, 0
L 376, -336, -134, 380, -336, -137, 0, 0, 0
L 375, -336, -138, 376, -336, -134, 0, 0, 0
L 367, -336, -138, 375, -336, -138, 0, 0, 0
L 366, -302, -138, 367, -336, -138, 0, 0, 0
L 364, -301, -138, 366, -302, -138, 0, 0, 0
L 362, -301, -138, 364, -301, -138, 0, 0, 0
L 359, -302, -138, 362, -301, -138, 0, 0, 0
L 359, -307, -138, 359, -302, -138, 0, 0, 0
L 361, -310, -138, 359, -307, -138, 0, 0, 0
L 362, -311, -138, 361, -310, -138, 0, 0, 0
L 362, -336, -138, 362, -311, -138, 0, 0, 0
L 356, -336, -138, 362, -336, -138, 0, 0, 0
L 351, -336, -137, 356, -336, -138, 0, 0, 0
L 350, -336, -137, 351, -336, -137, 0, 0, 0
L 348, -336, -138, 350, -336, -137, 0, 0, 0
L 341, -336, -138, 348, -336, -138, 0, 0, 0
L 341, -312, -138, 341, -336, -138, 0, 0, 0
L 341, -310, -136, 341, -312, -138, 0, 0, 0
L 340, -308, -138, 341, -310, -136, 0, 0, 0
L 338, -309, -135, 340, -308, -138, 0, 0, 0
L 337, -333, -138, 338, -309, -135, 0, 0, 0
L 337, -336, -138, 337, -333, -138, 0, 0, 0
L 316, -336, -138, 337, -336, -138, 0, 0, 0
L 316, -311, -138, 316, -336, -138, 0, 0, 0
L 316, -310, -136, 316, -311, -138, 0, 0, 0
L 315, -308, -136, 316, -310, -136, 0, 0, 0
L 313, -309, -135, 315, -308, -136, 0, 0, 0
L 312, -334, -138, 313, -309, -135, 0, 0, 0
L 312, -335, -138, 312, -334, -138, 0, 0, 0
L 311, -336, -138, 312, -335, -138, 0, 0, 0
L 289, -336, -138, 311, -336, -138, 0, 0, 0
L 289, -313, -138, 289, -336, -138, 0, 0, 0
L 290, -311, -138, 289, -313, -138, 0, 0, 0
L 290, -309, -138, 290, -311, -138, 0, 0, 0
L 288, -307, -138, 290, -309, -138, 0, 0, 0
L 286, -307, -138, 288, -307, -138, 0, 0, 0
L 285, -309, -138, 286, -307, -138, 0, 0, 0
L 285, -312, -138, 285, -309, -138, 0, 0, 0
L 280, -312, -138, 285, -312, -138, 0, 0, 0
L 278, -313, -138, 280, -312, -138, 0, 0, 0
L 275, -313, -138, 278, -313, -138, 0, 0, 0
L 272, -312, -138, 275, -313, -138, 0, 0, 0
L 270, -313, -138, 272, -312, -138, 0, 0, 0
L 269, -313, -138, 270, -313, -138, 0, 0, 0
L 267, -312, -138, 269, -313, -138, 0, 0, 0
L 265, -313, -138, 267, -312, -138, 0, 0, 0
L 264, -311, -138, 265, -313, -138, 0, 0, 0
L 264, -309, -138, 264, -311, -138, 0, 0, 0
L 263, -308, -138, 264, -309, -138, 0, 0, 0
L 147, -308, -88, 263, -308, -138, 0, 0, 0
L 141, -308, -88, 147, -308, -88, 0, 0, 0
L 139, -307, -88, 141, -308, -88, 0, 0, 0
L 137, -307, -88, 139, -307, -88, 0, 0, 0
L 136, -308, -88, 137, -307, -88, 0, 0, 0
L 118, -308, -88, 136, -308, -88, 0, 0, 0
L 117, -261, -76, 118, -308, -88, 0, 0, 0
L 117, -260, -76, 117, -261, -76, 0, 0, 0
L 116, -258, -76, 117, -260, -76, 0, 0, 0
L 115, -258, -76, 116, -258, -76, 0, 0, 0
L 113, -257, -75, 115, -258, -76, 0, 0, 0
L 111, -258, -75, 113, -257, -75, 0, 0, 0
L 110, -260, -75, 111, -258, -75, 0, 0, 0
L 110, -262, -74, 110, -260, -75, 0, 0, 0
L 108, -262, -74, 110, -262, -74, 0, 0, 0
L 66, -263, -52, 108, -262, -74, 0, 0, 0
L 65, -261, -52, 66, -263, -52, 0, 0, 0
L 65, -259, -52, 65, -261, -52, 0, 0, 0
L 64, -257, -51, 65, -259, -52, 0, 0, 0
L 62, -257, -51, 64, -257, -51, 0, 0, 0
L 60, -258, -51, 62, -257, -51, 0, 0, 0
L 58, -258, -51, 60, -258, -51, 0, 0, 0
L 58, -260, -51, 58, -258, -51, 0, 0, 0
L 57, -262, -51, 58, -260, -51, 0, 0, 0
L 57, -264, -52, 57, -262, -51, 0, 0, 0
L 58, -266, -53, 57, -264, -52, 0, 0, 0
L 58, -268, -54, 58, -266, -53, 0, 0, 0
L 57, -287, -63, 58, -268, -54, 0, 0, 0
L 57, -289, -63, 57, -287, -63, 0, 0, 0
L 59, -290, -63, 57, -289, -63, 0, 0, 0
L 61, -290, -63, 59, -290, -63, 0, 0, 0
L 63, -289, -63, 61, -290, -63, 0, 0, 0
L 107, -289, -63, 63, -289, -63, 0, 0, 0
L 108, -290, -63, 107, -289, -63, 0, 0, 0
L 108, -291, -63, 108, -290, -63, 0, 0, 0
L 110, -292, -63, 108, -291, -63, 0, 0, 0
L 111, -297, -63, 110, -292, -63, 0, 0, 0
L 110, -299, -63, 111, -297, -63, 0, 0, 0
L 111, -301, -62, 110, -299, -63, 0, 0, 0
L 110, -302, -61, 111, -301, -62, 0, 0, 0
L 109, -307, -57, 110, -302, -61, 0, 0, 0
L 109, -309, -57, 109, -307, -57, 0, 0, 0
L 111, -310, -57, 109, -309, -57, 0, 0, 0
L 111, -338, -57, 111, -310, -57, 0, 0, 0
L 110, -339, -57, 111, -338, -57, 0, 0, 0
L 109, -344, -59, 110, -339, -57, 0, 0, 0
L 109, -346, -61, 109, -344, -59, 0, 0, 0
L 110, -348, -61, 109, -346, -61, 0, 0, 0
L 110, -356, -63, 110, -348, -61, 0, 0, 0
L 110, -357, -63, 110, -356, -63, 0, 0, 0
L 109, -358, -63, 110, -357, -63, 0, 0, 0
L 108, -360, -63, 109, -358, -63, 0, 0, 0
L 108, -361, -63, 108, -360, -63, 0, 0, 0
L 63, -361, -63, 108, -361, -63, 0, 0, 0
L 62, -360, -63, 63, -361, -63, 0, 0, 0
L 58, -360, -63, 62, -360, -63, 0, 0, 0
L 58, -414, -88, 58, -360, -63, 0, 0, 0
L 58, -416, -88, 58, -414, -88, 0, 0, 0
L 59, -417, -88, 58, -416, -88, 0, 0, 0
L 61, -417, -88, 59, -417, -88, 0, 0, 0
L 62, -418, -88, 61, -417, -88, 0, 0, 0
L 64, -418, -89, 62, -418, -88, 0, 0, 0
L 65, -415, -89, 64, -418, -89, 0, 0, 0
L 65, -413, -89, 65, -415, -89, 0, 0, 0
L 70, -413, -92, 65, -413, -89, 0, 0, 0
L 86, -413, -100, 70, -413, -92, 0, 0, 0
L 95, -413, -101, 86, -413, -100, 0, 0, 0
L 136, -413, -101, 95, -413, -101, 0, 0, 0
L 138, -413, -100, 136, -413, -101, 0, 0, 0
L 139, -413, -101, 138, -413, -100, 0, 0, 0
L 159, -413, -101, 139, -413, -101, 0, 0, 0
L 33, -59, -1, 38, -58, -1, 0, 0, 0
L 38, -58, -1, 88, -44, -0, 0, 0, 0
L 88, -44, -0, 90, -42, -0, 0, 0, 0
L 90, -42, -0, 91, -42, -0, 0, 0, 0
L 91, -42, -0, 93, -41, -0, 0, 0, 0
L 93, -41, -0, 133, -13, -0, 0, 0, 0
L 133, -13, -0, 137, -10, -0, 0, 0, 0
L 137, -10, -0, 158, 26, -1, 0, 0, 0
L 158, 26, -1, 160, 31, -1, 0, 0, 0
L 160, 31, -1, 159, 71, -0, 0, 0, 0
L 159, 71, -0, 158, 74, -0, 0, 0, 0
L 158, 74, -0, 152, 84, -0, 0, 0, 0
L 152, 84, -0, 137, 109, -1, 0, 0, 0
L 137, 109, -1, 133, 113, -1, 0, 0, 0
L 133, 113, -1, 92, 142, -0, 0, 0, 0
L 92, 142, -0, 88, 144, -0, 0, 0, 0
L 88, 144, -0, 58, 152, -1, 0, 0, 0
L 58, 152, -1, 34, 159, -0, 0, 0, 0
L 34, 159, -0, 32, 159, -0, 0, 0, 0
L 32, 159, -0, 29, 160, 1, 0, 0, 0
L 29, 160, 1, 28, 153, 1, 0, 0, 0
L 28, 153, 1, 28, 151, 1, 0, 0, 0
L 28, 151, 1, 28, 149, -1, 0, 0, 0
L 28, 149, -1, 25, 151, -1, 0, 0, 0
L 25, 151, -1, 24, 151, -1, 0, 0, 0
L 24, 151, -1, 22, 150, -0, 0, 0, 0
L 22, 150, -0, -11, 150, 1, 0, 0, 0
L -11, 150, 1, -21, 150, 1, 0, 0, 0
L -21, 150, 1, -23, 151, 0, 0, 0, 0
L -23, 151, 0, -28, 151, 0, 0, 0, 0
L -28, 151, 0, -29, 153, 1, 0, 0, 0
L -29, 153, 1, -29, 160, 1, 0, 0, 0
L -29, 160, 1, -31, 159, 1, 0, 0, 0
L -31, 159, 1, -35, 159, -0, 0, 0, 0
L -35, 159, -0, -89, 143, -1, 0, 0, 0
L -89, 143, -1, -93, 141, -1, 0, 0, 0
L -93, 141, -1, -134, 113, -0, 0, 0, 0
L -134, 113, -0, -137, 109, -1, 0, 0, 0
L -137, 109, -1, -159, 74, -1, 0, 0, 0
L -159, 74, -1, -160, 69, -1, 0, 0, 0
L -160, 69, -1, -160, 31, -1, 0, 0, 0
L -160, 31, -1, -159, 26, -1, 0, 0, 0
L -159, 26, -1, -137, -10, -1, 0, 0, 0
L -137, -10, -1, -134, -13, -1, 0, 0, 0
L -134, -13, -1, -93, -41, -0, 0, 0, 0
L -93, -41, -0, -92, -42, -0, 0, 0, 0
L -92, -42, -0, -89, -43, -0, 0, 0, 0
L -89, -43, -0, -35, -59, -1, 0, 0, 0
L -35, -59, -1, -29, -59, -1, 0, 0, 0
L -29, -59, -1, -27, -59, -0, 0, 0, 0
L -27, -59, -0, -26, -58, -0, 0, 0, 0
L -26, -58, -0, -24, -57, -0, 0, 0, 0
L -24, -57, -0, -22, -57, -0, 0, 0, 0
L -22, -57, -0, -20, -58, -1, 0, 0, 0
L -20, -58, -1, -20, -59, -1, 0, 0, 0
L -20, -59, -1, -18, -59, -1, 0, 0, 0
L -18, -59, -1, -16, -60, -1, 0, 0, 0
L -16, -60, -1, -14, -59, -1, 0, 0, 0
L -14, -59, -1, -9, -59, -1, 0, 0, 0
L -9, -59, -1, -9, -61, -0, 0, 0, 0
L -9, -61, -0, -8, -66, -1, 0, 0, 0
L -8, -66, -1, -7, -67, -1, 0, 0, 0
L -7, -67, -1, -7, -75, -1, 0, 0, 0
L -7, -75, -1, -6, -75, -1, 0, 0, 0
L -6, -75, -1, -5, -77, -1, 0, 0, 0
L -5, -77, -1, -6, -84, -1, 0, 0, 0
L -6, -84, -1, -6, -109, -1, 0, 0, 0
L -6, -109, -1, -7, -111, -1, 0, 0, 0
L -7, -111, -1, -7, -115, -1, 0, 0, 0
L -7, -115, -1, -8, -117, -2, 0, 0, 0
L -8, -117, -2, -7, -136, -12, 0, 0, 0
L -7, -136, -12, -7, -138, -13, 0, 0, 0
L -7, -138, -13, -7, -142, -13, 0, 0, 0
L -7, -142, -13, -9, -143, -13, 0, 0, 0
L -9, -143, -13, -39, -143, -13, 0, 0, 0
L -39, -143, -13, -41, -142, -13, 0, 0, 0
L -41, -142, -13, -42, -142, -13, 0, 0, 0
L -42, -142, -13, -43, -140, -13, 0, 0, 0
L -43, -140, -13, -57, -140, -13, 0, 0, 0
L -57, -140, -13, -59, -139, -11, 0, 0, 0
L -59, -139, -11, -60, -139, -10, 0, 0, 0
L -60, -139, -10, -62, -139, -9, 0, 0, 0
L -62, -139, -9, -70, -139, -12, 0, 0, 0
L -70, -139, -12, -72, -140, -13, 0, 0, 0
L -72, -140, -13, -84, -140, -13, 0, 0, 0
L -84, -140, -13, -86, -139, -11, 0, 0, 0
L -86, -139, -11, -90, -139, -9, 0, 0, 0
L -90, -139, -9, -97, -139, -12, 0, 0, 0
L -97, -139, -12, -99, -140, -13, 0, 0, 0
L -99, -140, -13, -108, -140, -13, 0, 0, 0
L -108, -140, -13, -108, -142, -13, 0, 0, 0
L -108, -142, -13, -113, -143, -13, 0, 0, 0
L -113, -143, -13, -115, -143, -14, 0, 0, 0
L -115, -143, -14, -117, -142, -14, 0, 0, 0
L -117, -142, -14, -119, -142, -16, 0, 0, 0
L -119, -142, -16, -135, -139, -29, 0, 0, 0
L -135, -139, -29, -142, -136, -31, 0, 0, 0
L -142, -136, -31, -156, -129, -33, 0, 0, 0
L -156, -129, -33, -173, -115, -34, 0, 0, 0
L -173, -115, -34, -185, -95, -33, 0, 0, 0
L -185, -95, -33, -192, -74, -33, 0, 0, 0
L -192, -74, -33, -191, -49, -34, 0, 0, 0
L -191, -49, -34, -185, -29, -38, 0, 0, 0
L -185, -29, -38, -173, -10, -41, 0, 0, 0
L -173, -10, -41, -156, 5, -45, 0, 0, 0
L -156, 5, -45, -135, 14, -48, 0, 0, 0
L -135, 14, -48, -115, 18, -51, 0, 0, 0
L -115, 18, -51, -113, 18, -52, 0, 0, 0
L -113, 18, -52, -111, 18, -52, 0, 0, 0
L -111, 18, -52, -110, 17, -52, 0, 0, 0
L -110, 17, -52, -110, 15, -52, 0, 0, 0
L -110, 15, -52, -88, 15, -52, 0, 0, 0
L -88, 15, -52, -63, 15, -51, 0, 0, 0
L -63, 15, -51, -61, 14, -51, 0, 0, 0
L -61, 14, -51, -60, 14, -51, 0, 0, 0
L -60, 14, -51, -58, 14, -50, 0, 0, 0
L -58, 14, -50, -56, 14, -48, 0, 0, 0
L -56, 14, -48, -54, 14, -49, 0, 0, 0
L -54, 14, -49, -51, 14, -51, 0, 0, 0
L -51, 14, -51, -50, 15, -52, 0, 0, 0
L -50, 15, -52, -48, 15, -49, 0, 0, 0
L -48, 15, -49, -46, 14, -49, 0, 0, 0
L -46, 14, -49, -45, 14, -49, 0, 0, 0
L -45, 14, -49, -43, 14, -50, 0, 0, 0
L -43, 14, -50, -42, 15, -50, 0, 0, 0
L -42, 15, -50, -41, 17, -51, 0, 0, 0
L -41, 17, -51, -40, 19, -51, 0, 0, 0
L -40, 19, -51, -39, 20, -52, 0, 0, 0
L -39, 20, -52, -39, 83, -52, 0, 0, 0
L -39, 83, -52, -41, 83, -52, 0, 0, 0
L -41, 83, -52, -44, 85, -52, 0, 0, 0
L -44, 85, -52, -46, 85, -52, 0, 0, 0
L -46, 85, -52, -48, 85, -51, 0, 0, 0
L -48, 85, -51, -50, 86, -51, 0, 0, 0
L -50, 86, -51, -51, 85, -52, 0, 0, 0
L -51, 85, -52, -111, 85, -52, 0, 0, 0
L -111, 85, -52, -111, 38, -52, 0, 0, 0
L -111, 38, -52, -110, 37, -52, 0, 0, 0
L -110, 37, -52, -110, 33, -52, 0, 0, 0
L -110, 33, -52, -112, 32, -51, 0, 0, 0
L -112, 32, -51, -114, 32, -52, 0, 0, 0
L -114, 32, -52, -116, 32, -51, 0, 0, 0
L -116, 32, -51, -139, 29, -48, 0, 0, 0
L -139, 29, -48, -164, 17, -45, 0, 0, 0
L -164, 17, -45, -184, -0, -41, 0, 0, 0
L -184, -0, -41, -199, -23, -38, 0, 0, 0
L -199, -23, -38, -207, -49, -34, 0, 0, 0
L -207, -49, -34, -206, -78, -33, 0, 0, 0
L -206, -78, -33, -199, -102, -33, 0, 0, 0
L -199, -102, -33, -184, -125, -34, 0, 0, 0
L -184, -125, -34, -164, -142, -33, 0, 0, 0
L -164, -142, -33, -139, -154, -30, 0, 0, 0
L -139, -154, -30, -137, -154, -28, 0, 0, 0
L -137, -154, -28, -115, -157, -15, 0, 0, 0
L -115, -157, -15, -113, -157, -13, 0, 0, 0
L -113, -157, -13, -111, -157, -13, 0, 0, 0
L -111, -157, -13, -110, -159, -13, 0, 0, 0
L -110, -159, -13, -110, -164, -13, 0, 0, 0
L -110, -164, -13, -111, -165, -13, 0, 0, 0
L -111, -165, -13, -111, -208, -13, 0, 0, 0
L -111, -208, -13, -109, -208, -13, 0, 0, 0
L -109, -208, -13, -108, -209, -13, 0, 0, 0
L -108, -209, -13, -106, -210, -13, 0, 0, 0
L -106, -210, -13, -104, -210, -13, 0, 0, 0
L -104, -210, -13, -97, -210, -12, 0, 0, 0
L -97, -210, -12, -95, -211, -11, 0, 0, 0
L -95, -211, -11, -93, -211, -10, 0, 0, 0
L -93, -211, -10, -80, -211, -12, 0, 0, 0
L -80, -211, -12, -78, -210, -13, 0, 0, 0
L -78, -210, -13, -76, -210, -13, 0, 0, 0
L -76, -210, -13, -75, -210, -12, 0, 0, 0
L -75, -210, -12, -73, -211, -11, 0, 0, 0
L -73, -211, -11, -72, -211, -9, 0, 0, 0
L -72, -211, -9, -70, -211, -9, 0, 0, 0
L -70, -211, -9, -62, -211, -12, 0, 0, 0
L -62, -211, -12, -60, -210, -13, 0, 0, 0
L -60, -210, -13, -42, -210, -13, 0, 0, 0
L -42, -210, -13, -42, -208, -13, 0, 0, 0
L -42, -208, -13, -40, -208, -13, 0, 0, 0
L -40, -208, -13, -39, -206, -13, 0, 0, 0
L -39, -206, -13, -39, -163, -13, 0, 0, 0
L -39, -163, -13, -40, -161, -13, 0, 0, 0
L -40, -161, -13, -40, -159, -13, 0, 0, 0
L -40, -159, -13, -39, -157, -13, 0, 0, 0
L -39, -157, -13, -36, -157, -13, 0, 0, 0
L -36, -157, -13, -34, -158, -13, 0, 0, 0
L -34, -158, -13, -23, -158, -13, 0, 0, 0
L -23, -158, -13, -14, -157, -13, 0, 0, 0
L -14, -157, -13, -11, -157, -13, 0, 0, 0
L -11, -157, -13, -7, -159, -13, 0, 0, 0
L -7, -159, -13, -7, -161, -13, 0, 0, 0
L -7, -161, -13, -8, -242, -38, 0, 0, 0
L -112, -243, -39, -119, -242, -39, 0, 0, 0
L -119, -242, -39, -136, -239, -42, 0, 0, 0
L -136, -239, -42, -157, -231, -46, 0, 0, 0
L -157, -231, -46, -158, -229, -47, 0, 0, 0
L -158, -229, -47, -175, -217, -50, 0, 0, 0
L -175, -217, -50, -196, -201, -55, 0, 0, 0
L -196, -201, -55, -221, -191, -59, 0, 0, 0
L -221, -191, -59, -248, -187, -64, 0, 0, 0
L -248, -187, -64, -278, -187, -71, 0, 0, 0
L -278, -187, -71, -320, -187, -76, 0, 0, 0
L -320, -187, -76, -321, -188, -76, 0, 0, 0
L -321, -202, -76, -317, -202, -76, 0, 0, 0
L -317, -202, -76, -247, -202, -64, 0, 0, 0
L -247, -202, -64, -224, -205, -59, 0, 0, 0
L -224, -205, -59, -203, -214, -55, 0, 0, 0
L -203, -214, -55, -181, -231, -50, 0, 0, 0
L -181, -231, -50, -164, -244, -47, 0, 0, 0
L -164, -244, -47, -139, -254, -42, 0, 0, 0
L -139, -254, -42, -111, -258, -39, 0, 0, 0
L -14, -257, -38, -11, -257, -38, 0, 0, 0
L -11, -257, -38, -9, -258, -38, 0, 0, 0
L -9, -258, -38, 2, -258, -38, 0, 0, 0
L 2, -258, -38, 11, -257, -38, 0, 0, 0
L 11, -257, -38, 21, -258, -42, 0, 0, 0
L 21, -258, -42, 30, -258, -46, 0, 0, 0
L 30, -258, -46, 35, -258, -49, 0, 0, 0
L 35, -258, -49, 37, -257, -50, 0, 0, 0
L 37, -257, -50, 39, -257, -51, 0, 0, 0
L 39, -257, -51, 41, -258, -51, 0, 0, 0
L 41, -258, -51, 43, -260, -51, 0, 0, 0
L 43, -260, -51, 42, -291, -63, 0, 0, 0
L 42, -291, -63, 39, -290, -63, 0, 0, 0
L 39, -290, -63, 38, -290, -63, 0, 0, 0
L 38, -290, -63, 36, -289, -63, 0, 0, 0
L 36, -289, -63, 33, -289, -63, 0, 0, 0
L 33, -289, -63, 35, -290, -63, 0, 0, 0
L 35, -290, -63, 33, -289, -63, 0, 0, 0
L 33, -289, -63, 31, -289, -60, 0, 0, 0
L 31, -289, -60, 30, -289, -59, 0, 0, 0
L 30, -289, -59, 17, -289, -63, 0, 0, 0
L 17, -289, -63, 17, -291, -63, 0, 0, 0
L 17, -291, -63, 16, -292, -63, 0, 0, 0
L 16, -292, -63, 15, -294, -63, 0, 0, 0
L 15, -294, -63, 15, -318, -63, 0, 0, 0
L 15, -318, -63, -16, -318, -63, 0, 0, 0
L -16, -318, -63, -16, -316, -63, 0, 0, 0
L -16, -316, -63, -15, -314, -63, 0, 0, 0
L -15, -314, -63, -15, -313, -63, 0, 0, 0
L -15, -313, -63, -14, -311, -62, 0, 0, 0
L -14, -311, -62, -14, -309, -61, 0, 0, 0
L -14, -309, -61, -15, -300, -63, 0, 0, 0
L -15, -300, -63, -20, -298, -63, 0, 0, 0
L -20, -298, -63, -22, -297, -63, 0, 0, 0
L -22, -297, -63, -28, -296, -60, 0, 0, 0
L -28, -296, -60, -29, -297, -61, 0, 0, 0
L -29, -297, -61, -31, -297, -63, 0, 0, 0
L -31, -297, -63, -33, -297, -63, 0, 0, 0
L -33, -297, -63, -35, -296, -63, 0, 0, 0
L -35, -296, -63, -42, -296, -63, 0, 0, 0
L -42, -296, -63, -43, -297, -63, 0, 0, 0
L -43, -297, -63, -42, -297, -63, 0, 0, 0
L -42, -297, -63, -43, -297, -61, 0, 0, 0
L -43, -297, -61, -55, -297, -62, 0, 0, 0
L -55, -297, -62, -56, -297, -63, 0, 0, 0
L -56, -297, -63, -66, -296, -63, 0, 0, 0
L -66, -296, -63, -68, -297, -63, 0, 0, 0
L -68, -297, -63, -85, -296, -63, 0, 0, 0
L -85, -296, -63, -85, -335, -63, 0, 0, 0
L -85, -335, -63, -15, -335, -63, 0, 0, 0
L -15, -335, -63, -15, -334, -63, 0, 0, 0
L -15, -334, -63, -14, -332, -63, 0, 0, 0
L -14, -332, -63, -12, -332, -63, 0, 0, 0
L -12, -332, -63, -8, -333, -63, 0, 0, 0
L -8, -333, -63, 11, -332, -63, 0, 0, 0
L 11, -332, -63, 14, -332, -63, 0, 0, 0
L 14, -332, -63, 15, -333, -63, 0, 0, 0
L 15, -333, -63, 16, -335, -63, 0, 0, 0
L 16, -335, -63, 15, -337, -63, 0, 0, 0
L 15, -337, -63, 15, -339, -62, 0, 0, 0
L 15, -339, -62, 14, -342, -60, 0, 0, 0
L 14, -342, -60, 14, -343, -59, 0, 0, 0
L 14, -343, -59, 14, -358, -62, 0, 0, 0
L 14, -358, -62, 16, -358, -63, 0, 0, 0
L 16, -358, -63, 18, -359, -63, 0, 0, 0
L 18, -359, -63, 18, -361, -63, 0, 0, 0
L 18, -361, -63, 37, -361, -63, 0, 0, 0
L 37, -361, -63, 38, -360, -63, 0, 0, 0
L 38, -360, -63, 42, -360, -63, 0, 0, 0
L 42, -360, -63, 57, -363, -63, 0, 0, 0
L 57, -363, -63, 57, -365, -64, 0, 0, 0
L 133, -284, -86, 132, -243, -76, 0, 0, 0
L 132, -243, -76, 113, -243, -76, 0, 0, 0
L 113, -243, -76, 112, -243, -75, 0, 0, 0
L 112, -243, -75, 110, -243, -74, 0, 0, 0
L 110, -243, -74, 109, -241, -74, 0, 0, 0
L 109, -241, -74, 109, -240, -74, 0, 0, 0
L 109, -240, -74, 108, -238, -73, 0, 0, 0
L 108, -238, -73, 66, -238, -52, 0, 0, 0
L 66, -238, -52, 65, -240, -52, 0, 0, 0
L 65, -240, -52, 65, -242, -52, 0, 0, 0
L 65, -242, -52, 63, -243, -51, 0, 0, 0
L 63, -243, -51, 38, -243, -51, 0, 0, 0
L 38, -243, -51, 36, -243, -50, 0, 0, 0
L 36, -243, -50, 35, -243, -50, 0, 0, 0
L 35, -243, -50, 15, -243, -40, 0, 0, 0
L 15, -243, -40, 14, -244, -39, 0, 0, 0
L 14, -244, -39, 12, -244, -38, 0, 0, 0
L 12, -244, -38, 10, -243, -38, 0, 0, 0
L 10, -243, -38, 9, -243, -38, 0, 0, 0
L 9, -243, -38, 7, -241, -38, 0, 0, 0
L 7, -241, -38, 7, -239, -38, 0, 0, 0
L 7, -239, -38, 8, -209, -26, 0, 0, 0
L 8, -209, -26, 9, -208, -26, 0, 0, 0
L 9, -208, -26, 11, -207, -26, 0, 0, 0
L 11, -207, -26, 13, -207, -25, 0, 0, 0
L 13, -207, -25, 22, -208, -26, 0, 0, 0
L 22, -208, -26, 35, -208, -26, 0, 0, 0
L 35, -208, -26, 37, -207, -25, 0, 0, 0
L 37, -207, -25, 39, -207, -26, 0, 0, 0
L 39, -207, -26, 41, -207, -26, 0, 0, 0
L 41, -207, -26, 50, -210, -26, 0, 0, 0
L 50, -210, -26, 53, -210, -26, 0, 0, 0
L 53, -210, -26, 107, -212, -21, 0, 0, 0
L 107, -212, -26, 108, -208, -26, 0, 0, 0
L 108, -208, -26, 110, -208, -26, 0, 0, 0
L 110, -208, -26, 111, -206, -26, 0, 0, 0
L 111, -206, -26, 111, -163, -26, 0, 0, 0
L 111, -163, -26, 110, -161, -26, 0, 0, 0
L 110, -161, -26, 110, -159, -26, 0, 0, 0
L 110, -159, -26, 111, -157, -26, 0, 0, 0
L 111, -157, -26, 114, -157, -26, 0, 0, 0
L 114, -157, -26, 140, -153, -30, 0, 0, 0
L 140, -153, -30, 164, -142, -33, 0, 0, 0
L 164, -142, -33, 184, -125, -34, 0, 0, 0
L 184, -125, -34, 199, -102, -35, 0, 0, 0
L 199, -102, -35, 207, -76, -37, 0, 0, 0
L 207, -76, -37, 206, -48, -40, 0, 0, 0
L 206, -48, -40, 199, -23, -42, 0, 0, 0
L 199, -23, -42, 184, -0, -45, 0, 0, 0
L 184, -0, -45, 163, 18, -47, 0, 0, 0
L 163, 18, -47, 139, 29, -49, 0, 0, 0
L 139, 29, -49, 137, 29, -49, 0, 0, 0
L 42, 15, -52, 110, 15, -52, 0, 0, 0
L 110, 15, -52, 110, 17, -52, 0, 0, 0
L 110, 17, -52, 115, 17, -52, 0, 0, 0
L 115, 17, -52, 117, 16, -51, 0, 0, 0
L 117, 16, -51, 135, 14, -49, 0, 0, 0
L 135, 14, -49, 156, 5, -47, 0, 0, 0
L 156, 5, -47, 173, -10, -45, 0, 0, 0
L 173, -10, -45, 185, -29, -42, 0, 0, 0
L 185, -29, -42, 192, -51, -40, 0, 0, 0
L 192, -51, -40, 191, -75, -37, 0, 0, 0
L 191, -75, -37, 185, -96, -35, 0, 0, 0
L 185, -96, -35, 173, -115, -34, 0, 0, 0
L 173, -115, -34, 155, -130, -34, 0, 0, 0
L 155, -130, -34, 154, -131, -33, 0, 0, 0
L 154, -131, -33, 135, -139, -30, 0, 0, 0
L 135, -139, -30, 115, -142, -26, 0, 0, 0
L 115, -142, -26, 113, -143, -26, 0, 0, 0
L 113, -143, -26, 111, -143, -26, 0, 0, 0
L 111, -143, -26, 109, -142, -26, 0, 0, 0
L 109, -142, -26, 107, -140, -26, 0, 0, 0
L 107, -140, -26, 105, -140, -25, 0, 0, 0
L 105, -140, -25, 103, -139, -23, 0, 0, 0
L 103, -139, -23, 102, -139, -23, 0, 0, 0
L 102, -139, -23, 92, -139, -25, 0, 0, 0
L 92, -139, -25, 90, -140, -25, 0, 0, 0
L 90, -140, -25, 88, -140, -23, 0, 0, 0
L 88, -140, -23, 79, -139, -24, 0, 0, 0
L 79, -139, -24, 77, -139, -25, 0, 0, 0
L 77, -139, -25, 76, -140, -26, 0, 0, 0
L 76, -140, -26, 42, -140, -26, 0, 0, 0
L 42, -140, -26, 42, -142, -26, 0, 0, 0
L 42, -142, -26, 40, -142, -26, 0, 0, 0
L 40, -142, -26, 39, -143, -26, 0, 0, 0
L 39, -143, -26, 39, -187, -26, 0, 0, 0
L 39, -187, -26, 40, -189, -26, 0, 0, 0
L 40, -189, -26, 40, -193, -26, 0, 0, 0
L 40, -193, -26, 38, -193, -25, 0, 0, 0
L 38, -193, -25, 34, -193, -26, 0, 0, 0
L 34, -193, -26, 14, -193, -26, 0, 0, 0
L 14, -193, -26, 12, -193, -25, 0, 0, 0
L 12, -193, -25, 8, -192, -26, 0, 0, 0
L 8, -192, -26, 7, -191, -26, 0, 0, 0
L 7, -191, -26, 7, -189, -26, 0, 0, 0
L 7, -189, -26, 7, -187, -25, 0, 0, 0
L 7, -187, -25, 7, -185, -25, 0, 0, 0
L 7, -185, -25, 7, -184, -24, 0, 0, 0
L 7, -184, -24, 8, -182, -23, 0, 0, 0
L 8, -182, -23, 7, -165, -14, 0, 0, 0
L 7, -165, -14, 7, -163, -14, 0, 0, 0
L 7, -163, -14, 7, -159, -13, 0, 0, 0
L 7, -159, -13, 8, -158, -13, 0, 0, 0
L 8, -158, -13, 8, -140, -13, 0, 0, 0
L 8, -140, -13, 7, -138, -13, 0, 0, 0
L 7, -138, -13, 8, -120, -5, 0, 0, 0
L 8, -120, -5, 8, -119, -4, 0, 0, 0
L 8, -119, -4, 7, -114, -1, 0, 0, 0
L 7, -114, -1, 7, -112, -1, 0, 0, 0
L 7, -112, -1, 6, -110, -1, 0, 0, 0
L 6, -110, -1, 6, -66, -1, 0, 0, 0
L 6, -66, -1, 8, -66, -1, 0, 0, 0
L 8, -66, -1, 8, -62, -1, 0, 0, 0
L 8, -62, -1, 9, -61, -1, 0, 0, 0
L 9, -61, -1, 10, -59, -1, 0, 0, 0
L 10, -59, -1, 14, -59, -1, 0, 0, 0
L 14, -59, -1, 15, -58, -1, 0, 0, 0
L 15, -58, -1, 17, -58, -1, 0, 0, 0
L 17, -58, -1, 18, -59, -1, 0, 0, 0
L 18, -59, -1, 22, -57, -1, 0, 0, 0
L 22, -57, -1, 28, -59, -1, 0, 0, 0
L 28, -59, -1, 34, -59, -1, 0, 0, 0
L 34, -59, -1, 42, -57, -1, 0, 0, 0
L 12, 255, -1, 5, 255, -1, 0, 0, 0
L 5, 255, -1, 4, 253, 3, 0, 0, 0
L 4, 253, 3, 2, 253, -1, 0, 0, 0
L 2, 253, -1, -6, 254, -1, 0, 0, 0
L -6, 254, -1, -11, 254, -1, 0, 0, 0
L -11, 254, -1, -12, 249, -1, 0, 0, 0
L -12, 249, -1, -12, 236, -1, 0, 0, 0
L -12, 236, -1, -12, 186, 22, 0, 0, 0
L -12, 186, 22, -8, 184, 22, 0, 0, 0
L -8, 184, 22, -9, 182, 23, 0, 0, 0
L -9, 182, 23, -9, 180, 23, 0, 0, 0
L -9, 180, 23, -15, 180, 23, 0, 0, 0
L -15, 180, 23, -16, 181, 23, 0, 0, 0
L -16, 181, 23, -36, 181, 23, 0, 0, 0
L -36, 181, 23, -35, 175, 23, 0, 0, 0
L -35, 175, 23, -35, 173, 24, 0, 0, 0
L -35, 173, 24, -36, 172, 23, 0, 0, 0
L -36, 172, 23, -101, 154, 23, 0, 0, 0
L -101, 154, 23, -151, 119, 23, 0, 0, 0
L -151, 119, 23, -178, 74, 23, 0, 0, 0
L -178, 74, 23, -177, 25, 23, 0, 0, 0
L -177, 25, 23, -151, -19, 23, 0, 0, 0
L -151, -19, 23, -101, -54, 23, 0, 0, 0
L -101, -54, 23, -37, -72, 23, 0, 0, 0
L -37, -72, 23, -36, -71, 23, 0, 0, 0
L -36, -71, 23, -36, -69, 23, 0, 0, 0
L -36, -69, 23, -35, -67, 22, 0, 0, 0
L -35, -67, 22, -35, -65, 25, 0, 0, 0
L -35, -65, 25, -34, -63, 26, 0, 0, 0
L -34, -63, 26, -35, -61, 24, 0, 0, 0
L -35, -61, 24, -36, -61, 24, 0, 0, 0
L -36, -61, 24, -40, -60, 23, 0, 0, 0
L -40, -60, 23, -42, -59, 23, 0, 0, 0
L -42, -59, 23, -43, -57, 22, 0, 0, 0
L -43, -57, 22, -44, -57, 19, 0, 0, 0
L -44, -57, 19, -48, -56, 11, 0, 0, 0
L -48, -56, 11, -49, -55, 9, 0, 0, 0
L -49, -55, 9, -50, -53, 5, 0, 0, 0
L -50, -53, 5, -51, -53, -1, 0, 0, 0
L 12, 254, -1, 12, 236, -1, 0, 0, 0
L 12, 236, -1, 11, 185, 22, 0, 0, 0
L 11, 185, 22, 9, 185, 22, 0, 0, 0
L 9, 185, 22, 8, 184, 22, 0, 0, 0
L 8, 184, 22, 8, 183, 23, 0, 0, 0
L 8, 183, 23, 9, 181, 23, 0, 0, 0
L 9, 181, 23, 10, 180, 23, 0, 0, 0
L 10, 180, 23, 12, 179, 23, 0, 0, 0
L 12, 179, 23, 15, 180, 23, 0, 0, 0
L 15, 180, 23, 17, 181, 23, 0, 0, 0
L 17, 181, 23, 36, 181, 23, 0, 0, 0
L 36, 181, 23, 34, 174, 23, 0, 0, 0
L 34, 174, 23, 35, 173, 23, 0, 0, 0
L 35, 173, 23, 100, 154, 23, 0, 0, 0
L 100, 154, 23, 102, 153, 23, 0, 0, 0
L 102, 153, 23, 151, 119, 23, 0, 0, 0
L 151, 119, 23, 176, 77, 23, 0, 0, 0
L 176, 77, 23, 177, 74, 23, 0, 0, 0
L 177, 74, 23, 177, 25, 23, 0, 0, 0
L 177, 25, 23, 176, 24, 23, 0, 0, 0
L 176, 24, 23, 151, -19, 23, 0, 0, 0
L 151, -19, 23, 101, -54, 23, 0, 0, 0
L 101, -54, 23, 37, -72, 23, 0, 0, 0
L 37, -72, 23, 36, -69, 23, 0, 0, 0
L 36, -69, 23, 35, -67, 22, 0, 0, 0
L 35, -67, 22, 35, -65, 26, 0, 0, 0
L 35, -65, 26, 34, -64, 26, 0, 0, 0
L 34, -64, 26, 34, -63, 26, 0, 0, 0
L 58, -128, 79, 148, -102, 79, 0, 0, 0
L 148, -102, 79, 221, -51, 79, 0, 0, 0
L 221, -51, 79, 222, -50, 80, 0, 0, 0
L 222, -50, 80, 260, 15, 80, 0, 0, 0
L 260, 15, 80, 260, 86, 80, 0, 0, 0
L 260, 86, 80, 221, 152, 80, 0, 0, 0
L 221, 152, 80, 219, 153, 79, 0, 0, 0
L 219, 153, 79, 147, 202, 79, 0, 0, 0
L 147, 202, 79, 145, 203, 79, 0, 0, 0
L 145, 203, 79, 51, 230, 79, 0, 0, 0
L 51, 230, 79, 20, 230, 79, 0, 0, 0
L 20, 230, 79, 20, 228, 78, 0, 0, 0
L 20, 228, 78, 20, 181, 23, 0, 0, 0
L 20, 181, 23, 16, 181, 23, 0, 0, 0
L 111, 41, -52, 111, 86, -52, 0, 0, 0
L 111, 86, -52, 101, 86, -50, 0, 0, 0
L 101, 86, -50, 101, 84, -50, 0, 0, 0
L 101, 84, -50, 100, 84, -50, 0, 0, 0
L 100, 84, -50, 96, 86, -52, 0, 0, 0
L 96, 86, -52, 95, 86, -51, 0, 0, 0
L 95, 86, -51, 85, 86, -48, 0, 0, 0
L 85, 86, -48, 54, 86, -48, 0, 0, 0
L 54, 86, -48, 45, 86, -49, 0, 0, 0
L 45, 86, -49, 43, 86, -52, 0, 0, 0
L 43, 86, -52, 42, 84, -52, 0, 0, 0
L 42, 84, -52, 41, 83, -52, 0, 0, 0
L 41, 83, -52, 39, 82, -52, 0, 0, 0
L 39, 82, -52, 39, 17, -52, 0, 0, 0
L 39, 17, -52, 41, 17, -52, 0, 0, 0
L 41, 17, -52, 43, 16, -52, 0, 0, 0
L 43, 16, -52, 42, 14, -52, 0, 0, 0
L 62, 63, -52, 61, 62, -52, 0, 0, 0
L 61, 62, -52, 61, 38, -51, 0, 0, 0
L 61, 38, -51, 62, 37, -50, 0, 0, 0
L 62, 37, -50, 64, 36, -50, 0, 0, 0
L 64, 36, -50, 65, 36, -51, 0, 0, 0
L 65, 36, -51, 80, 36, -52, 0, 0, 0
L 80, 36, -52, 82, 37, -50, 0, 0, 0
L 82, 37, -50, 83, 38, -50, 0, 0, 0
L 83, 38, -50, 84, 38, -50, 0, 0, 0
L 84, 38, -50, 86, 38, -51, 0, 0, 0
L 86, 38, -51, 88, 37, -50, 0, 0, 0
L 88, 37, -50, 88, 35, -50, 0, 0, 0
L 88, 35, -50, 87, 31, -50, 0, 0, 0
L 87, 31, -50, 81, 31, -50, 0, 0, 0
L 81, 31, -50, 80, 32, -50, 0, 0, 0
L 80, 32, -50, 78, 33, -52, 0, 0, 0
L 78, 33, -52, 63, 33, -52, 0, 0, 0
L 63, 33, -52, 62, 32, -50, 0, 0, 0
L 62, 32, -50, 60, 31, -50, 0, 0, 0
L 60, 31, -50, 59, 31, -50, 0, 0, 0
L 59, 31, -50, 57, 31, -52, 0, 0, 0
L 57, 31, -52, 56, 33, -50, 0, 0, 0
L 56, 33, -50, 56, 34, -50, 0, 0, 0
L 56, 34, -50, 57, 37, -50, 0, 0, 0
L 57, 37, -50, 58, 38, -50, 0, 0, 0
L 58, 38, -50, 58, 40, -50, 0, 0, 0
L 58, 40, -50, 58, 62, -52, 0, 0, 0
L 58, 62, -52, 56, 63, -50, 0, 0, 0
L 56, 63, -50, 56, 65, -50, 0, 0, 0
L 56, 65, -50, 57, 68, -50, 0, 0, 0
L 57, 68, -50, 59, 69, -50, 0, 0, 0
L 59, 69, -50, 60, 69, -51, 0, 0, 0
L 60, 69, -51, 62, 69, -50, 0, 0, 0
L 62, 69, -50, 63, 67, -50, 0, 0, 0
L 63, 67, -50, 64, 66, -51, 0, 0, 0
L 64, 66, -51, 66, 66, -52, 0, 0, 0
L 66, 66, -52, 81, 67, -52, 0, 0, 0
L 81, 67, -52, 82, 68, -50, 0, 0, 0
L 82, 68, -50, 83, 69, -50, 0, 0, 0
L 83, 69, -50, 86, 69, -50, 0, 0, 0
L 81, 64, -52, 82, 62, -50, 0, 0, 0
L 82, 62, -50, 84, 62, -51, 0, 0, 0
L 84, 62, -51, 87, 63, -50, 0, 0, 0
L 87, 63, -50, 88, 64, -50, 0, 0, 0
L 88, 64, -50, 87, 68, -50, 0, 0, 0
L 87, 68, -50, 85, 69, -50, 0, 0, 0
L 85, 69, -50, 83, 69, -50, 0, 0, 0
L 83, 69, -50, 81, 68, -50, 0, 0, 0
L 81, 68, -50, 81, 66, -50, 0, 0, 0
L 81, 64, -50, 63, 64, -50, 0, 0, 0
L 63, 64, -50, 62, 62, -50, 0, 0, 0
L 62, 62, -50, 61, 62, -50, 0, 0, 0
L 111, 48, -52, 111, 37, -52, 0, 0, 0
L 111, 37, -52, 110, 35, -52, 0, 0, 0
L 110, 35, -52, 110, 34, -52, 0, 0, 0
L 110, 34, -52, 111, 32, -52, 0, 0, 0
L 111, 32, -52, 112, 31, -52, 0, 0, 0
L 112, 31, -52, 115, 32, -52, 0, 0, 0
L 115, 32, -52, 117, 32, -51, 0, 0, 0
L 117, 32, -51, 139, 29, -49, 0, 0, 0
L 139, 29, -49, 141, 28, -49, 0, 0, 0
L 141, 28, -49, 142, 28, -49, 0, 0, 0
L 142, 28, -49, 163, 18, -47, 0, 0, 0
L 159, -413, -101, 160, -414, -101, 0, 0, 0
L 160, -414, -101, 160, -437, -101, 0, 0, 0
L 160, -437, -101, 157, -437, -101, 0, 0, 0
L 157, -437, -101, 153, -438, -101, 0, 0, 0
L 153, -438, -101, 150, -437, -101, 0, 0, 0
L 150, -437, -101, 146, -438, -101, 0, 0, 0
L 146, -438, -101, 145, -436, -101, 0, 0, 0
L 145, -436, -101, 138, -438, -101, 0, 0, 0
L 138, -438, -101, 137, -436, -101, 0, 0, 0
L 137, -436, -101, 135, -437, -101, 0, 0, 0
L 135, -437, -101, 130, -436, -101, 0, 0, 0
L 130, -436, -101, 118, -438, -101, 0, 0, 0
L 118, -438, -101, 117, -436, -101, 0, 0, 0
L 117, -436, -101, 108, -438, -101, 0, 0, 0
L 108, -438, -101, 107, -436, -101, 0, 0, 0
L 107, -436, -101, 94, -438, -101, 0, 0, 0
L 94, -438, -101, 93, -436, -101, 0, 0, 0
L 93, -436, -101, 91, -436, -101, 0, 0, 0
L 91, -436, -101, 83, -437, -99, 0, 0, 0
L 83, -437, -99, 73, -437, -94, 0, 0, 0
L 73, -437, -94, 65, -437, -89, 0, 0, 0
L 65, -437, -89, 65, -435, -89, 0, 0, 0
L 65, -435, -89, 64, -433, -89, 0, 0, 0
L 64, -433, -89, 63, -432, -89, 0, 0, 0
L 63, -432, -89, 62, -432, -88, 0, 0, 0
L 62, -432, -88, 60, -432, -88, 0, 0, 0
L 60, -432, -88, 55, -433, -88, 0, 0, 0
L 55, -433, -88, 39, -433, -88, 0, 0, 0
L 39, -433, -88, 38, -432, -88, 0, 0, 0
L 38, -432, -88, 37, -432, -88, 0, 0, 0
L 37, -432, -88, 22, -433, -88, 0, 0, 0
L 22, -433, -88, 12, -432, -88, 0, 0, 0
L 12, -432, -88, 11, -433, -88, 0, 0, 0
L 11, -433, -88, 9, -433, -88, 0, 0, 0
L 9, -433, -88, 8, -434, -88, 0, 0, 0
L 8, -434, -88, 7, -458, -88, 0, 0, 0
L 7, -458, -88, -13, -458, -88, 0, 0, 0
L -13, -458, -88, -14, -460, -89, 0, 0, 0
L -14, -460, -89, -14, -461, -89, 0, 0, 0
L -14, -461, -89, -16, -462, -89, 0, 0, 0
L -16, -462, -89, -18, -462, -91, 0, 0, 0
L -18, -462, -91, -20, -463, -91, 0, 0, 0
L -20, -463, -91, -29, -463, -94, 0, 0, 0
L -29, -463, -94, -35, -463, -98, 0, 0, 0
L -35, -463, -98, -35, -461, -98, 0, 0, 0
L -35, -461, -98, -36, -459, -98, 0, 0, 0
L -36, -459, -98, -37, -459, -99, 0, 0, 0
L -37, -459, -99, -39, -459, -100, 0, 0, 0
L -39, -459, -100, -40, -461, -100, 0, 0, 0
L -40, -461, -100, -41, -462, -100, 0, 0, 0
L -41, -462, -100, -43, -463, -101, 0, 0, 0
L -43, -463, -101, -62, -463, -108, 0, 0, 0
L -62, -463, -108, -73, -462, -113, 0, 0, 0
L -73, -462, -113, -73, -461, -113, 0, 0, 0
L -73, -461, -113, -73, -459, -114, 0, 0, 0
L -73, -459, -114, -75, -459, -114, 0, 0, 0
L -75, -459, -114, -77, -459, -115, 0, 0, 0
L -77, -459, -115, -78, -461, -116, 0, 0, 0
L -78, -461, -116, -78, -463, -116, 0, 0, 0
L -78, -463, -116, -80, -463, -116, 0, 0, 0
L -80, -463, -116, -110, -463, -127, 0, 0, 0
L -110, -463, -127, -110, -461, -128, 0, 0, 0
L -110, -461, -128, -111, -459, -128, 0, 0, 0
L -111, -459, -128, -112, -459, -128, 0, 0, 0
L -112, -459, -128, -115, -459, -129, 0, 0, 0
L -115, -459, -129, -115, -461, -130, 0, 0, 0
L -115, -461, -130, -116, -463, -130, 0, 0, 0
L -116, -463, -130, -118, -463, -130, 0, 0, 0
L -118, -463, -130, -135, -463, -136, 0, 0, 0
L -135, -463, -136, -135, -461, -137, 0, 0, 0
L -135, -461, -137, -136, -459, -138, 0, 0, 0
L -136, -459, -138, -139, -459, -138, 0, 0, 0
L -139, -459, -138, -140, -461, -138, 0, 0, 0
L -140, -461, -138, -140, -464, -138, 0, 0, 0
L -140, -464, -138, -139, -465, -138, 0, 0, 0
L -139, -465, -138, -139, -484, -138, 0, 0, 0
L -139, -484, -138, -177, -484, -138, 0, 0, 0
L -177, -484, -138, -177, -483, -138, 0, 0, 0
L -177, -483, -138, -178, -481, -138, 0, 0, 0
L -178, -481, -138, -180, -481, -138, 0, 0, 0
L -180, -481, -138, -182, -480, -138, 0, 0, 0
L -182, -480, -138, -183, -479, -138, 0, 0, 0
L -183, -479, -138, -184, -477, -138, 0, 0, 0
L -184, -477, -138, -188, -481, -138, 0, 0, 0
L -188, -481, -138, -192, -481, -138, 0, 0, 0
L -192, -481, -138, -193, -482, -138, 0, 0, 0
L -193, -482, -138, -192, -487, -137, 0, 0, 0
L -192, -487, -137, -191, -491, -137, 0, 0, 0
L -191, -491, -137, -191, -494, -136, 0, 0, 0
L -191, -494, -136, -190, -501, -136, 0, 0, 0
L -190, -501, -136, -190, -502, -135, 0, 0, 0
L -190, -502, -135, -190, -504, -135, 0, 0, 0
L -190, -504, -135, -189, -506, -135, 0, 0, 0
L -189, -506, -135, -189, -509, -134, 0, 0, 0
L -189, -509, -134, -189, -511, -133, 0, 0, 0
L -189, -511, -133, -188, -513, -130, 0, 0, 0
L -188, -513, -130, -188, -515, -129, 0, 0, 0
L -188, -515, -129, -188, -518, -125, 0, 0, 0
L -188, -518, -125, -188, -519, -125, 0, 0, 0
L -188, -519, -125, -187, -522, -121, 0, 0, 0
L -187, -522, -121, -187, -523, -120, 0, 0, 0
L -187, -523, -120, -187, -528, -116, 0, 0, 0
L -187, -528, -116, -191, -540, -114, 0, 0, 0
L -191, -540, -114, -198, -543, -114, 0, 0, 0
L -198, -543, -114, -200, -543, -115, 0, 0, 0
L -200, -543, -115, -209, -543, -118, 0, 0, 0
L -209, -543, -118, -239, -545, -120, 0, 0, 0
L -239, -545, -120, -276, -547, -131, 0, 0, 0
L -276, -547, -131, -285, -548, -132, 0, 0, 0
L -285, -548, -132, -295, -548, -127, 0, 0, 0
L -295, -548, -127, -298, -548, -126, 0, 0, 0
L -298, -548, -126, -303, -547, -124, 0, 0, 0
L -303, -547, -124, -305, -547, -124, 0, 0, 0
L -305, -547, -124, -323, -542, -119, 0, 0, 0
L -323, -542, -119, -325, -542, -119, 0, 0, 0
L -325, -542, -119, -327, -541, -121, 0, 0, 0
L -327, -541, -121, -328, -540, -125, 0, 0, 0
L -328, -540, -125, -330, -540, -126, 0, 0, 0
L -330, -540, -126, -332, -539, -129, 0, 0, 0
L -332, -539, -129, -334, -539, -129, 0, 0, 0
L -334, -539, -129, -344, -542, -123, 0, 0, 0
L -344, -542, -123, -347, -542, -121, 0, 0, 0
L -347, -542, -121, -349, -542, -121, 0, 0, 0
L -349, -542, -121, -358, -540, -122, 0, 0, 0
L -358, -540, -122, -360, -539, -121, 0, 0, 0
L -360, -539, -121, -369, -536, -121, 0, 0, 0
L -369, -536, -121, -371, -536, -123, 0, 0, 0
L -371, -536, -123, -373, -535, -123, 0, 0, 0
L -373, -535, -123, -377, -535, -122, 0, 0, 0
L -377, -535, -122, -388, -535, -121, 0, 0, 0
L -388, -535, -121, -418, -540, -121, 0, 0, 0
L -418, -540, -121, -418, -539, -120, 0, 0, 0
L -418, -539, -120, -417, -537, -121, 0, 0, 0
L -417, -537, -121, -410, -529, -116, 0, 0, 0
L -410, -529, -116, -409, -528, -116, 0, 0, 0
L -409, -528, -116, -398, -509, -119, 0, 0, 0
L -398, -509, -119, -396, -506, -119, 0, 0, 0
L -396, -506, -119, -393, -499, -120, 0, 0, 0
L -393, -499, -120, -389, -490, -121, 0, 0, 0
L -389, -490, -121, -389, -489, -121, 0, 0, 0
L -389, -489, -121, -390, -476, -126, 0, 0, 0
L -390, -476, -126, -391, -475, -125, 0, 0, 0
L -391, -475, -125, -395, -470, -121, 0, 0, 0
L -395, -470, -121, -396, -468, -121, 0, 0, 0
L -396, -468, -121, -396, -467, -121, 0, 0, 0
L -396, -467, -121, -398, -465, -123, 0, 0, 0
L -398, -465, -123, -402, -460, -139, 0, 0, 0
L -402, -460, -139, -404, -460, -139, 0, 0, 0
L -404, -460, -139, -410, -461, -135, 0, 0, 0
L -410, -461, -135, -412, -460, -134, 0, 0, 0
L -412, -460, -134, -420, -458, -133, 0, 0, 0
L -420, -458, -133, -421, -457, -136, 0, 0, 0
L -421, -457, -136, -421, -453, -137, 0, 0, 0
L -421, -453, -137, -421, -452, -137, 0, 0, 0
L -421, -452, -137, -421, -451, -135, 0, 0, 0
L -421, -451, -135, -420, -450, -135, 0, 0, 0
L -420, -450, -135, -418, -448, -134, 0, 0, 0
L -418, -448, -134, -413, -443, -130, 0, 0, 0
L -413, -443, -130, -413, -442, -129, 0, 0, 0
L -413, -442, -129, -409, -438, -125, 0, 0, 0
L -409, -438, -125, -409, -437, -125, 0, 0, 0
L -409, -437, -125, -403, -429, -119, 0, 0, 0
L -403, -429, -119, -402, -428, -119, 0, 0, 0
L -402, -428, -119, -400, -422, -113, 0, 0, 0
L -400, -422, -113, -400, -421, -114, 0, 0, 0
L -400, -421, -114, -399, -419, -114, 0, 0, 0
L -399, -419, -114, -399, -416, -117, 0, 0, 0
L -399, -416, -117, -398, -414, -119, 0, 0, 0
L -398, -414, -119, -399, -404, -116, 0, 0, 0
L -399, -404, -116, -399, -403, -116, 0, 0, 0
L -399, -403, -116, -399, -388, -112, 0, 0, 0
L -399, -388, -112, -400, -387, -111, 0, 0, 0
L -400, -387, -111, -402, -376, -107, 0, 0, 0
L -402, -376, -107, -403, -374, -107, 0, 0, 0
L -403, -374, -107, -405, -372, -103, 0, 0, 0
L -405, -372, -103, -406, -371, -103, 0, 0, 0
L -406, -371, -103, -409, -370, -101, 0, 0, 0
L -409, -370, -101, -435, -363, -98, 0, 0, 0
L -435, -363, -98, -436, -362, -98, 0, 0, 0
L -436, -362, -98, -438, -359, -100, 0, 0, 0
L -438, -359, -100, -440, -355, -100, 0, 0, 0
L -440, -355, -100, -440, -353, -100, 0, 0, 0
L -440, -353, -100, -439, -352, -100, 0, 0, 0
L -439, -352, -100, -437, -351, -100, 0, 0, 0
L -437, -351, -100, -430, -347, -103, 0, 0, 0
L -430, -347, -103, -427, -345, -106, 0, 0, 0
L -427, -345, -106, -426, -344, -106, 0, 0, 0
L -426, -344, -106, -420, -343, -111, 0, 0, 0
L -420, -343, -111, -419, -343, -111, 0, 0, 0
L -419, -343, -111, -400, -341, -122, 0, 0, 0
L -400, -341, -122, -398, -342, -124, 0, 0, 0
L -398, -342, -124, -397, -343, -126, 0, 0, 0
L -397, -343, -126, -390, -349, -130, 0, 0, 0
L -390, -349, -130, -380, -354, -130, 0, 0, 0
L -380, -354, -130, -378, -354, -129, 0, 0, 0
L -378, -354, -129, -376, -355, -134, 0, 0, 0
L -376, -355, -134, -375, -355, -137, 0, 0, 0
L -375, -355, -137, -373, -356, -139, 0, 0, 0
L -373, -356, -139, -371, -357, -143, 0, 0, 0
L -371, -357, -143, -367, -357, -143, 0, 0, 0
L -367, -357, -143, -354, -355, -131, 0, 0, 0
L -354, -355, -131, -352, -355, -131, 0, 0, 0
L -352, -355, -131, -347, -357, -130, 0, 0, 0
L -347, -357, -130, -341, -359, -129, 0, 0, 0
L -341, -359, -129, -339, -360, -128, 0, 0, 0
L -339, -360, -128, -338, -360, -129, 0, 0, 0
L -338, -360, -129, -338, -361, -129, 0, 0, 0
L -338, -361, -129, -336, -362, -130, 0, 0, 0
L -336, -362, -130, -335, -362, -131, 0, 0, 0
L -335, -362, -131, -333, -362, -130, 0, 0, 0
L -333, -362, -130, -303, -363, -123, 0, 0, 0
L -303, -363, -123, -302, -364, -122, 0, 0, 0
L -302, -364, -122, -292, -365, -119, 0, 0, 0
L -292, -365, -119, -285, -365, -119, 0, 0, 0
L -285, -365, -119, -285, -364, -119, 0, 0, 0
L -285, -364, -119, -284, -361, -115, 0, 0, 0
L -284, -361, -115, -283, -362, -115, 0, 0, 0
L -283, -362, -115, -278, -364, -118, 0, 0, 0
L -278, -364, -118, -277, -365, -120, 0, 0, 0
L -277, -365, -120, -274, -367, -118, 0, 0, 0
L -274, -367, -118, -269, -372, -118, 0, 0, 0
L -269, -372, -118, -268, -372, -118, 0, 0, 0
L -268, -372, -118, -249, -381, -121, 0, 0, 0
L -249, -381, -121, -248, -381, -121, 0, 0, 0
L -248, -381, -121, -243, -382, -120, 0, 0, 0
L -243, -382, -120, -242, -381, -120, 0, 0, 0
L -242, -381, -120, -234, -379, -122, 0, 0, 0
L -234, -379, -122, -233, -378, -122, 0, 0, 0
L -233, -378, -122, -216, -369, -125, 0, 0, 0
L -216, -369, -125, -214, -369, -122, 0, 0, 0
L -214, -369, -122, -213, -369, -122, 0, 0, 0
L -213, -369, -122, -206, -373, -120, 0, 0, 0
L -206, -373, -120, -204, -374, -121, 0, 0, 0
L -204, -374, -121, -197, -381, -123, 0, 0, 0
L -197, -381, -123, -196, -382, -121, 0, 0, 0
L -196, -382, -121, -196, -398, -130, 0, 0, 0
L -196, -398, -130, -196, -399, -130, 0, 0, 0
L -196, -399, -130, -195, -402, -132, 0, 0, 0
L -195, -402, -132, -195, -403, -133, 0, 0, 0
L -195, -403, -133, -194, -405, -134, 0, 0, 0
L -194, -405, -134, -194, -407, -134, 0, 0, 0
L -194, -407, -134, -193, -409, -135, 0, 0, 0
L -193, -409, -135, -191, -415, -136, 0, 0, 0
L -191, -415, -136, -191, -417, -137, 0, 0, 0
L -191, -417, -137, -191, -420, -138, 0, 0, 0
L -191, -420, -138, -186, -420, -138, 0, 0, 0
L -186, -420, -138, -186, -424, -138, 0, 0, 0
L -186, -424, -138, -182, -422, -138, 0, 0, 0
L -182, -422, -138, -182, -420, -138, 0, 0, 0
L -182, -420, -138, -180, -419, -138, 0, 0, 0
L -180, -419, -138, -178, -419, -138, 0, 0, 0
L -178, -419, -138, -177, -418, -138, 0, 0, 0
L -177, -418, -138, -177, -416, -138, 0, 0, 0
L -177, -416, -138, -139, -416, -138, 0, 0, 0
L -139, -416, -138, -139, -435, -138, 0, 0, 0
L -139, -435, -138, -141, -436, -138, 0, 0, 0
L -141, -436, -138, -140, -438, -138, 0, 0, 0
L -140, -438, -138, -140, -440, -138, 0, 0, 0
L -140, -440, -138, -139, -441, -138, 0, 0, 0
L -139, -441, -138, -135, -441, -138, 0, 0, 0
L -135, -441, -138, -135, -439, -137, 0, 0, 0
L -135, -439, -137, -134, -438, -137, 0, 0, 0
L -134, -438, -137, -124, -438, -134, 0, 0, 0
L -124, -438, -134, -115, -439, -130, 0, 0, 0
L -115, -439, -130, -115, -441, -130, 0, 0, 0
L -115, -441, -130, -113, -441, -129, 0, 0, 0
L -113, -441, -129, -111, -441, -129, 0, 0, 0
L -111, -441, -129, -110, -440, -128, 0, 0, 0
L -110, -440, -128, -110, -438, -128, 0, 0, 0
L -110, -438, -128, -109, -438, -127, 0, 0, 0
L -109, -438, -127, -78, -438, -116, 0, 0, 0
L -78, -438, -116, -78, -440, -115, 0, 0, 0
L -78, -440, -115, -76, -441, -115, 0, 0, 0
L -76, -441, -115, -74, -441, -114, 0, 0, 0
L -74, -441, -114, -73, -440, -114, 0, 0, 0
L -73, -440, -114, -73, -439, -113, 0, 0, 0
L -73, -439, -113, -71, -438, -113, 0, 0, 0
L -71, -438, -113, -62, -438, -109, 0, 0, 0
L -62, -438, -109, -52, -438, -106, 0, 0, 0
L -52, -438, -106, -40, -438, -100, 0, 0, 0
L -40, -438, -100, -40, -440, -100, 0, 0, 0
L -40, -440, -100, -39, -441, -100, 0, 0, 0
L -39, -441, -100, -37, -441, -99, 0, 0, 0
L -37, -441, -99, -35, -440, -98, 0, 0, 0
L -35, -440, -98, -35, -438, -98, 0, 0, 0
L -35, -438, -98, -34, -438, -98, 0, 0, 0
L -34, -438, -98, -25, -438, -94, 0, 0, 0
L -25, -438, -94, -15, -438, -90, 0, 0, 0
L -15, -438, -90, -14, -439, -89, 0, 0, 0
L -14, -439, -89, -14, -441, -89, 0, 0, 0
L -14, -441, -89, -13, -442, -88, 0, 0, 0
L -13, -442, -88, -8, -442, -88, 0, 0, 0
L -8, -442, -88, -7, -417, -88, 0, 0, 0
L -7, -417, -88, 36, -417, -88, 0, 0, 0
L 36, -417, -88, 37, -418, -88, 0, 0, 0
L 37, -418, -88, 42, -417, -88, 0, 0, 0
L 42, -417, -88, 42, -415, -88, 0, 0, 0
L 42, -415, -88, 42, -364, -64, 0, 0, 0
L 42, -364, -64, 43, -362, -63, 0, 0, 0
L 43, -362, -63, 42, -360, -63, 0, 0, 0
L 42, -360, -63, 38, -360, -63, 0, 0, 0
L 38, -360, -63, 32, -361, -63, 0, 0, 0
L 32, -361, -63, 17, -361, -63, 0, 0, 0
L 17, -361, -63, 17, -359, -63, 0, 0, 0
L 17, -359, -63, 15, -357, -63, 0, 0, 0
L 15, -357, -63, 15, -332, -63, 0, 0, 0
L 15, -332, -63, -13, -332, -63, 0, 0, 0
L -324, -186, -76, -324, -181, -76, 0, 0, 0
L -324, -181, -76, -323, -179, -76, 0, 0, 0
L -323, -179, -76, -323, -169, -76, 0, 0, 0
L -323, -169, -76, -324, -168, -75, 0, 0, 0
L -324, -168, -75, -329, -160, -75, 0, 0, 0
L -329, -160, -75, -333, -160, -75, 0, 0, 0
L -333, -160, -75, -334, -158, -75, 0, 0, 0
L -334, -158, -75, -336, -155, -75, 0, 0, 0
L -336, -155, -75, -335, -153, -75, 0, 0, 0
L -335, -153, -75, -334, -152, -75, 0, 0, 0
L -334, -152, -75, -335, -150, -75, 0, 0, 0
L -335, -150, -75, -340, -141, -76, 0, 0, 0
L -340, -141, -76, -342, -140, -76, 0, 0, 0
L -342, -140, -76, -344, -140, -76, 0, 0, 0
L -344, -140, -76, -347, -138, -76, 0, 0, 0
L -347, -138, -76, -349, -137, -75, 0, 0, 0
L -349, -137, -75, -348, -135, -76, 0, 0, 0
L -348, -135, -76, -350, -134, -76, 0, 0, 0
L -350, -134, -76, -356, -130, -76, 0, 0, 0
L -356, -130, -76, -357, -128, -76, 0, 0, 0
L -343, -129, -76, -344, -131, -76, 0, 0, 0
L -344, -131, -76, -346, -132, -76, 0, 0, 0
L -346, -132, -76, -347, -132, -76, 0, 0, 0
L -347, -132, -76, -353, -127, -76, 0, 0, 0
L -353, -127, -76, -355, -126, -76, 0, 0, 0
L -355, -126, -76, -356, -127, -76, 0, 0, 0
L -343, -130, -76, -333, -115, -76, 0, 0, 0
L -333, -115, -76, -359, -97, -76, 0, 0, 0
L -359, -97, -76, -369, -112, -76, 0, 0, 0
L -369, -112, -76, -370, -113, -76, 0, 0, 0
L -370, -113, -76, -370, -115, -76, 0, 0, 0
L -370, -115, -76, -362, -122, -76, 0, 0, 0
L -362, -122, -76, -363, -123, -76, 0, 0, 0
L -363, -123, -76, -365, -124, -76, 0, 0, 0
L -365, -124, -76, -366, -122, -76, 0, 0, 0
L -366, -122, -76, -372, -118, -76, 0, 0, 0
L -372, -118, -76, -374, -119, -75, 0, 0, 0
L -374, -119, -75, -376, -118, -75, 0, 0, 0
L -376, -118, -75, -377, -117, -76, 0, 0, 0
L -377, -117, -76, -381, -114, -76, 0, 0, 0
L -381, -114, -76, -389, -112, -76, 0, 0, 0
L -389, -112, -76, -391, -113, -76, 0, 0, 0
L -391, -113, -76, -392, -113, -75, 0, 0, 0
L -392, -113, -75, -394, -112, -75, 0, 0, 0
L -394, -112, -75, -394, -111, -76, 0, 0, 0
L -394, -111, -76, -396, -109, -76, 0, 0, 0
L -396, -109, -76, -405, -106, -76, 0, 0, 0
L -405, -106, -76, -403, -103, -76, 0, 0, 0
L -403, -103, -76, -401, -103, -76, 0, 0, 0
L -401, -103, -76, -400, -104, -76, 0, 0, 0
L -400, -104, -76, -393, -107, -76, 0, 0, 0
L -393, -107, -76, -392, -105, -75, 0, 0, 0
L -392, -105, -75, -391, -104, -76, 0, 0, 0
L -391, -104, -76, -385, -87, -76, 0, 0, 0
L -385, -87, -76, -415, -76, -76, 0, 0, 0
L -415, -76, -76, -421, -95, -76, 0, 0, 0
L -421, -95, -76, -421, -96, -76, 0, 0, 0
L -421, -96, -76, -420, -97, -76, 0, 0, 0
L -420, -97, -76, -411, -101, -76, 0, 0, 0
L -411, -101, -76, -412, -103, -76, 0, 0, 0
L -412, -103, -76, -415, -103, -76, 0, 0, 0
L -415, -103, -76, -423, -100, -76, 0, 0, 0
L -423, -100, -76, -424, -101, -75, 0, 0, 0
L -424, -101, -75, -426, -101, -76, 0, 0, 0
L -426, -101, -76, -427, -100, -75, 0, 0, 0
L -427, -100, -75, -429, -99, -76, 0, 0, 0
L -429, -99, -76, -433, -97, -76, 0, 0, 0
L -433, -97, -76, -435, -98, -76, 0, 0, 0
L -435, -98, -76, -437, -97, -76, 0, 0, 0
L -437, -97, -76, -439, -97, -76, 0, 0, 0
L -439, -97, -76, -441, -96, -76, 0, 0, 0
L -441, -96, -76, -445, -97, -76, 0, 0, 0
L -445, -97, -76, -450, -97, -76, 0, 0, 0
L -450, -97, -76, -451, -95, -76, 0, 0, 0
L -451, -95, -76, -462, -95, -76, 0, 0, 0
L -462, -95, -76, -461, -93, -76, 0, 0, 0
L -461, -93, -76, -460, -92, -76, 0, 0, 0
L -460, -92, -76, -450, -92, -76, 0, 0, 0
L -450, -92, -76, -450, -90, -76, 0, 0, 0
L -450, -90, -76, -449, -89, -76, 0, 0, 0
L -449, -89, -76, -450, -71, -76, 0, 0, 0
L -450, -71, -76, -481, -71, -75, 0, 0, 0
L -481, -71, -75, -481, -90, -76, 0, 0, 0
L -481, -90, -76, -480, -92, -76, 0, 0, 0
L -480, -92, -76, -469, -92, -76, 0, 0, 0
L -469, -92, -76, -469, -94, -76, 0, 0, 0
L -469, -94, -76, -470, -95, -76, 0, 0, 0
L -470, -95, -76, -472, -95, -76, 0, 0, 0
L -472, -95, -76, -480, -96, -76, 0, 0, 0
L -480, -96, -76, -481, -97, -76, 0, 0, 0
L -481, -97, -76, -485, -97, -76, 0, 0, 0
L -485, -97, -76, -487, -96, -76, 0, 0, 0
L -487, -96, -76, -495, -97, -76, 0, 0, 0
L -495, -97, -76, -506, -101, -76, 0, 0, 0
L -506, -101, -76, -507, -101, -75, 0, 0, 0
L -507, -101, -75, -509, -100, -76, 0, 0, 0
L -509, -100, -76, -518, -103, -76, 0, 0, 0
L -518, -103, -76, -519, -102, -76, 0, 0, 0
L -519, -102, -76, -518, -100, -76, 0, 0, 0
L -518, -100, -76, -517, -99, -76, 0, 0, 0
L -517, -99, -76, -515, -99, -76, 0, 0, 0
L -515, -99, -76, -509, -97, -76, 0, 0, 0
L -509, -97, -76, -509, -95, -76, 0, 0, 0
L -509, -95, -76, -510, -93, -76, 0, 0, 0
L -510, -93, -76, -516, -76, -76, 0, 0, 0
L -516, -76, -76, -545, -87, -75, 0, 0, 0
L -545, -87, -75, -539, -105, -76, 0, 0, 0
L -539, -105, -76, -537, -106, -76, 0, 0, 0
L -537, -106, -76, -535, -106, -76, 0, 0, 0
L -535, -106, -76, -529, -104, -76, 0, 0, 0
L -529, -104, -76, -528, -103, -76, 0, 0, 0
L -528, -103, -76, -526, -105, -76, 0, 0, 0
L -526, -105, -76, -526, -107, -76, 0, 0, 0
L -526, -107, -76, -528, -107, -76, 0, 0, 0
L -528, -107, -76, -529, -108, -76, 0, 0, 0
L -529, -108, -76, -536, -110, -76, 0, 0, 0
L -536, -110, -76, -537, -112, -76, 0, 0, 0
L -537, -112, -76, -538, -113, -76, 0, 0, 0
L -538, -113, -76, -540, -114, -76, 0, 0, 0
L -540, -114, -76, -542, -112, -76, 0, 0, 0
L -542, -112, -76, -546, -113, -76, 0, 0, 0
L -546, -113, -76, -548, -114, -76, 0, 0, 0
L -548, -114, -76, -553, -116, -76, 0, 0, 0
L -553, -116, -76, -555, -118, -76, 0, 0, 0
L -555, -118, -76, -557, -119, -75, 0, 0, 0
L -557, -119, -75, -559, -119, -76, 0, 0, 0
L -559, -119, -76, -567, -124, -76, 0, 0, 0
L -567, -124, -76, -568, -123, -76, 0, 0, 0
L -568, -123, -76, -568, -121, -76, 0, 0, 0
L -568, -121, -76, -567, -120, -76, 0, 0, 0
L -567, -120, -76, -564, -118, -76, 0, 0, 0
L -564, -118, -76, -560, -115, -76, 0, 0, 0
L -560, -115, -76, -560, -113, -75, 0, 0, 0
L -560, -113, -75, -561, -112, -76, 0, 0, 0
L -561, -112, -76, -572, -97, -76, 0, 0, 0
L -572, -97, -76, -590, -110, -76, 0, 0, 0
L -590, -110, -76, -597, -116, -76, 0, 0, 0
L -597, -116, -76, -586, -131, -76, 0, 0, 0
L -586, -131, -76, -584, -132, -76, 0, 0, 0
L -584, -132, -76, -578, -128, -76, 0, 0, 0
L -578, -128, -76, -576, -126, -76, 0, 0, 0
L -576, -126, -76, -575, -127, -76, 0, 0, 0
L -575, -127, -76, -574, -129, -76, 0, 0, 0
L -574, -129, -76, -576, -131, -76, 0, 0, 0
L -576, -131, -76, -582, -135, -76, 0, 0, 0
L -582, -135, -76, -582, -137, -76, 0, 0, 0
L -582, -137, -76, -585, -139, -76, 0, 0, 0
L -585, -139, -76, -587, -139, -76, 0, 0, 0
L -587, -139, -76, -590, -141, -76, 0, 0, 0
L -590, -141, -76, -595, -150, -76, 0, 0, 0
L -595, -150, -76, -596, -151, -76, 0, 0, 0
L -596, -151, -76, -596, -153, -76, 0, 0, 0
L -596, -153, -76, -595, -155, -76, 0, 0, 0
L -595, -155, -76, -595, -156, -76, 0, 0, 0
L -595, -156, -76, -597, -160, -76, 0, 0, 0
L -597, -160, -76, -602, -160, -76, 0, 0, 0
L -602, -160, -76, -608, -169, -76, 0, 0, 0
L -608, -169, -76, -607, -171, -76, 0, 0, 0
L -607, -171, -76, -607, -173, -76, 0, 0, 0
L -607, -173, -76, -606, -175, -76, 0, 0, 0
L -606, -175, -76, -607, -178, -75, 0, 0, 0
L -607, -178, -75, -608, -179, -76, 0, 0, 0
L -608, -179, -76, -609, -190, -76, 0, 0, 0
L -609, -190, -76, -610, -190, -76, 0, 0, 0
L -610, -190, -76, -612, -189, -76, 0, 0, 0
L -612, -189, -76, -612, -179, -76, 0, 0, 0
L -612, -179, -76, -614, -178, -76, 0, 0, 0
L -614, -178, -76, -633, -178, -76, 0, 0, 0
L -633, -178, -76, -633, -210, -76, 0, 0, 0
L -633, -210, -76, -614, -210, -76, 0, 0, 0
L -614, -210, -76, -612, -209, -76, 0, 0, 0
L -612, -209, -76, -612, -207, -76, 0, 0, 0
L -612, -207, -76, -611, -198, -76, 0, 0, 0
L -611, -198, -76, -609, -198, -76, 0, 0, 0
L -609, -198, -76, -608, -199, -76, 0, 0, 0
L -608, -199, -76, -608, -209, -76, 0, 0, 0
L -608, -209, -76, -606, -210, -75, 0, 0, 0
L -606, -210, -75, -606, -212, -76, 0, 0, 0
L -606, -212, -76, -606, -214, -76, 0, 0, 0
L -606, -214, -76, -607, -215, -76, 0, 0, 0
L -607, -215, -76, -607, -219, -76, 0, 0, 0
L -607, -219, -76, -601, -228, -76, 0, 0, 0
L -601, -228, -76, -597, -228, -76, 0, 0, 0
L -597, -228, -76, -595, -231, -76, 0, 0, 0
L -595, -231, -76, -595, -233, -76, 0, 0, 0
L -595, -233, -76, -596, -236, -76, 0, 0, 0
L -596, -236, -76, -596, -238, -76, 0, 0, 0
L -596, -238, -76, -590, -247, -76, 0, 0, 0
L -590, -247, -76, -588, -248, -76, 0, 0, 0
L -588, -248, -76, -586, -249, -75, 0, 0, 0
L -586, -249, -75, -585, -249, -76, 0, 0, 0
L -585, -249, -76, -583, -250, -76, 0, 0, 0
L -583, -250, -76, -582, -252, -75, 0, 0, 0
L -582, -252, -75, -581, -254, -76, 0, 0, 0
L -581, -254, -76, -573, -259, -76, 0, 0, 0
L -573, -259, -76, -576, -262, -76, 0, 0, 0
L -576, -262, -76, -578, -260, -76, 0, 0, 0
L -578, -260, -76, -580, -259, -76, 0, 0, 0
L -580, -259, -76, -585, -256, -75, 0, 0, 0
L -585, -256, -75, -586, -257, -76, 0, 0, 0
L -586, -257, -76, -587, -258, -76, 0, 0, 0
L -587, -258, -76, -597, -272, -76, 0, 0, 0
L -597, -272, -76, -571, -290, -76, 0, 0, 0
L -571, -290, -76, -560, -275, -76, 0, 0, 0
L -560, -275, -76, -560, -273, -76, 0, 0, 0
L -560, -273, -76, -569, -266, -76, 0, 0, 0
L -569, -266, -76, -568, -264, -76, 0, 0, 0
L -568, -264, -76, -566, -264, -76, 0, 0, 0
L -566, -264, -76, -564, -265, -76, 0, 0, 0
L -564, -265, -76, -558, -270, -76, 0, 0, 0
L -558, -270, -76, -557, -269, -75, 0, 0, 0
L -557, -269, -75, -555, -269, -76, 0, 0, 0
L -555, -269, -76, -552, -272, -76, 0, 0, 0
L -552, -272, -76, -550, -273, -76, 0, 0, 0
L -550, -273, -76, -549, -273, -76, 0, 0, 0
L -549, -273, -76, -547, -274, -76, 0, 0, 0
L -547, -274, -76, -546, -275, -76, 0, 0, 0
L -546, -275, -76, -541, -275, -76, 0, 0, 0
L -541, -275, -76, -540, -274, -76, 0, 0, 0
L -540, -274, -76, -538, -275, -76, 0, 0, 0
L -538, -275, -76, -536, -276, -75, 0, 0, 0
L -536, -276, -75, -536, -277, -76, 0, 0, 0
L -536, -277, -76, -535, -278, -76, 0, 0, 0
L -535, -278, -76, -526, -282, -76, 0, 0, 0
L -526, -282, -76, -526, -283, -76, 0, 0, 0
L -526, -283, -76, -528, -286, -76, 0, 0, 0
L -528, -286, -76, -531, -283, -76, 0, 0, 0
L -531, -283, -76, -537, -281, -75, 0, 0, 0
L -537, -281, -75, -538, -282, -75, 0, 0, 0
L -538, -282, -75, -539, -284, -76, 0, 0, 0
L -539, -284, -76, -545, -301, -76, 0, 0, 0
L -545, -301, -76, -516, -311, -76, 0, 0, 0
L -516, -311, -76, -509, -293, -76, 0, 0, 0
L -509, -293, -76, -510, -291, -75, 0, 0, 0
L -510, -291, -75, -511, -290, -76, 0, 0, 0
L -511, -290, -76, -519, -287, -76, 0, 0, 0
L -519, -287, -76, -519, -285, -76, 0, 0, 0
L -519, -285, -76, -518, -284, -76, 0, 0, 0
L -518, -284, -76, -515, -286, -76, 0, 0, 0
L -515, -286, -76, -508, -288, -76, 0, 0, 0
L -508, -288, -76, -507, -287, -76, 0, 0, 0
L -507, -287, -76, -505, -287, -76, 0, 0, 0
L -505, -287, -76, -503, -287, -75, 0, 0, 0
L -503, -287, -75, -502, -288, -76, 0, 0, 0
L -502, -288, -76, -501, -289, -76, 0, 0, 0
L -501, -289, -76, -494, -291, -76, 0, 0, 0
L -494, -291, -76, -480, -291, -76, 0, 0, 0
L -480, -291, -76, -479, -292, -76, 0, 0, 0
L -479, -292, -76, -472, -292, -76, 0, 0, 0
L -472, -292, -76, -469, -293, -76, 0, 0, 0
L -469, -293, -76, -469, -295, -76, 0, 0, 0
L -469, -295, -76, -470, -296, -76, 0, 0, 0
L -470, -296, -76, -480, -296, -76, 0, 0, 0
L -480, -296, -76, -481, -298, -76, 0, 0, 0
L -481, -298, -76, -481, -317, -76, 0, 0, 0
L -481, -317, -76, -449, -317, -75, 0, 0, 0
L -449, -317, -75, -450, -297, -76, 0, 0, 0
L -450, -297, -76, -451, -296, -76, 0, 0, 0
L -451, -296, -76, -461, -295, -76, 0, 0, 0
L -461, -295, -76, -461, -294, -76, 0, 0, 0
L -461, -294, -76, -460, -292, -76, 0, 0, 0
L -460, -292, -76, -450, -292, -76, 0, 0, 0
L -450, -292, -76, -449, -291, -75, 0, 0, 0
L -449, -291, -75, -447, -291, -76, 0, 0, 0
L -447, -291, -76, -441, -291, -76, 0, 0, 0
L -441, -291, -76, -436, -291, -75, 0, 0, 0
L -436, -291, -75, -428, -288, -75, 0, 0, 0
L -428, -288, -75, -427, -288, -76, 0, 0, 0
L -427, -288, -76, -425, -287, -76, 0, 0, 0
L -425, -287, -76, -423, -287, -76, 0, 0, 0
L -423, -287, -76, -422, -288, -76, 0, 0, 0
L -422, -288, -76, -412, -284, -76, 0, 0, 0
L -412, -284, -76, -411, -286, -76, 0, 0, 0
L -411, -286, -76, -412, -288, -76, 0, 0, 0
L -412, -288, -76, -421, -291, -76, 0, 0, 0
L -421, -291, -76, -421, -295, -76, 0, 0, 0
L -421, -295, -76, -415, -311, -76, 0, 0, 0
L -415, -311, -76, -385, -301, -76, 0, 0, 0
L -385, -301, -76, -392, -282, -76, 0, 0, 0
L -392, -282, -76, -393, -281, -76, 0, 0, 0
L -393, -281, -76, -394, -281, -76, 0, 0, 0
L -394, -281, -76, -403, -284, -76, 0, 0, 0
L -403, -284, -76, -404, -283, -76, 0, 0, 0
L -404, -283, -76, -404, -281, -76, 0, 0, 0
L -404, -281, -76, -403, -281, -76, 0, 0, 0
L -403, -281, -76, -401, -280, -76, 0, 0, 0
L -401, -280, -76, -394, -278, -76, 0, 0, 0
L -394, -278, -76, -394, -276, -76, 0, 0, 0
L -394, -276, -76, -391, -274, -76, 0, 0, 0
L -391, -274, -76, -389, -275, -76, 0, 0, 0
L -389, -275, -76, -385, -275, -76, 0, 0, 0
L -385, -275, -76, -381, -273, -76, 0, 0, 0
L -381, -273, -76, -378, -272, -76, 0, 0, 0
L -378, -272, -76, -377, -270, -76, 0, 0, 0
L -377, -270, -76, -375, -269, -75, 0, 0, 0
L -375, -269, -75, -373, -269, -76, 0, 0, 0
L -373, -269, -76, -371, -269, -76, 0, 0, 0
L -371, -269, -76, -364, -264, -76, 0, 0, 0
L -364, -264, -76, -362, -265, -76, 0, 0, 0
L -362, -265, -76, -362, -267, -76, 0, 0, 0
L -362, -267, -76, -363, -268, -76, 0, 0, 0
L -363, -268, -76, -365, -269, -76, 0, 0, 0
L -365, -269, -76, -371, -273, -76, 0, 0, 0
L -371, -273, -76, -370, -275, -76, 0, 0, 0
L -370, -275, -76, -359, -291, -76, 0, 0, 0
L -359, -291, -76, -333, -272, -76, 0, 0, 0
L -333, -272, -76, -344, -256, -76, 0, 0, 0
L -344, -256, -76, -347, -256, -76, 0, 0, 0
L -347, -256, -76, -354, -261, -76, 0, 0, 0
L -354, -261, -76, -356, -261, -76, 0, 0, 0
L -356, -261, -76, -357, -260, -76, 0, 0, 0
L -357, -260, -76, -356, -258, -76, 0, 0, 0
L -356, -258, -76, -355, -257, -76, 0, 0, 0
L -355, -257, -76, -352, -256, -76, 0, 0, 0
L -352, -256, -76, -348, -253, -76, 0, 0, 0
L -348, -253, -76, -348, -251, -76, 0, 0, 0
L -348, -251, -76, -346, -248, -76, 0, 0, 0
L -346, -248, -76, -344, -248, -76, 0, 0, 0
L -344, -248, -76, -342, -247, -76, 0, 0, 0
L -342, -247, -76, -339, -244, -76, 0, 0, 0
L -339, -244, -76, -334, -236, -76, 0, 0, 0
L -334, -236, -76, -336, -234, -76, 0, 0, 0
L -336, -234, -76, -335, -232, -76, 0, 0, 0
L -335, -232, -76, -333, -229, -76, 0, 0, 0
L -333, -229, -76, -332, -228, -76, 0, 0, 0
L -332, -228, -76, -330, -228, -76, 0, 0, 0
L -330, -228, -76, -328, -227, -76, 0, 0, 0
L -328, -227, -76, -323, -219, -76, 0, 0, 0
L -323, -219, -76, -323, -207, -76, 0, 0, 0
L -323, -207, -76, -324, -206, -76, 0, 0, 0
L -324, -206, -76, -324, -202, -76, 0, 0, 0
L -324, -202, -76, -320, -202, -76, 0, 0, 0
L -320, -187, -76, -323, -187, -76, 0, 0, 0
L -323, -187, -76, -324, -186, -76, 0, 0, 0
L -324, -186, -76, -324, -183, -76, 0, 0, 0
L -113, -257, -38, -111, -258, -38, 0, 0, 0
L -111, -258, -38, -110, -259, -38, 0, 0, 0
L -110, -259, -38, -111, -261, -38, 0, 0, 0
L -111, -261, -38, -110, -262, -38, 0, 0, 0
L -110, -262, -38, -108, -263, -38, 0, 0, 0
L -108, -263, -38, -98, -263, -32, 0, 0, 0
L -98, -263, -32, -68, -263, -32, 0, 0, 0
L -68, -263, -32, -18, -263, -38, 0, 0, 0
L -18, -263, -38, -16, -263, -38, 0, 0, 0
L -16, -263, -38, -15, -261, -38, 0, 0, 0
L -15, -261, -38, -15, -259, -38, 0, 0, 0
L -15, -259, -38, -14, -257, -38, 0, 0, 0
L -111, -239, -38, -109, -238, -38, 0, 0, 0
L -109, -238, -38, -107, -238, -38, 0, 0, 0
L -107, -238, -38, -104, -238, -37, 0, 0, 0
L -104, -238, -37, -102, -239, -34, 0, 0, 0
L -102, -239, -34, -101, -239, -33, 0, 0, 0
L -101, -239, -33, -91, -238, -34, 0, 0, 0
L -91, -238, -34, -89, -238, -32, 0, 0, 0
L -89, -238, -32, -56, -238, -32, 0, 0, 0
L -56, -238, -32, -15, -238, -35, 0, 0, 0
L -15, -238, -38, -14, -242, -38, 0, 0, 0
L -14, -242, -38, -12, -243, -38, 0, 0, 0
L -12, -243, -38, -10, -242, -38, 0, 0, 0
L -10, -242, -38, -8, -242, -38, 0, 0, 0
L -112, -243, -38, -111, -242, -38, 0, 0, 0
L -111, -242, -38, -111, -239, -38, 0, 0, 0
L 37, -90, 50, 30, -69, 50, 0, 0, 0
L 30, -69, 50, 28, -69, 50, 0, 0, 0
L 28, -69, 50, 24, -67, 50, 0, 0, 0
L 24, -67, 50, -26, -67, 50, 0, 0, 0
L -26, -67, 50, -28, -69, 50, 0, 0, 0
L -28, -69, 50, -30, -70, 50, 0, 0, 0
L -30, -70, 50, -37, -89, 50, 0, 0, 0
L -37, -89, 50, -37, -91, 50, 0, 0, 0
L -37, -91, 50, -39, -92, 50, 0, 0, 0
L -39, -92, 50, -40, -92, 50, 0, 0, 0
L -53, -130, 80, 51, -130, 80, 0, 0, 0
L 51, -130, 80, 52, -129, 79, 0, 0, 0
L 52, -129, 79, 52, -127, 78, 0, 0, 0
L 52, -127, 78, 51, -123, 75, 0, 0, 0
L 51, -123, 75, 44, -106, 52, 0, 0, 0
L 44, -106, 52, 42, -106, 51, 0, 0, 0
L 42, -106, 51, 41, -105, 50, 0, 0, 0
L 41, -105, 50, 40, -104, 50, 0, 0, 0
L 40, -104, 50, 40, -97, 50, 0, 0, 0
L 40, -97, 50, 42, -96, 50, 0, 0, 0
L 42, -96, 50, 43, -97, 48, 0, 0, 0
L 43, -97, 48, 44, -99, 50, 0, 0, 0
L 44, -99, 50, 46, -99, 50, 0, 0, 0
L 46, -99, 50, 48, -103, 50, 0, 0, 0
L 48, -103, 50, 48, -104, 50, 0, 0, 0
L 48, -104, 50, 47, -105, 50, 0, 0, 0
L 47, -105, 50, 47, -107, 53, 0, 0, 0
L 47, -107, 53, 49, -111, 63, 0, 0, 0
L 49, -111, 63, 49, -112, 64, 0, 0, 0
L 49, -112, 64, 53, -122, 72, 0, 0, 0
L 53, -122, 76, 54, -126, 77, 0, 0, 0
L 54, -126, 77, 55, -128, 78, 0, 0, 0
L 55, -128, 78, 58, -128, 79, 0, 0, 0
L 37, -91, 37, 54, -86, 38, 0, 0, 0
L 54, -86, 38, 56, -85, 39, 0, 0, 0
L 56, -85, 39, 65, -84, 39, 0, 0, 0
L 65, -84, 39, 102, -74, 39, 0, 0, 0
L 102, -74, 39, 111, -71, 39, 0, 0, 0
L 111, -71, 39, 117, -68, 39, 0, 0, 0
L 117, -68, 39, 169, -32, 39, 0, 0, 0
L 169, -32, 39, 170, -31, 39, 0, 0, 0
L 170, -31, 39, 176, -23, 39, 0, 0, 0
L 176, -23, 39, 191, 1, 39, 0, 0, 0
L 191, 1, 39, 200, 17, 39, 0, 0, 0
L 200, 17, 39, 202, 20, 39, 0, 0, 0
L 202, 20, 39, 203, 49, 39, 0, 0, 0
L 203, 49, 39, 202, 78, 39, 0, 0, 0
L 202, 78, 39, 198, 86, 39, 0, 0, 0
L 198, 86, 39, 176, 124, 39, 0, 0, 0
L 176, 124, 39, 173, 127, 39, 0, 0, 0
L 173, 127, 39, 170, 131, 39, 0, 0, 0
L 170, 131, 39, 168, 132, 39, 0, 0, 0
L 168, 132, 39, 167, 133, 39, 0, 0, 0
L 167, 133, 39, 150, 146, 39, 0, 0, 0
L 150, 146, 39, 125, 163, 39, 0, 0, 0
L 125, 163, 39, 116, 168, 39, 0, 0, 0
L 116, 168, 39, 115, 169, 39, 0, 0, 0
L 115, 169, 39, 76, 182, 39, 0, 0, 0
L 76, 182, 39, 66, 184, 39, 0, 0, 0
L 66, 184, 39, 38, 191, 39, 0, 0, 0
L 38, 191, 39, 20, 191, 39, 0, 0, 0
L 20, 191, 39, 20, 198, 39, 0, 0, 0
L 20, 198, 39, 42, 198, 39, 0, 0, 0
L 42, 198, 39, 121, 175, 39, 0, 0, 0
L 121, 175, 39, 181, 134, 39, 0, 0, 0
L 181, 134, 39, 214, 79, 39, 0, 0, 0
L 214, 79, 39, 213, 20, 39, 0, 0, 0
L 213, 20, 39, 181, -33, 39, 0, 0, 0
L 181, -33, 39, 121, -75, 39, 0, 0, 0
L 121, -75, 39, 92, -84, 39, 0, 0, 0
L 92, -84, 39, 57, -94, 40, 0, 0, 0
L 40, -90, 50, 32, -69, 50, 0, 0, 0
L 32, -69, 50, 33, -67, 50, 0, 0, 0
L 33, -67, 50, 32, -65, 55, 0, 0, 0
L 32, -65, 55, 31, -63, 53, 0, 0, 0
L 31, -63, 53, 30, -62, 51, 0, 0, 0
L 30, -62, 51, 28, -62, 54, 0, 0, 0
L 28, -62, 54, 25, -62, 49, 0, 0, 0
L 25, -62, 49, 25, -64, 50, 0, 0, 0
L 25, -64, 50, -26, -64, 50, 0, 0, 0
L -26, -64, 50, -26, -63, 50, 0, 0, 0
L -26, -63, 50, -28, -62, 49, 0, 0, 0
L -28, -62, 49, -30, -62, 49, 0, 0, 0
L -30, -62, 49, -31, -63, 53, 0, 0, 0
L -31, -63, 53, -32, -65, 54, 0, 0, 0
L -32, -65, 54, -33, -67, 50, 0, 0, 0
L -33, -67, 50, -32, -68, 50, 0, 0, 0
L -32, -68, 50, -32, -70, 50, 0, 0, 0
L -32, -70, 50, -39, -88, 50, 0, 0, 0
L -39, -88, 50, -41, -89, 49, 0, 0, 0
L -41, -89, 49, -42, -90, 47, 0, 0, 0
L -42, -90, 47, -43, -91, 48, 0, 0, 0
L -40, -92, 48, -45, -90, 46, 0, 0, 0
L -45, -90, 46, -55, -88, 41, 0, 0, 0
L -55, -88, 41, -57, -87, 39, 0, 0, 0
L -57, -87, 39, -66, -84, 39, 0, 0, 0
L -66, -84, 39, -112, -71, 39, 0, 0, 0
L -112, -71, 39, -116, -69, 39, 0, 0, 0
L -116, -69, 39, -142, -53, 39, 0, 0, 0
L -142, -53, 39, -170, -32, 39, 0, 0, 0
L -170, -32, 39, -177, -25, 39, 0, 0, 0
L -177, -25, 39, -183, -16, 39, 0, 0, 0
L -183, -16, 39, -202, 18, 39, 0, 0, 0
L -202, 18, 39, -202, 20, 39, 0, 0, 0
L -202, 20, 39, -203, 22, 39, 0, 0, 0
L -203, 22, 39, -204, 34, 39, 0, 0, 0
L -204, 34, 39, -204, 70, 39, 0, 0, 0
L -204, 70, 39, -203, 77, 39, 0, 0, 0
L -203, 77, 39, -203, 78, 39, 0, 0, 0
L -203, 78, 39, -191, 102, 39, 0, 0, 0
L -191, 102, 39, -178, 124, 39, 0, 0, 0
L -178, 124, 39, -174, 129, 39, 0, 0, 0
L -174, 129, 39, -128, 162, 39, 0, 0, 0
L -128, 162, 39, -118, 168, 39, 0, 0, 0
L -118, 168, 39, -107, 172, 39, 0, 0, 0
L -107, 172, 39, -79, 181, 39, 0, 0, 0
L -79, 181, 39, -54, 188, 39, 0, 0, 0
L -54, 188, 39, -44, 190, 39, 0, 0, 0
L -44, 190, 39, -20, 191, 39, 0, 0, 0
L -20, 191, 39, -20, 198, 39, 0, 0, 0
L -20, 198, 39, -43, 198, 39, 0, 0, 0
L -43, 198, 39, -122, 175, 39, 0, 0, 0
L -122, 175, 39, -182, 133, 39, 0, 0, 0
L -182, 133, 39, -214, 79, 39, 0, 0, 0
L -214, 79, 39, -214, 21, 39, 0, 0, 0
L -214, 21, 39, -182, -34, 39, 0, 0, 0
L -182, -34, 39, -121, -75, 39, 0, 0, 0
L -121, -75, 39, -91, -84, 39, 0, 0, 0
L -91, -84, 39, -47, -97, 46, 0, 0, 0
L -47, -97, 46, -44, -98, 48, 0, 0, 0
L -44, -98, 48, -45, -99, 50, 0, 0, 0
L -45, -99, 50, -47, -100, 50, 0, 0, 0
L -54, -125, 76, -54, -127, 78, 0, 0, 0
L -54, -127, 78, -56, -128, 79, 0, 0, 0
L -56, -128, 79, -57, -129, 80, 0, 0, 0
L -57, -129, 80, -148, -103, 80, 0, 0, 0
L -148, -103, 80, -221, -52, 80, 0, 0, 0
L -221, -52, 80, -261, 14, 80, 0, 0, 0
L -261, 14, 80, -261, 86, 80, 0, 0, 0
L -261, 86, 80, -221, 152, 80, 0, 0, 0
L -221, 152, 80, -220, 153, 80, 0, 0, 0
L -220, 153, 80, -148, 203, 80, 0, 0, 0
L -148, 203, 80, -146, 203, 79, 0, 0, 0
L -146, 203, 79, -52, 230, 80, 0, 0, 0
L -52, 230, 80, -21, 230, 80, 0, 0, 0
L -21, 230, 80, -20, 229, 78, 0, 0, 0
L -20, 229, 78, -20, 227, 77, 0, 0, 0
L -20, 227, 77, -20, 181, 23, 0, 0, 0
L -53, -130, 64, -46, -110, 62, 0, 0, 0
L -46, -110, 62, -45, -108, 61, 0, 0, 0
L -45, -108, 61, -45, -107, 56, 0, 0, 0
L -45, -107, 56, -44, -106, 53, 0, 0, 0
L -44, -106, 53, -43, -106, 50, 0, 0, 0
L -43, -106, 50, -41, -105, 50, 0, 0, 0
L -41, -105, 50, -40, -104, 50, 0, 0, 0
L -40, -104, 50, -40, -102, 50, 0, 0, 0
L -40, -102, 50, -41, -100, 50, 0, 0, 0
L -41, -100, 50, -40, -99, 50, 0, 0, 0
L -40, -99, 50, -40, -97, 50, 0, 0, 0
L -40, -97, 50, -41, -96, 50, 0, 0, 0
L -41, -96, 50, -43, -97, 49, 0, 0, 0
L -43, -97, 49, -44, -98, 48, 0, 0, 0
L -54, -126, 77, -52, -120, 70, 0, 0, 0
L -52, -120, 70, -51, -119, 68, 0, 0, 0
L -51, -119, 68, -51, -117, 65, 0, 0, 0
L -51, -117, 65, -48, -110, 63, 0, 0, 0
L -48, -110, 63, -48, -108, 59, 0, 0, 0
L -48, -108, 59, -47, -106, 52, 0, 0, 0
L -47, -100, 50, -48, -102, 50, 0, 0, 0
L -48, -102, 50, -48, -104, 50, 0, 0, 0
L -48, -104, 50, -47, -105, 50, 0, 0, 0
L -47, -105, 50, -47, -106, 52, 0, 0, 0
L 62, -92, 39, 48, -96, 46, 0, 0, 0
L 48, -96, 46, 46, -97, 46, 0, 0, 0
L 46, -97, 46, 44, -98, 50, 0, 0, 0
L 44, -98, 50, 43, -97, 48, 0, 0, 0
L 43, -97, 48, 42, -96, 50, 0, 0, 0
L 37, -91, 50, 37, -89, 50, 0, 0, 0
L 40, -84, 36, 40, -83, 34, 0, 0, 0
L -60, 62, -52, -62, 63, -50, 0, 0, 0
L -62, 63, -50, -63, 64, -50, 0, 0, 0
L -63, 64, -50, -65, 64, -52, 0, 0, 0
L -65, 64, -52, -81, 64, -51, 0, 0, 0
L -81, 64, -51, -82, 62, -50, 0, 0, 0
L -82, 62, -50, -84, 62, -50, 0, 0, 0
L -84, 62, -50, -87, 63, -50, 0, 0, 0
L -87, 63, -50, -88, 64, -50, 0, 0, 0
L -88, 64, -50, -87, 68, -50, 0, 0, 0
L -87, 68, -50, -86, 69, -50, 0, 0, 0
L -86, 69, -50, -84, 69, -50, 0, 0, 0
L -84, 69, -50, -82, 68, -50, 0, 0, 0
L -82, 68, -50, -81, 67, -52, 0, 0, 0
L -81, 67, -52, -63, 67, -52, 0, 0, 0
L -63, 67, -52, -62, 68, -50, 0, 0, 0
L -62, 68, -50, -60, 69, -50, 0, 0, 0
L -60, 69, -50, -59, 69, -50, 0, 0, 0
L -59, 69, -50, -57, 68, -50, 0, 0, 0
L -57, 68, -50, -56, 67, -50, 0, 0, 0
L -56, 67, -50, -57, 63, -50, 0, 0, 0
L -57, 63, -50, -58, 61, -51, 0, 0, 0
L -58, 61, -51, -58, 59, -52, 0, 0, 0
L -58, 59, -52, -58, 38, -51, 0, 0, 0
L -58, 38, -51, -57, 37, -50, 0, 0, 0
L -57, 37, -50, -56, 35, -50, 0, 0, 0
L -56, 35, -50, -57, 31, -50, 0, 0, 0
L -57, 31, -50, -61, 31, -50, 0, 0, 0
L -61, 31, -50, -62, 32, -50, 0, 0, 0
L -62, 32, -50, -63, 34, -50, 0, 0, 0
L -63, 34, -50, -65, 34, -52, 0, 0, 0
L -65, 34, -52, -81, 34, -52, 0, 0, 0
L -81, 34, -52, -81, 32, -50, 0, 0, 0
L -81, 32, -50, -83, 31, -50, 0, 0, 0
L -83, 31, -50, -85, 31, -52, 0, 0, 0
L -85, 31, -52, -87, 31, -50, 0, 0, 0
L -87, 31, -50, -88, 33, -50, 0, 0, 0
L -88, 33, -50, -88, 35, -50, 0, 0, 0
L -88, 35, -50, -87, 37, -50, 0, 0, 0
L -87, 37, -50, -86, 38, -50, 0, 0, 0
L -86, 38, -50, -82, 37, -50, 0, 0, 0
L -82, 37, -50, -81, 36, -50, 0, 0, 0
L -81, 36, -50, -79, 36, -52, 0, 0, 0
L -79, 36, -52, -63, 36, -52, 0, 0, 0
L -63, 36, -52, -62, 37, -50, 0, 0, 0
L -62, 37, -50, -60, 39, -52, 0, 0, 0
L -60, 39, -52, -60, 62, -52, 0, 0, 0
