L 1228, 2160, 68, 1308, 1745, 15, 0, 0, 0
L 1213, 2672, 51, 1228, 2160, 69, 0, 0, 0
L -658, 2673, 66, 1213, 2672, 50, 0, 0, 0
L -659, 2436, 123, -658, 2673, 66, 0, 0, 0
L -669, 1843, 2, -661, 2448, 132, 0, 0, 0
L -617, 1840, -0, -670, 1838, 2, 0, 0, 0
L -615, 1814, -0, -617, 1840, -0, 0, 0, 0
L -564, 1814, -0, -615, 1813, -0, 0, 0, 0
L -525, 1800, 2, -558, 1814, 1, 0, 0, 0
L -517, 1732, 5, -523, 1799, 2, 0, 0, 0
L -457, 1716, 5, -512, 1723, 5, 0, 0, 0
L -429, 1729, 5, -456, 1729, 5, 0, 0, 0
L -429, 1716, 5, -429, 1729, 5, 0, 0, 0
L -361, 1716, 6, -429, 1716, 5, 0, 0, 0
L -361, 1729, 6, -361, 1716, 6, 0, 0, 0
L -331, 1729, 6, -361, 1729, 6, 0, 0, 0
L -331, 1720, 6, -331, 1729, 6, 0, 0, 0
L -256, 1719, 4, -331, 1720, 6, 0, 0, 0
L -249, 1744, 6, -256, 1719, 4, 0, 0, 0
L -247, 1742, 6, -188, 1741, 5, 0, 0, 0
L -194, 1729, 4, -194, 1742, 5, 0, 0, 0
L -112, 1726, 4, -194, 1729, 4, 0, 0, 0
L -107, 1732, 4, -112, 1726, 4, 0, 0, 0
L -81, 1725, 3, -107, 1732, 4, 0, 0, 0
L -47, 1724, 3, -81, 1725, 3, 0, 0, 0
L -47, 1730, 3, -47, 1724, 3, 0, 0, 0
L -20, 1729, 3, -47, 1730, 3, 0, 0, 0
L -21, 1722, 3, -20, 1729, 3, 0, 0, 0
L 27, 1717, 4, -21, 1721, 3, 0, 0, 0
L 27, 1729, 4, 27, 1717, 4, 0, 0, 0
L 54, 1729, 5, 27, 1729, 4, 0, 0, 0
L 54, 1721, 5, 54, 1729, 5, 0, 0, 0
L 78, 1720, 5, 54, 1721, 5, 0, 0, 0
L 83, 1740, 5, 84, 1721, 5, 0, 0, 0
L 146, 1740, 5, 83, 1740, 5, 0, 0, 0
L 246, 1742, 5, 183, 1735, 5, 0, 0, 0
L 246, 1730, 5, 246, 1742, 5, 0, 0, 0
L 299, 1730, 5, 246, 1730, 5, 0, 0, 0
L 344, 1718, 5, 299, 1718, 5, 0, 0, 0
L 344, 1728, 5, 344, 1718, 5, 0, 0, 0
L 371, 1720, 5, 371, 1728, 5, 0, 0, 0
L 420, 1718, 5, 371, 1720, 5, 0, 0, 0
L 421, 1731, 5, 420, 1718, 5, 0, 0, 0
L 444, 1730, 5, 421, 1731, 5, 0, 0, 0
L 444, 1721, 5, 444, 1730, 5, 0, 0, 0
L 470, 1717, 5, 444, 1721, 5, 0, 0, 0
L 473, 1730, 5, 470, 1717, 5, 0, 0, 0
L 496, 1731, 4, 473, 1730, 5, 0, 0, 0
L 497, 1719, 4, 496, 1731, 4, 0, 0, 0
L 546, 1720, 4, 497, 1719, 4, 0, 0, 0
L 562, 1734, 4, 546, 1720, 4, 0, 0, 0
L 558, 1780, 4, 562, 1734, 4, 0, 0, 0
L 575, 1811, 4, 558, 1780, 4, 0, 0, 0
L 608, 1829, 3, 575, 1811, 4, 0, 0, 0
L 642, 1827, 3, 608, 1829, 3, 0, 0, 0
L 643, 1810, 5, 642, 1827, 4, 0, 0, 0
L 664, 1811, 4, 643, 1810, 4, 0, 0, 0
L 663, 1838, 3, 664, 1811, 3, 0, 0, 0
L 728, 1834, 4, 663, 1838, 4, 0, 0, 0
L 728, 1821, 4, 728, 1834, 4, 0, 0, 0
L 880, 1824, 5, 728, 1821, 4, 0, 0, 0
L 879, 1811, 4, 880, 1824, 4, 0, 0, 0
L 898, 1810, 4, 879, 1811, 5, 0, 0, 0
L 899, 1848, 4, 898, 1810, 4, 0, 0, 0
L 961, 1845, 4, 899, 1848, 3, 0, 0, 0
L 901, 1846, 7, 901, 1846, 6, 0, 0, 0
L 963, 1816, 7, 964, 1839, 6, 0, 0, 0
L 995, 1814, 6, 963, 1816, 7, 0, 0, 0
L 1015, 1789, 6, 995, 1814, 6, 0, 0, 0
L 1019, 1729, 6, 1015, 1789, 7, 0, 0, 0
L 1060, 1725, 6, 1019, 1729, 7, 0, 0, 0
L 1057, 1712, 6, 1060, 1725, 7, 0, 0, 0
L 1104, 1715, 7, 1057, 1712, 6, 0, 0, 0
L 1106, 1724, 7, 1104, 1715, 6, 0, 0, 0
L 1133, 1723, 7, 1106, 1724, 7, 0, 0, 0
L 1132, 1714, 6, 1133, 1723, 6, 0, 0, 0
L 1179, 1711, 7, 1132, 1714, 6, 0, 0, 0
L 1183, 1721, 6, 1179, 1711, 7, 0, 0, 0
L 1206, 1721, 6, 1183, 1721, 6, 0, 0, 0
L 1252, 1711, 6, 1207, 1711, 6, 0, 0, 0
L 1257, 1740, 5, 1252, 1711, 5, 0, 0, 0
L 1309, 1733, 12, 1257, 1740, 6, 0, 0, 0
L -468, 1265, -62, -469, 1285, -53, 0, 0, 0
L -468, 1263, -64, -468, 1265, -62, 0, 0, 0
L -468, 1255, -68, -468, 1263, -64, 0, 0, 0
L -467, 1254, -68, -468, 1255, -68, 0, 0, 0
L -472, 1254, -70, -467, 1254, -68, 0, 0, 0
L -481, 1255, -76, -472, 1254, -70, 0, 0, 0
L -484, 1255, -78, -481, 1255, -76, 0, 0, 0
L -487, 1256, -78, -484, 1255, -78, 0, 0, 0
L -489, 1256, -78, -487, 1256, -78, 0, 0, 0
L -490, 1267, -84, -489, 1256, -78, 0, 0, 0
L -490, 1269, -86, -490, 1267, -84, 0, 0, 0
L -489, 1278, -88, -490, 1269, -86, 0, 0, 0
L -489, 1286, -88, -489, 1278, -88, 0, 0, 0
L -559, 1455, -53, -540, 1476, -53, 0, 0, 0
L -559, 1416, -53, -560, 1454, -53, 0, 0, 0
L -532, 1395, -53, -559, 1416, -53, 0, 0, 0
L -424, 1395, -53, -532, 1395, -53, 0, 0, 0
L -398, 1425, -53, -424, 1395, -53, 0, 0, 0
L -398, 1460, -53, -398, 1425, -53, 0, 0, 0
L -419, 1486, -53, -398, 1460, -53, 0, 0, 0
L -533, 1485, -53, -419, 1486, -53, 0, 0, 0
L 604, 777, 4, 490, 777, 7, 0, 0, 0
L 627, 802, 3, 604, 777, 4, 0, 0, 0
L 627, 799, 8, 627, 832, 3, 0, 0, 0
L 598, 861, 9, 626, 833, 9, 0, 0, 0
L 492, 860, 8, 598, 861, 8, 0, 0, 0
L 470, 847, 8, 492, 860, 8, 0, 0, 0
L 470, 799, 8, 469, 846, 8, 0, 0, 0
L 490, 777, 8, 470, 798, 9, 0, 0, 0
L 2344, 752, 5, 2278, 593, 2, 0, 0, 240
L 2337, 771, 8, 2283, 961, 15, 0, 0, 0
L 2274, 612, 17, 2337, 771, 8, 0, 0, 0
L 2254, 595, 17, 2274, 612, 16, 0, 0, 0
L 2215, 591, 27, 2254, 595, 17, 0, 0, 0
L 2193, 617, 42, 2192, 649, 41, 127, 127, 0
L 2202, 605, 45, 2193, 617, 42, 127, 127, 0
L 2227, 603, 47, 2202, 605, 45, 127, 127, 0
L 2243, 615, 52, 2227, 603, 47, 127, 127, 0
L 2251, 636, 58, 2243, 615, 53, 127, 127, 0
L 2261, 671, 57, 2251, 636, 60, 127, 127, 0
L 2252, 688, 54, 2261, 671, 57, 127, 127, 0
L 2227, 697, 40, 2252, 688, 54, 127, 127, 0
L 2208, 687, 41, 2227, 697, 41, 127, 127, 0
L 2193, 652, 40, 2208, 687, 40, 127, 127, 0
L 1409, 1191, 17, 1304, 1184, 14, 127, 127, 127
L 1630, 1295, 29, 1409, 1191, 17, 127, 127, 127
L 1817, 1329, 14, 1630, 1295, 29, 127, 127, 127
L 2041, 1219, 15, 1817, 1329, 15, 127, 127, 127
L 2187, 1110, 15, 2041, 1219, 14, 127, 127, 127
L 2263, 988, 16, 2187, 1110, 16, 127, 127, 127
L 2315, 794, 10, 2263, 988, 16, 127, 127, 127
L 2288, 734, 20, 2315, 794, 9, 127, 127, 127
L 2238, 717, 29, 2288, 734, 20, 127, 127, 127
L 2233, 703, 31, 2238, 717, 29, 127, 127, 127
L 2209, 744, 26, 2213, 703, 29, 127, 127, 127
L 2275, 763, 20, 2209, 744, 25, 127, 127, 127
L 2284, 790, 21, 2284, 768, 20, 127, 127, 127
L 2283, 813, 20, 2284, 790, 20, 127, 127, 127
L 2253, 926, 20, 2283, 813, 21, 127, 127, 127
L 2206, 1038, 18, 2253, 926, 20, 127, 127, 127
L 2121, 1134, 13, 2206, 1038, 18, 127, 127, 127
L 2057, 1181, 9, 2121, 1134, 13, 127, 127, 127
L 1911, 1253, 5, 2057, 1181, 10, 127, 127, 127
L 1807, 1285, 17, 1911, 1253, 5, 127, 127, 127
L 1629, 1249, 31, 1807, 1285, 17, 127, 127, 127
L 1528, 1197, 16, 1629, 1249, 30, 127, 127, 127
L 1498, 1107, 6, 1528, 1197, 15, 127, 127, 127
L 1795, 194, -9, 1754, 242, -8, 0, 0, 0
L 1850, 155, -10, 1795, 194, -8, 0, 0, 0
L 1891, 168, -9, 1850, 155, -10, 0, 0, 0
L 1888, 172, -4, 1884, 197, -9, 0, 0, 0
L 1835, 230, -8, 1883, 200, -4, 0, 0, 0
L 1753, 243, -7, 1835, 230, -7, 0, 0, 0
L 1319, 542, -6, 1307, 570, -7, 0, 0, 0
L 1391, 538, -7, 1319, 542, -7, 0, 0, 0
L 1446, 560, -7, 1391, 538, -6, 0, 0, 0
L 1394, 591, -7, 1446, 560, -7, 0, 0, 0
L 1315, 590, -6, 1394, 591, -6, 0, 0, 0
L 1305, 572, -6, 1315, 590, -6, 0, 0, 0
L 1438, 130, -4, 1427, 107, -5, 0, 0, 0
L 1410, 174, -4, 1438, 130, -4, 0, 0, 0
L 1339, 226, -5, 1410, 174, -4, 0, 0, 0
L 1363, 141, -2, 1339, 226, -5, 0, 0, 0
L 1403, 100, 0, 1363, 141, -2, 0, 0, 0
L 1428, 105, 2, 1403, 100, -0, 0, 0, 0
L 1752, -292, 4, 1721, -285, 3, 0, 0, 0
L 1772, -281, 4, 1752, -292, 4, 0, 0, 0
L 1786, -250, 4, 1772, -281, 5, 0, 0, 0
L 1780, -234, 4, 1786, -250, 4, 0, 0, 0
L 1755, -218, 4, 1780, -234, 4, 0, 0, 0
L 1720, -219, 4, 1755, -218, 5, 0, 0, 0
L 1712, -248, 4, 1720, -219, 5, 0, 0, 0
L 1717, -281, 3, 1712, -248, 4, 0, 0, 0
L 1609, -397, 4, 1599, -389, 4, 0, 0, 0
L 1646, -399, 4, 1609, -397, 4, 0, 0, 0
L 1671, -383, 4, 1646, -399, 4, 0, 0, 0
L 1674, -356, 4, 1671, -383, 4, 0, 0, 0
L 1644, -323, 3, 1674, -356, 4, 0, 0, 0
L 1604, -333, 3, 1644, -323, 4, 0, 0, 0
L 1595, -384, 4, 1604, -333, 4, 0, 0, 0
L 1056, -82, -9, 1001, -89, -10, 0, 0, 0
L 1124, -41, -8, 1056, -82, -10, 0, 0, 0
L 1122, -16, -3, 1124, -41, -8, 0, 0, 0
L 1102, 0, -4, 1122, -16, -3, 0, 0, 0
L 1024, -45, -3, 1102, 0, -3, 0, 0, 0
L 995, -89, -1, 1024, -45, -2, 0, 0, 0
L 1092, 3, -1, 909, -99, 4, 0, 0, 0
L 1084, 18, 1, 1092, 3, -1, 0, 0, 0
L 902, -83, 7, 1084, 18, 1, 0, 0, 0
L 970, 362, -1, 970, 381, -1, 0, 0, 0
L 793, 361, 4, 970, 362, -2, 0, 0, 0
L 1000, 121, -0, 833, 58, 4, 0, 0, 0
L 1013, 78, 1, 1000, 121, -0, 0, 0, 0
L 1029, 84, 2, 1013, 78, 1, 0, 0, 0
L 995, 181, 1, 1029, 84, 1, 0, 0, 0
L 976, 175, 2, 995, 181, 1, 0, 0, 0
L 990, 136, 2, 976, 175, 1, 0, 0, 0
L 823, 73, 9, 990, 136, 2, 0, 0, 0
L 957, 607, 0, 859, 629, 4, 0, 0, 0
L 952, 588, 0, 957, 607, 0, 0, 0, 0
L 851, 613, 4, 952, 588, -1, 0, 0, 0
L 919, 482, 1, 912, 467, -1, 0, 0, 0
L 822, 511, 4, 919, 482, -0, 0, 0, 0
L 906, 467, -2, 813, 495, 4, 0, 0, 0
L 922, 399, -2, 929, 387, -2, 0, 0, 0
L 900, 408, -3, 922, 399, -2, 0, 0, 0
L 896, 397, -2, 900, 408, -3, 0, 0, 0
L 905, 393, -1, 896, 397, -2, 0, 0, 0
L 917, 387, -0, 905, 393, -1, 0, 0, 0
L 928, 387, -2, 917, 387, -1, 0, 0, 0
L 790, 380, 5, 969, 382, -2, 0, 0, 0
L 977, 344, -2, 958, 357, -3, 0, 0, 0
L 974, 321, -3, 977, 344, -2, 0, 0, 0
L 941, 308, -3, 974, 321, -3, 0, 0, 0
L 870, 310, -2, 941, 308, -3, 0, 0, 0
L 823, 335, -1, 870, 310, -3, 0, 0, 0
L 950, 361, -0, 874, 361, 1, 0, 0, 0
L 832, 336, -2, 870, 361, -2, 0, 0, 0
L 764, 174, 4, 769, 144, 4, 0, 0, 0
L 686, 394, 6, 686, 410, 6, 0, 0, 0
L 701, 393, 6, 686, 394, 6, 0, 0, 0
L 702, 409, 6, 701, 393, 6, 0, 0, 0
L 685, 410, 6, 702, 409, 6, 0, 0, 0
L 686, 435, 6, 686, 448, 6, 0, 0, 0
L 702, 435, 6, 686, 435, 6, 0, 0, 0
L 702, 452, 6, 702, 435, 6, 0, 0, 0
L 687, 452, 6, 702, 452, 6, 0, 0, 0
L 575, 579, 1, 573, 614, 1, 0, 0, 0
L 584, 579, 0, 575, 579, 1, 0, 0, 0
L 584, 542, 0, 584, 579, 0, 0, 0, 0
L 609, 543, 1, 584, 542, 0, 0, 0, 0
L 608, 516, 1, 609, 543, 1, 0, 0, 0
L 583, 516, 0, 608, 516, 1, 0, 0, 0
L 583, 328, 0, 583, 516, 0, 0, 0, 0
L 596, 328, 0, 583, 328, 0, 0, 0, 0
L 598, 257, 0, 596, 328, 0, 0, 0, 0
L 693, 258, 3, 598, 257, 0, 0, 0, 0
L 690, 327, 3, 693, 258, 3, 0, 0, 0
L 704, 328, 3, 690, 327, 3, 0, 0, 0
L 705, 374, 6, 704, 328, 3, 0, 0, 0
L 683, 375, 5, 705, 374, 6, 0, 0, 0
L 684, 353, 5, 683, 375, 5, 0, 0, 0
L 637, 353, 5, 684, 353, 5, 0, 0, 0
L 635, 333, 6, 637, 353, 5, 0, 0, 0
L 670, 332, 6, 635, 333, 6, 0, 0, 0
L 670, 274, 6, 670, 332, 6, 0, 0, 0
L 617, 274, 6, 670, 274, 6, 0, 0, 0
L 617, 331, 6, 617, 274, 6, 0, 0, 0
L 628, 330, 6, 617, 331, 6, 0, 0, 0
L 628, 346, 6, 628, 330, 6, 0, 0, 0
L 601, 348, 6, 628, 346, 6, 0, 0, 0
L 601, 497, 6, 601, 348, 6, 0, 0, 0
L 654, 497, 6, 601, 497, 6, 0, 0, 0
L 645, 530, 6, 653, 530, 6, 0, 0, 0
L 650, 527, 6, 652, 497, 6, 0, 0, 0
L 639, 525, 6, 650, 527, 6, 0, 0, 0
L 639, 516, 6, 639, 525, 6, 0, 0, 0
L 627, 518, 6, 639, 516, 6, 0, 0, 0
L 628, 541, 6, 627, 518, 6, 0, 0, 0
L 639, 541, 6, 628, 541, 6, 0, 0, 0
L 644, 530, 6, 639, 541, 6, 0, 0, 0
L 653, 548, 6, 652, 529, 6, 0, 0, 0
L 621, 548, 6, 653, 548, 6, 0, 0, 0
L 620, 561, 6, 621, 548, 6, 0, 0, 0
L 606, 561, 6, 620, 561, 6, 0, 0, 0
L 608, 553, 6, 606, 561, 6, 0, 0, 0
L 595, 554, 6, 608, 553, 6, 0, 0, 0
L 596, 577, 6, 595, 554, 6, 0, 0, 0
L 607, 577, 6, 596, 577, 6, 0, 0, 0
L 608, 568, 6, 607, 577, 6, 0, 0, 0
L 621, 567, 6, 608, 568, 6, 0, 0, 0
L 620, 599, 6, 621, 567, 6, 0, 0, 0
L 599, 598, 6, 620, 599, 6, 0, 0, 0
L 600, 614, 6, 599, 598, 6, 0, 0, 0
L 574, 614, 1, 600, 614, 6, 0, 0, 0
L 627, 601, 6, 628, 556, 6, 0, 0, 0
L 575, 666, 0, 673, 666, 0, 0, 0, 0
L 576, 631, 0, 575, 666, 0, 0, 0, 0
L 593, 634, 6, 576, 631, 0, 0, 0, 0
L 594, 648, 6, 593, 634, 6, 0, 0, 0
L 654, 648, 6, 594, 648, 6, 0, 0, 0
L 655, 598, 6, 654, 648, 6, 0, 0, 0
L 627, 599, 6, 655, 598, 6, 0, 0, 0
L 645, 554, 6, 627, 552, 6, 0, 0, 0
L 644, 570, 6, 645, 554, 6, 0, 0, 0
L 634, 570, 6, 644, 570, 6, 0, 0, 0
L 635, 579, 6, 634, 570, 6, 0, 0, 0
L 658, 580, 6, 635, 579, 6, 0, 0, 0
L 657, 567, 6, 658, 580, 6, 0, 0, 0
L 648, 567, 6, 657, 567, 6, 0, 0, 0
L 649, 554, 6, 648, 567, 6, 0, 0, 0
L 658, 554, 6, 649, 554, 6, 0, 0, 0
L 659, 530, 6, 658, 554, 6, 0, 0, 0
L 672, 531, 6, 659, 530, 6, 0, 0, 0
L 672, 540, 6, 672, 531, 6, 0, 0, 0
L 683, 541, 6, 672, 540, 6, 0, 0, 0
L 684, 518, 6, 683, 541, 6, 0, 0, 0
L 673, 517, 6, 684, 518, 6, 0, 0, 0
L 673, 526, 6, 673, 517, 6, 0, 0, 0
L 660, 527, 6, 673, 526, 6, 0, 0, 0
L 659, 492, 5, 660, 527, 6, 0, 0, 0
L 679, 491, 5, 659, 492, 5, 0, 0, 0
L 679, 469, 5, 679, 491, 5, 0, 0, 0
L 704, 470, 6, 679, 469, 5, 0, 0, 0
L 701, 559, 2, 704, 470, 6, 0, 0, 0
L 675, 557, 1, 701, 559, 2, 0, 0, 0
L 675, 667, 0, 675, 557, 1, 0, 0, 0
L -146, 823, 4, -182, 822, 4, 0, 0, 0
L -133, 853, 4, -134, 809, 4, 0, 0, 0
L -150, 853, 4, -133, 853, 4, 0, 0, 0
L -150, 842, 4, -150, 853, 4, 0, 0, 0
L -176, 844, 4, -150, 842, 4, 0, 0, 0
L -218, 887, 4, -176, 844, 4, 0, 0, 0
L -219, 936, 3, -218, 887, 4, 0, 0, 0
L -203, 936, 3, -202, 950, 2, 0, 0, 0
L -202, 935, 3, -219, 936, 3, 0, 0, 0
L -247, 950, 2, -202, 950, 2, 0, 0, 0
L -247, 932, 3, -247, 950, 2, 0, 0, 0
L -232, 932, 3, -247, 932, 3, 0, 0, 0
L -232, 894, 4, -232, 932, 3, 0, 0, 0
L -322, 894, 4, -232, 894, 4, 0, 0, 0
L -321, 910, 4, -322, 894, 4, 0, 0, 0
L -337, 910, 4, -321, 910, 4, 0, 0, 0
L -335, 863, 4, -337, 910, 4, 0, 0, 0
L -315, 864, 4, -335, 863, 4, 0, 0, 0
L -319, 881, 4, -315, 864, 4, 0, 0, 0
L -231, 881, 3, -196, 848, 4, 0, 0, 0
L -230, 881, 3, -320, 881, 4, 0, 0, 0
L -237, 850, 4, -196, 848, 4, 0, 0, 0
L -234, 789, 4, -237, 850, 4, 0, 0, 0
L -195, 794, 4, -234, 789, 4, 0, 0, 0
L -195, 755, 4, -195, 794, 4, 0, 0, 0
L -213, 756, 4, -195, 755, 4, 0, 0, 0
L -214, 741, 4, -213, 756, 4, 0, 0, 0
L -168, 739, 4, -214, 741, 4, 0, 0, 0
L -168, 756, 4, -168, 739, 4, 0, 0, 0
L -180, 758, 4, -168, 756, 4, 0, 0, 0
L -182, 823, 4, -180, 758, 4, 0, 0, 0
L -147, 807, 4, -148, 823, 4, 0, 0, 0
L -136, 809, 4, -147, 807, 4, 0, 0, 0
L -72, 775, 4, -1, 773, 4, 0, 0, 0
L -72, 754, 4, -72, 775, 4, 0, 0, 0
L -94, 733, 4, -72, 754, 4, 0, 0, 0
L -140, 735, 4, -94, 733, 4, 0, 0, 0
L -142, 660, 4, -140, 735, 4, 0, 0, 0
L -41, 658, 4, -142, 660, 4, 0, 0, 0
L -41, 633, 4, -41, 658, 4, 0, 0, 0
L 8, 632, 4, -41, 633, 4, 0, 0, 0
L 7, 651, 4, 8, 632, 4, 0, 0, 0
L 73, 653, 4, 7, 651, 4, 0, 0, 0
L 72, 683, 4, 73, 653, 4, 0, 0, 0
L 91, 682, 4, 72, 683, 4, 0, 0, 0
L 89, 730, 5, 91, 682, 4, 0, 0, 0
L 64, 731, 4, 89, 730, 5, 0, 0, 0
L 53, 775, 4, 64, 731, 4, 0, 0, 0
L 6, 774, 4, 53, 775, 4, 0, 0, 0
L 290, 928, 3, 288, 890, 3, 0, 0, 0
L 256, 930, 3, 290, 928, 3, 0, 0, 0
L 254, 987, 3, 256, 930, 3, 0, 0, 0
L 210, 988, 3, 254, 987, 3, 0, 0, 0
L 210, 973, 3, 210, 988, 3, 0, 0, 0
L 243, 976, 3, 210, 973, 3, 0, 0, 0
L 243, 899, 3, 243, 976, 3, 0, 0, 0
L 170, 899, 3, 243, 899, 3, 0, 0, 0
L 159, 976, 29, 158, 899, 29, 0, 0, 0
L 242, 976, 29, 159, 976, 29, 0, 0, 0
L 241, 899, 29, 242, 976, 29, 0, 0, 0
L 158, 901, 3, 241, 899, 29, 0, 0, 0
L 158, 974, 3, 158, 901, 3, 0, 0, 0
L 192, 973, 3, 158, 974, 3, 0, 0, 0
L 193, 989, 3, 192, 973, 3, 0, 0, 0
L 149, 986, 3, 193, 989, 3, 0, 0, 0
L 151, 898, 4, 149, 986, 3, 0, 0, 0
L 31, 900, 3, 151, 898, 4, 0, 0, 0
L 31, 914, 3, 31, 900, 3, 0, 0, 0
L 14, 912, 3, 31, 914, 3, 0, 0, 0
L 14, 928, 1, 14, 912, 3, 0, 0, 0
L 37, 1017, 1, 42, 926, 1, 0, 0, 0
L 14, 1016, 1, 37, 1017, 1, 0, 0, 0
L 14, 1101, 1, 14, 1016, 1, 0, 0, 0
L 89, 1102, 16, 14, 1101, 1, 0, 0, 0
L 88, 1080, 16, 89, 1102, 16, 0, 0, 0
L 133, 1079, 11, 88, 1080, 16, 0, 0, 0
L 134, 1101, 2, 133, 1079, 11, 0, 0, 0
L 175, 1101, 1, 134, 1101, 2, 0, 0, 0
L 180, 1085, 1, 175, 1101, 1, 0, 0, 0
L 195, 1087, 1, 180, 1085, 1, 0, 0, 0
L 193, 1131, 1, 195, 1087, 1, 0, 0, 0
L 177, 1130, 1, 193, 1131, 1, 0, 0, 0
L 178, 1115, 1, 177, 1130, 1, 0, 0, 0
L -1, 1114, 1, 178, 1115, 1, 0, 0, 0
L 0, 1009, 1, -1, 1114, 1, 0, 0, 0
L -37, 1010, -0, 0, 1009, 1, 0, 0, 0
L -37, 999, 1, -37, 1010, -0, 0, 0, 0
L -25, 995, 1, -37, 999, 1, 0, 0, 0
L -25, 1000, 1, -25, 995, 1, 0, 0, 0
L 27, 1000, 1, -25, 1000, 1, 0, 0, 0
L 27, 980, 1, 27, 1000, 1, 0, 0, 0
L 28, 936, 1, 28, 1000, 20, 0, 0, 0
L -26, 933, 1, 28, 936, 1, 0, 0, 0
L -26, 972, 1, -26, 933, 1, 0, 0, 0
L 0, 971, 1, -26, 972, 1, 0, 0, 0
L 3, 984, 1, 0, 971, 1, 0, 0, 0
L -34, 986, 1, 3, 984, 1, 0, 0, 0
L -34, 922, 1, -34, 986, 1, 0, 0, 0
L -13, 923, 2, -34, 922, 1, 0, 0, 0
L -13, 927, 1, -12, 896, 3, 0, 0, 0
L -60, 896, 3, -12, 897, 3, 0, 0, 0
L -62, 836, 4, -60, 896, 3, 0, 0, 0
L -105, 836, 4, -62, 836, 4, 0, 0, 0
L -105, 858, 4, -105, 836, 4, 0, 0, 0
L -118, 855, 4, -105, 858, 4, 0, 0, 0
L -118, 808, 4, -118, 855, 4, 0, 0, 0
L -101, 809, 4, -118, 808, 4, 0, 0, 0
L -104, 822, 4, -101, 809, 4, 0, 0, 0
L -66, 817, 4, -104, 822, 4, 0, 0, 0
L -45, 832, 4, -66, 817, 4, 0, 0, 0
L -48, 825, 4, -47, 879, 3, 0, 0, 0
L -14, 883, 3, -44, 881, 3, 0, 0, 0
L -12, 869, 4, -14, 883, 3, 0, 0, 0
L 37, 870, 4, -12, 869, 4, 0, 0, 0
L 37, 884, 3, 37, 870, 4, 0, 0, 0
L 173, 886, 3, 37, 884, 3, 0, 0, 0
L 173, 864, 4, 173, 886, 3, 0, 0, 0
L 222, 861, 3, 173, 864, 4, 0, 0, 0
L 223, 887, 3, 222, 861, 3, 0, 0, 0
L 287, 886, 3, 223, 887, 3, 0, 0, 0
L 277, 785, 6, 275, 812, 4, 0, 0, 0
L 313, 786, 3, 277, 785, 6, 0, 0, 0
L 314, 714, 3, 313, 786, 3, 0, 0, 0
L 272, 713, 4, 314, 714, 3, 0, 0, 0
L 272, 657, 4, 272, 713, 4, 0, 0, 0
L 250, 631, 4, 272, 657, 4, 0, 0, 0
L 210, 630, 4, 250, 631, 4, 0, 0, 0
L 186, 656, 5, 210, 630, 4, 0, 0, 0
L 185, 691, 5, 186, 656, 5, 0, 0, 0
L 183, 700, 5, 185, 691, 5, 0, 0, 0
L 184, 726, 5, 183, 700, 5, 0, 0, 0
L 188, 725, 5, 184, 726, 5, 0, 0, 0
L 189, 696, 5, 188, 725, 5, 0, 0, 0
L 231, 696, 5, 189, 696, 5, 0, 0, 0
L 164, 750, 24, 230, 750, 5, 0, 0, 0
L 227, 744, 5, 190, 744, 22, 0, 0, 0
L 227, 740, 5, 227, 744, 5, 0, 0, 0
L 164, 740, 5, 227, 740, 5, 0, 0, 0
L 164, 702, 5, 164, 740, 5, 0, 0, 0
L 171, 702, 5, 164, 702, 5, 0, 0, 0
L 172, 683, 5, 171, 702, 5, 0, 0, 0
L 155, 686, 5, 172, 683, 5, 0, 0, 0
L 152, 762, 5, 155, 686, 5, 0, 0, 0
L 183, 763, 5, 152, 762, 5, 0, 0, 0
L 181, 805, 5, 183, 763, 5, 0, 0, 0
L 213, 837, 5, 181, 805, 5, 0, 0, 0
L 240, 839, 5, 213, 837, 5, 0, 0, 0
L 273, 814, 4, 240, 839, 5, 0, 0, 0
L 340, 450, 4, 358, 430, 4, 0, 0, 0
L 227, 450, 4, 340, 450, 4, 0, 0, 0
L 198, 420, 4, 227, 450, 4, 0, 0, 0
L 202, 340, 4, 198, 420, 4, 0, 0, 0
L 231, 311, 4, 202, 340, 4, 0, 0, 0
L 326, 310, 4, 231, 311, 4, 0, 0, 0
L 358, 336, 4, 326, 310, 4, 0, 0, 0
L 359, 364, 5, 358, 336, 4, 0, 0, 0
L 224, 363, 4, 359, 364, 5, 0, 0, 0
L 222, 411, 4, 224, 363, 4, 0, 0, 0
L 294, 411, 4, 222, 411, 4, 0, 0, 0
L 292, 373, 4, 294, 411, 4, 0, 0, 0
L 357, 375, 4, 292, 373, 4, 0, 0, 0
L 360, 425, 4, 357, 375, 4, 0, 0, 0
L 464, 418, 2, 463, 482, 1, 0, 0, 0
L 525, 420, -0, 464, 418, 2, 0, 0, 0
L 523, 487, 1, 525, 420, -0, 0, 0, 0
L 466, 485, 1, 523, 487, 1, 0, 0, 0
L 635, -701, -25, 634, -564, 6, 0, 0, 0
L 672, -699, -25, 635, -701, -25, 0, 0, 0
L 668, -649, -25, 672, -699, -25, 0, 0, 0
L 735, -648, -25, 668, -649, -25, 0, 0, 0
L 799, -624, -33, 735, -648, -25, 0, 0, 0
L 822, -579, -37, 799, -624, -33, 0, 0, 0
L 809, -527, -42, 822, -579, -37, 0, 0, 0
L 748, -488, -50, 809, -527, -42, 0, 0, 0
L 668, -487, -51, 748, -488, -50, 0, 0, 0
L 671, -421, -51, 668, -487, -51, 0, 0, 0
L 740, -422, -51, 671, -421, -51, 0, 0, 0
L 738, -475, -51, 740, -422, -51, 0, 0, 0
L 742, -475, -51, 738, -475, -51, 0, 0, 0
L 781, -484, -47, 742, -475, -51, 0, 0, 0
L 823, -521, -42, 781, -484, -47, 0, 0, 0
L 835, -576, -37, 823, -521, -42, 0, 0, 0
L 823, -616, -34, 835, -576, -37, 0, 0, 0
L 782, -653, -31, 823, -616, -34, 0, 0, 0
L 738, -663, -25, 782, -653, -31, 0, 0, 0
L 740, -714, -25, 738, -663, -25, 0, 0, 0
L 634, -713, -25, 738, -714, -25, 0, 0, 0
L 635, -752, -37, 634, -713, -25, 0, 0, 0
L 761, -749, -75, 635, -752, -37, 0, 0, 0
L 761, -799, -87, 761, -749, -75, 0, 0, 0
L 922, -799, -137, 761, -799, -87, 0, 0, 0
L 918, -720, -137, 920, -798, -137, 0, 0, 0
L 1065, -720, -137, 918, -720, -137, 0, 0, 0
L 1065, -720, -137, 1065, -841, -137, 0, 0, 0
L 919, -842, -137, 1065, -842, -137, 0, 0, 0
L 920, -813, -137, 919, -842, -137, 0, 0, 0
L 749, -813, -87, 920, -813, -137, 0, 0, 0
L 749, -763, -75, 749, -813, -87, 0, 0, 0
L 686, -762, -50, 749, -763, -75, 0, 0, 0
L 685, -797, -62, 686, -762, -50, 0, 0, 0
L 737, -796, -62, 685, -797, -62, 0, 0, 0
L 738, -859, -62, 737, -795, -62, 0, 0, 0
L 686, -859, -62, 738, -859, -62, 0, 0, 0
L 686, -924, -87, 686, -859, -62, 0, 0, 0
L 803, -914, -92, 802, -924, -98, 0, 0, 0
L 885, -924, -98, 803, -914, -92, 0, 0, 0
L 935, -935, -102, 885, -924, -98, 0, 0, 0
L 974, -936, -107, 935, -935, -102, 0, 0, 0
L 1106, -897, -101, 974, -936, -107, 0, 0, 0
L 1102, -808, -106, 1106, -897, -101, 0, 0, 0
L 1069, -792, -87, 1099, -802, -106, 0, 0, 0
L 1069, -765, -87, 1069, -792, -87, 0, 0, 0
L 1140, -765, -100, 1073, -768, -89, 0, 0, 0
L 1127, -867, -106, 1140, -765, -100, 0, 0, 0
L 1148, -900, -93, 1127, -867, -106, 0, 0, 0
L 1149, -923, -93, 1148, -900, -93, 0, 0, 0
L 1136, -941, -97, 1149, -923, -93, 0, 0, 0
L 1101, -941, -99, 1136, -941, -97, 0, 0, 0
L 1052, -940, -93, 1101, -941, -99, 0, 0, 0
L 990, -951, -111, 1052, -940, -93, 0, 0, 0
L 955, -972, -105, 990, -951, -111, 0, 0, 0
L 951, -1055, -104, 955, -972, -105, 0, 0, 0
L 941, -1055, -106, 951, -1055, -104, 0, 0, 0
L 935, -979, -104, 941, -1055, -106, 0, 0, 0
L 898, -962, -102, 935, -979, -104, 0, 0, 0
L 896, -960, -104, 898, -962, -102, 0, 0, 0
L 854, -946, -98, 889, -956, -105, 0, 0, 0
L 804, -951, -96, 854, -946, -98, 0, 0, 0
L 797, -937, -98, 804, -951, -96, 0, 0, 0
L 786, -936, -100, 797, -937, -98, 0, 0, 0
L 786, -941, -100, 786, -936, -100, 0, 0, 0
L 637, -935, -87, 786, -941, -100, 0, 0, 0
L 636, -963, -87, 637, -935, -87, 0, 0, 0
L 484, -963, -137, 636, -963, -87, 0, 0, 0
L 483, -984, -137, 484, -963, -137, 0, 0, 0
L 430, -983, -136, 483, -984, -137, 0, 0, 0
L 257, -948, -141, 240, -927, -130, 0, 0, 0
L 437, -1047, -112, 437, -985, -137, 0, 0, 0
L 213, -1037, -112, 437, -1047, -112, 0, 0, 0
L 259, -1004, -135, 213, -1037, -112, 0, 0, 0
L 253, -979, -136, 259, -1004, -135, 0, 0, 0
L 215, -964, -137, 253, -979, -136, 0, 0, 0
L 211, -956, -136, 215, -964, -137, 0, 0, 0
L 255, -948, -141, 211, -956, -136, 0, 0, 0
L 217, -883, -94, 239, -926, -128, 0, 0, 0
L 219, -889, -94, 194, -867, -101, 0, 0, 0
L 217, -848, -116, 191, -864, -100, 0, 0, 0
L 251, -863, -141, 217, -848, -116, 0, 0, 0
L 300, -868, -129, 251, -863, -141, 0, 0, 0
L 300, -869, -129, 355, -879, -123, 0, 0, 0
L 367, -885, -125, 351, -875, -121, 0, 0, 0
L 426, -891, -131, 367, -885, -125, 0, 0, 0
L 434, -923, -136, 426, -891, -131, 0, 0, 0
L 487, -924, -137, 434, -923, -136, 0, 0, 0
L 488, -949, -137, 487, -924, -137, 0, 0, 0
L 623, -950, -87, 488, -949, -137, 0, 0, 0
L 622, -924, -87, 623, -950, -87, 0, 0, 0
L 674, -924, -87, 622, -924, -87, 0, 0, 0
L 673, -863, -62, 674, -924, -87, 0, 0, 0
L 646, -865, -62, 673, -863, -62, 0, 0, 0
L 645, -840, -62, 646, -865, -62, 0, 0, 0
L 543, -842, -62, 646, -842, -62, 0, 0, 0
L 543, -803, -62, 543, -842, -62, 0, 0, 0
L 543, -803, -62, 608, -803, -62, 0, 0, 0
L 612, -826, -62, 613, -802, -62, 0, 0, 0
L 646, -826, -62, 612, -826, -62, 0, 0, 0
L 644, -799, -62, 646, -826, -62, 0, 0, 0
L 674, -798, -62, 644, -799, -62, 0, 0, 0
L 674, -764, -50, 674, -798, -62, 0, 0, 0
L 631, -760, -37, 674, -764, -50, 0, 0, 0
L 495, -760, -40, 631, -760, -37, 0, 0, 0
L 464, -748, -45, 495, -760, -40, 0, 0, 0
L 423, -718, -54, 464, -748, -46, 0, 0, 0
L 304, -714, -75, 423, -718, -53, 0, 0, 0
L 295, -778, -74, 279, -758, -74, 0, 0, 0
L 270, -796, -74, 295, -778, -75, 0, 0, 0
L 249, -773, -74, 270, -796, -75, 0, 0, 0
L 243, -805, -74, 229, -783, -74, 0, 0, 0
L 215, -817, -75, 243, -806, -74, 0, 0, 0
L 204, -793, -73, 215, -817, -75, 0, 0, 0
L 179, -823, -75, 173, -795, -73, 0, 0, 0
L 149, -823, -74, 179, -823, -75, 0, 0, 0
L 149, -793, -75, 149, -823, -74, 0, 0, 0
L 113, -817, -73, 123, -791, -74, 0, 0, 0
L 85, -806, -75, 113, -817, -74, 0, 0, 0
L 89, -779, -75, 85, -806, -75, 0, 0, 0
L 57, -796, -73, 71, -772, -75, 0, 0, 0
L 33, -778, -73, 57, -796, -72, 0, 0, 0
L 46, -750, -71, 33, -778, -73, 0, 0, 0
L -3, -715, -73, 23, -715, -74, 0, 0, 0
L -3, -715, -74, -3, -685, -74, 0, 0, 0
L 28, -680, -74, -1, -685, -74, 0, 0, 0
L 33, -622, -74, 48, -642, -75, 0, 0, 0
L 58, -604, -74, 33, -622, -75, 0, 0, 0
L 72, -631, -74, 58, -604, -74, 0, 0, 0
L 85, -594, -74, 94, -618, -74, 0, 0, 0
L 113, -583, -75, 85, -594, -74, 0, 0, 0
L 123, -612, -74, 113, -583, -74, 0, 0, 0
L 149, -578, -74, 149, -606, -74, 0, 0, 0
L 179, -577, -75, 149, -578, -74, 0, 0, 0
L 180, -608, -74, 179, -577, -74, 0, 0, 0
L 214, -584, -74, 204, -611, -74, 0, 0, 0
L 243, -594, -73, 214, -584, -73, 0, 0, 0
L 233, -618, -75, 243, -594, -74, 0, 0, 0
L 270, -604, -74, 257, -629, -74, 0, 0, 0
L 295, -622, -74, 270, -604, -75, 0, 0, 0
L 281, -644, -73, 295, -622, -74, 0, 0, 0
L 301, -695, -73, 316, -694, -74, 0, 0, 0
L 277, -758, -74, 303, -716, -73, 0, 0, 0
L 235, -781, -74, 255, -772, -74, 0, 0, 0
L 176, -796, -73, 202, -792, -74, 0, 0, 0
L 123, -791, -73, 153, -796, -73, 0, 0, 0
L 67, -771, -74, 91, -780, -74, 0, 0, 0
L 23, -716, -73, 43, -752, -74, 0, 0, 0
L 46, -645, -74, 28, -678, -74, 0, 0, 0
L 99, -617, -74, 70, -627, -73, 0, 0, 0
L 151, -606, -74, 121, -609, -74, 0, 0, 0
L 204, -609, -74, 177, -605, -74, 0, 0, 0
L 250, -625, -74, 232, -619, -74, 0, 0, 0
L 300, -694, -73, 282, -645, -74, 0, 0, 0
L 300, -694, -73, 300, -694, -74, 0, 0, 0
L 424, -704, -48, 317, -694, -73, 0, 0, 0
L 470, -736, -35, 424, -704, -48, 0, 0, 0
L 501, -749, -31, 470, -736, -35, 0, 0, 0
L 626, -750, -30, 501, -749, -30, 0, 0, 0
L 624, -662, -7, 626, -750, -30, 0, 0, 0
L 584, -663, -8, 624, -662, -7, 0, 0, 0
L 589, -714, -10, 589, -662, -10, 0, 0, 0
L 521, -713, -11, 589, -714, -10, 0, 0, 0
L 488, -658, -19, 466, -649, -26, 0, 0, 0
L 522, -663, -12, 521, -713, -12, 0, 0, 0
L 488, -658, -29, 522, -663, -12, 0, 0, 0
L 446, -631, -31, 467, -649, -31, 0, 0, 0
L 431, -608, -31, 446, -631, -31, 0, 0, 0
L 424, -584, -32, 431, -608, -31, 0, 0, 0
L 424, -558, -33, 424, -584, -32, 0, 0, 0
L 430, -530, -37, 424, -558, -33, 0, 0, 0
L 442, -511, -39, 430, -530, -36, 0, 0, 0
L 465, -490, -43, 442, -511, -39, 0, 0, 0
L 522, -473, -50, 488, -479, -46, 0, 0, 0
L 519, -421, -51, 520, -474, -50, 0, 0, 0
L 590, -423, -51, 518, -421, -51, 0, 0, 0
L 590, -489, -48, 590, -423, -51, 0, 0, 0
L 502, -490, -41, 590, -489, -48, 0, 0, 0
L 482, -497, -39, 502, -490, -40, 0, 0, 0
L 464, -508, -37, 482, -497, -39, 0, 0, 0
L 445, -532, -34, 464, -508, -36, 0, 0, 0
L 438, -549, -33, 445, -532, -34, 0, 0, 0
L 437, -575, -31, 438, -549, -33, 0, 0, 0
L 451, -617, -32, 437, -575, -31, 0, 0, 0
L 471, -635, -31, 451, -617, -32, 0, 0, 0
L 498, -647, -17, 471, -635, -31, 0, 0, 0
L 624, -651, -4, 498, -647, -18, 0, 0, 0
L 621, -562, 8, 624, -651, -4, 0, 0, 0
L 667, -357, 10, 621, -358, 10, 127, 127, 127
L 667, -348, 9, 667, -357, 9, 127, 127, 127
L 714, -362, 9, 667, -348, 10, 127, 127, 127
L 763, -395, 10, 721, -364, 10, 127, 127, 127
L 787, -433, 10, 763, -395, 9, 127, 127, 127
L 787, -479, 9, 788, -435, 9, 127, 127, 127
L 763, -518, 9, 787, -479, 10, 127, 127, 127
L 720, -546, 9, 763, -518, 10, 127, 127, 127
L 658, -564, 9, 720, -546, 9, 127, 127, 127
L 600, -563, 9, 658, -564, 10, 127, 127, 127
L 530, -543, 9, 603, -563, 10, 127, 127, 127
L 493, -516, 10, 540, -549, 10, 127, 127, 127
L 471, -478, 10, 493, -516, 10, 127, 127, 127
L 470, -435, 11, 471, -478, 11, 127, 127, 127
L 493, -396, 11, 470, -435, 11, 127, 127, 127
L 536, -365, 11, 493, -396, 11, 127, 127, 127
L 594, -348, 11, 536, -365, 10, 127, 127, 127
L 597, -360, 10, 594, -348, 11, 127, 127, 127
L 619, -358, 10, 597, -360, 11, 127, 127, 127
L 568, -262, -7, 567, -136, -2, 0, 0, 240
L 482, -286, -6, 567, -262, -7, 0, 0, 240
L 487, -131, 1, 482, -286, -6, 0, 0, 240
L 564, -132, 0, 487, -131, 1, 0, 0, 240
L 342, -69, 3, 342, -49, 3, 0, 0, 0
L 340, -78, 3, 296, -79, 3, 0, 0, 0
L 341, -92, 3, 340, -78, 3, 0, 0, 0
L 320, -92, 3, 341, -92, 3, 0, 0, 0
L 318, -204, 2, 320, -92, 3, 0, 0, 0
L 349, -205, 2, 318, -204, 2, 0, 0, 0
L 351, -264, 2, 349, -205, 2, 0, 0, 0
L 320, -263, 2, 351, -264, 2, 0, 0, 0
L 319, -281, 2, 320, -263, 2, 0, 0, 0
L 333, -282, 2, 319, -281, 2, 0, 0, 0
L 332, -297, 2, 333, -282, 2, 0, 0, 0
L 286, -295, 2, 332, -297, 2, 0, 0, 0
L 286, -280, 2, 286, -295, 2, 0, 0, 0
L 294, -280, 2, 286, -280, 2, 0, 0, 0
L 296, -80, 3, 294, -280, 2, 0, 0, 0
L 180, -164, 11, 181, -153, 12, 0, 0, 0
L 191, -164, 11, 180, -164, 11, 0, 0, 0
L 192, -176, 11, 191, -164, 11, 0, 0, 0
L 139, -176, 12, 192, -176, 12, 0, 0, 0
L 141, -239, 8, 139, -176, 12, 0, 0, 0
L 196, -238, 8, 141, -239, 8, 0, 0, 0
L 256, -295, 8, 196, -238, 9, 0, 0, 0
L 256, -390, 8, 256, -295, 8, 0, 0, 0
L 117, -392, 8, 256, -390, 9, 0, 0, 0
L 115, -375, 9, 117, -392, 9, 0, 0, 0
L 103, -375, 9, 115, -375, 9, 0, 0, 0
L 101, -420, 9, 103, -375, 8, 0, 0, 0
L 116, -420, 9, 101, -420, 8, 0, 0, 0
L 116, -405, 9, 116, -420, 9, 0, 0, 0
L 268, -406, 9, 116, -405, 9, 0, 0, 0
L 268, -291, 10, 268, -406, 9, 0, 0, 0
L 208, -232, 9, 268, -291, 10, 0, 0, 0
L 266, -234, 9, 208, -232, 9, 0, 0, 0
L 263, -214, 10, 266, -234, 10, 0, 0, 0
L 243, -213, 10, 263, -214, 9, 0, 0, 0
L 243, -226, 10, 243, -213, 10, 0, 0, 0
L 150, -228, 9, 243, -226, 9, 0, 0, 0
L 146, -188, 9, 150, -228, 9, 0, 0, 0
L 219, -186, 4, 146, -188, 8, 0, 0, 0
L 217, -212, 4, 219, -186, 4, 0, 0, 0
L 228, -213, 4, 217, -212, 4, 0, 0, 0
L 226, -186, 4, 228, -213, 4, 0, 0, 0
L 244, -185, 4, 226, -186, 4, 0, 0, 0
L 244, -204, 4, 244, -185, 4, 0, 0, 0
L 257, -204, 4, 244, -204, 4, 0, 0, 0
L 259, -181, 4, 257, -204, 4, 0, 0, 0
L 207, -181, 4, 259, -181, 4, 0, 0, 0
L 206, -165, 4, 207, -181, 4, 0, 0, 0
L 229, -162, 4, 206, -165, 4, 0, 0, 0
L 229, -150, 4, 229, -162, 4, 0, 0, 0
L 178, -152, 4, 229, -150, 4, 0, 0, 0
L 179, -138, 4, 179, -126, 4, 0, 0, 0
L 228, -135, 4, 179, -138, 4, 0, 0, 0
L 226, -120, 4, 228, -135, 4, 0, 0, 0
L 216, -121, 4, 226, -120, 4, 0, 0, 0
L 271, -71, 4, 217, -121, 4, 0, 0, 0
L 269, 25, 4, 271, -71, 4, 0, 0, 0
L 284, 25, 4, 269, 25, 4, 0, 0, 0
L 284, 38, 4, 284, 25, 4, 0, 0, 0
L 285, 39, 4, 241, 39, 4, 0, 0, 0
L 238, 26, 4, 238, 39, 4, 0, 0, 0
L 255, 26, 4, 238, 26, 4, 0, 0, 0
L 253, -68, 5, 255, 26, 4, 0, 0, 0
L 175, -127, 4, 253, -68, 5, 0, 0, 0
L 90, -170, 5, 45, -171, 4, 0, 0, 0
L 43, -142, 4, 47, -125, 4, 0, 0, 0
L 21, -167, 4, 43, -142, 4, 0, 0, 0
L 21, -243, 4, 21, -167, 4, 0, 0, 0
L 14, -243, 4, 21, -243, 4, 0, 0, 0
L 13, -266, 4, 14, -243, 4, 0, 0, 0
L 19, -266, 4, 13, -266, 4, 0, 0, 0
L 21, -391, 4, 19, -266, 4, 0, 0, 0
L 18, -389, 4, 29, -402, 4, 0, 0, 0
L 74, -407, 4, 28, -405, 4, 0, 0, 0
L 73, -422, 4, 74, -407, 4, 0, 0, 0
L 88, -421, 4, 73, -422, 4, 0, 0, 0
L 88, -374, 4, 88, -421, 4, 0, 0, 0
L 70, -376, 4, 88, -374, 4, 0, 0, 0
L 71, -387, 4, 70, -376, 4, 0, 0, 0
L 37, -391, 4, 71, -387, 4, 0, 0, 0
L 35, -368, 4, 37, -391, 4, 0, 0, 0
L 59, -366, 4, 35, -368, 4, 0, 0, 0
L 59, -323, 4, 59, -366, 4, 0, 0, 0
L 41, -311, 4, 59, -323, 4, 0, 0, 0
L 43, -170, 4, 41, -311, 4, 0, 0, 0
L 94, -126, 4, 89, -170, 5, 0, 0, 0
L 47, -125, 4, 94, -126, 4, 0, 0, 0
L 86, 85, 4, 86, 96, 4, 0, 0, 0
L 104, 126, 4, 104, 119, 5, 0, 0, 0
L 86, 126, 4, 104, 126, 4, 0, 0, 0
L 85, 110, 4, 86, 126, 4, 0, 0, 0
L 40, 109, 4, 85, 110, 4, 0, 0, 0
L 21, 91, 4, 40, 109, 4, 0, 0, 0
L 21, -3, 4, 21, 91, 4, 0, 0, 0
L 43, -20, 4, 21, -3, 4, 0, 0, 0
L 45, -39, 4, 43, -20, 4, 0, 0, 0
L 87, -39, 5, 45, -39, 4, 0, 0, 0
L 88, 4, 4, 87, -39, 5, 0, 0, 0
L 48, 4, 4, 88, 4, 4, 0, 0, 0
L 46, -5, 4, 48, 4, 4, 0, 0, 0
L 35, 5, 4, 46, -5, 4, 0, 0, 0
L 35, 31, 4, 35, 5, 4, 0, 0, 0
L 58, 29, 4, 35, 31, 4, 0, 0, 0
L 61, 81, 4, 58, 29, 4, 0, 0, 0
L 35, 81, 4, 61, 81, 4, 0, 0, 0
L 49, 95, 4, 35, 81, 4, 0, 0, 0
L 87, 97, 4, 49, 95, 4, 0, 0, 0
L 105, 84, 4, 86, 85, 4, 0, 0, 0
L 104, 118, 5, 105, 84, 4, 0, 0, 0
L 120, 82, 4, 120, 124, 4, 0, 0, 0
L 137, 82, 4, 120, 82, 4, 0, 0, 0
L 137, 95, 4, 137, 82, 4, 0, 0, 0
L 198, 97, 4, 137, 95, 4, 0, 0, 0
L 198, 91, 4, 198, 97, 4, 0, 0, 0
L 227, 89, 4, 198, 91, 4, 0, 0, 0
L 242, 72, 4, 227, 89, 4, 0, 0, 0
L 239, 50, 4, 242, 72, 4, 0, 0, 0
L 282, 51, 4, 239, 50, 4, 0, 0, 0
L 283, 66, 4, 282, 51, 4, 0, 0, 0
L 222, 119, 4, 283, 66, 4, 0, 0, 0
L 203, 121, 4, 222, 119, 4, 0, 0, 0
L 203, 110, 4, 203, 121, 4, 0, 0, 0
L 138, 110, 4, 203, 110, 4, 0, 0, 0
L 138, 110, 4, 138, 126, 4, 0, 0, 0
L 126, 125, 4, 138, 126, 4, 0, 0, 0
L 306, 100, 2, 341, 138, 2, 0, 0, 0
L 302, -51, 3, 306, 100, 2, 0, 0, 0
L 296, -56, 3, 302, -51, 3, 0, 0, 0
L 295, -63, 3, 296, -56, 3, 0, 0, 0
L 345, -66, 3, 295, -63, 3, 0, 0, 0
L 315, -49, 3, 345, -50, 3, 0, 0, 0
L 315, 84, 3, 315, -49, 3, 0, 0, 0
L 341, 116, 3, 315, 84, 3, 0, 0, 0
L 340, 84, 3, 341, 116, 3, 0, 0, 0
L 353, 88, 3, 340, 84, 3, 0, 0, 0
L 353, 66, 4, 353, 88, 3, 0, 0, 0
L 414, 67, 4, 353, 66, 4, 0, 0, 0
L 414, -22, 4, 414, 67, 4, 0, 0, 0
L 453, -24, 4, 414, -22, 4, 0, 0, 0
L 454, -12, 3, 453, -24, 4, 0, 0, 0
L 423, -11, 3, 454, -12, 3, 0, 0, 0
L 423, 5, 3, 423, -11, 3, 0, 0, 0
L 472, 3, 3, 423, 5, 3, 0, 0, 0
L 471, 10, 3, 472, 3, 3, 0, 0, 0
L 423, 12, 3, 471, 10, 3, 0, 0, 0
L 437, 41, 3, 489, 43, 3, 0, 0, 0
L 437, 51, 3, 437, 41, 3, 0, 0, 0
L 457, 47, 3, 437, 51, 3, 0, 0, 0
L 457, 70, 3, 457, 47, 3, 0, 0, 0
L 485, 69, -23, 457, 70, 3, 0, 0, 0
L 502, 45, -29, 485, 69, -23, 0, 0, 0
L 517, 53, -31, 517, 46, -30, 0, 0, 0
L 523, 53, -31, 517, 53, -31, 0, 0, 0
L 521, 83, -29, 523, 53, -31, 0, 0, 0
L 441, 87, 3, 521, 83, -29, 0, 0, 0
L 442, 66, 3, 441, 87, 3, 0, 0, 0
L 423, 66, 3, 442, 66, 3, 0, 0, 0
L 423, 10, 3, 423, 66, 3, 0, 0, 0
L 507, 28, 29, 507, 66, 29, 0, 0, 0
L 485, 29, 29, 507, 28, 29, 0, 0, 0
L 485, 23, 29, 485, 29, 29, 0, 0, 0
L 507, 22, 29, 485, 23, 29, 0, 0, 0
L 507, -11, 29, 507, 22, 29, 0, 0, 0
L 472, -9, 29, 507, -11, 29, 0, 0, 0
L 475, 31, 29, 472, -9, 29, 0, 0, 0
L 456, 30, 29, 475, 31, 29, 0, 0, 0
L 457, 20, 29, 456, 30, 29, 0, 0, 0
L 467, 20, 29, 457, 20, 29, 0, 0, 0
L 467, -11, 29, 467, 20, 29, 0, 0, 0
L 423, -11, 30, 467, -11, 29, 0, 0, 0
L 423, 22, 29, 423, -11, 30, 0, 0, 0
L 441, 23, 29, 423, 22, 29, 0, 0, 0
L 441, 27, 29, 441, 23, 29, 0, 0, 0
L 428, 27, 29, 441, 27, 29, 0, 0, 0
L 428, 64, 29, 428, 27, 29, 0, 0, 0
L 507, 66, 3, 428, 64, 29, 0, 0, 0
L 505, 12, 3, 507, 66, 3, 0, 0, 0
L 483, 15, 3, 505, 12, 3, 0, 0, 0
L 483, 3, 3, 483, 15, 3, 0, 0, 0
L 507, 2, 3, 483, 3, 3, 0, 0, 0
L 472, -6, 3, 506, -8, 3, 0, 0, 0
L 472, -25, 4, 472, -6, 3, 0, 0, 0
L 517, -23, 4, 472, -25, 4, 0, 0, 0
L 519, 66, 4, 517, -23, 4, 0, 0, 0
L 549, 66, 4, 519, 66, 4, 0, 0, 0
L 551, 89, 4, 549, 66, 4, 0, 0, 0
L 569, 88, 2, 551, 89, 4, 0, 0, 0
L 569, 124, 2, 569, 88, 2, 0, 0, 0
L 602, 121, 2, 569, 124, 2, 0, 0, 0
L 631, 91, 3, 602, 121, 2, 0, 0, 0
L 596, 95, 2, 631, 91, 3, 0, 0, 0
L 594, 42, 3, 596, 95, 2, 0, 0, 0
L 633, 40, 3, 594, 42, 3, 0, 0, 0
L 631, -44, 3, 633, 40, 3, 0, 0, 0
L 615, -43, 3, 631, -44, 3, 0, 0, 0
L 614, -100, 3, 615, -43, 3, 0, 0, 0
L 662, -101, 3, 614, -100, 3, 0, 0, 0
L 661, -51, 3, 662, -101, 3, 0, 0, 0
L 649, -51, 3, 661, -51, 3, 0, 0, 0
L 649, 97, 3, 649, -51, 3, 0, 0, 0
L 606, 141, 3, 649, 97, 3, 0, 0, 0
L 340, 142, 2, 606, 141, 3, 0, 0, 0
L 95, 298, 11, 92, 222, 11, 0, 0, 0
L -291, 205, 27, -288, 143, 29, 0, 0, 0
L -218, 274, 30, -195, 272, 30, 0, 0, 0
L -254, 247, 27, -221, 274, 31, 0, 0, 0
L -251, 196, 28, -254, 247, 27, 0, 0, 0
L -290, 196, 28, -251, 196, 28, 0, 0, 0
L -251, 139, 27, -287, 139, 28, 0, 0, 0
L -245, 128, 28, -251, 139, 27, 0, 0, 0
L -262, 113, 29, -245, 128, 28, 0, 0, 0
L -231, 84, 30, -262, 113, 29, 0, 0, 0
L -245, 69, 31, -231, 84, 30, 0, 0, 0
L -198, 17, 31, -245, 69, 31, 0, 0, 0
L -188, 25, 30, -198, 17, 31, 0, 0, 0
L -222, 59, 31, -188, 25, 30, 0, 0, 0
L -183, 99, 30, -222, 59, 31, 0, 0, 0
L -117, 33, 29, -183, 99, 31, 0, 0, 0
L -155, -2, 28, -117, 33, 28, 0, 0, 0
L -176, 17, 28, -155, -2, 28, 0, 0, 0
L -187, 9, 28, -176, 17, 27, 0, 0, 0
L -158, -24, 28, -187, 9, 28, 0, 0, 0
L -160, -21, 28, -143, -5, 27, 0, 0, 0
L -147, -55, 27, -145, -9, 28, 0, 0, 0
L -105, -99, 27, -147, -55, 28, 0, 0, 0
L -105, -116, 28, -105, -99, 28, 0, 0, 0
L -120, -113, 29, -105, -116, 29, 0, 0, 0
L -119, -171, 29, -120, -113, 29, 0, 0, 0
L -138, -168, 29, -119, -171, 29, 0, 0, 0
L -138, -244, 29, -138, -168, 29, 0, 0, 0
L -129, -183, 48, -65, -182, 29, 0, 0, 0
L -65, -236, 27, -66, -183, 28, 0, 0, 0
L -104, -237, 27, -65, -236, 27, 0, 0, 0
L -103, -208, 27, -104, -237, 26, 0, 0, 0
L -112, -207, 27, -103, -208, 27, 0, 0, 0
L -112, -227, 28, -112, -207, 28, 0, 0, 0
L -118, -227, 27, -112, -227, 27, 0, 0, 0
L -118, -246, 27, -118, -227, 27, 0, 0, 0
L -110, -246, 27, -118, -246, 27, 0, 0, 0
L -112, -280, 27, -110, -246, 27, 0, 0, 0
L -170, -335, 27, -112, -280, 27, 0, 0, 0
L -169, -361, 24, -170, -335, 27, 0, 0, 0
L -146, -399, 15, -169, -361, 24, 0, 0, 0
L -109, -423, 9, -146, -399, 15, 0, 0, 0
L -12, -424, 9, -109, -423, 9, 0, 0, 0
L -20, -103, 19, -12, -424, 9, 0, 0, 0
L 5, -105, 20, -20, -103, 20, 0, 0, 0
L 4, -59, 14, 5, -105, 20, 0, 0, 0
L -20, -59, 8, 4, -59, 15, 0, 0, 0
L -20, 141, 8, -20, -59, 8, 0, 0, 0
L -7, 141, 9, -20, 141, 8, 0, 0, 0
L -6, 183, 9, -7, 141, 8, 0, 0, 0
L 13, 202, 8, -6, 183, 8, 0, 0, 0
L 32, 202, 9, 13, 202, 9, 0, 0, 0
L 31, 164, 9, 32, 202, 9, 0, 0, 0
L 88, 164, 8, 31, 164, 9, 0, 0, 0
L 89, 198, 7, 88, 164, 8, 0, 0, 0
L 172, 197, 6, 89, 198, 7, 0, 0, 0
L 172, 168, 5, 172, 197, 6, 0, 0, 0
L 290, 167, 8, 172, 168, 5, 0, 0, 0
L 290, 203, 8, 290, 167, 8, 0, 0, 0
L 354, 203, 8, 290, 203, 8, 0, 0, 0
L 353, 186, 8, 354, 203, 7, 0, 0, 0
L 368, 186, 9, 353, 186, 8, 0, 0, 0
L 369, 236, 8, 368, 186, 9, 0, 0, 0
L 353, 235, 8, 369, 236, 8, 0, 0, 0
L 353, 216, 8, 353, 235, 9, 0, 0, 0
L 289, 216, 8, 353, 216, 9, 0, 0, 0
L 291, 245, 9, 289, 216, 8, 0, 0, 0
L 283, 246, 8, 291, 245, 8, 0, 0, 0
L 282, 250, 8, 283, 246, 8, 0, 0, 0
L 234, 251, 8, 282, 250, 9, 0, 0, 0
L 235, 217, 9, 234, 251, 8, 0, 0, 0
L 187, 219, 8, 187, 226, 9, 0, 0, 0
L 232, 218, 10, 187, 219, 8, 0, 0, 0
L 189, 219, 9, 189, 219, 10, 0, 0, 0
L 166, 226, 9, 189, 226, 10, 0, 0, 0
L 166, 220, 9, 166, 226, 9, 0, 0, 0
L 90, 221, 9, 166, 220, 9, 0, 0, 0
L 106, 296, 10, 95, 297, 9, 0, 0, 0
L 107, 315, 9, 106, 296, 9, 0, 0, 0
L 60, 315, 9, 107, 315, 9, 0, 0, 0
L 60, 296, 9, 60, 315, 9, 0, 0, 0
L 75, 296, 10, 60, 296, 9, 0, 0, 0
L 74, 216, 10, 75, 296, 9, 0, 0, 0
L 11, 217, 10, 74, 216, 10, 0, 0, 0
L -25, 183, 9, 11, 217, 9, 0, 0, 0
L -51, 182, 10, -25, 183, 9, 0, 0, 0
L -50, 167, 10, -51, 182, 9, 0, 0, 0
L -95, 167, 10, -50, 167, 9, 0, 0, 0
L -117, 171, 13, -95, 167, 10, 0, 0, 0
L -156, 202, 23, -117, 171, 14, 0, 0, 0
L -163, 243, 23, -156, 202, 23, 0, 0, 0
L -194, 270, 23, -163, 243, 23, 0, 0, 0
L -68, 404, 7, -41, 434, 7, 0, 0, 0
L -67, 358, 6, -68, 404, 6, 0, 0, 0
L -116, 359, 7, -67, 358, 7, 0, 0, 0
L -120, 333, 6, -116, 359, 7, 0, 0, 0
L -104, 334, 7, -120, 333, 7, 0, 0, 0
L -104, 346, 7, -104, 334, 7, 0, 0, 0
L -11, 347, 7, -104, 346, 8, 0, 0, 0
L -7, 309, 3, -11, 347, 8, 0, 0, 0
L -77, 307, 2, -7, 309, 4, 0, 0, 0
L -76, 333, 1, -77, 307, 2, 0, 0, 0
L -88, 333, 1, -76, 333, 1, 0, 0, 0
L -87, 312, 1, -88, 333, 2, 0, 0, 0
L -105, 312, 1, -87, 312, 2, 0, 0, 0
L -106, 328, 1, -105, 312, 1, 0, 0, 0
L -125, 326, 0, -106, 328, 1, 0, 0, 0
L -127, 300, 1, -125, 326, 0, 0, 0, 0
L -70, 300, 1, -127, 300, 1, 0, 0, 0
L -41, 271, 1, -70, 300, 1, 0, 0, 0
L -11, 272, 2, -41, 271, 1, 0, 0, 0
L 19, 301, 1, -11, 272, 2, 0, 0, 0
L 24, 403, 2, 19, 301, 1, 0, 0, 0
L -3, 434, 2, 24, 403, 2, 0, 0, 0
L -41, 433, 1, -3, 434, 2, 0, 0, 0
L 58, 500, 2, 57, 510, 3, 0, 0, 0
L 44, 502, 3, 58, 500, 2, 0, 0, 0
L 44, 525, 3, 44, 502, 3, 0, 0, 0
L 32, 526, 4, 44, 525, 3, 0, 0, 0
L 31, 490, 3, 32, 526, 4, 0, 0, 0
L -23, 487, 3, 31, 490, 3, 0, 0, 0
L -24, 515, 4, -23, 487, 3, 0, 0, 0
L -119, 517, 3, -24, 515, 4, 0, 0, 0
L -119, 525, 3, -119, 517, 3, 0, 0, 0
L -161, 525, 4, -119, 525, 3, 0, 0, 0
L -196, 567, 5, -161, 525, 4, 0, 0, 0
L -198, 651, 4, -196, 567, 5, 0, 0, 0
L -237, 653, 3, -198, 651, 4, 0, 0, 0
L -237, 711, 4, -237, 653, 3, 0, 0, 0
L -219, 711, 4, -237, 711, 4, 0, 0, 0
L -218, 726, 4, -219, 711, 4, 0, 0, 0
L -169, 725, 4, -218, 726, 4, 0, 0, 0
L -170, 700, 4, -169, 725, 4, 0, 0, 0
L -179, 700, 4, -170, 700, 4, 0, 0, 0
L -182, 597, 4, -179, 700, 4, 0, 0, 0
L -174, 597, 4, -182, 597, 4, 0, 0, 0
L -176, 571, 4, -174, 597, 4, 0, 0, 0
L -144, 539, 4, -176, 571, 4, 0, 0, 0
L -120, 539, 4, -144, 539, 4, 0, 0, 0
L -50, 548, 4, -122, 549, 4, 0, 0, 0
L -50, 540, 4, -50, 548, 4, 0, 0, 0
L -23, 541, 4, -50, 540, 4, 0, 0, 0
L -24, 570, 4, -23, 541, 4, 0, 0, 0
L -8, 577, 4, -24, 570, 4, 0, 0, 0
L 30, 575, 3, -8, 577, 4, 0, 0, 0
L 29, 540, 4, 30, 575, 3, 0, 0, 0
L 45, 564, 3, 44, 539, 3, 0, 0, 0
L 57, 563, 3, 45, 564, 3, 0, 0, 0
L 57, 510, 3, 57, 563, 3, 0, 0, 0
L 399, 811, 1, 402, 1100, 1, 0, 0, 0
L 368, 781, 1, 413, 781, 1, 0, 0, 0
L 383, 767, 2, 368, 781, 1, 0, 0, 0
L 383, 677, 1, 383, 767, 2, 0, 0, 0
L 358, 678, 1, 383, 677, 1, 0, 0, 0
L 357, 626, 1, 358, 678, 1, 0, 0, 0
L 383, 625, 1, 357, 626, 1, 0, 0, 0
L 385, 557, 1, 383, 625, 1, 0, 0, 0
L 371, 558, 1, 385, 557, 1, 0, 0, 0
L 371, 539, 1, 371, 558, 1, 0, 0, 0
L 269, 538, 1, 371, 539, 1, 0, 0, 0
L 269, 550, 1, 269, 538, 1, 0, 0, 0
L 227, 549, 1, 269, 550, 1, 0, 0, 0
L 226, 566, 1, 227, 549, 1, 0, 0, 0
L 219, 565, 1, 226, 566, 1, 0, 0, 0
L 220, 545, 10, 219, 565, 1, 0, 0, 0
L 210, 575, 1, 211, 545, 10, 0, 0, 0
L 167, 577, 2, 210, 575, 1, 0, 0, 0
L 172, 539, 1, 167, 577, 2, 0, 0, 0
L 88, 539, 3, 172, 539, 1, 0, 0, 0
L 87, 558, 3, 88, 539, 3, 0, 0, 0
L 72, 557, 3, 87, 558, 3, 0, 0, 0
L 71, 515, 3, 72, 557, 3, 0, 0, 0
L 76, 515, 3, 71, 515, 3, 0, 0, 0
L 75, 439, 2, 76, 515, 3, 0, 0, 0
L 60, 437, 2, 75, 439, 2, 0, 0, 0
L 61, 423, 2, 60, 437, 2, 0, 0, 0
L 112, 421, 2, 61, 423, 2, 0, 0, 0
L 112, 439, 2, 112, 421, 2, 0, 0, 0
L 89, 438, 2, 112, 439, 2, 0, 0, 0
L 89, 525, 3, 89, 438, 2, 0, 0, 0
L 172, 525, 0, 89, 525, 3, 0, 0, 0
L 170, 493, 0, 172, 525, 0, 0, 0, 0
L 180, 496, 28, 170, 493, 0, 0, 0, 0
L 184, 528, 19, 180, 496, 28, 0, 0, 0
L 216, 528, 10, 184, 528, 19, 0, 0, 0
L 218, 496, 1, 216, 528, 10, 0, 0, 0
L 233, 497, 1, 218, 496, 1, 0, 0, 0
L 233, 544, -17, 233, 497, 1, 0, 0, 0
L 272, 544, -28, 233, 544, -17, 0, 0, 0
L 272, 513, -38, 272, 544, -28, 0, 0, 0
L 284, 513, -38, 272, 513, -38, 0, 0, 0
L 284, 476, -38, 284, 513, -38, 0, 0, 0
L 245, 475, -38, 284, 476, -38, 0, 0, 0
L 246, 512, -38, 245, 475, -38, 0, 0, 0
L 263, 511, -38, 246, 512, -38, 0, 0, 0
L 262, 534, -28, 263, 511, -38, 0, 0, 0
L 242, 535, -17, 262, 534, -28, 0, 0, 0
L 243, 502, 0, 242, 535, -17, 0, 0, 0
L 276, 501, 1, 243, 502, 0, 0, 0, 0
L 363, 525, 1, 231, 523, 17, 0, 0, 0
L 364, 510, 1, 363, 525, 1, 0, 0, 0
L 417, 512, 1, 364, 510, 1, 0, 0, 0
L 415, 562, 1, 417, 512, 1, 0, 0, 0
L 400, 562, 1, 415, 562, 1, 0, 0, 0
L 399, 626, 1, 400, 562, 1, 0, 0, 0
L 424, 628, 1, 399, 626, 1, 0, 0, 0
L 424, 674, 1, 424, 628, 1, 0, 0, 0
L 399, 675, 1, 424, 674, 1, 0, 0, 0
L 399, 769, 1, 399, 675, 1, 0, 0, 0
L 414, 770, 2, 399, 769, 1, 0, 0, 0
L 413, 785, 1, 414, 770, 2, 0, 0, 0
L 413, 810, 3, 402, 811, 2, 0, 0, 0
L 413, 796, 3, 413, 810, 4, 0, 0, 0
L 367, 797, 3, 413, 796, 4, 0, 0, 0
L 368, 819, 3, 367, 797, 4, 0, 0, 0
L 369, 819, 4, 384, 818, 4, 0, 0, 0
L 385, 1004, 3, 384, 818, 4, 0, 0, 0
L 385, 1005, 10, 355, 1005, 11, 0, 0, 0
L 354, 1049, 11, 355, 1005, 11, 0, 0, 0
L 385, 1050, 14, 354, 1049, 12, 0, 0, 0
L 386, 1097, 17, 385, 1050, 16, 0, 0, 0
L 233, 1096, 5, 386, 1097, 17, 0, 0, 0
L 228, 1079, 5, 233, 1096, 5, 0, 0, 0
L 209, 1080, 6, 228, 1079, 6, 0, 0, 0
L 208, 1134, 6, 209, 1080, 5, 0, 0, 0
L 234, 1130, 5, 208, 1134, 5, 0, 0, 0
L 234, 1120, 5, 234, 1130, 5, 0, 0, 0
L 386, 1118, 5, 234, 1120, 5, 0, 0, 0
L 402, 1100, 6, 386, 1118, 5, 0, 0, 0
L 804, 1077, 9, 802, 1075, 9, 0, 0, 0
L 852, 1028, 9, 804, 1077, 9, 0, 0, 0
L 815, 1076, 40, 898, 1073, 9, 0, 0, 0
L 872, 1131, 40, 815, 1076, 40, 0, 0, 0
L 871, 1090, 40, 872, 1131, 40, 0, 0, 0
L 837, 1090, 40, 871, 1090, 40, 0, 0, 0
L 839, 1082, 40, 837, 1090, 40, 0, 0, 0
L 907, 1081, 9, 839, 1082, 40, 0, 0, 0
L 918, 1091, 9, 907, 1081, 9, 0, 0, 0
L 867, 1143, 9, 918, 1091, 9, 0, 0, 0
L 870, 1147, 9, 867, 1143, 9, 0, 0, 0
L 862, 1155, 9, 870, 1147, 9, 0, 0, 0
L 741, 1105, 9, 757, 1089, 9, 0, 0, 0
L 841, 1205, 9, 741, 1105, 9, 0, 0, 0
L 841, 1205, 9, 860, 1186, 9, 0, 0, 0
L 614, 1347, 3, 464, 1345, 4, 0, 0, 240
L 619, 1352, 4, 614, 1347, 4, 0, 0, 240
L 620, 1481, 7, 619, 1352, 4, 0, 0, 240
L 647, 1328, 4, 646, 1480, 4, 0, 0, 240
L 632, 1316, 2, 647, 1328, 3, 0, 0, 240
L 464, 1317, 8, 632, 1316, 2, 0, 0, 240
L 313, 1428, 5, 312, 1395, 5, 0, 0, 240
L 288, 1455, 5, 313, 1428, 5, 0, 0, 240
L 182, 1456, 5, 288, 1455, 6, 0, 0, 0
L 169, 1450, 6, 182, 1456, 5, 0, 0, 0
L 153, 1426, 6, 169, 1450, 5, 0, 0, 0
L 153, 1399, 6, 153, 1426, 6, 0, 0, 0
L 178, 1371, 6, 153, 1399, 6, 0, 0, 0
L 284, 1370, 6, 178, 1371, 6, 0, 0, 0
L 312, 1395, 6, 284, 1370, 6, 0, 0, 0
L 374, 1238, 6, 386, 1238, 6, 0, 0, 0
L 375, 1192, 6, 374, 1238, 6, 0, 0, 0
L 394, 1195, 7, 375, 1192, 6, 0, 0, 0
L 394, 1206, 7, 394, 1195, 7, 0, 0, 0
L 450, 1202, 7, 394, 1206, 6, 0, 0, 0
L 451, 1122, 7, 450, 1202, 6, 0, 0, 0
L 467, 1088, 7, 451, 1122, 6, 0, 0, 0
L 447, 1063, 7, 467, 1088, 7, 0, 0, 0
L 472, 1040, 7, 447, 1063, 7, 0, 0, 0
L 474, 975, 5, 472, 1040, 7, 0, 0, 0
L 486, 965, 9, 474, 975, 6, 0, 0, 0
L 564, 965, 10, 486, 965, 10, 0, 0, 0
L 564, 957, 9, 564, 965, 9, 0, 0, 0
L 579, 956, 10, 564, 957, 9, 0, 0, 0
L 580, 1081, 9, 579, 956, 10, 0, 0, 0
L 561, 1082, 10, 580, 1081, 10, 0, 0, 0
L 561, 1074, 11, 561, 1082, 10, 0, 0, 0
L 534, 1074, 10, 561, 1074, 10, 0, 0, 0
L 491, 1089, 10, 534, 1074, 10, 0, 0, 0
L 469, 1120, 9, 491, 1089, 11, 0, 0, 0
L 464, 1146, 6, 469, 1120, 10, 0, 0, 0
L 464, 1352, 3, 464, 1146, 6, 0, 0, 0
L 467, 1430, 6, 464, 1352, 3, 0, 0, 0
L 484, 1457, 16, 468, 1431, 6, 0, 0, 0
L 518, 1477, 14, 484, 1457, 16, 0, 0, 0
L 651, 1480, 3, 519, 1478, 14, 0, 0, 0
L 653, 1603, 3, 651, 1476, 3, 0, 0, 0
L 752, 1600, 3, 653, 1603, 3, 0, 0, 0
L 755, 1474, 3, 752, 1600, 3, 0, 0, 0
L 756, 1476, 3, 802, 1479, 7, 0, 0, 0
L 823, 1477, 3, 801, 1480, 3, 0, 0, 0
L 844, 1467, 3, 823, 1477, 3, 0, 0, 0
L 862, 1448, 3, 844, 1467, 3, 0, 0, 0
L 870, 1425, 3, 862, 1448, 3, 0, 0, 0
L 872, 1170, 9, 870, 1425, 3, 0, 0, 0
L 865, 1166, 9, 872, 1170, 9, 0, 0, 0
L 876, 1154, 9, 865, 1166, 9, 0, 0, 0
L 880, 1158, 9, 876, 1154, 9, 0, 0, 0
L 952, 1086, 9, 880, 1158, 9, 0, 0, 0
L 861, 994, 9, 952, 1086, 9, 0, 0, 0
L 795, 1061, 9, 861, 994, 9, 0, 0, 0
L 798, 1064, 9, 795, 1061, 9, 0, 0, 0
L 783, 1082, 9, 798, 1064, 9, 0, 0, 0
L 776, 1071, 9, 783, 1082, 9, 0, 0, 0
L 615, 1072, 3, 776, 1071, 9, 0, 0, 0
L 615, 1081, 3, 615, 1072, 3, 0, 0, 0
L 593, 1082, 3, 615, 1081, 3, 0, 0, 0
L 593, 953, 4, 593, 1082, 3, 0, 0, 0
L 615, 953, 3, 593, 953, 4, 0, 0, 0
L 615, 964, 3, 615, 953, 3, 0, 0, 0
L 748, 965, 3, 615, 964, 3, 0, 0, 0
L 743, 912, 1, 748, 965, 3, 0, 0, 0
L 667, 845, 1, 743, 912, 1, 0, 0, 0
L 665, 742, 1, 667, 845, 1, 0, 0, 0
L 621, 733, 1, 665, 742, 1, 0, 0, 0
L 561, 709, 1, 620, 733, 1, 0, 0, 0
L 532, 679, 1, 561, 709, 1, 0, 0, 0
L 507, 625, 1, 532, 678, 1, 0, 0, 0
L 495, 576, 2, 506, 624, 1, 0, 0, 0
L 494, 522, 2, 495, 576, 2, 0, 0, 0
L 479, 521, 2, 494, 522, 2, 0, 0, 0
L 480, 502, 1, 479, 521, 2, 0, 0, 0
L 525, 503, 1, 480, 502, 1, 0, 0, 0
L 526, 521, 1, 525, 503, 1, 0, 0, 0
L 509, 521, 1, 526, 521, 1, 0, 0, 0
L 509, 562, 1, 509, 521, 1, 0, 0, 0
L 518, 611, 1, 509, 562, 1, 0, 0, 0
L 536, 656, 1, 518, 611, 1, 0, 0, 0
L 570, 692, 1, 536, 656, 1, 0, 0, 0
L 614, 712, 1, 570, 692, 1, 0, 0, 0
L 666, 725, 1, 614, 712, 1, 0, 0, 0
L 780, 724, 1, 666, 725, 1, 0, 0, 0
L 819, 767, 3, 780, 724, 1, 0, 0, 0
L 839, 764, 3, 819, 767, 3, 0, 0, 0
L 840, 810, 3, 839, 764, 3, 0, 0, 0
L 813, 810, 3, 840, 810, 3, 0, 0, 0
L 813, 848, 3, 813, 810, 3, 0, 0, 0
L 996, 1023, 15, 813, 848, 3, 0, 0, 0
L 1007, 1009, 15, 996, 1023, 15, 0, 0, 0
L 1039, 1042, 10, 1007, 1009, 15, 0, 0, 0
L 1025, 1058, 4, 1039, 1042, 10, 0, 0, 0
L 1064, 1100, 4, 1025, 1058, 4, 0, 0, 0
L 1118, 1047, 4, 1064, 1100, 4, 0, 0, 0
L 1135, 1066, 4, 1118, 1047, 4, 0, 0, 0
L 1126, 1079, 4, 1135, 1066, 4, 0, 0, 0
L 1116, 1068, 4, 1126, 1079, 4, 0, 0, 0
L 1075, 1108, 4, 1116, 1068, 4, 0, 0, 0
L 1139, 1173, 7, 1075, 1108, 4, 0, 0, 0
L 1178, 1133, 4, 1139, 1173, 7, 0, 0, 0
L 1135, 1090, 4, 1178, 1133, 4, 0, 0, 0
L 1145, 1079, 4, 1135, 1090, 4, 0, 0, 0
L 1200, 1133, 4, 1145, 1079, 4, 0, 0, 0
L 1181, 1150, 4, 1200, 1133, 4, 0, 0, 0
L 1194, 1162, 4, 1181, 1150, 4, 0, 0, 0
L 1244, 1163, 4, 1194, 1162, 4, 0, 0, 0
L 1243, 1144, 4, 1244, 1163, 4, 0, 0, 0
L 1303, 1142, 4, 1243, 1144, 4, 0, 0, 0
L 1300, 1323, 90, 1303, 1142, 4, 0, 0, 0
L 1314, 1325, 102, 1288, 1324, 97, 0, 0, 0
L 1763, 1346, 99, 1316, 1324, 103, 0, 0, 0
L 1791, 1631, 197, 1763, 1346, 99, 0, 0, 0
L 1791, 1797, 150, 1791, 1631, 197, 0, 0, 0
L 1785, 2293, 75, 1791, 1797, 149, 0, 0, 0
L 1771, 2672, 75, 1785, 2293, 75, 0, 0, 0
L 1863, 2673, 52, 1771, 2672, 75, 0, 0, 0
L 2340, 2673, 0, 1870, 2669, 1, 0, 0, 240
L 2491, -655, 0, 2340, 2673, 1, 0, 0, 240
L 1927, -703, -2, 2491, -655, 0, 0, 0, 240
L 1933, -649, -2, 1927, -702, -1, 0, 0, 240
L 1922, -543, -1, 1933, -649, -2, 0, 0, 240
L 1872, -498, -2, 1922, -543, -2, 0, 0, 240
L 1725, -444, -2, 1872, -498, -1, 0, 0, 240
L 1492, -446, -2, 1723, -443, -2, 0, 0, 240
L 1345, -420, -1, 1503, -449, -2, 0, 0, 240
L 1186, -352, -2, 1339, -418, -2, 0, 0, 240
L 1039, -244, -1, 1186, -352, -2, 0, 0, 240
L 867, -4, -2, 1039, -244, -1, 0, 0, 240
L 802, 287, -17, 867, -4, -1, 0, 0, 240
L 834, 517, -14, 802, 291, -17, 0, 0, 240
L 934, 746, -6, 834, 517, -15, 0, 0, 240
L 1104, 924, -7, 935, 746, -7, 0, 0, 240
L 1196, 980, 4, 1104, 924, -7, 0, 0, 240
L 1506, 1095, 4, 1196, 980, 4, 0, 0, 240
L 1926, 1054, 5, 1506, 1095, 5, 0, 0, 240
L 2022, 1002, 5, 1926, 1054, 4, 0, 0, 240
L 2079, 933, 4, 2022, 1002, 4, 0, 0, 240
L 2127, 820, 4, 2080, 932, 5, 0, 0, 240
L 2139, 662, 4, 2128, 817, 4, 0, 0, 240
L 2189, 577, 5, 2139, 662, 5, 0, 0, 240
L 2275, 590, 4, 2193, 572, 5, 0, 0, 240
L 2306, 950, 3, 2344, 748, 5, 0, 0, 240
L 2222, 1102, 3, 2306, 950, 2, 0, 0, 240
L 2097, 1208, 3, 2222, 1102, 3, 0, 0, 240
L 1845, 1362, 3, 2097, 1208, 3, 0, 0, 240
L 1906, 1510, 3, 1845, 1362, 3, 0, 0, 240
L 2019, 1667, 3, 1906, 1510, 2, 0, 0, 240
L 1968, 1810, 3, 2019, 1667, 3, 0, 0, 240
L 1895, 1902, 3, 1968, 1810, 3, 0, 0, 240
L 1901, 1936, 3, 1895, 1902, 3, 0, 0, 240
L 1846, 2126, -3, 1901, 1936, 3, 0, 0, 240
L 1845, 2543, 5, 1846, 2126, -3, 0, 0, 240
L 1871, 2673, 5, 1845, 2543, 5, 0, 0, 240
L 1834, 2608, 9, 1860, 2673, 12, 0, 0, 0
L 1837, 2149, 10, 1834, 2608, 9, 0, 0, 0
L 1889, 1935, 15, 1837, 2148, 11, 0, 0, 0
L 1872, 1893, 13, 1889, 1935, 15, 0, 0, 0
L 1867, 1853, 17, 1860, 1856, 17, 0, 0, 0
L 1960, 1775, 10, 1867, 1853, 18, 0, 0, 0
L 1995, 1667, 10, 1960, 1775, 11, 0, 0, 0
L 1900, 1522, 8, 1995, 1667, 10, 0, 0, 0
L 1824, 1352, 12, 1899, 1521, 9, 0, 0, 0
L 2043, 1225, 15, 1823, 1349, 12, 0, 0, 0
L 2202, 1101, 17, 2043, 1225, 15, 0, 0, 0
L 2284, 961, 17, 2202, 1101, 17, 0, 0, 0
L 2291, 531, 2, 2322, 545, 2, 0, 0, 0
L 2281, 520, 1, 2291, 531, 1, 0, 0, 0
L 2276, 498, 1, 2281, 520, 2, 0, 0, 0
L 2279, 479, 2, 2276, 498, 1, 0, 0, 0
L 2292, 465, 2, 2279, 479, 1, 0, 0, 0
L 2321, 458, 1, 2292, 465, 1, 0, 0, 0
L 2344, 472, 2, 2321, 458, 2, 0, 0, 0
L 2353, 502, 1, 2344, 472, 1, 0, 0, 0
L 2353, 501, 5, 2353, 514, 2, 0, 0, 0
L 2322, 545, 9, 2353, 514, 8, 0, 0, 0
L 2184, 605, 18, 2215, 590, 30, 0, 0, 0
L 2154, 674, 15, 2184, 605, 18, 0, 0, 0
L 2148, 784, 13, 2154, 675, 14, 0, 0, 0
L 2121, 889, 14, 2148, 784, 13, 0, 0, 0
L 2023, 1017, 17, 2120, 891, 13, 0, 0, 0
L 1908, 1080, 23, 2021, 1020, 19, 0, 0, 0
L 1484, 1107, 9, 1905, 1080, 24, 0, 0, 0
L 1333, 1057, 8, 1484, 1107, 9, 0, 0, 0
L 1175, 991, 10, 1333, 1057, 9, 0, 0, 0
L 1044, 888, 11, 1175, 991, 10, 0, 0, 0
L 930, 761, 12, 1044, 888, 11, 0, 0, 0
L 848, 611, 11, 930, 761, 12, 0, 0, 0
L 804, 474, 5, 848, 611, 11, 0, 0, 0
L 787, 293, 4, 804, 474, 5, 0, 0, 0
L 800, 158, 4, 787, 293, 4, 0, 0, 0
L 852, -1, 4, 800, 158, 4, 0, 0, 0
L 928, -137, 3, 852, -1, 3, 0, 0, 0
L 1037, -260, 3, 928, -137, 3, 0, 0, 0
L 1174, -360, 3, 1037, -260, 3, 0, 0, 0
L 1315, -425, 3, 1174, -360, 3, 0, 0, 0
L 1485, -464, 3, 1315, -425, 3, 0, 0, 0
L 1704, -452, 3, 1485, -464, 3, 0, 0, 0
L 1827, -491, 8, 1704, -452, 3, 0, 0, 0
L 1911, -545, 12, 1827, -491, 8, 0, 0, 0
L 1921, -663, 16, 1911, -545, 12, 0, 0, 0
L 1883, -661, 19, 1921, -663, 16, 0, 0, 0
L 1820, -698, -1, 1883, -661, 19, 0, 0, 0
L 1688, -695, -2, 1820, -698, -1, 0, 0, 0
L 1688, -719, -1, 1688, -695, -2, 0, 0, 0
L 1202, -721, 5, 1688, -719, -1, 0, 0, 0
L 1186, -469, 3, 1202, -721, 5, 0, 0, 0
L 1204, -470, 3, 1186, -469, 3, 0, 0, 0
L 1209, -405, 3, 1204, -470, 3, 0, 0, 0
L 1152, -406, 3, 1209, -407, 3, 0, 0, 0
L 1155, -376, 3, 1152, -406, 3, 0, 0, 0
L 1110, -371, 3, 1155, -376, 3, 0, 0, 0
L 1106, -389, 3, 1110, -371, 3, 0, 0, 0
L 1061, -381, 3, 1106, -389, 3, 0, 0, 0
L 1013, -360, 3, 1061, -381, 3, 0, 0, 0
L 982, -332, 4, 1013, -360, 3, 0, 0, 0
L 1008, -309, 3, 982, -332, 4, 0, 0, 0
L 997, -299, 31, 1008, -309, 3, 0, 0, 0
L 972, -323, 22, 997, -299, 31, 0, 0, 0
L 946, -298, 13, 972, -323, 22, 0, 0, 0
L 968, -275, 4, 946, -298, 13, 0, 0, 0
L 957, -262, 4, 968, -275, 4, 0, 0, 0
L 937, -284, 4, 957, -262, 4, 0, 0, 0
L 870, -219, 18, 935, -282, 4, 0, 0, 0
L 886, -201, 18, 870, -219, 18, 0, 0, 0
L 855, -171, 13, 886, -201, 18, 0, 0, 0
L 839, -188, 4, 855, -171, 13, 0, 0, 0
L 818, -168, 4, 839, -188, 4, 0, 0, 0
L 858, -129, 3, 818, -168, 4, 0, 0, 0
L 842, -115, 3, 858, -129, 3, 0, 0, 0
L 831, -129, 3, 842, -115, 3, 0, 0, 0
L 838, -137, 3, 831, -129, 3, 0, 0, 0
L 774, -204, 3, 838, -137, 3, 0, 0, 0
L 746, -178, 3, 774, -204, 3, 0, 0, 0
L 793, -126, 3, 746, -178, 3, 0, 0, 0
L 813, -150, 3, 793, -126, 3, 0, 0, 0
L 820, -141, 3, 813, -150, 3, 0, 0, 0
L 802, -122, 3, 820, -141, 3, 0, 0, 0
L 815, -108, 3, 802, -122, 3, 0, 0, 0
L 827, -120, 3, 815, -108, 3, 0, 0, 0
L 834, -110, 4, 827, -120, 3, 0, 0, 0
L 817, -92, 4, 833, -108, 4, 0, 0, 0
L 782, -131, 6, 817, -92, 4, 0, 0, 0
L 770, -114, 4, 780, -130, 5, 0, 0, 0
L 773, -54, 3, 770, -114, 4, 0, 0, 0
L 758, -42, 3, 773, -54, 3, 0, 0, 0
L 772, -28, 3, 758, -42, 3, 0, 0, 0
L 743, 7, 3, 772, -28, 3, 0, 0, 0
L 743, 117, 3, 743, 7, 3, 0, 0, 0
L 768, 118, 3, 743, 117, 3, 0, 0, 0
L 769, 144, 3, 768, 118, 3, 0, 0, 0
L 764, 174, 3, 765, 163, 3, 0, 0, 0
L 732, 175, 3, 764, 174, 3, 0, 0, 0
L 690, 219, 3, 732, 175, 3, 0, 0, 0
L 576, 218, 3, 690, 219, 3, 0, 0, 0
L 575, 232, 2, 576, 218, 3, 0, 0, 0
L 537, 231, 2, 575, 232, 2, 0, 0, 0
L 512, 256, 1, 537, 231, 2, 0, 0, 0
L 510, 385, 1, 512, 256, 1, 0, 0, 0
L 531, 384, -0, 510, 385, 1, 0, 0, 0
L 531, 404, 0, 531, 384, -0, 0, 0, 0
L 478, 404, 1, 531, 404, 0, 0, 0, 0
L 478, 383, 1, 478, 404, 1, 0, 0, 0
L 494, 383, 1, 478, 383, 1, 0, 0, 0
L 493, 246, 2, 494, 383, 1, 0, 0, 0
L 526, 216, 5, 493, 246, 2, 0, 0, 0
L 396, 217, 4, 526, 216, 5, 0, 0, 0
L 396, 236, 5, 396, 217, 4, 0, 0, 0
L 383, 236, 5, 396, 236, 5, 0, 0, 0
L 382, 187, 5, 383, 236, 5, 0, 0, 0
L 394, 187, 5, 382, 187, 5, 0, 0, 0
L 395, 203, 5, 394, 187, 5, 0, 0, 0
L 531, 203, 4, 395, 203, 5, 0, 0, 0
L 530, 188, 3, 531, 203, 4, 0, 0, 0
L 576, 189, 3, 530, 188, 3, 0, 0, 0
L 576, 204, 3, 576, 189, 3, 0, 0, 0
L 678, 205, 3, 576, 204, 3, 0, 0, 0
L 714, 167, 3, 678, 205, 3, 0, 0, 0
L 709, -23, 3, 714, 167, 3, 0, 0, 0
L 755, -62, 3, 709, -23, 3, 0, 0, 0
L 755, -107, 4, 755, -62, 3, 0, 0, 0
L 709, -146, 3, 755, -107, 4, 0, 0, 0
L 667, -190, 3, 709, -146, 3, 0, 0, 0
L 666, -209, 3, 667, -190, 3, 0, 0, 0
L 674, -209, 3, 666, -209, 3, 0, 0, 0
L 675, -265, 3, 674, -209, 3, 0, 0, 0
L 661, -265, 3, 675, -265, 3, 0, 0, 0
L 660, -237, 3, 661, -265, 3, 0, 0, 0
L 637, -236, 3, 660, -237, 3, 0, 0, 0
L 636, -340, 32, 637, -236, 3, 0, 0, 0
L 649, -339, 29, 636, -340, 32, 0, 0, 0
L 650, -309, 46, 649, -339, 29, 0, 0, 0
L 668, -309, 46, 650, -309, 46, 0, 0, 0
L 750, -332, 46, 668, -309, 46, 0, 0, 0
L 809, -372, 46, 750, -332, 46, 0, 0, 0
L 842, -429, 46, 809, -372, 46, 0, 0, 0
L 842, -485, 46, 842, -429, 46, 0, 0, 0
L 810, -539, 46, 842, -485, 46, 0, 0, 0
L 754, -578, 46, 810, -539, 46, 0, 0, 0
L 665, -600, 56, 754, -578, 46, 0, 0, 0
L 656, -576, 56, 665, -600, 56, 0, 0, 0
L 603, -574, 56, 656, -576, 56, 0, 0, 0
L 590, -602, 56, 603, -574, 56, 0, 0, 0
L 506, -579, 46, 590, -602, 56, 0, 0, 0
L 448, -539, 46, 506, -579, 46, 0, 0, 0
L 416, -485, 46, 448, -539, 46, 0, 0, 0
L 416, -426, 46, 416, -484, 46, 0, 0, 0
L 447, -374, 46, 416, -426, 46, 0, 0, 0
L 508, -331, 46, 447, -374, 46, 0, 0, 0
L 604, -309, 46, 508, -331, 46, 0, 0, 0
L 606, -339, 31, 604, -309, 46, 0, 0, 0
L 622, -338, 31, 606, -339, 31, 0, 0, 0
L 623, -238, 9, 622, -338, 31, 0, 0, 0
L 596, -237, 9, 623, -238, 8, 0, 0, 0
L 596, -265, 9, 596, -237, 8, 0, 0, 0
L 577, -264, 8, 596, -265, 8, 0, 0, 0
L 471, -292, 9, 577, -264, 9, 0, 0, 0
L 457, -304, 8, 471, -292, 9, 0, 0, 0
L 431, -264, 9, 457, -304, 9, 0, 0, 0
L 385, -295, 8, 431, -264, 9, 0, 0, 0
L 412, -334, 8, 385, -295, 9, 0, 0, 0
L 410, -337, 9, 412, -334, 8, 0, 0, 0
L 387, -312, 9, 410, -337, 9, 0, 0, 0
L 286, -306, 8, 387, -312, 8, 0, 0, 0
L 286, -333, 8, 286, -306, 8, 0, 0, 0
L 297, -334, 9, 286, -333, 8, 0, 0, 0
L 296, -417, 8, 297, -334, 8, 0, 0, 0
L 265, -446, 8, 296, -417, 9, 0, 0, 0
L 170, -450, 8, 265, -446, 8, 0, 0, 0
L 174, -593, 11, 170, -450, 9, 0, 0, 0
L 121, -593, 9, 174, -593, 12, 0, 0, 0
L 121, -518, 9, 121, -593, 9, 0, 0, 0
L 166, -518, 5, 121, -518, 9, 0, 0, 0
L 166, -518, 4, 163, -450, 4, 0, 0, 0
L -136, -451, 7, 164, -448, 4, 0, 0, 0
L -155, -446, 10, -136, -451, 7, 0, 0, 0
L -188, -421, 19, -155, -446, 10, 0, 0, 0
L -201, -389, 26, -188, -421, 19, 0, 0, 0
L -197, -250, 29, -201, -389, 26, 0, 0, 0
L -171, -251, 27, -197, -250, 29, 0, 0, 0
L -174, -193, 28, -171, -251, 27, 0, 0, 0
L -201, -196, 29, -174, -193, 28, 0, 0, 0
L -222, -174, 29, -201, -196, 29, 0, 0, 0
L -209, -157, 29, -222, -174, 29, 0, 0, 0
L -244, -110, 38, -209, -157, 29, 0, 0, 0
L -263, -128, 29, -244, -110, 38, 0, 0, 0
L -312, -79, 29, -263, -128, 29, 0, 0, 0
L -342, -24, 27, -334, -33, 27, 0, 0, 0
L -357, -35, 26, -340, -24, 27, 0, 0, 0
L -381, -10, 26, -357, -35, 26, 0, 0, 0
L -381, 19, 41, -381, -10, 26, 0, 0, 0
L -363, 17, 41, -381, 19, 41, 0, 0, 0
L -359, 62, 36, -363, 17, 41, 0, 0, 0
L -379, 63, 28, -359, 62, 36, 0, 0, 0
L -377, 297, 26, -379, 63, 28, 0, 0, 0
L -346, 301, 26, -377, 297, 26, 0, 0, 0
L -347, 268, 26, -346, 301, 26, 0, 0, 0
L -294, 272, 26, -347, 268, 26, 0, 0, 0
L -293, 307, 26, -294, 272, 26, 0, 0, 0
L -254, 308, 25, -293, 307, 26, 0, 0, 0
L -257, 515, 6, -254, 308, 26, 0, 0, 0
L -242, 517, 7, -257, 515, 6, 0, 0, 0
L -241, 547, 7, -242, 517, 6, 0, 0, 0
L -302, 547, 8, -241, 547, 7, 0, 0, 0
L -302, 575, 6, -302, 547, 8, 0, 0, 0
L -318, 595, 5, -302, 575, 5, 0, 0, 0
L -333, 596, 6, -318, 595, 6, 0, 0, 0
L -333, 624, 6, -333, 596, 5, 0, 0, 0
L -371, 620, 6, -333, 624, 6, 0, 0, 0
L -364, 633, 37, -364, 615, 35, 0, 0, 0
L -343, 632, 34, -364, 633, 38, 0, 0, 0
L -345, 582, 23, -343, 632, 33, 0, 0, 0
L -384, 578, 14, -345, 582, 23, 0, 0, 0
L -384, 619, 7, -384, 578, 14, 0, 0, 0
L -388, 619, 7, -384, 619, 7, 0, 0, 0
L -394, 587, 7, -388, 619, 7, 0, 0, 0
L -423, 638, 6, -395, 587, 7, 0, 0, 0
L -403, 637, 6, -424, 639, 6, 0, 0, 0
L -406, 685, 6, -408, 665, 6, 0, 0, 0
L -421, 685, 6, -406, 685, 7, 0, 0, 0
L -424, 862, 8, -421, 685, 6, 0, 0, 0
L -348, 866, 8, -424, 862, 8, 0, 0, 0
L -346, 908, 8, -348, 868, 8, 0, 0, 0
L -398, 903, 8, -346, 908, 8, 0, 0, 0
L -400, 959, 8, -398, 903, 7, 0, 0, 0
L -395, 959, 8, -400, 959, 8, 0, 0, 0
L -395, 1050, 5, -395, 959, 8, 0, 0, 0
L -427, 1012, 30, -395, 1016, 31, 0, 0, 0
L -426, 1018, 31, -427, 1012, 30, 0, 0, 0
L -425, 1092, 30, -426, 1018, 30, 0, 0, 0
L -394, 1090, 30, -425, 1092, 30, 0, 0, 0
L -394, 1132, 30, -394, 1089, 30, 0, 0, 0
L -419, 1132, 30, -394, 1132, 30, 0, 0, 0
L -416, 1100, 31, -418, 1132, 31, 0, 0, 0
L -636, 1096, 31, -416, 1100, 30, 0, 0, 0
L -636, 1132, 39, -636, 1096, 31, 0, 0, 0
L -659, 1132, 40, -636, 1132, 40, 0, 0, 0
L -660, 1089, 34, -659, 1132, 41, 0, 0, 0
L -627, 1080, 35, -625, 1091, 34, 0, 0, 0
L -638, 1081, 34, -627, 1080, 34, 0, 0, 0
L -638, 1051, 34, -638, 1081, 34, 0, 0, 0
L -675, 1055, 34, -637, 1054, 34, 0, 0, 0
L -675, 1069, 35, -675, 1055, 35, 0, 0, 0
L -723, 1069, 34, -675, 1069, 35, 0, 0, 0
L -725, 1036, 34, -723, 1069, 35, 0, 0, 0
L -676, 1036, 28, -725, 1036, 34, 0, 0, 0
L -674, 1053, 29, -676, 1036, 28, 0, 0, 0
L -625, 1051, 30, -674, 1053, 29, 0, 0, 0
L -627, 1017, 30, -625, 1051, 30, 0, 0, 0
L -660, 1016, 29, -627, 1017, 30, 0, 0, 0
L -659, 982, 29, -660, 1016, 29, 0, 0, 0
L -633, 981, 29, -659, 982, 29, 0, 0, 0
L -636, 1009, 29, -633, 981, 29, 0, 0, 0
L -421, 1010, 29, -636, 1009, 29, 0, 0, 0
L -421, 972, 29, -421, 1010, 29, 0, 0, 0
L -394, 972, 29, -421, 972, 29, 0, 0, 0
L -394, 1016, 29, -394, 972, 29, 0, 0, 0
L -435, 1050, 8, -393, 1049, 3, 0, 0, 0
L -434, 1037, 8, -435, 1050, 8, 0, 0, 0
L -498, 1038, 8, -434, 1037, 8, 0, 0, 0
L -498, 1017, 8, -498, 1038, 8, 0, 0, 0
L -432, 1018, 8, -498, 1017, 8, 0, 0, 0
L -432, 1005, 8, -432, 1018, 8, 0, 0, 0
L -696, 1007, 9, -432, 1005, 8, 0, 0, 0
L -711, 994, 3, -696, 1007, 9, 0, 0, 0
L -704, 981, -3, -711, 994, 3, 0, 0, 0
L -685, 985, -10, -704, 981, -3, 0, 0, 0
L -691, 1006, -18, -685, 985, -10, 0, 0, 0
L -754, 1011, -26, -691, 1006, -18, 0, 0, 0
L -783, 983, -27, -754, 1011, -26, 0, 0, 0
L -758, 962, -27, -783, 983, -27, 0, 0, 0
L -803, 916, -27, -758, 962, -27, 0, 0, 0
L -835, 946, -27, -803, 916, -27, 0, 0, 0
L -790, 991, -27, -835, 946, -27, 0, 0, 0
L -760, 1016, -26, -790, 991, -27, 0, 0, 0
L -765, 1045, -26, -760, 1016, -26, 0, 0, 0
L -828, 1049, -27, -765, 1045, -26, 0, 0, 0
L -824, 1009, -27, -828, 1049, -27, 0, 0, 0
L -900, 1011, -22, -824, 1009, -27, 0, 0, 0
L -900, 1100, -27, -900, 1011, -22, 0, 0, 0
L -824, 1100, -27, -900, 1100, -27, 0, 0, 0
L -834, 1059, -27, -824, 1100, -27, 0, 0, 0
L -766, 1062, -26, -834, 1059, -27, 0, 0, 0
L -760, 1086, -26, -766, 1062, -26, 0, 0, 0
L -840, 1164, -27, -760, 1086, -26, 0, 0, 0
L -809, 1194, -27, -840, 1165, -27, 0, 0, 0
L -757, 1142, -27, -809, 1194, -27, 0, 0, 0
L -786, 1123, -27, -757, 1142, -27, 0, 0, 0
L -756, 1094, -26, -786, 1123, -27, 0, 0, 0
L -695, 1098, -19, -756, 1094, -26, 0, 0, 0
L -683, 1116, -11, -695, 1098, -19, 0, 0, 0
L -691, 1126, -8, -683, 1116, -11, 0, 0, 0
L -703, 1124, -3, -691, 1126, -8, 0, 0, 0
L -711, 1113, 2, -703, 1124, -3, 0, 0, 0
L -710, 1107, 4, -711, 1113, 2, 0, 0, 0
L -698, 1097, 9, -707, 1100, 6, 0, 0, 0
L -434, 1100, 8, -698, 1097, 9, 0, 0, 0
L -434, 1082, 14, -434, 1100, 8, 0, 0, 0
L -420, 1081, 12, -434, 1082, 14, 0, 0, 0
L -419, 1056, 6, -420, 1080, 12, 0, 0, 0
L -400, 1056, 4, -418, 1056, 6, 0, 0, 0
L -401, 1082, 4, -401, 1058, 4, 0, 0, 0
L -389, 1082, 4, -401, 1082, 4, 0, 0, 0
L -387, 1141, 3, -389, 1082, 4, 0, 0, 0
L -357, 1166, 3, -386, 1141, 3, 0, 0, 0
L -303, 1165, 3, -357, 1166, 3, 0, 0, 0
L -276, 1141, 4, -303, 1165, 3, 0, 0, 0
L -278, 1089, 3, -252, 1060, 3, 0, 0, 0
L -278, 1090, 3, -278, 1142, 4, 0, 0, 0
L -251, 963, 3, -252, 1059, 3, 0, 0, 0
L -205, 963, 2, -250, 963, 3, 0, 0, 0
L -204, 972, 2, -205, 963, 2, 0, 0, 0
L -159, 961, -15, -158, 909, 2, 0, 0, 0
L -204, 980, -22, -159, 961, -15, 0, 0, 0
L -204, 1059, -36, -204, 980, -22, 0, 0, 0
L -247, 1099, -40, -204, 1059, -36, 0, 0, 0
L -257, 1143, -50, -247, 1099, -40, 0, 0, 0
L -278, 1174, -52, -257, 1143, -50, 0, 0, 0
L -280, 1223, -53, -278, 1174, -52, 0, 0, 0
L -322, 1275, -54, -280, 1223, -53, 0, 0, 0
L -336, 1272, -55, -322, 1275, -54, 0, 0, 0
L -335, 1275, -55, -334, 1210, -55, 0, 0, 0
L -390, 1208, -55, -333, 1208, -55, 0, 0, 0
L -390, 1304, -55, -390, 1208, -55, 0, 0, 0
L -337, 1303, -55, -390, 1304, -55, 0, 0, 0
L -338, 1286, -55, -337, 1303, -55, 0, 0, 0
L -321, 1286, -54, -338, 1286, -55, 0, 0, 0
L -321, 1288, -54, -319, 1316, -54, 0, 0, 0
L -401, 1317, -53, -321, 1317, -54, 0, 0, 0
L -406, 1247, -54, -401, 1317, -53, 0, 0, 0
L -406, 1249, -54, -417, 1246, -54, 0, 0, 0
L -418, 1267, -54, -417, 1246, -54, 0, 0, 0
L -433, 1266, -54, -420, 1266, -54, 0, 0, 0
L -434, 1247, -54, -433, 1266, -54, 0, 0, 0
L -445, 1247, -54, -434, 1247, -54, 0, 0, 0
L -447, 1262, -54, -445, 1247, -54, 0, 0, 0
L -523, 1263, -53, -447, 1262, -54, 0, 0, 0
L -520, 1298, -53, -523, 1263, -53, 0, 0, 0
L -575, 1300, -53, -521, 1298, -53, 0, 0, 0
L -578, 1264, -52, -575, 1299, -53, 0, 0, 0
L -599, 1263, -52, -578, 1264, -52, 0, 0, 0
L -633, 1297, -52, -599, 1263, -52, 0, 0, 0
L -634, 1544, -52, -633, 1297, -52, 0, 0, 0
L -594, 1584, -53, -634, 1544, -52, 0, 0, 0
L -555, 1584, -53, -594, 1584, -53, 0, 0, 0
L -556, 1550, -53, -555, 1584, -53, 0, 0, 0
L -484, 1549, -54, -556, 1550, -53, 0, 0, 0
L -482, 1558, -54, -484, 1552, -54, 0, 0, 0
L -546, 1559, -53, -482, 1558, -54, 0, 0, 0
L -536, 1624, -35, -534, 1581, -35, 0, 0, 0
L -493, 1626, -35, -536, 1624, -35, 0, 0, 0
L -492, 1584, -35, -493, 1626, -35, 0, 0, 0
L -523, 1586, -35, -492, 1584, -35, 0, 0, 0
L -525, 1559, -35, -523, 1585, -35, 0, 0, 0
L -546, 1559, -35, -520, 1560, -35, 0, 0, 0
L -547, 1624, -53, -546, 1559, -35, 0, 0, 0
L -495, 1626, -50, -547, 1624, -53, 0, 0, 0
L -492, 1584, -53, -495, 1626, -50, 0, 0, 0
L -521, 1578, -53, -492, 1584, -53, 0, 0, 0
L -483, 1575, -54, -521, 1578, -53, 0, 0, 0
L -482, 1581, -54, -483, 1575, -54, 0, 0, 0
L -371, 1581, -53, -482, 1581, -54, 0, 0, 0
L -350, 1603, -52, -371, 1581, -53, 0, 0, 0
L -318, 1500, -52, -350, 1603, -52, 0, 0, 0
L -278, 1446, -52, -318, 1500, -52, 0, 0, 0
L -224, 1435, -52, -278, 1446, -52, 0, 0, 0
L -78, 926, 5, -78, 909, 5, 0, 0, 0
L -76, 954, 4, -77, 940, 4, 0, 0, 0
L -71, 978, 4, -73, 964, 4, 0, 0, 0
L -64, 1001, -2, -68, 990, -1, 0, 0, 0
L -60, 1020, -1, -62, 1009, -1, 0, 0, 0
L -59, 1042, 2, -59, 1031, -0, 0, 0, 0
L -58, 1067, 4, -60, 1053, 2, 0, 0, 0
L -58, 1092, 3, -59, 1078, 4, 0, 0, 0
L -59, 1128, 3, -56, 1106, 3, 0, 0, 0
L -59, 1153, 5, -59, 1142, 4, 0, 0, 0
L -57, 1181, 2, -58, 1170, 3, 0, 0, 0
L -60, 1205, 3, -54, 1192, 1, 0, 0, 0
L -64, 1227, 5, -63, 1216, 4, 0, 0, 0
L -67, 1249, 4, -66, 1238, 5, 0, 0, 0
L -71, 1274, 3, -69, 1263, 4, 0, 0, 0
L -82, 1305, 1, -75, 1290, 2, 0, 0, 0
L -94, 1331, 3, -87, 1316, 2, 0, 0, 0
L -106, 1359, 4, -102, 1349, 3, 0, 0, 0
L -114, 1380, 5, -110, 1369, 4, 0, 0, 0
L -133, 1392, 5, -123, 1386, 5, 0, 0, 0
L -149, 1403, 4, -142, 1398, 4, 0, 0, 0
L -173, 1418, 4, -163, 1412, 4, 0, 0, 0
L -199, 1434, 4, -185, 1425, 4, 0, 0, 0
L -22, 1435, 4, -224, 1435, 4, 0, 0, 0
L -22, 1387, 4, -22, 1435, 4, 0, 0, 0
L -11, 1333, 4, -22, 1387, 4, 0, 0, 0
L 13, 1276, 5, -11, 1333, 4, 0, 0, 0
L 48, 1242, 5, 13, 1276, 5, 0, 0, 0
L 95, 1219, 5, 50, 1240, 4, 0, 0, 0
L 151, 1209, 4, 95, 1219, 5, 0, 0, 0
L 182, 1209, 5, 151, 1209, 4, 0, 0, 0
L 226, 1187, 19, 228, 1209, 19, 0, 0, 0
L 184, 1188, 14, 226, 1187, 19, 0, 0, 0
L 184, 1209, 5, 184, 1188, 14, 0, 0, 0
L 171, 1209, 4, 184, 1209, 5, 0, 0, 0
L 171, 1168, 4, 171, 1209, 4, 0, 0, 0
L 247, 1167, 4, 171, 1168, 4, 0, 0, 0
L 247, 1209, 5, 247, 1167, 4, 0, 0, 0
L 336, 1209, 4, 247, 1209, 5, 0, 0, 0
L 336, 1194, 4, 336, 1209, 4, 0, 0, 0
L 359, 1194, 3, 336, 1194, 4, 0, 0, 0
L 358, 1238, 4, 359, 1194, 3, 0, 0, 0
L 244, 1567, 5, 246, 1691, 5, 0, 0, 0
L 184, 1566, 5, 237, 1567, 5, 0, 0, 0
L 246, 1693, 5, 246, 1678, 5, 0, 0, 0
L 370, 1690, 5, 246, 1693, 5, 0, 0, 0
L 371, 1698, 5, 370, 1690, 5, 0, 0, 0
L 401, 1701, 5, 371, 1698, 5, 0, 0, 0
L 403, 1677, 5, 401, 1701, 5, 0, 0, 0
L 421, 1677, 5, 403, 1677, 5, 0, 0, 0
L 423, 1668, 5, 421, 1677, 5, 0, 0, 0
L 403, 1665, 5, 423, 1668, 5, 0, 0, 0
L 403, 1650, 5, 403, 1665, 5, 0, 0, 0
L 421, 1649, 5, 404, 1650, 5, 0, 0, 0
L 423, 1638, 5, 421, 1649, 5, 0, 0, 0
L 403, 1639, 5, 423, 1638, 5, 0, 0, 0
L 407, 1395, 5, 403, 1639, 5, 0, 0, 0
L 391, 1392, 5, 407, 1395, 5, 0, 0, 0
L 389, 1354, 5, 391, 1392, 5, 0, 0, 0
L 412, 1355, 5, 389, 1354, 5, 0, 0, 0
L 414, 1255, 4, 412, 1355, 5, 0, 0, 0
L 387, 1228, 5, 414, 1255, 4, 0, 0, 0
L 386, 1243, 4, 387, 1228, 5, 0, 0, 0
L 344, 1238, 4, 357, 1238, 4, 0, 0, 0
L 344, 1231, 4, 344, 1238, 4, 0, 0, 0
L 227, 1230, 19, 344, 1231, 4, 0, 0, 0
L 228, 1245, 19, 227, 1230, 19, 0, 0, 0
L 181, 1247, 14, 228, 1245, 19, 0, 0, 0
L 180, 1224, 5, 181, 1247, 14, 0, 0, 0
L 156, 1222, 4, 180, 1224, 5, 0, 0, 0
L 107, 1233, 5, 156, 1222, 4, 0, 0, 0
L 57, 1252, 4, 107, 1233, 5, 0, 0, 0
L 22, 1289, 5, 57, 1252, 4, 0, 0, 0
L -3, 1358, 4, 22, 1289, 5, 0, 0, 0
L -9, 1439, 19, -3, 1358, 4, 0, 0, 0
L 12, 1441, 19, -9, 1439, 19, 0, 0, 0
L 15, 1486, 14, 14, 1443, 19, 0, 0, 0
L -7, 1485, 5, 15, 1486, 14, 0, 0, 0
L 78, 1568, 5, 84, 1697, 5, 0, 0, 0
L 78, 1568, 5, 149, 1568, 5, 0, 0, 0
L 84, 1695, 6, 83, 1680, 6, 0, 0, 0
L 14, 1695, 6, 84, 1695, 6, 0, 0, 0
L 14, 1660, 6, 13, 1702, 6, 0, 0, 0
L -9, 1661, 5, 14, 1660, 5, 0, 0, 0
L -9, 1486, 5, -9, 1660, 6, 0, 0, 0
L -315, -40, 27, -306, -48, 27, 0, 0, 0
