P 2.4180, 31.5930, -0.3990,  0, 240, 0,  3,  to_Valdeholm
P 0.0000, -225.0000, -77.0000,  0, 0, 0,  3,  clickable_statue
P -32.0000, -1588.0000, -234.0000,  0, 0, 0,  3,  CLICK_TORCHES
P 720.0000, -999.0000, -97.0000,  0, 0, 0,  3,  Rallosian_Colyte_Aemon
P -1.0000, -1388.0000, -238.0000,  0, 0, 0,  3,  Lorekeeper_Thoren_Goldentongue
P -0.3790, -1387.5179, -237.0330,  240, 0, 0,  2,  Lorekeeper_Bentolf
P -325.0000, -1985.0000, -145.0000,  255, 200, 200,  2,  SHADE_Prison
P -214.0000, -100.0000, -64.0000,  255, 0, 0,  2,  2_west_wing
P 270.0000, -1867.0000, -145.0000,  255, 200, 200,  2,  SHADE_Treasure
P 239.0000, -57.0000, -66.0000,  255, 0, 0,  2,  3_east_wing
P 330.0000, -1475.0000, -145.0000,  255, 200, 200,  2,  SHADE_Temple
P -280.0000, -620.0000, -145.0000,  0, 0, 0,  2,  SHADE_Meeting
P 408.0000, -827.0000, -149.0000,  0, 0, 0,  2,  _shangkai
P 1.0000, -1547.0000, -230.0000,  255, 0, 0,  2,  4_statue
P -25.0000, -214.0000, -68.0000,  255, 0, 0,  2,  1_entry_hall
