L 850, -820, -1, 850, -820, -2, 240, 240, 240
L -470, 610, -1, -470, 610, -2, 240, 240, 240
L 100, 157, -21, 0, 157, -21, 0, 0, 0
L 101, 159, -21, 100, 161, -21, 0, 0, 0
L 100, 161, -21, 105, 158, -21, 0, 0, 0
L 105, 158, -21, 106, 157, -21, 0, 0, 0
L 106, 157, -21, 108, 156, -21, 0, 0, 0
L 108, 156, -21, 108, 155, -22, 0, 0, 0
L 108, 155, -22, 108, 146, -21, 0, 0, 0
L 108, 146, -21, 108, 155, -22, 0, 0, 0
L 108, 144, -21, 107, 143, -21, 0, 0, 0
L 107, 143, -21, 107, 141, -21, 0, 0, 0
L 107, 141, -21, 106, 138, -21, 0, 0, 0
L 106, 138, -21, 106, 137, -21, 0, 0, 0
L 106, 137, -21, 105, 137, -21, 0, 0, 0
L 105, 137, -21, 103, 135, -22, 0, 0, 0
L 103, 135, -22, 105, 137, -21, 0, 0, 0
L 103, 122, -21, 103, 135, -22, 0, 0, 0
L 103, 121, -21, 105, 120, -21, 0, 0, 0
L 105, 120, -21, 106, 120, -21, 0, 0, 0
L 106, 120, -21, 108, 119, -21, 0, 0, 0
L 108, 119, -21, 107, 113, -26, 0, 0, 0
L 107, 113, -26, 106, 111, -26, 0, 0, 0
L 106, 111, -26, 106, 109, -26, 0, 0, 0
L 106, 109, -26, 107, 108, -23, 0, 0, 0
L 107, 108, -23, 108, 106, -21, 0, 0, 0
L 108, 106, -21, 107, 104, -21, 0, 0, 0
L 107, 104, -21, 107, 103, -21, 0, 0, 0
L 107, 103, -21, 106, 101, -21, 0, 0, 0
L 106, 101, -21, 104, 101, -21, 0, 0, 0
L 104, 101, -21, 102, 100, -21, 0, 0, 0
L 102, 100, -21, 104, 101, -21, 0, 0, 0
L 92, 100, -21, 102, 100, -21, 0, 0, 0
L 90, 99, -21, 88, 99, -21, 0, 0, 0
L 88, 99, -21, 86, 100, -25, 0, 0, 0
L 86, 100, -25, 85, 101, -25, 0, 0, 0
L 85, 101, -25, 85, 103, -26, 0, 0, 0
L 85, 103, -26, 84, 105, -26, 0, 0, 0
L 84, 105, -26, 83, 106, -26, 0, 0, 0
L 83, 106, -26, 83, 108, -23, 0, 0, 0
L 83, 108, -23, 83, 110, -21, 0, 0, 0
L 83, 110, -21, 83, 112, -21, 0, 0, 0
L 83, 112, -21, 82, 118, -21, 0, 0, 0
L 82, 118, -21, 82, 120, -21, 0, 0, 0
L 82, 120, -21, 84, 120, -23, 0, 0, 0
L 84, 120, -23, 86, 121, -23, 0, 0, 0
L 86, 121, -23, 86, 123, -21, 0, 0, 0
L 86, 123, -21, 86, 121, -23, 0, 0, 0
L 87, 134, -22, 86, 123, -21, 0, 0, 0
L 87, 135, -21, 83, 139, -21, 0, 0, 0
L 83, 139, -21, 81, 140, -22, 0, 0, 0
L 81, 140, -22, 78, 140, -22, 0, 0, 0
L 78, 140, -22, 74, 141, -22, 0, 0, 0
L 74, 141, -22, 72, 141, -21, 0, 0, 0
L 72, 141, -21, 71, 140, -21, 0, 0, 0
L 71, 140, -21, 72, 141, -21, 0, 0, 0
L 50, 140, -14, 71, 140, -21, 0, 0, 0
L 48, 140, -13, 46, 141, -13, 0, 0, 0
L 46, 141, -13, 41, 141, -12, 0, 0, 0
L 41, 141, -12, 46, 141, -13, 0, 0, 0
L -336, 310, 47, -333, 233, 52, 0, 0, 0
L -332, 340, 47, -336, 310, 47, 0, 0, 0
L -334, 386, 41, -332, 340, 47, 0, 0, 0
L -342, 403, 30, -334, 386, 41, 0, 0, 0
L -343, 403, 29, -345, 403, 29, 0, 0, 0
L -345, 403, 29, -349, 401, 33, 0, 0, 0
L -349, 401, 33, -351, 400, 33, 0, 0, 0
L -351, 400, 33, -356, 398, 35, 0, 0, 0
L -356, 398, 35, -358, 397, 35, 0, 0, 0
L -358, 397, 35, -360, 397, 35, 0, 0, 0
L -360, 397, 35, -362, 397, 34, 0, 0, 0
L -362, 397, 34, -363, 398, 33, 0, 0, 0
L -363, 398, 33, -365, 399, 33, 0, 0, 0
L -365, 399, 33, -366, 399, 33, 0, 0, 0
L -366, 399, 33, -367, 400, 33, 0, 0, 0
L -367, 400, 33, -369, 399, 34, 0, 0, 0
L -369, 399, 34, -374, 399, 34, 0, 0, 0
L -374, 399, 34, -377, 398, 34, 0, 0, 0
L -377, 398, 34, -378, 398, 34, 0, 0, 0
L -378, 398, 34, -380, 399, 34, 0, 0, 0
L -380, 399, 34, -383, 399, 34, 0, 0, 0
L -383, 399, 34, -385, 398, 34, 0, 0, 0
L -385, 398, 34, -386, 398, 35, 0, 0, 0
L -386, 398, 35, -388, 396, 35, 0, 0, 0
L -388, 396, 35, -389, 395, 36, 0, 0, 0
L -389, 395, 36, -391, 393, 37, 0, 0, 0
L -391, 393, 37, -392, 391, 38, 0, 0, 0
L -392, 391, 38, -397, 383, 42, 0, 0, 0
L -397, 383, 42, -392, 391, 38, 0, 0, 0
L -397, 379, 44, -397, 378, 45, 0, 0, 0
L -397, 378, 45, -396, 377, 46, 0, 0, 0
L -396, 377, 46, -396, 375, 46, 0, 0, 0
L -396, 375, 46, -400, 375, 46, 0, 0, 0
L -400, 375, 46, -396, 375, 46, 0, 0, 0
L -414, 374, 46, -400, 375, 46, 0, 0, 0
L -416, 374, 46, -418, 374, 45, 0, 0, 0
L -418, 374, 45, -419, 373, 44, 0, 0, 0
L -419, 373, 44, -419, 371, 44, 0, 0, 0
L -419, 371, 44, -428, 373, 37, 0, 0, 0
L -428, 373, 37, -419, 371, 44, 0, 0, 0
L -437, 374, 34, -428, 373, 37, 0, 0, 0
L -439, 374, 35, -440, 373, 34, 0, 0, 0
L -440, 373, 34, -439, 374, 35, 0, 0, 0
L -440, 327, 35, -440, 373, 34, 0, 0, 0
L -439, 326, 35, -437, 326, 36, 0, 0, 0
L -437, 326, 36, -437, 324, 37, 0, 0, 0
L -437, 324, 37, -436, 320, 43, 0, 0, 0
L -436, 320, 43, -437, 319, 48, 0, 0, 0
L -437, 319, 48, -440, 319, 48, 0, 0, 0
L -440, 319, 48, -437, 319, 48, 0, 0, 0
L -440, 291, 46, -440, 319, 48, 0, 0, 0
L -432, -94, 83, -381, -120, 94, 0, 0, 0
L -432, -6, 83, -432, -94, 83, 0, 0, 0
L -436, 3, 83, -432, -6, 83, 0, 0, 0
L -446, 31, 83, -436, 3, 83, 0, 0, 0
L -447, 32, 83, -447, 34, 83, 0, 0, 0
L -447, 34, 83, -446, 35, 83, 0, 0, 0
L -446, 35, 83, -447, 34, 83, 0, 0, 0
L -433, 62, 83, -446, 35, 83, 0, 0, 0
L -428, 70, 83, -428, 71, 82, 0, 0, 0
L -428, 71, 82, -428, 70, 83, 0, 0, 0
L -418, 95, 67, -428, 71, 82, 0, 0, 0
L -415, 103, 61, -415, 104, 61, 0, 0, 0
L -415, 104, 61, -415, 103, 61, 0, 0, 0
L -407, 116, 61, -415, 104, 61, 0, 0, 0
L -391, 141, 58, -407, 116, 61, 0, 0, 0
L -390, 143, 57, -389, 144, 57, 0, 0, 0
L -389, 144, 57, -388, 144, 57, 0, 0, 0
L -388, 144, 57, -380, 150, 61, 0, 0, 0
L -380, 150, 61, -379, 151, 61, 0, 0, 0
L -379, 151, 61, -377, 151, 61, 0, 0, 0
L -377, 151, 61, -376, 150, 61, 0, 0, 0
L -376, 150, 61, -377, 151, 61, 0, 0, 0
L -375, 163, 54, -376, 150, 61, 0, 0, 0
L -375, 164, 55, -376, 166, 60, 0, 0, 0
L -376, 166, 60, -376, 167, 61, 0, 0, 0
L -376, 167, 61, -378, 168, 61, 0, 0, 0
L -378, 168, 61, -379, 168, 61, 0, 0, 0
L -379, 168, 61, -381, 169, 60, 0, 0, 0
L -381, 169, 60, -383, 169, 59, 0, 0, 0
L -383, 169, 59, -385, 177, 61, 0, 0, 0
L -385, 177, 61, -383, 169, 59, 0, 0, 0
L -392, 199, 56, -385, 177, 61, 0, 0, 0
L -394, 207, 56, -395, 208, 57, 0, 0, 0
L -395, 208, 57, -395, 210, 57, 0, 0, 0
L -395, 210, 57, -395, 208, 57, 0, 0, 0
L -414, 246, 46, -395, 210, 57, 0, 0, 0
L -415, 248, 46, -415, 250, 46, 0, 0, 0
L -415, 250, 46, -415, 248, 46, 0, 0, 0
L -437, 283, 43, -415, 250, 46, 0, 0, 0
L -438, 284, 44, -438, 285, 44, 0, 0, 0
L -438, 285, 44, -440, 294, 46, 0, 0, 0
L -440, 294, 46, -438, 285, 44, 0, 0, 0
L -341, 221, 57, -331, 233, 52, 0, 0, 0
L -348, 214, 59, -349, 212, 60, 0, 0, 0
L -349, 212, 60, -350, 211, 60, 0, 0, 0
L -350, 211, 60, -352, 204, 61, 0, 0, 0
L -352, 204, 61, -353, 203, 61, 0, 0, 0
L -353, 203, 61, -353, 201, 61, 0, 0, 0
L -353, 201, 61, -356, 199, 61, 0, 0, 0
L -356, 199, 61, -357, 198, 61, 0, 0, 0
L -357, 198, 61, -356, 193, 61, 0, 0, 0
L -356, 193, 61, -356, 191, 61, 0, 0, 0
L -356, 191, 61, -356, 193, 61, 0, 0, 0
L -348, 181, 58, -356, 191, 61, 0, 0, 0
L -346, 179, 54, -348, 181, 58, 0, 0, 0
L -337, 176, 46, -346, 179, 54, 0, 0, 0
L -335, 176, 43, -334, 174, 42, 0, 0, 0
L -334, 174, 42, -334, 172, 42, 0, 0, 0
L -334, 172, 42, -335, 171, 42, 0, 0, 0
L -335, 171, 42, -335, 169, 42, 0, 0, 0
L -335, 169, 42, -333, 168, 40, 0, 0, 0
L -333, 168, 40, -330, 165, 40, 0, 0, 0
L -330, 165, 40, -329, 166, 39, 0, 0, 0
L -329, 166, 39, -326, 166, 39, 0, 0, 0
L -326, 166, 39, -324, 165, 40, 0, 0, 0
L -324, 165, 40, -323, 165, 40, 0, 0, 0
L -323, 165, 40, -321, 164, 40, 0, 0, 0
L -321, 164, 40, -320, 164, 40, 0, 0, 0
L -320, 164, 40, -318, 165, 39, 0, 0, 0
L -318, 165, 39, -317, 167, 38, 0, 0, 0
L -317, 167, 38, -315, 167, 37, 0, 0, 0
L -315, 167, 37, -314, 167, 37, 0, 0, 0
L -314, 167, 37, -312, 168, 36, 0, 0, 0
L -312, 168, 36, -304, 169, 43, 0, 0, 0
L -304, 169, 43, -312, 168, 36, 0, 0, 0
L -274, 171, 39, -304, 169, 43, 0, 0, 0
L -273, 171, 39, -274, 171, 39, 0, 0, 0
L -252, 167, 39, -273, 171, 39, 0, 0, 0
L -243, 165, 41, -252, 167, 39, 0, 0, 0
L -234, 163, 39, -243, 165, 41, 0, 0, 0
L -200, 171, 39, -234, 163, 39, 0, 0, 0
L -198, 171, 39, -195, 170, 38, 0, 0, 0
L -195, 170, 38, -194, 170, 37, 0, 0, 0
L -194, 170, 37, -193, 169, 37, 0, 0, 0
L -193, 169, 37, -192, 169, 36, 0, 0, 0
L -192, 169, 36, -191, 168, 36, 0, 0, 0
L -191, 168, 36, -190, 168, 36, 0, 0, 0
L -190, 168, 36, -182, 162, 32, 0, 0, 0
L -182, 162, 32, -181, 162, 32, 0, 0, 0
L -181, 162, 32, -180, 161, 32, 0, 0, 0
L -180, 161, 32, -178, 159, 31, 0, 0, 0
L -178, 159, 31, -178, 158, 30, 0, 0, 0
L -178, 158, 30, -176, 157, 30, 0, 0, 0
L -176, 157, 30, -175, 156, 30, 0, 0, 0
L -175, 156, 30, -174, 155, 29, 0, 0, 0
L -174, 155, 29, -174, 154, 29, 0, 0, 0
L -174, 154, 29, -173, 153, 29, 0, 0, 0
L -173, 153, 29, -172, 151, 28, 0, 0, 0
L -172, 151, 28, -172, 150, 28, 0, 0, 0
L -172, 150, 28, -171, 149, 28, 0, 0, 0
L -171, 149, 28, -171, 148, 28, 0, 0, 0
L -171, 148, 28, -170, 147, 27, 0, 0, 0
L -170, 147, 27, -169, 146, 27, 0, 0, 0
L -169, 146, 27, -165, 141, 25, 0, 0, 0
L -165, 141, 25, -164, 141, 24, 0, 0, 0
L -164, 141, 24, -163, 140, 24, 0, 0, 0
L -163, 140, 24, -159, 140, 24, 0, 0, 0
L -159, 140, 24, -157, 141, 24, 0, 0, 0
L -157, 141, 24, -156, 143, 21, 0, 0, 0
L -156, 143, 21, -147, 143, 17, 0, 0, 0
L -147, 143, 17, -156, 143, 21, 0, 0, 0
L -137, 142, 13, -147, 143, 17, 0, 0, 0
L -115, 142, 7, -137, 142, 13, 0, 0, 0
L -97, 143, -1, -115, 142, 7, 0, 0, 0
L -95, 143, -1, -97, 143, -1, 0, 0, 0
L -81, 141, -1, -95, 143, -1, 0, 0, 0
L -80, 141, -1, -71, 140, -1, 0, 0, 0
L -71, 140, -1, -80, 141, -1, 0, 0, 0
L -69, 140, 0, -71, 140, -1, 0, 0, 0
L -50, 149, -3, -49, 150, -3, 0, 0, 0
L -49, 150, -3, -50, 149, -3, 0, 0, 0
L -48, 160, -2, -49, 150, -3, 0, 0, 0
L -48, 161, 0, -48, 160, -2, 0, 0, 0
L -27, 169, -10, -36, 169, -13, 0, 0, 0
L -23, 169, 0, -27, 169, -10, 0, 0, 0
L -19, 180, -3, -20, 181, -4, 0, 0, 0
L -20, 181, -4, -19, 180, -3, 0, 0, 0
L -20, 196, -13, -20, 181, -4, 0, 0, 0
L -20, 195, -11, -19, 194, -12, 0, 0, 0
L -19, 194, -12, -15, 192, -14, 0, 0, 0
L -15, 192, -14, -14, 191, -15, 0, 0, 0
L -14, 191, -15, -12, 190, -15, 0, 0, 0
L -12, 190, -15, -11, 190, -15, 0, 0, 0
L -11, 190, -15, -8, 187, -15, 0, 0, 0
L -8, 187, -15, -7, 186, -13, 0, 0, 0
L -7, 186, -13, -6, 185, -12, 0, 0, 0
L -6, 185, -12, -6, 183, -9, 0, 0, 0
L -6, 183, -9, -5, 182, -7, 0, 0, 0
L -5, 182, -7, -5, 181, -5, 0, 0, 0
L -5, 181, -5, -5, 178, -2, 0, 0, 0
L -5, 178, -2, -4, 177, -2, 0, 0, 0
L -4, 177, -2, -4, 175, -1, 0, 0, 0
L -4, 175, -1, -4, 174, -1, 0, 0, 0
L -4, 174, -1, -3, 173, -1, 0, 0, 0
L -3, 173, -1, -3, 171, -1, 0, 0, 0
L -3, 171, -1, -1, 170, 0, 0, 0, 0
L -1, 170, 0, -3, 171, -1, 0, 0, 0
L 6, 159, 0, 8, 157, -1, 0, 0, 0
L 8, 157, -1, 11, 156, -1, 0, 0, 0
L 11, 156, -1, 8, 157, -1, 0, 0, 0
L 40, 141, -12, 41, 141, -12, 0, 0, 0
L 41, 141, -12, 40, 140, -10, 0, 0, 0
L 40, 140, -10, 35, 140, -9, 0, 0, 0
L 35, 140, -9, 40, 140, -10, 0, 0, 0
L 16, 140, -2, 35, 140, -9, 0, 0, 0
L 12, 141, -1, 9, 141, -1, 0, 0, 0
L 9, 141, -1, 8, 140, 0, 0, 0, 0
L 8, 140, 0, 9, 141, -1, 0, 0, 0
L 8, 122, -8, 4, 120, -10, 0, 0, 0
L 4, 120, -10, 2, 119, -10, 0, 0, 0
L 2, 119, -10, 1, 118, -10, 0, 0, 0
L 1, 118, -10, 2, 119, -10, 0, 0, 0
L -9, 117, 0, 1, 118, -10, 0, 0, 0
L -21, 85, 0, -21, 87, -1, 0, 0, 0
L -8, 67, -4, -8, 68, -4, 0, 0, 0
L -22, 48, -4, -8, 67, -4, 0, 0, 0
L -27, 41, 0, -22, 48, -4, 0, 0, 0
L -14, 10, -5, -12, 10, -5, 0, 0, 0
L -12, 10, -5, -14, 10, -5, 0, 0, 0
L -3, 6, -1, -12, 10, -5, 0, 0, 0
L -1, 6, -1, 1, 5, -1, 0, 0, 0
L 1, 5, -1, 2, 5, 0, 0, 0, 0
L 2, 5, 0, 11, 6, -4, 0, 0, 0
L 11, 6, -4, 13, 8, -4, 0, 0, 0
L 13, 8, -4, 14, 9, 1, 0, 0, 0
L 14, 9, 1, 15, 9, 1, 0, 0, 0
L 15, 9, 1, 17, 8, 1, 0, 0, 0
L 17, 8, 1, 18, 7, -1, 0, 0, 0
L 18, 7, -1, 19, 5, -7, 0, 0, 0
L 19, 5, -7, 20, 2, -14, 0, 0, 0
L 20, 2, -14, 19, 0, -16, 0, 0, 0
L 19, 0, -16, 18, -1, -16, 0, 0, 0
L 18, -1, -16, 17, -3, -17, 0, 0, 0
L 17, -3, -17, 17, -4, -18, 0, 0, 0
L 17, -4, -18, 15, -6, -17, 0, 0, 0
L 15, -6, -17, 13, -6, -12, 0, 0, 0
L 13, -6, -12, 11, -7, -8, 0, 0, 0
L 11, -7, -8, 9, -7, -4, 0, 0, 0
L 9, -7, -4, 11, -7, -8, 0, 0, 0
L -4, -8, -1, 9, -7, -4, 0, 0, 0
L -6, -8, -1, -7, -10, 0, 0, 0, 0
L -7, -10, 0, -6, -8, -1, 0, 0, 0
L -17, -74, 1, -18, -74, 1, 0, 0, 0
L -18, -74, 1, -19, -74, 0, 0, 0, 0
L -19, -74, 0, -21, -82, -1, 0, 0, 0
L -21, -82, -1, -20, -84, -1, 0, 0, 0
L -20, -84, -1, -20, -87, -1, 0, 0, 0
L -20, -87, -1, -19, -89, 0, 0, 0, 0
L -19, -89, 0, -20, -87, -1, 0, 0, 0
L -19, -103, 5, -19, -108, 6, 0, 0, 0
L -19, -108, 6, -19, -110, 7, 0, 0, 0
L -19, -110, 7, -19, -108, 6, 0, 0, 0
L -20, -119, 9, -19, -120, 11, 0, 0, 0
L -19, -120, 11, -20, -119, 9, 0, 0, 0
L -19, -142, 18, -19, -120, 11, 0, 0, 0
L -19, -143, 18, -20, -145, 19, 0, 0, 0
L -20, -145, 19, -20, -150, 20, 0, 0, 0
L -20, -150, 20, -19, -152, 21, 0, 0, 0
L -19, -152, 21, -18, -153, 21, 0, 0, 0
L -18, -153, 21, -14, -153, 21, 0, 0, 0
L -14, -153, 21, -11, -152, 21, 0, 0, 0
L -11, -152, 21, -9, -154, 21, 0, 0, 0
L -9, -154, 21, -9, -158, 21, 0, 0, 0
L -9, -158, 21, -11, -159, 21, 0, 0, 0
L -11, -159, 21, -12, -161, 22, 0, 0, 0
L -12, -161, 22, -11, -163, 22, 0, 0, 0
L -11, -163, 22, -10, -164, 22, 0, 0, 0
L -10, -164, 22, -9, -165, 20, 0, 0, 0
L -9, -165, 20, -4, -166, 20, 0, 0, 0
L -4, -166, 20, -3, -166, 20, 0, 0, 0
L -3, -166, 20, -1, -164, 20, 0, 0, 0
L -1, -164, 20, 1, -164, 19, 0, 0, 0
L 1, -164, 19, 5, -164, 15, 0, 0, 0
L 5, -164, 15, 7, -164, 15, 0, 0, 0
L 7, -164, 15, 5, -164, 15, 0, 0, 0
L 22, -165, 9, 7, -164, 15, 0, 0, 0
L 23, -165, 9, 27, -166, 9, 0, 0, 0
L 27, -166, 9, 28, -166, 9, 0, 0, 0
L 28, -166, 9, 30, -165, 9, 0, 0, 0
L 30, -165, 9, 31, -164, 7, 0, 0, 0
L 31, -164, 7, 37, -164, 4, 0, 0, 0
L 37, -164, 4, 40, -164, 4, 0, 0, 0
L 40, -164, 4, 37, -164, 4, 0, 0, 0
L 49, -165, 0, 40, -164, 4, 0, 0, 0
L 60, -166, -1, 61, -165, -4, 0, 0, 0
L 61, -165, -4, 62, -163, -5, 0, 0, 0
L 62, -163, -5, 66, -163, -5, 0, 0, 0
L 66, -163, -5, 67, -163, -6, 0, 0, 0
L 67, -163, -6, 69, -163, -6, 0, 0, 0
L 69, -163, -6, 73, -164, -8, 0, 0, 0
L 73, -164, -8, 74, -164, -9, 0, 0, 0
L 74, -164, -9, 75, -164, -9, 0, 0, 0
L 75, -164, -9, 76, -163, -9, 0, 0, 0
L 76, -163, -9, 84, -164, -13, 0, 0, 0
L 84, -164, -13, 86, -164, -14, 0, 0, 0
L 86, -164, -14, 87, -164, -14, 0, 0, 0
L 87, -164, -14, 89, -163, -13, 0, 0, 0
L 89, -163, -13, 91, -163, -15, 0, 0, 0
L 91, -163, -15, 92, -163, -15, 0, 0, 0
L 92, -163, -15, 91, -163, -15, 0, 0, 0
L 108, -163, -20, 92, -163, -15, 0, 0, 0
L 109, -164, -21, 110, -163, -21, 0, 0, 0
L 110, -163, -21, 112, -163, -21, 0, 0, 0
L 112, -163, -21, 114, -163, -23, 0, 0, 0
L 114, -163, -23, 115, -163, -23, 0, 0, 0
L 115, -163, -23, 114, -163, -23, 0, 0, 0
L 125, -163, -27, 115, -163, -23, 0, 0, 0
L 128, -164, -28, 125, -163, -27, 0, 0, 0
L 136, -165, -26, 137, -165, -26, 0, 0, 0
L 137, -165, -26, 146, -166, -27, 0, 0, 0
L 146, -166, -27, 137, -165, -26, 0, 0, 0
L 148, -166, -25, 149, -166, -25, 0, 0, 0
L 149, -166, -25, 150, -164, -26, 0, 0, 0
L 150, -164, -26, 149, -166, -25, 0, 0, 0
L 253, -164, -25, 150, -164, -26, 0, 0, 0
L 254, -163, -25, 253, -164, -25, 0, 0, 0
L 255, -149, -25, 254, -163, -25, 0, 0, 0
L 255, -148, -25, 256, -146, -26, 0, 0, 0
L 256, -146, -26, 256, -144, -27, 0, 0, 0
L 256, -144, -27, 257, -136, -26, 0, 0, 0
L 257, -136, -26, 256, -134, -25, 0, 0, 0
L 256, -134, -25, 257, -136, -26, 0, 0, 0
L 256, -91, -25, 256, -134, -25, 0, 0, 0
L 277, -91, -25, 256, -91, -25, 0, 0, 0
L 279, -92, -25, 282, -92, -25, 0, 0, 0
L 282, -92, -25, 284, -90, -26, 0, 0, 0
L 284, -90, -26, 284, -88, -26, 0, 0, 0
L 284, -88, -26, 285, -87, -26, 0, 0, 0
L 285, -87, -26, 284, -85, -25, 0, 0, 0
L 284, -85, -25, 283, -85, -25, 0, 0, 0
L 283, -85, -25, 281, -84, -25, 0, 0, 0
L 281, -84, -25, 279, -84, -25, 0, 0, 0
L 279, -84, -25, 278, -85, -25, 0, 0, 0
L 278, -85, -25, 279, -84, -25, 0, 0, 0
L 259, -85, -25, 278, -85, -25, 0, 0, 0
L 259, -69, -28, 259, -85, -25, 0, 0, 0
L 259, -67, -29, 259, -69, -28, 0, 0, 0
L 263, -54, -30, 259, -67, -29, 0, 0, 0
L 271, -30, -25, 263, -54, -30, 0, 0, 0
L 272, -28, -25, 272, -27, -25, 0, 0, 0
L 272, -27, -25, 272, -28, -25, 0, 0, 0
L 284, -27, -25, 272, -27, -25, 0, 0, 0
L 285, -26, -25, 286, -21, -25, 0, 0, 0
L 286, -21, -25, 285, -20, -25, 0, 0, 0
L 285, -20, -25, 276, -19, -25, 0, 0, 0
L 276, -19, -25, 275, -19, -25, 0, 0, 0
L 275, -19, -25, 276, -19, -25, 0, 0, 0
L 280, -2, -25, 275, -19, -25, 0, 0, 0
L 290, 26, -25, 280, -2, -25, 0, 0, 0
L 290, 27, -26, 290, 26, -25, 0, 0, 0
L 308, 27, -29, 290, 27, -26, 0, 0, 0
L 309, 27, -27, 314, 26, -25, 0, 0, 0
L 314, 26, -25, 315, 26, -25, 0, 0, 0
L 315, 26, -25, 320, 22, -24, 0, 0, 0
L 320, 22, -24, 321, 21, -24, 0, 0, 0
L 321, 21, -24, 323, 24, -25, 0, 0, 0
L 323, 24, -25, 321, 21, -24, 0, 0, 0
L 323, 33, -25, 323, 24, -25, 0, 0, 0
L 324, 35, -25, 323, 36, -25, 0, 0, 0
L 323, 36, -25, 324, 35, -25, 0, 0, 0
L 323, 50, -25, 323, 36, -25, 0, 0, 0
L 349, 50, -25, 323, 50, -25, 0, 0, 0
L 350, 74, -26, 349, 50, -25, 0, 0, 0
L 351, 76, -27, 351, 79, -27, 0, 0, 0
L 351, 79, -27, 352, 84, -26, 0, 0, 0
L 352, 84, -26, 352, 85, -26, 0, 0, 0
L 352, 85, -26, 351, 87, -25, 0, 0, 0
L 351, 87, -25, 342, 88, -25, 0, 0, 0
L 342, 88, -25, 341, 88, -25, 0, 0, 0
L 341, 88, -25, 332, 88, -24, 0, 0, 0
L 332, 88, -24, 341, 88, -25, 0, 0, 0
L 323, 90, -25, 332, 88, -24, 0, 0, 0
L 313, 91, -27, 323, 90, -25, 0, 0, 0
L 312, 91, -26, 311, 91, -27, 0, 0, 0
L 311, 91, -27, 310, 89, -30, 0, 0, 0
L 310, 89, -30, 309, 88, -31, 0, 0, 0
L 309, 88, -31, 308, 86, -32, 0, 0, 0
L 308, 86, -32, 306, 86, -27, 0, 0, 0
L 306, 86, -27, 299, 88, -25, 0, 0, 0
L 299, 88, -25, 306, 86, -27, 0, 0, 0
L 290, 89, -27, 289, 90, -27, 0, 0, 0
L 289, 90, -27, 287, 89, -28, 0, 0, 0
L 287, 89, -28, 285, 87, -28, 0, 0, 0
L 285, 87, -28, 277, 89, -29, 0, 0, 0
L 277, 89, -29, 285, 87, -28, 0, 0, 0
L 268, 91, -28, 267, 91, -28, 0, 0, 0
L 267, 91, -28, 266, 91, -25, 0, 0, 0
L 266, 91, -25, 266, 88, -25, 0, 0, 0
L 266, 88, -25, 266, 91, -25, 0, 0, 0
L 242, 88, -25, 266, 88, -25, 0, 0, 0
L 241, 89, -25, 240, 91, -25, 0, 0, 0
L 240, 91, -25, 238, 91, -25, 0, 0, 0
L 238, 91, -25, 240, 91, -25, 0, 0, 0
L 238, 126, -25, 238, 91, -25, 0, 0, 0
L 239, 128, -25, 239, 130, -25, 0, 0, 0
L 239, 130, -25, 240, 131, -25, 0, 0, 0
L 240, 131, -25, 242, 135, -25, 0, 0, 0
L 242, 135, -25, 242, 137, -25, 0, 0, 0
L 242, 137, -25, 243, 138, -25, 0, 0, 0
L 243, 138, -25, 244, 140, -25, 0, 0, 0
L 244, 140, -25, 246, 141, -25, 0, 0, 0
L 246, 141, -25, 247, 142, -25, 0, 0, 0
L 247, 142, -25, 246, 141, -25, 0, 0, 0
L 258, 150, -25, 247, 142, -25, 0, 0, 0
L 262, 152, -25, 265, 155, -25, 0, 0, 0
L 265, 155, -25, 265, 159, -25, 0, 0, 0
L 265, 159, -25, 266, 161, -25, 0, 0, 0
L 266, 161, -25, 267, 165, -25, 0, 0, 0
L 267, 165, -25, 266, 167, -25, 0, 0, 0
L 266, 167, -25, 265, 168, -26, 0, 0, 0
L 265, 168, -26, 266, 167, -25, 0, 0, 0
L 265, 180, -30, 265, 168, -26, 0, 0, 0
L 265, 182, -29, 265, 183, -29, 0, 0, 0
L 265, 183, -29, 266, 184, -29, 0, 0, 0
L 266, 184, -29, 266, 185, -29, 0, 0, 0
L 266, 185, -29, 267, 186, -29, 0, 0, 0
L 267, 186, -29, 268, 187, -28, 0, 0, 0
L 268, 187, -28, 268, 188, -28, 0, 0, 0
L 268, 188, -28, 272, 191, -25, 0, 0, 0
L 272, 191, -25, 274, 193, -25, 0, 0, 0
L 274, 193, -25, 277, 193, -28, 0, 0, 0
L 277, 193, -28, 274, 193, -25, 0, 0, 0
L 307, 193, -25, 277, 193, -28, 0, 0, 0
L 311, 193, -25, 307, 193, -25, 0, 0, 0
L 320, 192, -25, 321, 192, -25, 0, 0, 0
L 321, 192, -25, 322, 193, -26, 0, 0, 0
L 322, 193, -26, 323, 199, -26, 0, 0, 0
L 323, 199, -26, 322, 200, -26, 0, 0, 0
L 322, 200, -26, 322, 203, -26, 0, 0, 0
L 322, 203, -26, 321, 205, -26, 0, 0, 0
L 321, 205, -26, 320, 206, -26, 0, 0, 0
L 320, 206, -26, 321, 205, -26, 0, 0, 0
L 320, 224, -34, 320, 206, -26, 0, 0, 0
L 320, 226, -35, 320, 227, -36, 0, 0, 0
L 320, 227, -36, 321, 228, -36, 0, 0, 0
L 321, 228, -36, 322, 234, -37, 0, 0, 0
L 322, 234, -37, 322, 235, -37, 0, 0, 0
L 322, 235, -37, 320, 236, -38, 0, 0, 0
L 320, 236, -38, 322, 235, -37, 0, 0, 0
L 320, 251, -44, 320, 236, -38, 0, 0, 0
L 320, 252, -45, 321, 257, -47, 0, 0, 0
L 321, 257, -47, 321, 258, -47, 0, 0, 0
L 321, 258, -47, 322, 264, -47, 0, 0, 0
L 322, 264, -47, 321, 266, -46, 0, 0, 0
L 321, 266, -46, 320, 267, -46, 0, 0, 0
L 320, 267, -46, 321, 266, -46, 0, 0, 0
L 320, 284, -48, 320, 267, -46, 0, 0, 0
L 320, 287, -48, 321, 289, -47, 0, 0, 0
L 321, 289, -47, 321, 290, -47, 0, 0, 0
L 321, 290, -47, 322, 294, -47, 0, 0, 0
L 322, 294, -47, 322, 296, -47, 0, 0, 0
L 322, 296, -47, 321, 297, -46, 0, 0, 0
L 321, 297, -46, 319, 298, -47, 0, 0, 0
L 319, 298, -47, 317, 298, -48, 0, 0, 0
L 317, 298, -48, 315, 297, -48, 0, 0, 0
L 315, 297, -48, 317, 298, -48, 0, 0, 0
L 315, 335, -46, 315, 297, -48, 0, 0, 0
L 314, 336, -46, 312, 337, -47, 0, 0, 0
L 312, 337, -47, 310, 337, -47, 0, 0, 0
L 310, 337, -47, 309, 337, -46, 0, 0, 0
L 309, 337, -46, 307, 335, -46, 0, 0, 0
L 307, 335, -46, 307, 333, -46, 0, 0, 0
L 307, 333, -46, 306, 332, -46, 0, 0, 0
L 306, 332, -46, 303, 331, -46, 0, 0, 0
L 303, 331, -46, 301, 331, -46, 0, 0, 0
L 301, 331, -46, 299, 330, -46, 0, 0, 0
L 299, 330, -46, 297, 328, -46, 0, 0, 0
L 297, 328, -46, 297, 326, -46, 0, 0, 0
L 297, 326, -46, 299, 324, -46, 0, 0, 0
L 299, 324, -46, 300, 324, -46, 0, 0, 0
L 300, 324, -46, 303, 314, -46, 0, 0, 0
L 303, 314, -46, 300, 324, -46, 0, 0, 0
L 304, 312, -46, 308, 312, -46, 0, 0, 0
L 308, 312, -46, 304, 312, -46, 0, 0, 0
L 308, 268, -47, 308, 312, -46, 0, 0, 0
L 308, 266, -46, 307, 265, -46, 0, 0, 0
L 307, 265, -46, 305, 265, -46, 0, 0, 0
L 305, 265, -46, 304, 264, -46, 0, 0, 0
L 304, 264, -46, 303, 264, -46, 0, 0, 0
L 303, 264, -46, 302, 263, -46, 0, 0, 0
L 302, 263, -46, 303, 264, -46, 0, 0, 0
L 292, 263, -46, 302, 263, -46, 0, 0, 0
L 273, 277, -46, 292, 263, -46, 0, 0, 0
L 272, 277, -47, 270, 281, -47, 0, 0, 0
L 270, 281, -47, 271, 282, -47, 0, 0, 0
L 271, 282, -47, 268, 284, -49, 0, 0, 0
L 268, 284, -49, 268, 285, -50, 0, 0, 0
L 268, 285, -50, 266, 285, -50, 0, 0, 0
L 266, 285, -50, 268, 285, -50, 0, 0, 0
L 266, 323, -46, 266, 285, -50, 0, 0, 0
L 266, 324, -46, 266, 323, -46, 0, 0, 0
L 280, 324, -46, 266, 324, -46, 0, 0, 0
L 281, 326, -46, 281, 328, -46, 0, 0, 0
L 281, 328, -46, 280, 329, -46, 0, 0, 0
L 280, 329, -46, 274, 330, -46, 0, 0, 0
L 274, 330, -46, 272, 330, -46, 0, 0, 0
L 272, 330, -46, 270, 330, -45, 0, 0, 0
L 270, 330, -45, 268, 332, -45, 0, 0, 0
L 268, 332, -45, 266, 333, -46, 0, 0, 0
L 266, 333, -46, 268, 332, -45, 0, 0, 0
L 266, 373, -46, 266, 333, -46, 0, 0, 0
L 267, 375, -46, 267, 378, -46, 0, 0, 0
L 267, 378, -46, 268, 380, -46, 0, 0, 0
L 268, 380, -46, 267, 382, -46, 0, 0, 0
L 267, 382, -46, 265, 383, -47, 0, 0, 0
L 265, 383, -47, 262, 383, -47, 0, 0, 0
L 262, 383, -47, 260, 382, -46, 0, 0, 0
L 260, 382, -46, 259, 380, -46, 0, 0, 0
L 259, 380, -46, 259, 379, -46, 0, 0, 0
L 259, 379, -46, 260, 377, -46, 0, 0, 0
L 260, 377, -46, 259, 379, -46, 0, 0, 0
L 260, 355, -46, 260, 377, -46, 0, 0, 0
L 217, 355, -46, 260, 355, -46, 0, 0, 0
L 218, 373, -47, 216, 372, -48, 0, 0, 0
L 216, 372, -48, 214, 370, -48, 0, 0, 0
L 214, 370, -48, 212, 370, -48, 0, 0, 0
L 212, 370, -48, 211, 371, -48, 0, 0, 0
L 211, 371, -48, 212, 371, -48, 0, 0, 0
L 212, 371, -48, 214, 372, -48, 0, 0, 0
L 214, 372, -48, 216, 372, -46, 0, 0, 0
L 216, 372, -46, 217, 373, -46, 0, 0, 0
L 217, 373, -46, 216, 372, -46, 0, 0, 0
L 241, 373, -46, 217, 373, -46, 0, 0, 0
L 242, 374, -46, 241, 373, -46, 0, 0, 0
L 243, 397, -59, 242, 374, -46, 0, 0, 0
L 243, 399, -62, 244, 400, -60, 0, 0, 0
L 244, 400, -60, 243, 399, -62, 0, 0, 0
L 254, 400, -48, 244, 400, -60, 0, 0, 0
L 263, 399, -47, 264, 399, -47, 0, 0, 0
L 264, 399, -47, 266, 400, -46, 0, 0, 0
L 266, 400, -46, 267, 401, -46, 0, 0, 0
L 267, 401, -46, 267, 403, -46, 0, 0, 0
L 267, 403, -46, 266, 405, -46, 0, 0, 0
L 266, 405, -46, 267, 403, -46, 0, 0, 0
L 266, 425, -46, 266, 405, -46, 0, 0, 0
L 268, 426, -45, 269, 428, -45, 0, 0, 0
L 269, 428, -45, 270, 429, -45, 0, 0, 0
L 270, 429, -45, 272, 429, -46, 0, 0, 0
L 272, 429, -46, 270, 429, -45, 0, 0, 0
L 301, 429, -46, 272, 429, -46, 0, 0, 0
L 303, 428, -46, 304, 428, -47, 0, 0, 0
L 304, 428, -47, 308, 426, -47, 0, 0, 0
L 308, 426, -47, 304, 428, -47, 0, 0, 0
L 308, 397, -46, 308, 426, -47, 0, 0, 0
L 307, 355, -46, 308, 397, -46, 0, 0, 0
L 308, 354, -46, 312, 353, -47, 0, 0, 0
L 312, 353, -47, 313, 354, -46, 0, 0, 0
L 313, 354, -46, 315, 354, -47, 0, 0, 0
L 315, 354, -47, 315, 357, -47, 0, 0, 0
L 315, 357, -47, 317, 359, -47, 0, 0, 0
L 317, 359, -47, 319, 359, -47, 0, 0, 0
L 319, 359, -47, 320, 358, -47, 0, 0, 0
L 320, 358, -47, 322, 359, -50, 0, 0, 0
L 322, 359, -50, 323, 360, -55, 0, 0, 0
L 323, 360, -55, 325, 361, -55, 0, 0, 0
L 325, 361, -55, 332, 361, -52, 0, 0, 0
L 332, 361, -52, 334, 361, -50, 0, 0, 0
L 334, 361, -50, 340, 360, -48, 0, 0, 0
L 340, 360, -48, 342, 360, -49, 0, 0, 0
L 342, 360, -49, 347, 359, -46, 0, 0, 0
L 347, 359, -46, 350, 359, -46, 0, 0, 0
L 350, 359, -46, 347, 359, -46, 0, 0, 0
L 350, 337, -46, 350, 359, -46, 0, 0, 0
L 349, 332, -46, 349, 331, -46, 0, 0, 0
L 349, 331, -46, 350, 330, -46, 0, 0, 0
L 350, 330, -46, 353, 329, -47, 0, 0, 0
L 353, 329, -47, 355, 329, -47, 0, 0, 0
L 355, 329, -47, 356, 330, -46, 0, 0, 0
L 356, 330, -46, 357, 332, -46, 0, 0, 0
L 357, 332, -46, 357, 333, -46, 0, 0, 0
L 357, 333, -46, 356, 335, -46, 0, 0, 0
L 356, 335, -46, 357, 333, -46, 0, 0, 0
L 356, 360, -48, 356, 335, -46, 0, 0, 0
L 356, 363, -48, 358, 362, -47, 0, 0, 0
L 358, 362, -47, 358, 364, -46, 0, 0, 0
L 358, 364, -46, 359, 366, -45, 0, 0, 0
L 359, 366, -45, 360, 367, -46, 0, 0, 0
L 360, 367, -46, 359, 366, -45, 0, 0, 0
L 393, 367, -46, 360, 367, -46, 0, 0, 0
L 396, 366, -46, 398, 365, -46, 0, 0, 0
L 398, 365, -46, 399, 364, -46, 0, 0, 0
L 399, 364, -46, 400, 364, -46, 0, 0, 0
L 400, 364, -46, 403, 363, -47, 0, 0, 0
L 403, 363, -47, 405, 363, -47, 0, 0, 0
L 405, 363, -47, 406, 364, -48, 0, 0, 0
L 406, 364, -48, 405, 363, -47, 0, 0, 0
L 419, 364, -61, 406, 364, -48, 0, 0, 0
L 421, 364, -62, 423, 364, -61, 0, 0, 0
L 423, 364, -61, 423, 362, -59, 0, 0, 0
L 423, 362, -59, 423, 364, -61, 0, 0, 0
L 423, 341, -46, 423, 362, -59, 0, 0, 0
L 423, 339, -46, 424, 338, -46, 0, 0, 0
L 424, 338, -46, 423, 339, -46, 0, 0, 0
L 443, 337, -46, 424, 338, -46, 0, 0, 0
L 448, 337, -46, 443, 337, -46, 0, 0, 0
L 458, 336, -46, 448, 337, -46, 0, 0, 0
L 459, 336, -46, 460, 338, -46, 0, 0, 0
L 460, 338, -46, 459, 336, -46, 0, 0, 0
L 477, 338, -48, 460, 338, -46, 0, 0, 0
L 479, 368, -39, 479, 343, -31, 0, 0, 0
L 479, 370, -38, 479, 371, -37, 0, 0, 0
L 479, 371, -37, 482, 371, -35, 0, 0, 0
L 482, 371, -35, 484, 371, -34, 0, 0, 0
L 484, 371, -34, 482, 371, -35, 0, 0, 0
L 603, 371, -37, 484, 371, -34, 0, 0, 0
L 604, 368, -41, 604, 365, -44, 0, 0, 0
L 604, 365, -44, 605, 364, -44, 0, 0, 0
L 605, 364, -44, 605, 363, -44, 0, 0, 0
L 605, 363, -44, 606, 361, -44, 0, 0, 0
L 606, 361, -44, 607, 359, -43, 0, 0, 0
L 607, 359, -43, 608, 358, -43, 0, 0, 0
L 608, 358, -43, 613, 356, -43, 0, 0, 0
L 613, 356, -43, 615, 355, -43, 0, 0, 0
L 615, 355, -43, 615, 354, -43, 0, 0, 0
L 615, 354, -43, 619, 352, -43, 0, 0, 0
L 619, 352, -43, 620, 352, -43, 0, 0, 0
L 620, 352, -43, 621, 351, -43, 0, 0, 0
L 621, 351, -43, 623, 350, -43, 0, 0, 0
L 623, 350, -43, 625, 348, -43, 0, 0, 0
L 625, 348, -43, 627, 345, -43, 0, 0, 0
L 627, 345, -43, 628, 344, -43, 0, 0, 0
L 628, 344, -43, 628, 342, -43, 0, 0, 0
L 628, 342, -43, 628, 341, -44, 0, 0, 0
L 628, 341, -44, 626, 337, -44, 0, 0, 0
L 626, 337, -44, 625, 336, -44, 0, 0, 0
L 625, 336, -44, 625, 332, -44, 0, 0, 0
L 625, 332, -44, 626, 332, -44, 0, 0, 0
L 626, 332, -44, 626, 331, -44, 0, 0, 0
L 626, 331, -44, 628, 330, -43, 0, 0, 0
L 628, 330, -43, 629, 329, -45, 0, 0, 0
L 629, 329, -45, 633, 329, -45, 0, 0, 0
L 633, 329, -45, 635, 328, -45, 0, 0, 0
L 635, 328, -45, 640, 329, -45, 0, 0, 0
L 640, 329, -45, 641, 329, -47, 0, 0, 0
L 641, 329, -47, 650, 331, -53, 0, 0, 0
L 650, 331, -53, 651, 331, -53, 0, 0, 0
L 651, 331, -53, 655, 331, -56, 0, 0, 0
L 655, 331, -56, 657, 332, -57, 0, 0, 0
L 657, 332, -57, 659, 332, -57, 0, 0, 0
L 659, 332, -57, 667, 332, -59, 0, 0, 0
L 667, 332, -59, 669, 332, -60, 0, 0, 0
L 669, 332, -60, 670, 332, -59, 0, 0, 0
L 670, 332, -59, 676, 331, -55, 0, 0, 0
L 676, 331, -55, 677, 331, -54, 0, 0, 0
L 677, 331, -54, 679, 331, -55, 0, 0, 0
L 679, 331, -55, 678, 333, -58, 0, 0, 0
L 678, 333, -58, 677, 334, -59, 0, 0, 0
L 677, 334, -59, 678, 333, -58, 0, 0, 0
L 677, 344, -60, 677, 334, -59, 0, 0, 0
L 677, 346, -60, 677, 344, -60, 0, 0, 0
L 678, 357, -67, 677, 346, -60, 0, 0, 0
L 678, 358, -67, 678, 357, -67, 0, 0, 0
L 677, 410, -83, 678, 358, -67, 0, 0, 0
L 677, 411, -84, 677, 418, -82, 0, 0, 0
L 677, 418, -82, 677, 419, -82, 0, 0, 0
L 677, 419, -82, 677, 420, -81, 0, 0, 0
L 677, 420, -81, 678, 421, -80, 0, 0, 0
L 678, 421, -80, 678, 422, -80, 0, 0, 0
L 678, 422, -80, 681, 431, -79, 0, 0, 0
L 681, 431, -79, 682, 432, -79, 0, 0, 0
L 682, 432, -79, 682, 434, -79, 0, 0, 0
L 682, 434, -79, 686, 438, -80, 0, 0, 0
L 686, 438, -80, 687, 439, -80, 0, 0, 0
L 687, 439, -80, 688, 440, -81, 0, 0, 0
L 688, 440, -81, 689, 440, -81, 0, 0, 0
L 689, 440, -81, 691, 440, -80, 0, 0, 0
L 691, 440, -80, 693, 441, -80, 0, 0, 0
L 693, 441, -80, 691, 440, -80, 0, 0, 0
L 704, 440, -79, 693, 441, -80, 0, 0, 0
L 724, 440, -88, 704, 440, -79, 0, 0, 0
L 733, 440, -89, 724, 440, -88, 0, 0, 0
L 743, 440, -91, 733, 440, -89, 0, 0, 0
L 752, 441, -97, 743, 440, -91, 0, 0, 0
L 754, 441, -97, 752, 441, -97, 0, 0, 0
L 764, 439, -97, 754, 441, -97, 0, 0, 0
L 768, 448, -93, 768, 450, -93, 0, 0, 0
L 768, 450, -93, 769, 451, -93, 0, 0, 0
L 769, 451, -93, 778, 451, -93, 0, 0, 0
L 778, 451, -93, 769, 451, -93, 0, 0, 0
L 819, 451, -98, 778, 451, -93, 0, 0, 0
L 820, 451, -98, 829, 450, -97, 0, 0, 0
L 829, 450, -97, 830, 450, -97, 0, 0, 0
L 830, 450, -97, 829, 450, -97, 0, 0, 0
L 830, 436, -98, 830, 450, -97, 0, 0, 0
L 830, 433, -98, 829, 432, -98, 0, 0, 0
L 829, 432, -98, 829, 430, -97, 0, 0, 0
L 829, 430, -97, 828, 427, -97, 0, 0, 0
L 828, 427, -97, 828, 425, -96, 0, 0, 0
L 828, 425, -96, 828, 421, -95, 0, 0, 0
L 828, 421, -95, 828, 420, -94, 0, 0, 0
L 828, 420, -94, 827, 417, -93, 0, 0, 0
L 827, 417, -93, 827, 415, -93, 0, 0, 0
L 827, 415, -93, 825, 412, -93, 0, 0, 0
L 825, 412, -93, 824, 411, -93, 0, 0, 0
L 824, 411, -93, 824, 409, -93, 0, 0, 0
L 824, 409, -93, 823, 408, -93, 0, 0, 0
L 823, 408, -93, 823, 404, -93, 0, 0, 0
L 823, 404, -93, 822, 403, -93, 0, 0, 0
L 822, 403, -93, 822, 399, -95, 0, 0, 0
L 822, 399, -95, 822, 398, -95, 0, 0, 0
L 822, 398, -95, 822, 394, -94, 0, 0, 0
L 822, 394, -94, 821, 393, -95, 0, 0, 0
L 821, 393, -95, 821, 388, -94, 0, 0, 0
L 821, 388, -94, 821, 386, -96, 0, 0, 0
L 821, 386, -96, 820, 381, -95, 0, 0, 0
L 820, 381, -95, 821, 379, -93, 0, 0, 0
L 821, 379, -93, 825, 378, -93, 0, 0, 0
L 825, 378, -93, 827, 378, -93, 0, 0, 0
L 827, 378, -93, 828, 377, -93, 0, 0, 0
L 828, 377, -93, 829, 375, -93, 0, 0, 0
L 829, 375, -93, 828, 373, -93, 0, 0, 0
L 828, 373, -93, 827, 372, -93, 0, 0, 0
L 827, 372, -93, 827, 369, -93, 0, 0, 0
L 827, 369, -93, 828, 368, -93, 0, 0, 0
L 828, 368, -93, 830, 368, -93, 0, 0, 0
L 830, 368, -93, 830, 363, -93, 0, 0, 0
L 830, 363, -93, 828, 361, -93, 0, 0, 0
L 828, 361, -93, 828, 360, -93, 0, 0, 0
L 828, 360, -93, 826, 359, -93, 0, 0, 0
L 826, 359, -93, 822, 359, -93, 0, 0, 0
L 822, 359, -93, 821, 359, -94, 0, 0, 0
L 821, 359, -94, 819, 360, -96, 0, 0, 0
L 819, 360, -96, 818, 361, -97, 0, 0, 0
L 818, 361, -97, 817, 363, -97, 0, 0, 0
L 817, 363, -97, 815, 363, -97, 0, 0, 0
L 815, 363, -97, 810, 361, -97, 0, 0, 0
L 810, 361, -97, 808, 360, -97, 0, 0, 0
L 808, 360, -97, 807, 358, -99, 0, 0, 0
L 807, 358, -99, 808, 357, -101, 0, 0, 0
L 808, 357, -101, 809, 355, -102, 0, 0, 0
L 809, 355, -102, 811, 353, -104, 0, 0, 0
L 811, 353, -104, 812, 352, -103, 0, 0, 0
L 812, 352, -103, 812, 345, -105, 0, 0, 0
L 812, 345, -105, 813, 344, -105, 0, 0, 0
L 813, 344, -105, 813, 336, -110, 0, 0, 0
L 813, 336, -110, 813, 334, -111, 0, 0, 0
L 813, 334, -111, 814, 333, -110, 0, 0, 0
L 814, 333, -110, 816, 332, -111, 0, 0, 0
L 816, 332, -111, 820, 330, -109, 0, 0, 0
L 820, 330, -109, 821, 331, -113, 0, 0, 0
L 821, 331, -113, 823, 332, -115, 0, 0, 0
L 823, 332, -115, 824, 332, -115, 0, 0, 0
L 824, 332, -115, 828, 332, -113, 0, 0, 0
L 828, 332, -113, 824, 332, -115, 0, 0, 0
L 828, 319, -111, 828, 332, -113, 0, 0, 0
L 828, 318, -110, 829, 317, -110, 0, 0, 0
L 829, 317, -110, 829, 316, -110, 0, 0, 0
L 829, 316, -110, 829, 314, -109, 0, 0, 0
L 829, 314, -109, 828, 316, -109, 0, 0, 0
L 828, 316, -109, 827, 315, -108, 0, 0, 0
L 827, 315, -108, 826, 314, -108, 0, 0, 0
L 826, 314, -108, 825, 314, -108, 0, 0, 0
L 825, 314, -108, 824, 313, -108, 0, 0, 0
L 824, 313, -108, 823, 313, -109, 0, 0, 0
L 823, 313, -109, 822, 312, -109, 0, 0, 0
L 822, 312, -109, 818, 312, -109, 0, 0, 0
L 818, 312, -109, 813, 311, -109, 0, 0, 0
L 813, 311, -109, 812, 311, -109, 0, 0, 0
L 812, 311, -109, 810, 312, -109, 0, 0, 0
L 810, 312, -109, 809, 312, -109, 0, 0, 0
L 809, 312, -109, 806, 313, -108, 0, 0, 0
L 806, 313, -108, 804, 314, -109, 0, 0, 0
L 804, 314, -109, 802, 314, -109, 0, 0, 0
L 802, 314, -109, 800, 315, -110, 0, 0, 0
L 800, 315, -110, 793, 321, -113, 0, 0, 0
L 793, 321, -113, 792, 322, -113, 0, 0, 0
L 792, 322, -113, 792, 324, -114, 0, 0, 0
L 792, 324, -114, 792, 326, -113, 0, 0, 0
L 792, 326, -113, 794, 328, -109, 0, 0, 0
L 794, 328, -109, 793, 330, -110, 0, 0, 0
L 793, 330, -110, 793, 332, -110, 0, 0, 0
L 793, 332, -110, 792, 333, -111, 0, 0, 0
L 792, 333, -111, 794, 335, -109, 0, 0, 0
L 794, 335, -109, 794, 337, -107, 0, 0, 0
L 794, 337, -107, 794, 341, -105, 0, 0, 0
L 794, 341, -105, 794, 342, -105, 0, 0, 0
L 794, 342, -105, 793, 343, -105, 0, 0, 0
L 793, 343, -105, 793, 345, -105, 0, 0, 0
L 793, 345, -105, 793, 343, -105, 0, 0, 0
L 793, 356, -100, 793, 345, -105, 0, 0, 0
L 793, 358, -100, 791, 359, -97, 0, 0, 0
L 791, 359, -97, 790, 360, -97, 0, 0, 0
L 790, 360, -97, 789, 359, -97, 0, 0, 0
L 789, 359, -97, 782, 359, -105, 0, 0, 0
L 782, 359, -105, 789, 359, -97, 0, 0, 0
L 773, 359, -109, 782, 359, -105, 0, 0, 0
L 769, 359, -109, 769, 365, -103, 0, 0, 0
L 769, 365, -103, 770, 366, -102, 0, 0, 0
L 770, 366, -102, 770, 367, -102, 0, 0, 0
L 770, 367, -102, 771, 369, -101, 0, 0, 0
L 771, 369, -101, 771, 370, -99, 0, 0, 0
L 771, 370, -99, 770, 372, -97, 0, 0, 0
L 770, 372, -97, 770, 374, -97, 0, 0, 0
L 770, 374, -97, 769, 376, -97, 0, 0, 0
L 769, 376, -97, 769, 377, -96, 0, 0, 0
L 769, 377, -96, 769, 378, -96, 0, 0, 0
L 769, 378, -96, 768, 381, -93, 0, 0, 0
L 768, 381, -93, 769, 378, -96, 0, 0, 0
L 768, 401, -93, 768, 381, -93, 0, 0, 0
L 770, 402, -93, 771, 403, -93, 0, 0, 0
L 771, 403, -93, 771, 408, -93, 0, 0, 0
L 771, 408, -93, 771, 403, -93, 0, 0, 0
L 771, 414, -96, 772, 415, -96, 0, 0, 0
L 772, 415, -96, 772, 421, -97, 0, 0, 0
L 772, 421, -97, 772, 422, -96, 0, 0, 0
L 772, 422, -96, 769, 422, -102, 0, 0, 0
L 769, 422, -102, 767, 422, -103, 0, 0, 0
L 767, 422, -103, 766, 423, -103, 0, 0, 0
L 766, 423, -103, 766, 425, -100, 0, 0, 0
L 766, 425, -100, 763, 425, -99, 0, 0, 0
L 763, 425, -99, 762, 425, -98, 0, 0, 0
L 762, 425, -98, 761, 424, -96, 0, 0, 0
L 761, 424, -96, 760, 423, -98, 0, 0, 0
L 760, 423, -98, 759, 422, -99, 0, 0, 0
L 759, 422, -99, 757, 421, -99, 0, 0, 0
L 757, 421, -99, 759, 422, -99, 0, 0, 0
L 748, 421, -94, 747, 421, -93, 0, 0, 0
L 747, 421, -93, 744, 420, -94, 0, 0, 0
L 744, 420, -94, 743, 420, -94, 0, 0, 0
L 743, 420, -94, 744, 420, -94, 0, 0, 0
L 729, 421, -91, 743, 420, -94, 0, 0, 0
L 720, 421, -86, 729, 421, -91, 0, 0, 0
L 714, 421, -85, 712, 421, -83, 0, 0, 0
L 712, 421, -83, 714, 421, -85, 0, 0, 0
L 702, 421, -80, 712, 421, -83, 0, 0, 0
L 700, 421, -80, 699, 420, -81, 0, 0, 0
L 699, 420, -81, 699, 418, -81, 0, 0, 0
L 699, 418, -81, 698, 417, -80, 0, 0, 0
L 698, 417, -80, 697, 415, -79, 0, 0, 0
L 697, 415, -79, 697, 412, -79, 0, 0, 0
L 697, 412, -79, 698, 410, -79, 0, 0, 0
L 698, 410, -79, 698, 405, -80, 0, 0, 0
L 698, 405, -80, 698, 404, -79, 0, 0, 0
L 698, 404, -79, 697, 401, -77, 0, 0, 0
L 697, 401, -77, 697, 399, -76, 0, 0, 0
L 697, 399, -76, 698, 397, -78, 0, 0, 0
L 698, 397, -78, 699, 396, -79, 0, 0, 0
L 699, 396, -79, 699, 393, -79, 0, 0, 0
L 699, 393, -79, 699, 387, -73, 0, 0, 0
L 699, 387, -73, 699, 386, -73, 0, 0, 0
L 699, 386, -73, 699, 387, -73, 0, 0, 0
L 698, 373, -69, 699, 386, -73, 0, 0, 0
L 698, 372, -69, 699, 368, -69, 0, 0, 0
L 699, 368, -69, 699, 367, -68, 0, 0, 0
L 699, 367, -68, 699, 368, -69, 0, 0, 0
L 698, 351, -63, 699, 367, -68, 0, 0, 0
L 698, 350, -63, 699, 346, -60, 0, 0, 0
L 699, 346, -60, 699, 345, -59, 0, 0, 0
L 699, 345, -59, 699, 346, -60, 0, 0, 0
L 698, 331, -57, 699, 345, -59, 0, 0, 0
L 698, 324, -57, 697, 322, -57, 0, 0, 0
L 697, 322, -57, 697, 321, -56, 0, 0, 0
L 697, 321, -56, 695, 321, -54, 0, 0, 0
L 695, 321, -54, 694, 319, -55, 0, 0, 0
L 694, 319, -55, 692, 316, -56, 0, 0, 0
L 692, 316, -56, 690, 314, -54, 0, 0, 0
L 690, 314, -54, 687, 313, -55, 0, 0, 0
L 687, 313, -55, 686, 312, -55, 0, 0, 0
L 686, 312, -55, 682, 312, -55, 0, 0, 0
L 682, 312, -55, 680, 311, -56, 0, 0, 0
L 680, 311, -56, 676, 311, -57, 0, 0, 0
L 676, 311, -57, 674, 311, -57, 0, 0, 0
L 674, 311, -57, 672, 310, -59, 0, 0, 0
L 672, 310, -59, 671, 310, -60, 0, 0, 0
L 671, 310, -60, 665, 310, -59, 0, 0, 0
L 665, 310, -59, 664, 310, -58, 0, 0, 0
L 664, 310, -58, 660, 311, -55, 0, 0, 0
L 660, 311, -55, 656, 313, -51, 0, 0, 0
L 656, 313, -51, 653, 313, -50, 0, 0, 0
L 653, 313, -50, 652, 313, -51, 0, 0, 0
L 652, 313, -51, 649, 311, -53, 0, 0, 0
L 649, 311, -53, 647, 310, -53, 0, 0, 0
L 647, 310, -53, 649, 311, -53, 0, 0, 0
L 637, 312, -45, 647, 310, -53, 0, 0, 0
L 636, 312, -45, 631, 313, -45, 0, 0, 0
L 631, 313, -45, 630, 313, -45, 0, 0, 0
L 630, 313, -45, 629, 313, -43, 0, 0, 0
L 629, 313, -43, 627, 311, -43, 0, 0, 0
L 627, 311, -43, 627, 308, -43, 0, 0, 0
L 627, 308, -43, 628, 307, -43, 0, 0, 0
L 628, 307, -43, 628, 299, -43, 0, 0, 0
L 628, 299, -43, 628, 307, -43, 0, 0, 0
L 618, 284, -43, 628, 299, -43, 0, 0, 0
L 617, 283, -43, 615, 281, -45, 0, 0, 0
L 615, 281, -45, 617, 283, -43, 0, 0, 0
L 609, 272, -49, 609, 271, -49, 0, 0, 0
L 609, 271, -49, 608, 268, -48, 0, 0, 0
L 608, 268, -48, 608, 266, -47, 0, 0, 0
L 608, 266, -47, 607, 265, -46, 0, 0, 0
L 607, 265, -46, 607, 264, -45, 0, 0, 0
L 607, 264, -45, 606, 263, -38, 0, 0, 0
L 606, 263, -38, 605, 260, -33, 0, 0, 0
L 605, 260, -33, 603, 257, -31, 0, 0, 0
L 603, 257, -31, 600, 252, -31, 0, 0, 0
L 600, 252, -31, 599, 250, -31, 0, 0, 0
L 599, 250, -31, 598, 249, -32, 0, 0, 0
L 598, 249, -32, 597, 248, -32, 0, 0, 0
L 597, 248, -32, 597, 247, -32, 0, 0, 0
L 597, 247, -32, 596, 246, -33, 0, 0, 0
L 596, 246, -33, 595, 246, -33, 0, 0, 0
L 595, 246, -33, 594, 245, -33, 0, 0, 0
L 594, 245, -33, 593, 244, -34, 0, 0, 0
L 593, 244, -34, 592, 243, -34, 0, 0, 0
L 592, 243, -34, 591, 243, -34, 0, 0, 0
L 591, 243, -34, 590, 242, -34, 0, 0, 0
L 590, 242, -34, 589, 242, -34, 0, 0, 0
L 589, 242, -34, 588, 241, -34, 0, 0, 0
L 588, 241, -34, 587, 241, -35, 0, 0, 0
L 587, 241, -35, 581, 241, -35, 0, 0, 0
L 581, 241, -35, 587, 241, -35, 0, 0, 0
L 576, 241, -33, 574, 241, -33, 0, 0, 0
L 574, 241, -33, 573, 241, -32, 0, 0, 0
L 573, 241, -32, 571, 241, -32, 0, 0, 0
L 571, 241, -32, 570, 242, -45, 0, 0, 0
L 570, 242, -45, 570, 244, -45, 0, 0, 0
L 570, 244, -45, 568, 245, -46, 0, 0, 0
L 568, 245, -46, 566, 247, -46, 0, 0, 0
L 566, 247, -46, 568, 251, -46, 0, 0, 0
L 568, 251, -46, 565, 243, -52, 0, 0, 0
L 565, 243, -52, 565, 241, -53, 0, 0, 0
L 565, 241, -53, 565, 243, -52, 0, 0, 0
L 564, 229, -46, 565, 241, -53, 0, 0, 0
L 564, 227, -46, 563, 226, -46, 0, 0, 0
L 563, 226, -46, 563, 223, -46, 0, 0, 0
L 563, 223, -46, 563, 226, -46, 0, 0, 0
L 562, 213, -47, 563, 223, -46, 0, 0, 0
L 562, 212, -45, 563, 211, -45, 0, 0, 0
L 563, 211, -45, 562, 212, -45, 0, 0, 0
L 563, 159, -46, 563, 211, -45, 0, 0, 0
L 563, 157, -47, 563, 156, -47, 0, 0, 0
L 563, 156, -47, 562, 147, -47, 0, 0, 0
L 562, 147, -47, 562, 146, -46, 0, 0, 0
L 562, 146, -46, 563, 144, -45, 0, 0, 0
L 563, 144, -45, 565, 143, -44, 0, 0, 0
L 565, 143, -44, 565, 142, -44, 0, 0, 0
L 565, 142, -44, 567, 143, -44, 0, 0, 0
L 567, 143, -44, 569, 145, -46, 0, 0, 0
L 569, 145, -46, 574, 145, -46, 0, 0, 0
L 574, 145, -46, 569, 145, -46, 0, 0, 0
L 574, 126, -46, 574, 145, -46, 0, 0, 0
L 575, 125, -46, 574, 126, -46, 0, 0, 0
L 593, 124, -47, 575, 125, -46, 0, 0, 0
L 594, 124, -46, 595, 124, -46, 0, 0, 0
L 595, 124, -46, 594, 120, -46, 0, 0, 0
L 594, 120, -46, 594, 118, -46, 0, 0, 0
L 594, 118, -46, 595, 117, -47, 0, 0, 0
L 595, 117, -47, 600, 116, -47, 0, 0, 0
L 600, 116, -47, 601, 116, -47, 0, 0, 0
L 601, 116, -47, 602, 117, -47, 0, 0, 0
L 602, 117, -47, 606, 117, -46, 0, 0, 0
L 606, 117, -46, 607, 117, -46, 0, 0, 0
L 607, 117, -46, 608, 122, -46, 0, 0, 0
L 608, 122, -46, 608, 123, -46, 0, 0, 0
L 608, 123, -46, 607, 124, -46, 0, 0, 0
L 607, 124, -46, 608, 123, -46, 0, 0, 0
L 607, 147, -46, 607, 124, -46, 0, 0, 0
L 610, 147, -46, 612, 147, -45, 0, 0, 0
L 612, 147, -45, 617, 147, -45, 0, 0, 0
L 617, 147, -45, 612, 147, -45, 0, 0, 0
L 626, 147, -47, 617, 147, -45, 0, 0, 0
L 631, 146, -48, 633, 146, -49, 0, 0, 0
L 633, 146, -49, 635, 147, -49, 0, 0, 0
L 635, 147, -49, 638, 147, -49, 0, 0, 0
L 638, 147, -49, 641, 145, -50, 0, 0, 0
L 641, 145, -50, 643, 144, -46, 0, 0, 0
L 643, 144, -46, 644, 143, -46, 0, 0, 0
L 644, 143, -46, 647, 143, -46, 0, 0, 0
L 647, 143, -46, 652, 142, -44, 0, 0, 0
L 652, 142, -44, 654, 142, -43, 0, 0, 0
L 654, 142, -43, 654, 144, -44, 0, 0, 0
L 654, 144, -44, 655, 145, -44, 0, 0, 0
L 655, 145, -44, 656, 146, -45, 0, 0, 0
L 656, 146, -45, 657, 146, -46, 0, 0, 0
L 657, 146, -46, 658, 147, -46, 0, 0, 0
L 658, 147, -46, 662, 147, -46, 0, 0, 0
L 662, 147, -46, 663, 146, -46, 0, 0, 0
L 663, 146, -46, 664, 140, -46, 0, 0, 0
L 664, 140, -46, 664, 138, -46, 0, 0, 0
L 664, 138, -46, 669, 133, -46, 0, 0, 0
L 669, 133, -46, 671, 132, -46, 0, 0, 0
L 671, 132, -46, 671, 130, -46, 0, 0, 0
L 671, 130, -46, 672, 129, -46, 0, 0, 0
L 672, 129, -46, 672, 127, -46, 0, 0, 0
L 672, 127, -46, 674, 126, -46, 0, 0, 0
L 674, 126, -46, 677, 127, -46, 0, 0, 0
L 677, 127, -46, 679, 127, -47, 0, 0, 0
L 679, 127, -47, 680, 127, -48, 0, 0, 0
L 680, 127, -48, 682, 127, -49, 0, 0, 0
L 682, 127, -49, 683, 125, -49, 0, 0, 0
L 683, 125, -49, 683, 122, -48, 0, 0, 0
L 683, 122, -48, 683, 121, -49, 0, 0, 0
L 683, 121, -49, 684, 119, -49, 0, 0, 0
L 684, 119, -49, 684, 114, -49, 0, 0, 0
L 684, 114, -49, 684, 112, -50, 0, 0, 0
L 684, 112, -50, 685, 111, -50, 0, 0, 0
L 685, 111, -50, 685, 109, -50, 0, 0, 0
L 685, 109, -50, 686, 107, -50, 0, 0, 0
L 686, 107, -50, 685, 105, -51, 0, 0, 0
L 685, 105, -51, 685, 104, -51, 0, 0, 0
L 685, 104, -51, 684, 102, -51, 0, 0, 0
L 684, 102, -51, 683, 99, -50, 0, 0, 0
L 683, 99, -50, 683, 97, -50, 0, 0, 0
L 683, 97, -50, 684, 96, -50, 0, 0, 0
L 684, 96, -50, 683, 97, -50, 0, 0, 0
L 684, 73, -50, 684, 96, -50, 0, 0, 0
L 673, 73, -51, 684, 73, -50, 0, 0, 0
L 669, 73, -51, 668, 73, -50, 0, 0, 0
L 668, 73, -50, 666, 74, -50, 0, 0, 0
L 666, 74, -50, 668, 73, -50, 0, 0, 0
L 656, 74, -47, 666, 74, -50, 0, 0, 0
L 654, 74, -46, 653, 73, -46, 0, 0, 0
L 653, 73, -46, 652, 64, -47, 0, 0, 0
L 652, 64, -47, 652, 63, -46, 0, 0, 0
L 652, 63, -46, 653, 62, -46, 0, 0, 0
L 653, 62, -46, 652, 63, -46, 0, 0, 0
L 653, 46, -46, 653, 62, -46, 0, 0, 0
L 654, 44, -46, 655, 43, -46, 0, 0, 0
L 655, 43, -46, 655, 41, -47, 0, 0, 0
L 655, 41, -47, 655, 43, -46, 0, 0, 0
L 655, 27, -47, 655, 41, -47, 0, 0, 0
L 655, 25, -46, 654, 24, -46, 0, 0, 0
L 654, 24, -46, 654, 22, -46, 0, 0, 0
L 654, 22, -46, 654, 24, -46, 0, 0, 0
L 653, 10, -51, 654, 22, -46, 0, 0, 0
L 653, 8, -51, 652, 7, -51, 0, 0, 0
L 652, 7, -51, 648, 6, -50, 0, 0, 0
L 648, 6, -50, 652, 7, -51, 0, 0, 0
L 639, 7, -49, 648, 6, -50, 0, 0, 0
L 635, 7, -49, 635, 9, -48, 0, 0, 0
L 635, 9, -48, 635, 7, -49, 0, 0, 0
L 635, 58, -46, 635, 9, -48, 0, 0, 0
L 636, 62, -47, 636, 64, -47, 0, 0, 0
L 636, 64, -47, 637, 71, -47, 0, 0, 0
L 637, 71, -47, 637, 72, -46, 0, 0, 0
L 637, 72, -46, 636, 73, -46, 0, 0, 0
L 636, 73, -46, 633, 74, -46, 0, 0, 0
L 633, 74, -46, 631, 74, -46, 0, 0, 0
L 631, 74, -46, 630, 73, -46, 0, 0, 0
L 630, 73, -46, 631, 74, -46, 0, 0, 0
L 615, 73, -46, 630, 73, -46, 0, 0, 0
L 613, 74, -46, 610, 77, -46, 0, 0, 0
L 610, 77, -46, 607, 77, -46, 0, 0, 0
L 607, 77, -46, 610, 77, -46, 0, 0, 0
L 607, 94, -46, 607, 77, -46, 0, 0, 0
L 608, 98, -46, 608, 100, -46, 0, 0, 0
L 608, 100, -46, 607, 102, -47, 0, 0, 0
L 607, 102, -47, 601, 102, -47, 0, 0, 0
L 601, 102, -47, 600, 101, -47, 0, 0, 0
L 600, 101, -47, 596, 102, -46, 0, 0, 0
L 596, 102, -46, 594, 102, -46, 0, 0, 0
L 594, 102, -46, 596, 102, -46, 0, 0, 0
L 594, 91, -46, 594, 102, -46, 0, 0, 0
L 595, 89, -49, 595, 81, -46, 0, 0, 0
L 595, 81, -46, 595, 89, -49, 0, 0, 0
L 595, 77, -46, 594, 76, -46, 0, 0, 0
L 594, 76, -46, 592, 72, -46, 0, 0, 0
L 592, 72, -46, 591, 71, -46, 0, 0, 0
L 591, 71, -46, 582, 71, -50, 0, 0, 0
L 582, 71, -50, 591, 71, -46, 0, 0, 0
L 572, 71, -50, 582, 71, -50, 0, 0, 0
L 560, 72, -50, 572, 71, -50, 0, 0, 0
L 550, 73, -47, 560, 72, -50, 0, 0, 0
L 548, 74, -46, 547, 73, -46, 0, 0, 0
L 547, 73, -46, 545, 72, -47, 0, 0, 0
L 545, 72, -47, 544, 71, -47, 0, 0, 0
L 544, 71, -47, 545, 72, -47, 0, 0, 0
L 544, 54, -52, 544, 71, -47, 0, 0, 0
L 544, 53, -52, 543, 51, -52, 0, 0, 0
L 543, 51, -52, 541, 51, -54, 0, 0, 0
L 541, 51, -54, 540, 51, -57, 0, 0, 0
L 540, 51, -57, 536, 52, -61, 0, 0, 0
L 536, 52, -61, 535, 53, -62, 0, 0, 0
L 535, 53, -62, 533, 53, -64, 0, 0, 0
L 533, 53, -64, 531, 55, -64, 0, 0, 0
L 531, 55, -64, 529, 56, -63, 0, 0, 0
L 529, 56, -63, 529, 62, -51, 0, 0, 0
L 529, 62, -51, 529, 63, -48, 0, 0, 0
L 529, 63, -48, 530, 70, -47, 0, 0, 0
L 530, 70, -47, 530, 72, -46, 0, 0, 0
L 530, 72, -46, 524, 72, -46, 0, 0, 0
L 524, 72, -46, 522, 71, -46, 0, 0, 0
L 522, 71, -46, 518, 71, -46, 0, 0, 0
L 518, 71, -46, 518, 73, -46, 0, 0, 0
L 518, 73, -46, 519, 74, -46, 0, 0, 0
L 519, 74, -46, 520, 74, -46, 0, 0, 0
L 520, 74, -46, 521, 77, -46, 0, 0, 0
L 521, 77, -46, 520, 79, -46, 0, 0, 0
L 520, 79, -46, 520, 83, -45, 0, 0, 0
L 520, 83, -45, 520, 84, -44, 0, 0, 0
L 520, 84, -44, 513, 85, -47, 0, 0, 0
L 513, 85, -47, 512, 85, -47, 0, 0, 0
L 512, 85, -47, 511, 84, -47, 0, 0, 0
L 511, 84, -47, 510, 83, -48, 0, 0, 0
L 510, 83, -48, 508, 83, -50, 0, 0, 0
L 508, 83, -50, 510, 83, -48, 0, 0, 0
L 499, 83, -52, 508, 83, -50, 0, 0, 0
L 497, 83, -55, 496, 83, -62, 0, 0, 0
L 496, 83, -62, 494, 84, -64, 0, 0, 0
L 494, 84, -64, 493, 86, -66, 0, 0, 0
L 493, 86, -66, 493, 93, -70, 0, 0, 0
L 493, 93, -70, 493, 94, -70, 0, 0, 0
L 493, 94, -70, 494, 96, -69, 0, 0, 0
L 494, 96, -69, 494, 98, -69, 0, 0, 0
L 494, 98, -69, 495, 100, -68, 0, 0, 0
L 495, 100, -68, 496, 101, -66, 0, 0, 0
L 496, 101, -66, 495, 100, -68, 0, 0, 0
L 506, 101, -50, 496, 101, -66, 0, 0, 0
L 507, 101, -49, 509, 101, -49, 0, 0, 0
L 509, 101, -49, 511, 101, -48, 0, 0, 0
L 511, 101, -48, 512, 100, -48, 0, 0, 0
L 512, 100, -48, 514, 100, -47, 0, 0, 0
L 514, 100, -47, 518, 100, -47, 0, 0, 0
L 518, 100, -47, 519, 102, -46, 0, 0, 0
L 519, 102, -46, 519, 103, -46, 0, 0, 0
L 519, 103, -46, 521, 104, -46, 0, 0, 0
L 521, 104, -46, 521, 106, -48, 0, 0, 0
L 521, 106, -48, 522, 109, -51, 0, 0, 0
L 522, 109, -51, 522, 111, -51, 0, 0, 0
L 522, 111, -51, 520, 113, -51, 0, 0, 0
L 520, 113, -51, 518, 114, -50, 0, 0, 0
L 518, 114, -50, 520, 113, -51, 0, 0, 0
L 518, 144, -46, 518, 114, -50, 0, 0, 0
L 518, 145, -46, 518, 144, -46, 0, 0, 0
L 540, 145, -46, 518, 145, -46, 0, 0, 0
L 541, 144, -46, 544, 144, -46, 0, 0, 0
L 544, 144, -46, 546, 145, -46, 0, 0, 0
L 546, 145, -46, 547, 150, -47, 0, 0, 0
L 547, 150, -47, 546, 152, -47, 0, 0, 0
L 546, 152, -47, 546, 155, -47, 0, 0, 0
L 546, 155, -47, 545, 156, -46, 0, 0, 0
L 545, 156, -46, 546, 155, -47, 0, 0, 0
L 545, 174, -46, 545, 156, -46, 0, 0, 0
L 543, 175, -47, 545, 174, -46, 0, 0, 0
L 543, 190, -48, 543, 175, -47, 0, 0, 0
L 543, 191, -48, 543, 193, -46, 0, 0, 0
L 543, 193, -46, 544, 194, -46, 0, 0, 0
L 544, 194, -46, 544, 197, -46, 0, 0, 0
L 544, 197, -46, 544, 194, -46, 0, 0, 0
L 545, 207, -46, 544, 197, -46, 0, 0, 0
L 545, 210, -46, 545, 207, -46, 0, 0, 0
L 546, 219, -47, 545, 210, -46, 0, 0, 0
L 545, 221, -46, 544, 222, -46, 0, 0, 0
L 544, 222, -46, 545, 221, -46, 0, 0, 0
L 544, 282, -46, 544, 222, -46, 0, 0, 0
L 538, 289, -46, 544, 282, -46, 0, 0, 0
L 520, 312, -53, 538, 289, -46, 0, 0, 0
L 519, 313, -54, 518, 314, -54, 0, 0, 0
L 518, 314, -54, 518, 316, -55, 0, 0, 0
L 518, 316, -55, 517, 317, -55, 0, 0, 0
L 517, 317, -55, 515, 318, -55, 0, 0, 0
L 515, 318, -55, 517, 317, -55, 0, 0, 0
L 465, 318, -46, 515, 318, -55, 0, 0, 0
L 462, 318, -46, 461, 319, -46, 0, 0, 0
L 461, 319, -46, 460, 319, -47, 0, 0, 0
L 460, 319, -47, 459, 320, -47, 0, 0, 0
L 459, 320, -47, 452, 320, -47, 0, 0, 0
L 452, 320, -47, 450, 320, -46, 0, 0, 0
L 450, 320, -46, 449, 319, -46, 0, 0, 0
L 449, 319, -46, 450, 320, -46, 0, 0, 0
L 406, 319, -46, 449, 319, -46, 0, 0, 0
L 406, 340, -46, 406, 319, -46, 0, 0, 0
L 407, 344, -46, 407, 345, -46, 0, 0, 0
L 407, 345, -46, 406, 346, -47, 0, 0, 0
L 406, 346, -47, 403, 347, -47, 0, 0, 0
L 403, 347, -47, 401, 347, -46, 0, 0, 0
L 401, 347, -46, 400, 346, -46, 0, 0, 0
L 400, 346, -46, 399, 340, -46, 0, 0, 0
L 399, 340, -46, 399, 338, -46, 0, 0, 0
L 399, 338, -46, 400, 337, -46, 0, 0, 0
L 400, 337, -46, 399, 338, -46, 0, 0, 0
L 400, 287, -46, 400, 337, -46, 0, 0, 0
L 396, 283, -46, 390, 283, -46, 0, 0, 0
L 390, 283, -46, 388, 282, -55, 0, 0, 0
L 388, 282, -55, 387, 281, -56, 0, 0, 0
L 387, 281, -56, 382, 281, -49, 0, 0, 0
L 382, 281, -49, 380, 281, -49, 0, 0, 0
L 380, 281, -49, 382, 281, -49, 0, 0, 0
L 371, 282, -46, 380, 281, -49, 0, 0, 0
L 369, 282, -46, 363, 283, -46, 0, 0, 0
L 363, 283, -46, 361, 283, -46, 0, 0, 0
L 361, 283, -46, 360, 283, -45, 0, 0, 0
L 360, 283, -45, 359, 284, -45, 0, 0, 0
L 359, 284, -45, 358, 286, -46, 0, 0, 0
L 358, 286, -46, 356, 286, -46, 0, 0, 0
L 356, 286, -46, 358, 286, -46, 0, 0, 0
L 356, 305, -46, 356, 286, -46, 0, 0, 0
L 357, 310, -46, 357, 311, -46, 0, 0, 0
L 357, 311, -46, 356, 312, -46, 0, 0, 0
L 356, 312, -46, 352, 313, -47, 0, 0, 0
L 352, 313, -47, 350, 313, -46, 0, 0, 0
L 350, 313, -46, 349, 311, -48, 0, 0, 0
L 349, 311, -48, 349, 309, -49, 0, 0, 0
L 349, 309, -49, 348, 308, -49, 0, 0, 0
L 348, 308, -49, 350, 307, -48, 0, 0, 0
L 350, 307, -48, 350, 303, -46, 0, 0, 0
L 350, 303, -46, 350, 301, -46, 0, 0, 0
L 350, 301, -46, 349, 299, -46, 0, 0, 0
L 349, 299, -46, 348, 298, -46, 0, 0, 0
L 348, 298, -46, 339, 298, -46, 0, 0, 0
L 339, 298, -46, 338, 297, -46, 0, 0, 0
L 338, 297, -46, 337, 293, -47, 0, 0, 0
L 337, 293, -47, 337, 291, -46, 0, 0, 0
L 337, 291, -46, 339, 289, -46, 0, 0, 0
L 339, 289, -46, 337, 291, -46, 0, 0, 0
L 339, 270, -46, 339, 289, -46, 0, 0, 0
L 338, 269, -46, 337, 262, -47, 0, 0, 0
L 337, 262, -47, 337, 261, -47, 0, 0, 0
L 337, 261, -47, 338, 259, -46, 0, 0, 0
L 338, 259, -46, 337, 261, -47, 0, 0, 0
L 338, 240, -40, 338, 259, -46, 0, 0, 0
L 338, 238, -39, 337, 237, -39, 0, 0, 0
L 337, 237, -39, 337, 230, -36, 0, 0, 0
L 337, 230, -36, 337, 229, -35, 0, 0, 0
L 337, 229, -35, 338, 228, -35, 0, 0, 0
L 338, 228, -35, 337, 229, -35, 0, 0, 0
L 338, 212, -29, 338, 228, -35, 0, 0, 0
L 338, 210, -29, 338, 209, -28, 0, 0, 0
L 338, 209, -28, 336, 207, -28, 0, 0, 0
L 336, 207, -28, 336, 206, -27, 0, 0, 0
L 336, 206, -27, 337, 204, -27, 0, 0, 0
L 337, 204, -27, 337, 200, -26, 0, 0, 0
L 337, 200, -26, 337, 199, -26, 0, 0, 0
L 337, 199, -26, 338, 198, -26, 0, 0, 0
L 338, 198, -26, 338, 194, -26, 0, 0, 0
L 338, 194, -26, 339, 193, -25, 0, 0, 0
L 339, 193, -25, 342, 192, -25, 0, 0, 0
L 342, 192, -25, 344, 192, -25, 0, 0, 0
L 344, 192, -25, 345, 193, -25, 0, 0, 0
L 345, 193, -25, 344, 192, -25, 0, 0, 0
L 372, 193, -25, 345, 193, -25, 0, 0, 0
L 380, 186, -30, 382, 185, -33, 0, 0, 0
L 382, 185, -33, 382, 183, -34, 0, 0, 0
L 382, 183, -34, 382, 182, -35, 0, 0, 0
L 382, 182, -35, 380, 178, -35, 0, 0, 0
L 380, 178, -35, 379, 177, -33, 0, 0, 0
L 379, 177, -33, 378, 176, -28, 0, 0, 0
L 378, 176, -28, 377, 175, -28, 0, 0, 0
L 377, 175, -28, 376, 174, -29, 0, 0, 0
L 376, 174, -29, 375, 172, -30, 0, 0, 0
L 375, 172, -30, 375, 170, -30, 0, 0, 0
L 375, 170, -30, 374, 169, -30, 0, 0, 0
L 374, 169, -30, 373, 167, -30, 0, 0, 0
L 373, 167, -30, 374, 165, -30, 0, 0, 0
L 374, 165, -30, 375, 162, -25, 0, 0, 0
L 375, 162, -25, 374, 160, -25, 0, 0, 0
L 374, 160, -25, 378, 160, -25, 0, 0, 0
L 378, 160, -25, 381, 159, -25, 0, 0, 0
L 381, 159, -25, 382, 159, -25, 0, 0, 0
L 382, 159, -25, 382, 155, -25, 0, 0, 0
L 382, 155, -25, 383, 154, -25, 0, 0, 0
L 383, 154, -25, 382, 155, -25, 0, 0, 0
L 401, 140, -24, 383, 154, -25, 0, 0, 0
L 402, 139, -24, 403, 137, -25, 0, 0, 0
L 403, 137, -25, 402, 136, -25, 0, 0, 0
L 402, 136, -25, 402, 134, -25, 0, 0, 0
L 402, 134, -25, 403, 132, -25, 0, 0, 0
L 403, 132, -25, 404, 131, -25, 0, 0, 0
L 404, 131, -25, 406, 131, -25, 0, 0, 0
L 406, 131, -25, 404, 131, -25, 0, 0, 0
L 406, 91, -25, 406, 131, -25, 0, 0, 0
L 404, 90, -25, 403, 89, -25, 0, 0, 0
L 403, 89, -25, 403, 87, -25, 0, 0, 0
L 403, 87, -25, 403, 89, -25, 0, 0, 0
L 380, 87, -25, 403, 87, -25, 0, 0, 0
L 374, 88, -25, 380, 87, -25, 0, 0, 0
L 369, 88, -25, 368, 87, -25, 0, 0, 0
L 368, 87, -25, 367, 85, -26, 0, 0, 0
L 367, 85, -26, 367, 78, -26, 0, 0, 0
L 367, 78, -26, 367, 77, -25, 0, 0, 0
L 367, 77, -25, 368, 76, -25, 0, 0, 0
L 368, 76, -25, 367, 77, -25, 0, 0, 0
L 368, 33, -25, 368, 76, -25, 0, 0, 0
L 346, 33, -25, 368, 33, -25, 0, 0, 0
L 344, 34, -25, 343, 34, -25, 0, 0, 0
L 343, 34, -25, 341, 33, -26, 0, 0, 0
L 341, 33, -26, 340, 30, -26, 0, 0, 0
L 340, 30, -26, 340, 28, -25, 0, 0, 0
L 340, 28, -25, 341, 27, -25, 0, 0, 0
L 341, 27, -25, 343, 26, -24, 0, 0, 0
L 343, 26, -24, 345, 26, -24, 0, 0, 0
L 345, 26, -24, 346, 27, -24, 0, 0, 0
L 346, 27, -24, 345, 26, -24, 0, 0, 0
L 363, 27, -25, 346, 27, -24, 0, 0, 0
L 363, -19, -25, 363, 27, -25, 0, 0, 0
L 340, -19, -27, 363, -19, -25, 0, 0, 0
L 310, -19, -27, 340, -19, -27, 0, 0, 0
L 308, -19, -25, 307, -20, -25, 0, 0, 0
L 307, -20, -25, 308, -19, -25, 0, 0, 0
L 306, -75, -28, 307, -20, -25, 0, 0, 0
L 306, -76, -27, 305, -77, -26, 0, 0, 0
L 305, -77, -26, 305, -78, -26, 0, 0, 0
L 305, -78, -26, 304, -79, -25, 0, 0, 0
L 304, -79, -25, 304, -80, -25, 0, 0, 0
L 304, -80, -25, 301, -83, -25, 0, 0, 0
L 301, -83, -25, 300, -88, -26, 0, 0, 0
L 300, -88, -26, 300, -90, -26, 0, 0, 0
L 300, -90, -26, 301, -91, -25, 0, 0, 0
L 301, -91, -25, 300, -90, -26, 0, 0, 0
L 301, -104, -36, 301, -91, -25, 0, 0, 0
L 301, -106, -37, 301, -108, -41, 0, 0, 0
L 301, -108, -41, 299, -108, -39, 0, 0, 0
L 299, -108, -39, 301, -108, -41, 0, 0, 0
L 278, -108, -25, 299, -108, -39, 0, 0, 0
L 277, -108, -25, 275, -109, -25, 0, 0, 0
L 275, -109, -25, 277, -108, -25, 0, 0, 0
L 274, -130, -25, 275, -109, -25, 0, 0, 0
L 274, -134, -27, 274, -130, -25, 0, 0, 0
L 273, -142, -26, 274, -144, -25, 0, 0, 0
L 274, -144, -25, 275, -145, -25, 0, 0, 0
L 275, -145, -25, 274, -144, -25, 0, 0, 0
L 275, -183, -29, 275, -145, -25, 0, 0, 0
L 275, -184, -28, 275, -183, -29, 0, 0, 0
L 239, -184, -25, 275, -184, -28, 0, 0, 0
L 237, -184, -25, 236, -183, -25, 0, 0, 0
L 236, -183, -25, 234, -182, -25, 0, 0, 0
L 234, -182, -25, 232, -182, -25, 0, 0, 0
L 232, -182, -25, 227, -181, -25, 0, 0, 0
L 227, -181, -25, 226, -181, -25, 0, 0, 0
L 226, -181, -25, 225, -184, -25, 0, 0, 0
L 225, -184, -25, 225, -186, -25, 0, 0, 0
L 225, -186, -25, 226, -187, -25, 0, 0, 0
L 226, -187, -25, 225, -186, -25, 0, 0, 0
L 226, -248, -9, 226, -187, -25, 0, 0, 0
L 226, -249, -9, 225, -250, -9, 0, 0, 0
L 225, -250, -9, 225, -253, -9, 0, 0, 0
L 225, -253, -9, 224, -255, -9, 0, 0, 0
L 224, -255, -9, 224, -256, -9, 0, 0, 0
L 224, -256, -9, 223, -259, -9, 0, 0, 0
L 223, -259, -9, 223, -261, -9, 0, 0, 0
L 223, -261, -9, 230, -264, -13, 0, 0, 0
L 230, -264, -13, 231, -264, -13, 0, 0, 0
L 231, -264, -13, 233, -265, -13, 0, 0, 0
L 233, -265, -13, 234, -265, -10, 0, 0, 0
L 234, -265, -10, 235, -263, -13, 0, 0, 0
L 235, -263, -13, 235, -262, -13, 0, 0, 0
L 235, -262, -13, 236, -260, -9, 0, 0, 0
L 236, -260, -9, 236, -258, -9, 0, 0, 0
L 236, -258, -9, 235, -257, -9, 0, 0, 0
L 235, -257, -9, 241, -257, -9, 0, 0, 0
L 241, -257, -9, 235, -257, -9, 0, 0, 0
L 241, -281, -9, 241, -257, -9, 0, 0, 0
L 241, -283, -8, 240, -284, -8, 0, 0, 0
L 240, -284, -8, 240, -285, -7, 0, 0, 0
L 240, -285, -7, 240, -287, -7, 0, 0, 0
L 240, -287, -7, 241, -289, -9, 0, 0, 0
L 241, -289, -9, 242, -290, -10, 0, 0, 0
L 242, -290, -10, 247, -290, -10, 0, 0, 0
L 247, -290, -10, 247, -289, -13, 0, 0, 0
L 247, -289, -13, 247, -290, -10, 0, 0, 0
L 261, -289, -20, 247, -289, -13, 0, 0, 0
L 264, -292, -20, 264, -293, -19, 0, 0, 0
L 264, -293, -19, 264, -295, -19, 0, 0, 0
L 264, -295, -19, 264, -297, -20, 0, 0, 0
L 264, -297, -20, 263, -299, -22, 0, 0, 0
L 263, -299, -22, 261, -301, -24, 0, 0, 0
L 261, -301, -24, 260, -303, -25, 0, 0, 0
L 260, -303, -25, 259, -304, -25, 0, 0, 0
L 259, -304, -25, 256, -305, -24, 0, 0, 0
L 256, -305, -24, 255, -306, -24, 0, 0, 0
L 255, -306, -24, 252, -306, -19, 0, 0, 0
L 252, -306, -19, 250, -306, -17, 0, 0, 0
L 250, -306, -17, 249, -307, -15, 0, 0, 0
L 249, -307, -15, 247, -307, -12, 0, 0, 0
L 247, -307, -12, 245, -306, -10, 0, 0, 0
L 245, -306, -10, 244, -306, -10, 0, 0, 0
L 244, -306, -10, 242, -306, -9, 0, 0, 0
L 242, -306, -9, 241, -307, -9, 0, 0, 0
L 241, -307, -9, 240, -309, -8, 0, 0, 0
L 240, -309, -8, 240, -311, -8, 0, 0, 0
L 240, -311, -8, 241, -312, -8, 0, 0, 0
L 241, -312, -8, 240, -311, -8, 0, 0, 0
L 241, -324, -9, 241, -312, -8, 0, 0, 0
L 241, -328, -9, 240, -329, -9, 0, 0, 0
L 240, -329, -9, 241, -328, -9, 0, 0, 0
L 219, -329, -9, 240, -329, -9, 0, 0, 0
L 217, -329, -8, 215, -330, -9, 0, 0, 0
L 215, -330, -9, 215, -331, -9, 0, 0, 0
L 215, -331, -9, 210, -331, -8, 0, 0, 0
L 210, -331, -8, 206, -331, -10, 0, 0, 0
L 206, -331, -10, 204, -330, -11, 0, 0, 0
L 204, -330, -11, 202, -330, -13, 0, 0, 0
L 202, -330, -13, 200, -329, -14, 0, 0, 0
L 200, -329, -14, 202, -330, -13, 0, 0, 0
L 191, -329, -14, 190, -329, -11, 0, 0, 0
L 190, -329, -11, 189, -328, -9, 0, 0, 0
L 189, -328, -9, 187, -328, -9, 0, 0, 0
L 187, -328, -9, 185, -329, -9, 0, 0, 0
L 185, -329, -9, 187, -328, -9, 0, 0, 0
L 155, -329, -9, 185, -329, -9, 0, 0, 0
L 155, -310, -9, 155, -329, -9, 0, 0, 0
L 157, -308, -9, 158, -306, -9, 0, 0, 0
L 158, -306, -9, 164, -301, -10, 0, 0, 0
L 164, -301, -10, 158, -306, -9, 0, 0, 0
L 172, -295, -14, 174, -294, -14, 0, 0, 0
L 174, -294, -14, 176, -294, -14, 0, 0, 0
L 176, -294, -14, 178, -293, -12, 0, 0, 0
L 178, -293, -12, 180, -293, -13, 0, 0, 0
L 180, -293, -13, 181, -293, -13, 0, 0, 0
L 181, -293, -13, 181, -289, -9, 0, 0, 0
L 181, -289, -9, 181, -287, -9, 0, 0, 0
L 181, -287, -9, 178, -284, -9, 0, 0, 0
L 178, -284, -9, 176, -283, -9, 0, 0, 0
L 176, -283, -9, 174, -286, -12, 0, 0, 0
L 174, -286, -12, 173, -287, -12, 0, 0, 0
L 173, -287, -12, 172, -288, -9, 0, 0, 0
L 172, -288, -9, 171, -290, -9, 0, 0, 0
L 171, -290, -9, 172, -288, -9, 0, 0, 0
L 156, -278, -9, 171, -290, -9, 0, 0, 0
L 155, -278, -9, 156, -278, -9, 0, 0, 0
L 155, -257, -9, 155, -278, -9, 0, 0, 0
L 201, -257, -9, 155, -257, -9, 0, 0, 0
L 202, -257, -8, 205, -257, -9, 0, 0, 0
L 205, -257, -9, 208, -257, -9, 0, 0, 0
L 208, -257, -9, 209, -256, -9, 0, 0, 0
L 209, -256, -9, 208, -257, -9, 0, 0, 0
L 210, -191, -24, 209, -256, -9, 0, 0, 0
L 210, -189, -24, 210, -187, -25, 0, 0, 0
L 210, -187, -25, 211, -185, -25, 0, 0, 0
L 211, -185, -25, 211, -183, -25, 0, 0, 0
L 211, -183, -25, 210, -182, -25, 0, 0, 0
L 210, -182, -25, 206, -181, -25, 0, 0, 0
L 206, -181, -25, 204, -181, -25, 0, 0, 0
L 204, -181, -25, 204, -183, -25, 0, 0, 0
L 204, -183, -25, 203, -184, -25, 0, 0, 0
L 203, -184, -25, 204, -183, -25, 0, 0, 0
L 153, -184, -26, 203, -184, -25, 0, 0, 0
L 151, -184, -25, 150, -184, -25, 0, 0, 0
L 150, -184, -25, 148, -182, -26, 0, 0, 0
L 148, -182, -26, 144, -182, -26, 0, 0, 0
L 144, -182, -26, 143, -183, -26, 0, 0, 0
L 143, -183, -26, 137, -183, -26, 0, 0, 0
L 137, -183, -26, 134, -184, -28, 0, 0, 0
L 134, -184, -28, 132, -185, -29, 0, 0, 0
L 132, -185, -29, 129, -185, -30, 0, 0, 0
L 129, -185, -30, 132, -185, -29, 0, 0, 0
L 119, -185, -25, 129, -185, -30, 0, 0, 0
L 116, -185, -24, 119, -185, -25, 0, 0, 0
L 106, -184, -16, 116, -185, -24, 0, 0, 0
L 97, -183, -12, 106, -184, -16, 0, 0, 0
L 95, -183, -11, 94, -184, -11, 0, 0, 0
L 94, -184, -11, 92, -184, -12, 0, 0, 0
L 92, -184, -12, 94, -184, -11, 0, 0, 0
L 83, -185, -11, 92, -184, -12, 0, 0, 0
L 78, -185, -11, 74, -185, -9, 0, 0, 0
L 74, -185, -9, 71, -185, -7, 0, 0, 0
L 71, -185, -7, 68, -185, -7, 0, 0, 0
L 68, -185, -7, 66, -184, -3, 0, 0, 0
L 66, -184, -3, 65, -184, -1, 0, 0, 0
L 65, -184, -1, 63, -183, -1, 0, 0, 0
L 63, -183, -1, 62, -182, -1, 0, 0, 0
L 62, -182, -1, 57, -181, -1, 0, 0, 0
L 57, -181, -1, 55, -181, 0, 0, 0, 0
L 55, -181, 0, 57, -181, -1, 0, 0, 0
L 41, -182, 4, 32, -182, 7, 0, 0, 0
L 32, -182, 7, 41, -182, 4, 0, 0, 0
L 29, -181, 8, 25, -181, 9, 0, 0, 0
L 25, -181, 9, 24, -181, 9, 0, 0, 0
L 24, -181, 9, 23, -182, 11, 0, 0, 0
L 23, -182, 11, 24, -181, 9, 0, 0, 0
L 12, -182, 13, 23, -182, 11, 0, 0, 0
L 11, -182, 12, 5, -182, 17, 0, 0, 0
L 5, -182, 17, 4, -182, 17, 0, 0, 0
L 4, -182, 17, 5, -182, 17, 0, 0, 0
L -6, -181, 20, 4, -182, 17, 0, 0, 0
L -38, -232, 20, -38, -231, 20, 0, 0, 0
L -52, -220, 22, -50, -221, 21, 0, 0, 0
L -50, -221, 21, -51, -224, 21, 0, 0, 0
L -51, -224, 21, -51, -225, 21, 0, 0, 0
L -51, -225, 21, -51, -227, 20, 0, 0, 0
L -51, -227, 20, -52, -228, 20, 0, 0, 0
L -52, -228, 20, -52, -230, 20, 0, 0, 0
L -52, -230, 20, -53, -232, 20, 0, 0, 0
L -53, -232, 20, -53, -234, 20, 0, 0, 0
L -53, -234, 20, -53, -231, 20, 0, 0, 0
L -53, -231, 20, -52, -229, 20, 0, 0, 0
L -52, -229, 20, -52, -228, 20, 0, 0, 0
L -52, -228, 20, -52, -226, 21, 0, 0, 0
L -52, -226, 21, -54, -226, 21, 0, 0, 0
L -54, -226, 21, -57, -225, 22, 0, 0, 0
L -57, -225, 22, -59, -225, 21, 0, 0, 0
L -59, -225, 21, -60, -226, 21, 0, 0, 0
L -60, -226, 21, -68, -226, 21, 0, 0, 0
L -68, -226, 21, -60, -226, 21, 0, 0, 0
L -75, -219, 21, -68, -226, 21, 0, 0, 0
L -75, -212, 21, -77, -211, 21, 0, 0, 0
L -77, -211, 21, -78, -210, 21, 0, 0, 0
L -78, -210, 21, -80, -209, 21, 0, 0, 0
L -80, -209, 21, -81, -208, 21, 0, 0, 0
L -81, -208, 21, -83, -209, 21, 0, 0, 0
L -83, -209, 21, -85, -209, 21, 0, 0, 0
L -85, -209, 21, -86, -208, 21, 0, 0, 0
L -86, -208, 21, -86, -206, 21, 0, 0, 0
L -86, -206, 21, -85, -201, 21, 0, 0, 0
L -85, -201, 21, -85, -199, 21, 0, 0, 0
L -85, -199, 21, -86, -198, 21, 0, 0, 0
L -86, -198, 21, -90, -197, 20, 0, 0, 0
L -90, -197, 20, -92, -197, 20, 0, 0, 0
L -92, -197, 20, -93, -198, 20, 0, 0, 0
L -93, -198, 20, -96, -198, 20, 0, 0, 0
L -96, -198, 20, -98, -199, 21, 0, 0, 0
L -98, -199, 21, -99, -202, 21, 0, 0, 0
L -99, -202, 21, -99, -203, 21, 0, 0, 0
L -99, -203, 21, -98, -205, 21, 0, 0, 0
L -98, -205, 21, -99, -203, 21, 0, 0, 0
L -98, -223, 21, -98, -205, 21, 0, 0, 0
L -100, -224, 21, -100, -225, 21, 0, 0, 0
L -100, -225, 21, -101, -227, 21, 0, 0, 0
L -101, -227, 21, -101, -228, 21, 0, 0, 0
L -101, -228, 21, -101, -227, 21, 0, 0, 0
L -171, -228, 21, -101, -228, 21, 0, 0, 0
L -171, -226, 21, -172, -224, 21, 0, 0, 0
L -172, -224, 21, -176, -224, 21, 0, 0, 0
L -176, -224, 21, -178, -225, 21, 0, 0, 0
L -178, -225, 21, -179, -226, 21, 0, 0, 0
L -179, -226, 21, -179, -228, 21, 0, 0, 0
L -179, -228, 21, -179, -226, 21, 0, 0, 0
L -196, -228, 19, -179, -228, 21, 0, 0, 0
L -199, -228, 19, -199, -226, 18, 0, 0, 0
L -199, -226, 18, -200, -225, 18, 0, 0, 0
L -200, -225, 18, -201, -219, 18, 0, 0, 0
L -201, -219, 18, -201, -217, 17, 0, 0, 0
L -201, -217, 17, -200, -212, 17, 0, 0, 0
L -200, -212, 17, -200, -210, 13, 0, 0, 0
L -200, -210, 13, -199, -206, 20, 0, 0, 0
L -199, -206, 20, -199, -205, 21, 0, 0, 0
L -199, -205, 21, -199, -206, 20, 0, 0, 0
L -178, -205, 21, -199, -205, 21, 0, 0, 0
L -176, -204, 21, -178, -205, 21, 0, 0, 0
L -175, -179, 21, -176, -204, 21, 0, 0, 0
L -176, -178, 21, -175, -179, 21, 0, 0, 0
L -196, -177, 21, -176, -178, 21, 0, 0, 0
L -198, -177, 21, -199, -176, 21, 0, 0, 0
L -199, -176, 21, -199, -175, 21, 0, 0, 0
L -199, -175, 21, -201, -174, 20, 0, 0, 0
L -201, -174, 20, -201, -168, 20, 0, 0, 0
L -201, -168, 20, -201, -166, 19, 0, 0, 0
L -201, -166, 19, -200, -164, 19, 0, 0, 0
L -200, -164, 19, -200, -163, 19, 0, 0, 0
L -200, -163, 19, -199, -161, 19, 0, 0, 0
L -199, -161, 19, -199, -160, 18, 0, 0, 0
L -199, -160, 18, -201, -159, 15, 0, 0, 0
L -201, -159, 15, -202, -158, 19, 0, 0, 0
L -202, -158, 19, -200, -157, 19, 0, 0, 0
L -200, -157, 19, -199, -156, 21, 0, 0, 0
L -199, -156, 21, -199, -154, 21, 0, 0, 0
L -199, -154, 21, -199, -156, 21, 0, 0, 0
L -179, -154, 21, -199, -154, 21, 0, 0, 0
L -179, -156, 21, -178, -157, 21, 0, 0, 0
L -178, -157, 21, -176, -158, 21, 0, 0, 0
L -176, -158, 21, -174, -158, 22, 0, 0, 0
L -174, -158, 22, -172, -157, 23, 0, 0, 0
L -172, -157, 23, -171, -155, 22, 0, 0, 0
L -171, -155, 22, -171, -154, 22, 0, 0, 0
L -171, -154, 22, -171, -155, 22, 0, 0, 0
L -122, -154, 21, -171, -154, 22, 0, 0, 0
L -102, -173, 21, -122, -154, 21, 0, 0, 0
L -99, -179, 21, -99, -181, 21, 0, 0, 0
L -99, -181, 21, -98, -182, 21, 0, 0, 0
L -98, -182, 21, -95, -183, 20, 0, 0, 0
L -95, -183, 20, -93, -183, 20, 0, 0, 0
L -93, -183, 20, -91, -182, 20, 0, 0, 0
L -91, -182, 20, -88, -182, 20, 0, 0, 0
L -88, -182, 20, -86, -181, 21, 0, 0, 0
L -86, -181, 21, -85, -180, 21, 0, 0, 0
L -85, -180, 21, -83, -180, 21, 0, 0, 0
L -83, -180, 21, -84, -177, 21, 0, 0, 0
L -84, -177, 21, -86, -175, 21, 0, 0, 0
L -86, -175, 21, -84, -175, 21, 0, 0, 0
L -84, -175, 21, -79, -173, 21, 0, 0, 0
L -79, -173, 21, -79, -172, 21, 0, 0, 0
L -79, -172, 21, -78, -172, 21, 0, 0, 0
L -78, -172, 21, -76, -170, 21, 0, 0, 0
L -76, -170, 21, -69, -164, 21, 0, 0, 0
L -69, -164, 21, -67, -162, 21, 0, 0, 0
L -67, -162, 21, -67, -161, 21, 0, 0, 0
L -67, -161, 21, -66, -157, 21, 0, 0, 0
L -66, -157, 21, -66, -153, 21, 0, 0, 0
L -66, -153, 21, -64, -152, 21, 0, 0, 0
L -64, -152, 21, -66, -153, 21, 0, 0, 0
L -48, -152, 21, -64, -152, 21, 0, 0, 0
L -38, -153, 21, -48, -152, 21, 0, 0, 0
L -37, -153, 21, -36, -152, 20, 0, 0, 0
L -36, -152, 20, -35, -147, 20, 0, 0, 0
L -35, -147, 20, -36, -145, 20, 0, 0, 0
L -36, -145, 20, -37, -144, 19, 0, 0, 0
L -37, -144, 19, -36, -145, 20, 0, 0, 0
L -37, -123, 10, -37, -144, 19, 0, 0, 0
L -37, -122, 10, -36, -120, 9, 0, 0, 0
L -36, -120, 9, -35, -120, 9, 0, 0, 0
L -35, -120, 9, -35, -113, 9, 0, 0, 0
L -35, -113, 9, -37, -112, 9, 0, 0, 0
L -37, -112, 9, -35, -113, 9, 0, 0, 0
L -37, -92, -1, -37, -112, 9, 0, 0, 0
L -36, -90, -1, -35, -89, -1, 0, 0, 0
L -35, -89, -1, -35, -83, -1, 0, 0, 0
L -35, -83, -1, -36, -82, -1, 0, 0, 0
L -36, -82, -1, -36, -80, -1, 0, 0, 0
L -36, -80, -1, -36, -78, 0, 0, 0, 0
L -36, -78, 0, -36, -80, -1, 0, 0, 0
L -51, -77, 1, -52, -76, 2, 0, 0, 0
L -52, -76, 2, -53, -74, 1, 0, 0, 0
L -53, -74, 1, -56, -74, 0, 0, 0, 0
L -56, -74, 0, -53, -74, 1, 0, 0, 0
L -88, -29, -7, -92, -30, -2, 0, 0, 0
L -92, -30, -2, -93, -30, 0, 0, 0, 0
L -93, -30, 0, -92, -30, -2, 0, 0, 0
L -115, -6, -7, -115, -4, -3, 0, 0, 0
L -115, -4, -3, -115, -2, -4, 0, 0, 0
L -115, -2, -4, -114, 3, -1, 0, 0, 0
L -114, 3, -1, -114, 4, -3, 0, 0, 0
L -114, 4, -3, -114, 3, -1, 0, 0, 0
L -113, 26, 0, -114, 4, -3, 0, 0, 0
L -88, 35, -4, -87, 33, -5, 0, 0, 0
L -87, 33, -5, -82, 33, -5, 0, 0, 0
L -82, 33, -5, -78, 37, -5, 0, 0, 0
L -78, 37, -5, -78, 39, 0, 0, 0, 0
L -78, 39, 0, -78, 37, -5, 0, 0, 0
L -70, 60, 0, -81, 41, 1, 0, 0, 0
L -58, 81, 0, -59, 79, 1, 0, 0, 0
L -36, 95, -1, -38, 97, 1, 0, 0, 0
L -38, 97, 1, -43, 96, 0, 0, 0, 0
L -43, 96, 0, -38, 97, 1, 0, 0, 0
L -69, 117, -1, -68, 118, 0, 0, 0, 0
L -68, 118, 0, -68, 123, 0, 0, 0, 0
L -68, 123, 0, -75, 125, -1, 0, 0, 0
L -75, 125, -1, -76, 124, -1, 0, 0, 0
L -76, 124, -1, -77, 122, -2, 0, 0, 0
L -77, 122, -2, -80, 123, -1, 0, 0, 0
L -80, 123, -1, -81, 123, -1, 0, 0, 0
L -81, 123, -1, -85, 122, -2, 0, 0, 0
L -85, 122, -2, -87, 121, -3, 0, 0, 0
L -87, 121, -3, -91, 121, -5, 0, 0, 0
L -91, 121, -5, -92, 120, -5, 0, 0, 0
L -92, 120, -5, -94, 120, -3, 0, 0, 0
L -94, 120, -3, -96, 121, -2, 0, 0, 0
L -96, 121, -2, -98, 121, -1, 0, 0, 0
L -98, 121, -1, -101, 121, 1, 0, 0, 0
L -101, 121, 1, -103, 121, 0, 0, 0, 0
L -103, 121, 0, -108, 122, 7, 0, 0, 0
L -108, 122, 7, -110, 123, 9, 0, 0, 0
L -110, 123, 9, -112, 122, 9, 0, 0, 0
L -112, 122, 9, -114, 122, 9, 0, 0, 0
L -114, 122, 9, -116, 121, 9, 0, 0, 0
L -116, 121, 9, -118, 122, 10, 0, 0, 0
L -118, 122, 10, -119, 122, 11, 0, 0, 0
L -119, 122, 11, -122, 123, 13, 0, 0, 0
L -122, 123, 13, -124, 123, 14, 0, 0, 0
L -124, 123, 14, -127, 122, 13, 0, 0, 0
L -127, 122, 13, -129, 121, 12, 0, 0, 0
L -129, 121, 12, -131, 121, 10, 0, 0, 0
L -131, 121, 10, -133, 121, 10, 0, 0, 0
L -133, 121, 10, -134, 120, 10, 0, 0, 0
L -134, 120, 10, -136, 120, 11, 0, 0, 0
L -136, 120, 11, -138, 121, 13, 0, 0, 0
L -138, 121, 13, -140, 121, 13, 0, 0, 0
L -140, 121, 13, -142, 121, 15, 0, 0, 0
L -142, 121, 15, -144, 121, 15, 0, 0, 0
L -144, 121, 15, -142, 121, 15, 0, 0, 0
L -154, 121, 19, -144, 121, 15, 0, 0, 0
L -156, 121, 20, -157, 122, 23, 0, 0, 0
L -157, 122, 23, -158, 123, 24, 0, 0, 0
L -158, 123, 24, -161, 124, 24, 0, 0, 0
L -161, 124, 24, -162, 124, 24, 0, 0, 0
L -162, 124, 24, -164, 123, 25, 0, 0, 0
L -164, 123, 25, -165, 120, 25, 0, 0, 0
L -165, 120, 25, -164, 118, 25, 0, 0, 0
L -164, 118, 25, -163, 117, 25, 0, 0, 0
L -163, 117, 25, -163, 113, 25, 0, 0, 0
L -163, 113, 25, -163, 117, 25, 0, 0, 0
L -195, 88, 38, -163, 113, 25, 0, 0, 0
L -196, 87, 39, -195, 88, 38, 0, 0, 0
L -273, 87, 39, -196, 87, 39, 0, 0, 0
L -307, 98, 53, -273, 87, 39, 0, 0, 0
L -308, 98, 54, -307, 98, 53, 0, 0, 0
L -338, 124, 57, -308, 98, 54, 0, 0, 0
L -340, 126, 56, -341, 127, 55, 0, 0, 0
L -341, 127, 55, -344, 130, 55, 0, 0, 0
L -344, 130, 55, -345, 130, 54, 0, 0, 0
L -345, 130, 54, -344, 130, 55, 0, 0, 0
L -365, 117, 61, -345, 130, 54, 0, 0, 0
L -381, 107, 61, -365, 117, 61, 0, 0, 0
L -382, 106, 61, -381, 107, 61, 0, 0, 0
L -383, 73, 82, -382, 106, 61, 0, 0, 0
L -382, 71, 83, -383, 73, 82, 0, 0, 0
L -351, 35, 83, -382, 71, 83, 0, 0, 0
L -350, 34, 83, -349, 32, 83, 0, 0, 0
L -349, 32, 83, -351, 26, 83, 0, 0, 0
L -351, 26, 83, -349, 32, 83, 0, 0, 0
L -355, 7, 79, -351, 26, 83, 0, 0, 0
L -356, 5, 80, -357, 4, 83, 0, 0, 0
L -357, 4, 83, -360, 8, 83, 0, 0, 0
L -360, 8, 83, -362, 10, 83, 0, 0, 0
L -362, 10, 83, -360, 8, 83, 0, 0, 0
L -372, 13, 83, -362, 10, 83, 0, 0, 0
L -373, 14, 83, -375, 14, 83, 0, 0, 0
L -375, 14, 83, -373, 14, 83, 0, 0, 0
L -385, 10, 83, -375, 14, 83, 0, 0, 0
L -386, 10, 83, -387, 9, 83, 0, 0, 0
L -387, 9, 83, -389, 8, 83, 0, 0, 0
L -389, 8, 83, -391, 4, 83, 0, 0, 0
L -391, 4, 83, -393, 2, 83, 0, 0, 0
L -393, 2, 83, -391, 4, 83, 0, 0, 0
L -394, -12, 82, -393, 2, 83, 0, 0, 0
L -394, -14, 81, -393, -15, 81, 0, 0, 0
L -393, -15, 81, -391, -18, 80, 0, 0, 0
L -391, -18, 80, -390, -20, 80, 0, 0, 0
L -390, -20, 80, -390, -22, 80, 0, 0, 0
L -390, -22, 80, -389, -24, 81, 0, 0, 0
L -389, -24, 81, -388, -25, 81, 0, 0, 0
L -388, -25, 81, -386, -26, 81, 0, 0, 0
L -386, -26, 81, -384, -25, 81, 0, 0, 0
L -384, -25, 81, -378, -27, 81, 0, 0, 0
L -378, -27, 81, -376, -28, 80, 0, 0, 0
L -376, -28, 80, -373, -28, 80, 0, 0, 0
L -373, -28, 80, -376, -28, 80, 0, 0, 0
L -364, -25, 82, -373, -28, 80, 0, 0, 0
L -362, -25, 82, -361, -24, 82, 0, 0, 0
L -361, -24, 82, -360, -22, 82, 0, 0, 0
L -360, -22, 82, -359, -21, 82, 0, 0, 0
L -359, -21, 82, -360, -22, 82, 0, 0, 0
L -359, -92, 82, -359, -21, 82, 0, 0, 0
L -359, -94, 83, -359, -92, 82, 0, 0, 0
L -368, -110, 90, -359, -94, 83, 0, 0, 0
L -373, -119, 93, -374, -120, 94, 0, 0, 0
L -374, -120, 94, -380, -120, 94, 0, 0, 0
L -380, -120, 94, -381, -120, 90, 0, 0, 0
L -381, -120, 90, -387, -120, 88, 0, 0, 0
L -387, -120, 88, -381, -120, 90, 0, 0, 0
L 3, 169, 0, 4, 170, 0, 0, 0, 0
L 4, 170, 0, 8, 170, 0, 0, 0, 0
L 8, 170, 0, 8, 164, 0, 0, 0, 0
L 8, 164, 0, 7, 163, 0, 0, 0, 0
L 7, 163, 0, 7, 161, 1, 0, 0, 0
L 7, 161, 1, 7, 163, -1, 0, 0, 0
L 7, 137, 0, 7, 135, 0, 0, 0, 0
L 7, 135, 0, 8, 134, 0, 0, 0, 0
L 8, 134, 0, 7, 135, -1, 0, 0, 0
L 8, 123, -6, 8, 134, -1, 0, 0, 0
L -11, 117, 0, -12, 116, 0, 0, 0, 0
L -12, 116, 0, -11, 117, -1, 0, 0, 0
L -13, 102, 0, -12, 116, -1, 0, 0, 0
L -13, 99, 0, -15, 100, 0, 0, 0, 0
L -15, 100, 0, -17, 98, 0, 0, 0, 0
L -17, 98, 0, -19, 97, 0, 0, 0, 0
L -19, 97, 0, -20, 96, 0, 0, 0, 0
L -20, 96, 0, -21, 87, -1, 0, 0, 0
L -21, 87, -1, -20, 96, -1, 0, 0, 0
L -20, 83, 0, -18, 83, 0, 0, 0, 0
L -18, 83, 0, -16, 82, 0, 0, 0, 0
L -16, 82, 0, -14, 84, 0, 0, 0, 0
L -14, 84, 0, -11, 84, 0, 0, 0, 0
L -11, 84, 0, -10, 82, 0, 0, 0, 0
L -10, 82, 0, -8, 80, 0, 0, 0, 0
L -8, 80, 0, -10, 82, -1, 0, 0, 0
L -8, 68, -4, -8, 80, -1, 0, 0, 0
L -28, 40, 0, -27, 41, -1, 0, 0, 0
L -29, 12, 0, -28, 40, -1, 0, 0, 0
L -28, 11, 0, -29, 12, -1, 0, 0, 0
L -18, 10, -3, -28, 11, -1, 0, 0, 0
L 9, 6, -4, 2, 5, -1, 0, 0, 0
L -27, -10, 0, -7, -10, -1, 0, 0, 0
L -28, -11, 0, -27, -10, -1, 0, 0, 0
L -29, -32, 0, -28, -11, -1, 0, 0, 0
L -28, -33, 0, -29, -32, -1, 0, 0, 0
L -10, -57, 0, -28, -33, -1, 0, 0, 0
L -9, -58, 0, -8, -60, 0, 0, 0, 0
L -8, -60, 0, -9, -58, -1, 0, 0, 0
L -8, -73, 0, -8, -60, -1, 0, 0, 0
L -15, -73, 2, -8, -73, -1, 0, 0, 0
L -20, -76, -1, -19, -74, -1, 0, 0, 0
L -19, -102, 4, -19, -89, -1, 0, 0, 0
L 58, -166, -1, 49, -165, -1, 0, 0, 0
L 54, -182, 0, 55, -181, -1, 0, 0, 0
L 42, -182, 4, 54, -182, -1, 0, 0, 0
L -37, -77, 0, -40, -76, 0, 0, 0, 0
L -40, -76, 0, -42, -76, 0, 0, 0, 0
L -42, -76, 0, -43, -77, 1, 0, 0, 0
L -43, -77, 1, -42, -76, -1, 0, 0, 0
L -58, -74, 0, -59, -73, 0, 0, 0, 0
L -59, -73, 0, -58, -74, -1, 0, 0, 0
L -79, -38, 0, -59, -73, -1, 0, 0, 0
L -80, -37, 0, -79, -38, -1, 0, 0, 0
L -80, -27, 0, -80, -37, -1, 0, 0, 0
L -81, -26, 0, -85, -26, 0, 0, 0, 0
L -85, -26, 0, -87, -27, -4, 0, 0, 0
L -87, -27, -4, -85, -26, -1, 0, 0, 0
L -104, -30, 0, -93, -30, -1, 0, 0, 0
L -113, -21, 0, -104, -30, -1, 0, 0, 0
L -113, -14, 0, -113, -21, -1, 0, 0, 0
L -110, -8, 0, -109, -7, 0, 0, 0, 0
L -109, -7, 0, -113, -7, -7, 0, 0, 0
L -113, -7, -7, -109, -7, -1, 0, 0, 0
L -113, 27, 0, -105, 36, 0, 0, 0, 0
L -105, 36, 0, -104, 37, 0, 0, 0, 0
L -104, 37, 0, -105, 36, -1, 0, 0, 0
L -92, 37, 0, -104, 37, -1, 0, 0, 0
L -91, 37, -2, -92, 37, -1, 0, 0, 0
L -80, 40, 0, -81, 41, 1, 0, 0, 0
L -81, 41, 1, -80, 40, -1, 0, 0, 0
L -66, 68, 0, -65, 69, 0, 0, 0, 0
L -65, 69, 0, -64, 71, 0, 0, 0, 0
L -64, 71, 0, -59, 79, 1, 0, 0, 0
L -59, 79, 1, -55, 79, 0, 0, 0, 0
L -55, 79, 0, -53, 80, 0, 0, 0, 0
L -53, 80, 0, -51, 82, 0, 0, 0, 0
L -51, 82, 0, -51, 84, 0, 0, 0, 0
L -51, 84, 0, -44, 84, 0, 0, 0, 0
L -44, 84, 0, -43, 83, 0, 0, 0, 0
L -43, 83, 0, -38, 83, 0, 0, 0, 0
L -38, 83, 0, -37, 84, 0, 0, 0, 0
L -37, 84, 0, -38, 83, -1, 0, 0, 0
L -36, 94, -1, -37, 84, -1, 0, 0, 0
L -48, 96, 0, -48, 98, 0, 0, 0, 0
L -48, 98, 0, -49, 101, 0, 0, 0, 0
L -49, 101, 0, -49, 103, 0, 0, 0, 0
L -49, 103, 0, -50, 105, 0, 0, 0, 0
L -50, 105, 0, -56, 111, 0, 0, 0, 0
L -56, 111, 0, -57, 113, 0, 0, 0, 0
L -57, 113, 0, -59, 114, 0, 0, 0, 0
L -59, 114, 0, -60, 116, 0, 0, 0, 0
L -60, 116, 0, -66, 116, 0, 0, 0, 0
L -66, 116, 0, -68, 116, -1, 0, 0, 0
L -68, 116, -1, -68, 121, -1, 0, 0, 0
L -68, 121, -1, -69, 124, 0, 0, 0, 0
L -69, 124, 0, -73, 125, -1, 0, 0, 0
L -73, 125, -1, -69, 124, -1, 0, 0, 0
L -104, 121, 4, -103, 121, -1, 0, 0, 0
L -68, 142, 0, -68, 148, 0, 0, 0, 0
L -68, 148, 0, -67, 149, 0, 0, 0, 0
L -67, 149, 0, -66, 149, 0, 0, 0, 0
L -66, 149, 0, -59, 148, 0, 0, 0, 0
L -59, 148, 0, -57, 148, 0, 0, 0, 0
L -57, 148, 0, -52, 149, -2, 0, 0, 0
L -52, 149, -2, -57, 148, -1, 0, 0, 0
L -48, 170, 0, -48, 168, 0, 0, 0, 0
L -48, 168, 0, -48, 170, -1, 0, 0, 0
L -36, 169, -13, -48, 168, -1, 0, 0, 0
L -20, 169, 0, -19, 170, 0, 0, 0, 0
L -19, 170, 0, -19, 178, -2, 0, 0, 0
L -19, 178, -2, -19, 170, -1, 0, 0, 0
L 1, 169, 0, -1, 170, -1, 0, 0, 0
L 206, 355, -49, 204, 332, -49, 0, 0, 0
L 204, 332, -49, 186, 311, -49, 0, 0, 0
L 186, 311, -49, 186, 287, -49, 0, 0, 0
L 186, 287, -49, 176, 278, -50, 0, 0, 0
L 176, 278, -50, 107, 278, -51, 0, 0, 0
L 107, 278, -51, 91, 289, -60, 0, 0, 0
L 91, 289, -60, 91, 304, -49, 0, 0, 0
L 91, 304, -49, 48, 333, -48, 0, 0, 0
L 48, 333, -48, 45, 352, -49, 0, 0, 0
L 45, 352, -49, 32, 351, -47, 0, 0, 0
L 32, 351, -47, 33, 343, -49, 0, 0, 0
L 33, 343, -49, 12, 342, -49, 0, 0, 0
L 12, 342, -49, 12, 322, -49, 0, 0, 0
L 12, 322, -49, -20, 322, -49, 0, 0, 0
L -20, 322, -49, -21, 343, -49, 0, 0, 0
L -21, 343, -49, -41, 343, -49, 0, 0, 0
L -41, 343, -49, -40, 370, -49, 0, 0, 0
L -40, 370, -49, -70, 371, -71, 0, 0, 0
L -70, 371, -71, -49, 389, -53, 0, 0, 0
L -49, 389, -53, -40, 392, -49, 0, 0, 0
L -40, 392, -49, -41, 400, -49, 0, 0, 0
L -41, 400, -49, -30, 399, -48, 0, 0, 0
L -30, 399, -48, -30, 475, -70, 0, 0, 0
L -30, 475, -70, -61, 474, -70, 0, 0, 0
L -61, 474, -70, -71, 483, -70, 0, 0, 0
L -71, 483, -70, -71, 513, -70, 0, 0, 0
L -71, 513, -70, -92, 529, -69, 0, 0, 0
L -92, 529, -69, -95, 577, -73, 0, 0, 0
L -95, 577, -73, -92, 581, -71, 0, 0, 0
L -92, 581, -71, 46, 580, -70, 0, 0, 0
L 46, 580, -70, 46, 483, -75, 0, 0, 0
L 46, 483, -75, 36, 474, -70, 0, 0, 0
L 36, 474, -70, -8, 475, -70, 0, 0, 0
L -8, 475, -70, -8, 399, -49, 0, 0, 0
L -8, 399, -49, 15, 400, -49, 0, 0, 0
L 15, 400, -49, 33, 381, -49, 0, 0, 0
L 33, 381, -49, 32, 375, -49, 0, 0, 0
L 32, 375, -49, 45, 374, -49, 0, 0, 0
L 45, 374, -49, 47, 384, -49, 0, 0, 0
L 47, 384, -49, 202, 384, -48, 0, 0, 0
L 202, 384, -48, 205, 374, -48, 0, 0, 0
L -9, -183, 17, -8, -208, 17, 0, 0, 0
L -8, -208, 17, -27, -226, 17, 0, 0, 0
L -27, -226, 17, -34, -225, 17, 0, 0, 0
L -34, -225, 17, -33, -238, 17, 0, 0, 0
L -33, -238, 17, 49, -238, 13, 0, 0, 0
L 49, -238, 13, 49, -335, 17, 0, 0, 0
L 49, -335, 17, 39, -344, 17, 0, 0, 0
L 39, -344, 17, -5, -343, 17, 0, 0, 0
L -5, -343, 17, -8, -414, 51, 0, 0, 0
L -8, -414, 51, 60, -414, 54, 0, 0, 0
L 60, -414, 54, 82, -441, 54, 0, 0, 0
L 82, -441, 54, 82, -493, 54, 0, 0, 0
L 82, -493, 54, 60, -520, 54, 0, 0, 0
L 60, -520, 54, -8, -520, 51, 0, 0, 0
L -8, -520, 51, -9, -553, 51, 0, 0, 0
L -9, -553, 51, -42, -554, 51, 0, 0, 0
L -42, -554, 51, -42, -623, 54, 0, 0, 0
L -42, -623, 54, -69, -645, 54, 0, 0, 0
L -69, -645, 54, -121, -645, 54, 0, 0, 0
L -121, -645, 54, -148, -623, 54, 0, 0, 0
L -148, -623, 54, -148, -608, 54, 0, 0, 0
L -148, -608, 54, -165, -607, 60, 0, 0, 0
L -165, -607, 60, -195, -639, 50, 0, 0, 0
L -195, -639, 50, -195, -695, 60, 0, 0, 0
L -217, -695, 60, -217, -639, 60, 0, 0, 0
L -217, -639, 60, -164, -585, 60, 0, 0, 0
L -164, -585, 60, -148, -584, 54, 0, 0, 0
L -148, -584, 54, -148, -539, 45, 0, 0, 0
L -148, -539, 45, -24, -539, 51, 0, 0, 0
L -24, -539, 51, -23, -409, 49, 0, 0, 0
L -23, -409, 49, -27, -343, 17, 0, 0, 0
L 22, -431, 75, 24, -392, 66, 0, 0, 0
L 24, -392, 66, 42, -392, 71, 0, 0, 0
L 42, -392, 71, 44, -431, 83, 0, 0, 0
L 65, -458, 83, 130, -458, 77, 0, 0, 0
L 130, -458, 77, 130, -552, 80, 0, 0, 0
L 130, -552, 80, 131, -627, 102, 0, 0, 0
L 131, -627, 102, 143, -627, 101, 0, 0, 0
L 143, -627, 101, 157, -637, 100, 0, 0, 0
L 157, -637, 100, 156, -643, 100, 0, 0, 0
L 156, -643, 100, 185, -645, 100, 0, 0, 0
L 185, -645, 100, 186, -640, 100, 0, 0, 0
L 186, -640, 100, 167, -639, 100, 0, 0, 0
L 167, -639, 100, 167, -611, 100, 0, 0, 0
L 167, -611, 100, 204, -611, 100, 0, 0, 0
L 204, -611, 100, 204, -696, 93, 0, 0, 0
L 204, -696, 93, 167, -696, 93, 0, 0, 0
L 167, -696, 93, 167, -669, 100, 0, 0, 0
L 167, -669, 100, 185, -669, 100, 0, 0, 0
L 185, -669, 100, 186, -664, 100, 0, 0, 0
L 186, -664, 100, 156, -664, 100, 0, 0, 0
L 156, -664, 100, 157, -672, 100, 0, 0, 0
L 157, -672, 100, 133, -686, 102, 0, 0, 0
L 133, -686, 102, 130, -749, 92, 0, 0, 0
L 130, -749, 92, 43, -751, 92, 0, 0, 0
L 43, -751, 92, 42, -758, 89, 0, 0, 0
L 42, -758, 89, 24, -760, 87, 0, 0, 0
L 24, -760, 87, 22, -750, 92, 0, 0, 0
L 22, -750, 92, -84, -750, 92, 0, 0, 0
L -84, -750, 92, -86, -798, 87, 0, 0, 0
L -86, -798, 87, -104, -796, 84, 0, 0, 0
L -104, -796, 84, -106, -750, 92, 0, 0, 0
L -106, -750, 92, -158, -749, 76, 0, 0, 0
L -158, -749, 76, -215, -749, 76, 0, 0, 0
L -215, -749, 76, -217, -684, 60, 0, 0, 0
L -195, -687, 60, -196, -729, 76, 0, 0, 0
L -196, -729, 76, -146, -731, 80, 0, 0, 0
L -146, -731, 80, -105, -729, 92, 0, 0, 0
L -105, -729, 92, -85, -729, 92, 0, 0, 0
L -85, -729, 92, -82, -731, 92, 0, 0, 0
L -82, -731, 92, -51, -730, 86, 0, 0, 0
L -51, -730, 86, -76, -725, 103, 0, 0, 0
L -76, -725, 103, -76, -705, 112, 0, 0, 0
L -76, -705, 112, -32, -702, 96, 0, 0, 0
L -32, -702, 96, -37, -699, 113, 0, 0, 0
L -37, -699, 113, -37, -687, 113, 0, 0, 0
L -37, -687, 113, -44, -686, 114, 0, 0, 0
L -44, -686, 114, -44, -694, 115, 0, 0, 0
L -44, -694, 115, -71, -694, 115, 0, 0, 0
L -71, -694, 115, -71, -656, 115, 0, 0, 0
L -71, -656, 115, -44, -656, 115, 0, 0, 0
L -44, -656, 115, -44, -661, 115, 0, 0, 0
L -44, -661, 115, -37, -661, 113, 0, 0, 0
L -37, -661, 113, -37, -610, 113, 0, 0, 0
L -37, -610, 113, 15, -610, 109, 0, 0, 0
L 15, -610, 109, 15, -638, 113, 0, 0, 0
L 15, -638, 113, -14, -638, 113, 0, 0, 0
L -14, -638, 113, -15, -652, 113, 0, 0, 0
L -15, -652, 113, -11, -652, 107, 0, 0, 0
L -11, -652, 107, -10, -643, 113, 0, 0, 0
L -10, -643, 113, 20, -643, 108, 0, 0, 0
L 20, -643, 108, 24, -668, 101, 0, 0, 0
L 24, -668, 101, 27, -658, 95, 0, 0, 0
L 27, -658, 95, 24, -609, 76, 0, 0, 0
L 24, -609, 76, -59, -607, 83, 0, 0, 0
L 65, -478, 83, 111, -477, 77, 0, 0, 0
L 111, -477, 77, 112, -547, 78, 0, 0, 0
L 112, -547, 78, 112, -586, 92, 0, 0, 0
L 112, -586, 92, 113, -629, 92, 0, 0, 0
L 113, -629, 92, 110, -627, 76, 0, 0, 0
L 110, -627, 76, 110, -686, 76, 0, 0, 0
L 110, -686, 76, 112, -690, 92, 0, 0, 0
L 112, -690, 92, 110, -730, 92, 0, 0, 0
L 110, -730, 92, 43, -729, 92, 0, 0, 0
L 43, -729, 92, 42, -636, 92, 0, 0, 0
L 42, -636, 92, 44, -606, 76, 0, 0, 0
L 44, -606, 76, 94, -605, 91, 0, 0, 0
L 94, -605, 91, 94, -587, 91, 0, 0, 0
L 94, -587, 91, 44, -586, 76, 0, 0, 0
L 44, -586, 76, 45, -503, 83, 0, 0, 0
L 21, -503, 81, 22, -586, 76, 0, 0, 0
L 22, -586, 76, -59, -585, 81, 0, 0, 0
L -37, -699, 113, -15, -699, 113, 0, 0, 0
L -15, -699, 113, -15, -668, 113, 0, 0, 0
L -15, -668, 113, -10, -669, 113, 0, 0, 0
L -10, -669, 113, -10, -699, 113, 0, 0, 0
L -10, -699, 113, -2, -699, 113, 0, 0, 0
L -2, -699, 113, -3, -706, 109, 0, 0, 0
L -3, -706, 109, -35, -704, 94, 0, 0, 0
L -35, -704, 94, -76, -705, 112, 0, 0, 0
L -76, -705, 112, -76, -725, 103, 0, 0, 0
L -76, -725, 103, -40, -726, 92, 0, 0, 0
L -40, -726, 92, -39, -730, 90, 0, 0, 0
L 24, -687, 92, 22, -730, 92, 0, 0, 0
L 22, -730, 92, -7, -732, 93, 0, 0, 0
L -7, -732, 93, -5, -727, 86, 0, 0, 0
L -5, -727, 86, 19, -726, 92, 0, 0, 0
L 19, -726, 92, 19, -682, 103, 0, 0, 0
L 19, -682, 103, 24, -684, 92, 0, 0, 0
L -85, -628, 83, -86, -724, 77, 0, 0, 0
L -86, -724, 77, -104, -724, 77, 0, 0, 0
L -104, -724, 77, -103, -708, 84, 0, 0, 0
L -103, -708, 84, -108, -707, 86, 0, 0, 0
L -108, -707, 86, -110, -720, 94, 0, 0, 0
L -110, -720, 94, -122, -720, 97, 0, 0, 0
L -122, -720, 97, -130, -709, 97, 0, 0, 0
L -130, -709, 97, -139, -703, 96, 0, 0, 0
L -139, -703, 96, -136, -699, 97, 0, 0, 0
L -136, -699, 97, -139, -679, 86, 0, 0, 0
L -139, -679, 86, -130, -670, 95, 0, 0, 0
L -130, -670, 95, -118, -661, 95, 0, 0, 0
L -118, -661, 95, -108, -661, 91, 0, 0, 0
L -108, -661, 91, -108, -682, 88, 0, 0, 0
L -108, -682, 88, -104, -682, 86, 0, 0, 0
L -104, -682, 86, -105, -628, 83, 0, 0, 0
L -27, -343, 17, -58, -344, 17, 0, 0, 0
L -58, -344, 17, -68, -335, 17, 0, 0, 0
L -68, -335, 17, -68, -237, 17, 0, 0, 0
