P -283.4510, -594.4830, -139.0000,  0, 0, 0,  2,  Volunteer_Renlor
P 344.5870, 672.2000, -1.0910,  0, 0, 0,  2,  Winn_Greenbane
P 354.7920, 679.0120, -13.5560,  0, 0, 0,  2,  Dovik_Greenbane
P 370.8820, 677.1400, -16.3810,  0, 0, 0,  2,  Mardon_Smith
P 263.3630, 390.8870, -16.0370,  0, 0, 0,  2,  Jovan
P 227.7290, 430.2100, -16.1060,  0, 0, 0,  2,  Gublink_Furnhorn
P 220.5720, 446.8460, -13.9770,  0, 0, 0,  2,  Scar
P 226.8440, 459.1500, -14.5190,  0, 0, 0,  2,  Bartholemew
P -673.8400, 257.2550, 3.7420,  0, 0, 0,  2,  Dyn_Tarburner
P -609.6280, 161.2950, -17.0840,  0, 0, 0,  2,  Lyn_Tarburner
P -639.8190, 103.4850, -17.4850,  0, 0, 0,  2,  Alhareen_the_Just
P -166.9960, 100.2010, 31.2570,  0, 0, 0,  2,  Dalishea
P -174.5040, 82.8320, 31.0540,  0, 0, 0,  2,  Greth_Truksorn
P -192.8980, 100.1710, 36.4390,  0, 0, 0,  2,  Brenon
P -328.7070, -34.9840, 40.4640,  0, 0, 0,  2,  Anson_McBale
P -52.3590, -16.1690, 40.4140,  0, 0, 0,  2,  Dyllin_Starsine
P 583.6150, -443.5230, 19.3970,  0, 0, 0,  2,  Kaden_Gron
P 607.7420, -426.4790, 18.6410,  0, 0, 0,  2,  Prak
P 617.2700, -464.9350, 18.9420,  0, 0, 0,  2,  Breck_Damison
P 575.3920, -459.6560, 18.6930,  0, 0, 0,  2,  Crenn_Salbet
P 573.0640, -458.7420, 40.2030,  0, 0, 0,  2,  Malik_Zaren
P 543.4800, -423.7070, 40.2820,  0, 0, 0,  2,  Vranol_Blackguard
P 588.7410, -416.3260, 18.9710,  0, 0, 0,  2,  Lyla_Whistlewood
P 575.5870, -421.0340, 19.6000,  0, 0, 0,  2,  Tami_Whistlewood
P -586.3040, -206.5280, 37.5350,  0, 0, 0,  2,  Gaigin_Greyeagle
P -581.1480, -231.2760, 40.1260,  0, 0, 0,  2,  Min_Greyeagle
P -619.8080, -239.7620, 37.7130,  0, 0, 0,  2,  Burgek
P -630.0550, -235.2240, 37.8020,  0, 0, 0,  2,  Falyn_Farreach
P -585.3970, 266.5890, -17.4750,  240, 127, 0,  2,  A_Rod
P -29.3020, 791.4280, 8.9870,  0, 0, 240,  2,  Captain_Ashlan
P -101.7960, 419.1370, -36.8220,  0, 0, 0,  2,  Wres_Corber
P -4.9290, 480.4840, -39.9150,  0, 0, 0,  2,  Dyona_Rossook
P 7.4740, 481.2990, -36.9750,  0, 0, 0,  2,  Sernn_Rossook
P 261.0370, 131.8890, -25.9360,  0, 0, 0,  2,  Commander_Tehafer
P 499.0000, -467.0000, 11.0000,  0, 0, 0,  3,  golden_rooster
P -327.0000, -977.0000, -127.0000,  0, 0, 0,  2,  blocked
P 315.0000, 110.0000, -26.0000,  0, 240, 0,  3,  To_Highkeep
P 256.0000, 587.0000, -27.0000,  0, 0, 0,  3,  "The_Lumberyard"
P 407.0000, 628.0000, -17.0000,  0, 0, 0,  3,  greenbane's_weapons
P 364.0000, 626.0000, -17.0000,  0, 0, 0,  2,  forge
P -83.0000, 1206.0000, -66.0000,  0, 240, 0,  3,  To_Kithicor
P -491.0000, 61.0000, -23.0000,  0, 0, 0,  3,  tiger's_roar
P -574.0000, 108.0000, -18.0000,  0, 0, 0,  2,  brew_barrel
P -578.0000, 136.0000, -18.0000,  0, 0, 0,  1,  Oven
P -635.0000, -206.0000, 37.0000,  0, 0, 0,  2,  kiln_(pottery)
P -644.0000, -181.0000, 37.0000,  0, 0, 0,  2,  Top_of_the_world
P 27.0000, 490.0000, -40.0000,  0, 0, 0,  3,  forge_(smithing)
P 204.0000, -1049.0000, -195.0000,  0, 240, 0,  3,  To_Blightfire_Moors
P -93.0000, -1325.0000, -206.0000,  0, 240, 0,  3,  To_East_Karana
P -145.0000, 88.0000, 31.0000,  0, 0, 0,  2,  greth_dalishea
