P -436.2690, 644.9940, -57.1120,  0, 60, 0,  3,  Obsqura_the_Friendless_Lizard
P 1290.5610, -1672.1840, 536.0200,  0, 0, 240,  2,  Gnashclaw_Stonefe_(Quests)
P 1277.2280, -1754.5640, 549.0200,  0, 0, 240,  2,  War_Captain_Rockfist_(Quests)
P 1201.4830, -1616.5380, 552.2410,  0, 0, 240,  2,  Sayrook
P 1328.8340, -1665.1700, 569.3410,  0, 0, 240,  2,  Gorbak_(Quests)
P 1353.0410, -1619.9500, 562.4280,  0, 0, 240,  2,  Togtak_(Quests)
P 1315.8220, -1752.7340, 570.0590,  0, 0, 240,  2,  Ironskull_(Quests)
P 1138.8290, -1898.4460, 539.7420,  0, 0, 240,  2,  Pack_Leader_Orgak_(Quests)
P -1628.1810, -602.8760, 58.3560,  0, 0, 240,  2,  War_Master_Brutak_(Quests)
P -1649.8210, -786.1260, 54.1570,  0, 0, 240,  2,  Verkorn_(Quests)
P -1767.7540, -554.8740, 51.9580,  0, 0, 240,  2,  Longbrow_(Quests)
P 662.9470, 762.0440, -100.5010,  0, 0, 240,  2,  Lake_Okeian
P -225.6350, 1344.3290, -95.4010,  0, 0, 240,  2,  Okeian_River
P -51.9290, -1641.1340, 54.6220,  0, 0, 0,  2,  Thunderfist_(quests)
P 118.1640, -1542.8180, 47.5550,  100, 100, 100,  2,  Malgen_(quests)
P 762.8110, 1566.7480, -45.7050,  0, 0, 0,  2,  Ezna_Connoy_(Shaman_Spells)
P 785.8670, 1563.3330, -49.2810,  0, 0, 0,  2,  Tavin_of_the_Wild_(Beastlord_Spells)
P 1054.0000, 2231.0000, 36.0000,  0, 0, 0,  2,  La`See
P 1085.0000, 2217.0000, 36.0000,  0, 0, 0,  2,  Well
P -1138.0000, -718.0000, -58.0000,  0, 0, 0,  2,  Goreman_(kobold_quests)
P 869.0000, -2073.0000, 677.0000,  0, 0, 0,  2,  Kregnad_(orc_quests)
P -559.0000, -882.0000, 1.0000,  0, 0, 0,  2,  Snowblind_in_igloo
P -844.0000, 2056.0000, -94.0000,  0, 240, 0,  3,  To_The_Steppes
P -1065.0000, -2245.0000, 83.0000,  0, 0, 0,  3,  wizard_spires
P 4.0000, -2491.0000, 641.0000,  0, 240, 0,  3,  To_Valdeholm
P 229.0000, -1643.0000, 405.0000,  240, 0, 0,  2,  see_invis_dire_wolfs
P 1111.0000, -1873.0000, 534.0000,  0, 0, 0,  2,  Lowfire_(wanders+sees_invis)
P 3096.0891, 2108.3589, -210.7490,  240, 0, 0,  1,  Avalanche
P 1560.2330, 2006.3080, -178.4050,  0, 0, 240,  1,  a_wounded_kobold
P -1797.0100, -536.0980, 59.9760,  240, 0, 0,  1,  NIghtmoon_Chieftain_Blacktooth
P -710.0750, -1956.4310, 21.2270,  240, 0, 0,  1,  Taruskor
P -740.0980, -2155.4500, 85.6570,  240, 0, 0,  1,  Berzok_the_Reclue
P -282.7020, 763.6720, -49.3370,  240, 0, 0,  1,  Stalker_of_the_Plains(roamer)
P 714.2820, 168.6030, 100.1410,  240, 0, 0,  1,  Blueface_the_Hoard(roamer)
P 353.4720, 438.7940, -19.7670,  240, 0, 0,  1,  Tarnuk_/_Lowfire_(roams)
P 2916.6360, 1743.1830, -213.1990,  0, 0, 240,  1,  a_trapped_Wraithguard
P 94.3840, -1379.0300, 44.8270,  240, 0, 0,  1,  Ironeyes
P 1199.4950, -1683.0811, 568.7290,  240, 0, 0,  1,  Coldeye_Keymaster
P 2418.2959, -709.1390, 396.7810,  240, 0, 0,  1,  Chillbone_(roamer)
P 346.6750, -1792.4860, 483.4200,  240, 0, 0,  1,  Grimjaw
P 1413.7380, -1646.2380, 548.3250,  0, 0, 240,  1,  Kaldimar
P 1244.8990, -1565.6790, 534.4850,  0, 0, 240,  1,  Coldeye_Chieftan_Blizzard
P -680.4660, 2141.9199, 4.5200,  0, 0, 240,  1,  Alibee
P -1160.0380, 1815.7111, 31.6300,  240, 0, 0,  1,  Frostpaw_(roamer)
P 836.6300, 1865.2390, -52.6090,  240, 0, 0,  1,  Hunter_(roamer)
P 1085.8470, 2229.2190, 32.7850,  0, 240, 0,  1,  Timmi's_Well
P 183.9920, -1154.2460, 46.2950,  240, 0, 0,  1,  Nightmoon_Chieftain_Snowmane
P -1062.0000, -2250.0000, 81.0000,  0, 240, 240,  2,  5-wizard_spire
P 89.0000, -2304.0000, 633.0000,  0, 240, 240,  2,  4-NW_along_the_hills
P 968.0000, -1873.0000, 553.0000,  0, 240, 240,  2,  3-NE_icy_encamp.
P 871.0000, 1786.0000, -49.0000,  0, 240, 240,  2,  2-tracks_NE_of_ruins
P -754.0000, 1928.0000, -59.0000,  0, 240, 240,  2,  1_-_follow_the_tracks
