L 540, -60, -115, 542, -60, -115, 0, 127, 127
L 539, -62, -117, 540, -60, -115, 0, 127, 127
L 541, -63, -117, 539, -62, -117, 0, 127, 127
L 541, -77, -121, 541, -63, -117, 0, 127, 127
L 542, -87, -124, 541, -77, -121, 0, 127, 127
L 542, -89, -125, 542, -87, -124, 0, 127, 127
L 541, -95, -125, 542, -89, -125, 0, 127, 127
L 541, -97, -125, 541, -95, -125, 0, 127, 127
L 542, -99, -125, 541, -97, -125, 0, 127, 127
L 544, -100, -125, 542, -99, -125, 0, 127, 127
L 547, -101, -125, 544, -100, -125, 0, 127, 127
L 549, -101, -125, 547, -101, -125, 0, 127, 127
L 550, -102, -125, 549, -101, -125, 0, 127, 127
L 551, -103, -126, 550, -102, -125, 0, 127, 127
L 554, -106, -127, 551, -103, -126, 0, 127, 127
L 555, -108, -128, 554, -106, -127, 0, 127, 127
L 557, -109, -128, 555, -108, -128, 0, 127, 127
L 559, -110, -127, 557, -109, -128, 0, 127, 127
L 560, -110, -125, 559, -110, -127, 0, 127, 127
L 561, -108, -124, 560, -110, -125, 0, 127, 127
L 562, -106, -124, 561, -108, -124, 0, 127, 127
L 565, -105, -124, 562, -106, -124, 0, 127, 127
L 569, -105, -126, 565, -105, -124, 0, 127, 127
L 570, -104, -126, 569, -105, -126, 0, 127, 127
L 572, -103, -126, 570, -104, -126, 0, 127, 127
L 573, -101, -125, 572, -103, -126, 0, 127, 127
L 574, -100, -124, 573, -101, -125, 0, 127, 127
L 575, -98, -123, 574, -100, -124, 0, 127, 127
L 583, -92, -123, 575, -98, -123, 0, 127, 127
L 584, -90, -123, 583, -92, -123, 0, 127, 127
L 586, -89, -123, 584, -90, -123, 0, 127, 127
L 587, -87, -122, 586, -89, -123, 0, 127, 127
L 588, -86, -121, 587, -87, -122, 0, 127, 127
L 589, -84, -120, 588, -86, -121, 0, 127, 127
L 591, -83, -120, 589, -84, -120, 0, 127, 127
L 592, -82, -120, 591, -83, -120, 0, 127, 127
L 594, -81, -120, 592, -82, -120, 0, 127, 127
L 603, -79, -122, 594, -81, -120, 0, 127, 127
L 605, -79, -123, 603, -79, -122, 0, 127, 127
L 607, -78, -123, 605, -79, -123, 0, 127, 127
L 611, -77, -122, 607, -78, -123, 0, 127, 127
L 613, -76, -122, 611, -77, -122, 0, 127, 127
L 614, -74, -122, 613, -76, -122, 0, 127, 127
L 615, -73, -122, 614, -74, -122, 0, 127, 127
L 616, -71, -122, 615, -73, -122, 0, 127, 127
L 616, -69, -122, 616, -71, -122, 0, 127, 127
L 617, -68, -122, 616, -69, -122, 0, 127, 127
L 619, -64, -122, 617, -68, -122, 0, 127, 127
L 619, -63, -122, 619, -64, -122, 0, 127, 127
L 620, -61, -121, 619, -63, -122, 0, 127, 127
L 620, -56, -121, 620, -61, -121, 0, 127, 127
L 619, -55, -120, 620, -56, -121, 0, 127, 127
L 617, -55, -120, 619, -55, -120, 0, 127, 127
L 615, -54, -119, 617, -55, -120, 0, 127, 127
L 614, -53, -119, 615, -54, -119, 0, 127, 127
L 611, -50, -117, 614, -53, -119, 0, 127, 127
L 608, -48, -116, 611, -50, -117, 0, 127, 127
L 606, -47, -116, 608, -48, -116, 0, 127, 127
L 603, -46, -115, 606, -47, -116, 0, 127, 127
L 601, -46, -114, 603, -46, -115, 0, 127, 127
L 600, -47, -114, 601, -46, -114, 0, 127, 127
L 598, -49, -113, 600, -47, -114, 0, 127, 127
L 593, -54, -111, 598, -49, -113, 0, 127, 127
L 592, -55, -111, 593, -54, -111, 0, 127, 127
L 581, -56, -112, 592, -55, -111, 0, 127, 127
L 577, -58, -112, 581, -56, -112, 0, 127, 127
L 569, -57, -112, 577, -58, -112, 0, 127, 127
L 567, -57, -112, 569, -57, -112, 0, 127, 127
L 562, -56, -112, 567, -57, -112, 0, 127, 127
L 560, -56, -112, 562, -56, -112, 0, 127, 127
L 547, -58, -112, 560, -56, -112, 0, 127, 127
L 544, -59, -110, 547, -58, -112, 0, 127, 127
L 609, 76, -128, 607, 75, -128, 0, 127, 127
L 615, 78, -128, 609, 76, -128, 0, 127, 127
L 617, 79, -128, 615, 78, -128, 0, 127, 127
L 623, 81, -128, 617, 79, -128, 0, 127, 127
L 625, 81, -128, 623, 81, -128, 0, 127, 127
L 628, 82, -127, 625, 81, -128, 0, 127, 127
L 630, 82, -126, 628, 82, -127, 0, 127, 127
L 635, 82, -126, 630, 82, -126, 0, 127, 127
L 641, 80, -126, 635, 82, -126, 0, 127, 127
L 655, 76, -126, 641, 80, -126, 0, 127, 127
L 657, 75, -126, 655, 76, -126, 0, 127, 127
L 659, 75, -126, 657, 75, -126, 0, 127, 127
L 661, 74, -126, 659, 75, -126, 0, 127, 127
L 674, 61, -126, 661, 74, -126, 0, 127, 127
L 676, 60, -126, 674, 61, -126, 0, 127, 127
L 678, 56, -126, 676, 60, -126, 0, 127, 127
L 678, 55, -126, 678, 56, -126, 0, 127, 127
L 681, 43, -128, 678, 55, -126, 0, 127, 127
L 682, 41, -128, 681, 43, -128, 0, 127, 127
L 682, 39, -128, 682, 41, -128, 0, 127, 127
L 684, 31, -128, 682, 39, -128, 0, 127, 127
L 685, 20, -129, 684, 31, -128, 0, 127, 127
L 685, 13, -129, 685, 20, -129, 0, 127, 127
L 686, 7, -128, 685, 13, -129, 0, 127, 127
L 687, -7, -131, 686, 7, -128, 0, 127, 127
L 687, -8, -131, 687, -7, -131, 0, 127, 127
L 688, -22, -129, 687, -8, -131, 0, 127, 127
L 688, -24, -129, 688, -22, -129, 0, 127, 127
L 687, -26, -129, 688, -24, -129, 0, 127, 127
L 686, -27, -129, 687, -26, -129, 0, 127, 127
L 685, -29, -130, 686, -27, -129, 0, 127, 127
L 679, -37, -131, 685, -29, -130, 0, 127, 127
L 676, -41, -131, 679, -37, -131, 0, 127, 127
L 673, -47, -128, 676, -41, -131, 0, 127, 127
L 672, -49, -128, 673, -47, -128, 0, 127, 127
L 670, -50, -128, 672, -49, -128, 0, 127, 127
L 669, -51, -127, 670, -50, -128, 0, 127, 127
L 668, -53, -127, 669, -51, -127, 0, 127, 127
L 661, -56, -128, 668, -53, -127, 0, 127, 127
L 658, -57, -128, 661, -56, -128, 0, 127, 127
L 647, -62, -125, 658, -57, -128, 0, 127, 127
L 646, -63, -124, 647, -62, -125, 0, 127, 127
L 644, -64, -122, 646, -63, -124, 0, 127, 127
L 642, -67, -122, 644, -64, -122, 0, 127, 127
L 641, -69, -122, 642, -67, -122, 0, 127, 127
L 635, -74, -123, 641, -69, -122, 0, 127, 127
L 633, -77, -124, 635, -74, -123, 0, 127, 127
L 631, -80, -124, 633, -77, -124, 0, 127, 127
L 627, -84, -124, 631, -80, -124, 0, 127, 127
L 610, -93, -124, 627, -84, -124, 0, 127, 127
L 609, -93, -124, 610, -93, -124, 0, 127, 127
L 607, -94, -124, 609, -93, -124, 0, 127, 127
L 600, -96, -124, 607, -94, -124, 0, 127, 127
L 597, -96, -124, 600, -96, -124, 0, 127, 127
L 593, -98, -124, 597, -96, -124, 0, 127, 127
L 592, -100, -124, 593, -98, -124, 0, 127, 127
L 592, -102, -124, 592, -100, -124, 0, 127, 127
L 591, -106, -124, 592, -102, -124, 0, 127, 127
L 590, -108, -124, 591, -106, -124, 0, 127, 127
L 586, -114, -124, 590, -108, -124, 0, 127, 127
L 585, -116, -125, 586, -114, -124, 0, 127, 127
L 584, -117, -125, 585, -116, -125, 0, 127, 127
L 578, -122, -127, 584, -117, -125, 0, 127, 127
L 572, -128, -127, 578, -122, -127, 0, 127, 127
L 570, -129, -127, 572, -128, -127, 0, 127, 127
L 568, -130, -128, 570, -129, -127, 0, 127, 127
L 567, -130, -128, 568, -130, -128, 0, 127, 127
L 554, -129, -130, 567, -130, -128, 0, 127, 127
L 550, -130, -130, 554, -129, -130, 0, 127, 127
L 544, -128, -131, 550, -130, -130, 0, 127, 127
L 542, -128, -131, 544, -128, -131, 0, 127, 127
L 540, -127, -131, 542, -128, -131, 0, 127, 127
L 539, -125, -131, 540, -127, -131, 0, 127, 127
L 536, -123, -131, 539, -125, -131, 0, 127, 127
L 535, -121, -132, 536, -123, -131, 0, 127, 127
L 533, -120, -132, 535, -121, -132, 0, 127, 127
L 528, -118, -131, 533, -120, -132, 0, 127, 127
L 527, -117, -131, 528, -118, -131, 0, 127, 127
L 526, -111, -131, 527, -117, -131, 0, 127, 127
L 527, -109, -131, 526, -111, -131, 0, 127, 127
L 527, -104, -130, 527, -109, -131, 0, 127, 127
L 527, -102, -130, 527, -104, -130, 0, 127, 127
L 526, -100, -130, 527, -102, -130, 0, 127, 127
L 525, -99, -129, 526, -100, -130, 0, 127, 127
L 522, -93, -126, 525, -99, -129, 0, 127, 127
L 521, -92, -126, 522, -93, -126, 0, 127, 127
L 520, -88, -125, 521, -92, -126, 0, 127, 127
L 521, -86, -124, 520, -88, -125, 0, 127, 127
L 523, -77, -122, 521, -86, -124, 0, 127, 127
L 524, -72, -120, 523, -77, -122, 0, 127, 127
L 524, -70, -119, 524, -72, -120, 0, 127, 127
L 523, -63, -116, 524, -70, -119, 0, 127, 127
L 523, -61, -114, 523, -63, -116, 0, 127, 127
L 521, -53, -109, 523, -61, -114, 0, 127, 127
L 521, -49, -109, 521, -53, -109, 0, 127, 127
L 520, -47, -109, 521, -49, -109, 0, 127, 127
L 516, -41, -105, 520, -47, -109, 0, 127, 127
L 515, -39, -104, 516, -41, -105, 0, 127, 127
L 514, -38, -102, 515, -39, -104, 0, 127, 127
L 512, -37, -100, 514, -38, -102, 0, 127, 127
L 508, -35, -95, 512, -37, -100, 0, 127, 127
L 507, -34, -92, 508, -35, -95, 0, 127, 127
L 505, -33, -89, 507, -34, -92, 0, 127, 127
L 504, -29, -88, 505, -33, -89, 0, 127, 127
L 503, -27, -88, 504, -29, -88, 0, 127, 127
L 502, -24, -86, 503, -27, -88, 0, 127, 127
L 501, -22, -85, 502, -24, -86, 0, 127, 127
L 500, -21, -83, 501, -22, -85, 0, 127, 127
L 500, -19, -81, 500, -21, -83, 0, 127, 127
L 498, -16, -79, 500, -19, -81, 0, 127, 127
L 622, 80, -128, 626, 81, -129, 0, 127, 127
L 620, 80, -128, 622, 80, -128, 0, 127, 127
L 619, 79, -128, 620, 80, -128, 0, 127, 127
L 617, 78, -128, 619, 79, -128, 0, 127, 127
L 616, 77, -128, 617, 78, -128, 0, 127, 127
L 612, 72, -128, 616, 77, -128, 0, 127, 127
L 610, 71, -128, 612, 72, -128, 0, 127, 127
L 607, 69, -128, 610, 71, -128, 0, 127, 127
L 606, 68, -128, 607, 69, -128, 0, 127, 127
L 604, 67, -128, 606, 68, -128, 0, 127, 127
L 602, 67, -129, 604, 67, -128, 0, 127, 127
L 600, 68, -128, 602, 67, -129, 0, 127, 127
L 599, 70, -128, 600, 68, -128, 0, 127, 127
L 598, 71, -127, 599, 70, -128, 0, 127, 127
L 595, 75, -126, 598, 71, -127, 0, 127, 127
L 593, 79, -126, 595, 75, -126, 0, 127, 127
L 591, 82, -126, 593, 79, -126, 0, 127, 127
L 590, 83, -127, 591, 82, -126, 0, 127, 127
L 589, 85, -127, 590, 83, -127, 0, 127, 127
L 582, 94, -125, 589, 85, -127, 0, 127, 127
L 579, 99, -125, 582, 94, -125, 0, 127, 127
L 578, 101, -125, 579, 99, -125, 0, 127, 127
L 577, 102, -126, 578, 101, -125, 0, 127, 127
L 575, 107, -128, 577, 102, -126, 0, 127, 127
L 575, 108, -129, 575, 107, -128, 0, 127, 127
L 574, 111, -129, 575, 108, -129, 0, 127, 127
L 573, 112, -129, 574, 111, -129, 0, 127, 127
L 571, 113, -129, 573, 112, -129, 0, 127, 127
L 569, 113, -128, 571, 113, -129, 0, 127, 127
L 564, 111, -128, 569, 113, -128, 0, 127, 127
L 553, 109, -128, 564, 111, -128, 0, 127, 127
L 549, 107, -128, 553, 109, -128, 0, 127, 127
L 533, 96, -128, 549, 107, -128, 0, 127, 127
L 528, 93, -127, 533, 96, -128, 0, 127, 127
L 527, 92, -127, 528, 93, -127, 0, 127, 127
L 518, 88, -127, 527, 92, -127, 0, 127, 127
L 512, 85, -127, 518, 88, -127, 0, 127, 127
L 511, 84, -127, 512, 85, -127, 0, 127, 127
L 510, 82, -127, 511, 84, -127, 0, 127, 127
L 508, 81, -128, 510, 82, -127, 0, 127, 127
L 507, 80, -128, 508, 81, -128, 0, 127, 127
L 507, 77, -129, 507, 80, -128, 0, 127, 127
L 507, 75, -129, 507, 77, -129, 0, 127, 127
L 508, 73, -129, 507, 75, -129, 0, 127, 127
L 509, 72, -130, 508, 73, -129, 0, 127, 127
L 511, 70, -130, 509, 72, -130, 0, 127, 127
L 513, 68, -129, 511, 70, -130, 0, 127, 127
L 515, 67, -129, 513, 68, -129, 0, 127, 127
L 517, 63, -129, 515, 67, -129, 0, 127, 127
L 517, 62, -129, 517, 63, -129, 0, 127, 127
L 518, 58, -128, 517, 62, -129, 0, 127, 127
L 519, 56, -128, 518, 58, -128, 0, 127, 127
L 520, 51, -128, 519, 56, -128, 0, 127, 127
L 520, 50, -128, 520, 51, -128, 0, 127, 127
L 522, 46, -128, 520, 50, -128, 0, 127, 127
L 523, 45, -128, 522, 46, -128, 0, 127, 127
L 524, 43, -128, 523, 45, -128, 0, 127, 127
L 526, 40, -128, 524, 43, -128, 0, 127, 127
L 529, 37, -128, 526, 40, -128, 0, 127, 127
L 534, 31, -128, 529, 37, -128, 0, 127, 127
L 535, 29, -128, 534, 31, -128, 0, 127, 127
L 536, 28, -128, 535, 29, -128, 0, 127, 127
L 537, 26, -128, 536, 28, -128, 0, 127, 127
L 537, 24, -128, 537, 26, -128, 0, 127, 127
L 539, 17, -127, 537, 24, -128, 0, 127, 127
L 539, 16, -126, 539, 17, -127, 0, 127, 127
L 544, 9, -127, 539, 16, -126, 0, 127, 127
L 550, 1, -125, 544, 9, -127, 0, 127, 127
L 551, -1, -125, 550, 1, -125, 0, 127, 127
L 551, -3, -127, 551, -1, -125, 0, 127, 127
L 552, -4, -128, 551, -3, -127, 0, 127, 127
L 553, -6, -129, 552, -4, -128, 0, 127, 127
L 554, -7, -129, 553, -6, -129, 0, 127, 127
L 555, -9, -129, 554, -7, -129, 0, 127, 127
L 558, -12, -128, 555, -9, -129, 0, 127, 127
L 560, -13, -128, 558, -12, -128, 0, 127, 127
L 563, -12, -128, 560, -13, -128, 0, 127, 127
L 572, -7, -128, 563, -12, -128, 0, 127, 127
L 589, 3, -130, 572, -7, -128, 0, 127, 127
L 598, 7, -131, 589, 3, -130, 0, 127, 127
L 607, 12, -134, 598, 7, -131, 0, 127, 127
L 612, 15, -135, 607, 12, -134, 0, 127, 127
L 620, 20, -135, 612, 15, -135, 0, 127, 127
L 622, 21, -135, 620, 20, -135, 0, 127, 127
L 622, 25, -135, 622, 21, -135, 0, 127, 127
L 619, 29, -134, 622, 25, -135, 0, 127, 127
L 615, 37, -131, 619, 29, -134, 0, 127, 127
L 611, 44, -127, 615, 37, -131, 0, 127, 127
L 609, 48, -127, 611, 44, -127, 0, 127, 127
L 607, 49, -127, 609, 48, -127, 0, 127, 127
L 606, 50, -127, 607, 49, -127, 0, 127, 127
L 604, 51, -127, 606, 50, -127, 0, 127, 127
L 602, 51, -127, 604, 51, -127, 0, 127, 127
L 602, 53, -127, 602, 51, -127, 0, 127, 127
L 602, 55, -128, 602, 53, -127, 0, 127, 127
L 605, 58, -128, 602, 55, -128, 0, 127, 127
L 607, 58, -128, 605, 58, -128, 0, 127, 127
L 614, 59, -127, 607, 58, -128, 0, 127, 127
L 616, 60, -127, 614, 59, -127, 0, 127, 127
L 617, 60, -127, 616, 60, -127, 0, 127, 127
L 623, 64, -128, 617, 60, -127, 0, 127, 127
L 624, 64, -128, 623, 64, -128, 0, 127, 127
L 626, 65, -128, 624, 64, -128, 0, 127, 127
L 629, 64, -127, 626, 65, -128, 0, 127, 127
L 631, 63, -127, 629, 64, -127, 0, 127, 127
L 633, 62, -126, 631, 63, -127, 0, 127, 127
L 635, 61, -126, 633, 62, -126, 0, 127, 127
L 638, 62, -127, 635, 61, -126, 0, 127, 127
L 640, 63, -128, 638, 62, -127, 0, 127, 127
L 642, 63, -128, 640, 63, -128, 0, 127, 127
L 644, 62, -128, 642, 63, -128, 0, 127, 127
L 645, 61, -127, 644, 62, -128, 0, 127, 127
L 647, 60, -127, 645, 61, -127, 0, 127, 127
L 649, 59, -128, 647, 60, -127, 0, 127, 127
L 655, 56, -128, 649, 59, -128, 0, 127, 127
L 656, 55, -128, 655, 56, -128, 0, 127, 127
L 658, 54, -128, 656, 55, -128, 0, 127, 127
L 659, 52, -128, 658, 54, -128, 0, 127, 127
L 660, 48, -127, 659, 52, -128, 0, 127, 127
L 662, 43, -127, 660, 48, -127, 0, 127, 127
L 664, 39, -128, 662, 43, -127, 0, 127, 127
L 664, 37, -129, 664, 39, -128, 0, 127, 127
L 665, 33, -129, 664, 37, -129, 0, 127, 127
L 665, 31, -129, 665, 33, -129, 0, 127, 127
L 664, 28, -128, 665, 31, -129, 0, 127, 127
L 664, 26, -128, 664, 28, -128, 0, 127, 127
L 666, 22, -129, 664, 26, -128, 0, 127, 127
L 668, 18, -129, 666, 22, -129, 0, 127, 127
L 668, 12, -129, 668, 18, -129, 0, 127, 127
L 667, -0, -128, 668, 12, -129, 0, 127, 127
L 668, -2, -128, 667, -0, -128, 0, 127, 127
L 668, -4, -128, 668, -2, -128, 0, 127, 127
L 669, -8, -129, 668, -4, -128, 0, 127, 127
L 671, -11, -129, 669, -8, -129, 0, 127, 127
L 671, -13, -129, 671, -11, -129, 0, 127, 127
L 671, -15, -127, 671, -13, -129, 0, 127, 127
L 669, -19, -127, 671, -15, -127, 0, 127, 127
L 669, -21, -127, 669, -19, -127, 0, 127, 127
L 668, -25, -127, 669, -21, -127, 0, 127, 127
L 666, -29, -127, 668, -25, -127, 0, 127, 127
L 665, -30, -127, 666, -29, -127, 0, 127, 127
L 664, -32, -126, 665, -30, -127, 0, 127, 127
L 662, -32, -125, 664, -32, -126, 0, 127, 127
L 661, -34, -125, 662, -32, -125, 0, 127, 127
L 659, -35, -125, 661, -34, -125, 0, 127, 127
L 658, -36, -125, 659, -35, -125, 0, 127, 127
L 656, -39, -125, 658, -36, -125, 0, 127, 127
L 654, -41, -125, 656, -39, -125, 0, 127, 127
L 653, -42, -124, 654, -41, -125, 0, 127, 127
L 651, -43, -124, 653, -42, -124, 0, 127, 127
L 643, -44, -122, 651, -43, -124, 0, 127, 127
L 633, -45, -120, 643, -44, -122, 0, 127, 127
L 631, -44, -120, 633, -45, -120, 0, 127, 127
L 626, -43, -120, 631, -44, -120, 0, 127, 127
L 617, -39, -117, 626, -43, -120, 0, 127, 127
L 611, -37, -115, 617, -39, -117, 0, 127, 127
L 609, -36, -114, 611, -37, -115, 0, 127, 127
L 607, -36, -114, 609, -36, -114, 0, 127, 127
L 604, -35, -114, 607, -36, -114, 0, 127, 127
L 594, -34, -111, 604, -35, -114, 0, 127, 127
L 592, -33, -109, 594, -34, -111, 0, 127, 127
L 590, -34, -109, 592, -33, -109, 0, 127, 127
L 588, -34, -108, 590, -34, -109, 0, 127, 127
L 579, -37, -109, 588, -34, -108, 0, 127, 127
L 577, -38, -109, 579, -37, -109, 0, 127, 127
L 563, -41, -107, 577, -38, -109, 0, 127, 127
L 561, -42, -108, 563, -41, -107, 0, 127, 127
L 559, -42, -109, 561, -42, -108, 0, 127, 127
L 557, -42, -108, 559, -42, -109, 0, 127, 127
L 553, -41, -106, 557, -42, -108, 0, 127, 127
L 551, -40, -105, 553, -41, -106, 0, 127, 127
L 547, -39, -104, 551, -40, -105, 0, 127, 127
L 545, -39, -105, 547, -39, -104, 0, 127, 127
L 543, -38, -105, 545, -39, -105, 0, 127, 127
L 541, -38, -105, 543, -38, -105, 0, 127, 127
L 539, -37, -104, 541, -38, -105, 0, 127, 127
L 538, -36, -103, 539, -37, -104, 0, 127, 127
L 536, -34, -102, 538, -36, -103, 0, 127, 127
L 529, -30, -100, 536, -34, -102, 0, 127, 127
L 525, -28, -98, 529, -30, -100, 0, 127, 127
L 522, -25, -95, 525, -28, -98, 0, 127, 127
L 521, -24, -93, 522, -25, -95, 0, 127, 127
L 521, -22, -90, 521, -24, -93, 0, 127, 127
L 522, -20, -88, 521, -22, -90, 0, 127, 127
L 523, -19, -88, 522, -20, -88, 0, 127, 127
L 522, -17, -87, 523, -19, -88, 0, 127, 127
L 512, -7, -80, 522, -17, -87, 0, 127, 127
L 386, 16, -51, 386, 23, -51, 0, 0, 0
L 386, 23, -51, 384, 23, -51, 0, 0, 0
L 384, 23, -51, 381, 23, -47, 0, 0, 0
L 381, 23, -47, 381, 24, -47, 0, 0, 0
L 381, 24, -47, 382, 31, -49, 0, 0, 0
L 382, 31, -49, 382, 39, -49, 0, 0, 0
L 382, 39, -49, 382, 40, -50, 0, 0, 0
L 382, 40, -50, 383, 44, -50, 0, 0, 0
L 383, 44, -50, 383, 57, -51, 0, 0, 0
L 383, 57, -51, 384, 61, -51, 0, 0, 0
L 384, 61, -51, 385, 63, -48, 0, 0, 0
L 385, 63, -48, 392, 60, -51, 0, 0, 0
L 392, 60, -51, 395, 59, -51, 0, 0, 0
L 395, 59, -51, 413, 52, -51, 0, 0, 0
L 413, 52, -51, 418, 50, -52, 0, 0, 0
L 418, 50, -52, 420, 49, -53, 0, 0, 0
L 420, 49, -53, 421, 48, -53, 0, 0, 0
L 421, 48, -53, 424, 46, -53, 0, 0, 0
L 424, 46, -53, 424, 42, -53, 0, 0, 0
L 424, 42, -53, 428, 44, -53, 0, 0, 0
L 428, 44, -53, 430, 43, -53, 0, 0, 0
L 430, 43, -53, 431, 42, -52, 0, 0, 0
L 431, 42, -52, 436, 46, -51, 0, 0, 0
L 436, 46, -51, 435, 48, -51, 0, 0, 0
L 435, 48, -51, 436, 49, -51, 0, 0, 0
L 436, 49, -51, 437, 49, -50, 0, 0, 0
L 437, 49, -50, 440, 49, -50, 0, 0, 0
L 440, 49, -50, 439, 47, -50, 0, 0, 0
L 439, 47, -50, 440, 45, -50, 0, 0, 0
L 440, 45, -50, 457, 36, -52, 0, 0, 0
L 457, 36, -52, 454, 42, -51, 0, 0, 0
L 454, 42, -51, 454, 44, -50, 0, 0, 0
L 454, 44, -50, 455, 45, -48, 0, 0, 0
L 455, 45, -48, 457, 45, -48, 0, 0, 0
L 457, 45, -48, 461, 44, -50, 0, 0, 0
L 461, 44, -50, 462, 44, -50, 0, 0, 0
L 462, 44, -50, 471, 41, -52, 0, 0, 0
L 471, 41, -52, 473, 40, -53, 0, 0, 0
L 473, 40, -53, 476, 39, -54, 0, 0, 0
L 476, 39, -54, 478, 38, -55, 0, 0, 0
L 478, 38, -55, 484, 34, -56, 0, 0, 0
L 484, 34, -56, 485, 33, -56, 0, 0, 0
L 485, 33, -56, 487, 32, -57, 0, 0, 0
L 487, 32, -57, 488, 31, -57, 0, 0, 0
L 488, 31, -57, 489, 30, -59, 0, 0, 0
L 489, 30, -59, 490, 29, -59, 0, 0, 0
L 490, 29, -59, 492, 28, -59, 0, 0, 0
L 492, 28, -59, 493, 26, -61, 0, 0, 0
L 493, 26, -61, 494, 25, -61, 0, 0, 0
L 494, 25, -61, 496, 21, -62, 0, 0, 0
L 496, 21, -62, 498, 19, -62, 0, 0, 0
L 498, 19, -62, 500, 15, -63, 0, 0, 0
L 500, 15, -63, 502, 13, -64, 0, 0, 0
L 502, 13, -64, 502, 12, -64, 0, 0, 0
L 502, 12, -64, 507, 3, -68, 0, 0, 0
L 507, 3, -68, 508, 2, -69, 0, 0, 0
L 508, 2, -69, 512, -7, -77, 0, 0, 0
L 512, -7, -77, 517, -16, -85, 0, 0, 0
L 517, -16, -85, 520, -23, -87, 0, 0, 0
L 520, -23, -87, 518, -23, -90, 0, 0, 0
L 518, -23, -90, 508, -24, -91, 0, 0, 0
L 508, -24, -91, 502, -25, -88, 0, 0, 0
L 502, -25, -88, 501, -21, -85, 0, 0, 0
L 501, -21, -85, 500, -20, -84, 0, 0, 0
L 500, -20, -84, 500, -18, -82, 0, 0, 0
L 500, -18, -82, 497, -10, -76, 0, 0, 0
L 497, -10, -76, 496, -9, -73, 0, 0, 0
L 496, -9, -73, 490, 2, -62, 0, 0, 0
L 490, 2, -62, 488, 7, -59, 0, 0, 0
L 488, 7, -59, 485, 13, -57, 0, 0, 0
L 485, 13, -57, 484, 15, -57, 0, 0, 0
L 484, 15, -57, 484, 16, -56, 0, 0, 0
L 484, 16, -56, 483, 18, -56, 0, 0, 0
L 483, 18, -56, 482, 19, -56, 0, 0, 0
L 482, 19, -56, 480, 20, -55, 0, 0, 0
L 480, 20, -55, 479, 21, -54, 0, 0, 0
L 479, 21, -54, 477, 22, -54, 0, 0, 0
L 477, 22, -54, 474, 24, -53, 0, 0, 0
L 474, 24, -53, 472, 25, -52, 0, 0, 0
L 472, 25, -52, 470, 25, -51, 0, 0, 0
L 470, 25, -51, 469, 26, -51, 0, 0, 0
L 469, 26, -51, 467, 27, -51, 0, 0, 0
L 467, 27, -51, 451, 27, -51, 0, 0, 0
L 451, 27, -51, 449, 27, -52, 0, 0, 0
L 449, 27, -52, 447, 27, -52, 0, 0, 0
L 447, 27, -52, 431, 28, -52, 0, 0, 0
L 431, 28, -52, 429, 28, -52, 0, 0, 0
L 429, 28, -52, 429, 30, -53, 0, 0, 0
L 429, 30, -53, 427, 29, -53, 0, 0, 0
L 427, 29, -53, 422, 29, -53, 0, 0, 0
L 422, 29, -53, 422, 28, -52, 0, 0, 0
L 422, 28, -52, 422, 26, -52, 0, 0, 0
L 422, 26, -52, 420, 26, -52, 0, 0, 0
L 420, 26, -52, 420, 24, -52, 0, 0, 0
L 420, 24, -52, 423, 19, -52, 0, 0, 0
L 423, 19, -52, 424, 18, -51, 0, 0, 0
L 424, 18, -51, 428, 13, -51, 0, 0, 0
L 428, 13, -51, 428, 11, -51, 0, 0, 0
L 428, 11, -51, 428, -25, -46, 0, 0, 0
L 428, -25, -46, 427, -28, -43, 0, 0, 0
L 427, -28, -43, 427, -30, -41, 0, 0, 0
L 427, -30, -41, 426, -31, -40, 0, 0, 0
L 426, -31, -40, 425, -32, -40, 0, 0, 0
L 425, -32, -40, 423, -32, -41, 0, 0, 0
L 423, -32, -41, 410, -33, -51, 0, 0, 0
L 410, -33, -51, 393, -34, -51, 0, 0, 0
L 393, -34, -51, 385, -34, -51, 0, 0, 0
L 385, -34, -51, 383, -33, -51, 0, 0, 0
L 383, -33, -51, 383, -31, -50, 0, 0, 0
L 383, -31, -50, 383, -21, -51, 0, 0, 0
L 383, -21, -51, 384, -7, -51, 0, 0, 0
L 384, -7, -51, 389, -7, -51, 0, 0, 0
L 389, -7, -51, 389, -2, -51, 0, 0, 0
L 389, -2, -51, 386, 0, -51, 0, 0, 0
L 386, 0, -51, 386, 2, -51, 0, 0, 0
L 386, 2, -51, 385, 3, -51, 0, 0, 0
L 385, 3, -51, 373, 1, -51, 0, 0, 0
L 373, 1, -51, 361, 1, -51, 0, 0, 0
L 361, 1, -51, 360, -1, -51, 0, 0, 0
L 360, -1, -51, 361, -6, -51, 0, 0, 0
L 361, -6, -51, 363, -13, -51, 0, 0, 0
L 363, -13, -51, 364, -15, -51, 0, 0, 0
L 364, -15, -51, 364, -17, -51, 0, 0, 0
L 364, -17, -51, 364, -19, -50, 0, 0, 0
L 364, -19, -50, 362, -19, -51, 0, 0, 0
L 362, -19, -51, 358, -19, -51, 0, 0, 0
L 358, -19, -51, 357, -21, -49, 0, 0, 0
L 357, -21, -49, 357, -22, -46, 0, 0, 0
L 357, -22, -46, 356, -24, -45, 0, 0, 0
L 356, -24, -45, 356, -26, -45, 0, 0, 0
L 356, -26, -45, 356, -29, -46, 0, 0, 0
L 356, -29, -46, 357, -31, -47, 0, 0, 0
L 357, -31, -47, 358, -32, -51, 0, 0, 0
L 358, -32, -51, 360, -32, -51, 0, 0, 0
L 360, -32, -51, 361, -34, -51, 0, 0, 0
L 361, -34, -51, 361, -36, -51, 0, 0, 0
L 361, -36, -51, 362, -38, -52, 0, 0, 0
L 362, -38, -52, 362, -40, -53, 0, 0, 0
L 362, -40, -53, 362, -43, -54, 0, 0, 0
L 362, -43, -54, 362, -44, -55, 0, 0, 0
L 362, -44, -55, 364, -58, -61, 0, 0, 0
L 364, -58, -61, 364, -59, -62, 0, 0, 0
L 364, -59, -62, 363, -71, -63, 0, 0, 0
L 363, -71, -63, 362, -77, -63, 0, 0, 0
L 362, -77, -63, 362, -79, -63, 0, 0, 0
L 362, -79, -63, 361, -80, -63, 0, 0, 0
L 361, -80, -63, 360, -82, -63, 0, 0, 0
L 360, -82, -63, 357, -84, -63, 0, 0, 0
L 357, -84, -63, 356, -84, -63, 0, 0, 0
L 356, -84, -63, 354, -84, -62, 0, 0, 0
L 354, -84, -62, 352, -85, -59, 0, 0, 0
L 352, -85, -59, 348, -88, -60, 0, 0, 0
L 348, -88, -60, 348, -89, -61, 0, 0, 0
L 348, -89, -61, 349, -90, -61, 0, 0, 0
L 349, -90, -61, 349, -95, -61, 0, 0, 0
L 349, -95, -61, 349, -97, -59, 0, 0, 0
L 349, -97, -59, 340, -96, -61, 0, 0, 0
L 340, -96, -61, 326, -94, -63, 0, 0, 0
L 326, -94, -63, 299, -93, -63, 0, 0, 0
L 299, -93, -63, 299, -91, -63, 0, 0, 0
L 299, -91, -63, 298, -91, -63, 0, 0, 0
L 298, -91, -63, 292, -92, -63, 0, 0, 0
L 292, -92, -63, 290, -94, -63, 0, 0, 0
L 290, -94, -63, 291, -99, -63, 0, 0, 0
L 291, -99, -63, 292, -106, -63, 0, 0, 0
L 292, -106, -63, 292, -108, -63, 0, 0, 0
L 292, -108, -63, 292, -116, -62, 0, 0, 0
L 292, -116, -62, 293, -117, -63, 0, 0, 0
L 293, -117, -63, 300, -117, -63, 0, 0, 0
L 300, -117, -63, 301, -115, -63, 0, 0, 0
L 301, -115, -63, 301, -113, -62, 0, 0, 0
L 301, -113, -62, 303, -113, -61, 0, 0, 0
L 303, -113, -61, 309, -113, -61, 0, 0, 0
L 309, -113, -61, 317, -114, -63, 0, 0, 0
L 317, -114, -63, 315, -114, -63, 0, 0, 0
L 315, -114, -63, 314, -116, -63, 0, 0, 0
L 314, -116, -63, 315, -117, -63, 0, 0, 0
L 315, -117, -63, 317, -116, -63, 0, 0, 0
L 317, -116, -63, 317, -114, -63, 0, 0, 0
L 317, -114, -63, 318, -113, -62, 0, 0, 0
L 318, -113, -62, 334, -113, -62, 0, 0, 0
L 334, -113, -62, 341, -114, -59, 0, 0, 0
L 341, -114, -59, 341, -116, -60, 0, 0, 0
L 341, -116, -60, 341, -119, -61, 0, 0, 0
L 341, -119, -61, 341, -121, -59, 0, 0, 0
L 341, -121, -59, 341, -123, -59, 0, 0, 0
L 341, -123, -59, 342, -127, -60, 0, 0, 0
L 342, -127, -60, 344, -128, -61, 0, 0, 0
L 344, -128, -61, 345, -128, -62, 0, 0, 0
L 345, -128, -62, 352, -128, -62, 0, 0, 0
L 352, -128, -62, 361, -126, -61, 0, 0, 0
L 361, -126, -61, 363, -126, -61, 0, 0, 0
L 363, -126, -61, 364, -127, -61, 0, 0, 0
L 364, -127, -61, 364, -129, -62, 0, 0, 0
L 364, -129, -62, 364, -145, -62, 0, 0, 0
L 364, -145, -62, 363, -147, -62, 0, 0, 0
L 363, -147, -62, 361, -148, -62, 0, 0, 0
L 361, -148, -62, 350, -149, -62, 0, 0, 0
L 350, -149, -62, 348, -150, -60, 0, 0, 0
L 348, -150, -60, 346, -149, -60, 0, 0, 0
L 346, -149, -60, 345, -149, -60, 0, 0, 0
L 345, -149, -60, 344, -149, -61, 0, 0, 0
L 344, -149, -61, 342, -148, -62, 0, 0, 0
L 342, -148, -62, 338, -150, -62, 0, 0, 0
L 338, -150, -62, 337, -151, -64, 0, 0, 0
L 337, -151, -64, 337, -153, -64, 0, 0, 0
L 337, -153, -64, 336, -154, -63, 0, 0, 0
L 336, -154, -63, 334, -154, -63, 0, 0, 0
L 334, -154, -63, 333, -153, -64, 0, 0, 0
L 333, -153, -64, 333, -150, -64, 0, 0, 0
L 333, -150, -64, 332, -149, -64, 0, 0, 0
L 332, -149, -64, 324, -152, -64, 0, 0, 0
L 324, -152, -64, 323, -151, -64, 0, 0, 0
L 323, -151, -64, 321, -150, -64, 0, 0, 0
L 321, -150, -64, 319, -150, -64, 0, 0, 0
L 319, -150, -64, 318, -149, -64, 0, 0, 0
L 318, -149, -64, 317, -151, -64, 0, 0, 0
L 317, -151, -64, 316, -152, -64, 0, 0, 0
L 316, -152, -64, 316, -157, -64, 0, 0, 0
L 316, -157, -64, 314, -158, -64, 0, 0, 0
L 314, -158, -64, 313, -161, -64, 0, 0, 0
L 313, -161, -64, 314, -158, -64, 0, 0, 0
L 314, -158, -64, 314, -160, -64, 0, 0, 0
L 314, -160, -64, 315, -158, -64, 0, 0, 0
L 315, -158, -64, 314, -159, -64, 0, 0, 0
L 314, -159, -64, 311, -163, -64, 0, 0, 0
L 311, -163, -64, 309, -166, -65, 0, 0, 0
L 309, -166, -65, 308, -168, -65, 0, 0, 0
L 308, -168, -65, 306, -168, -65, 0, 0, 0
L 306, -168, -65, 305, -166, -65, 0, 0, 0
L 305, -166, -65, 303, -166, -65, 0, 0, 0
L 303, -166, -65, 302, -167, -65, 0, 0, 0
L 302, -167, -65, 292, -172, -62, 0, 0, 0
L 292, -172, -62, 290, -171, -63, 0, 0, 0
L 290, -171, -63, 289, -171, -63, 0, 0, 0
L 289, -171, -63, 283, -169, -64, 0, 0, 0
L 283, -169, -64, 273, -165, -64, 0, 0, 0
L 273, -165, -64, 262, -159, -64, 0, 0, 0
L 262, -159, -64, 258, -157, -64, 0, 0, 0
L 258, -157, -64, 259, -155, -64, 0, 0, 0
L 259, -155, -64, 260, -154, -64, 0, 0, 0
L 260, -154, -64, 260, -152, -64, 0, 0, 0
L 260, -152, -64, 256, -149, -64, 0, 0, 0
L 256, -149, -64, 255, -148, -64, 0, 0, 0
L 255, -148, -64, 253, -147, -64, 0, 0, 0
L 253, -147, -64, 252, -146, -64, 0, 0, 0
L 252, -146, -64, 248, -145, -63, 0, 0, 0
L 248, -145, -63, 247, -144, -63, 0, 0, 0
L 247, -144, -63, 245, -135, -63, 0, 0, 0
L 245, -135, -63, 246, -133, -63, 0, 0, 0
L 246, -133, -63, 244, -133, -63, 0, 0, 0
L 244, -133, -63, 242, -133, -60, 0, 0, 0
L 242, -133, -60, 242, -131, -59, 0, 0, 0
L 242, -131, -59, 242, -112, -59, 0, 0, 0
L 242, -112, -59, 264, -113, -62, 0, 0, 0
L 264, -113, -62, 272, -115, -63, 0, 0, 0
L 272, -115, -63, 271, -117, -63, 0, 0, 0
L 271, -117, -63, 273, -118, -63, 0, 0, 0
L 273, -118, -63, 276, -117, -63, 0, 0, 0
L 276, -117, -63, 278, -117, -63, 0, 0, 0
L 278, -117, -63, 279, -116, -63, 0, 0, 0
L 279, -116, -63, 281, -112, -63, 0, 0, 0
L 281, -112, -63, 280, -104, -63, 0, 0, 0
L 280, -104, -63, 280, -99, -63, 0, 0, 0
L 280, -99, -63, 279, -92, -63, 0, 0, 0
L 279, -92, -63, 278, -90, -63, 0, 0, 0
L 278, -90, -63, 275, -91, -63, 0, 0, 0
L 275, -91, -63, 275, -89, -63, 0, 0, 0
L 275, -89, -63, 274, -84, -63, 0, 0, 0
L 274, -84, -63, 273, -83, -63, 0, 0, 0
L 273, -83, -63, 269, -80, -63, 0, 0, 0
L 269, -80, -63, 268, -79, -62, 0, 0, 0
L 268, -79, -62, 266, -78, -59, 0, 0, 0
L 266, -78, -59, 264, -78, -59, 0, 0, 0
L 264, -78, -59, 263, -79, -60, 0, 0, 0
L 263, -79, -60, 257, -84, -58, 0, 0, 0
L 257, -84, -58, 255, -84, -60, 0, 0, 0
L 255, -84, -60, 254, -85, -63, 0, 0, 0
L 254, -85, -63, 252, -86, -63, 0, 0, 0
L 252, -86, -63, 247, -85, -63, 0, 0, 0
L 247, -85, -63, 247, -83, -63, 0, 0, 0
L 247, -83, -63, 246, -82, -63, 0, 0, 0
L 246, -82, -63, 233, -80, -63, 0, 0, 0
L 233, -80, -63, 233, -52, -63, 0, 0, 0
L 233, -52, -63, 233, -6, -51, 0, 0, 0
L 233, -6, -51, 234, -5, -51, 0, 0, 0
L 234, -5, -51, 234, -3, -51, 0, 0, 0
L 234, -3, -51, 232, 3, -51, 0, 0, 0
L 232, 3, -51, 231, 5, -51, 0, 0, 0
L 231, 5, -51, 228, 5, -51, 0, 0, 0
L 228, 5, -51, 227, 4, -51, 0, 0, 0
L 227, 4, -51, 227, 2, -51, 0, 0, 0
L 227, 2, -51, 225, 1, -51, 0, 0, 0
L 225, 1, -51, 223, 1, -51, 0, 0, 0
L 223, 1, -51, 223, -0, -51, 0, 0, 0
L 223, -0, -51, 227, -19, -51, 0, 0, 0
L 227, -19, -51, 227, -70, -51, 0, 0, 0
L 227, -70, -51, 227, -79, -52, 0, 0, 0
L 227, -79, -52, 225, -78, -52, 0, 0, 0
L 225, -78, -52, 208, -64, -51, 0, 0, 0
L 208, -64, -51, 209, -62, -51, 0, 0, 0
L 209, -62, -51, 208, -61, -52, 0, 0, 0
L 208, -61, -52, 207, -60, -52, 0, 0, 0
L 207, -60, -52, 207, -58, -51, 0, 0, 0
L 207, -58, -51, 206, -57, -51, 0, 0, 0
L 206, -57, -51, 196, -59, -51, 0, 0, 0
L 196, -59, -51, 169, -59, -51, 0, 0, 0
L 169, -59, -51, 168, -57, -52, 0, 0, 0
L 168, -57, -52, 167, -56, -52, 0, 0, 0
L 167, -56, -52, 166, -54, -51, 0, 0, 0
L 166, -54, -51, 165, -55, -51, 0, 0, 0
L 165, -55, -51, 163, -56, -51, 0, 0, 0
L 163, -56, -51, 162, -57, -51, 0, 0, 0
L 162, -57, -51, 160, -60, -52, 0, 0, 0
L 160, -60, -52, 159, -61, -52, 0, 0, 0
L 159, -61, -52, 159, -62, -52, 0, 0, 0
L 159, -62, -52, 164, -65, -51, 0, 0, 0
L 164, -65, -51, 164, -67, -51, 0, 0, 0
L 164, -67, -51, 164, -68, -50, 0, 0, 0
L 164, -68, -50, 162, -67, -51, 0, 0, 0
L 162, -67, -51, 160, -67, -51, 0, 0, 0
L 160, -67, -51, 159, -68, -51, 0, 0, 0
L 159, -68, -51, 152, -76, -51, 0, 0, 0
L 152, -76, -51, 153, -78, -51, 0, 0, 0
L 153, -78, -51, 152, -79, -51, 0, 0, 0
L 152, -79, -51, 150, -78, -51, 0, 0, 0
L 150, -78, -51, 150, -70, -52, 0, 0, 0
L 150, -70, -52, 149, -65, -51, 0, 0, 0
L 149, -65, -51, 149, 8, -51, 0, 0, 0
L 149, 8, -51, 150, 13, -51, 0, 0, 0
L 150, 13, -51, 152, 18, -51, 0, 0, 0
L 152, 18, -51, 153, 22, -51, 0, 0, 0
L 153, 22, -51, 155, 25, -51, 0, 0, 0
L 155, 25, -51, 156, 26, -51, 0, 0, 0
L 156, 26, -51, 157, 28, -51, 0, 0, 0
L 157, 28, -51, 159, 29, -51, 0, 0, 0
L 159, 29, -51, 173, 34, -51, 0, 0, 0
L 173, 34, -51, 176, 37, -51, 0, 0, 0
L 176, 37, -51, 174, 37, -50, 0, 0, 0
L 174, 37, -50, 165, 35, -48, 0, 0, 0
L 165, 35, -48, 157, 33, -44, 0, 0, 0
L 157, 33, -44, 156, 33, -42, 0, 0, 0
L 156, 33, -42, 147, 29, -39, 0, 0, 0
L 147, 29, -39, 145, 29, -39, 0, 0, 0
L 145, 29, -39, 143, 28, -39, 0, 0, 0
L 143, 28, -39, 140, 26, -39, 0, 0, 0
L 140, 26, -39, 143, 14, -39, 0, 0, 0
L 143, 14, -39, 143, -39, -39, 0, 0, 0
L 143, -39, -39, 143, -41, -40, 0, 0, 0
L 143, -41, -40, 143, -50, -43, 0, 0, 0
L 143, -50, -43, 142, -51, -42, 0, 0, 0
L 142, -51, -42, 142, -53, -42, 0, 0, 0
L 142, -53, -42, 140, -56, -42, 0, 0, 0
L 140, -56, -42, 137, -63, -36, 0, 0, 0
L 137, -63, -36, 134, -70, -37, 0, 0, 0
L 134, -70, -37, 132, -73, -37, 0, 0, 0
L 132, -73, -37, 130, -77, -39, 0, 0, 0
L 130, -77, -39, 127, -75, -39, 0, 0, 0
L 127, -75, -39, 125, -79, -39, 0, 0, 0
L 125, -79, -39, 120, -78, -39, 0, 0, 0
L 120, -78, -39, 123, -95, -39, 0, 0, 0
L 123, -95, -39, 123, -105, -39, 0, 0, 0
L 123, -105, -39, 125, -106, -39, 0, 0, 0
L 125, -106, -39, 126, -105, -39, 0, 0, 0
L 126, -105, -39, 129, -105, -39, 0, 0, 0
L 129, -105, -39, 141, -102, -39, 0, 0, 0
L 141, -102, -39, 157, -102, -39, 0, 0, 0
L 157, -102, -39, 172, -103, -38, 0, 0, 0
L 172, -103, -38, 172, -104, -38, 0, 0, 0
L 172, -104, -38, 171, -106, -38, 0, 0, 0
L 171, -106, -38, 173, -108, -38, 0, 0, 0
L 173, -108, -38, 172, -110, -38, 0, 0, 0
L 172, -110, -38, 170, -115, -38, 0, 0, 0
L 170, -115, -38, 170, -113, -38, 0, 0, 0
L 170, -113, -38, 169, -111, -39, 0, 0, 0
L 169, -111, -39, 165, -114, -40, 0, 0, 0
L 165, -114, -40, 163, -113, -40, 0, 0, 0
L 163, -113, -40, 161, -114, -39, 0, 0, 0
L 161, -114, -39, 161, -117, -39, 0, 0, 0
L 161, -117, -39, 160, -120, -39, 0, 0, 0
L 160, -120, -39, 160, -122, -39, 0, 0, 0
L 160, -122, -39, 160, -133, -40, 0, 0, 0
L 160, -133, -40, 158, -133, -40, 0, 0, 0
L 158, -133, -40, 158, -135, -40, 0, 0, 0
L 158, -135, -40, 159, -136, -40, 0, 0, 0
L 159, -136, -40, 160, -138, -40, 0, 0, 0
L 160, -138, -40, 160, -142, -40, 0, 0, 0
L 160, -142, -40, 164, -145, -39, 0, 0, 0
L 164, -145, -39, 164, -146, -39, 0, 0, 0
L 164, -146, -39, 165, -148, -39, 0, 0, 0
L 165, -148, -39, 166, -149, -39, 0, 0, 0
L 166, -149, -39, 166, -151, -38, 0, 0, 0
L 166, -151, -38, 167, -156, -38, 0, 0, 0
L 167, -156, -38, 169, -162, -38, 0, 0, 0
L 169, -162, -38, 170, -166, -38, 0, 0, 0
L 170, -166, -38, 170, -167, -38, 0, 0, 0
L 170, -167, -38, 171, -169, -38, 0, 0, 0
L 171, -169, -38, 170, -171, -38, 0, 0, 0
L 170, -171, -38, 170, -173, -38, 0, 0, 0
L 170, -173, -38, 169, -175, -38, 0, 0, 0
L 169, -175, -38, 154, -175, -38, 0, 0, 0
L 154, -175, -38, 152, -174, -38, 0, 0, 0
L 152, -174, -38, 150, -174, -38, 0, 0, 0
L 150, -174, -38, 150, -172, -38, 0, 0, 0
L 150, -172, -38, 148, -160, -38, 0, 0, 0
L 148, -160, -38, 148, -154, -38, 0, 0, 0
L 148, -154, -38, 150, -153, -38, 0, 0, 0
L 150, -153, -38, 148, -151, -38, 0, 0, 0
L 148, -151, -38, 146, -151, -36, 0, 0, 0
L 146, -151, -36, 143, -150, -38, 0, 0, 0
L 143, -150, -38, 126, -149, -39, 0, 0, 0
L 126, -149, -39, 127, -146, -39, 0, 0, 0
L 127, -146, -39, 127, -143, -39, 0, 0, 0
L 127, -143, -39, 125, -142, -39, 0, 0, 0
L 125, -142, -39, 124, -141, -39, 0, 0, 0
L 124, -141, -39, 122, -140, -37, 0, 0, 0
L 122, -140, -37, 121, -139, -35, 0, 0, 0
L 121, -139, -35, 119, -140, -32, 0, 0, 0
L 119, -140, -32, 113, -141, -29, 0, 0, 0
L 113, -141, -29, 111, -141, -29, 0, 0, 0
L 111, -141, -29, 109, -142, -29, 0, 0, 0
L 109, -142, -29, 100, -146, -39, 0, 0, 0
L 100, -146, -39, 92, -150, -39, 0, 0, 0
L 92, -150, -39, 90, -150, -38, 0, 0, 0
L 90, -150, -38, 83, -150, -38, 0, 0, 0
L 83, -150, -38, 82, -150, -39, 0, 0, 0
L 82, -150, -39, 80, -149, -39, 0, 0, 0
L 80, -149, -39, 78, -149, -39, 0, 0, 0
L 78, -149, -39, 77, -148, -39, 0, 0, 0
L 77, -148, -39, 75, -147, -39, 0, 0, 0
L 75, -147, -39, 74, -146, -37, 0, 0, 0
L 74, -146, -37, 75, -136, -38, 0, 0, 0
L 75, -136, -38, 75, -127, -39, 0, 0, 0
L 75, -127, -39, 75, -125, -39, 0, 0, 0
L 75, -125, -39, 76, -116, -39, 0, 0, 0
L 76, -116, -39, 76, -103, -39, 0, 0, 0
L 76, -103, -39, 103, -103, -39, 0, 0, 0
L 103, -103, -39, 103, -105, -39, 0, 0, 0
L 103, -105, -39, 104, -107, -39, 0, 0, 0
L 104, -107, -39, 107, -106, -39, 0, 0, 0
L 107, -106, -39, 110, -106, -39, 0, 0, 0
L 110, -106, -39, 112, -105, -39, 0, 0, 0
L 112, -105, -39, 113, -103, -39, 0, 0, 0
L 113, -103, -39, 111, -93, -39, 0, 0, 0
L 111, -93, -39, 111, -80, -39, 0, 0, 0
L 111, -80, -39, 110, -78, -39, 0, 0, 0
L 110, -78, -39, 108, -78, -39, 0, 0, 0
L 108, -78, -39, 87, -81, -39, 0, 0, 0
L 87, -81, -39, 73, -82, -32, 0, 0, 0
L 73, -82, -32, 63, -82, -27, 0, 0, 0
L 63, -82, -27, 28, -82, -27, 0, 0, 0
L 28, -82, -27, 29, -80, -27, 0, 0, 0
L 29, -80, -27, 30, -79, -27, 0, 0, 0
L 30, -79, -27, 31, -77, -27, 0, 0, 0
L 31, -77, -27, 29, -76, -27, 0, 0, 0
L 29, -76, -27, 22, -72, -23, 0, 0, 0
L 22, -72, -23, 20, -71, -24, 0, 0, 0
L 20, -71, -24, 13, -74, -21, 0, 0, 0
L 13, -74, -21, 13, -73, -21, 0, 0, 0
L 13, -73, -21, 13, -68, -24, 0, 0, 0
L 13, -68, -24, 14, -60, -26, 0, 0, 0
L 14, -60, -26, 15, -57, -26, 0, 0, 0
L 15, -57, -26, 14, -24, -26, 0, 0, 0
L 14, -24, -26, 14, -22, -25, 0, 0, 0
L 14, -22, -25, 13, -20, -24, 0, 0, 0
L 13, -20, -24, 12, -18, -25, 0, 0, 0
L 12, -18, -25, 10, -17, -27, 0, 0, 0
L 10, -17, -27, -13, -17, -27, 0, 0, 0
L -13, -17, -27, -13, -16, -27, 0, 0, 0
L -13, -16, -27, -11, -15, -27, 0, 0, 0
L -11, -15, -27, -9, -15, -27, 0, 0, 0
L -9, -15, -27, -9, -13, -27, 0, 0, 0
L -9, -13, -27, -10, -8, -27, 0, 0, 0
L -10, -8, -27, -10, -6, -27, 0, 0, 0
L -10, -6, -27, -11, -6, -27, 0, 0, 0
L -11, -6, -27, -17, -7, -27, 0, 0, 0
L -17, -7, -27, -18, -5, -27, 0, 0, 0
L -18, -5, -27, -18, -2, -27, 0, 0, 0
L -18, -2, -27, -19, -0, -25, 0, 0, 0
L -19, -0, -25, -18, 4, -25, 0, 0, 0
L -18, 4, -25, -16, 5, -27, 0, 0, 0
L -16, 5, -27, -11, 5, -27, 0, 0, 0
L -11, 5, -27, -9, 7, -27, 0, 0, 0
L -9, 7, -27, -9, 14, -27, 0, 0, 0
L 386, 16, -51, 386, 13, -51, 0, 0, 0
L 386, 13, -51, 364, 13, -51, 0, 0, 0
L 364, 13, -51, 362, 13, -50, 0, 0, 0
L 362, 13, -50, 361, 14, -50, 0, 0, 0
L 361, 14, -50, 361, 16, -51, 0, 0, 0
L 361, 16, -51, 361, 22, -51, 0, 0, 0
L 361, 22, -51, 362, 27, -51, 0, 0, 0
L 362, 27, -51, 364, 31, -51, 0, 0, 0
L 364, 31, -51, 364, 33, -50, 0, 0, 0
L 364, 33, -50, 364, 45, -50, 0, 0, 0
L 364, 45, -50, 363, 44, -51, 0, 0, 0
L 363, 44, -51, 359, 43, -51, 0, 0, 0
L 359, 43, -51, 358, 44, -51, 0, 0, 0
L 358, 44, -51, 357, 48, -47, 0, 0, 0
L 357, 48, -47, 356, 49, -44, 0, 0, 0
L 356, 49, -44, 354, 50, -45, 0, 0, 0
L 354, 50, -45, 354, 52, -44, 0, 0, 0
L 354, 52, -44, 354, 59, -42, 0, 0, 0
L 354, 59, -42, 353, 61, -42, 0, 0, 0
L 353, 61, -42, 353, 63, -44, 0, 0, 0
L 353, 63, -44, 352, 63, -45, 0, 0, 0
L 352, 63, -45, 350, 64, -47, 0, 0, 0
L 350, 64, -47, 349, 65, -50, 0, 0, 0
L 349, 65, -50, 350, 71, -50, 0, 0, 0
L 350, 71, -50, 353, 79, -48, 0, 0, 0
L 353, 79, -48, 353, 81, -48, 0, 0, 0
L 353, 81, -48, 354, 83, -47, 0, 0, 0
L 354, 83, -47, 355, 85, -48, 0, 0, 0
L 355, 85, -48, 354, 87, -48, 0, 0, 0
L 354, 87, -48, 355, 88, -50, 0, 0, 0
L 355, 88, -50, 366, 89, -50, 0, 0, 0
L 366, 89, -50, 372, 90, -50, 0, 0, 0
L 372, 90, -50, 374, 91, -50, 0, 0, 0
L 374, 91, -50, 374, 93, -50, 0, 0, 0
L 374, 93, -50, 376, 100, -50, 0, 0, 0
L 376, 100, -50, 376, 101, -50, 0, 0, 0
L 376, 101, -50, 376, 108, -48, 0, 0, 0
L 376, 108, -48, 375, 110, -49, 0, 0, 0
L 375, 110, -49, 373, 111, -49, 0, 0, 0
L 373, 111, -49, 371, 111, -50, 0, 0, 0
L 371, 111, -50, 345, 113, -49, 0, 0, 0
L 345, 113, -49, 343, 113, -49, 0, 0, 0
L 343, 113, -49, 329, 114, -48, 0, 0, 0
L 329, 114, -48, 319, 113, -49, 0, 0, 0
L 319, 113, -49, 316, 113, -50, 0, 0, 0
L 316, 113, -50, 313, 112, -50, 0, 0, 0
L 313, 112, -50, 311, 112, -50, 0, 0, 0
L 311, 112, -50, 310, 111, -50, 0, 0, 0
L 310, 111, -50, 308, 111, -50, 0, 0, 0
L 308, 111, -50, 306, 109, -50, 0, 0, 0
L 306, 109, -50, 306, 90, -50, 0, 0, 0
L 306, 90, -50, 308, 90, -50, 0, 0, 0
L 308, 90, -50, 323, 85, -47, 0, 0, 0
L 323, 85, -47, 324, 85, -47, 0, 0, 0
L 324, 85, -47, 326, 84, -47, 0, 0, 0
L 326, 84, -47, 327, 83, -47, 0, 0, 0
L 327, 83, -47, 330, 80, -50, 0, 0, 0
L 330, 80, -50, 329, 74, -50, 0, 0, 0
L 329, 74, -50, 329, 70, -50, 0, 0, 0
L 329, 70, -50, 330, 69, -50, 0, 0, 0
L 330, 69, -50, 330, 67, -50, 0, 0, 0
L 330, 67, -50, 329, 65, -50, 0, 0, 0
L 329, 65, -50, 330, 63, -50, 0, 0, 0
L 330, 63, -50, 330, 61, -50, 0, 0, 0
L 330, 61, -50, 330, 59, -51, 0, 0, 0
L 330, 59, -51, 321, 61, -51, 0, 0, 0
L 321, 61, -51, 322, -51, -51, 0, 0, 0
L 322, -51, -51, 323, -51, -51, 0, 0, 0
L 323, -51, -51, 324, -53, -51, 0, 0, 0
L 324, -53, -51, 323, -54, -51, 0, 0, 0
L 323, -54, -51, 323, -58, -51, 0, 0, 0
L 323, -58, -51, 322, -60, -51, 0, 0, 0
L 322, -60, -51, 319, -68, -63, 0, 0, 0
L 319, -68, -63, 314, -68, -63, 0, 0, 0
L 314, -68, -63, 314, 56, -63, 0, 0, 0
L 314, 56, -63, 312, 57, -63, 0, 0, 0
L 312, 57, -63, 311, 56, -63, 0, 0, 0
L 311, 56, -63, 302, 54, -64, 0, 0, 0
L 302, 54, -64, 301, 53, -64, 0, 0, 0
L 301, 53, -64, 302, 51, -64, 0, 0, 0
L 302, 51, -64, 302, 47, -64, 0, 0, 0
L 302, 47, -64, 301, 47, -64, 0, 0, 0
L 301, 47, -64, 297, 46, -59, 0, 0, 0
L 297, 46, -59, 293, 46, -58, 0, 0, 0
L 293, 46, -58, 290, 45, -57, 0, 0, 0
L 290, 45, -57, 290, 47, -56, 0, 0, 0
L 290, 47, -56, 289, 48, -54, 0, 0, 0
L 289, 48, -54, 288, 50, -51, 0, 0, 0
L 288, 50, -51, 286, 49, -52, 0, 0, 0
L 286, 49, -52, 280, 45, -60, 0, 0, 0
L 280, 45, -60, 280, 47, -63, 0, 0, 0
L 280, 47, -63, 279, 50, -63, 0, 0, 0
L 279, 50, -63, 278, 52, -63, 0, 0, 0
L 278, 52, -63, 278, 54, -63, 0, 0, 0
L 278, 54, -63, 278, 57, -64, 0, 0, 0
L 278, 57, -64, 277, 60, -64, 0, 0, 0
L 277, 60, -64, 274, 64, -64, 0, 0, 0
L 274, 64, -64, 273, 65, -63, 0, 0, 0
L 273, 65, -63, 270, 66, -63, 0, 0, 0
L 270, 66, -63, 269, 65, -63, 0, 0, 0
L 269, 65, -63, 269, -9, -63, 0, 0, 0
L 269, -9, -63, 270, -15, -63, 0, 0, 0
L 270, -15, -63, 272, -19, -63, 0, 0, 0
L 272, -19, -63, 272, -20, -63, 0, 0, 0
L 272, -20, -63, 272, -23, -60, 0, 0, 0
L 272, -23, -60, 268, -23, -60, 0, 0, 0
L 268, -23, -60, 267, -20, -58, 0, 0, 0
L 267, -20, -58, 266, -18, -57, 0, 0, 0
L 266, -18, -57, 266, -16, -56, 0, 0, 0
L 266, -16, -56, 265, -14, -56, 0, 0, 0
L 265, -14, -56, 265, -12, -54, 0, 0, 0
L 265, -12, -54, 263, -11, -53, 0, 0, 0
L 263, -11, -53, 261, -11, -53, 0, 0, 0
L 261, -11, -53, 261, -6, -50, 0, 0, 0
L 261, -6, -50, 259, -5, -51, 0, 0, 0
L 259, -5, -51, 258, -3, -51, 0, 0, 0
L 258, -3, -51, 261, 5, -51, 0, 0, 0
L 261, 5, -51, 261, 9, -51, 0, 0, 0
L 261, 9, -51, 261, 70, -49, 0, 0, 0
L 261, 70, -49, 260, 69, -51, 0, 0, 0
L 260, 69, -51, 258, 69, -51, 0, 0, 0
L 258, 69, -51, 248, 69, -50, 0, 0, 0
L 248, 69, -50, 238, 70, -50, 0, 0, 0
L 238, 70, -50, 229, 69, -50, 0, 0, 0
L 229, 69, -50, 229, 67, -51, 0, 0, 0
L 229, 67, -51, 228, 59, -51, 0, 0, 0
L 228, 59, -51, 227, 59, -51, 0, 0, 0
L 227, 59, -51, 220, 60, -47, 0, 0, 0
L 220, 60, -47, 219, 61, -47, 0, 0, 0
L 219, 61, -47, 217, 62, -46, 0, 0, 0
L 217, 62, -46, 216, 63, -48, 0, 0, 0
L 216, 63, -48, 214, 65, -49, 0, 0, 0
L 214, 65, -49, 213, 65, -51, 0, 0, 0
L 213, 65, -51, 208, 65, -51, 0, 0, 0
L 208, 65, -51, 207, 67, -51, 0, 0, 0
L 207, 67, -51, 207, 91, -51, 0, 0, 0
L 207, 91, -51, 209, 92, -51, 0, 0, 0
L 209, 92, -51, 210, 92, -51, 0, 0, 0
L 210, 92, -51, 222, 89, -51, 0, 0, 0
L 222, 89, -51, 230, 88, -51, 0, 0, 0
L 230, 88, -51, 237, 88, -51, 0, 0, 0
L 237, 88, -51, 238, 89, -51, 0, 0, 0
L 238, 89, -51, 240, 90, -51, 0, 0, 0
L 240, 90, -51, 242, 92, -51, 0, 0, 0
L 242, 92, -51, 242, 94, -51, 0, 0, 0
L 242, 94, -51, 242, 138, -47, 0, 0, 0
L 242, 138, -47, 209, 138, -47, 0, 0, 0
L 209, 138, -47, 207, 137, -43, 0, 0, 0
L 207, 137, -43, 207, 135, -42, 0, 0, 0
L 207, 135, -42, 207, 126, -46, 0, 0, 0
L 207, 126, -46, 205, 127, -44, 0, 0, 0
L 205, 127, -44, 197, 128, -40, 0, 0, 0
L 197, 128, -40, 195, 128, -40, 0, 0, 0
L 195, 128, -40, 194, 129, -39, 0, 0, 0
L 194, 129, -39, 192, 131, -39, 0, 0, 0
L 192, 131, -39, 187, 135, -41, 0, 0, 0
L 187, 135, -41, 184, 138, -45, 0, 0, 0
L 184, 138, -45, 182, 138, -47, 0, 0, 0
L 182, 138, -47, 171, 138, -47, 0, 0, 0
L 171, 138, -47, 169, 138, -48, 0, 0, 0
L 169, 138, -48, 166, 139, -50, 0, 0, 0
L 166, 139, -50, 161, 140, -50, 0, 0, 0
L 161, 140, -50, 163, 140, -50, 0, 0, 0
L 163, 140, -50, 165, 141, -50, 0, 0, 0
L 165, 141, -50, 167, 143, -50, 0, 0, 0
L 167, 143, -50, 169, 147, -50, 0, 0, 0
L 169, 147, -50, 169, 160, -50, 0, 0, 0
L 169, 160, -50, 157, 161, -50, 0, 0, 0
L 157, 161, -50, 152, 160, -50, 0, 0, 0
L 152, 160, -50, 150, 160, -50, 0, 0, 0
L 150, 160, -50, 149, 159, -50, 0, 0, 0
L 149, 159, -50, 148, 152, -50, 0, 0, 0
L 148, 152, -50, 148, 139, -50, 0, 0, 0
L 148, 139, -50, 149, 131, -51, 0, 0, 0
L 149, 131, -51, 151, 131, -51, 0, 0, 0
L 151, 131, -51, 152, 130, -52, 0, 0, 0
L 152, 130, -52, 157, 130, -51, 0, 0, 0
L 157, 130, -51, 157, 128, -52, 0, 0, 0
L 157, 128, -52, 156, 126, -52, 0, 0, 0
L 156, 126, -52, 155, 125, -52, 0, 0, 0
L 155, 125, -52, 156, 124, -52, 0, 0, 0
L 156, 124, -52, 157, 122, -52, 0, 0, 0
L 157, 122, -52, 155, 119, -52, 0, 0, 0
L 155, 119, -52, 158, 116, -52, 0, 0, 0
L 158, 116, -52, 159, 115, -51, 0, 0, 0
L 159, 115, -51, 159, 113, -51, 0, 0, 0
L 159, 113, -51, 156, 110, -52, 0, 0, 0
L 156, 110, -52, 157, 109, -52, 0, 0, 0
L 157, 109, -52, 159, 108, -51, 0, 0, 0
L 159, 108, -51, 158, 106, -51, 0, 0, 0
L 158, 106, -51, 158, 104, -51, 0, 0, 0
L 158, 104, -51, 159, 103, -51, 0, 0, 0
L 159, 103, -51, 160, 101, -51, 0, 0, 0
L 160, 101, -51, 159, 100, -51, 0, 0, 0
L 159, 100, -51, 154, 96, -52, 0, 0, 0
L 154, 96, -52, 158, 92, -52, 0, 0, 0
L 158, 92, -52, 157, 91, -52, 0, 0, 0
L 157, 91, -52, 155, 91, -52, 0, 0, 0
L 155, 91, -52, 154, 90, -52, 0, 0, 0
L 154, 90, -52, 154, 88, -52, 0, 0, 0
L 154, 88, -52, 155, 87, -49, 0, 0, 0
L 155, 87, -49, 174, 87, -50, 0, 0, 0
L 174, 87, -50, 174, 89, -50, 0, 0, 0
L 174, 89, -50, 175, 90, -51, 0, 0, 0
L 175, 90, -51, 182, 90, -51, 0, 0, 0
L 182, 90, -51, 186, 89, -51, 0, 0, 0
L 186, 89, -51, 186, 90, -51, 0, 0, 0
L 186, 90, -51, 188, 92, -51, 0, 0, 0
L 188, 92, -51, 192, 91, -51, 0, 0, 0
L 192, 91, -51, 197, 91, -51, 0, 0, 0
L 197, 91, -51, 195, 82, -51, 0, 0, 0
L 195, 82, -51, 195, 66, -51, 0, 0, 0
L 195, 66, -51, 194, 65, -51, 0, 0, 0
L 194, 65, -51, 178, 68, -51, 0, 0, 0
L 178, 68, -51, 177, 67, -51, 0, 0, 0
L 177, 67, -51, 177, 65, -51, 0, 0, 0
L 177, 65, -51, 176, 63, -51, 0, 0, 0
L 176, 63, -51, 175, 63, -48, 0, 0, 0
L 175, 63, -48, 168, 60, -44, 0, 0, 0
L 168, 60, -44, 166, 60, -43, 0, 0, 0
L 166, 60, -43, 161, 60, -41, 0, 0, 0
L 161, 60, -41, 160, 61, -41, 0, 0, 0
L 160, 61, -41, 158, 60, -41, 0, 0, 0
L 158, 60, -41, 156, 62, -43, 0, 0, 0
L 156, 62, -43, 154, 63, -42, 0, 0, 0
L 154, 63, -42, 146, 69, -39, 0, 0, 0
L 146, 69, -39, 145, 69, -38, 0, 0, 0
L 145, 69, -38, 143, 69, -38, 0, 0, 0
L 143, 69, -38, 136, 68, -39, 0, 0, 0
L 136, 68, -39, 136, 66, -39, 0, 0, 0
L 136, 66, -39, 135, 60, -39, 0, 0, 0
L 135, 60, -39, 134, 60, -39, 0, 0, 0
L 134, 60, -39, 128, 61, -40, 0, 0, 0
L 128, 61, -40, 128, 59, -40, 0, 0, 0
L 128, 59, -40, 128, 57, -39, 0, 0, 0
L 128, 57, -39, 119, 57, -39, 0, 0, 0
L 119, 57, -39, 118, 55, -39, 0, 0, 0
L 118, 55, -39, 117, 54, -39, 0, 0, 0
L 117, 54, -39, 115, 54, -39, 0, 0, 0
L 115, 54, -39, 112, 55, -40, 0, 0, 0
L 112, 55, -40, 111, 53, -40, 0, 0, 0
L 111, 53, -40, 109, 52, -40, 0, 0, 0
L 109, 52, -40, 100, 56, -40, 0, 0, 0
L 100, 56, -40, 99, 54, -40, 0, 0, 0
L 99, 54, -40, 97, 54, -40, 0, 0, 0
L 97, 54, -40, 96, 55, -40, 0, 0, 0
L 96, 55, -40, 83, 60, -40, 0, 0, 0
L 83, 60, -40, 82, 58, -40, 0, 0, 0
L 82, 58, -40, 80, 58, -41, 0, 0, 0
L 80, 58, -41, 79, 58, -40, 0, 0, 0
L 79, 58, -40, 75, 61, -40, 0, 0, 0
L 75, 61, -40, 74, 62, -39, 0, 0, 0
L 74, 62, -39, 68, 66, -39, 0, 0, 0
L 68, 66, -39, 66, 67, -39, 0, 0, 0
L 66, 67, -39, 65, 65, -39, 0, 0, 0
L 65, 65, -39, 65, -32, -39, 0, 0, 0
L 65, -32, -39, 66, -35, -39, 0, 0, 0
L 66, -35, -39, 67, -39, -39, 0, 0, 0
L 67, -39, -39, 68, -40, -39, 0, 0, 0
L 68, -40, -39, 69, -42, -39, 0, 0, 0
L 69, -42, -39, 70, -43, -39, 0, 0, 0
L 70, -43, -39, 76, -46, -39, 0, 0, 0
L 76, -46, -39, 77, -44, -39, 0, 0, 0
L 77, -44, -39, 79, -46, -39, 0, 0, 0
L 79, -46, -39, 83, -50, -37, 0, 0, 0
L 83, -50, -37, 82, -50, -36, 0, 0, 0
L 82, -50, -36, 80, -49, -36, 0, 0, 0
L 80, -49, -36, 71, -47, -30, 0, 0, 0
L 71, -47, -30, 64, -45, -27, 0, 0, 0
L 64, -45, -27, 63, -46, -27, 0, 0, 0
L 63, -46, -27, 62, -48, -27, 0, 0, 0
L 62, -48, -27, 60, -49, -27, 0, 0, 0
L 60, -49, -27, 59, -48, -27, 0, 0, 0
L 59, -48, -27, 59, -45, -27, 0, 0, 0
L 59, -45, -27, 58, -43, -27, 0, 0, 0
L 58, -43, -27, 58, -36, -27, 0, 0, 0
L 58, -36, -27, 59, -26, -27, 0, 0, 0
L 59, -26, -27, 59, -15, -25, 0, 0, 0
L 59, -15, -25, 59, -13, -26, 0, 0, 0
L 59, -13, -26, 59, 14, -27, 0, 0, 0
L 59, 14, -27, 58, 45, -27, 0, 0, 0
L 58, 45, -27, 58, 51, -26, 0, 0, 0
L 58, 51, -26, 58, 53, -24, 0, 0, 0
L 58, 53, -24, 57, 56, -22, 0, 0, 0
L 57, 56, -22, 57, 58, -21, 0, 0, 0
L 57, 58, -21, 56, 60, -20, 0, 0, 0
L 56, 60, -20, 56, 61, -19, 0, 0, 0
L 56, 61, -19, 56, 63, -19, 0, 0, 0
L 56, 63, -19, 55, 66, -20, 0, 0, 0
L 55, 66, -20, 55, 67, -21, 0, 0, 0
L 55, 67, -21, 54, 69, -20, 0, 0, 0
L 54, 69, -20, 53, 78, -22, 0, 0, 0
L 53, 78, -22, 52, 84, -22, 0, 0, 0
L 52, 84, -22, 53, 96, -27, 0, 0, 0
L 53, 96, -27, 54, 96, -27, 0, 0, 0
L 54, 96, -27, 67, 95, -27, 0, 0, 0
L 67, 95, -27, 70, 96, -27, 0, 0, 0
L 70, 96, -27, 71, 97, -27, 0, 0, 0
L 71, 97, -27, 71, 107, -27, 0, 0, 0
L 71, 107, -27, 72, 107, -27, 0, 0, 0
L 72, 107, -27, 80, 108, -28, 0, 0, 0
L 80, 108, -28, 81, 108, -28, 0, 0, 0
L 81, 108, -28, 92, 104, -26, 0, 0, 0
L 92, 104, -26, 102, 102, -26, 0, 0, 0
L 102, 102, -26, 111, 101, -26, 0, 0, 0
L 111, 101, -26, 117, 101, -26, 0, 0, 0
L 117, 101, -26, 123, 101, -25, 0, 0, 0
L 123, 101, -25, 125, 102, -25, 0, 0, 0
L 125, 102, -25, 126, 103, -25, 0, 0, 0
L 126, 103, -25, 128, 104, -26, 0, 0, 0
L 128, 104, -26, 129, 105, -26, 0, 0, 0
L 129, 105, -26, 129, 109, -26, 0, 0, 0
L 129, 109, -26, 127, 111, -27, 0, 0, 0
L 127, 111, -27, 126, 112, -27, 0, 0, 0
L 126, 112, -27, 126, 113, -28, 0, 0, 0
L 126, 113, -28, 126, 114, -28, 0, 0, 0
L 126, 114, -28, 129, 120, -28, 0, 0, 0
L 129, 120, -28, 129, 122, -28, 0, 0, 0
L 129, 122, -28, 130, 124, -27, 0, 0, 0
L 130, 124, -27, 129, 129, -27, 0, 0, 0
L 129, 129, -27, 129, 131, -27, 0, 0, 0
L 129, 131, -27, 124, 143, -27, 0, 0, 0
L 124, 143, -27, 123, 146, -28, 0, 0, 0
L 123, 146, -28, 122, 147, -28, 0, 0, 0
L 122, 147, -28, 121, 149, -26, 0, 0, 0
L 121, 149, -26, 119, 149, -26, 0, 0, 0
L 119, 149, -26, 110, 149, -24, 0, 0, 0
L 110, 149, -24, 104, 150, -24, 0, 0, 0
L 104, 150, -24, 95, 149, -26, 0, 0, 0
L 95, 149, -26, 75, 149, -25, 0, 0, 0
L 75, 149, -25, 58, 148, -24, 0, 0, 0
L 58, 148, -24, 58, 147, -23, 0, 0, 0
L 58, 147, -23, 58, 144, -22, 0, 0, 0
L 58, 144, -22, 56, 144, -20, 0, 0, 0
L 56, 144, -20, 52, 145, -16, 0, 0, 0
L 52, 145, -16, 52, 143, -16, 0, 0, 0
L 52, 143, -16, 50, 142, -17, 0, 0, 0
L 50, 142, -17, 49, 142, -17, 0, 0, 0
L 49, 142, -17, 38, 145, -27, 0, 0, 0
L 38, 145, -27, 37, 147, -27, 0, 0, 0
L 37, 147, -27, 38, 149, -26, 0, 0, 0
L 38, 149, -26, 36, 149, -25, 0, 0, 0
L 36, 149, -25, 32, 150, -23, 0, 0, 0
L 32, 150, -23, 30, 150, -23, 0, 0, 0
L 30, 150, -23, 17, 150, -24, 0, 0, 0
L 17, 150, -24, 12, 149, -24, 0, 0, 0
L 12, 149, -24, 13, 142, -27, 0, 0, 0
L 13, 142, -27, 13, 137, -27, 0, 0, 0
L 13, 137, -27, 11, 137, -27, 0, 0, 0
L 11, 137, -27, 2, 137, -21, 0, 0, 0
L 2, 137, -21, -2, 138, -22, 0, 0, 0
L -2, 138, -22, -3, 139, -22, 0, 0, 0
L -3, 139, -22, -5, 143, -26, 0, 0, 0
L -5, 143, -26, -6, 144, -27, 0, 0, 0
L -6, 144, -27, -7, 147, -27, 0, 0, 0
L -7, 147, -27, -7, 148, -27, 0, 0, 0
L -7, 148, -27, -8, 150, -23, 0, 0, 0
L -8, 150, -23, -21, 150, -23, 0, 0, 0
L -21, 150, -23, -28, 149, -24, 0, 0, 0
L -28, 149, -24, -29, 149, -24, 0, 0, 0
L -29, 149, -24, -31, 149, -25, 0, 0, 0
L -31, 149, -25, -33, 148, -26, 0, 0, 0
L -33, 148, -26, -34, 148, -26, 0, 0, 0
L -34, 148, -26, -35, 146, -23, 0, 0, 0
L -35, 146, -23, -34, 112, -24, 0, 0, 0
L -34, 112, -24, -34, 98, -25, 0, 0, 0
L -34, 98, -25, -34, 96, -26, 0, 0, 0
L -34, 96, -26, -33, 93, -26, 0, 0, 0
L -33, 93, -26, -33, 92, -26, 0, 0, 0
L -33, 92, -26, -32, 90, -27, 0, 0, 0
L -32, 90, -27, -32, 89, -27, 0, 0, 0
L -32, 89, -27, -30, 88, -26, 0, 0, 0
L -30, 88, -26, 30, 88, -26, 0, 0, 0
L 30, 88, -26, 30, 89, -26, 0, 0, 0
L 30, 89, -26, 30, 93, -27, 0, 0, 0
L 30, 93, -27, 36, 91, -27, 0, 0, 0
L 36, 91, -27, 38, 91, -27, 0, 0, 0
L 38, 91, -27, 42, 90, -27, 0, 0, 0
L 42, 90, -27, 42, 88, -27, 0, 0, 0
L 42, 88, -27, 39, 82, -27, 0, 0, 0
L 39, 82, -27, 39, 80, -27, 0, 0, 0
L 39, 80, -27, 39, 67, -26, 0, 0, 0
L 39, 67, -26, 37, 66, -27, 0, 0, 0
L 37, 66, -27, 30, 66, -27, 0, 0, 0
L 30, 66, -27, 28, 67, -27, 0, 0, 0
L 28, 67, -27, 27, 67, -27, 0, 0, 0
L 27, 67, -27, 20, 69, -26, 0, 0, 0
L 20, 69, -26, 18, 69, -26, 0, 0, 0
L 18, 69, -26, 16, 68, -27, 0, 0, 0
L 16, 68, -27, 16, 66, -27, 0, 0, 0
L 16, 66, -27, 17, 66, -27, 0, 0, 0
L 17, 66, -27, 18, 64, -25, 0, 0, 0
L 18, 64, -25, 20, 62, -21, 0, 0, 0
L 20, 62, -21, 21, 60, -20, 0, 0, 0
L 21, 60, -20, 21, 58, -19, 0, 0, 0
L 21, 58, -19, 19, 55, -17, 0, 0, 0
L 19, 55, -17, 19, 53, -17, 0, 0, 0
L 19, 53, -17, 16, 44, -26, 0, 0, 0
L 16, 44, -26, 15, 43, -27, 0, 0, 0
L 15, 43, -27, 15, 39, -26, 0, 0, 0
L 15, 39, -26, 14, 38, -26, 0, 0, 0
L 14, 38, -26, 15, 29, -26, 0, 0, 0
L 15, 29, -26, 15, 27, -26, 0, 0, 0
L 15, 27, -26, 16, 26, -27, 0, 0, 0
L 16, 26, -27, 23, 26, -27, 0, 0, 0
L 23, 26, -27, 23, 24, -27, 0, 0, 0
L 23, 24, -27, 23, 17, -23, 0, 0, 0
L 23, 17, -23, 22, 15, -21, 0, 0, 0
L 22, 15, -21, 22, 13, -22, 0, 0, 0
L 22, 13, -22, 20, 12, -21, 0, 0, 0
L 20, 12, -21, 17, 11, -19, 0, 0, 0
L 17, 11, -19, 16, 11, -18, 0, 0, 0
L 16, 11, -18, 14, 10, -17, 0, 0, 0
L 14, 10, -17, 12, 11, -16, 0, 0, 0
L 12, 11, -16, 9, 12, -16, 0, 0, 0
L 9, 12, -16, 8, 12, -17, 0, 0, 0
L 8, 12, -17, 5, 14, -16, 0, 0, 0
L 5, 14, -16, -4, 18, -19, 0, 0, 0
L -4, 18, -19, -5, 19, -21, 0, 0, 0
L -5, 19, -21, -7, 19, -23, 0, 0, 0
L -7, 19, -23, -9, 19, -23, 0, 0, 0
L -9, 19, -23, -11, 18, -24, 0, 0, 0
L -11, 18, -24, -12, 18, -25, 0, 0, 0
L -12, 18, -25, -13, 16, -26, 0, 0, 0
L -13, 16, -26, -13, 15, -26, 0, 0, 0
L -13, 15, -26, -11, 14, -27, 0, 0, 0
L -11, 14, -27, -10, 14, -27, 0, 0, 0
L -10, 14, -27, -9, 12, -27, 0, 0, 0
L -9, 12, -27, -9, 10, -27, 0, 0, 0
L -9, 10, -27, -10, 6, -27, 0, 0, 0
L -10, 6, -27, -11, 5, -27, 0, 0, 0
L -11, 5, -27, -13, 5, -27, 0, 0, 0
