L -120, 2093, -92, -231, 2237, -80, 0, 0, 0
L -252, 2220, -44, -141, 2077, -69, 0, 0, 0
L 54, 1964, -94, -16, 1908, -94, 0, 0, 0
L -77, 2127, -100, 54, 1964, -95, 0, 0, 0
L -120, 2093, -101, -77, 2127, -100, 0, 0, 0
L -184, 2042, -101, -141, 2077, -100, 0, 0, 0
L -120, 1963, -101, -184, 2042, -100, 0, 0, 0
L -140, 1947, -101, -120, 1963, -101, 0, 0, 0
L -101, 1898, -101, -140, 1947, -100, 0, 0, 0
L -80, 1912, -101, -101, 1898, -101, 0, 0, 0
L -54, 1880, -101, -80, 1912, -100, 0, 0, 0
L -41, 1890, -101, -54, 1880, -101, 0, 0, 0
L -51, 1617, -92, -88, 1587, -43, 0, 0, 0
L 46, 1694, -93, -51, 1617, -92, 0, 0, 0
L 59, 1710, -93, 46, 1694, -93, 0, 0, 0
L 65, 1727, -93, 59, 1710, -93, 0, 0, 0
L 66, 1742, -93, 65, 1727, -93, 0, 0, 0
L 65, 1755, -93, 66, 1742, -93, 0, 0, 0
L 56, 1769, -93, 65, 1755, -93, 0, 0, 0
L 11, 1828, -93, 56, 1769, -93, 0, 0, 0
L -3, 1843, -94, 11, 1828, -93, 0, 0, 0
L -41, 1890, -95, -3, 1843, -94, 0, 0, 0
L 3, 1883, -94, -16, 1908, -94, 0, 0, 0
L 23, 1860, -93, 3, 1883, -94, 0, 0, 0
L 49, 1828, -93, 23, 1860, -93, 0, 0, 0
L 71, 1800, -93, 49, 1828, -93, 0, 0, 0
L 91, 1770, -93, 71, 1800, -93, 0, 0, 0
L 96, 1745, -93, 91, 1770, -93, 0, 0, 0
L 94, 1718, -93, 96, 1745, -93, 0, 0, 0
L 86, 1697, -93, 94, 1718, -93, 0, 0, 0
L 70, 1674, -93, 86, 1697, -93, 0, 0, 0
L 51, 1658, -92, 70, 1674, -93, 0, 0, 0
L -20, 1604, -90, 51, 1658, -92, 0, 0, 0
L -43, 1587, -90, -20, 1604, -90, 0, 0, 0
L -67, 1569, -69, -43, 1587, -90, 0, 0, 0
L -807, 1839, -31, -804, 1823, -31, 0, 0, 0
L -806, 1858, -31, -807, 1839, -31, 0, 0, 0
L -803, 1873, -31, -806, 1858, -31, 0, 0, 0
L -793, 1894, -31, -803, 1873, -31, 0, 0, 0
L -783, 1905, -31, -793, 1894, -31, 0, 0, 0
L -772, 1878, -31, -764, 1887, -31, 0, 0, 0
L -778, 1865, -31, -772, 1878, -31, 0, 0, 0
L -780, 1844, -31, -778, 1865, -31, 0, 0, 0
L -779, 1832, -31, -780, 1844, -31, 0, 0, 0
L -582, 1461, -97, -519, 1511, -97, 0, 0, 0
L -589, 1459, -97, -582, 1461, -97, 0, 0, 0
L -594, 1462, -96, -589, 1459, -97, 0, 0, 0
L -711, 1610, -101, -594, 1462, -96, 0, 0, 0
L -715, 1618, -101, -711, 1610, -101, 0, 0, 0
L -712, 1624, -101, -715, 1618, -101, 0, 0, 0
L -676, 1653, -101, -712, 1624, -101, 0, 0, 0
L -784, 1786, -36, -676, 1653, -104, 0, 0, 0
L -790, 1794, -31, -784, 1786, -36, 0, 0, 0
L -799, 1811, -31, -790, 1794, -31, 0, 0, 0
L -804, 1823, -31, -799, 1811, -31, 0, 0, 0
L -769, 1810, -37, -655, 1670, -77, 0, 0, 0
L -774, 1819, -31, -769, 1810, -31, 0, 0, 0
L -779, 1832, -31, -774, 1819, -31, 0, 0, 0
L -619, 1698, -101, -655, 1670, -101, 0, 0, 0
L -612, 1700, -101, -619, 1698, -101, 0, 0, 0
L -607, 1697, -101, -612, 1700, -101, 0, 0, 0
L -552, 1627, -102, -607, 1697, -101, 0, 0, 0
L -546, 1627, -101, -552, 1627, -102, 0, 0, 0
L -537, 1633, -101, -546, 1627, -101, 0, 0, 0
L -530, 1636, -101, -537, 1633, -101, 0, 0, 0
L -526, 1634, -101, -530, 1636, -101, 0, 0, 0
L -495, 1597, -101, -526, 1634, -101, 0, 0, 0
L -493, 1591, -101, -495, 1597, -101, 0, 0, 0
L -494, 1587, -101, -493, 1591, -101, 0, 0, 0
L -505, 1578, -102, -494, 1587, -101, 0, 0, 0
L -507, 1573, -101, -505, 1578, -102, 0, 0, 0
L -506, 1570, -101, -507, 1573, -101, 0, 0, 0
L -489, 1548, -101, -506, 1570, -101, 0, 0, 0
L -486, 1541, -101, -489, 1548, -101, 0, 0, 0
L -488, 1537, -101, -486, 1541, -101, 0, 0, 0
L -496, 1530, -101, -488, 1537, -101, 0, 0, 0
L -185, 1476, -84, -175, 1485, -56, 0, 0, 0
L -214, 1451, -92, -185, 1476, -84, 0, 0, 0
L -307, 1375, -93, -214, 1451, -92, 0, 0, 0
L -331, 1364, -93, -307, 1375, -93, 0, 0, 0
L -359, 1360, -93, -331, 1364, -93, 0, 0, 0
L -386, 1363, -93, -359, 1360, -93, 0, 0, 0
L -406, 1372, -93, -386, 1363, -93, 0, 0, 0
L -431, 1398, -93, -406, 1372, -93, 0, 0, 0
L -471, 1447, -93, -431, 1398, -93, 0, 0, 0
L -489, 1473, -94, -471, 1447, -93, 0, 0, 0
L -519, 1511, -94, -489, 1473, -94, 0, 0, 0
L -461, 1487, -94, -496, 1530, -94, 0, 0, 0
L -453, 1474, -93, -461, 1487, -94, 0, 0, 0
L -428, 1442, -93, -453, 1474, -93, 0, 0, 0
L -391, 1399, -93, -428, 1442, -93, 0, 0, 0
L -378, 1393, -93, -391, 1399, -93, 0, 0, 0
L -358, 1389, -93, -378, 1393, -93, 0, 0, 0
L -340, 1393, -93, -358, 1389, -93, 0, 0, 0
L -319, 1404, -93, -340, 1393, -93, 0, 0, 0
L -311, 1409, -100, -319, 1404, -93, 0, 0, 0
L -277, 1436, -103, -311, 1409, -100, 0, 0, 0
L -220, 1482, -93, -277, 1436, -103, 0, 0, 0
L -199, 1500, -77, -220, 1482, -93, 0, 0, 0
L -275, 718, 45, -275, 730, 48, 0, 0, 0
L -283, 701, 40, -275, 718, 45, 0, 0, 0
L -291, 693, 31, -283, 701, 40, 0, 0, 0
L -303, 689, 30, -291, 693, 31, 0, 0, 0
L -325, 669, 21, -303, 689, 30, 0, 0, 0
L -328, 669, 21, -325, 669, 21, 0, 0, 0
L -334, 674, 20, -328, 669, 21, 0, 0, 0
L -343, 665, 16, -334, 674, 20, 0, 0, 0
L -357, 674, 7, -343, 665, 16, 0, 0, 0
L -364, 684, 1, -357, 674, 7, 0, 0, 0
L -356, 690, 2, -364, 684, 1, 0, 0, 0
L -362, 702, -2, -356, 690, 2, 0, 0, 0
L -381, 716, 1, -362, 702, -2, 0, 0, 0
L -390, 726, 2, -381, 716, 1, 0, 0, 0
L -410, 714, 6, -390, 726, 2, 0, 0, 0
L -424, 693, 5, -410, 714, 6, 0, 0, 0
L -417, 678, -0, -424, 693, 5, 0, 0, 0
L -402, 666, 7, -417, 678, -0, 0, 0, 0
L -386, 663, -1, -402, 666, 7, 0, 0, 0
L -363, 652, 15, -386, 663, -1, 0, 0, 0
L -357, 648, 19, -363, 652, 15, 0, 0, 0
L -365, 639, 20, -357, 648, 19, 0, 0, 0
L -360, 627, 22, -365, 639, 20, 0, 0, 0
L -344, 618, 21, -360, 627, 22, 0, 0, 0
L -335, 612, 21, -344, 618, 21, 0, 0, 0
L -328, 608, 17, -335, 612, 21, 0, 0, 0
L -320, 616, 17, -328, 608, 17, 0, 0, 0
L -314, 613, 15, -320, 616, 17, 0, 0, 0
L -299, 602, 10, -314, 613, 15, 0, 0, 0
L -287, 593, -1, -299, 602, 10, 0, 0, 0
L -286, 581, -6, -287, 593, -1, 0, 0, 0
L -285, 564, -15, -286, 581, -6, 0, 0, 0
L -285, 555, -25, -285, 564, -15, 0, 0, 0
L -285, 543, -29, -285, 555, -25, 0, 0, 0
L -285, 542, -29, -285, 543, -29, 0, 0, 0
L -299, 541, -26, -285, 542, -29, 0, 0, 0
L -306, 532, -29, -299, 541, -26, 0, 0, 0
L -315, 531, -28, -306, 532, -29, 0, 0, 0
L -337, 537, -27, -315, 531, -28, 0, 0, 0
L -341, 541, -30, -337, 537, -27, 0, 0, 0
L -361, 546, -41, -341, 541, -30, 0, 0, 0
L -379, 555, -56, -361, 546, -41, 0, 0, 0
L -384, 559, -65, -379, 555, -56, 0, 0, 0
L -395, 564, -73, -384, 559, -65, 0, 0, 0
L -412, 564, -80, -395, 564, -73, 0, 0, 0
L -444, 561, -80, -412, 564, -80, 0, 0, 0
L -462, 557, -87, -444, 561, -80, 0, 0, 0
L -478, 537, -93, -462, 557, -87, 0, 0, 0
L -500, 522, -94, -478, 537, -93, 0, 0, 0
L -504, 508, -105, -500, 522, -94, 0, 0, 0
L -507, 506, -106, -504, 508, -105, 0, 0, 0
L -517, 503, -109, -507, 506, -106, 0, 0, 0
L -527, 494, -116, -517, 503, -109, 0, 0, 0
L -536, 493, -116, -527, 494, -116, 0, 0, 0
L -550, 491, -115, -536, 493, -116, 0, 0, 0
L -566, 479, -116, -550, 491, -115, 0, 0, 0
L -578, 464, -119, -566, 479, -116, 0, 0, 0
L -582, 452, -124, -578, 464, -119, 0, 0, 0
L -581, 438, -133, -582, 452, -124, 0, 0, 0
L -584, 419, -135, -581, 438, -133, 0, 0, 0
L -578, 403, -138, -584, 419, -135, 0, 0, 0
L -573, 394, -138, -578, 403, -138, 0, 0, 0
L -551, 367, -144, -573, 394, -138, 0, 0, 0
L -542, 358, -143, -551, 367, -144, 0, 0, 0
L -539, 354, -143, -542, 358, -143, 0, 0, 0
L -528, 345, -143, -539, 354, -143, 0, 0, 0
L -513, 331, -142, -528, 345, -143, 0, 0, 0
L -493, 327, -141, -513, 331, -142, 0, 0, 0
L -473, 322, -142, -493, 327, -141, 0, 0, 0
L -456, 326, -141, -473, 322, -142, 0, 0, 0
L -434, 333, -140, -456, 326, -141, 0, 0, 0
L -412, 362, -143, -434, 333, -140, 0, 0, 0
L -401, 373, -142, -412, 362, -143, 0, 0, 0
L -391, 367, -142, -401, 373, -142, 0, 0, 0
L -377, 363, -141, -391, 367, -142, 0, 0, 0
L -363, 362, -141, -377, 363, -141, 0, 0, 0
L -361, 361, -142, -363, 362, -141, 0, 0, 0
L -343, 351, -147, -361, 361, -142, 0, 0, 0
L -328, 375, -147, -343, 351, -147, 0, 0, 0
L -322, 390, -147, -328, 375, -147, 0, 0, 0
L -315, 389, -147, -322, 390, -147, 0, 0, 0
L -297, 379, -147, -315, 389, -147, 0, 0, 0
L -289, 361, -144, -297, 379, -147, 0, 0, 0
L -263, 367, -142, -260, 366, -142, 0, 0, 0
L -266, 380, -140, -263, 367, -142, 0, 0, 0
L -275, 392, -142, -266, 380, -140, 0, 0, 0
L -295, 407, -142, -275, 392, -142, 0, 0, 0
L -310, 411, -141, -295, 407, -142, 0, 0, 0
L -315, 413, -140, -310, 411, -141, 0, 0, 0
L -313, 416, -140, -315, 413, -140, 0, 0, 0
L -307, 423, -139, -313, 416, -140, 0, 0, 0
L -303, 438, -140, -307, 423, -139, 0, 0, 0
L -302, 450, -140, -303, 438, -140, 0, 0, 0
L -314, 451, -140, -302, 450, -140, 0, 0, 0
L -316, 455, -139, -314, 451, -140, 0, 0, 0
L -333, 461, -140, -316, 455, -139, 0, 0, 0
L -339, 464, -139, -333, 461, -140, 0, 0, 0
L -356, 470, -139, -339, 464, -139, 0, 0, 0
L -370, 477, -138, -356, 470, -139, 0, 0, 0
L -381, 481, -137, -370, 477, -138, 0, 0, 0
L -392, 487, -141, -381, 481, -137, 0, 0, 0
L -408, 486, -145, -392, 487, -141, 0, 0, 0
L -424, 498, -148, -408, 486, -145, 0, 0, 0
L -431, 499, -147, -424, 498, -148, 0, 0, 0
L -442, 491, -147, -431, 499, -147, 0, 0, 0
L -445, 479, -148, -442, 491, -147, 0, 0, 0
L -450, 469, -148, -445, 479, -148, 0, 0, 0
L -453, 457, -149, -450, 469, -148, 0, 0, 0
L -460, 442, -152, -453, 457, -149, 0, 0, 0
L -470, 422, -157, -460, 442, -152, 0, 0, 0
L -474, 407, -156, -470, 422, -157, 0, 0, 0
L -466, 402, -149, -474, 407, -156, 0, 0, 0
L -443, 394, -146, -466, 402, -149, 0, 0, 0
L -429, 387, -146, -443, 394, -146, 0, 0, 0
L -437, 374, -145, -429, 387, -146, 0, 0, 0
L -443, 362, -144, -437, 374, -145, 0, 0, 0
L -454, 359, -144, -443, 362, -144, 0, 0, 0
L -463, 348, -144, -454, 359, -144, 0, 0, 0
L -471, 351, -144, -463, 348, -144, 0, 0, 0
L -484, 349, -146, -471, 351, -144, 0, 0, 0
L -495, 358, -145, -484, 349, -146, 0, 0, 0
L -508, 361, -146, -495, 358, -145, 0, 0, 0
L -511, 368, -146, -508, 361, -146, 0, 0, 0
L -518, 375, -146, -511, 368, -146, 0, 0, 0
L -527, 389, -141, -518, 375, -146, 0, 0, 0
L -539, 398, -144, -527, 389, -141, 0, 0, 0
L -555, 409, -139, -539, 398, -144, 0, 0, 0
L -555, 425, -134, -555, 409, -139, 0, 0, 0
L -553, 444, -121, -555, 425, -134, 0, 0, 0
L -556, 452, -116, -553, 444, -121, 0, 0, 0
L -538, 461, -110, -556, 452, -116, 0, 0, 0
L -530, 469, -108, -538, 461, -110, 0, 0, 0
L -513, 473, -105, -530, 469, -108, 0, 0, 0
L -499, 478, -100, -513, 473, -105, 0, 0, 0
L -481, 494, -90, -499, 478, -100, 0, 0, 0
L -473, 504, -84, -481, 494, -90, 0, 0, 0
L -455, 527, -82, -473, 504, -84, 0, 0, 0
L -435, 536, -73, -455, 527, -82, 0, 0, 0
L -411, 537, -64, -435, 536, -73, 0, 0, 0
L -400, 531, -55, -411, 537, -64, 0, 0, 0
L -378, 528, -43, -400, 531, -55, 0, 0, 0
L -358, 512, -36, -378, 528, -43, 0, 0, 0
L -330, 505, -28, -358, 512, -36, 0, 0, 0
L -313, 506, -28, -330, 505, -28, 0, 0, 0
L -288, 513, -27, -313, 506, -28, 0, 0, 0
L -275, 524, -31, -288, 513, -27, 0, 0, 0
L -262, 545, -29, -275, 524, -31, 0, 0, 0
L -253, 556, -19, -262, 545, -29, 0, 0, 0
L -259, 574, -18, -253, 556, -19, 0, 0, 0
L -259, 587, -7, -259, 574, -18, 0, 0, 0
L -272, 604, 2, -259, 587, -7, 0, 0, 0
L -278, 622, 11, -272, 604, 2, 0, 0, 0
L -302, 634, 18, -278, 622, 11, 0, 0, 0
L -305, 636, 20, -302, 634, 18, 0, 0, 0
L -301, 640, 21, -305, 636, 20, 0, 0, 0
L -298, 643, 21, -301, 640, 21, 0, 0, 0
L -309, 652, 18, -298, 643, 21, 0, 0, 0
L -307, 657, 18, -309, 652, 18, 0, 0, 0
L -303, 661, 21, -307, 657, 18, 0, 0, 0
L -291, 661, 27, -303, 661, 21, 0, 0, 0
L -284, 669, 31, -291, 661, 27, 0, 0, 0
L -264, 687, 42, -284, 669, 31, 0, 0, 0
L -259, 703, 43, -264, 687, 42, 0, 0, 0
L -250, 711, 49, -259, 703, 43, 0, 0, 0
L -248, 719, 48, -250, 711, 49, 0, 0, 0
L 951, 511, -42, 924, 484, -42, 0, 0, 0
L 967, 508, -42, 951, 511, -42, 0, 0, 0
L 994, 496, -43, 967, 508, -42, 0, 0, 0
L 1002, 474, -42, 994, 496, -43, 0, 0, 0
L 999, 455, -43, 1002, 474, -42, 0, 0, 0
L 999, 431, -43, 999, 455, -43, 0, 0, 0
L 976, 405, -42, 999, 431, -43, 0, 0, 0
L 945, 411, -42, 976, 405, -42, 0, 0, 0
L 926, 445, -42, 945, 411, -42, 0, 0, 0
L 924, 484, -42, 926, 445, -42, 0, 0, 0
L 711, 617, -40, 700, 610, -40, 0, 127, 127
L 735, 622, -42, 711, 617, -40, 0, 127, 127
L 751, 638, -42, 735, 622, -42, 0, 127, 127
L 782, 666, -42, 751, 638, -42, 0, 127, 127
L 835, 734, -42, 782, 666, -42, 0, 127, 127
L 838, 767, -42, 835, 734, -42, 0, 127, 127
L 852, 802, -42, 838, 767, -42, 0, 127, 127
L 867, 847, -42, 852, 802, -42, 0, 127, 127
L 863, 888, -41, 867, 847, -42, 0, 127, 127
L 856, 912, -40, 863, 888, -41, 0, 127, 127
L 827, 973, -40, 856, 912, -40, 0, 127, 127
L 835, 1010, -44, 827, 973, -40, 0, 127, 127
L 823, 1046, -40, 835, 1010, -44, 0, 127, 127
L 780, 1088, -40, 823, 1046, -40, 0, 127, 127
L 731, 1121, -40, 780, 1088, -40, 0, 127, 127
L 706, 1160, -41, 731, 1121, -40, 0, 127, 127
L 662, 1205, -42, 706, 1160, -41, 0, 127, 127
L 598, 1215, -40, 662, 1205, -42, 0, 127, 127
L 586, 1223, -42, 598, 1215, -40, 0, 127, 127
L 550, 1230, -41, 586, 1223, -42, 0, 127, 127
L 528, 1236, -41, 550, 1230, -41, 0, 127, 127
L 483, 1229, -41, 528, 1236, -41, 0, 127, 127
L 463, 1222, -39, 483, 1229, -41, 0, 127, 127
L 429, 1233, -43, 463, 1222, -39, 0, 127, 127
L 392, 1240, -44, 429, 1233, -43, 0, 127, 127
L 364, 1227, -43, 392, 1240, -44, 0, 127, 127
L 354, 1211, -42, 364, 1227, -43, 0, 127, 127
L 325, 1191, -42, 354, 1211, -42, 0, 127, 127
L 271, 1203, -42, 325, 1191, -42, 0, 127, 127
L 239, 1214, -44, 271, 1203, -42, 0, 127, 127
L 225, 1171, -41, 239, 1214, -44, 0, 127, 127
L 199, 1143, -42, 225, 1171, -41, 0, 127, 127
L 187, 1126, -42, 199, 1143, -42, 0, 127, 127
L 141, 1074, -42, 187, 1126, -42, 0, 127, 127
L 106, 1030, -42, 141, 1074, -42, 0, 127, 127
L 103, 1019, -43, 106, 1030, -42, 0, 127, 127
L 69, 969, -43, 103, 1019, -43, 0, 127, 127
L 65, 912, -40, 69, 969, -43, 0, 127, 127
L 118, 868, -42, 65, 912, -40, 0, 127, 127
L 146, 863, -42, 118, 868, -42, 0, 127, 127
L 180, 848, -35, 146, 863, -42, 0, 127, 127
L 179, 798, -42, 180, 848, -35, 0, 127, 127
L 222, 757, -41, 179, 798, -42, 0, 127, 127
L 224, 745, -40, 222, 757, -41, 0, 127, 127
L 244, 713, -40, 224, 745, -40, 0, 127, 127
L 250, 661, -40, 244, 713, -40, 0, 127, 127
L 597, 550, -42, 648, 576, -38, 0, 127, 127
L 558, 555, -40, 597, 550, -42, 0, 127, 127
L 480, 576, -40, 558, 555, -40, 0, 127, 127
L 405, 590, -40, 480, 576, -40, 0, 127, 127
L 368, 605, -39, 405, 590, -40, 0, 127, 127
L 308, 620, -40, 368, 605, -39, 0, 127, 127
L 252, 661, -39, 308, 620, -40, 0, 127, 127
L 498, 151, 34, 498, 157, 34, 0, 0, 0
L 519, 151, 35, 498, 151, 35, 0, 0, 0
L 519, 157, 34, 519, 151, 34, 0, 0, 0
L -913, 803, 58, -900, 768, 58, 0, 0, 0
L -918, 833, 58, -913, 803, 58, 0, 0, 0
L -917, 859, 58, -918, 833, 58, 0, 0, 0
L -913, 881, 58, -917, 859, 58, 0, 0, 0
L -907, 899, 58, -913, 881, 58, 0, 0, 0
L -897, 919, 58, -907, 899, 58, 0, 0, 0
L -880, 942, 58, -897, 919, 58, 0, 0, 0
L -864, 957, 58, -880, 942, 58, 0, 0, 0
L -834, 978, 58, -864, 957, 58, 0, 0, 0
L -708, 1033, 56, -757, 1033, 56, 0, 0, 0
L -783, 1033, 56, -832, 1033, 56, 0, 0, 0
L -832, 983, 58, -834, 978, 58, 0, 0, 0
L -547, 1269, -43, -539, 1248, -43, 0, 0, 0
L -581, 1274, -44, -547, 1269, -43, 0, 0, 0
L -537, 1387, -40, -572, 1431, -40, 0, 0, 0
L -492, 1347, -40, -537, 1387, -40, 0, 0, 0
L -447, 1319, -40, -492, 1347, -40, 0, 0, 0
L -403, 1295, -40, -447, 1319, -40, 0, 0, 0
L -348, 1270, -40, -403, 1295, -40, 0, 0, 0
L -314, 1259, -40, -348, 1270, -40, 0, 0, 0
L 1174, 299, -42, 1187, 278, -42, 0, 0, 0
L 1155, 316, -43, 1174, 299, -42, 0, 0, 0
L 1131, 324, -42, 1155, 316, -42, 0, 0, 0
L 1105, 324, -42, 1131, 324, -42, 0, 0, 0
L 1081, 316, -42, 1105, 324, -42, 0, 0, 0
L 1062, 299, -43, 1081, 316, -42, 0, 0, 0
L 1049, 278, -56, 1062, 299, -45, 0, 0, 0
L 843, 278, -53, 1049, 278, -56, 0, 0, 0
L 829, 308, -50, 843, 278, -53, 0, 0, 0
L 817, 340, -53, 829, 308, -50, 0, 0, 0
L 801, 378, -54, 817, 340, -53, 0, 0, 0
L 791, 393, -55, 801, 378, -54, 0, 0, 0
L 764, 436, -55, 791, 393, -55, 0, 0, 0
L 753, 478, -50, 764, 436, -55, 0, 0, 0
L 738, 526, -46, 753, 478, -50, 0, 0, 0
L 709, 590, -44, 738, 526, -46, 0, 0, 0
L 695, 620, -29, 709, 590, -44, 0, 0, 0
L 687, 650, 22, 695, 620, -29, 0, 0, 0
L 684, 675, 32, 687, 650, 22, 0, 0, 0
L 697, 689, 27, 684, 675, 32, 0, 0, 0
L 739, 810, 108, 738, 801, 44, 0, 0, 0
L 730, 829, 110, 739, 810, 108, 0, 0, 0
L 743, 865, 108, 730, 829, 110, 0, 0, 0
L 755, 885, 110, 743, 865, 108, 0, 0, 0
L 772, 905, 65, 755, 885, 110, 0, 0, 0
L 773, 922, 57, 772, 905, 65, 0, 0, 0
L 774, 930, 48, 773, 922, 57, 0, 0, 0
L 760, 961, 54, 774, 930, 48, 0, 0, 0
L 796, 1049, 106, 801, 1039, 106, 0, 0, 0
L 783, 1063, 106, 796, 1049, 106, 0, 0, 0
L 766, 1071, 106, 783, 1063, 106, 0, 0, 0
L 748, 1074, 106, 766, 1071, 106, 0, 0, 0
L 729, 1071, 106, 748, 1074, 106, 0, 0, 0
L 713, 1063, 106, 729, 1071, 106, 0, 0, 0
L 700, 1049, 106, 713, 1063, 106, 0, 0, 0
L 697, 1043, 106, 700, 1049, 106, 0, 0, 0
L 682, 1046, 114, 689, 1044, 110, 0, 0, 0
L 669, 1055, 119, 682, 1046, 114, 0, 0, 0
L 647, 1086, 124, 669, 1055, 119, 0, 0, 0
L 631, 1099, 111, 647, 1086, 124, 0, 0, 0
L 629, 1100, 111, 631, 1099, 111, 0, 0, 0
L 608, 1102, 98, 629, 1100, 111, 0, 0, 0
L 566, 1116, 66, 608, 1102, 98, 0, 0, 0
L 427, 652, 41, 449, 631, 40, 0, 0, 0
L 404, 669, 58, 427, 652, 41, 0, 0, 0
L 389, 682, 58, 404, 669, 58, 0, 0, 0
L 383, 695, 54, 389, 682, 58, 0, 0, 0
L 370, 709, 52, 383, 695, 54, 0, 0, 0
L 708, 333, -42, 720, 312, -43, 0, 0, 0
L 701, 362, -42, 708, 333, -42, 0, 0, 0
L 695, 384, -42, 701, 362, -42, 0, 0, 0
L 668, 406, -42, 695, 384, -42, 0, 0, 0
L 664, 429, -42, 668, 406, -42, 0, 0, 0
L 659, 463, -42, 664, 429, -42, 0, 0, 0
L 658, 505, -42, 659, 463, -42, 0, 0, 0
L 645, 549, -49, 658, 505, -42, 0, 0, 0
L 648, 574, -37, 645, 549, -49, 0, 0, 0
L 651, 605, -8, 648, 574, -37, 0, 0, 0
L 646, 646, 34, 651, 605, -8, 0, 0, 0
L 644, 676, 54, 646, 646, 34, 0, 0, 0
L 640, 671, 50, 644, 676, 54, 0, 0, 0
L 609, 656, 40, 640, 671, 50, 0, 0, 0
L 584, 632, 26, 609, 656, 40, 0, 0, 0
L 574, 627, 23, 584, 632, 26, 0, 0, 0
L 1492, 277, -37, 1187, 278, -43, 0, 0, 0
L 1512, 303, -37, 1492, 277, -37, 0, 0, 0
L 1527, 389, -37, 1512, 303, -37, 0, 0, 0
L 1304, 632, -42, 1291, 718, -35, 0, 0, 0
L 1324, 587, -44, 1304, 632, -42, 0, 0, 0
L 1332, 565, -42, 1324, 587, -44, 0, 0, 0
L 1380, 493, -42, 1332, 565, -42, 0, 0, 0
L 1418, 456, -29, 1380, 493, -42, 0, 0, 0
L 1461, 423, -29, 1418, 456, -29, 0, 0, 0
L 1514, 394, -39, 1461, 423, -29, 0, 0, 0
L 1528, 391, -37, 1514, 394, -39, 0, 0, 0
L 1699, 986, -13, 1730, 975, -26, 0, 0, 0
L 1662, 1017, -34, 1699, 986, -13, 0, 0, 0
L 1613, 1027, -26, 1662, 1017, -34, 0, 0, 0
L 1582, 1017, -11, 1613, 1027, -26, 0, 0, 0
L 1546, 1003, -24, 1582, 1017, -11, 0, 0, 0
L 1502, 990, -11, 1546, 1003, -24, 0, 0, 0
L 1449, 952, -3, 1502, 990, -11, 0, 0, 0
L 1401, 897, -1, 1449, 952, -3, 0, 0, 0
L 1376, 867, 15, 1401, 897, -1, 0, 0, 0
L 1358, 853, 18, 1376, 867, 15, 0, 0, 0
L 1347, 841, 17, 1358, 853, 18, 0, 0, 0
L 1336, 820, 14, 1347, 841, 17, 0, 0, 0
L 1734, 1044, -37, 1730, 975, -37, 0, 0, 0
L 1717, 1197, -37, 1734, 1044, -37, 0, 0, 0
L 1672, 1351, -37, 1717, 1197, -37, 0, 0, 0
L 1630, 1394, 3, 1672, 1351, -37, 0, 0, 0
L 1593, 1346, -4, 1630, 1394, 3, 0, 0, 0
L 1537, 1271, 32, 1593, 1346, -4, 0, 0, 0
L 1278, 1183, 71, 1205, 1169, 61, 0, 0, 0
L 1289, 1187, 71, 1278, 1183, 71, 0, 0, 0
L 1483, 1200, 37, 1537, 1271, 30, 0, 0, 0
L 1416, 1127, 8, 1483, 1200, 37, 0, 0, 0
L 1362, 1115, -2, 1416, 1127, 8, 0, 0, 0
L 1323, 1145, 43, 1362, 1115, -2, 0, 0, 0
L 1301, 1173, 71, 1323, 1145, 43, 0, 0, 0
L 1289, 1187, 71, 1301, 1173, 71, 0, 0, 0
L 1057, 1328, 25, 1043, 1332, -45, 0, 0, 0
L 1124, 1283, 53, 1057, 1328, 25, 0, 0, 0
L 1148, 1244, 58, 1177, 1201, 57, 0, 0, 0
L 1133, 1274, 68, 1148, 1244, 58, 0, 0, 0
L 1124, 1283, 64, 1133, 1274, 68, 0, 0, 0
L 1041, 1359, -23, 1043, 1332, -45, 0, 0, 0
L 1045, 1397, 6, 1041, 1359, -23, 0, 0, 0
L 1054, 1430, 26, 1045, 1397, 6, 0, 0, 0
L 1067, 1432, 36, 1054, 1430, 26, 0, 0, 0
L 1095, 1437, 67, 1067, 1432, 36, 0, 0, 0
L 1098, 1452, 62, 1095, 1437, 67, 0, 0, 0
L 1106, 1473, 73, 1098, 1452, 62, 0, 0, 0
L 1111, 1479, 74, 1106, 1473, 73, 0, 0, 0
L 1117, 1511, 65, 1111, 1479, 74, 0, 0, 0
L 1127, 1531, 58, 1117, 1511, 65, 0, 0, 0
L 1181, 1575, 57, 1127, 1531, 58, 0, 0, 0
L 1191, 1596, 58, 1181, 1575, 57, 0, 0, 0
L 1199, 1604, 58, 1191, 1596, 58, 0, 0, 0
L 1250, 1650, 39, 1199, 1604, 58, 0, 0, 0
L 1268, 1690, -30, 1250, 1650, -13, 0, 0, 0
L 1312, 1687, -22, 1268, 1690, -30, 0, 0, 0
L 1349, 1704, -41, 1312, 1687, -22, 0, 0, 0
L 1429, 1694, -37, 1349, 1704, -41, 0, 0, 0
L 1371, 1735, -37, 1429, 1694, -37, 0, 0, 0
L 1252, 1844, -37, 1371, 1735, -37, 0, 0, 0
L 1141, 1915, -37, 1252, 1844, -37, 0, 0, 0
L 994, 1978, -38, 1141, 1915, -37, 0, 0, 0
L 287, 1683, -42, 250, 1695, -42, 0, 0, 0
L 322, 1668, -42, 287, 1683, -42, 0, 0, 0
L 358, 1655, -42, 322, 1668, -42, 0, 0, 0
L 373, 1644, -42, 358, 1655, -42, 0, 0, 0
L 410, 1627, -42, 373, 1644, -42, 0, 0, 0
L 488, 1612, -42, 410, 1627, -42, 0, 0, 0
L 538, 1611, -42, 488, 1612, -42, 0, 0, 0
L 600, 1617, -42, 538, 1611, -42, 0, 0, 0
L 623, 1643, -33, 600, 1617, -42, 0, 0, 0
L 651, 1655, -38, 623, 1643, -33, 0, 0, 0
L 680, 1655, -42, 651, 1655, -38, 0, 0, 0
L 713, 1666, -42, 685, 1657, -42, 0, 0, 0
L 778, 1672, -42, 736, 1661, -42, 0, 0, 0
L 820, 1705, -42, 785, 1680, -42, 0, 0, 0
L 847, 1733, -42, 820, 1705, -42, 0, 0, 0
L 886, 1770, -42, 847, 1733, -42, 0, 0, 0
L 909, 1797, -42, 886, 1770, -42, 0, 0, 0
L 916, 1816, -42, 909, 1797, -42, 0, 0, 0
L 934, 1846, -42, 916, 1816, -42, 0, 0, 0
L 953, 1865, -42, 934, 1846, -42, 0, 0, 0
L 968, 1896, -42, 953, 1865, -42, 0, 0, 0
L 988, 1961, -42, 968, 1896, -42, 0, 0, 0
L 991, 1979, -37, 988, 1961, -42, 0, 0, 0
L 212, 1720, -44, 250, 1695, -60, 0, 0, 0
L 206, 1762, -2, 212, 1720, -44, 0, 0, 0
L 172, 1791, -18, 206, 1762, -2, 0, 0, 0
L 139, 1815, -34, 172, 1791, -18, 0, 0, 0
L 179, 1696, -40, 186, 1658, -40, 0, 0, 0
L 162, 1757, -40, 179, 1696, -40, 0, 0, 0
L 144, 1803, -40, 162, 1757, -40, 0, 0, 0
L 140, 1811, -40, 144, 1803, -40, 0, 0, 0
L 168, 1655, -40, 186, 1658, -40, 0, 0, 0
L 168, 1599, -40, 168, 1655, -40, 0, 0, 0
L 152, 1526, -40, 168, 1599, -40, 0, 0, 0
L 147, 1515, -40, 152, 1526, -40, 0, 0, 0
L 140, 1516, -40, 147, 1515, -40, 0, 0, 0
L 145, 1528, -40, 140, 1516, -40, 0, 0, 0
L 161, 1600, -40, 162, 1665, -40, 0, 0, 0
L 145, 1528, -40, 161, 1600, -40, 0, 0, 0
L 125, 1461, -36, 118, 1463, -35, 0, 0, 0
L -310, 1272, -40, -314, 1259, -40, 0, 0, 0
L -259, 1261, -40, -310, 1272, -40, 0, 0, 0
L -183, 1259, -40, -259, 1261, -40, 0, 0, 0
L -109, 1273, -40, -183, 1259, -40, 0, 0, 0
L -39, 1301, -40, -109, 1273, -40, 0, 0, 0
L 25, 1342, -40, -39, 1301, -40, 0, 0, 0
L 79, 1394, -40, 25, 1342, -40, 0, 0, 0
L 125, 1461, -40, 79, 1394, -40, 0, 0, 0
L 73, 1399, -40, 118, 1463, -40, 0, 0, 0
L 20, 1347, -40, 73, 1399, -40, 0, 0, 0
L -42, 1307, -40, 20, 1347, -40, 0, 0, 0
L -111, 1280, -40, -42, 1307, -40, 0, 0, 0
L -184, 1266, -40, -111, 1280, -40, 0, 0, 0
L -258, 1267, -40, -184, 1266, -40, 0, 0, 0
L -313, 1279, -40, -258, 1267, -40, 0, 0, 0
L -575, 1349, -40, -581, 1274, -41, 0, 0, 0
L -572, 1431, -37, -575, 1349, -40, 0, 0, 0
L -337, 1376, 12, -334, 1405, 12, 127, 127, 127
L -338, 1338, 12, -337, 1376, 12, 127, 127, 127
L -337, 1309, 12, -338, 1338, 12, 127, 127, 127
L -336, 1308, 12, -337, 1309, 12, 127, 127, 127
L -336, 1304, 12, -336, 1308, 12, 127, 127, 127
L -334, 1290, 12, -336, 1304, 12, 127, 127, 127
L -341, 1306, 15, -339, 1292, 15, 127, 127, 127
L -343, 1330, 15, -341, 1306, 15, 127, 127, 127
L -343, 1346, 15, -343, 1330, 15, 127, 127, 127
L -342, 1377, 15, -343, 1346, 15, 127, 127, 127
L -338, 1406, 15, -342, 1377, 15, 127, 127, 127
L -345, 1377, 18, -341, 1407, 18, 127, 127, 127
L -346, 1338, 18, -345, 1377, 18, 127, 127, 127
L -345, 1308, 18, -346, 1338, 18, 127, 127, 127
L -344, 1307, 18, -345, 1308, 18, 127, 127, 127
L -344, 1303, 18, -344, 1307, 18, 127, 127, 127
L -343, 1293, 18, -344, 1303, 18, 127, 127, 127
L -351, 1326, 21, -348, 1296, 21, 127, 127, 127
L -351, 1353, 21, -351, 1326, 21, 127, 127, 127
L -350, 1379, 21, -351, 1353, 21, 127, 127, 127
L -346, 1408, 21, -350, 1379, 21, 127, 127, 127
L -353, 1378, 24, -349, 1409, 24, 127, 127, 127
L -354, 1338, 24, -353, 1378, 24, 127, 127, 127
L -352, 1306, 24, -354, 1338, 24, 127, 127, 127
L -351, 1297, 24, -352, 1306, 24, 127, 127, 127
L -357, 1304, 27, -357, 1300, 27, 127, 127, 127
L -359, 1329, 27, -357, 1304, 27, 127, 127, 127
L -359, 1349, 27, -359, 1329, 27, 127, 127, 127
L -358, 1378, 27, -359, 1349, 27, 127, 127, 127
L -354, 1410, 27, -358, 1378, 27, 127, 127, 127
L -361, 1378, 30, -357, 1411, 30, 127, 127, 127
L -362, 1336, 30, -361, 1378, 30, 127, 127, 127
L -360, 1306, 30, -362, 1336, 30, 127, 127, 127
L -360, 1302, 30, -360, 1306, 30, 127, 127, 127
L -367, 1327, 33, -365, 1304, 33, 127, 127, 127
L -367, 1351, 33, -367, 1327, 33, 127, 127, 127
L -366, 1379, 33, -367, 1351, 33, 127, 127, 127
L -362, 1412, 33, -366, 1379, 33, 127, 127, 127
L -369, 1379, 36, -365, 1413, 36, 127, 127, 127
L -370, 1334, 36, -369, 1379, 36, 127, 127, 127
L -368, 1306, 36, -370, 1334, 36, 127, 127, 127
L -375, 1331, 39, -374, 1308, 39, 127, 127, 127
L -375, 1345, 39, -375, 1331, 39, 127, 127, 127
L -374, 1376, 39, -375, 1345, 39, 127, 127, 127
L -370, 1414, 39, -374, 1376, 39, 127, 127, 127
L -377, 1382, 42, -373, 1415, 42, 127, 127, 127
L -377, 1374, 42, -377, 1382, 42, 127, 127, 127
L -379, 1339, 42, -377, 1374, 42, 127, 127, 127
L -377, 1310, 42, -379, 1339, 42, 127, 127, 127
L -450, 1344, 45, -313, 1279, 42, 0, 0, 0
L -383, 1326, 45, -382, 1312, 45, 127, 127, 127
L -383, 1351, 45, -383, 1326, 45, 127, 127, 127
L -382, 1380, 45, -383, 1351, 45, 127, 127, 127
L -377, 1416, 45, -382, 1380, 45, 127, 127, 127
L -385, 1380, 48, -380, 1417, 48, 127, 127, 127
L -386, 1368, 48, -385, 1380, 48, 127, 127, 127
L -386, 1333, 48, -386, 1368, 48, 127, 127, 127
L -385, 1313, 48, -386, 1333, 48, 127, 127, 127
L -391, 1327, 51, -390, 1316, 51, 127, 127, 127
L -391, 1350, 51, -391, 1327, 51, 127, 127, 127
L -390, 1381, 51, -391, 1350, 51, 127, 127, 127
L -385, 1418, 51, -390, 1381, 51, 127, 127, 127
L -393, 1383, 54, -388, 1419, 54, 127, 127, 127
L -394, 1337, 54, -393, 1383, 54, 127, 127, 127
L -393, 1317, 54, -394, 1337, 54, 127, 127, 127
L -399, 1327, 57, -398, 1320, 57, 127, 127, 127
L -399, 1350, 57, -399, 1327, 57, 127, 127, 127
L -398, 1382, 57, -399, 1350, 57, 127, 127, 127
L -393, 1420, 57, -398, 1382, 57, 127, 127, 127
L -240, 1593, 12, -219, 1614, 12, 127, 127, 127
L -263, 1567, 12, -240, 1593, 12, 127, 127, 127
L -283, 1539, 12, -263, 1567, 12, 127, 127, 127
L -300, 1509, 12, -283, 1539, 12, 127, 127, 127
L -314, 1477, 12, -300, 1509, 12, 127, 127, 127
L -324, 1447, 12, -314, 1477, 12, 127, 127, 127
L -319, 1479, 15, -329, 1448, 15, 127, 127, 127
L -304, 1511, 15, -319, 1479, 15, 127, 127, 127
L -287, 1541, 15, -304, 1511, 15, 127, 127, 127
L -267, 1570, 15, -287, 1541, 15, 127, 127, 127
L -244, 1597, 15, -267, 1570, 15, 127, 127, 127
L -222, 1618, 15, -244, 1597, 15, 127, 127, 127
L -246, 1599, 18, -224, 1621, 18, 127, 127, 127
L -269, 1572, 18, -246, 1599, 18, 127, 127, 127
L -290, 1543, 18, -269, 1572, 18, 127, 127, 127
L -307, 1512, 18, -290, 1543, 18, 127, 127, 127
L -321, 1480, 18, -307, 1512, 18, 127, 127, 127
L -332, 1449, 18, -321, 1480, 18, 127, 127, 127
L -326, 1482, 21, -337, 1450, 21, 127, 127, 127
L -312, 1514, 21, -326, 1482, 21, 127, 127, 127
L -294, 1546, 21, -312, 1514, 21, 127, 127, 127
L -273, 1575, 21, -294, 1546, 21, 127, 127, 127
L -250, 1602, 21, -273, 1575, 21, 127, 127, 127
L -227, 1625, 21, -250, 1602, 21, 127, 127, 127
L -252, 1604, 24, -229, 1627, 24, 127, 127, 127
L -276, 1577, 24, -252, 1604, 24, 127, 127, 127
L -296, 1547, 24, -276, 1577, 24, 127, 127, 127
L -314, 1516, 24, -296, 1547, 24, 127, 127, 127
L -329, 1483, 24, -314, 1516, 24, 127, 127, 127
L -340, 1451, 24, -329, 1483, 24, 127, 127, 127
L -334, 1484, 27, -345, 1452, 27, 127, 127, 127
L -319, 1518, 27, -334, 1484, 27, 127, 127, 127
L -301, 1550, 27, -319, 1518, 27, 127, 127, 127
L -280, 1579, 27, -301, 1550, 27, 127, 127, 127
L -256, 1608, 27, -280, 1579, 27, 127, 127, 127
L -232, 1631, 27, -256, 1608, 27, 127, 127, 127
L -258, 1610, 30, -234, 1633, 30, 127, 127, 127
L -282, 1582, 30, -258, 1610, 30, 127, 127, 127
L -303, 1551, 30, -282, 1582, 30, 127, 127, 127
L -321, 1519, 30, -303, 1551, 30, 127, 127, 127
L -336, 1486, 30, -321, 1519, 30, 127, 127, 127
L -347, 1453, 30, -336, 1486, 30, 127, 127, 127
L -341, 1487, 33, -352, 1454, 33, 127, 127, 127
L -326, 1521, 33, -341, 1487, 33, 127, 127, 127
L -307, 1554, 33, -326, 1521, 33, 127, 127, 127
L -286, 1585, 33, -307, 1554, 33, 127, 127, 127
L -262, 1613, 33, -286, 1585, 33, 127, 127, 127
L -237, 1637, 33, -262, 1613, 33, 127, 127, 127
L -264, 1615, 36, -239, 1640, 36, 127, 127, 127
L -288, 1587, 36, -264, 1615, 36, 127, 127, 127
L -310, 1556, 36, -288, 1587, 36, 127, 127, 127
L -327, 1525, 36, -310, 1556, 36, 127, 127, 127
L -328, 1524, 36, -327, 1525, 36, 127, 127, 127
L -328, 1523, 36, -328, 1524, 36, 127, 127, 127
L -344, 1489, 36, -328, 1523, 36, 127, 127, 127
L -355, 1454, 36, -344, 1489, 36, 127, 127, 127
L -349, 1490, 39, -360, 1456, 39, 127, 127, 127
L -333, 1525, 39, -349, 1490, 39, 127, 127, 127
L -314, 1558, 39, -333, 1525, 39, 127, 127, 127
L -292, 1590, 39, -314, 1558, 39, 127, 127, 127
L -267, 1619, 39, -292, 1590, 39, 127, 127, 127
L -242, 1644, 39, -267, 1619, 39, 127, 127, 127
L -269, 1621, 42, -244, 1646, 42, 127, 127, 127
L -295, 1592, 42, -269, 1621, 42, 127, 127, 127
L -314, 1563, 42, -295, 1592, 42, 127, 127, 127
L -317, 1560, 42, -314, 1563, 42, 127, 127, 127
L -336, 1527, 42, -317, 1560, 42, 127, 127, 127
L -351, 1492, 42, -336, 1527, 42, 127, 127, 127
L -363, 1456, 42, -351, 1492, 42, 127, 127, 127
L -356, 1493, 45, -368, 1458, 45, 127, 127, 127
L -340, 1529, 45, -356, 1493, 45, 127, 127, 127
L -321, 1563, 45, -340, 1529, 45, 127, 127, 127
L -299, 1595, 45, -321, 1563, 45, 127, 127, 127
L -273, 1624, 45, -299, 1595, 45, 127, 127, 127
L -247, 1650, 45, -273, 1624, 45, 127, 127, 127
L -275, 1626, 48, -249, 1652, 48, 127, 127, 127
L -301, 1597, 48, -275, 1626, 48, 127, 127, 127
L -323, 1564, 48, -301, 1597, 48, 127, 127, 127
L -343, 1530, 48, -323, 1564, 48, 127, 127, 127
L -359, 1494, 48, -343, 1530, 48, 127, 127, 127
L -371, 1458, 48, -359, 1494, 48, 127, 127, 127
L -363, 1496, 51, -376, 1460, 51, 127, 127, 127
L -347, 1532, 51, -363, 1496, 51, 127, 127, 127
L -328, 1567, 51, -347, 1532, 51, 127, 127, 127
L -305, 1599, 51, -328, 1567, 51, 127, 127, 127
L -279, 1630, 51, -305, 1599, 51, 127, 127, 127
L -252, 1656, 51, -279, 1630, 51, 127, 127, 127
L -281, 1632, 54, -254, 1658, 54, 127, 127, 127
L -307, 1601, 54, -281, 1632, 54, 127, 127, 127
L -330, 1569, 54, -307, 1601, 54, 127, 127, 127
L -350, 1534, 54, -330, 1569, 54, 127, 127, 127
L -366, 1497, 54, -350, 1534, 54, 127, 127, 127
L -379, 1460, 54, -366, 1497, 54, 127, 127, 127
L -371, 1499, 57, -383, 1462, 57, 127, 127, 127
L -354, 1536, 57, -371, 1499, 57, 127, 127, 127
L -336, 1569, 57, -354, 1536, 57, 127, 127, 127
L -335, 1570, 57, -336, 1569, 57, 127, 127, 127
L -335, 1571, 57, -335, 1570, 57, 127, 127, 127
L -311, 1604, 57, -335, 1571, 57, 127, 127, 127
L -285, 1635, 57, -311, 1604, 57, 127, 127, 127
L -257, 1662, 57, -285, 1635, 57, 127, 127, 127
L -190, 1711, 57, -223, 1689, 57, 127, 127, 127
L -154, 1729, 57, -190, 1711, 57, 127, 127, 127
L -117, 1744, 57, -154, 1729, 57, 127, 127, 127
L -78, 1756, 57, -117, 1744, 57, 127, 127, 127
L -38, 1764, 57, -78, 1756, 57, 127, 127, 127
L 1, 1767, 57, -38, 1764, 57, 127, 127, 127
L 152, 1702, 27, 162, 1665, 18, 0, 0, 0
L 79, 1735, 36, 44, 1738, 36, 127, 127, 127
L 116, 1728, 36, 79, 1735, 36, 127, 127, 127
L 147, 1718, 36, 116, 1728, 36, 127, 127, 127
L 152, 1702, 27, 138, 1750, 33, 0, 0, 0
L 142, 1687, 12, 157, 1680, 12, 127, 127, 127
L 108, 1697, 12, 142, 1687, 12, 127, 127, 127
L 74, 1703, 12, 108, 1697, 12, 127, 127, 127
L 44, 1706, 12, 74, 1703, 12, 127, 127, 127
L 75, 1708, 15, 44, 1711, 15, 127, 127, 127
L 110, 1701, 15, 75, 1708, 15, 127, 127, 127
L 143, 1691, 15, 110, 1701, 15, 127, 127, 127
L 156, 1686, 15, 143, 1691, 15, 127, 127, 127
L 144, 1694, 18, 155, 1690, 18, 127, 127, 127
L 110, 1704, 18, 144, 1694, 18, 127, 127, 127
L 76, 1711, 18, 110, 1704, 18, 127, 127, 127
L 44, 1714, 18, 76, 1711, 18, 127, 127, 127
L 76, 1716, 21, 44, 1719, 21, 127, 127, 127
L 111, 1709, 21, 76, 1716, 21, 127, 127, 127
L 154, 1696, 21, 111, 1709, 21, 127, 127, 127
L 147, 1702, 24, 153, 1700, 24, 127, 127, 127
L 112, 1712, 24, 147, 1702, 24, 127, 127, 127
L 77, 1719, 24, 112, 1712, 24, 127, 127, 127
L 44, 1722, 24, 77, 1719, 24, 127, 127, 127
L 77, 1724, 27, 44, 1727, 27, 127, 127, 127
L 113, 1717, 27, 77, 1724, 27, 127, 127, 127
L 148, 1707, 27, 113, 1717, 27, 127, 127, 127
L 151, 1706, 27, 148, 1707, 27, 127, 127, 127
L 118, 1719, 30, 150, 1709, 30, 127, 127, 127
L 109, 1721, 30, 118, 1719, 30, 127, 127, 127
L 78, 1727, 30, 109, 1721, 30, 127, 127, 127
L 44, 1730, 30, 78, 1727, 30, 127, 127, 127
L 78, 1732, 33, 44, 1735, 33, 127, 127, 127
L 112, 1725, 33, 78, 1732, 33, 127, 127, 127
L 120, 1723, 33, 112, 1725, 33, 127, 127, 127
L 148, 1715, 33, 120, 1723, 33, 127, 127, 127
L 117, 1732, 39, 146, 1724, 39, 127, 127, 127
L 83, 1739, 39, 117, 1732, 39, 127, 127, 127
L 44, 1743, 39, 83, 1739, 39, 127, 127, 127
L 80, 1743, 42, 44, 1746, 42, 127, 127, 127
L 118, 1735, 42, 80, 1743, 42, 127, 127, 127
L 145, 1728, 42, 118, 1735, 42, 127, 127, 127
L 124, 1739, 45, 143, 1733, 45, 127, 127, 127
L 83, 1747, 45, 124, 1739, 45, 127, 127, 127
L 44, 1751, 45, 83, 1747, 45, 127, 127, 127
L 79, 1751, 48, 44, 1754, 48, 127, 127, 127
L 120, 1743, 48, 79, 1751, 48, 127, 127, 127
L 142, 1737, 48, 120, 1743, 48, 127, 127, 127
L 121, 1748, 51, 140, 1742, 51, 127, 127, 127
L 83, 1755, 51, 121, 1748, 51, 127, 127, 127
L 44, 1759, 51, 83, 1755, 51, 127, 127, 127
L 81, 1759, 54, 44, 1762, 54, 127, 127, 127
L 122, 1751, 54, 81, 1759, 54, 127, 127, 127
L 139, 1746, 54, 122, 1751, 54, 127, 127, 127
L 123, 1756, 57, 138, 1751, 57, 127, 127, 127
L 84, 1763, 57, 123, 1756, 57, 127, 127, 127
L 44, 1767, 57, 84, 1763, 57, 127, 127, 127
L -29, 1703, 12, 1, 1706, 12, 127, 127, 127
L -63, 1697, 12, -29, 1703, 12, 127, 127, 127
L -96, 1687, 12, -63, 1697, 12, 127, 127, 127
L -129, 1674, 12, -96, 1687, 12, 127, 127, 127
L -160, 1657, 12, -129, 1674, 12, 127, 127, 127
L -185, 1641, 12, -160, 1657, 12, 127, 127, 127
L -162, 1662, 15, -188, 1645, 15, 127, 127, 127
L -127, 1680, 15, -162, 1662, 15, 127, 127, 127
L -98, 1692, 15, -127, 1680, 15, 127, 127, 127
L -65, 1701, 15, -98, 1692, 15, 127, 127, 127
L -31, 1708, 15, -65, 1701, 15, 127, 127, 127
L -28, 1708, 15, -31, 1708, 15, 127, 127, 127
L 1, 1711, 15, -28, 1708, 15, 127, 127, 127
L -30, 1711, 18, 1, 1714, 18, 127, 127, 127
L -71, 1703, 18, -30, 1711, 18, 127, 127, 127
L -99, 1694, 18, -71, 1703, 18, 127, 127, 127
L -132, 1681, 18, -99, 1694, 18, 127, 127, 127
L -163, 1665, 18, -132, 1681, 18, 127, 127, 127
L -190, 1647, 18, -163, 1665, 18, 127, 127, 127
L -168, 1667, 21, -193, 1651, 21, 127, 127, 127
L -166, 1669, 21, -168, 1667, 21, 127, 127, 127
L -134, 1686, 21, -166, 1669, 21, 127, 127, 127
L -101, 1699, 21, -134, 1686, 21, 127, 127, 127
L -66, 1709, 21, -101, 1699, 21, 127, 127, 127
L -34, 1716, 21, -66, 1709, 21, 127, 127, 127
L -28, 1716, 21, -34, 1716, 21, 127, 127, 127
L 1, 1719, 21, -28, 1716, 21, 127, 127, 127
L -31, 1719, 24, 1, 1722, 24, 127, 127, 127
L -67, 1712, 24, -31, 1719, 24, 127, 127, 127
L -102, 1702, 24, -67, 1712, 24, 127, 127, 127
L -135, 1688, 24, -102, 1702, 24, 127, 127, 127
L -167, 1672, 24, -135, 1688, 24, 127, 127, 127
L -195, 1654, 24, -167, 1672, 24, 127, 127, 127
L -170, 1676, 27, -198, 1658, 27, 127, 127, 127
L -137, 1693, 27, -170, 1676, 27, 127, 127, 127
L -99, 1708, 27, -137, 1693, 27, 127, 127, 127
L -68, 1717, 27, -99, 1708, 27, 127, 127, 127
L -36, 1723, 27, -68, 1717, 27, 127, 127, 127
L 1, 1727, 27, -36, 1723, 27, 127, 127, 127
L -33, 1727, 30, 1, 1730, 30, 127, 127, 127
L -69, 1720, 30, -33, 1727, 30, 127, 127, 127
L -104, 1709, 30, -69, 1720, 30, 127, 127, 127
L -139, 1696, 30, -104, 1709, 30, 127, 127, 127
L -171, 1679, 30, -139, 1696, 30, 127, 127, 127
L -200, 1660, 30, -171, 1679, 30, 127, 127, 127
L -174, 1683, 33, -203, 1664, 33, 127, 127, 127
L -141, 1700, 33, -174, 1683, 33, 127, 127, 127
L -110, 1713, 33, -141, 1700, 33, 127, 127, 127
L -70, 1725, 33, -110, 1713, 33, 127, 127, 127
L -33, 1732, 33, -70, 1725, 33, 127, 127, 127
L 1, 1735, 33, -33, 1732, 33, 127, 127, 127
L -40, 1734, 36, 1, 1738, 36, 127, 127, 127
L -71, 1728, 36, -40, 1734, 36, 127, 127, 127
L -107, 1717, 36, -71, 1728, 36, 127, 127, 127
L -142, 1703, 36, -107, 1717, 36, 127, 127, 127
L -175, 1686, 36, -142, 1703, 36, 127, 127, 127
L -205, 1666, 36, -175, 1686, 36, 127, 127, 127
L -178, 1690, 39, -208, 1670, 39, 127, 127, 127
L -144, 1707, 39, -178, 1690, 39, 127, 127, 127
L -109, 1722, 39, -144, 1707, 39, 127, 127, 127
L -72, 1733, 39, -109, 1722, 39, 127, 127, 127
L -35, 1740, 39, -72, 1733, 39, 127, 127, 127
L 1, 1743, 39, -35, 1740, 39, 127, 127, 127
L -35, 1743, 42, 1, 1746, 42, 127, 127, 127
L -73, 1736, 42, -35, 1743, 42, 127, 127, 127
L -116, 1722, 42, -73, 1736, 42, 127, 127, 127
L -145, 1710, 42, -116, 1722, 42, 127, 127, 127
L -179, 1692, 42, -145, 1710, 42, 127, 127, 127
L -210, 1673, 42, -179, 1692, 42, 127, 127, 127
L -182, 1697, 45, -213, 1677, 45, 127, 127, 127
L -147, 1715, 45, -182, 1697, 45, 127, 127, 127
L -111, 1729, 45, -147, 1715, 45, 127, 127, 127
L -74, 1740, 45, -111, 1729, 45, 127, 127, 127
L -36, 1748, 45, -74, 1740, 45, 127, 127, 127
L 1, 1751, 45, -36, 1748, 45, 127, 127, 127
L -36, 1751, 48, 1, 1754, 48, 127, 127, 127
L -75, 1743, 48, -36, 1751, 48, 127, 127, 127
L -110, 1733, 48, -75, 1743, 48, 127, 127, 127
L -149, 1717, 48, -110, 1733, 48, 127, 127, 127
L -183, 1699, 48, -149, 1717, 48, 127, 127, 127
L -215, 1679, 48, -183, 1699, 48, 127, 127, 127
L -186, 1704, 51, -218, 1683, 51, 127, 127, 127
L -151, 1722, 51, -186, 1704, 51, 127, 127, 127
L -114, 1737, 51, -151, 1722, 51, 127, 127, 127
L -75, 1748, 51, -114, 1737, 51, 127, 127, 127
L -37, 1756, 51, -75, 1748, 51, 127, 127, 127
L 1, 1759, 51, -37, 1756, 51, 127, 127, 127
L -37, 1759, 54, 1, 1762, 54, 127, 127, 127
L -76, 1751, 54, -37, 1759, 54, 127, 127, 127
L -115, 1740, 54, -76, 1751, 54, 127, 127, 127
L -151, 1725, 54, -115, 1740, 54, 127, 127, 127
L -187, 1706, 54, -151, 1725, 54, 127, 127, 127
L -220, 1685, 54, -187, 1706, 54, 127, 127, 127
L -192, 1713, 60, -225, 1691, 60, 127, 127, 127
L -155, 1732, 60, -192, 1713, 60, 127, 127, 127
L -119, 1747, 60, -155, 1732, 60, 127, 127, 127
L -118, 1747, 60, -120, 1746, 60, 127, 127, 127
L -79, 1759, 60, -80, 1758, 60, 127, 127, 127
L -38, 1767, 60, -79, 1759, 60, 127, 127, 127
L 1, 1770, 60, -38, 1767, 60, 127, 127, 127
L 227, 2099, 106, 227, 2097, 106, 0, 0, 0
L 228, 2095, 107, 228, 2079, 107, 127, 127, 127
L 180, 2094, 106, 181, 2099, 106, 0, 0, 0
L 179, 2076, 106, 187, 2072, 106, 0, 0, 0
L 161, 2069, 109, 179, 2076, 106, 0, 0, 0
L 150, 2072, 106, 161, 2069, 109, 0, 0, 0
L 136, 2067, 108, 150, 2072, 106, 0, 0, 0
L 131, 2058, 108, 136, 2067, 108, 0, 0, 0
L 114, 2056, 103, 131, 2058, 108, 0, 0, 0
L 97, 2047, 88, 114, 2056, 103, 0, 0, 0
L 81, 2055, 81, 97, 2047, 88, 0, 0, 0
L 66, 2055, 67, 81, 2055, 78, 0, 0, 0
L 51, 2053, 72, 66, 2055, 67, 0, 0, 0
L 42, 2055, 69, 51, 2053, 72, 0, 0, 0
L 19, 2056, 64, 42, 2055, 69, 0, 0, 0
L 39, 2087, 70, -8, 2068, 65, 0, 0, 0
L 55, 2081, 67, 39, 2087, 70, 0, 0, 0
L 81, 2076, 70, 55, 2081, 67, 0, 0, 0
L 91, 2077, 84, 81, 2076, 70, 0, 0, 0
L 105, 2079, 107, 91, 2077, 84, 0, 0, 0
L 120, 2090, 113, 105, 2079, 107, 0, 0, 0
L 138, 2097, 110, 120, 2090, 113, 0, 0, 0
L 157, 2095, 107, 138, 2097, 110, 0, 0, 0
L 180, 2094, 106, 157, 2095, 107, 0, 0, 0
L 227, 2099, 106, 181, 2099, 106, 0, 0, 0
L 227, 2072, 106, 187, 2072, 106, 0, 0, 0
L 227, 2074, 106, 227, 2072, 106, 0, 0, 0
L -33, 2045, 63, -41, 2039, 63, 0, 0, 0
L -35, 2047, 63, -33, 2045, 63, 0, 0, 0
L -8, 2068, 63, -35, 2047, 63, 0, 0, 0
L -18, 2026, 63, 19, 2056, 63, 0, 0, 0
L -20, 2028, 63, -18, 2026, 63, 0, 0, 0
L -27, 2022, 63, -20, 2028, 63, 0, 0, 0
L -403, 1340, 60, -401, 1321, 60, 127, 127, 127
L -401, 1379, 60, -403, 1340, 60, 127, 127, 127
L -396, 1421, 60, -401, 1379, 60, 127, 127, 127
L -331, 1404, 9, -396, 1421, 60, 127, 127, 127
L -334, 1376, 9, -331, 1404, 9, 127, 127, 127
L -336, 1341, 9, -334, 1376, 9, 127, 127, 127
L -333, 1306, 9, -336, 1341, 9, 127, 127, 127
L -331, 1288, 9, -333, 1306, 9, 127, 127, 127
L -321, 1446, 9, -386, 1462, 58, 127, 127, 127
L -311, 1476, 9, -321, 1446, 9, 127, 127, 127
L -298, 1505, 9, -311, 1476, 9, 127, 127, 127
L -298, 1506, 9, -298, 1505, 9, 127, 127, 127
L -297, 1507, 9, -298, 1506, 9, 127, 127, 127
L -280, 1537, 9, -297, 1507, 9, 127, 127, 127
L -261, 1565, 9, -280, 1537, 9, 127, 127, 127
L -238, 1591, 9, -261, 1565, 9, 127, 127, 127
L -217, 1612, 9, -238, 1591, 9, 127, 127, 127
L -259, 1665, 57, -217, 1612, 9, 127, 127, 127
L -287, 1637, 60, -259, 1665, 60, 127, 127, 127
L -314, 1606, 60, -287, 1637, 60, 127, 127, 127
L -337, 1573, 60, -314, 1606, 60, 127, 127, 127
L -357, 1537, 60, -337, 1573, 60, 127, 127, 127
L -374, 1500, 60, -357, 1537, 60, 127, 127, 127
L -386, 1462, 60, -374, 1500, 60, 127, 127, 127
L -192, 1713, 60, -200, 1708, 60, 127, 127, 127
L -155, 1732, 60, -157, 1731, 60, 127, 127, 127
L -118, 1747, 60, -120, 1746, 60, 127, 127, 127
L -79, 1759, 60, -119, 1747, 60, 127, 127, 127
L -28, 1768, 60, -38, 1767, 60, 127, 127, 127
L -183, 1639, 9, -225, 1691, 57, 127, 127, 127
L -158, 1655, 9, -183, 1639, 9, 127, 127, 127
L -127, 1671, 9, -158, 1655, 9, 127, 127, 127
L -97, 1683, 9, -127, 1671, 9, 127, 127, 127
L -93, 1685, 9, -97, 1683, 9, 127, 127, 127
L -63, 1694, 9, -93, 1685, 9, 127, 127, 127
L -28, 1700, 9, -63, 1694, 9, 127, 127, 127
L 1, 1703, 9, -28, 1700, 9, 127, 127, 127
L 1, 1770, 60, 1, 1703, 9, 127, 127, 127
L 158, 1677, 9, 158, 1676, 9, 127, 127, 127
L 141, 1684, 9, 158, 1677, 9, 127, 127, 127
L 108, 1694, 9, 141, 1684, 9, 127, 127, 127
L 74, 1700, 9, 108, 1694, 9, 127, 127, 127
L 44, 1703, 9, 74, 1700, 9, 127, 127, 127
L 44, 1770, 60, 44, 1703, 9, 127, 127, 127
L 124, 1759, 60, 136, 1755, 60, 127, 127, 127
L 84, 1766, 60, 124, 1759, 60, 127, 127, 127
L 44, 1770, 60, 84, 1766, 60, 127, 127, 127
L -795, 1494, 108, -817, 1494, 108, 127, 127, 127
L -795, 1497, 108, -817, 1497, 108, 127, 127, 127
L -631, 1521, 79, -618, 1549, 66, 0, 0, 0
L -652, 1511, 75, -631, 1521, 79, 0, 0, 0
L -674, 1501, 74, -652, 1511, 75, 0, 0, 0
L -702, 1497, 76, -674, 1501, 74, 0, 0, 0
L -727, 1509, 89, -702, 1497, 76, 0, 0, 0
L -734, 1525, 95, -727, 1509, 89, 0, 0, 0
L -737, 1549, 99, -734, 1525, 95, 0, 0, 0
L -759, 1559, 98, -737, 1549, 99, 0, 0, 0
L -780, 1558, 101, -759, 1559, 98, 0, 0, 0
L -789, 1552, 96, -780, 1558, 101, 0, 0, 0
L -790, 1543, 96, -789, 1552, 96, 0, 0, 0
L -799, 1532, 102, -790, 1543, 96, 0, 0, 0
L -798, 1522, 108, -799, 1532, 102, 0, 0, 0
L -796, 1510, 108, -798, 1522, 108, 0, 0, 0
L -793, 1498, 108, -796, 1510, 108, 0, 0, 0
L -795, 1499, 108, -793, 1498, 108, 0, 0, 0
L -819, 1499, 108, -817, 1499, 108, 0, 0, 0
L -824, 1510, 109, -819, 1499, 108, 0, 0, 0
L -822, 1531, 103, -824, 1510, 109, 0, 0, 0
L -816, 1557, 95, -822, 1531, 103, 0, 0, 0
L -793, 1582, 105, -816, 1557, 95, 0, 0, 0
L -771, 1586, 103, -793, 1582, 105, 0, 0, 0
L -740, 1579, 99, -771, 1586, 103, 0, 0, 0
L -725, 1568, 98, -740, 1579, 99, 0, 0, 0
L -717, 1552, 95, -725, 1568, 98, 0, 0, 0
L -710, 1530, 94, -717, 1552, 95, 0, 0, 0
L -698, 1526, 81, -710, 1530, 94, 0, 0, 0
L -687, 1525, 78, -698, 1526, 81, 0, 0, 0
L -670, 1529, 78, -687, 1525, 78, 0, 0, 0
L -663, 1534, 80, -670, 1529, 78, 0, 0, 0
L -650, 1543, 73, -663, 1534, 80, 0, 0, 0
L -642, 1559, 65, -650, 1543, 73, 0, 0, 0
L -635, 1570, 63, -642, 1559, 65, 0, 0, 0
L -635, 1570, 63, -633, 1568, 63, 0, 0, 0
L -618, 1549, 64, -620, 1551, 63, 0, 0, 0
L -632, 1569, 63, -619, 1552, 63, 127, 127, 127
L -630, 1571, 63, -616, 1554, 63, 127, 127, 127
L 122, 1793, 63, 138, 1750, 63, 0, 0, 0
L 114, 1809, 63, 122, 1793, 63, 0, 0, 0
L 90, 1814, 63, 114, 1809, 63, 0, 0, 0
L 45, 1818, 63, 90, 1814, 63, 0, 0, 0
L 42, 1818, 63, 45, 1818, 63, 0, 0, 0
L 42, 1813, 63, 42, 1818, 63, 0, 0, 0
L 37, 1813, 63, 42, 1813, 63, 0, 0, 0
L 37, 1819, 63, 37, 1813, 63, 0, 0, 0
L 2, 1863, 63, 37, 1819, 63, 0, 0, 0
L 9, 1820, 63, -15, 1850, 63, 0, 0, 0
L 9, 1813, 63, 9, 1820, 63, 0, 0, 0
L 3, 1813, 63, 9, 1813, 63, 0, 0, 0
L 3, 1818, 63, 3, 1813, 63, 0, 0, 0
L 3, 1818, 63, -0, 1818, 63, 0, 0, 0
L -45, 1814, 63, -0, 1818, 63, 0, 0, 0
L -65, 1810, 63, -45, 1814, 63, 0, 0, 0
L -61, 1788, 63, -65, 1810, 63, 0, 0, 0
L -65, 1787, 63, -61, 1788, 63, 0, 0, 0
L -70, 1809, 63, -65, 1787, 63, 0, 0, 0
L -90, 1805, 63, -70, 1809, 63, 0, 0, 0
L -133, 1793, 63, -90, 1805, 63, 0, 0, 0
L -140, 1790, 63, -133, 1793, 63, 0, 0, 0
L -138, 1785, 63, -140, 1790, 63, 0, 0, 0
L -142, 1784, 63, -138, 1785, 63, 0, 0, 0
L -144, 1789, 63, -142, 1784, 63, 0, 0, 0
L -161, 1810, 63, -144, 1789, 63, 0, 0, 0
L -161, 1810, 67, -145, 1824, 67, 0, 0, 0
L -160, 1844, 67, -145, 1824, 67, 0, 0, 0
L 2, 1863, 67, 18, 1877, 67, 0, 0, 0
L -15, 1850, 67, -32, 1837, 67, 0, 0, 0
L -85, 1903, 67, -32, 1837, 67, 0, 0, 0
L -160, 1844, 67, -85, 1903, 67, 0, 0, 0
L -35, 1943, 67, 18, 1877, 67, 0, 0, 0
L -35, 1943, 67, -6, 1966, 67, 0, 0, 0
L -34, 2002, 67, -6, 1966, 67, 0, 0, 0
L -62, 2037, 67, -90, 2073, 67, 0, 0, 0
L -34, 2002, 67, -62, 2037, 67, 127, 127, 127
L -20, 2013, 67, -27, 2022, 67, 0, 0, 0
L -48, 2049, 67, -41, 2039, 67, 0, 0, 0
L -62, 2037, 63, -48, 2049, 63, 0, 0, 0
L -34, 2002, 63, -20, 2013, 63, 0, 0, 0
L -274, 1927, 67, -90, 2073, 67, 0, 0, 0
L -295, 1911, 67, -328, 1884, 67, 0, 0, 0
L -244, 1777, 67, -328, 1884, 67, 0, 0, 0
L -210, 1804, 67, -244, 1777, 67, 0, 0, 0
L -210, 1804, 67, -195, 1784, 67, 0, 0, 0
L -195, 1784, 67, -178, 1797, 67, 0, 0, 0
L -165, 1781, 63, -178, 1797, 63, 0, 0, 0
L -163, 1775, 63, -165, 1781, 63, 0, 0, 0
L -167, 1773, 63, -163, 1775, 63, 0, 0, 0
L -169, 1778, 63, -167, 1773, 63, 0, 0, 0
L -175, 1776, 63, -169, 1778, 63, 0, 0, 0
L -216, 1755, 63, -175, 1776, 63, 0, 0, 0
L -254, 1730, 63, -216, 1755, 63, 0, 0, 0
L -270, 1717, 63, -254, 1730, 63, 0, 0, 0
L -257, 1700, 63, -270, 1717, 63, 0, 0, 0
L -260, 1697, 63, -257, 1700, 63, 0, 0, 0
L -274, 1714, 63, -260, 1697, 63, 0, 0, 0
L -289, 1702, 63, -274, 1714, 63, 0, 0, 0
L -322, 1670, 63, -289, 1702, 63, 0, 0, 0
L -352, 1636, 63, -322, 1670, 63, 0, 0, 0
L -356, 1629, 63, -352, 1636, 63, 0, 0, 0
L -352, 1626, 63, -356, 1629, 63, 0, 0, 0
L -355, 1622, 63, -352, 1626, 63, 0, 0, 0
L -355, 1622, 63, -360, 1625, 63, 0, 0, 0
L -368, 1604, 63, -373, 1607, 63, 0, 0, 0
L -371, 1600, 63, -368, 1604, 63, 0, 0, 0
L -375, 1602, 63, -371, 1600, 63, 0, 0, 0
L -378, 1598, 63, -375, 1602, 63, 0, 0, 0
L -400, 1559, 63, -378, 1598, 63, 0, 0, 0
L -409, 1540, 63, -400, 1559, 63, 0, 0, 0
L -388, 1531, 63, -409, 1540, 63, 0, 0, 0
L -390, 1527, 63, -388, 1531, 63, 0, 0, 0
L -390, 1527, 63, -410, 1536, 63, 0, 0, 0
L -418, 1518, 63, -410, 1536, 63, 0, 0, 0
L -449, 1385, 63, -450, 1344, 63, 0, 0, 0
L -443, 1432, 63, -449, 1385, 63, 0, 0, 0
L -438, 1431, 63, -443, 1432, 63, 0, 0, 0
L -437, 1436, 63, -438, 1431, 63, 0, 0, 0
L -442, 1438, 63, -437, 1436, 63, 0, 0, 0
L -430, 1463, 63, -437, 1465, 63, 0, 0, 0
L -429, 1468, 63, -430, 1463, 63, 0, 0, 0
L -434, 1470, 63, -429, 1468, 63, 0, 0, 0
L -433, 1474, 63, -434, 1470, 63, 0, 0, 0
L -418, 1518, 63, -433, 1474, 63, 0, 0, 0
L -442, 1438, 63, -478, 1482, 63, 0, 0, 0
L -462, 1495, 63, -437, 1465, 63, 0, 0, 0
L -462, 1495, 67, -445, 1509, 67, 0, 0, 0
L -478, 1482, 67, -495, 1469, 67, 0, 0, 0
L -445, 1509, 67, -498, 1575, 67, 0, 0, 0
L -548, 1535, 67, -495, 1469, 67, 0, 0, 0
L -577, 1512, 67, -548, 1535, 67, 0, 0, 0
L -613, 1557, 67, -577, 1512, 67, 0, 0, 0
L -620, 1551, 63, -613, 1557, 63, 0, 0, 0
L -626, 1574, 63, -633, 1568, 63, 0, 0, 0
L -422, 1635, 67, -498, 1575, 67, 0, 0, 0
L -407, 1616, 67, -422, 1635, 67, 0, 0, 0
L -390, 1629, 67, -407, 1616, 67, 0, 0, 0
L -373, 1607, 63, -390, 1629, 63, 0, 0, 0
L -374, 1642, 63, -360, 1625, 63, 0, 0, 0
L -374, 1642, 67, -357, 1655, 67, 0, 0, 0
L -357, 1655, 67, -372, 1675, 67, 0, 0, 0
L -372, 1675, 67, -339, 1701, 67, 0, 0, 0
L -424, 1808, 67, -339, 1701, 67, 0, 0, 0
L -458, 1781, 67, -424, 1808, 67, 0, 0, 0
L -626, 1574, 67, -662, 1618, 67, 0, 0, 0
L -478, 1765, 67, -662, 1618, 67, 0, 0, 0
L -458, 1781, -5, -616, 1980, -23, 0, 0, 0
L -478, 1765, 2, -636, 1964, -26, 0, 0, 0
L -616, 1980, -27, -590, 2001, -28, 0, 0, 0
L -602, 2016, -28, -590, 2001, -28, 0, 0, 0
L -507, 2088, -31, -490, 2104, -31, 0, 0, 0
L -521, 2076, -31, -507, 2088, -31, 0, 0, 0
L -544, 2058, -31, -521, 2076, -31, 0, 0, 0
L -551, 2053, -31, -544, 2058, -31, 0, 0, 0
L -561, 2045, -31, -551, 2053, -31, 0, 0, 0
L -575, 2035, -31, -561, 2045, -31, 0, 0, 0
L -587, 2026, -31, -575, 2035, -31, 0, 0, 0
L -602, 2016, -31, -587, 2026, -31, 0, 0, 0
L -603, 2047, -31, -619, 2037, -31, 0, 0, 0
L -597, 2052, -31, -603, 2047, -31, 0, 0, 0
L -580, 2064, -31, -597, 2052, -31, 0, 0, 0
L -544, 2091, -31, -580, 2064, -31, 0, 0, 0
L -530, 2104, -31, -544, 2091, -31, 0, 0, 0
L -522, 2110, -31, -530, 2104, -31, 0, 0, 0
L -507, 2125, -31, -522, 2110, -31, 0, 0, 0
L -490, 2104, -28, -478, 2089, -28, 0, 0, 0
L -452, 2109, -28, -478, 2089, -28, 0, 0, 0
L -295, 1911, 58, -452, 2109, 5, 0, 0, 0
L -432, 2126, 11, -274, 1927, 62, 0, 0, 0
L -373, 2227, -31, -360, 2210, -31, 127, 127, 127
L -362, 2208, -31, -376, 2225, -31, 127, 127, 127
L -353, 2188, -28, -432, 2126, -28, 0, 0, 0
L -366, 2205, -28, -353, 2188, -28, 0, 0, 0
L -359, 2211, -31, -366, 2205, -31, 0, 0, 0
L -357, 2209, -31, -359, 2211, -31, 0, 0, 0
L -326, 2234, -31, -357, 2209, -31, 0, 0, 0
L -319, 2237, -31, -326, 2234, -31, 0, 0, 0
L -306, 2240, -31, -319, 2237, -31, 0, 0, 0
L -294, 2240, -31, -306, 2240, -31, 0, 0, 0
L -285, 2239, -31, -294, 2240, -31, 0, 0, 0
L -271, 2235, -31, -285, 2239, -31, 0, 0, 0
L -258, 2226, -31, -271, 2235, -31, 0, 0, 0
L -252, 2220, -31, -258, 2226, -31, 0, 0, 0
L -252, 2254, -31, -231, 2237, -31, 0, 0, 0
L -273, 2264, -31, -252, 2254, -31, 0, 0, 0
L -297, 2267, -31, -273, 2264, -31, 0, 0, 0
L -313, 2266, -31, -297, 2267, -31, 0, 0, 0
L -329, 2262, -31, -313, 2266, -31, 0, 0, 0
L -343, 2254, -31, -329, 2262, -31, 0, 0, 0
L -374, 2230, -31, -343, 2254, -31, 0, 0, 0
L -372, 2228, -31, -374, 2230, -31, 0, 0, 0
L -379, 2222, -31, -372, 2228, -31, 0, 0, 0
L -379, 2222, -28, -393, 2238, -28, 0, 0, 0
L -518, 2139, -28, -393, 2238, -28, 0, 0, 0
L -507, 2125, -28, -518, 2139, -28, 0, 0, 0
L -619, 2037, -28, -629, 2049, -28, 0, 0, 0
L -742, 1935, -28, -754, 1951, -28, 0, 0, 0
L -754, 1951, -30, -629, 2049, -31, 0, 0, 0
L -715, 1902, -28, -636, 1964, -28, 0, 0, 0
L -729, 1918, -28, -715, 1902, -28, 0, 0, 0
L -732, 1916, -31, -745, 1932, -31, 127, 127, 127
L -742, 1935, -31, -749, 1929, -31, 0, 0, 0
L -736, 1913, -31, -729, 1918, -31, 0, 0, 0
L -751, 1931, -31, -749, 1929, -31, 0, 0, 0
L -735, 1911, -31, -736, 1913, -31, 0, 0, 0
L -735, 1914, -31, -748, 1930, -31, 127, 127, 127
L -764, 1887, -31, -735, 1911, -31, 0, 0, 0
L -751, 1931, -31, -783, 1905, -31, 0, 0, 0
L -321, 1287, -24, -320, 1282, -24, 127, 127, 127
L -324, 1308, -24, -321, 1287, -24, 127, 127, 127
L -326, 1342, -24, -324, 1308, -24, 127, 127, 127
L -325, 1376, -24, -326, 1342, -24, 127, 127, 127
L -321, 1408, -24, -325, 1376, -24, 127, 127, 127
L -314, 1437, -24, -321, 1408, -24, 127, 127, 127
L -313, 1439, -24, -314, 1437, -24, 127, 127, 127
L -313, 1441, -24, -313, 1439, -24, 127, 127, 127
L -304, 1467, -24, -313, 1441, -24, 127, 127, 127
L -303, 1469, -24, -304, 1467, -24, 127, 127, 127
L -303, 1471, -24, -303, 1469, -24, 127, 127, 127
L -302, 1472, -24, -303, 1471, -24, 127, 127, 127
L -288, 1504, -24, -302, 1472, -24, 127, 127, 127
L -272, 1533, -24, -288, 1504, -24, 127, 127, 127
L -254, 1558, -24, -272, 1533, -24, 127, 127, 127
L -253, 1559, -24, -254, 1558, -24, 127, 127, 127
L -231, 1585, -24, -253, 1559, -24, 127, 127, 127
L -207, 1608, -24, -231, 1585, -24, 127, 127, 127
L -183, 1628, -24, -207, 1608, -24, 127, 127, 127
L -181, 1629, -24, -183, 1628, -24, 127, 127, 127
L -153, 1647, -24, -181, 1629, -24, 127, 127, 127
L -131, 1659, -24, -153, 1647, -24, 127, 127, 127
L -121, 1663, -24, -131, 1659, -24, 127, 127, 127
L -103, 1671, -24, -121, 1663, -24, 127, 127, 127
L -95, 1674, -24, -103, 1671, -24, 127, 127, 127
L -94, 1674, -24, -95, 1674, -24, 127, 127, 127
L -92, 1675, -24, -94, 1674, -24, 127, 127, 127
L -61, 1684, -24, -92, 1675, -24, 127, 127, 127
L -40, 1688, -24, -61, 1684, -24, 127, 127, 127
L -31, 1690, -24, -40, 1688, -24, 127, 127, 127
L -29, 1690, -24, -31, 1690, -24, 127, 127, 127
L -28, 1691, -24, -29, 1690, -24, 127, 127, 127
L 6, 1694, -24, -28, 1691, -24, 127, 127, 127
L 41, 1694, -24, 6, 1694, -24, 127, 127, 127
L 71, 1691, -24, 41, 1694, -24, 127, 127, 127
L 72, 1691, -24, 71, 1691, -24, 127, 127, 127
L 103, 1685, -24, 72, 1691, -24, 127, 127, 127
L 139, 1674, -24, 103, 1685, -24, 127, 127, 127
L 162, 1665, -24, 139, 1674, -24, 127, 127, 127
L -94, 145, -46, -95, 152, -47, 0, 0, 0
L -87, 115, -45, -94, 145, -46, 0, 0, 0
L 130, 155, -36, 137, 115, -27, 0, 0, 0
L 130, 198, -35, 130, 155, -36, 0, 0, 0
L 137, 225, -35, 130, 198, -35, 0, 0, 0
L 138, 251, -33, 137, 225, -35, 0, 0, 0
L 129, 278, -33, 138, 253, -33, 127, 127, 127
L 742, 291, -42, 797, 253, -42, 0, 0, 0
L 720, 312, -43, 742, 291, -42, 0, 0, 0
L 560, 278, -42, 761, 278, -42, 127, 127, 127
L 209, 278, -46, 129, 278, -45, 127, 127, 127
L 222, 299, -46, 209, 278, -46, 127, 127, 127
L 242, 316, -45, 222, 299, -45, 127, 127, 127
L 266, 325, -43, 242, 316, -45, 127, 127, 127
L 291, 324, -43, 266, 325, -43, 127, 127, 127
L 315, 316, -43, 291, 324, -42, 127, 127, 127
L 334, 299, -43, 315, 316, -43, 127, 127, 127
L 347, 278, -42, 334, 299, -42, 127, 127, 127
L 458, 278, -42, 347, 278, -42, 127, 127, 127
L 567, 253, -11, 797, 253, -11, 0, 0, 0
L 330, 253, -11, 450, 253, -11, 0, 0, 0
L 327, 270, -11, 330, 253, -11, 0, 0, 0
L 318, 286, -11, 327, 270, -11, 0, 0, 0
L 304, 298, -11, 318, 286, -11, 0, 0, 0
L 287, 304, -11, 304, 298, -11, 0, 0, 0
L 269, 304, -11, 287, 304, -11, 0, 0, 0
L 252, 298, -11, 269, 304, -11, 0, 0, 0
L 238, 286, -11, 252, 298, -11, 0, 0, 0
L 229, 270, -11, 238, 286, -11, 0, 0, 0
L 226, 253, -11, 229, 270, -11, 0, 0, 0
L 138, 253, -11, 226, 253, -11, 0, 0, 0
L 856, 115, -42, 137, 115, -42, 0, 0, 0
L 861, 94, -43, 856, 115, -42, 0, 0, 0
L -556, 94, -38, 861, 94, -84, 255, 0, 255
L -556, 93, -38, -558, 115, -38, 0, 0, 0
L -258, 165, -34, -176, 165, -34, 0, 0, 0
L -258, 215, -34, -173, 215, -34, 0, 0, 0
L -238, 182, -87, -172, 182, -87, 127, 127, 127
L -174, 200, -87, -238, 200, -87, 127, 127, 127
L -238, 165, -43, -238, 182, -44, 127, 127, 127
L -238, 200, -45, -238, 215, -46, 127, 127, 127
L -173, 215, -34, -173, 240, -34, 0, 0, 0
L -173, 240, -34, -97, 240, -34, 0, 0, 0
L -170, 152, -34, -95, 152, -34, 0, 0, 0
L -176, 165, -35, -170, 152, -34, 0, 0, 0
L -795, 1488, 108, -740, 1488, 108, 0, 0, 0
L -795, 1488, 108, -795, 1499, 108, 0, 0, 0
L -817, 1499, 108, -817, 1488, 108, 0, 0, 0
L -817, 1488, 108, -873, 1488, 108, 0, 0, 0
L -873, 1488, 108, -873, 1283, 108, 0, 0, 0
L -740, 1387, 108, -714, 1387, 108, 0, 0, 0
L -714, 1325, 108, -739, 1325, 108, 0, 0, 0
L -739, 1283, 108, -760, 1283, 108, 0, 0, 0
L -781, 1283, 108, -873, 1283, 108, 0, 0, 0
L -757, 1034, 108, -757, 1272, 108, 0, 0, 0
L -757, 1272, 108, -760, 1272, 108, 0, 0, 0
L -760, 1272, 108, -760, 1283, 108, 0, 0, 0
L -783, 1034, 108, -783, 1272, 108, 0, 0, 0
L -783, 1272, 108, -781, 1272, 108, 0, 0, 0
L -781, 1272, 108, -781, 1283, 108, 0, 0, 0
L -739, 1325, 108, -739, 1283, 108, 0, 0, 0
L -714, 1325, 109, -714, 1387, 109, 0, 0, 0
L -740, 1387, 108, -740, 1488, 108, 0, 0, 0
L -757, 1034, 58, -708, 1034, 58, 0, 0, 0
L -708, 1034, 58, -708, 983, 58, 0, 0, 0
L -708, 983, 58, -705, 977, 58, 0, 0, 0
L -705, 977, 58, -679, 959, 58, 0, 0, 0
L -679, 959, 58, -659, 941, 58, 0, 0, 0
L -659, 941, 58, -644, 921, 58, 0, 0, 0
L -644, 921, 58, -635, 907, 58, 0, 0, 0
L -635, 907, 58, -629, 905, 58, 0, 0, 0
L -629, 905, 58, -578, 905, 58, 0, 0, 0
L -578, 905, 58, -578, 856, 58, 0, 0, 0
L -783, 1034, 58, -832, 1034, 58, 0, 0, 0
L -832, 1034, 58, -832, 994, 58, 0, 0, 0
L -646, 761, 58, -635, 778, 58, 0, 0, 0
L -635, 778, 58, -628, 780, 58, 0, 0, 0
L -628, 780, 58, -578, 780, 58, 0, 0, 0
L -578, 780, 58, -578, 829, 58, 0, 0, 0
L -578, 856, 69, -512, 856, 69, 0, 0, 0
L -512, 829, 69, -578, 829, 69, 0, 0, 0
L -512, 856, 69, -512, 858, 69, 0, 0, 0
L -512, 858, 69, -517, 858, 69, 0, 0, 0
L -517, 858, 69, -519, 885, 69, 0, 0, 0
L -519, 885, 69, -530, 938, 69, 0, 0, 0
L -530, 938, 69, -550, 980, 69, 0, 0, 0
L -512, 829, 69, -512, 827, 69, 0, 0, 0
L -512, 827, 69, -515, 827, 69, 0, 0, 0
L -515, 827, 69, -518, 778, 69, 0, 0, 0
L -518, 778, 69, -528, 728, 69, 0, 0, 0
L -528, 728, 69, -538, 699, 69, 0, 0, 0
L 1084, 767, 55, 1327, 767, 55, 0, 0, 0
L 735, 796, 54, 741, 793, 54, 0, 0, 0
L 741, 793, 54, 753, 781, 54, 0, 0, 0
L 753, 781, 54, 759, 767, 54, 0, 0, 0
L 683, 700, 54, 691, 696, 54, 0, 0, 0
L 691, 696, 54, 708, 693, 54, 0, 0, 0
L 708, 693, 54, 725, 696, 54, 0, 0, 0
L 725, 696, 54, 741, 704, 54, 0, 0, 0
L 741, 704, 54, 753, 716, 54, 0, 0, 0
L 753, 716, 54, 759, 729, 54, 0, 0, 0
L 1087, 730, 54, 1327, 730, 54, 0, 0, 0
L 759, 729, 54, 759, 730, 54, 0, 0, 0
L 1327, 730, 55, 1327, 767, 55, 255, 0, 255
L 739, 761, 54, 619, 761, 54, 0, 0, 0
L 619, 735, 54, 739, 735, 54, 0, 0, 0
L 738, 801, 54, 726, 787, 54, 0, 0, 0
L 726, 787, 54, 720, 772, 54, 0, 0, 0
L 720, 772, 54, 724, 770, 54, 0, 0, 0
L 724, 770, 54, 729, 763, 54, 0, 0, 0
L 729, 763, 54, 739, 763, 54, 0, 0, 0
L 739, 763, 54, 739, 761, 54, 0, 0, 0
L 739, 735, 54, 739, 733, 54, 0, 0, 0
L 739, 733, 54, 729, 733, 54, 0, 0, 0
L 729, 733, 54, 724, 726, 54, 0, 0, 0
L 724, 726, 54, 716, 722, 54, 0, 0, 0
L 716, 722, 54, 705, 720, 54, 0, 0, 0
L 705, 720, 54, 695, 722, 58, 0, 0, 0
L 695, 722, 58, 690, 709, 56, 0, 0, 0
L 690, 709, 56, 680, 697, 58, 0, 0, 0
L 628, 735, 54, 628, 761, 54, 127, 127, 127
L 625, 735, 54, 625, 761, 54, 127, 127, 127
L 619, 761, 58, 619, 810, 58, 0, 0, 0
L 619, 810, 58, 569, 810, 58, 0, 0, 0
L 619, 735, 58, 619, 686, 58, 0, 0, 0
L 619, 686, 58, 522, 686, 58, 0, 0, 0
L 522, 686, 54, 522, 598, 34, 0, 0, 0
L 496, 598, 34, 496, 686, 54, 0, 0, 0
L 496, 686, 58, 399, 686, 58, 0, 0, 0
L 496, 683, 54, 522, 683, 54, 127, 127, 127
L 522, 681, 54, 496, 681, 54, 127, 127, 127
L 496, 598, 34, 493, 598, 34, 0, 0, 0
L 493, 598, 34, 493, 606, 34, 0, 0, 0
L 493, 606, 34, 484, 608, 34, 0, 0, 0
L 484, 608, 34, 471, 615, 34, 0, 0, 0
L 471, 615, 34, 461, 623, 34, 0, 0, 0
L 461, 623, 34, 447, 644, 35, 0, 0, 0
L 453, 635, 34, 456, 614, 34, 0, 0, 0
L 456, 614, 34, 464, 599, 34, 0, 0, 0
L 464, 599, 34, 476, 586, 34, 0, 0, 0
L 476, 586, 34, 489, 580, 34, 0, 0, 0
L 489, 580, 34, 490, 580, 34, 0, 0, 0
L 522, 598, 34, 524, 598, 34, 0, 0, 0
L 524, 598, 34, 524, 607, 34, 0, 0, 0
L 524, 607, 34, 531, 613, 34, 0, 0, 0
L 531, 613, 34, 540, 617, 34, 0, 0, 0
L 540, 617, 34, 574, 627, 34, 0, 0, 0
L 562, 624, 34, 561, 614, 34, 0, 0, 0
L 561, 614, 34, 553, 599, 34, 0, 0, 0
L 553, 599, 34, 541, 586, 34, 0, 0, 0
L 541, 586, 34, 528, 580, 34, 0, 0, 0
L 528, 580, 34, 527, 580, 34, 0, 0, 0
L 527, 580, 34, 527, 436, 34, 0, 0, 0
L 490, 436, 34, 490, 580, 34, 0, 0, 0
L 490, 299, 34, 489, 299, 34, 0, 0, 0
L 489, 299, 34, 476, 293, 34, 0, 0, 0
L 476, 293, 34, 464, 280, 34, 0, 0, 0
L 464, 280, 34, 456, 265, 34, 0, 0, 0
L 456, 265, 34, 454, 252, 34, 0, 0, 0
L 450, 252, 34, 498, 252, 34, 0, 0, 0
L 527, 299, 34, 528, 299, 34, 0, 0, 0
L 528, 299, 34, 541, 293, 34, 0, 0, 0
L 541, 293, 34, 553, 280, 34, 0, 0, 0
L 553, 280, 34, 561, 265, 34, 0, 0, 0
L 561, 265, 34, 563, 252, 34, 0, 0, 0
L 568, 252, 34, 519, 252, 34, 0, 0, 0
L 498, 252, 34, 498, 233, 34, 0, 0, 0
L 519, 233, 34, 519, 252, 34, 0, 0, 0
L 519, 248, 34, 498, 248, 34, 127, 127, 127
L 498, 249, 34, 519, 249, 34, 127, 127, 127
L 498, 233, 34, 484, 233, 34, 0, 0, 0
L 519, 233, 34, 533, 233, 34, 0, 0, 0
L 484, 233, 34, 484, 157, 34, 0, 0, 0
L 484, 157, 34, 492, 157, 34, 0, 0, 0
L 526, 157, 34, 534, 157, 34, 0, 0, 0
L 534, 157, 34, 534, 170, 34, 0, 0, 0
L 534, 170, 34, 537, 179, 34, 0, 0, 0
L 537, 179, 34, 546, 182, 34, 0, 0, 0
L 546, 182, 34, 605, 182, 34, 0, 0, 0
L 605, 220, 34, 546, 220, 34, 0, 0, 0
L 546, 220, 34, 537, 223, 34, 0, 0, 0
L 537, 223, 34, 533, 233, 34, 0, 0, 0
L 537, 210, 34, 605, 210, 34, 0, 0, 0
L 537, 192, 34, 605, 192, 34, 0, 0, 0
L 537, 192, 34, 537, 210, 34, 127, 127, 127
L 605, 176, 34, 605, 192, 34, 0, 0, 0
L 605, 210, 34, 605, 192, 34, 127, 127, 127
L 605, 210, 34, 605, 226, 34, 0, 0, 0
L 617, 176, 86, 623, 178, 87, 0, 0, 0
L 623, 178, 87, 625, 183, 86, 0, 0, 0
L 625, 183, 86, 625, 195, 86, 0, 0, 0
L 625, 207, 86, 625, 219, 86, 0, 0, 0
L 625, 219, 86, 623, 224, 86, 0, 0, 0
L 623, 224, 86, 618, 226, 86, 0, 0, 0
L 618, 226, 86, 605, 226, 86, 0, 0, 0
L 617, 176, 86, 605, 176, 86, 0, 0, 0
L 625, 195, 85, 642, 195, 85, 0, 0, 0
L 642, 207, 85, 625, 207, 85, 0, 0, 0
L 642, 195, 86, 642, 159, 86, 0, 0, 0
L 642, 159, 86, 644, 154, 86, 0, 0, 0
L 644, 154, 86, 649, 152, 86, 0, 0, 0
L 649, 152, 86, 696, 152, 86, 0, 0, 0
L 696, 152, 86, 701, 154, 86, 0, 0, 0
L 701, 154, 86, 705, 163, 86, 0, 0, 0
L 705, 163, 86, 709, 165, 86, 0, 0, 0
L 709, 165, 86, 734, 165, 86, 0, 0, 0
L 734, 165, 86, 738, 163, 86, 0, 0, 0
L 738, 163, 86, 742, 154, 86, 0, 0, 0
L 742, 154, 86, 747, 152, 86, 0, 0, 0
L 747, 152, 86, 770, 152, 86, 0, 0, 0
L 770, 152, 86, 775, 154, 86, 0, 0, 0
L 775, 154, 86, 777, 159, 86, 0, 0, 0
L 777, 159, 86, 777, 195, 86, 0, 0, 0
L 777, 195, 86, 775, 200, 86, 0, 0, 0
L 775, 200, 86, 770, 202, 86, 0, 0, 0
L 770, 202, 86, 747, 202, 86, 0, 0, 0
L 747, 202, 86, 742, 200, 86, 0, 0, 0
L 742, 200, 86, 738, 190, 86, 0, 0, 0
L 738, 190, 86, 734, 189, 86, 0, 0, 0
L 734, 189, 86, 709, 189, 86, 0, 0, 0
L 709, 189, 86, 705, 190, 86, 0, 0, 0
L 705, 190, 86, 703, 195, 86, 0, 0, 0
L 703, 195, 86, 703, 231, 86, 0, 0, 0
L 703, 231, 86, 701, 236, 86, 0, 0, 0
L 701, 236, 86, 696, 238, 86, 0, 0, 0
L 696, 238, 86, 649, 238, 86, 0, 0, 0
L 649, 238, 86, 644, 236, 86, 0, 0, 0
L 644, 236, 86, 642, 231, 86, 0, 0, 0
L 642, 231, 86, 642, 207, 86, 0, 0, 0
L 399, 735, 58, 399, 686, 58, 0, 0, 0
L 394, 761, 54, 394, 735, 54, 127, 127, 127
L 392, 761, 54, 392, 735, 54, 127, 127, 127
L 399, 735, 54, 297, 735, 54, 0, 0, 0
L 297, 761, 54, 399, 761, 54, 0, 0, 0
L 399, 761, 58, 399, 810, 58, 0, 0, 0
L 297, 761, 54, 297, 763, 54, 0, 0, 0
L 297, 763, 54, 307, 763, 55, 0, 0, 0
L 303, 763, 55, 289, 774, 54, 0, 0, 0
L 289, 774, 54, 279, 780, 54, 0, 0, 0
L 283, 778, 54, 278, 767, 54, 0, 0, 0
L 297, 735, 54, 297, 733, 54, 0, 0, 0
L 297, 733, 54, 306, 733, 54, 0, 0, 0
L 306, 733, 54, 312, 726, 54, 0, 0, 0
L 312, 726, 54, 320, 722, 54, 0, 0, 0
L 320, 722, 54, 330, 720, 54, 0, 0, 0
L 330, 720, 54, 339, 722, 54, 0, 0, 0
L 339, 722, 54, 344, 724, 54, 0, 0, 0
L 344, 724, 54, 346, 722, 54, 0, 0, 0
L 346, 722, 54, 361, 714, 54, 0, 0, 0
L 361, 714, 54, 366, 710, 54, 0, 0, 0
L 366, 710, 54, 370, 709, 54, 0, 0, 0
L 367, 710, 54, 361, 704, 54, 0, 0, 0
L 361, 704, 54, 346, 696, 54, 0, 0, 0
L 346, 696, 54, 329, 693, 54, 0, 0, 0
L 329, 693, 54, 312, 696, 54, 0, 0, 0
L 312, 696, 54, 297, 704, 54, 0, 0, 0
L 297, 704, 54, 285, 716, 54, 0, 0, 0
L 285, 716, 54, 278, 729, 54, 0, 0, 0
L 278, 729, 54, 278, 730, 54, 0, 0, 0
L 278, 767, 54, 188, 767, 54, 0, 0, 0
L 188, 730, 54, 278, 730, 54, 0, 0, 0
L 569, 810, 58, 561, 813, 58, 0, 0, 0
L 561, 813, 58, 558, 821, 58, 0, 0, 0
L 558, 821, 58, 558, 930, 58, 0, 0, 0
L 460, 930, 58, 460, 821, 58, 0, 0, 0
L 460, 821, 58, 457, 813, 58, 0, 0, 0
L 457, 813, 58, 449, 810, 58, 0, 0, 0
L 449, 810, 58, 399, 810, 58, 0, 0, 0
L 466, 801, 54, 466, 868, 54, 0, 0, 0
L 484, 868, 54, 484, 801, 54, 0, 0, 0
L 533, 801, 54, 533, 868, 54, 0, 0, 0
L 551, 868, 54, 551, 801, 54, 0, 0, 0
L 551, 801, 54, 533, 801, 54, 127, 127, 127
L 484, 801, 54, 466, 801, 54, 127, 127, 127
L 558, 868, 54, 551, 868, 54, 0, 0, 0
L 551, 868, 54, 533, 868, 54, 127, 127, 127
L 533, 868, 54, 484, 868, 54, 0, 0, 0
L 484, 868, 54, 466, 868, 54, 127, 127, 127
L 466, 868, 54, 460, 868, 54, 0, 0, 0
L 460, 930, 107, 453, 946, 107, 0, 0, 0
L 453, 946, 107, 449, 947, 107, 0, 0, 0
L 449, 947, 107, 329, 947, 107, 0, 0, 0
L 329, 947, 107, 324, 949, 107, 0, 0, 0
L 324, 949, 107, 322, 954, 107, 0, 0, 0
L 322, 954, 107, 322, 1025, 107, 0, 0, 0
L 322, 1025, 109, 316, 1031, 109, 0, 0, 0
L 316, 1031, 109, 312, 1037, 109, 0, 0, 0
L 312, 1037, 109, 310, 1051, 112, 0, 0, 0
L 310, 1051, 112, 294, 1077, 112, 0, 0, 0
L 294, 1077, 112, 288, 1077, 104, 0, 0, 0
L 288, 1077, 104, 270, 1077, 103, 0, 0, 0
L 270, 1077, 103, 249, 1085, 103, 0, 0, 0
L 558, 930, 107, 564, 946, 107, 0, 0, 0
L 564, 946, 107, 569, 947, 107, 0, 0, 0
L 569, 947, 107, 624, 947, 107, 0, 0, 0
L 624, 947, 107, 624, 1001, 107, 0, 0, 0
L 622, 1079, 107, 624, 1074, 107, 0, 0, 0
L 624, 1074, 107, 624, 1027, 107, 0, 0, 0
L 624, 1001, 106, 779, 1001, 106, 0, 0, 0
L 779, 1027, 106, 624, 1027, 106, 0, 0, 0
L 622, 1079, 107, 617, 1081, 107, 0, 0, 0
L 617, 1081, 107, 522, 1081, 107, 0, 0, 0
L 522, 1081, 106, 522, 1160, 106, 0, 0, 0
L 496, 1160, 106, 496, 1082, 106, 0, 0, 0
L 628, 1001, 106, 628, 1027, 106, 127, 127, 127
L 629, 1027, 106, 629, 1001, 106, 127, 127, 127
L 779, 1001, 106, 779, 999, 106, 0, 0, 0
L 779, 999, 106, 769, 999, 106, 0, 0, 0
L 769, 999, 106, 764, 993, 106, 0, 0, 0
L 764, 993, 106, 755, 988, 106, 0, 0, 0
L 755, 988, 106, 754, 987, 106, 0, 0, 0
L 754, 987, 106, 744, 966, 106, 0, 0, 0
L 744, 966, 106, 745, 960, 106, 0, 0, 0
L 745, 960, 106, 748, 959, 106, 0, 0, 0
L 748, 959, 106, 765, 962, 106, 0, 0, 0
L 765, 962, 106, 780, 970, 106, 0, 0, 0
L 780, 970, 106, 792, 982, 106, 0, 0, 0
L 792, 982, 106, 799, 994, 106, 0, 0, 0
L 799, 994, 106, 896, 994, 106, 0, 0, 0
L 893, 1034, 106, 799, 1034, 106, 0, 0, 0
L 799, 1034, 106, 792, 1047, 106, 0, 0, 0
L 792, 1047, 106, 780, 1059, 106, 0, 0, 0
L 780, 1059, 106, 765, 1067, 106, 0, 0, 0
L 765, 1067, 106, 748, 1069, 106, 0, 0, 0
L 748, 1069, 106, 731, 1067, 106, 0, 0, 0
L 731, 1067, 106, 716, 1059, 106, 0, 0, 0
L 716, 1059, 106, 703, 1047, 106, 0, 0, 0
L 703, 1047, 106, 702, 1043, 107, 0, 0, 0
L 689, 1044, 107, 708, 1043, 108, 0, 0, 0
L 708, 1043, 108, 725, 1032, 106, 0, 0, 0
L 725, 1032, 106, 727, 1036, 106, 0, 0, 0
L 727, 1036, 106, 735, 1040, 106, 0, 0, 0
L 735, 1040, 106, 744, 1042, 106, 0, 0, 0
L 744, 1042, 106, 755, 1041, 106, 0, 0, 0
L 755, 1041, 106, 763, 1036, 106, 0, 0, 0
L 763, 1036, 106, 769, 1029, 106, 0, 0, 0
L 769, 1029, 106, 779, 1029, 106, 0, 0, 0
L 779, 1029, 106, 779, 1027, 106, 0, 0, 0
L 496, 1084, 106, 522, 1084, 106, 127, 127, 127
L 522, 1086, 106, 496, 1086, 106, 127, 127, 127
L 496, 1082, 110, 359, 1082, 110, 0, 0, 0
L 359, 1082, 107, 357, 1085, 105, 0, 0, 0
L 357, 1085, 105, 351, 1093, 106, 0, 0, 0
L 351, 1093, 106, 340, 1098, 109, 0, 0, 0
L 340, 1098, 109, 336, 1124, 102, 0, 0, 0
L 336, 1124, 102, 339, 1136, 102, 0, 0, 0
L 339, 1136, 102, 335, 1155, 102, 0, 0, 0
L 335, 1155, 102, 325, 1173, 102, 0, 0, 0
L 325, 1173, 102, 320, 1177, 102, 0, 0, 0
L 320, 1177, 102, 322, 1183, 102, 0, 0, 0
L 322, 1183, 102, 328, 1188, 103, 0, 0, 0
L 277, 979, 121, 279, 995, 119, 0, 0, 0
L 279, 995, 119, 274, 1014, 102, 0, 0, 0
L 274, 1014, 102, 253, 1069, 102, 0, 0, 0
L 253, 1069, 102, 244, 1072, 102, 0, 0, 0
L 244, 1072, 102, 249, 1085, 102, 0, 0, 0
L 522, 1160, 106, 524, 1160, 106, 0, 0, 0
L 524, 1160, 106, 524, 1150, 106, 0, 0, 0
L 524, 1150, 106, 531, 1145, 106, 0, 0, 0
L 531, 1145, 106, 535, 1136, 106, 0, 0, 0
L 535, 1136, 106, 537, 1126, 106, 0, 0, 0
L 537, 1126, 106, 536, 1118, 106, 0, 0, 0
L 536, 1118, 106, 534, 1115, 106, 0, 0, 0
L 534, 1115, 106, 566, 1116, 106, 0, 0, 0
L 562, 1116, 106, 563, 1126, 106, 0, 0, 0
L 563, 1126, 106, 561, 1143, 106, 0, 0, 0
L 561, 1143, 106, 553, 1158, 106, 0, 0, 0
L 553, 1158, 106, 541, 1171, 106, 0, 0, 0
L 541, 1171, 106, 527, 1178, 106, 0, 0, 0
L 496, 1160, 106, 493, 1160, 106, 0, 0, 0
L 493, 1160, 106, 493, 1150, 106, 0, 0, 0
L 493, 1150, 106, 488, 1146, 106, 0, 0, 0
L 488, 1146, 106, 482, 1137, 106, 0, 0, 0
L 482, 1137, 106, 481, 1127, 106, 0, 0, 0
L 481, 1127, 106, 483, 1115, 106, 0, 0, 0
L 483, 1115, 106, 453, 1113, 106, 0, 0, 0
L 456, 1113, 106, 454, 1126, 106, 0, 0, 0
L 454, 1126, 106, 456, 1143, 106, 0, 0, 0
L 456, 1143, 106, 464, 1158, 106, 0, 0, 0
L 464, 1158, 106, 476, 1171, 106, 0, 0, 0
L 476, 1171, 106, 490, 1178, 106, 0, 0, 0
L 490, 1178, 106, 490, 1355, 106, 0, 0, 0
L 527, 1355, 106, 527, 1178, 106, 0, 0, 0
L 896, 994, 106, 955, 1003, 106, 0, 0, 0
L 955, 1003, 106, 1003, 1017, 106, 0, 0, 0
L 1003, 1017, 106, 1050, 1037, 106, 0, 0, 0
L 1050, 1037, 106, 1093, 1062, 106, 0, 0, 0
L 1093, 1062, 106, 1134, 1092, 106, 0, 0, 0
L 1134, 1092, 106, 1170, 1127, 106, 0, 0, 0
L 1170, 1127, 107, 1213, 1177, 107, 0, 0, 0
L 1178, 1203, 107, 1140, 1154, 107, 0, 0, 0
L 1140, 1154, 107, 1108, 1123, 106, 0, 0, 0
L 1108, 1123, 106, 1071, 1095, 106, 0, 0, 0
L 1071, 1095, 106, 1012, 1061, 106, 0, 0, 0
L 1012, 1061, 106, 946, 1042, 106, 0, 0, 0
L 946, 1042, 106, 893, 1034, 106, 0, 0, 0
L 1178, 1203, 107, 1213, 1177, 107, 255, 0, 255
L 568, 252, 34, 565, 267, 34, 0, 0, 0
L 565, 267, 34, 557, 283, 34, 0, 0, 0
L 557, 283, 34, 544, 296, 34, 0, 0, 0
L 544, 296, 34, 530, 303, 34, 0, 0, 0
L 530, 303, 34, 530, 410, 34, 0, 0, 0
L 487, 411, 34, 487, 303, 34, 0, 0, 0
L 487, 303, 34, 474, 296, 34, 0, 0, 0
L 474, 296, 34, 460, 283, 34, 0, 0, 0
L 460, 283, 34, 452, 267, 34, 0, 0, 0
L 452, 267, 34, 450, 252, 34, 0, 0, 0
L 490, 411, 35, 487, 411, 36, 0, 0, 0
L 527, 410, 34, 530, 410, 35, 0, 0, 0
L 527, 410, 34, 527, 299, 34, 0, 0, 0
L 490, 299, 34, 490, 411, 34, 0, 0, 0
L 490, 436, 34, 487, 436, 34, 0, 0, 0
L 527, 436, 33, 530, 436, 33, 0, 0, 0
L 530, 436, 34, 530, 576, 34, 0, 0, 0
L 530, 576, 34, 544, 583, 34, 0, 0, 0
L 544, 583, 34, 557, 596, 34, 0, 0, 0
L 557, 596, 34, 565, 612, 34, 0, 0, 0
L 565, 612, 34, 567, 625, 34, 0, 0, 0
L 487, 436, 34, 487, 576, 34, 0, 0, 0
L 487, 576, 34, 474, 583, 34, 0, 0, 0
L 474, 583, 34, 460, 596, 34, 0, 0, 0
L 460, 596, 34, 452, 612, 34, 0, 0, 0
L 452, 612, 34, 447, 644, 34, 0, 0, 0
L 527, 436, 34, 527, 410, 34, 127, 127, 127
L 490, 411, 34, 490, 436, 34, 127, 127, 127
L 188, 770, 54, 274, 770, 54, 0, 0, 0
L 274, 770, 54, 279, 780, 54, 0, 0, 0
L 188, 727, 54, 274, 727, 54, 0, 0, 0
L 274, 727, 54, 281, 713, 54, 0, 0, 0
L 281, 713, 54, 294, 700, 54, 0, 0, 0
L 294, 700, 54, 311, 692, 54, 0, 0, 0
L 311, 692, 54, 329, 689, 54, 0, 0, 0
L 329, 689, 54, 347, 692, 54, 0, 0, 0
L 347, 692, 54, 364, 700, 54, 0, 0, 0
L 364, 700, 54, 372, 708, 54, 0, 0, 0
L 188, 767, 54, 188, 770, 54, 0, 0, 0
L 188, 767, 54, 188, 730, 54, 127, 127, 127
L 188, 730, 54, 188, 727, 54, 0, 0, 0
L 1047, 727, 54, 1003, 727, 54, 0, 0, 0
L 950, 727, 54, 763, 727, 54, 0, 0, 0
L 763, 727, 54, 756, 713, 54, 0, 0, 0
L 756, 713, 54, 743, 700, 54, 0, 0, 0
L 743, 700, 54, 727, 692, 54, 0, 0, 0
L 727, 692, 54, 708, 689, 54, 0, 0, 0
L 708, 689, 54, 690, 692, 54, 0, 0, 0
L 690, 692, 54, 680, 697, 55, 0, 0, 0
L 1087, 727, 54, 1295, 727, 55, 0, 0, 0
L 1295, 727, 56, 1295, 715, 56, 0, 0, 0
L 1291, 718, 56, 1312, 696, 56, 0, 0, 0
L 1312, 696, 56, 1334, 687, 56, 0, 0, 0
L 1334, 679, 55, 1334, 687, 56, 0, 0, 0
L 1084, 770, 54, 1296, 770, 55, 0, 0, 0
L 1296, 770, 56, 1296, 784, 56, 0, 0, 0
L 1296, 784, 56, 1314, 802, 56, 0, 0, 0
L 1314, 802, 56, 1336, 810, 56, 0, 0, 0
L 1336, 810, 56, 1336, 820, 55, 0, 0, 0
L 951, 770, 54, 763, 770, 54, 0, 0, 0
L 763, 770, 54, 756, 783, 54, 0, 0, 0
L 756, 783, 54, 743, 797, 54, 0, 0, 0
L 743, 797, 54, 737, 800, 54, 0, 0, 0
L 951, 770, 54, 951, 767, 54, 0, 0, 0
L 1003, 767, 54, 1003, 770, 54, 0, 0, 0
L 1003, 730, 54, 1003, 727, 55, 0, 0, 0
L 950, 730, 54, 759, 730, 54, 0, 0, 0
L 951, 767, 54, 759, 767, 54, 0, 0, 0
L 951, 767, 54, 1003, 767, 54, 127, 127, 127
L 1003, 730, 54, 950, 730, 54, 127, 127, 127
L 950, 727, 54, 950, 730, 54, 0, 0, 0
L 1003, 770, 54, 1049, 770, 54, 0, 0, 0
L 1049, 770, 57, 1049, 767, 54, 0, 0, 0
L 1047, 730, 54, 1047, 727, 57, 0, 0, 0
L 1047, 730, 54, 1003, 730, 54, 0, 0, 0
L 1003, 767, 54, 1049, 767, 54, 0, 0, 0
L 1087, 730, 54, 1087, 727, 54, 0, 0, 0
L 1084, 767, 54, 1084, 770, 54, 0, 0, 0
L 1084, 767, 54, 1049, 767, 54, 127, 127, 127
L 1047, 730, 54, 1087, 730, 54, 127, 127, 127
L 530, 1355, 106, 530, 1181, 106, 0, 0, 0
L 530, 1181, 106, 544, 1174, 106, 0, 0, 0
L 544, 1174, 106, 557, 1161, 106, 0, 0, 0
L 557, 1161, 106, 565, 1145, 106, 0, 0, 0
L 565, 1145, 106, 568, 1126, 106, 0, 0, 0
L 568, 1126, 106, 567, 1116, 106, 0, 0, 0
L 487, 1355, 106, 487, 1181, 106, 0, 0, 0
L 487, 1181, 106, 474, 1174, 106, 0, 0, 0
L 474, 1174, 106, 460, 1161, 106, 0, 0, 0
L 460, 1161, 106, 452, 1145, 106, 0, 0, 0
L 452, 1145, 106, 449, 1126, 106, 0, 0, 0
L 449, 1126, 106, 451, 1112, 106, 0, 0, 0
L 487, 1355, 106, 490, 1355, 106, 0, 0, 0
L 490, 1355, 106, 527, 1355, 105, 127, 127, 127
L 527, 1355, 106, 530, 1355, 106, 0, 0, 0
L 277, 979, 120, 246, 957, 95, 0, 0, 0
L 246, 957, 95, 240, 934, 43, 0, 0, 0
L 328, 1188, 102, 344, 1175, 102, 0, 0, 0
L 344, 1175, 102, 382, 1153, 92, 0, 0, 0
L 382, 1153, 92, 424, 1107, 104, 0, 0, 0
L 424, 1107, 104, 453, 1113, 106, 0, 0, 0
L 307, 763, 65, 313, 774, 86, 0, 0, 0
L 313, 774, 86, 306, 798, 102, 0, 0, 0
L 306, 798, 102, 293, 809, 81, 0, 0, 0
L 293, 809, 57, 240, 934, 36, 0, 0, 0
L -337, 153, -34, -337, 208, -34, 0, 0, 0
L -337, 239, -34, -275, 239, -34, 0, 0, 0
L -336, 220, -33, -336, 208, -33, 0, 0, 0
L -337, 239, -34, -337, 220, -34, 0, 0, 0
L -337, 153, -34, -275, 153, -34, 0, 0, 0
L -275, 153, -34, -275, 184, -34, 0, 0, 0
L -275, 196, -34, -275, 239, -34, 0, 0, 0
L -337, 208, -35, -334, 208, -35, 0, 0, 0
L -337, 220, -35, -334, 220, -35, 0, 0, 0
L -334, 220, -35, -334, 208, -35, 0, 0, 0
L -275, 196, -35, -258, 196, -35, 0, 0, 0
L -258, 184, -35, -275, 184, -35, 0, 0, 0
L -258, 184, -34, -258, 165, -34, 0, 0, 0
L -258, 215, -34, -258, 196, -34, 0, 0, 0
L -538, 699, 76, -526, 699, 76, 0, 0, 0
L -526, 699, 76, -509, 693, 76, 0, 0, 0
L -509, 693, 76, -496, 681, 76, 0, 0, 0
L -496, 681, 76, -487, 666, 76, 0, 0, 0
L -487, 666, 76, -484, 648, 76, 0, 0, 0
L -484, 648, 76, -487, 631, 76, 0, 0, 0
L -487, 631, 76, -496, 615, 76, 0, 0, 0
L -496, 615, 76, -509, 604, 76, 0, 0, 0
L -509, 604, 76, -526, 598, 76, 0, 0, 0
L -526, 598, 76, -544, 598, 76, 0, 0, 0
L -544, 598, 76, -560, 604, 76, 0, 0, 0
L -560, 604, 76, -574, 615, 76, 0, 0, 0
L -574, 615, 76, -579, 625, 76, 0, 0, 0
L -579, 625, 76, -586, 616, 76, 0, 0, 0
L -586, 616, 76, -604, 596, 69, 0, 0, 0
L -604, 596, 69, -630, 571, 78, 0, 0, 0
L -550, 980, 76, -535, 985, 76, 0, 0, 0
L -535, 985, 76, -521, 997, 76, 0, 0, 0
L -521, 997, 76, -512, 1012, 76, 0, 0, 0
L -512, 1012, 76, -509, 1030, 76, 0, 0, 0
L -509, 1030, 76, -512, 1047, 76, 0, 0, 0
L -512, 1047, 76, -521, 1063, 76, 0, 0, 0
L -521, 1063, 76, -535, 1074, 76, 0, 0, 0
L -535, 1074, 76, -552, 1080, 76, 0, 0, 0
L -552, 1080, 76, -569, 1080, 76, 0, 0, 0
L -569, 1080, 76, -586, 1074, 76, 0, 0, 0
L -586, 1074, 76, -600, 1063, 76, 0, 0, 0
L -600, 1063, 76, -603, 1057, 76, 0, 0, 0
L -603, 1057, 76, -624, 1079, 69, 0, 0, 0
L -624, 1079, 69, -649, 1098, 69, 0, 0, 0
L -649, 1098, 69, -663, 1107, 69, 0, 0, 0
L -663, 1107, 69, -702, 1127, 69, 0, 0, 0
L -702, 1127, 69, -688, 1133, 69, 0, 0, 0
L -688, 1133, 69, -675, 1141, 69, 0, 0, 0
L -539, 1248, 48, -555, 1233, 48, 0, 0, 0
L -555, 1233, 48, -568, 1219, 46, 0, 0, 0
L -568, 1219, 46, -591, 1208, 50, 0, 0, 0
L -591, 1208, 50, -648, 1161, 36, 0, 0, 0
L -648, 1161, 25, -653, 1161, 24, 0, 0, 0
L -653, 1161, 24, -675, 1141, 26, 0, 0, 0
L -46, 767, 54, -163, 767, 54, 0, 0, 0
L -201, 730, 54, -46, 730, 54, 0, 0, 0
L -201, 730, 44, -201, 825, 44, 0, 0, 0
L -163, 863, 44, -163, 767, 44, 0, 0, 0
L -46, 770, 54, -46, 726, 54, 127, 127, 127
L -163, 863, 44, -440, 863, 44, 0, 0, 0
L -242, 825, 44, -201, 825, 44, 0, 0, 0
L -242, 825, 44, -242, 801, 44, 0, 0, 0
L -282, 796, 44, -282, 826, 44, 0, 0, 0
L -437, 826, 29, -282, 826, 29, 0, 0, 0
L -440, 866, 29, -441, 935, 42, 127, 127, 127
L -441, 935, 42, -445, 948, 42, 127, 127, 127
L -445, 948, 42, -460, 985, 44, 127, 127, 127
L -460, 985, 44, -473, 1046, 45, 127, 127, 127
L -473, 1046, 45, -486, 1095, 45, 127, 127, 127
L -486, 1095, 45, -503, 1145, 46, 127, 127, 127
L -503, 1145, 46, -516, 1178, 46, 127, 127, 127
L -516, 1178, 46, -532, 1223, 48, 127, 127, 127
L -532, 1223, 48, -541, 1246, 48, 127, 127, 127
L -674, 1141, 26, -641, 1124, 33, 127, 127, 127
L -641, 1124, 33, -630, 1116, 33, 127, 127, 127
L -630, 1116, 33, -600, 1092, 36, 127, 127, 127
L -600, 1092, 36, -597, 1094, 36, 127, 127, 127
L -597, 1094, 36, -574, 1102, 38, 127, 127, 127
L -574, 1102, 38, -548, 1102, 40, 127, 127, 127
L -548, 1102, 40, -523, 1093, 42, 127, 127, 127
L -523, 1093, 42, -504, 1077, 43, 127, 127, 127
L -504, 1077, 43, -491, 1055, 44, 127, 127, 127
L -491, 1055, 44, -487, 1028, 43, 127, 127, 127
L -487, 1028, 43, -491, 1007, 42, 127, 127, 127
L -491, 1007, 42, -503, 984, 39, 127, 127, 127
L -503, 984, 39, -524, 966, 38, 127, 127, 127
L -524, 966, 38, -528, 964, 38, 127, 127, 127
L -528, 964, 38, -517, 938, 40, 127, 127, 127
L -517, 938, 40, -506, 887, 28, 127, 127, 127
L -506, 887, 28, -504, 863, 27, 127, 127, 127
L -440, 869, 29, -505, 869, 27, 127, 127, 127
L -505, 866, 29, -440, 866, 29, 127, 127, 127
L -440, 866, 29, -160, 866, 29, 0, 0, 0
L -160, 866, 44, -160, 770, 44, 0, 0, 0
L -160, 770, 54, -46, 770, 54, 0, 0, 0
L -504, 863, 33, -440, 863, 29, 127, 127, 127
L -437, 822, 29, -503, 822, 29, 127, 127, 127
L -502, 826, 25, -506, 771, 31, 127, 127, 127
L -506, 771, 31, -516, 723, 31, 127, 127, 127
L -516, 723, 31, -517, 719, 32, 127, 127, 127
L -517, 719, 32, -498, 712, 33, 127, 127, 127
L -498, 712, 33, -479, 696, 33, 127, 127, 127
L -479, 696, 33, -465, 673, 33, 127, 127, 127
L -465, 673, 33, -461, 648, 34, 127, 127, 127
L -461, 648, 34, -466, 623, 34, 127, 127, 127
L -466, 623, 34, -478, 602, 34, 127, 127, 127
L -478, 602, 34, -498, 584, 33, 127, 127, 127
L -498, 584, 33, -525, 576, 32, 127, 127, 127
L -525, 576, 32, -551, 577, 31, 127, 127, 127
L -551, 577, 31, -577, 586, 31, 127, 127, 127
L -577, 586, 69, -611, 552, 69, 127, 127, 127
L -630, 571, 78, -602, 543, 78, 0, 0, 0
L -602, 543, 78, -592, 514, 78, 0, 0, 0
L -592, 514, 78, -589, 475, 78, 0, 0, 0
L -589, 475, 78, -594, 443, 78, 0, 0, 0
L -594, 443, 78, -628, 408, 78, 0, 0, 0
L -628, 408, 78, -639, 365, 78, 0, 0, 0
L -639, 365, 78, -642, 327, 78, 0, 0, 0
L -642, 327, 78, -628, 315, 63, 0, 0, 0
L -628, 315, 63, -601, 289, 50, 0, 0, 0
L -601, 289, 50, -590, 279, 51, 0, 0, 0
L -590, 279, 51, -534, 306, 77, 0, 0, 0
L -534, 306, 77, -501, 356, 78, 0, 0, 0
L -501, 356, 78, -474, 402, 78, 0, 0, 0
L -474, 402, 78, -468, 451, 77, 0, 0, 0
L -468, 451, 77, -468, 483, 78, 0, 0, 0
L -468, 483, 78, -457, 519, 78, 0, 0, 0
L -457, 519, 78, -442, 559, 78, 0, 0, 0
L -442, 559, 78, -421, 594, 77, 0, 0, 0
L -421, 594, 77, -409, 641, 78, 0, 0, 0
L -409, 641, 78, -404, 692, 77, 0, 0, 0
L -404, 692, 77, -384, 725, 78, 0, 0, 0
L -384, 725, 78, -356, 753, 78, 0, 0, 0
L -356, 753, 78, -327, 775, 78, 0, 0, 0
L -327, 775, 78, -278, 798, 76, 0, 0, 0
L -437, 822, 29, -285, 822, 29, 0, 0, 0
L -285, 822, 44, -285, 795, 44, 0, 0, 0
L -437, 822, 30, -436, 791, 33, 127, 127, 127
L -436, 791, 33, -434, 739, 34, 127, 127, 127
L -434, 739, 34, -435, 716, 34, 127, 127, 127
L -437, 819, 29, -503, 819, 28, 127, 127, 127
L -502, 826, 29, -437, 826, 29, 127, 127, 127
L -209, 696, 67, -219, 670, 76, 0, 0, 0
L -219, 670, 76, -250, 639, 77, 0, 0, 0
L -250, 639, 77, -264, 584, 79, 0, 0, 0
L -264, 584, 79, -267, 543, 78, 0, 0, 0
L -267, 543, 78, -262, 496, 78, 0, 0, 0
L -238, 801, 44, -238, 822, 44, 0, 0, 0
L -238, 822, 44, -204, 822, 44, 0, 0, 0
L -204, 822, 44, -204, 726, 44, 0, 0, 0
L -204, 726, 44, -46, 726, 52, 0, 0, 0
L -243, 801, 47, -226, 799, 46, 0, 0, 0
L -226, 799, 46, -218, 780, 67, 0, 0, 0
L -218, 780, 67, -209, 748, 47, 0, 0, 0
L -209, 748, 47, -209, 696, 58, 0, 0, 0
L -243, 801, 48, -246, 785, 49, 0, 0, 0
L -246, 785, 49, -237, 779, 46, 0, 0, 0
L -237, 779, 46, -233, 764, 54, 0, 0, 0
L -233, 764, 54, -231, 743, 52, 0, 0, 0
L -231, 743, 52, -239, 728, 49, 0, 0, 0
L -239, 728, 49, -249, 726, 47, 0, 0, 0
L -248, 719, 49, -249, 726, 47, 0, 0, 0
L -275, 730, 47, -286, 729, 49, 0, 0, 0
L -286, 729, 49, -286, 745, 47, 0, 0, 0
L -286, 745, 47, -290, 766, 44, 0, 0, 0
L -290, 766, 44, -281, 779, 47, 0, 0, 0
L -281, 779, 47, -274, 780, 46, 0, 0, 0
L -274, 780, 46, -278, 798, 52, 0, 0, 0
L -262, 496, 93, -271, 467, 99, 0, 0, 0
L -271, 467, 99, -294, 437, 100, 0, 0, 0
L -294, 427, 102, -293, 434, 102, 0, 0, 0
L -293, 434, 102, -294, 437, 102, 0, 0, 0
L -294, 427, 99, -287, 418, 99, 0, 0, 0
L -287, 418, 99, -288, 401, 99, 0, 0, 0
L -288, 401, 99, -298, 388, 99, 0, 0, 0
L -298, 388, 99, -314, 383, 99, 0, 0, 0
L -314, 383, 99, -329, 388, 99, 0, 0, 0
L -329, 388, 99, -335, 396, 99, 0, 0, 0
L -335, 396, 102, -342, 397, 102, 0, 0, 0
L -342, 397, 102, -357, 409, 102, 0, 0, 0
L -357, 409, 102, -359, 412, 102, 0, 0, 0
L -367, 410, 99, -359, 412, 99, 0, 0, 0
L -367, 410, 99, -402, 388, 78, 0, 0, 0
L -402, 388, 78, -417, 375, 78, 0, 0, 0
L -417, 375, 78, -449, 339, 78, 0, 0, 0
L -449, 339, 78, -499, 268, 78, 0, 0, 0
L -499, 268, 78, -527, 254, 78, 0, 0, 0
L -527, 254, 78, -542, 251, 78, 0, 0, 0
L -542, 251, 78, -441, 253, -11, 0, 0, 0
L -441, 253, -11, -327, 253, -11, 0, 0, 0
L -327, 253, -11, -325, 270, -11, 0, 0, 0
L -325, 270, -11, -315, 286, -11, 0, 0, 0
L -315, 286, -11, -301, 298, -11, 0, 0, 0
L -301, 298, -11, -284, 304, -11, 0, 0, 0
L -284, 304, -11, -266, 304, -11, 0, 0, 0
L -266, 304, -11, -249, 298, -11, 0, 0, 0
L -249, 298, -11, -235, 286, -11, 0, 0, 0
L -235, 286, -11, -226, 270, -11, 0, 0, 0
L -226, 270, -11, -223, 253, -11, 0, 0, 0
L -92, 253, -11, -223, 253, -11, 0, 0, 0
L -492, 278, -53, -344, 278, -54, 127, 127, 127
L -344, 278, -54, -332, 300, -55, 127, 127, 127
L -332, 300, -57, -312, 316, -59, 127, 127, 127
L -312, 316, -60, -288, 325, -61, 127, 127, 127
L -288, 325, -62, -264, 325, -64, 127, 127, 127
L -264, 325, -45, -238, 316, -46, 127, 127, 127
L -238, 316, -47, -219, 299, -48, 127, 127, 127
L -219, 299, -49, -206, 278, -50, 127, 127, 127
L -206, 278, -51, -91, 278, -52, 127, 127, 127
L -91, 278, -41, -92, 245, -39, 127, 127, 127
L -97, 240, -40, -92, 245, -42, 127, 127, 127
L -558, 115, -41, -87, 115, -46, 0, 0, 0
L 658, 2044, 111, 564, 2044, 111, 0, 0, 0
L 657, 2221, 111, 658, 2044, 111, 0, 0, 0
L 564, 2221, 111, 657, 2221, 111, 0, 0, 0
L 564, 2044, 111, 564, 2221, 111, 0, 0, 0
L 453, 2044, 111, 360, 2044, 111, 0, 0, 0
L 454, 2221, 111, 453, 2044, 111, 0, 0, 0
L 361, 2221, 111, 454, 2221, 111, 0, 0, 0
L 360, 2044, 111, 361, 2221, 111, 0, 0, 0
L 308, 2237, 106, 308, 1993, 107, 127, 127, 127
L 498, 2237, 106, 308, 2237, 106, 127, 127, 127
L 498, 2165, 106, 498, 2237, 106, 127, 127, 127
L 524, 2165, 106, 498, 2165, 106, 127, 127, 127
L 524, 2237, 106, 524, 2165, 106, 127, 127, 127
L 714, 2237, 106, 524, 2237, 106, 127, 127, 127
L 714, 1989, 106, 714, 2237, 106, 127, 127, 127
L 714, 1989, 107, 717, 1989, 108, 127, 127, 127
L 781, 2286, 110, 781, 1993, 110, 0, 0, 0
L 740, 2263, 106, 740, 1993, 106, 127, 127, 127
L 538, 2263, 106, 740, 2263, 106, 127, 127, 127
L 538, 2286, 106, 538, 2263, 106, 127, 127, 127
L 479, 2263, 106, 479, 2286, 106, 127, 127, 127
L 282, 2263, 106, 479, 2263, 106, 127, 127, 127
L 282, 1989, 106, 282, 2263, 106, 127, 127, 127
L 282, 1998, 106, 282, 1989, 106, 127, 127, 127
L 277, 1998, 106, 282, 1998, 106, 127, 127, 127
L 277, 1993, 106, 277, 1998, 106, 127, 127, 127
L 274, 1608, 106, 307, 1608, 106, 127, 127, 127
L 274, 1608, 106, 274, 1606, 106, 0, 0, 0
L 307, 1608, 106, 307, 1605, 106, 0, 0, 0
L 303, 1655, 111, 333, 1655, 111, 0, 0, 0
L 282, 1655, 111, 240, 1655, 111, 0, 0, 0
L 333, 1680, 111, 333, 1655, 111, 0, 0, 0
L 340, 1680, 111, 333, 1680, 111, 0, 0, 0
L 342, 1676, 106, 340, 1680, 111, 0, 0, 0
L 345, 1659, 106, 342, 1676, 106, 0, 0, 0
L 342, 1642, 108, 345, 1659, 106, 0, 0, 0
L 335, 1627, 106, 342, 1642, 108, 0, 0, 0
L 323, 1614, 106, 335, 1627, 106, 0, 0, 0
L 309, 1608, 106, 323, 1614, 106, 0, 0, 0
L 307, 1608, 106, 309, 1608, 106, 0, 0, 0
L 271, 1608, 106, 274, 1608, 106, 0, 0, 0
L 259, 1614, 106, 271, 1608, 106, 0, 0, 0
L 247, 1626, 106, 259, 1614, 106, 0, 0, 0
L 238, 1641, 108, 247, 1626, 106, 0, 0, 0
L 235, 1658, 106, 238, 1641, 108, 0, 0, 0
L 238, 1676, 107, 235, 1658, 106, 0, 0, 0
L 240, 1679, 110, 238, 1676, 107, 0, 0, 0
L 240, 1655, 110, 240, 1679, 110, 0, 0, 0
L 303, 1658, 106, 282, 1658, 106, 127, 127, 127
L 282, 1663, 106, 303, 1663, 106, 127, 127, 127
L 279, 1664, 106, 279, 1993, 106, 0, 0, 0
L 306, 1664, 106, 306, 1993, 108, 0, 0, 0
L 303, 1664, 106, 306, 1664, 106, 0, 0, 0
L 282, 1664, 106, 279, 1664, 106, 0, 0, 0
L 303, 1664, 106, 303, 1655, 106, 0, 0, 0
L 282, 1655, 106, 282, 1664, 106, 0, 0, 0
L 238, 2075, 107, 238, 1993, 107, 0, 0, 0
L 238, 2286, 107, 238, 2096, 107, 0, 0, 0
L 348, 1993, 106, 348, 2006, 106, 0, 0, 0
L 279, 1993, 106, 238, 1993, 106, 0, 0, 0
L 306, 1993, 106, 348, 1993, 106, 0, 0, 0
L 457, 2006, 111, 348, 2006, 111, 0, 0, 0
L 457, 2006, 106, 457, 1993, 106, 0, 0, 0
L 500, 1993, 111, 457, 1993, 111, 0, 0, 0
L 521, 1990, 106, 500, 1990, 106, 0, 0, 0
L 521, 1990, 106, 521, 1993, 106, 0, 0, 0
L 500, 1993, 106, 500, 1990, 106, 0, 0, 0
L 563, 2006, 106, 563, 1993, 106, 0, 0, 0
L 670, 2006, 106, 670, 1993, 106, 0, 0, 0
L 739, 1993, 106, 781, 1993, 106, 0, 0, 0
L 670, 1993, 108, 712, 1993, 106, 0, 0, 0
L 736, 1658, 106, 715, 1658, 106, 127, 127, 127
L 715, 1660, 106, 736, 1660, 106, 127, 127, 127
L 747, 1624, 106, 714, 1624, 106, 127, 127, 127
L 747, 1621, 106, 747, 1624, 106, 0, 0, 0
L 714, 1621, 106, 714, 1624, 106, 0, 0, 0
L 778, 1655, 111, 736, 1655, 111, 0, 0, 0
L 778, 1679, 112, 778, 1655, 111, 0, 0, 0
L 784, 1686, 113, 778, 1679, 112, 0, 0, 0
L 786, 1675, 106, 784, 1686, 113, 0, 0, 0
L 783, 1658, 106, 786, 1675, 106, 0, 0, 0
L 775, 1643, 106, 783, 1658, 106, 0, 0, 0
L 763, 1631, 106, 775, 1643, 106, 0, 0, 0
L 750, 1624, 106, 763, 1631, 106, 0, 0, 0
L 747, 1624, 106, 750, 1624, 106, 0, 0, 0
L 712, 1624, 106, 714, 1624, 106, 0, 0, 0
L 699, 1630, 106, 712, 1624, 106, 0, 0, 0
L 687, 1643, 107, 699, 1630, 106, 0, 0, 0
L 680, 1656, 106, 687, 1643, 107, 0, 0, 0
L 676, 1675, 106, 680, 1656, 106, 0, 0, 0
L 677, 1680, 111, 676, 1675, 106, 0, 0, 0
L 685, 1680, 111, 677, 1680, 111, 0, 0, 0
L 685, 1655, 111, 685, 1680, 111, 0, 0, 0
L 715, 1655, 111, 685, 1655, 111, 0, 0, 0
L 736, 1655, 106, 736, 1664, 106, 0, 0, 0
L 715, 1664, 106, 715, 1655, 106, 0, 0, 0
L 739, 1664, 106, 736, 1664, 106, 0, 0, 0
L 713, 1664, 106, 715, 1664, 106, 0, 0, 0
L 712, 1993, 106, 713, 1664, 106, 0, 0, 0
L 521, 1993, 111, 563, 1993, 111, 0, 0, 0
L 670, 2006, 111, 563, 2006, 111, 0, 0, 0
L 739, 1993, 106, 739, 1664, 106, 0, 0, 0
L 486, 2286, 111, 532, 2286, 111, 127, 127, 127
L 532, 2286, 106, 532, 2302, 106, 0, 0, 0
L 486, 2302, 111, 532, 2302, 111, 255, 0, 255
L 486, 2286, 106, 486, 2302, 106, 0, 0, 0
L 238, 2286, 111, 486, 2286, 111, 0, 0, 0
L 532, 2286, 110, 781, 2286, 110, 0, 0, 0
L 232, 2075, 106, 232, 2096, 106, 127, 127, 127
L 238, 2096, 106, 227, 2096, 106, 0, 0, 0
L 227, 2075, 106, 238, 2075, 106, 0, 0, 0
L -654, 749, 58, -635, 778, 58, 0, 0, 0
L -679, 724, 58, -654, 749, 58, 0, 0, 0
L -710, 706, 58, -679, 724, 58, 0, 0, 0
L -745, 695, 58, -710, 706, 58, 0, 0, 0
L -786, 694, 58, -745, 695, 58, 0, 0, 0
L -834, 710, 54, -786, 694, 58, 0, 0, 0
L -868, 729, 58, -834, 710, 58, 0, 0, 0
L -900, 768, 58, -868, 729, 58, 0, 0, 0
