L 248, 9, -258, 247, 13, -258, 0, 0, 0
L 250, 4, -258, 248, 9, -258, 0, 0, 0
L 250, -4, -257, 250, 4, -258, 0, 0, 0
L 250, -8, -256, 250, -4, -257, 0, 0, 0
L 249, -9, -256, 250, -8, -256, 0, 0, 0
L 249, -11, -255, 249, -9, -256, 0, 0, 0
L 248, -15, -253, 249, -11, -255, 0, 0, 0
L 247, -16, -252, 248, -15, -253, 0, 0, 0
L 247, -18, -250, 247, -16, -252, 0, 0, 0
L 254, -17, -254, 247, -18, -250, 0, 0, 0
L 255, -16, -255, 254, -17, -254, 0, 0, 0
L 257, -16, -256, 255, -16, -255, 0, 0, 0
L 259, -15, -256, 257, -16, -256, 0, 0, 0
L 260, -14, -257, 259, -15, -256, 0, 0, 0
L 261, -13, -259, 260, -14, -257, 0, 0, 0
L 263, -12, -259, 261, -13, -259, 0, 0, 0
L 264, -11, -259, 263, -12, -259, 0, 0, 0
L 265, -9, -259, 264, -11, -259, 0, 0, 0
L 265, -7, -259, 265, -9, -259, 0, 0, 0
L 266, -6, -259, 265, -7, -259, 0, 0, 0
L 267, -2, -259, 266, -6, -259, 0, 0, 0
L 268, 12, -258, 267, -2, -259, 0, 0, 0
L 266, 24, -257, 268, 12, -258, 0, 0, 0
L 261, 25, -257, 266, 24, -257, 0, 0, 0
L 258, 25, -257, 261, 25, -257, 0, 0, 0
L 256, 25, -258, 258, 25, -257, 0, 0, 0
L 254, 26, -259, 256, 25, -258, 0, 0, 0
L 251, 21, -259, 254, 26, -259, 0, 0, 0
L 250, 20, -259, 251, 21, -259, 0, 0, 0
L 250, 19, -259, 250, 20, -259, 0, 0, 0
L 248, 15, -259, 250, 19, -259, 0, 0, 0
L 248, 13, -259, 248, 15, -259, 0, 0, 0
L 247, 10, -257, 248, 13, -259, 0, 0, 0
L 288, -11, -233, 284, -11, -233, 0, 0, 0
L 293, -12, -233, 288, -11, -233, 0, 0, 0
L 307, -11, -235, 293, -12, -233, 0, 0, 0
L 309, -11, -235, 307, -11, -235, 0, 0, 0
L 314, -13, -234, 309, -11, -235, 0, 0, 0
L 317, -14, -233, 314, -13, -234, 0, 0, 0
L 327, -15, -233, 331, -15, -233, 0, 0, 0
L 325, -16, -233, 327, -15, -233, 0, 0, 0
L 324, -16, -233, 325, -16, -233, 0, 0, 0
L 321, -15, -233, 324, -16, -233, 0, 0, 0
L 311, -12, -234, 321, -15, -233, 0, 0, 0
L 309, -12, -234, 311, -12, -234, 0, 0, 0
L 308, -11, -234, 309, -12, -234, 0, 0, 0
L 304, -11, -234, 308, -11, -234, 0, 0, 0
L 302, -10, -234, 304, -11, -234, 0, 0, 0
L 300, -6, -234, 302, -10, -234, 0, 0, 0
L 300, -4, -234, 300, -6, -234, 0, 0, 0
L 299, 1, -233, 300, -4, -234, 0, 0, 0
L 299, 2, -233, 299, 1, -233, 0, 0, 0
L 296, 8, -233, 299, 2, -233, 0, 0, 0
L 291, 16, -233, 296, 8, -233, 0, 0, 0
L 290, 17, -234, 291, 16, -233, 0, 0, 0
L 289, 19, -235, 290, 17, -234, 0, 0, 0
L 286, 20, -234, 289, 19, -235, 0, 0, 0
L 284, 21, -235, 286, 20, -234, 0, 0, 0
L 282, 21, -237, 284, 21, -235, 0, 0, 0
L 280, 22, -240, 282, 21, -237, 0, 0, 0
L 281, 20, -241, 280, 22, -240, 0, 0, 0
L 281, 9, -243, 281, 20, -241, 0, 0, 0
L 281, 7, -243, 281, 9, -243, 0, 0, 0
L 281, 6, -244, 281, 7, -243, 0, 0, 0
L 280, 3, -244, 281, 6, -244, 0, 0, 0
L 280, 1, -245, 280, 3, -244, 0, 0, 0
L 280, -3, -246, 280, 1, -245, 0, 0, 0
L 273, -25, -246, 280, -3, -246, 0, 0, 0
L 271, -27, -246, 273, -25, -246, 0, 0, 0
L 267, -28, -247, 271, -27, -246, 0, 0, 0
L 261, -31, -247, 267, -28, -247, 0, 0, 0
L 259, -31, -246, 261, -31, -247, 0, 0, 0
L 256, -32, -246, 259, -31, -246, 0, 0, 0
L 251, -33, -245, 256, -32, -246, 0, 0, 0
L 242, -33, -243, 251, -33, -245, 0, 0, 0
L 232, -33, -243, 242, -33, -243, 0, 0, 0
L 230, -33, -242, 232, -33, -243, 0, 0, 0
L 225, -37, -241, 230, -33, -242, 0, 0, 0
L 223, -37, -241, 225, -37, -241, 0, 0, 0
L 219, -36, -241, 223, -37, -241, 0, 0, 0
L 218, -36, -241, 219, -36, -241, 0, 0, 0
L 209, -32, -242, 218, -36, -241, 0, 0, 0
L 207, -31, -243, 209, -32, -242, 0, 0, 0
L 201, -30, -246, 207, -31, -243, 0, 0, 0
L 200, -29, -246, 201, -30, -246, 0, 0, 0
L 198, -28, -245, 200, -29, -246, 0, 0, 0
L 197, -27, -244, 198, -28, -245, 0, 0, 0
L 196, -25, -243, 197, -27, -244, 0, 0, 0
L 194, -24, -242, 196, -25, -243, 0, 0, 0
L 193, -22, -242, 194, -24, -242, 0, 0, 0
L 192, -21, -241, 193, -22, -242, 0, 0, 0
L 192, -19, -242, 192, -21, -241, 0, 0, 0
L 189, -14, -243, 192, -19, -242, 0, 0, 0
L 188, -11, -244, 189, -14, -243, 0, 0, 0
L 188, -7, -245, 188, -11, -244, 0, 0, 0
L 187, -5, -245, 188, -7, -245, 0, 0, 0
L 185, 11, -246, 187, -5, -245, 0, 0, 0
L 185, 16, -246, 185, 11, -246, 0, 0, 0
L 184, 25, -245, 185, 16, -246, 0, 0, 0
L 185, 26, -245, 184, 25, -245, 0, 0, 0
L 186, 28, -244, 185, 26, -245, 0, 0, 0
L 189, 31, -244, 186, 28, -244, 0, 0, 0
L 191, 32, -243, 189, 31, -244, 0, 0, 0
L 192, 33, -243, 191, 32, -243, 0, 0, 0
L 194, 33, -243, 192, 33, -243, 0, 0, 0
L 196, 34, -243, 194, 33, -243, 0, 0, 0
L 199, 35, -242, 196, 34, -243, 0, 0, 0
L 201, 35, -242, 199, 35, -242, 0, 0, 0
L 212, 37, -241, 201, 35, -242, 0, 0, 0
L 225, 37, -241, 212, 37, -241, 0, 0, 0
L 232, 37, -240, 225, 37, -241, 0, 0, 0
L 241, 35, -240, 232, 37, -240, 0, 0, 0
L 249, 34, -240, 241, 35, -240, 0, 0, 0
L 254, 33, -240, 249, 34, -240, 0, 0, 0
L 256, 32, -240, 254, 33, -240, 0, 0, 0
L 261, 30, -240, 256, 32, -240, 0, 0, 0
L 267, 27, -240, 261, 30, -240, 0, 0, 0
L 276, 23, -239, 267, 27, -240, 0, 0, 0
L 278, 22, -239, 276, 23, -239, 0, 0, 0
L 287, 18, -237, 278, 22, -239, 0, 0, 0
L 290, 16, -238, 287, 18, -237, 0, 0, 0
L 296, 13, -238, 290, 16, -238, 0, 0, 0
L 298, 13, -238, 296, 13, -238, 0, 0, 0
L 307, 10, -236, 298, 13, -238, 0, 0, 0
L 317, 7, -236, 307, 10, -236, 0, 0, 0
L 318, 7, -236, 317, 7, -236, 0, 0, 0
L 330, 6, -235, 318, 7, -236, 0, 0, 0
L 335, 7, -235, 330, 6, -235, 0, 0, 0
L 337, 7, -235, 335, 7, -235, 0, 0, 0
L 356, 9, -237, 337, 7, -235, 0, 0, 0
L 366, 9, -235, 356, 9, -237, 0, 0, 0
L 431, 6, -210, 417, 7, -214, 0, 0, 0
L 440, 5, -199, 431, 6, -210, 0, 0, 0
L 467, 3, -182, 440, 5, -199, 0, 0, 0
L 673, -14, -122, 673, -21, -123, 0, 0, 0
L 674, -12, -122, 673, -14, -122, 0, 0, 0
L 676, -7, -122, 674, -12, -122, 0, 0, 0
L 676, -2, -122, 676, -7, -122, 0, 0, 0
L 677, 0, -121, 676, -2, -122, 0, 0, 0
L 677, 6, -118, 677, 0, -121, 0, 0, 0
L 671, 8, -116, 677, 6, -118, 0, 0, 0
L 670, 9, -117, 671, 8, -116, 0, 0, 0
L 668, 9, -118, 670, 9, -117, 0, 0, 0
L 665, 10, -121, 668, 9, -118, 0, 0, 0
L 659, 10, -127, 665, 10, -121, 0, 0, 0
L 658, 6, -127, 659, 10, -127, 0, 0, 0
L 657, 4, -127, 658, 6, -127, 0, 0, 0
L 657, 2, -127, 657, 4, -127, 0, 0, 0
L 656, -1, -127, 657, 2, -127, 0, 0, 0
L 656, -3, -127, 656, -1, -127, 0, 0, 0
L 656, -7, -123, 656, -3, -127, 0, 0, 0
L 655, -9, -121, 656, -7, -123, 0, 0, 0
L 655, -11, -119, 655, -9, -121, 0, 0, 0
L 654, -12, -117, 655, -11, -119, 0, 0, 0
L 654, -14, -116, 654, -12, -117, 0, 0, 0
L 652, -19, -113, 654, -14, -116, 0, 0, 0
L 651, -21, -112, 652, -19, -113, 0, 0, 0
L 651, -23, -112, 651, -21, -112, 0, 0, 0
L 655, -24, -117, 651, -23, -112, 0, 0, 0
L 661, -24, -121, 655, -24, -117, 0, 0, 0
L 663, -24, -122, 661, -24, -121, 0, 0, 0
L 666, -24, -122, 663, -24, -122, 0, 0, 0
L 672, -21, -119, 666, -24, -122, 0, 0, 0
L 674, -20, -117, 672, -21, -119, 0, 0, 0
L 678, -18, -115, 674, -20, -117, 0, 0, 0
L 680, -16, -114, 678, -18, -115, 0, 0, 0
L 726, -17, -70, 714, -9, -86, 0, 0, 0
L 727, -18, -70, 726, -17, -70, 0, 0, 0
L 742, -19, -67, 727, -18, -70, 0, 0, 0
L 743, -19, -67, 742, -19, -67, 0, 0, 0
L 745, -18, -67, 743, -19, -67, 0, 0, 0
L 747, -18, -67, 745, -18, -67, 0, 0, 0
L 599, 9, -262, 597, 7, -263, 0, 0, 0
L 600, 11, -261, 599, 9, -262, 0, 0, 0
L 605, 11, -259, 600, 11, -261, 0, 0, 0
L 607, 11, -258, 605, 11, -259, 0, 0, 0
L 608, 11, -257, 607, 11, -258, 0, 0, 0
L 610, 11, -256, 608, 11, -257, 0, 0, 0
L 611, 10, -255, 610, 11, -256, 0, 0, 0
L 613, 9, -255, 611, 10, -255, 0, 0, 0
L 614, 8, -255, 613, 9, -255, 0, 0, 0
L 615, 7, -256, 614, 8, -255, 0, 0, 0
L 616, 5, -257, 615, 7, -256, 0, 0, 0
L 617, 4, -257, 616, 5, -257, 0, 0, 0
L 618, 2, -258, 617, 4, -257, 0, 0, 0
L 618, 1, -259, 618, 2, -258, 0, 0, 0
L 619, -1, -259, 618, 1, -259, 0, 0, 0
L 619, -3, -260, 619, -1, -259, 0, 0, 0
L 620, -9, -264, 619, -3, -260, 0, 0, 0
L 621, -11, -265, 620, -9, -264, 0, 0, 0
L 618, -11, -263, 621, -11, -265, 0, 0, 0
L 616, -11, -263, 618, -11, -263, 0, 0, 0
L 606, -11, -268, 616, -11, -263, 0, 0, 0
L 604, -11, -268, 606, -11, -268, 0, 0, 0
L 602, -11, -266, 604, -11, -268, 0, 0, 0
L 601, -10, -263, 602, -11, -266, 0, 0, 0
L 598, -8, -262, 601, -10, -263, 0, 0, 0
L 597, -6, -260, 598, -8, -262, 0, 0, 0
L 596, -5, -254, 597, -6, -260, 0, 0, 0
L 595, -3, -252, 596, -5, -254, 0, 0, 0
L 594, -2, -252, 595, -3, -252, 0, 0, 0
L 593, 0, -253, 594, -2, -252, 0, 0, 0
L 593, 2, -252, 593, 0, -253, 0, 0, 0
L 592, 4, -251, 593, 2, -252, 0, 0, 0
L 592, 5, -251, 592, 4, -251, 0, 0, 0
L 584, 5, -253, 592, 5, -251, 0, 0, 0
L 583, 5, -253, 584, 5, -253, 0, 0, 0
L 573, 6, -257, 583, 5, -253, 0, 0, 0
L 543, 4, -264, 573, 6, -257, 0, 0, 0
L 535, 4, -265, 543, 4, -264, 0, 0, 0
L 533, 3, -266, 535, 4, -265, 0, 0, 0
L 532, 1, -266, 533, 3, -266, 0, 0, 0
L 531, 0, -266, 532, 1, -266, 0, 0, 0
L 531, -2, -266, 531, 0, -266, 0, 0, 0
L 531, -17, -267, 531, -2, -266, 0, 0, 0
L 531, -25, -266, 531, -17, -267, 0, 0, 0
L 531, -26, -265, 531, -25, -266, 0, 0, 0
L 532, -28, -265, 531, -26, -265, 0, 0, 0
L 534, -28, -265, 532, -28, -265, 0, 0, 0
L 536, -29, -264, 534, -28, -265, 0, 0, 0
L 538, -28, -264, 536, -29, -264, 0, 0, 0
L 540, -28, -265, 538, -28, -264, 0, 0, 0
L 543, -27, -266, 540, -28, -265, 0, 0, 0
L 545, -26, -263, 543, -27, -266, 0, 0, 0
L 547, -26, -259, 545, -26, -263, 0, 0, 0
L 549, -26, -259, 547, -26, -259, 0, 0, 0
L 559, -26, -256, 549, -26, -259, 0, 0, 0
L 567, -26, -255, 559, -26, -256, 0, 0, 0
L 577, -26, -252, 567, -26, -255, 0, 0, 0
L 589, -27, -253, 577, -26, -252, 0, 0, 0
L 598, -27, -246, 589, -27, -253, 0, 0, 0
L 608, -28, -243, 598, -27, -246, 0, 0, 0
L 618, -28, -241, 608, -28, -243, 0, 0, 0
L 636, -27, -235, 618, -28, -241, 0, 0, 0
L 646, -27, -231, 636, -27, -235, 0, 0, 0
L 652, -27, -231, 646, -27, -231, 0, 0, 0
L 674, -28, -227, 652, -27, -231, 0, 0, 0
L 676, -27, -227, 674, -28, -227, 0, 0, 0
L 677, -25, -227, 676, -27, -227, 0, 0, 0
L 678, 5, -228, 677, -25, -227, 0, 0, 0
L 674, 6, -229, 678, 5, -228, 0, 0, 0
L 658, 6, -233, 674, 6, -229, 0, 0, 0
L 634, 3, -234, 658, 6, -233, 0, 0, 0
L 713, 3, -85, 719, 4, -79, 0, 0, 0
L 711, 4, -87, 713, 3, -85, 0, 0, 0
L 710, 4, -88, 711, 4, -87, 0, 0, 0
L 708, 6, -86, 710, 4, -88, 0, 0, 0
L 704, 15, -85, 708, 6, -86, 0, 0, 0
L 702, 18, -88, 704, 15, -85, 0, 0, 0
L 701, 19, -88, 702, 18, -88, 0, 0, 0
L 701, 21, -88, 701, 19, -88, 0, 0, 0
L 700, 23, -88, 701, 21, -88, 0, 0, 0
L 699, 24, -88, 700, 23, -88, 0, 0, 0
L 695, 26, -88, 699, 24, -88, 0, 0, 0
L 692, 27, -88, 695, 26, -88, 0, 0, 0
L 690, 28, -89, 692, 27, -88, 0, 0, 0
L 689, 28, -88, 690, 28, -89, 0, 0, 0
L 683, 29, -88, 689, 28, -88, 0, 0, 0
L 662, 31, -89, 683, 29, -88, 0, 0, 0
L 660, 32, -88, 662, 31, -89, 0, 0, 0
L 646, 35, -89, 660, 32, -88, 0, 0, 0
L 636, 35, -89, 646, 35, -89, 0, 0, 0
L 622, 33, -90, 636, 35, -89, 0, 0, 0
L 620, 33, -91, 622, 33, -90, 0, 0, 0
L 614, 33, -91, 620, 33, -91, 0, 0, 0
L 612, 33, -94, 614, 33, -91, 0, 0, 0
L 612, 31, -94, 612, 33, -94, 0, 0, 0
L 611, 29, -94, 612, 31, -94, 0, 0, 0
L 611, 18, -94, 611, 29, -94, 0, 0, 0
L 611, -29, -91, 611, 18, -94, 0, 0, 0
L 612, -35, -91, 611, -29, -91, 0, 0, 0
L 613, -43, -91, 612, -35, -91, 0, 0, 0
L 613, -66, -85, 613, -43, -91, 0, 0, 0
L 613, -67, -84, 613, -66, -85, 0, 0, 0
L 614, -68, -85, 613, -67, -84, 0, 0, 0
L 616, -68, -87, 614, -68, -85, 0, 0, 0
L 617, -67, -88, 616, -68, -87, 0, 0, 0
L 618, -65, -89, 617, -67, -88, 0, 0, 0
L 619, -64, -90, 618, -65, -89, 0, 0, 0
L 619, -62, -90, 619, -64, -90, 0, 0, 0
L 620, -61, -89, 619, -62, -90, 0, 0, 0
L 625, -61, -89, 620, -61, -89, 0, 0, 0
L 627, -62, -89, 625, -61, -89, 0, 0, 0
L 628, -63, -89, 627, -62, -89, 0, 0, 0
L 640, -67, -87, 628, -63, -89, 0, 0, 0
L 642, -67, -87, 640, -67, -87, 0, 0, 0
L 647, -68, -87, 642, -67, -87, 0, 0, 0
L 656, -67, -88, 647, -68, -87, 0, 0, 0
L 666, -67, -90, 656, -67, -88, 0, 0, 0
L 676, -67, -77, 666, -67, -90, 0, 0, 0
L 377, -14, -287, 376, -15, -288, 0, 0, 0
L 387, -14, -279, 377, -14, -287, 0, 0, 0
L 390, -13, -274, 387, -14, -279, 0, 0, 0
L 391, -13, -270, 390, -13, -274, 0, 0, 0
L 397, -14, -266, 391, -13, -270, 0, 0, 0
L 399, -15, -261, 397, -14, -266, 0, 0, 0
L 400, -16, -245, 399, -15, -261, 0, 0, 0
L 398, -15, -245, 400, -16, -245, 0, 0, 0
L 396, -15, -240, 398, -15, -245, 0, 0, 0
L 394, -14, -238, 396, -15, -240, 0, 0, 0
L 393, -13, -239, 394, -14, -238, 0, 0, 0
L 391, -13, -240, 393, -13, -239, 0, 0, 0
L 383, -13, -239, 391, -13, -240, 0, 0, 0
L 382, -13, -239, 383, -13, -239, 0, 0, 0
L 380, -13, -238, 382, -13, -239, 0, 0, 0
L 376, -12, -238, 380, -13, -238, 0, 0, 0
L 366, -11, -237, 376, -12, -238, 0, 0, 0
L 364, -10, -237, 366, -11, -237, 0, 0, 0
L 359, -10, -238, 364, -10, -237, 0, 0, 0
L 357, -10, -238, 359, -10, -238, 0, 0, 0
L 344, -13, -237, 357, -10, -238, 0, 0, 0
L 339, -13, -236, 344, -13, -237, 0, 0, 0
L 327, -15, -234, 339, -13, -236, 0, 0, 0
L 323, -15, -234, 327, -15, -234, 0, 0, 0
L 314, -12, -234, 323, -15, -234, 0, 0, 0
L 310, -11, -235, 314, -12, -234, 0, 0, 0
L 309, -11, -235, 310, -11, -235, 0, 0, 0
L 298, -11, -233, 309, -11, -235, 0, 0, 0
L 171, 88, -30, 170, 91, -27, 0, 0, 0
L 172, 87, -31, 171, 88, -30, 0, 0, 0
L 172, 86, -32, 172, 87, -31, 0, 0, 0
L 176, 84, -33, 172, 86, -32, 0, 0, 0
L 174, 85, -32, 176, 84, -33, 0, 0, 0
L 172, 84, -33, 174, 85, -32, 0, 0, 0
L 162, 84, -31, 172, 84, -33, 0, 0, 0
L 153, 83, -28, 162, 84, -31, 0, 0, 0
L 151, 83, -28, 153, 83, -28, 0, 0, 0
L 150, 81, -28, 151, 83, -28, 0, 0, 0
L 149, 80, -29, 150, 81, -28, 0, 0, 0
L 149, 79, -29, 149, 80, -29, 0, 0, 0
L 148, 78, -29, 149, 79, -29, 0, 0, 0
L 147, 72, -30, 148, 78, -29, 0, 0, 0
L 145, 64, -32, 147, 72, -30, 0, 0, 0
L 144, 63, -31, 145, 64, -32, 0, 0, 0
L 144, 61, -30, 144, 63, -31, 0, 0, 0
L 141, 50, -26, 144, 61, -30, 0, 0, 0
L 140, 47, -26, 141, 50, -26, 0, 0, 0
L 140, 37, -26, 140, 47, -26, 0, 0, 0
L 142, 34, -30, 140, 37, -26, 0, 0, 0
L 143, 33, -30, 142, 34, -30, 0, 0, 0
L 144, 33, -31, 143, 33, -30, 0, 0, 0
L 145, 31, -32, 144, 33, -31, 0, 0, 0
L 145, 31, -33, 145, 31, -32, 0, 0, 0
L 146, 30, -33, 145, 31, -33, 0, 0, 0
L 146, 29, -33, 146, 30, -33, 0, 0, 0
L 147, 28, -35, 146, 29, -33, 0, 0, 0
L 150, 25, -37, 147, 28, -35, 0, 0, 0
L 153, 21, -35, 150, 25, -37, 0, 0, 0
L 154, 20, -33, 153, 21, -35, 0, 0, 0
L 152, 19, -32, 154, 20, -33, 0, 0, 0
L 152, 17, -31, 152, 19, -32, 0, 0, 0
L 154, 15, -28, 152, 17, -31, 0, 0, 0
L 155, 13, -27, 154, 15, -28, 0, 0, 0
L 164, 12, -26, 155, 13, -27, 0, 0, 0
L 165, 12, -26, 164, 12, -26, 0, 0, 0
L 167, 11, -26, 165, 12, -26, 0, 0, 0
L 155, 13, -27, 167, 11, -26, 0, 0, 0
L 155, 11, -28, 155, 13, -27, 0, 0, 0
L 151, 12, -28, 155, 11, -28, 0, 0, 0
L 150, 12, -28, 151, 12, -28, 0, 0, 0
L 144, 15, -27, 150, 12, -28, 0, 0, 0
L 143, 15, -27, 144, 15, -27, 0, 0, 0
L 132, 19, -27, 143, 15, -27, 0, 0, 0
L 130, 18, -27, 132, 19, -27, 0, 0, 0
L 130, 17, -27, 130, 18, -27, 0, 0, 0
L 126, 13, -27, 130, 17, -27, 0, 0, 0
L 122, 11, -27, 126, 13, -27, 0, 0, 0
L 119, 5, -26, 122, 11, -27, 0, 0, 0
L 119, 3, -26, 119, 5, -26, 0, 0, 0
L 120, 2, -26, 119, 3, -26, 0, 0, 0
L 122, 1, -26, 120, 2, -26, 0, 0, 0
L 121, -3, -26, 122, 1, -26, 0, 0, 0
L 120, -4, -26, 121, -3, -26, 0, 0, 0
L 122, -4, -26, 120, -4, -26, 0, 0, 0
L 124, -3, -26, 122, -4, -26, 0, 0, 0
L 127, -6, -26, 124, -3, -26, 0, 0, 0
L 128, -9, -26, 127, -6, -26, 0, 0, 0
L 129, -10, -26, 128, -9, -26, 0, 0, 0
L 139, -11, -27, 129, -10, -26, 0, 0, 0
L 150, -10, -27, 139, -11, -27, 0, 0, 0
L 152, -10, -26, 150, -10, -27, 0, 0, 0
L 152, -2, -20, 152, -10, -26, 0, 0, 0
L 152, -1, -20, 152, -2, -20, 0, 0, 0
L 154, -1, -20, 152, -1, -20, 0, 0, 0
L 164, -2, -21, 154, -1, -20, 0, 0, 0
L 176, -3, -25, 164, -2, -21, 0, 0, 0
L 178, -4, -26, 176, -3, -25, 0, 0, 0
L 178, -8, -26, 178, -4, -26, 0, 0, 0
L 178, -15, -30, 178, -8, -26, 0, 0, 0
L 177, -21, -34, 178, -15, -30, 0, 0, 0
L 177, -25, -35, 177, -21, -34, 0, 0, 0
L 177, -26, -36, 177, -25, -35, 0, 0, 0
L 177, -33, -34, 177, -26, -36, 0, 0, 0
L 177, -34, -33, 177, -33, -34, 0, 0, 0
L 179, -36, -34, 177, -34, -33, 0, 0, 0
L 180, -37, -35, 179, -36, -34, 0, 0, 0
L 197, -46, -31, 180, -37, -35, 0, 0, 0
L 205, -51, -27, 197, -46, -31, 0, 0, 0
L 218, -59, -25, 205, -51, -27, 0, 0, 0
L 219, -60, -25, 218, -59, -25, 0, 0, 0
L 220, -59, -25, 219, -60, -25, 0, 0, 0
L 222, -58, -26, 220, -59, -25, 0, 0, 0
L 222, -68, -26, 222, -58, -26, 0, 0, 0
L 216, -86, -26, 222, -68, -26, 0, 0, 0
L 215, -87, -26, 216, -86, -26, 0, 0, 0
L 217, -89, -26, 215, -87, -26, 0, 0, 0
L 215, -94, -26, 217, -89, -26, 0, 0, 0
L 215, -98, -26, 215, -94, -26, 0, 0, 0
L 218, -98, -26, 215, -98, -26, 0, 0, 0
L 222, -102, -26, 218, -98, -26, 0, 0, 0
L 225, -107, -26, 222, -102, -26, 0, 0, 0
L 226, -106, -26, 225, -107, -26, 0, 0, 0
L 227, -104, -26, 226, -106, -26, 0, 0, 0
L 231, -105, -26, 227, -104, -26, 0, 0, 0
L 235, -107, -26, 231, -105, -26, 0, 0, 0
L 236, -107, -26, 235, -107, -26, 0, 0, 0
L 237, -106, -26, 236, -107, -26, 0, 0, 0
L 237, -102, -26, 237, -106, -26, 0, 0, 0
L 245, -96, -25, 237, -102, -26, 0, 0, 0
L 244, -94, -25, 245, -96, -25, 0, 0, 0
L 243, -93, -25, 244, -94, -25, 0, 0, 0
L 243, -91, -25, 243, -93, -25, 0, 0, 0
L 244, -87, -25, 243, -91, -25, 0, 0, 0
L 243, -86, -25, 244, -87, -25, 0, 0, 0
L 242, -84, -26, 243, -86, -25, 0, 0, 0
L 241, -84, -26, 242, -84, -26, 0, 0, 0
L 241, -73, -26, 241, -84, -26, 0, 0, 0
L 240, -72, -26, 241, -73, -26, 0, 0, 0
L 238, -72, -26, 240, -72, -26, 0, 0, 0
L 238, -48, -26, 238, -72, -26, 0, 0, 0
L 259, -42, -31, 238, -48, -26, 0, 0, 0
L 260, -41, -31, 259, -42, -31, 0, 0, 0
L 263, -39, -33, 260, -41, -31, 0, 0, 0
L 265, -37, -35, 263, -39, -33, 0, 0, 0
L 269, -35, -35, 265, -37, -35, 0, 0, 0
L 273, -30, -35, 269, -35, -35, 0, 0, 0
L 274, -28, -35, 273, -30, -35, 0, 0, 0
L 275, -27, -35, 274, -28, -35, 0, 0, 0
L 276, -26, -34, 275, -27, -35, 0, 0, 0
L 276, -25, -34, 276, -26, -34, 0, 0, 0
L 281, -15, -30, 276, -25, -34, 0, 0, 0
L 281, -14, -30, 281, -15, -30, 0, 0, 0
L 283, -11, -29, 281, -14, -30, 0, 0, 0
L 284, -9, -29, 283, -11, -29, 0, 0, 0
L 286, -5, -27, 284, -9, -29, 0, 0, 0
L 287, -4, -26, 286, -5, -27, 0, 0, 0
L 295, -4, -27, 287, -4, -26, 0, 0, 0
L 304, -5, -27, 295, -4, -27, 0, 0, 0
L 306, -5, -27, 304, -5, -27, 0, 0, 0
L 307, -4, -28, 306, -5, -27, 0, 0, 0
L 314, -4, -27, 307, -4, -28, 0, 0, 0
L 318, -8, -28, 314, -4, -27, 0, 0, 0
L 329, -11, -27, 318, -8, -28, 0, 0, 0
L 331, -10, -26, 329, -11, -27, 0, 0, 0
L 331, -9, -26, 331, -10, -26, 0, 0, 0
L 339, -4, -26, 331, -9, -26, 0, 0, 0
L 340, -3, -26, 339, -4, -26, 0, 0, 0
L 339, -2, -26, 340, -3, -26, 0, 0, 0
L 338, 0, -26, 339, -2, -26, 0, 0, 0
L 340, 6, -26, 338, 0, -26, 0, 0, 0
L 339, 8, -26, 340, 6, -26, 0, 0, 0
L 338, 9, -26, 339, 8, -26, 0, 0, 0
L 334, 12, -26, 338, 9, -26, 0, 0, 0
L 330, 19, -26, 334, 12, -26, 0, 0, 0
L 328, 18, -26, 330, 19, -26, 0, 0, 0
L 327, 17, -26, 328, 18, -26, 0, 0, 0
L 321, 19, -26, 327, 17, -26, 0, 0, 0
L 319, 17, -26, 321, 19, -26, 0, 0, 0
L 318, 15, -26, 319, 17, -26, 0, 0, 0
L 317, 14, -26, 318, 15, -26, 0, 0, 0
L 309, 13, -26, 317, 14, -26, 0, 0, 0
L 309, 11, -26, 309, 13, -26, 0, 0, 0
L 290, 13, -29, 309, 11, -26, 0, 0, 0
L 290, 11, -29, 290, 13, -29, 0, 0, 0
L 284, 11, -29, 290, 11, -29, 0, 0, 0
L 284, 18, -30, 284, 11, -29, 0, 0, 0
L 283, 30, -32, 284, 18, -30, 0, 0, 0
L 282, 35, -32, 283, 30, -32, 0, 0, 0
L 282, 37, -32, 282, 35, -32, 0, 0, 0
L 282, 40, -31, 282, 37, -32, 0, 0, 0
L 281, 41, -31, 282, 40, -31, 0, 0, 0
L 281, 44, -30, 281, 41, -31, 0, 0, 0
L 280, 46, -29, 281, 44, -30, 0, 0, 0
L 280, 47, -29, 280, 46, -29, 0, 0, 0
L 280, 51, -28, 280, 47, -29, 0, 0, 0
L 109, -128, -26, 108, -130, -26, 0, 0, 0
L 110, -127, -26, 109, -128, -26, 0, 0, 0
L 114, -125, -26, 110, -127, -26, 0, 0, 0
L 115, -124, -26, 114, -125, -26, 0, 0, 0
L 117, -124, -26, 115, -124, -26, 0, 0, 0
L 119, -127, -26, 117, -124, -26, 0, 0, 0
L 120, -129, -26, 119, -127, -26, 0, 0, 0
L 119, -135, -26, 120, -129, -26, 0, 0, 0
L 118, -137, -26, 119, -135, -26, 0, 0, 0
L 117, -137, -26, 118, -137, -26, 0, 0, 0
L 115, -136, -26, 117, -137, -26, 0, 0, 0
L 113, -136, -26, 115, -136, -26, 0, 0, 0
L 112, -135, -26, 113, -136, -26, 0, 0, 0
L 110, -132, -26, 112, -135, -26, 0, 0, 0
L 109, -131, -26, 110, -132, -26, 0, 0, 0
L 109, -128, -26, 109, -131, -26, 0, 0, 0
L 111, -127, -26, 109, -128, -26, 0, 0, 0
L 82, -92, -26, 83, -90, -26, 0, 0, 0
L 81, -92, -26, 82, -92, -26, 0, 0, 0
L 79, -91, -26, 81, -92, -26, 0, 0, 0
L 77, -92, -26, 79, -91, -26, 0, 0, 0
L 75, -92, -26, 77, -92, -26, 0, 0, 0
L 75, -88, -26, 75, -92, -26, 0, 0, 0
L 73, -87, -26, 75, -88, -26, 0, 0, 0
L 72, -86, -26, 73, -87, -26, 0, 0, 0
L 72, -83, -26, 72, -86, -26, 0, 0, 0
L 73, -78, -26, 72, -83, -26, 0, 0, 0
L 74, -76, -26, 73, -78, -26, 0, 0, 0
L 76, -77, -26, 74, -76, -26, 0, 0, 0
L 78, -77, -26, 76, -77, -26, 0, 0, 0
L 79, -76, -26, 78, -77, -26, 0, 0, 0
L 80, -78, -25, 79, -76, -26, 0, 0, 0
L 82, -77, -26, 80, -78, -25, 0, 0, 0
L 84, -77, -25, 82, -77, -26, 0, 0, 0
L 83, -79, -24, 84, -77, -25, 0, 0, 0
L 85, -81, -26, 83, -79, -24, 0, 0, 0
L 86, -82, -26, 85, -81, -26, 0, 0, 0
L 87, -84, -26, 86, -82, -26, 0, 0, 0
L 87, -88, -26, 87, -84, -26, 0, 0, 0
L 86, -90, -26, 87, -88, -26, 0, 0, 0
L 82, -90, -26, 86, -90, -26, 0, 0, 0
L 83, -111, -26, 79, -108, -26, 0, 0, 0
L 79, -115, -26, 83, -111, -26, 0, 0, 0
L 73, -115, -26, 79, -115, -26, 0, 0, 0
L 70, -112, -26, 73, -115, -26, 0, 0, 0
L 70, -109, -26, 70, -112, -26, 0, 0, 0
L 71, -107, -26, 70, -109, -26, 0, 0, 0
L 73, -106, -26, 71, -107, -26, 0, 0, 0
L 78, -106, -26, 73, -106, -26, 0, 0, 0
L 80, -107, -26, 78, -106, -26, 0, 0, 0
L 80, -110, -26, 80, -107, -26, 0, 0, 0
L 78, -115, -26, 81, -113, -26, 0, 0, 0
L 144, -154, -26, 146, -155, -26, 0, 0, 0
L 143, -153, -26, 144, -154, -26, 0, 0, 0
L 141, -154, -26, 143, -153, -26, 0, 0, 0
L 140, -153, -26, 141, -154, -26, 0, 0, 0
L 138, -152, -26, 140, -153, -26, 0, 0, 0
L 135, -151, -26, 138, -152, -26, 0, 0, 0
L 133, -150, -26, 135, -151, -26, 0, 0, 0
L 134, -148, -26, 133, -150, -26, 0, 0, 0
L 134, -147, -26, 134, -148, -26, 0, 0, 0
L 135, -143, -26, 134, -147, -26, 0, 0, 0
L 143, -135, -26, 135, -143, -26, 0, 0, 0
L 145, -134, -26, 143, -135, -26, 0, 0, 0
L 146, -133, -26, 145, -134, -26, 0, 0, 0
L 148, -134, -25, 146, -133, -26, 0, 0, 0
L 150, -134, -25, 148, -134, -25, 0, 0, 0
L 150, -135, -26, 150, -134, -25, 0, 0, 0
L 151, -136, -26, 150, -135, -26, 0, 0, 0
L 151, -141, -26, 151, -136, -26, 0, 0, 0
L 152, -143, -26, 151, -141, -26, 0, 0, 0
L 151, -145, -26, 152, -143, -26, 0, 0, 0
L 149, -145, -26, 151, -145, -26, 0, 0, 0
L 149, -151, -26, 149, -145, -26, 0, 0, 0
L 148, -152, -26, 149, -151, -26, 0, 0, 0
L 146, -153, -26, 148, -152, -26, 0, 0, 0
L 146, -154, -26, 146, -153, -26, 0, 0, 0
L 83, -171, -26, 84, -172, -26, 0, 0, 0
L 83, -167, -26, 83, -171, -26, 0, 0, 0
L 82, -165, -26, 83, -167, -26, 0, 0, 0
L 84, -162, -26, 82, -165, -26, 0, 0, 0
L 85, -161, -26, 84, -162, -26, 0, 0, 0
L 87, -160, -26, 85, -161, -26, 0, 0, 0
L 89, -160, -26, 87, -160, -26, 0, 0, 0
L 92, -159, -26, 89, -160, -26, 0, 0, 0
L 93, -160, -23, 92, -159, -26, 0, 0, 0
L 94, -162, -24, 93, -160, -23, 0, 0, 0
L 95, -162, -25, 94, -162, -24, 0, 0, 0
L 96, -163, -26, 95, -162, -25, 0, 0, 0
L 98, -164, -25, 96, -163, -26, 0, 0, 0
L 98, -167, -23, 98, -164, -25, 0, 0, 0
L 98, -169, -25, 98, -167, -23, 0, 0, 0
L 98, -171, -26, 98, -169, -25, 0, 0, 0
L 97, -171, -26, 98, -171, -26, 0, 0, 0
L 95, -172, -25, 97, -171, -26, 0, 0, 0
L 95, -175, -25, 95, -172, -25, 0, 0, 0
L 94, -176, -25, 95, -175, -25, 0, 0, 0
L 92, -175, -26, 94, -176, -25, 0, 0, 0
L 89, -175, -26, 92, -175, -26, 0, 0, 0
L 85, -178, -26, 89, -175, -26, 0, 0, 0
L 84, -173, -26, 85, -178, -26, 0, 0, 0
L 39, -160, -26, 38, -161, -26, 0, 0, 0
L 43, -157, -26, 39, -160, -26, 0, 0, 0
L 47, -156, -26, 43, -157, -26, 0, 0, 0
L 49, -157, -25, 47, -156, -26, 0, 0, 0
L 49, -159, -24, 49, -157, -25, 0, 0, 0
L 51, -159, -26, 49, -159, -24, 0, 0, 0
L 52, -160, -26, 51, -159, -26, 0, 0, 0
L 55, -164, -26, 52, -160, -26, 0, 0, 0
L 52, -166, -26, 55, -164, -26, 0, 0, 0
L 50, -167, -26, 52, -166, -26, 0, 0, 0
L 50, -169, -26, 50, -167, -26, 0, 0, 0
L 49, -170, -26, 50, -169, -26, 0, 0, 0
L 46, -170, -26, 49, -170, -26, 0, 0, 0
L 44, -171, -26, 46, -170, -26, 0, 0, 0
L 41, -170, -26, 44, -171, -26, 0, 0, 0
L 38, -170, -26, 41, -170, -26, 0, 0, 0
L 39, -166, -26, 38, -170, -26, 0, 0, 0
L 38, -164, -26, 39, -166, -26, 0, 0, 0
L 37, -163, -26, 38, -164, -26, 0, 0, 0
L 36, -161, -26, 37, -163, -26, 0, 0, 0
L 40, -159, -26, 36, -161, -26, 0, 0, 0
L 45, -139, -22, 40, -140, -26, 0, 0, 0
L 46, -139, -23, 45, -139, -22, 0, 0, 0
L 48, -140, -24, 46, -139, -23, 0, 0, 0
L 49, -141, -26, 48, -140, -24, 0, 0, 0
L 50, -145, -26, 49, -141, -26, 0, 0, 0
L 49, -148, -26, 50, -145, -26, 0, 0, 0
L 47, -148, -26, 49, -148, -26, 0, 0, 0
L 46, -147, -26, 47, -148, -26, 0, 0, 0
L 43, -148, -26, 46, -147, -26, 0, 0, 0
L 42, -146, -26, 43, -148, -26, 0, 0, 0
L 42, -145, -26, 42, -146, -26, 0, 0, 0
L 40, -145, -26, 42, -145, -26, 0, 0, 0
L 39, -144, -26, 40, -145, -26, 0, 0, 0
L 41, -142, -26, 39, -144, -26, 0, 0, 0
L 41, -140, -26, 41, -142, -26, 0, 0, 0
L 390, -66, -26, 391, -64, -26, 0, 0, 0
L 387, -69, -26, 390, -66, -26, 0, 0, 0
L 385, -69, -26, 387, -69, -26, 0, 0, 0
L 381, -66, -26, 385, -69, -26, 0, 0, 0
L 380, -64, -26, 381, -66, -26, 0, 0, 0
L 381, -63, -26, 380, -64, -26, 0, 0, 0
L 381, -61, -26, 381, -63, -26, 0, 0, 0
L 384, -58, -26, 381, -61, -26, 0, 0, 0
L 385, -59, -26, 384, -58, -26, 0, 0, 0
L 387, -60, -26, 385, -59, -26, 0, 0, 0
L 389, -60, -26, 387, -60, -26, 0, 0, 0
L 390, -62, -26, 389, -60, -26, 0, 0, 0
L 392, -62, -26, 390, -62, -26, 0, 0, 0
L 392, -66, -26, 392, -62, -26, 0, 0, 0
L 389, -67, -26, 392, -66, -26, 0, 0, 0
L 396, -97, -25, 396, -94, -25, 0, 0, 0
L 395, -99, -26, 396, -97, -25, 0, 0, 0
L 389, -96, -26, 395, -99, -26, 0, 0, 0
L 386, -90, -26, 389, -96, -26, 0, 0, 0
L 387, -89, -26, 386, -90, -26, 0, 0, 0
L 389, -89, -26, 387, -89, -26, 0, 0, 0
L 390, -87, -26, 389, -89, -26, 0, 0, 0
L 392, -87, -26, 390, -87, -26, 0, 0, 0
L 393, -89, -23, 392, -87, -26, 0, 0, 0
L 395, -91, -23, 393, -89, -23, 0, 0, 0
L 395, -92, -25, 395, -91, -23, 0, 0, 0
L 396, -93, -25, 395, -92, -25, 0, 0, 0
L 396, -97, -25, 396, -93, -25, 0, 0, 0
L 395, -99, -26, 396, -97, -25, 0, 0, 0
L 393, -98, -26, 395, -99, -26, 0, 0, 0
L 390, -97, -26, 393, -98, -26, 0, 0, 0
L 348, -147, -26, 350, -151, -26, 0, 0, 0
L 348, -143, -26, 348, -147, -26, 0, 0, 0
L 349, -141, -26, 348, -143, -26, 0, 0, 0
L 352, -140, -25, 349, -141, -26, 0, 0, 0
L 353, -137, -25, 352, -140, -25, 0, 0, 0
L 353, -136, -25, 353, -137, -25, 0, 0, 0
L 354, -135, -25, 353, -136, -25, 0, 0, 0
L 356, -130, -26, 354, -135, -25, 0, 0, 0
L 357, -123, -26, 356, -130, -26, 0, 0, 0
L 359, -122, -26, 357, -123, -26, 0, 0, 0
L 360, -114, -26, 359, -122, -26, 0, 0, 0
L 361, -112, -26, 360, -114, -26, 0, 0, 0
L 361, -110, -26, 361, -112, -26, 0, 0, 0
L 362, -109, -26, 361, -110, -26, 0, 0, 0
L 362, -108, -25, 362, -109, -26, 0, 0, 0
L 365, -106, -22, 362, -108, -25, 0, 0, 0
L 367, -106, -22, 365, -106, -22, 0, 0, 0
L 368, -107, -24, 367, -106, -22, 0, 0, 0
L 370, -106, -25, 368, -107, -24, 0, 0, 0
L 372, -106, -26, 370, -106, -25, 0, 0, 0
L 373, -107, -26, 372, -106, -26, 0, 0, 0
L 375, -108, -26, 373, -107, -26, 0, 0, 0
L 376, -109, -26, 375, -108, -26, 0, 0, 0
L 375, -110, -26, 376, -109, -26, 0, 0, 0
L 375, -114, -26, 375, -110, -26, 0, 0, 0
L 376, -115, -26, 375, -114, -26, 0, 0, 0
L 375, -116, -25, 376, -115, -26, 0, 0, 0
L 374, -117, -25, 375, -116, -25, 0, 0, 0
L 378, -125, -26, 374, -117, -25, 0, 0, 0
L 379, -126, -27, 378, -125, -26, 0, 0, 0
L 379, -127, -26, 379, -126, -27, 0, 0, 0
L 379, -129, -25, 379, -127, -26, 0, 0, 0
L 378, -131, -26, 379, -129, -25, 0, 0, 0
L 378, -132, -26, 378, -131, -26, 0, 0, 0
L 377, -133, -26, 378, -132, -26, 0, 0, 0
L 377, -134, -26, 377, -133, -26, 0, 0, 0
L 375, -135, -26, 377, -134, -26, 0, 0, 0
L 373, -139, -26, 375, -135, -26, 0, 0, 0
L 372, -138, -25, 373, -139, -26, 0, 0, 0
L 370, -137, -25, 372, -138, -25, 0, 0, 0
L 363, -144, -25, 370, -137, -25, 0, 0, 0
L 361, -145, -25, 363, -144, -25, 0, 0, 0
L 360, -146, -25, 361, -145, -25, 0, 0, 0
L 358, -147, -25, 360, -146, -25, 0, 0, 0
L 357, -146, -25, 358, -147, -25, 0, 0, 0
L 354, -148, -25, 357, -146, -25, 0, 0, 0
L 351, -148, -25, 354, -148, -25, 0, 0, 0
L 349, -149, -26, 351, -148, -25, 0, 0, 0
L 348, -147, -26, 349, -149, -26, 0, 0, 0
L 321, -139, -26, 325, -138, -26, 0, 0, 0
L 317, -137, -26, 321, -139, -26, 0, 0, 0
L 316, -136, -26, 317, -137, -26, 0, 0, 0
L 316, -133, -26, 316, -136, -26, 0, 0, 0
L 317, -132, -25, 316, -133, -26, 0, 0, 0
L 317, -130, -25, 317, -132, -25, 0, 0, 0
L 320, -126, -25, 317, -130, -25, 0, 0, 0
L 322, -125, -25, 320, -126, -25, 0, 0, 0
L 323, -127, -26, 322, -125, -25, 0, 0, 0
L 323, -129, -26, 323, -127, -26, 0, 0, 0
L 325, -130, -26, 323, -129, -26, 0, 0, 0
L 326, -131, -26, 325, -130, -26, 0, 0, 0
L 325, -133, -26, 326, -131, -26, 0, 0, 0
L 328, -136, -26, 325, -133, -26, 0, 0, 0
L 323, -138, -26, 328, -136, -26, 0, 0, 0
L 264, -163, -26, 262, -163, -26, 0, 0, 0
L 266, -162, -26, 264, -163, -26, 0, 0, 0
L 267, -163, -26, 266, -162, -26, 0, 0, 0
L 271, -170, -25, 271, -167, -26, 0, 0, 0
L 271, -172, -26, 271, -170, -25, 0, 0, 0
L 272, -174, -26, 271, -172, -26, 0, 0, 0
L 272, -178, -26, 272, -174, -26, 0, 0, 0
L 271, -180, -26, 272, -178, -26, 0, 0, 0
L 267, -181, -26, 271, -180, -26, 0, 0, 0
L 265, -183, -26, 267, -181, -26, 0, 0, 0
L 264, -181, -26, 265, -183, -26, 0, 0, 0
L 264, -179, -26, 264, -181, -26, 0, 0, 0
L 258, -175, -26, 264, -179, -26, 0, 0, 0
L 258, -164, -26, 258, -175, -26, 0, 0, 0
L 259, -165, -26, 258, -164, -26, 0, 0, 0
L 263, -163, -26, 259, -165, -26, 0, 0, 0
L 264, -163, -26, 263, -163, -26, 0, 0, 0
L 271, -163, -26, 266, -163, -26, 0, 0, 0
L 272, -167, -26, 271, -163, -26, 0, 0, 0
L 354, -159, -28, 346, -167, -27, 0, 128, 255
L 355, -158, -28, 354, -159, -28, 0, 128, 255
L 362, -152, -27, 355, -158, -28, 0, 128, 255
L 371, -145, -27, 362, -152, -27, 0, 128, 255
L 377, -139, -27, 371, -145, -27, 0, 128, 255
L 379, -134, -26, 377, -139, -27, 0, 128, 255
L 380, -131, -27, 379, -134, -26, 0, 128, 255
L 381, -129, -27, 380, -131, -27, 0, 128, 255
L 382, -126, -27, 381, -129, -27, 0, 128, 255
L 384, -124, -27, 382, -126, -27, 0, 128, 255
L 385, -123, -28, 384, -124, -27, 0, 128, 255
L 392, -115, -27, 385, -123, -28, 0, 128, 255
L 394, -114, -27, 392, -115, -27, 0, 128, 255
L 395, -113, -27, 394, -114, -27, 0, 128, 255
L 400, -119, -25, 395, -113, -27, 0, 128, 255
L 406, -127, -25, 400, -119, -25, 0, 128, 255
L 408, -129, -25, 406, -127, -25, 0, 128, 255
L 415, -137, -25, 408, -129, -25, 0, 128, 255
L 416, -139, -25, 415, -137, -25, 0, 128, 255
L 417, -140, -25, 416, -139, -25, 0, 128, 255
L 418, -142, -27, 417, -140, -25, 0, 128, 255
L 421, -150, -26, 418, -142, -27, 0, 128, 255
L 422, -154, -26, 421, -150, -26, 0, 128, 255
L 423, -157, -27, 422, -154, -26, 0, 128, 255
L 423, -161, -26, 423, -157, -27, 0, 128, 255
L 423, -163, -25, 423, -161, -26, 0, 128, 255
L 423, -172, -25, 423, -163, -25, 0, 128, 255
L 422, -173, -25, 423, -172, -25, 0, 128, 255
L 421, -175, -25, 422, -173, -25, 0, 128, 255
L 421, -176, -26, 421, -175, -25, 0, 128, 255
L 419, -178, -26, 421, -176, -26, 0, 128, 255
L 417, -181, -26, 419, -178, -26, 0, 128, 255
L 408, -188, -26, 417, -181, -26, 0, 128, 255
L 407, -189, -27, 408, -188, -26, 0, 128, 255
L 405, -190, -27, 407, -189, -27, 0, 128, 255
L 398, -191, -28, 405, -190, -27, 0, 128, 255
L 387, -194, -26, 398, -191, -28, 0, 128, 255
L 382, -193, -25, 387, -194, -26, 0, 128, 255
L 380, -192, -25, 382, -193, -25, 0, 128, 255
L 379, -192, -25, 380, -192, -25, 0, 128, 255
L 377, -191, -26, 379, -192, -25, 0, 128, 255
L 376, -191, -27, 377, -191, -26, 0, 128, 255
L 374, -190, -26, 376, -191, -27, 0, 128, 255
L 373, -189, -25, 374, -190, -26, 0, 128, 255
L 372, -189, -25, 373, -189, -25, 0, 128, 255
L 367, -186, -25, 372, -189, -25, 0, 128, 255
L 355, -176, -25, 367, -186, -25, 0, 128, 255
L 347, -170, -27, 355, -176, -25, 0, 128, 255
L 345, -169, -27, 347, -170, -27, 0, 128, 255
L 344, -167, -27, 345, -169, -27, 0, 128, 255
L 345, -166, -27, 344, -167, -27, 0, 128, 255
L 346, -164, -27, 345, -166, -27, 0, 128, 255
L 139, 90, -24, 139, 91, -25, 0, 0, 0
L 139, 88, -25, 139, 90, -24, 0, 0, 0
L 137, 85, -25, 139, 88, -25, 0, 0, 0
L 136, 85, -25, 137, 85, -25, 0, 0, 0
L 134, 81, -25, 136, 85, -25, 0, 0, 0
L 132, 81, -25, 134, 81, -25, 0, 0, 0
L 130, 82, -25, 132, 81, -25, 0, 0, 0
L 131, 84, -25, 130, 82, -25, 0, 0, 0
L 132, 85, -25, 131, 84, -25, 0, 0, 0
L 117, 63, -25, 132, 85, -25, 0, 0, 0
L 107, 43, -25, 117, 63, -25, 0, 0, 0
L 106, 42, -25, 107, 43, -25, 0, 0, 0
L 103, 24, -25, 106, 42, -25, 0, 0, 0
L 102, 23, -25, 103, 24, -25, 0, 0, 0
L 102, 6, -25, 102, 23, -25, 0, 0, 0
L 101, 0, -25, 102, 6, -25, 0, 0, 0
L 101, -7, -25, 101, 0, -25, 0, 0, 0
L 104, -26, -25, 101, -7, -25, 0, 0, 0
L 106, -35, -25, 104, -26, -25, 0, 0, 0
L 107, -37, -25, 106, -35, -25, 0, 0, 0
L 115, -55, -25, 107, -37, -25, 0, 0, 0
L 118, -58, -25, 115, -55, -25, 0, 0, 0
L 128, -71, -25, 118, -58, -25, 0, 0, 0
L 138, -74, -25, 128, -71, -25, 0, 0, 0
L 136, -77, -25, 138, -74, -25, 0, 0, 0
L 135, -78, -24, 136, -77, -25, 0, 0, 0
L 127, -87, -25, 135, -78, -24, 0, 0, 0
L 126, -88, -25, 127, -87, -25, 0, 0, 0
L 124, -89, -25, 126, -88, -25, 0, 0, 0
L 118, -97, -25, 124, -89, -25, 0, 0, 0
L 115, -94, -25, 118, -97, -25, 0, 0, 0
L 111, -92, -25, 115, -94, -25, 0, 0, 0
L 112, -90, -25, 111, -92, -25, 0, 0, 0
L 114, -88, -25, 112, -90, -25, 0, 0, 0
L 84, -50, -25, 114, -88, -25, 0, 0, 0
L 80, -49, -25, 84, -50, -25, 0, 0, 0
L 78, -49, -25, 80, -49, -25, 0, 0, 0
L 74, -51, -25, 78, -49, -25, 0, 0, 0
L 73, -51, -25, 74, -51, -25, 0, 0, 0
L 71, -48, -25, 73, -51, -25, 0, 0, 0
L 66, -30, -25, 71, -48, -25, 0, 0, 0
L 65, -25, -25, 66, -30, -25, 0, 0, 0
L 67, -24, -25, 65, -25, -25, 0, 0, 0
L 69, -25, -25, 67, -24, -25, 0, 0, 0
L 72, -24, -25, 69, -25, -25, 0, 0, 0
L 78, -22, -22, 72, -24, -25, 0, 0, 0
L 79, -23, -22, 78, -22, -22, 0, 0, 0
L 80, -25, -22, 79, -23, -22, 0, 0, 0
L 21, -22, -25, 7, -19, -24, 0, 0, 0
L 26, -26, -23, 21, -22, -25, 0, 0, 0
L 27, -26, -23, 26, -26, -23, 0, 0, 0
L 27, -28, -22, 27, -26, -23, 0, 0, 0
L 28, -30, -22, 27, -28, -22, 0, 0, 0
L 28, -31, -21, 28, -30, -22, 0, 0, 0
L 29, -36, -21, 28, -31, -21, 0, 0, 0
L 38, -34, -25, 29, -36, -21, 0, 0, 0
L 48, -30, -25, 38, -34, -25, 0, 0, 0
L 51, -30, -25, 48, -30, -25, 0, 0, 0
L 53, -29, -25, 51, -30, -25, 0, 0, 0
L 54, -29, -25, 53, -29, -25, 0, 0, 0
L 55, -31, -25, 54, -29, -25, 0, 0, 0
L 56, -34, -25, 55, -31, -25, 0, 0, 0
L 56, -36, -25, 56, -34, -25, 0, 0, 0
L 58, -43, -25, 56, -36, -25, 0, 0, 0
L 59, -45, -25, 58, -43, -25, 0, 0, 0
L 60, -51, -25, 59, -45, -25, 0, 0, 0
L 60, -52, -24, 60, -51, -25, 0, 0, 0
L 60, -54, -25, 60, -52, -24, 0, 0, 0
L 52, -58, -25, 60, -54, -25, 0, 0, 0
L 51, -55, -25, 52, -58, -25, 0, 0, 0
L 52, -54, -25, 51, -55, -25, 0, 0, 0
L 42, -57, -25, 52, -54, -25, 0, 0, 0
L 40, -59, -25, 42, -57, -25, 0, 0, 0
L 41, -65, -25, 40, -59, -25, 0, 0, 0
L 41, -67, -25, 41, -65, -25, 0, 0, 0
L 41, -68, -24, 41, -67, -25, 0, 0, 0
L 44, -81, -24, 41, -68, -24, 0, 0, 0
L 46, -91, -23, 44, -81, -24, 0, 0, 0
L 47, -93, -22, 46, -91, -23, 0, 0, 0
L 46, -95, -21, 47, -93, -22, 0, 0, 0
L 46, -96, -22, 46, -95, -21, 0, 0, 0
L 45, -100, -23, 46, -96, -22, 0, 0, 0
L 45, -107, -25, 45, -100, -23, 0, 0, 0
L 44, -112, -25, 45, -107, -25, 0, 0, 0
L 44, -114, -25, 44, -112, -25, 0, 0, 0
L 43, -115, -23, 44, -114, -25, 0, 0, 0
L 41, -115, -22, 43, -115, -23, 0, 0, 0
L 40, -117, -22, 41, -115, -22, 0, 0, 0
L 39, -118, -22, 40, -117, -22, 0, 0, 0
L 38, -118, -22, 39, -118, -22, 0, 0, 0
L 33, -125, -25, 38, -118, -22, 0, 0, 0
L 31, -129, -25, 33, -125, -25, 0, 0, 0
L 26, -141, -25, 31, -129, -25, 0, 0, 0
L 25, -143, -25, 26, -141, -25, 0, 0, 0
L 24, -146, -25, 25, -143, -25, 0, 0, 0
L 22, -155, -25, 24, -146, -25, 0, 0, 0
L 22, -166, -25, 22, -155, -25, 0, 0, 0
L 26, -177, -25, 22, -166, -25, 0, 0, 0
L 26, -178, -25, 26, -177, -25, 0, 0, 0
L 38, -192, -25, 26, -178, -25, 0, 0, 0
L 43, -196, -25, 38, -192, -25, 0, 0, 0
L 45, -197, -25, 43, -196, -25, 0, 0, 0
L 48, -198, -25, 45, -197, -25, 0, 0, 0
L 52, -199, -25, 48, -198, -25, 0, 0, 0
L 58, -201, -25, 52, -199, -25, 0, 0, 0
L 68, -201, -25, 58, -201, -25, 0, 0, 0
L 80, -198, -25, 68, -201, -25, 0, 0, 0
L 81, -197, -25, 80, -198, -25, 0, 0, 0
L 83, -196, -25, 81, -197, -25, 0, 0, 0
L 84, -196, -25, 83, -196, -25, 0, 0, 0
L 92, -190, -25, 84, -196, -25, 0, 0, 0
L 102, -184, -24, 92, -190, -25, 0, 0, 0
L 105, -182, -23, 102, -184, -24, 0, 0, 0
L 106, -180, -24, 105, -182, -23, 0, 0, 0
L 110, -179, -25, 106, -180, -24, 0, 0, 0
L 111, -178, -25, 110, -179, -25, 0, 0, 0
L 113, -178, -25, 111, -178, -25, 0, 0, 0
L 118, -176, -25, 113, -178, -25, 0, 0, 0
L 126, -175, -23, 118, -176, -25, 0, 0, 0
L 128, -175, -23, 126, -175, -23, 0, 0, 0
L 150, -180, -24, 128, -175, -23, 0, 0, 0
L 151, -181, -24, 150, -180, -24, 0, 0, 0
L 153, -181, -24, 151, -181, -24, 0, 0, 0
L 161, -186, -24, 153, -181, -24, 0, 0, 0
L 165, -187, -25, 161, -186, -24, 0, 0, 0
L 165, -188, -25, 165, -187, -25, 0, 0, 0
L 184, -193, -25, 165, -188, -25, 0, 0, 0
L 193, -194, -24, 184, -193, -25, 0, 0, 0
L 209, -195, -22, 193, -194, -24, 0, 0, 0
L 211, -195, -22, 209, -195, -22, 0, 0, 0
L 212, -194, -24, 211, -195, -22, 0, 0, 0
L 213, -192, -25, 212, -194, -24, 0, 0, 0
L 213, -191, -25, 213, -192, -25, 0, 0, 0
L 214, -187, -24, 213, -191, -25, 0, 0, 0
L 214, -149, -24, 214, -187, -24, 0, 0, 0
L 213, -147, -25, 214, -149, -24, 0, 0, 0
L 212, -146, -25, 213, -147, -25, 0, 0, 0
L 211, -145, -24, 212, -146, -25, 0, 0, 0
L 201, -144, -24, 211, -145, -24, 0, 0, 0
L 199, -144, -24, 201, -144, -24, 0, 0, 0
L 195, -144, -25, 199, -144, -24, 0, 0, 0
L 190, -142, -25, 195, -144, -25, 0, 0, 0
L 183, -140, -24, 190, -142, -25, 0, 0, 0
L 179, -139, -24, 183, -140, -24, 0, 0, 0
L 178, -139, -24, 179, -139, -24, 0, 0, 0
L 174, -136, -25, 178, -139, -24, 0, 0, 0
L 156, -126, -25, 174, -136, -25, 0, 0, 0
L 128, -107, -25, 156, -126, -25, 0, 0, 0
L 128, -106, -25, 128, -107, -25, 0, 0, 0
L 126, -105, -25, 128, -106, -25, 0, 0, 0
L 132, -99, -25, 126, -105, -25, 0, 0, 0
L 142, -86, -25, 132, -99, -25, 0, 0, 0
L 143, -86, -25, 142, -86, -25, 0, 0, 0
L 151, -89, -25, 143, -86, -25, 0, 0, 0
L 151, -91, -25, 151, -89, -25, 0, 0, 0
L 149, -94, -25, 151, -91, -25, 0, 0, 0
L 156, -99, -25, 149, -94, -25, 0, 0, 0
L 168, -106, -25, 154, -95, -25, 0, 0, 0
L 169, -107, -25, 168, -106, -25, 0, 0, 0
L 175, -110, -25, 169, -107, -25, 0, 0, 0
L 186, -115, -25, 175, -110, -25, 0, 0, 0
L 194, -118, -25, 186, -115, -25, 0, 0, 0
L 203, -121, -25, 194, -118, -25, 0, 0, 0
L 207, -123, -25, 203, -121, -25, 0, 0, 0
L 234, -126, -25, 207, -123, -25, 0, 0, 0
L 258, -123, -25, 234, -126, -25, 0, 0, 0
L 262, -123, -25, 258, -123, -25, 0, 0, 0
L 265, -122, -25, 262, -123, -25, 0, 0, 0
L 269, -120, -25, 265, -122, -25, 0, 0, 0
L 272, -119, -25, 269, -120, -25, 0, 0, 0
L 275, -116, -25, 272, -119, -25, 0, 0, 0
L 282, -107, -25, 275, -116, -25, 0, 0, 0
L 295, -102, -25, 282, -107, -25, 0, 0, 0
L 299, -101, -25, 295, -102, -25, 0, 0, 0
L 302, -99, -25, 299, -101, -25, 0, 0, 0
L 303, -98, -25, 302, -99, -25, 0, 0, 0
L 310, -90, -25, 303, -98, -25, 0, 0, 0
L 312, -90, -25, 310, -90, -25, 0, 0, 0
L 313, -91, -25, 312, -90, -25, 0, 0, 0
L 314, -93, -24, 313, -91, -25, 0, 0, 0
L 316, -95, -25, 314, -93, -24, 0, 0, 0
L 322, -99, -25, 316, -95, -25, 0, 0, 0
L 328, -105, -25, 322, -99, -25, 0, 0, 0
L 329, -107, -25, 328, -105, -25, 0, 0, 0
L 328, -108, -25, 329, -107, -25, 0, 0, 0
L 327, -111, -25, 328, -108, -25, 0, 0, 0
L 327, -112, -25, 327, -111, -25, 0, 0, 0
L 326, -113, -25, 327, -112, -25, 0, 0, 0
L 324, -113, -25, 326, -113, -25, 0, 0, 0
L 323, -114, -25, 324, -113, -25, 0, 0, 0
L 322, -113, -25, 323, -114, -25, 0, 0, 0
L 293, -132, -24, 322, -113, -25, 0, 0, 0
L 284, -138, -24, 293, -132, -24, 0, 0, 0
L 279, -140, -22, 284, -138, -24, 0, 0, 0
L 278, -141, -22, 279, -140, -22, 0, 0, 0
L 274, -142, -22, 278, -141, -22, 0, 0, 0
L 265, -145, -24, 274, -142, -22, 0, 0, 0
L 263, -146, -24, 265, -145, -24, 0, 0, 0
L 262, -146, -24, 263, -146, -24, 0, 0, 0
L 260, -147, -23, 262, -146, -24, 0, 0, 0
L 258, -147, -22, 260, -147, -23, 0, 0, 0
L 256, -147, -22, 258, -147, -22, 0, 0, 0
L 245, -147, -21, 256, -147, -22, 0, 0, 0
L 243, -147, -22, 245, -147, -21, 0, 0, 0
L 243, -149, -25, 243, -147, -22, 0, 0, 0
L 241, -180, -24, 243, -149, -25, 0, 0, 0
L 240, -194, -21, 241, -180, -24, 0, 0, 0
L 241, -196, -24, 240, -194, -21, 0, 0, 0
L 251, -196, -25, 241, -196, -24, 0, 0, 0
L 270, -195, -25, 251, -196, -25, 0, 0, 0
L 281, -194, -25, 270, -195, -25, 0, 0, 0
L 286, -193, -25, 281, -194, -25, 0, 0, 0
L 291, -192, -24, 286, -193, -25, 0, 0, 0
L 293, -191, -24, 291, -192, -24, 0, 0, 0
L 302, -186, -23, 293, -191, -24, 0, 0, 0
L 303, -186, -23, 302, -186, -23, 0, 0, 0
L 304, -185, -23, 303, -186, -23, 0, 0, 0
L 305, -185, -24, 304, -185, -23, 0, 0, 0
L 323, -180, -24, 305, -185, -24, 0, 0, 0
L 325, -179, -22, 323, -180, -24, 0, 0, 0
L 327, -179, -22, 325, -179, -22, 0, 0, 0
L 329, -180, -21, 327, -179, -22, 0, 0, 0
L 330, -181, -22, 329, -180, -21, 0, 0, 0
L 345, -181, -20, 330, -181, -22, 0, 0, 0
L 347, -181, -20, 345, -181, -20, 0, 0, 0
L 348, -182, -21, 347, -181, -20, 0, 0, 0
L 348, -184, -24, 348, -182, -21, 0, 0, 0
L 350, -185, -24, 348, -184, -24, 0, 0, 0
L 359, -192, -25, 350, -185, -24, 0, 0, 0
L 363, -195, -25, 359, -192, -25, 0, 0, 0
L 366, -197, -25, 363, -195, -25, 0, 0, 0
L 385, -203, -25, 366, -197, -25, 0, 0, 0
L 389, -204, -25, 385, -203, -25, 0, 0, 0
L 397, -204, -25, 389, -204, -25, 0, 0, 0
L 403, -202, -25, 397, -204, -25, 0, 0, 0
L 408, -201, -25, 403, -202, -25, 0, 0, 0
L 411, -200, -25, 408, -201, -25, 0, 0, 0
L 413, -198, -25, 411, -200, -25, 0, 0, 0
L 416, -197, -25, 413, -198, -25, 0, 0, 0
L 420, -194, -25, 416, -197, -25, 0, 0, 0
L 422, -192, -25, 420, -194, -25, 0, 0, 0
L 423, -189, -25, 422, -192, -25, 0, 0, 0
L 430, -177, -25, 423, -189, -25, 0, 0, 0
L 433, -168, -25, 430, -177, -25, 0, 0, 0
L 434, -158, -25, 433, -168, -25, 0, 0, 0
L 433, -153, -25, 434, -158, -25, 0, 0, 0
L 432, -149, -25, 433, -153, -25, 0, 0, 0
L 428, -138, -25, 432, -149, -25, 0, 0, 0
L 428, -137, -25, 428, -138, -25, 0, 0, 0
L 426, -135, -25, 428, -137, -25, 0, 0, 0
L 418, -127, -24, 426, -135, -25, 0, 0, 0
L 416, -124, -25, 418, -127, -24, 0, 0, 0
L 413, -121, -25, 416, -124, -25, 0, 0, 0
L 413, -120, -25, 413, -121, -25, 0, 0, 0
L 412, -118, -24, 413, -120, -25, 0, 0, 0
L 411, -117, -24, 412, -118, -24, 0, 0, 0
L 411, -116, -23, 411, -117, -24, 0, 0, 0
L 411, -114, -23, 411, -116, -23, 0, 0, 0
L 410, -113, -24, 411, -114, -23, 0, 0, 0
L 410, -112, -24, 410, -113, -24, 0, 0, 0
L 409, -110, -25, 410, -112, -24, 0, 0, 0
L 409, -108, -25, 409, -110, -25, 0, 0, 0
L 409, -93, -24, 409, -108, -25, 0, 0, 0
L 409, -92, -25, 409, -93, -24, 0, 0, 0
L 411, -81, -25, 409, -92, -25, 0, 0, 0
L 412, -78, -25, 411, -81, -25, 0, 0, 0
L 416, -64, -25, 412, -78, -25, 0, 0, 0
L 423, -51, -25, 416, -64, -25, 0, 0, 0
L 424, -47, -25, 423, -51, -25, 0, 0, 0
L 425, -44, -25, 424, -47, -25, 0, 0, 0
L 425, -40, -25, 425, -44, -25, 0, 0, 0
L 426, -34, -25, 425, -40, -25, 0, 0, 0
L 426, -30, -25, 426, -34, -25, 0, 0, 0
L 427, -29, -24, 426, -30, -25, 0, 0, 0
L 427, -24, -24, 427, -29, -24, 0, 0, 0
L 428, -19, -23, 427, -24, -24, 0, 0, 0
L 428, -16, -22, 428, -19, -23, 0, 0, 0
L 429, -14, -21, 428, -16, -22, 0, 0, 0
L 422, -14, -25, 429, -14, -21, 0, 0, 0
L 394, -12, -24, 422, -14, -25, 0, 0, 0
L 384, -11, -22, 394, -12, -24, 0, 0, 0
L 383, -11, -22, 384, -11, -22, 0, 0, 0
L 382, -13, -25, 383, -11, -22, 0, 0, 0
L 381, -14, -25, 382, -13, -25, 0, 0, 0
L 381, -15, -25, 381, -14, -25, 0, 0, 0
L 379, -30, -25, 381, -15, -25, 0, 0, 0
L 377, -38, -25, 379, -30, -25, 0, 0, 0
L 372, -51, -25, 377, -38, -25, 0, 0, 0
L 369, -56, -25, 372, -51, -25, 0, 0, 0
L 368, -59, -25, 369, -56, -25, 0, 0, 0
L 348, -87, -25, 368, -59, -25, 0, 0, 0
L 345, -92, -25, 348, -87, -25, 0, 0, 0
L 344, -93, -25, 345, -92, -25, 0, 0, 0
L 340, -98, -25, 344, -93, -25, 0, 0, 0
L 338, -100, -25, 340, -98, -25, 0, 0, 0
L 325, -89, -25, 338, -100, -25, 0, 0, 0
L 320, -83, -25, 325, -89, -25, 0, 0, 0
L 320, -82, -25, 320, -83, -25, 0, 0, 0
L 322, -76, -25, 320, -82, -25, 0, 0, 0
L 324, -75, -25, 322, -76, -25, 0, 0, 0
L 325, -76, -25, 324, -75, -25, 0, 0, 0
L 327, -77, -25, 325, -76, -25, 0, 0, 0
L 331, -72, -25, 327, -77, -25, 0, 0, 0
L 240, 107, -26, 236, 110, -26, 0, 0, 0
L 243, 105, -26, 240, 107, -26, 0, 0, 0
L 244, 100, -26, 243, 105, -26, 0, 0, 0
L 244, 98, -26, 244, 100, -26, 0, 0, 0
L 243, 97, -26, 244, 98, -26, 0, 0, 0
L 244, 95, -26, 243, 97, -26, 0, 0, 0
L 244, 93, -26, 244, 95, -26, 0, 0, 0
L 242, 93, -26, 244, 93, -26, 0, 0, 0
L 241, 91, -26, 242, 93, -26, 0, 0, 0
L 239, 88, -26, 241, 91, -26, 0, 0, 0
L 238, 87, -26, 239, 88, -26, 0, 0, 0
L 238, 58, -26, 238, 87, -26, 0, 0, 0
L 243, 57, -26, 238, 58, -26, 0, 0, 0
L 253, 56, -29, 243, 57, -26, 0, 0, 0
L 254, 56, -29, 253, 56, -29, 0, 0, 0
L 261, 55, -32, 254, 56, -29, 0, 0, 0
L 262, 55, -33, 261, 55, -32, 0, 0, 0
L 268, 53, -31, 262, 55, -33, 0, 0, 0
L 270, 52, -31, 268, 53, -31, 0, 0, 0
L 271, 52, -30, 270, 52, -31, 0, 0, 0
L 275, 52, -30, 271, 52, -30, 0, 0, 0
L 277, 51, -28, 275, 52, -30, 0, 0, 0
L 286, 50, -26, 277, 51, -28, 0, 0, 0
L 364, 141, -25, 365, 143, -24, 0, 0, 0
L 363, 140, -25, 364, 141, -25, 0, 0, 0
L 361, 141, -25, 363, 140, -25, 0, 0, 0
L 358, 140, -25, 361, 141, -25, 0, 0, 0
L 356, 140, -25, 358, 140, -25, 0, 0, 0
L 356, 141, -25, 356, 140, -25, 0, 0, 0
L 355, 143, -25, 356, 141, -25, 0, 0, 0
L 353, 144, -25, 355, 143, -25, 0, 0, 0
L 353, 146, -24, 353, 144, -25, 0, 0, 0
L 352, 148, -25, 353, 146, -24, 0, 0, 0
L 352, 151, -25, 352, 148, -25, 0, 0, 0
L 352, 152, -26, 352, 151, -25, 0, 0, 0
L 353, 154, -26, 352, 152, -26, 0, 0, 0
L 358, 155, -24, 353, 154, -26, 0, 0, 0
L 361, 154, -23, 358, 155, -24, 0, 0, 0
L 366, 154, -20, 361, 154, -23, 0, 0, 0
L 367, 154, -20, 366, 154, -20, 0, 0, 0
L 368, 153, -18, 367, 154, -20, 0, 0, 0
L 369, 151, -18, 368, 153, -18, 0, 0, 0
L 370, 150, -18, 369, 151, -18, 0, 0, 0
L 370, 149, -19, 370, 150, -18, 0, 0, 0
L 357, 100, -25, 358, 99, -25, 0, 0, 0
L 356, 101, -26, 357, 100, -25, 0, 0, 0
L 355, 104, -26, 355, 102, -26, 0, 0, 0
L 356, 105, -26, 355, 104, -26, 0, 0, 0
L 356, 107, -26, 356, 105, -26, 0, 0, 0
L 358, 106, -26, 356, 107, -26, 0, 0, 0
L 360, 107, -26, 358, 106, -26, 0, 0, 0
L 361, 109, -26, 360, 107, -26, 0, 0, 0
L 362, 107, -26, 361, 109, -26, 0, 0, 0
L 363, 106, -26, 362, 107, -26, 0, 0, 0
L 365, 103, -26, 363, 106, -26, 0, 0, 0
L 366, 102, -26, 365, 103, -26, 0, 0, 0
L 366, 99, -26, 366, 102, -26, 0, 0, 0
L 364, 98, -26, 366, 99, -26, 0, 0, 0
L 363, 97, -25, 364, 98, -26, 0, 0, 0
L 361, 96, -25, 363, 97, -25, 0, 0, 0
L 359, 96, -25, 361, 96, -25, 0, 0, 0
L 359, 98, -26, 359, 96, -25, 0, 0, 0
L 358, 99, -25, 359, 98, -26, 0, 0, 0
L 378, 126, -25, 378, 127, -25, 0, 0, 0
L 377, 125, -26, 378, 126, -25, 0, 0, 0
L 377, 123, -26, 377, 125, -26, 0, 0, 0
L 372, 123, -26, 377, 123, -26, 0, 0, 0
L 370, 124, -26, 372, 123, -26, 0, 0, 0
L 371, 128, -25, 370, 124, -26, 0, 0, 0
L 367, 130, -25, 371, 128, -25, 0, 0, 0
L 366, 132, -25, 367, 130, -25, 0, 0, 0
L 365, 133, -25, 366, 132, -25, 0, 0, 0
L 364, 135, -25, 365, 133, -25, 0, 0, 0
L 364, 136, -25, 364, 135, -25, 0, 0, 0
L 365, 138, -25, 364, 136, -25, 0, 0, 0
L 366, 140, -24, 365, 138, -25, 0, 0, 0
L 367, 141, -24, 366, 140, -24, 0, 0, 0
L 368, 142, -25, 367, 141, -24, 0, 0, 0
L 368, 144, -25, 368, 142, -25, 0, 0, 0
L 374, 142, -25, 368, 144, -25, 0, 0, 0
L 376, 141, -25, 374, 142, -25, 0, 0, 0
L 377, 141, -25, 376, 141, -25, 0, 0, 0
L 377, 139, -25, 377, 141, -25, 0, 0, 0
L 376, 137, -25, 377, 139, -25, 0, 0, 0
L 377, 135, -25, 376, 137, -25, 0, 0, 0
L 377, 134, -25, 377, 135, -25, 0, 0, 0
L 378, 132, -25, 377, 134, -25, 0, 0, 0
L 379, 131, -25, 378, 132, -25, 0, 0, 0
L 379, 129, -25, 379, 131, -25, 0, 0, 0
L 381, 128, -25, 379, 129, -25, 0, 0, 0
L 378, 127, -25, 381, 128, -25, 0, 0, 0
L 403, 77, -26, 403, 81, -26, 0, 0, 0
L 402, 76, -26, 403, 77, -26, 0, 0, 0
L 402, 74, -26, 402, 76, -26, 0, 0, 0
L 398, 70, -26, 402, 74, -26, 0, 0, 0
L 397, 70, -26, 398, 70, -26, 0, 0, 0
L 396, 71, -25, 397, 70, -26, 0, 0, 0
L 395, 73, -25, 396, 71, -25, 0, 0, 0
L 395, 74, -25, 395, 73, -25, 0, 0, 0
L 394, 78, -26, 395, 74, -25, 0, 0, 0
L 394, 80, -26, 394, 78, -26, 0, 0, 0
L 395, 82, -26, 394, 80, -26, 0, 0, 0
L 396, 81, -26, 395, 82, -26, 0, 0, 0
L 398, 82, -26, 396, 81, -26, 0, 0, 0
L 399, 83, -26, 398, 82, -26, 0, 0, 0
L 400, 83, -26, 399, 83, -26, 0, 0, 0
L 400, 82, -26, 400, 83, -26, 0, 0, 0
L 403, 80, -26, 400, 82, -26, 0, 0, 0
L 395, 45, -26, 394, 43, -26, 0, 0, 0
L 395, 46, -26, 395, 45, -26, 0, 0, 0
L 397, 47, -26, 395, 46, -26, 0, 0, 0
L 399, 49, -26, 397, 47, -26, 0, 0, 0
L 401, 49, -26, 399, 49, -26, 0, 0, 0
L 404, 47, -25, 401, 49, -26, 0, 0, 0
L 405, 46, -25, 404, 47, -25, 0, 0, 0
L 406, 45, -26, 405, 46, -25, 0, 0, 0
L 409, 43, -26, 406, 45, -26, 0, 0, 0
L 409, 41, -26, 409, 43, -26, 0, 0, 0
L 404, 36, -26, 409, 41, -26, 0, 0, 0
L 402, 33, -26, 404, 36, -26, 0, 0, 0
L 397, 36, -25, 402, 33, -26, 0, 0, 0
L 396, 37, -25, 397, 36, -25, 0, 0, 0
L 394, 38, -26, 396, 37, -25, 0, 0, 0
L 394, 43, -26, 394, 38, -26, 0, 0, 0
L 303, 177, -25, 302, 177, -26, 0, 0, 0
L 306, 178, -25, 303, 177, -25, 0, 0, 0
L 308, 176, -25, 306, 178, -25, 0, 0, 0
L 309, 175, -26, 308, 176, -25, 0, 0, 0
L 309, 167, -26, 309, 175, -26, 0, 0, 0
L 308, 166, -26, 309, 167, -26, 0, 0, 0
L 307, 164, -26, 308, 166, -26, 0, 0, 0
L 306, 163, -26, 307, 164, -26, 0, 0, 0
L 298, 157, -26, 306, 163, -26, 0, 0, 0
L 296, 156, -26, 298, 157, -26, 0, 0, 0
L 294, 158, -26, 296, 156, -26, 0, 0, 0
L 292, 159, -26, 294, 158, -26, 0, 0, 0
L 291, 161, -26, 292, 159, -26, 0, 0, 0
L 290, 165, -26, 291, 161, -26, 0, 0, 0
L 290, 168, -26, 290, 165, -26, 0, 0, 0
L 292, 168, -26, 290, 168, -26, 0, 0, 0
L 293, 169, -26, 292, 168, -26, 0, 0, 0
L 296, 177, -26, 293, 169, -26, 0, 0, 0
L 298, 178, -26, 296, 177, -26, 0, 0, 0
L 299, 177, -26, 298, 178, -26, 0, 0, 0
L 301, 177, -26, 299, 177, -26, 0, 0, 0
L 303, 176, -25, 301, 177, -26, 0, 0, 0
L 304, 176, -25, 303, 176, -25, 0, 0, 0
L 419, 184, -26, 422, 181, -27, 0, 128, 255
L 408, 193, -28, 419, 184, -26, 0, 128, 255
L 406, 193, -28, 408, 193, -28, 0, 128, 255
L 396, 195, -28, 406, 193, -28, 0, 128, 255
L 388, 197, -25, 396, 195, -28, 0, 128, 255
L 385, 196, -25, 388, 197, -25, 0, 128, 255
L 384, 195, -26, 385, 196, -25, 0, 128, 255
L 381, 194, -26, 384, 195, -26, 0, 128, 255
L 379, 192, -27, 381, 194, -26, 0, 128, 255
L 369, 185, -26, 379, 192, -27, 0, 128, 255
L 362, 179, -25, 369, 185, -26, 0, 128, 255
L 354, 173, -28, 362, 179, -25, 0, 128, 255
L 352, 171, -28, 354, 173, -28, 0, 128, 255
L 352, 170, -28, 352, 171, -28, 0, 128, 255
L 358, 163, -29, 352, 170, -28, 0, 128, 255
L 360, 161, -29, 358, 163, -29, 0, 128, 255
L 362, 160, -29, 360, 161, -29, 0, 128, 255
L 368, 158, -29, 362, 160, -29, 0, 128, 255
L 375, 156, -30, 368, 158, -29, 0, 128, 255
L 377, 155, -30, 375, 156, -30, 0, 128, 255
L 376, 153, -29, 377, 155, -30, 0, 128, 255
L 377, 152, -29, 376, 153, -29, 0, 128, 255
L 377, 150, -28, 377, 152, -29, 0, 128, 255
L 378, 148, -28, 377, 150, -28, 0, 128, 255
L 379, 146, -27, 378, 148, -28, 0, 128, 255
L 383, 140, -27, 379, 146, -27, 0, 128, 255
L 391, 129, -28, 383, 140, -27, 0, 128, 255
L 392, 127, -28, 391, 129, -28, 0, 128, 255
L 394, 125, -28, 392, 127, -28, 0, 128, 255
L 396, 125, -28, 394, 125, -28, 0, 128, 255
L 397, 124, -28, 396, 125, -28, 0, 128, 255
L 403, 122, -26, 397, 124, -28, 0, 128, 255
L 405, 122, -26, 403, 122, -26, 0, 128, 255
L 407, 126, -25, 405, 122, -26, 0, 128, 255
L 408, 129, -25, 407, 126, -25, 0, 128, 255
L 412, 134, -25, 408, 129, -25, 0, 128, 255
L 423, 149, -27, 412, 134, -25, 0, 128, 255
L 424, 151, -27, 423, 149, -27, 0, 128, 255
L 425, 153, -26, 424, 151, -27, 0, 128, 255
L 425, 155, -26, 425, 153, -26, 0, 128, 255
L 427, 162, -27, 425, 155, -26, 0, 128, 255
L 427, 166, -25, 427, 162, -27, 0, 128, 255
L 428, 169, -25, 427, 166, -25, 0, 128, 255
L 428, 170, -25, 428, 169, -25, 0, 128, 255
L 424, 177, -26, 428, 170, -25, 0, 128, 255
L 420, 185, -26, 424, 177, -26, 0, 128, 255
L 338, -59, -25, 327, -75, -25, 0, 0, 0
L 349, -38, -25, 338, -59, -25, 0, 0, 0
L 351, -32, -25, 349, -38, -25, 0, 0, 0
L 357, 2, -25, 351, -32, -25, 0, 0, 0
L 357, 19, -25, 357, 2, -25, 0, 0, 0
L 350, 37, -25, 357, 19, -25, 0, 0, 0
L 346, 61, -25, 350, 37, -25, 0, 0, 0
L 345, 62, -25, 346, 61, -25, 0, 0, 0
L 345, 64, -24, 345, 62, -25, 0, 0, 0
L 344, 65, -24, 345, 64, -24, 0, 0, 0
L 344, 66, -24, 344, 65, -24, 0, 0, 0
L 343, 67, -24, 344, 66, -24, 0, 0, 0
L 342, 69, -24, 343, 67, -24, 0, 0, 0
L 338, 73, -25, 342, 69, -24, 0, 0, 0
L 333, 78, -25, 338, 73, -25, 0, 0, 0
L 322, 82, -25, 333, 78, -25, 0, 0, 0
L 323, 84, -25, 322, 82, -25, 0, 0, 0
L 324, 85, -24, 323, 84, -25, 0, 0, 0
L 329, 90, -25, 324, 85, -24, 0, 0, 0
L 334, 95, -25, 329, 90, -25, 0, 0, 0
L 340, 104, -25, 334, 95, -25, 0, 0, 0
L 341, 103, -25, 340, 104, -25, 0, 0, 0
L 343, 103, -25, 341, 103, -25, 0, 0, 0
L 345, 100, -25, 343, 103, -25, 0, 0, 0
L 349, 98, -25, 345, 100, -25, 0, 0, 0
L 349, 96, -25, 349, 98, -25, 0, 0, 0
L 347, 94, -25, 349, 96, -25, 0, 0, 0
L 351, 88, -24, 347, 94, -25, 0, 0, 0
L 358, 77, -24, 351, 88, -24, 0, 0, 0
L 370, 61, -25, 358, 77, -24, 0, 0, 0
L 372, 59, -24, 370, 61, -25, 0, 0, 0
L 373, 56, -23, 372, 59, -24, 0, 0, 0
L 374, 52, -22, 373, 56, -23, 0, 0, 0
L 378, 43, -24, 374, 52, -22, 0, 0, 0
L 380, 38, -24, 378, 43, -24, 0, 0, 0
L 380, 36, -24, 380, 38, -24, 0, 0, 0
L 380, 33, -23, 380, 36, -24, 0, 0, 0
L 381, 32, -22, 380, 33, -23, 0, 0, 0
L 381, 20, -21, 381, 32, -22, 0, 0, 0
L 381, 19, -21, 381, 20, -21, 0, 0, 0
L 382, 17, -24, 381, 19, -21, 0, 0, 0
L 385, 16, -24, 382, 17, -24, 0, 0, 0
L 386, 16, -24, 385, 16, -24, 0, 0, 0
L 390, 15, -23, 386, 16, -24, 0, 0, 0
L 393, 15, -22, 390, 15, -23, 0, 0, 0
L 394, 14, -22, 393, 15, -22, 0, 0, 0
L 425, 14, -22, 394, 14, -22, 0, 0, 0
L 426, 15, -24, 425, 14, -22, 0, 0, 0
L 427, 16, -25, 426, 15, -24, 0, 0, 0
L 429, 19, -25, 427, 16, -25, 0, 0, 0
L 429, 20, -25, 429, 19, -25, 0, 0, 0
L 430, 21, -25, 429, 20, -25, 0, 0, 0
L 430, 24, -25, 430, 21, -25, 0, 0, 0
L 431, 27, -25, 430, 24, -25, 0, 0, 0
L 431, 38, -24, 431, 27, -25, 0, 0, 0
L 431, 40, -24, 431, 38, -24, 0, 0, 0
L 430, 45, -25, 431, 40, -24, 0, 0, 0
L 430, 49, -25, 430, 45, -25, 0, 0, 0
L 429, 50, -25, 430, 49, -25, 0, 0, 0
L 423, 66, -25, 429, 50, -25, 0, 0, 0
L 420, 76, -23, 423, 66, -25, 0, 0, 0
L 418, 80, -24, 420, 76, -23, 0, 0, 0
L 417, 82, -24, 418, 80, -24, 0, 0, 0
L 414, 95, -24, 417, 82, -24, 0, 0, 0
L 413, 103, -23, 414, 95, -24, 0, 0, 0
L 413, 104, -23, 413, 103, -23, 0, 0, 0
L 414, 107, -24, 413, 104, -23, 0, 0, 0
L 414, 109, -23, 414, 107, -24, 0, 0, 0
L 416, 117, -24, 414, 109, -23, 0, 0, 0
L 416, 118, -24, 416, 117, -24, 0, 0, 0
L 416, 121, -25, 416, 118, -24, 0, 0, 0
L 417, 122, -25, 416, 121, -25, 0, 0, 0
L 418, 123, -23, 417, 122, -25, 0, 0, 0
L 420, 124, -23, 418, 123, -23, 0, 0, 0
L 421, 127, -24, 420, 124, -23, 0, 0, 0
L 422, 128, -25, 421, 127, -24, 0, 0, 0
L 423, 131, -25, 422, 128, -25, 0, 0, 0
L 431, 140, -25, 423, 131, -25, 0, 0, 0
L 431, 141, -25, 431, 140, -25, 0, 0, 0
L 432, 142, -25, 431, 141, -25, 0, 0, 0
L 437, 154, -25, 432, 142, -25, 0, 0, 0
L 437, 157, -25, 437, 154, -25, 0, 0, 0
L 438, 176, -25, 437, 157, -25, 0, 0, 0
L 437, 177, -25, 438, 176, -25, 0, 0, 0
L 437, 179, -25, 437, 177, -25, 0, 0, 0
L 436, 181, -25, 437, 179, -25, 0, 0, 0
L 436, 182, -25, 436, 181, -25, 0, 0, 0
L 434, 184, -25, 436, 182, -25, 0, 0, 0
L 428, 192, -25, 434, 184, -25, 0, 0, 0
L 427, 193, -25, 428, 192, -25, 0, 0, 0
L 426, 194, -24, 427, 193, -25, 0, 0, 0
L 420, 203, -23, 426, 194, -24, 0, 0, 0
L 419, 204, -23, 420, 203, -23, 0, 0, 0
L 413, 206, -24, 419, 204, -23, 0, 0, 0
L 403, 209, -24, 413, 206, -24, 0, 0, 0
L 400, 209, -25, 403, 209, -24, 0, 0, 0
L 389, 209, -25, 400, 209, -25, 0, 0, 0
L 379, 205, -25, 389, 209, -25, 0, 0, 0
L 376, 204, -25, 379, 205, -25, 0, 0, 0
L 372, 202, -25, 376, 204, -25, 0, 0, 0
L 359, 192, -21, 372, 202, -25, 0, 0, 0
L 358, 191, -21, 359, 192, -21, 0, 0, 0
L 355, 190, -22, 358, 191, -21, 0, 0, 0
L 354, 189, -22, 355, 190, -22, 0, 0, 0
L 352, 189, -22, 354, 189, -22, 0, 0, 0
L 350, 188, -23, 352, 189, -22, 0, 0, 0
L 341, 184, -25, 350, 188, -23, 0, 0, 0
L 339, 183, -25, 341, 184, -25, 0, 0, 0
L 336, 182, -24, 339, 183, -25, 0, 0, 0
L 327, 183, -23, 336, 182, -24, 0, 0, 0
L 318, 185, -25, 327, 183, -23, 0, 0, 0
L 316, 185, -25, 318, 185, -25, 0, 0, 0
L 311, 186, -25, 316, 185, -25, 0, 0, 0
L 301, 189, -25, 311, 186, -25, 0, 0, 0
L 297, 191, -25, 301, 189, -25, 0, 0, 0
L 288, 197, -25, 297, 191, -25, 0, 0, 0
L 286, 197, -25, 288, 197, -25, 0, 0, 0
L 285, 198, -25, 286, 197, -25, 0, 0, 0
L 284, 198, -25, 285, 198, -25, 0, 0, 0
L 275, 199, -25, 284, 198, -25, 0, 0, 0
L 271, 199, -25, 275, 199, -25, 0, 0, 0
L 251, 203, -21, 271, 199, -25, 0, 0, 0
L 249, 203, -21, 251, 203, -21, 0, 0, 0
L 247, 202, -24, 249, 203, -21, 0, 0, 0
L 247, 200, -24, 247, 202, -24, 0, 0, 0
L 246, 199, -24, 247, 200, -24, 0, 0, 0
L 246, 198, -24, 246, 199, -24, 0, 0, 0
L 245, 195, -23, 246, 198, -24, 0, 0, 0
L 245, 194, -22, 245, 195, -23, 0, 0, 0
L 244, 154, -21, 245, 194, -22, 0, 0, 0
L 244, 152, -23, 244, 154, -21, 0, 0, 0
L 246, 152, -22, 244, 152, -23, 0, 0, 0
L 247, 151, -22, 246, 152, -22, 0, 0, 0
L 257, 151, -23, 247, 151, -22, 0, 0, 0
L 259, 151, -23, 257, 151, -23, 0, 0, 0
L 261, 151, -24, 259, 151, -23, 0, 0, 0
L 262, 151, -24, 261, 151, -24, 0, 0, 0
L 280, 146, -24, 262, 151, -24, 0, 0, 0
L 284, 144, -24, 280, 146, -24, 0, 0, 0
L 285, 144, -24, 284, 144, -24, 0, 0, 0
L 290, 141, -25, 285, 144, -24, 0, 0, 0
L 316, 123, -25, 290, 141, -25, 0, 0, 0
L 322, 120, -25, 316, 123, -25, 0, 0, 0
L 331, 116, -25, 322, 120, -25, 0, 0, 0
L 333, 112, -25, 331, 116, -25, 0, 0, 0
L 335, 110, -25, 333, 112, -25, 0, 0, 0
L 332, 108, -25, 335, 110, -25, 0, 0, 0
L 330, 109, -25, 332, 108, -25, 0, 0, 0
L 316, 93, -25, 330, 109, -25, 0, 0, 0
L 5, -20, -22, 14, -23, -22, 0, 0, 0
L -2, -20, -22, 5, -20, -22, 0, 0, 0
L -3, -19, -24, -2, -20, -22, 0, 0, 0
L -5, -19, -24, -3, -19, -24, 0, 0, 0
L -6, -18, -25, -5, -19, -24, 0, 0, 0
L -4, -6, -25, -6, -18, -25, 0, 0, 0
L -14, -6, -25, -4, -6, -25, 0, 0, 0
L -15, -4, -25, -14, -6, -25, 0, 0, 0
L -14, 4, -25, -15, -4, -25, 0, 0, 0
L -8, 5, -25, -14, 4, -25, 0, 0, 0
L -7, 5, -25, -8, 5, -25, 0, 0, 0
L -6, 13, -25, -7, 5, -25, 0, 0, 0
L 40, 136, -25, 32, 147, -25, 0, 0, 0
L 32, 147, -25, 30, 149, -25, 0, 0, 0
L 30, 149, -25, 29, 152, -25, 0, 0, 0
L 29, 152, -25, 25, 166, -25, 0, 0, 0
L 25, 166, -25, 25, 175, -25, 0, 0, 0
L 25, 175, -25, 30, 189, -25, 0, 0, 0
L 30, 189, -25, 32, 191, -25, 0, 0, 0
L 32, 191, -25, 32, 192, -25, 0, 0, 0
L 32, 192, -25, 34, 197, -23, 0, 0, 0
L 34, 197, -23, 35, 198, -24, 0, 0, 0
L 35, 198, -24, 43, 206, -24, 0, 0, 0
L 43, 206, -24, 45, 206, -25, 0, 0, 0
L 45, 206, -25, 45, 207, -25, 0, 0, 0
L 45, 207, -25, 48, 209, -25, 0, 0, 0
L 48, 209, -25, 49, 210, -24, 0, 0, 0
L 49, 210, -24, 52, 212, -22, 0, 0, 0
L 52, 212, -22, 53, 212, -22, 0, 0, 0
L 53, 212, -22, 55, 213, -22, 0, 0, 0
L 55, 213, -22, 65, 215, -22, 0, 0, 0
L 65, 215, -22, 66, 216, -22, 0, 0, 0
L 66, 216, -22, 69, 216, -22, 0, 0, 0
L 69, 216, -22, 73, 215, -22, 0, 0, 0
L 75, 215, -22, 84, 211, -25, 0, 0, 0
L 84, 211, -25, 101, 198, -25, 0, 0, 0
L 101, 198, -25, 109, 193, -24, 0, 0, 0
L 109, 193, -24, 111, 192, -24, 0, 0, 0
L 111, 192, -24, 122, 189, -24, 0, 0, 0
L 122, 189, -24, 124, 189, -24, 0, 0, 0
L 124, 189, -24, 127, 188, -23, 0, 0, 0
L 127, 188, -23, 134, 187, -22, 0, 0, 0
L 134, 187, -22, 136, 188, -22, 0, 0, 0
L 136, 188, -22, 145, 190, -23, 0, 0, 0
L 145, 190, -23, 147, 191, -23, 0, 0, 0
L 147, 191, -23, 149, 191, -23, 0, 0, 0
L 149, 191, -23, 159, 195, -22, 0, 0, 0
L 159, 195, -22, 168, 198, -24, 0, 0, 0
L 168, 198, -24, 177, 202, -25, 0, 0, 0
L 177, 202, -25, 181, 203, -25, 0, 0, 0
L 181, 203, -25, 183, 203, -25, 0, 0, 0
L 183, 203, -25, 187, 204, -25, 0, 0, 0
L 187, 204, -25, 201, 205, -25, 0, 0, 0
L 201, 205, -25, 211, 204, -25, 0, 0, 0
L 211, 204, -25, 214, 203, -25, 0, 0, 0
L 214, 203, -25, 215, 203, -25, 0, 0, 0
L 215, 203, -25, 217, 202, -25, 0, 0, 0
L 217, 202, -25, 218, 200, -24, 0, 0, 0
L 218, 200, -24, 217, 164, -25, 0, 0, 0
L 217, 164, -25, 216, 157, -25, 0, 0, 0
L 216, 157, -25, 216, 155, -24, 0, 0, 0
L 216, 155, -24, 214, 155, -21, 0, 0, 0
L 214, 155, -21, 204, 155, -22, 0, 0, 0
L 204, 155, -22, 203, 154, -22, 0, 0, 0
L 203, 154, -22, 197, 153, -22, 0, 0, 0
L 197, 153, -22, 195, 152, -22, 0, 0, 0
L 195, 152, -22, 187, 150, -21, 0, 0, 0
L 187, 150, -21, 181, 148, -22, 0, 0, 0
L 181, 148, -22, 177, 145, -22, 0, 0, 0
L 177, 145, -22, 151, 127, -22, 0, 0, 0
L 59, 161, -26, 62, 166, -26, 0, 0, 0
L 62, 166, -26, 63, 167, -26, 0, 0, 0
L 63, 167, -26, 64, 169, -26, 0, 0, 0
L 64, 169, -26, 65, 173, -26, 0, 0, 0
L 65, 173, -26, 64, 175, -26, 0, 0, 0
L 64, 175, -26, 63, 176, -23, 0, 0, 0
L 63, 176, -23, 59, 180, -26, 0, 0, 0
L 59, 180, -26, 54, 178, -26, 0, 0, 0
L 54, 178, -26, 52, 175, -26, 0, 0, 0
L 52, 175, -26, 52, 173, -26, 0, 0, 0
L 52, 173, -26, 52, 169, -25, 0, 0, 0
L 52, 169, -25, 53, 168, -25, 0, 0, 0
L 53, 168, -25, 55, 166, -26, 0, 0, 0
L 55, 166, -26, 56, 164, -25, 0, 0, 0
L 56, 164, -25, 57, 164, -26, 0, 0, 0
L 169, 162, -26, 173, 162, -26, 0, 0, 0
L 173, 162, -26, 175, 161, -26, 0, 0, 0
L 175, 161, -26, 185, 168, -26, 0, 0, 0
L 185, 168, -26, 187, 167, -26, 0, 0, 0
L 187, 167, -26, 188, 168, -26, 0, 0, 0
L 188, 168, -26, 190, 169, -26, 0, 0, 0
L 190, 169, -26, 191, 170, -26, 0, 0, 0
L 191, 170, -26, 193, 171, -26, 0, 0, 0
L 193, 171, -26, 192, 173, -26, 0, 0, 0
L 192, 173, -26, 193, 176, -26, 0, 0, 0
L 193, 176, -26, 193, 177, -26, 0, 0, 0
L 193, 177, -26, 190, 179, -26, 0, 0, 0
L 190, 179, -26, 186, 182, -26, 0, 0, 0
L 186, 182, -26, 186, 183, -26, 0, 0, 0
L 186, 183, -26, 184, 184, -26, 0, 0, 0
L 184, 184, -26, 183, 184, -26, 0, 0, 0
L 183, 184, -26, 181, 185, -26, 0, 0, 0
L 181, 185, -26, 180, 185, -26, 0, 0, 0
L 180, 185, -26, 174, 182, -26, 0, 0, 0
L 174, 182, -26, 173, 180, -26, 0, 0, 0
L 173, 180, -26, 172, 179, -26, 0, 0, 0
L 172, 179, -26, 170, 168, -26, 0, 0, 0
L 170, 168, -26, 169, 167, -26, 0, 0, 0
L 169, 167, -26, 169, 165, -26, 0, 0, 0
L 169, 165, -26, 170, 162, -26, 0, 0, 0
L 97, 173, -26, 103, 171, -26, 0, 0, 0
L 103, 171, -26, 104, 170, -25, 0, 0, 0
L 104, 170, -25, 105, 168, -26, 0, 0, 0
L 105, 168, -26, 107, 168, -26, 0, 0, 0
L 107, 168, -26, 110, 171, -26, 0, 0, 0
L 110, 171, -26, 111, 173, -24, 0, 0, 0
L 111, 173, -24, 112, 174, -25, 0, 0, 0
L 112, 174, -25, 114, 175, -26, 0, 0, 0
L 114, 175, -26, 115, 176, -26, 0, 0, 0
L 115, 176, -26, 114, 178, -26, 0, 0, 0
L 114, 178, -26, 114, 180, -25, 0, 0, 0
L 114, 180, -25, 114, 185, -25, 0, 0, 0
L 114, 185, -25, 103, 183, -25, 0, 0, 0
L 103, 183, -25, 95, 179, -26, 0, 0, 0
L 95, 179, -26, 98, 171, -26, 0, 0, 0
L 50, 54, -25, 38, 62, -25, 0, 0, 0
L 38, 62, -25, 43, 71, -25, 0, 0, 0
L 43, 71, -25, 44, 75, -25, 0, 0, 0
L 44, 75, -25, 52, 99, -25, 0, 0, 0
L 52, 99, -25, 52, 109, -25, 0, 0, 0
L 52, 109, -25, 49, 120, -25, 0, 0, 0
L 49, 120, -25, 49, 123, -25, 0, 0, 0
L 49, 123, -25, 47, 127, -25, 0, 0, 0
L 47, 127, -25, 45, 128, -24, 0, 0, 0
L 40, 135, -25, 40, 136, -25, 0, 0, 0
L 65, 101, -26, 63, 96, -26, 0, 0, 0
L 63, 96, -26, 63, 94, -24, 0, 0, 0
L 63, 94, -24, 62, 93, -24, 0, 0, 0
L 62, 93, -24, 62, 91, -25, 0, 0, 0
L 62, 91, -25, 63, 90, -25, 0, 0, 0
L 63, 90, -25, 64, 88, -26, 0, 0, 0
L 64, 88, -26, 64, 87, -26, 0, 0, 0
L 64, 87, -26, 68, 85, -26, 0, 0, 0
L 68, 85, -26, 71, 85, -26, 0, 0, 0
L 71, 85, -26, 72, 86, -26, 0, 0, 0
L 72, 86, -26, 75, 87, -26, 0, 0, 0
L 75, 87, -26, 77, 93, -26, 0, 0, 0
L 77, 93, -26, 76, 95, -26, 0, 0, 0
L 76, 95, -26, 76, 98, -26, 0, 0, 0
L 76, 98, -26, 75, 102, -26, 0, 0, 0
L 75, 102, -26, 75, 104, -26, 0, 0, 0
L 75, 104, -26, 72, 107, -26, 0, 0, 0
L 72, 107, -26, 70, 107, -26, 0, 0, 0
L 70, 107, -26, 67, 104, -26, 0, 0, 0
L 67, 104, -26, 64, 99, -26, 0, 0, 0
L 80, 124, -26, 89, 121, -26, 0, 0, 0
L 89, 121, -26, 91, 120, -26, 0, 0, 0
L 91, 120, -26, 99, 119, -26, 0, 0, 0
L 99, 119, -26, 100, 118, -26, 0, 0, 0
L 100, 118, -26, 102, 117, -26, 0, 0, 0
L 102, 117, -26, 103, 119, -26, 0, 0, 0
L 103, 119, -26, 103, 120, -25, 0, 0, 0
L 103, 120, -25, 103, 123, -26, 0, 0, 0
L 103, 123, -26, 95, 143, -26, 0, 0, 0
L 95, 143, -26, 92, 148, -26, 0, 0, 0
L 92, 148, -26, 92, 150, -26, 0, 0, 0
L 92, 150, -26, 91, 151, -26, 0, 0, 0
L 91, 151, -26, 88, 151, -26, 0, 0, 0
L 88, 151, -26, 79, 147, -24, 0, 0, 0
L 79, 147, -24, 77, 147, -25, 0, 0, 0
L 77, 147, -25, 76, 146, -26, 0, 0, 0
L 76, 146, -26, 78, 124, -26, 0, 0, 0
L 78, 124, -26, 84, 123, -26, 0, 0, 0
L 139, 162, -26, 153, 157, -26, 0, 0, 0
L 153, 157, -26, 159, 166, -26, 0, 0, 0
L 159, 166, -26, 160, 168, -26, 0, 0, 0
L 160, 168, -26, 158, 169, -24, 0, 0, 0
L 158, 169, -24, 154, 171, -26, 0, 0, 0
L 154, 171, -26, 155, 173, -26, 0, 0, 0
L 155, 173, -26, 153, 175, -26, 0, 0, 0
L 153, 175, -26, 145, 179, -25, 0, 0, 0
L 145, 179, -25, 143, 180, -25, 0, 0, 0
L 143, 180, -25, 142, 181, -25, 0, 0, 0
L 142, 181, -25, 136, 174, -25, 0, 0, 0
L 136, 174, -25, 135, 173, -25, 0, 0, 0
L 135, 173, -25, 133, 173, -26, 0, 0, 0
L 133, 173, -26, 131, 173, -26, 0, 0, 0
L 131, 173, -26, 131, 170, -26, 0, 0, 0
L 131, 170, -26, 134, 165, -26, 0, 0, 0
L 134, 165, -26, 135, 164, -26, 0, 0, 0
L 135, 164, -26, 136, 162, -26, 0, 0, 0
L 136, 162, -26, 140, 160, -26, 0, 0, 0
L 115, 98, -25, 91, 61, -25, 0, 0, 0
L 91, 61, -25, 89, 57, -24, 0, 0, 0
L 89, 57, -24, 87, 55, -24, 0, 0, 0
L 87, 55, -24, 85, 46, -24, 0, 0, 0
L 85, 46, -24, 83, 46, -24, 0, 0, 0
L 83, 46, -24, 82, 46, -25, 0, 0, 0
L 82, 46, -25, 82, 48, -25, 0, 0, 0
L 82, 48, -25, 80, 49, -25, 0, 0, 0
L 80, 49, -25, 73, 51, -25, 0, 0, 0
L 73, 51, -25, 72, 45, -25, 0, 0, 0
L 72, 45, -25, 68, 30, -25, 0, 0, 0
L 68, 30, -25, 67, 28, -25, 0, 0, 0
L 67, 28, -25, 67, 24, -25, 0, 0, 0
L 67, 24, -25, 69, 24, -25, 0, 0, 0
L 69, 24, -25, 79, 24, -24, 0, 0, 0
L 79, 24, -24, 80, 24, -24, 0, 0, 0
L 50, 55, -25, 55, 55, -25, 0, 0, 0
L 55, 55, -25, 61, 54, -25, 0, 0, 0
L 61, 54, -25, 61, 52, -24, 0, 0, 0
L 61, 52, -24, 61, 49, -24, 0, 0, 0
L 61, 49, -24, 59, 45, -25, 0, 0, 0
L 59, 45, -25, 56, 33, -25, 0, 0, 0
L 56, 33, -25, 56, 31, -25, 0, 0, 0
L 56, 31, -25, 54, 27, -25, 0, 0, 0
L 54, 27, -25, 52, 27, -25, 0, 0, 0
L 52, 27, -25, 50, 28, -25, 0, 0, 0
L 50, 28, -25, 31, 38, -22, 0, 0, 0
L 31, 38, -22, 30, 36, -22, 0, 0, 0
L 30, 36, -22, 28, 26, -23, 0, 0, 0
L 28, 26, -23, 27, 25, -23, 0, 0, 0
L 27, 25, -23, 25, 23, -25, 0, 0, 0
L 25, 23, -25, 11, 19, -25, 0, 0, 0
L 11, 19, -25, 6, 18, -25, 0, 0, 0
L 6, 18, -25, 3, 18, -25, 0, 0, 0
L 3, 18, -25, -7, 18, -24, 0, 0, 0
L -7, 18, -24, -12, 18, -21, 0, 0, 0
L -12, 18, -21, -12, 17, -22, 0, 0, 0
L -12, 17, -22, -11, 15, -23, 0, 0, 0
L -11, 15, -23, -10, 15, -24, 0, 0, 0
L -10, 15, -24, -9, 15, -24, 0, 0, 0
L -9, 15, -24, -6, 14, -25, 0, 0, 0
L -6, 14, -25, -6, 11, -25, 0, 0, 0
L 80, -24, -22, 77, -16, -23, 0, 0, 0
L 77, -16, -23, 76, -12, -23, 0, 0, 0
L 76, -12, -23, 76, -11, -24, 0, 0, 0
L 76, -11, -24, 75, -4, -25, 0, 0, 0
L 75, -4, -25, 75, 12, -25, 0, 0, 0
L 75, 12, -25, 76, 15, -24, 0, 0, 0
L 76, 15, -24, 78, 23, -24, 0, 0, 0
L 78, 23, -24, 79, 26, -25, 0, 0, 0
L 79, 26, -25, 77, 26, -24, 0, 0, 0
L 77, 26, -24, 75, 25, -25, 0, 0, 0
L 75, 25, -25, 75, 23, -25, 0, 0, 0
L 75, 23, -25, 70, 24, -25, 0, 0, 0
L 134, 96, -25, 126, 103, -25, 0, 0, 0
L 126, 103, -25, 123, 106, -25, 0, 0, 0
L 123, 106, -25, 121, 106, -25, 0, 0, 0
L 121, 106, -25, 120, 105, -25, 0, 0, 0
L 120, 105, -25, 116, 102, -25, 0, 0, 0
L 116, 102, -25, 114, 98, -25, 0, 0, 0
L 142, 103, -25, 132, 114, -25, 0, 0, 0
L 132, 114, -25, 131, 114, -25, 0, 0, 0
L 131, 114, -25, 130, 116, -25, 0, 0, 0
L 130, 116, -25, 132, 117, -25, 0, 0, 0
L 132, 117, -25, 131, 119, -25, 0, 0, 0
L 131, 119, -25, 132, 120, -25, 0, 0, 0
L 132, 120, -25, 143, 123, -25, 0, 0, 0
L 144, 124, -25, 154, 129, -23, 0, 0, 0
L 142, 104, -25, 146, 101, -24, 0, 0, 0
L 146, 101, -24, 147, 99, -25, 0, 0, 0
L 147, 99, -25, 147, 97, -25, 0, 0, 0
L 147, 97, -25, 149, 97, -25, 0, 0, 0
L 149, 97, -25, 150, 99, -25, 0, 0, 0
L 150, 99, -25, 151, 99, -25, 0, 0, 0
L 151, 99, -25, 156, 106, -25, 0, 0, 0
L 156, 106, -25, 165, 114, -25, 0, 0, 0
L 165, 114, -25, 172, 119, -25, 0, 0, 0
L 172, 119, -25, 176, 121, -25, 0, 0, 0
L 176, 121, -25, 179, 122, -25, 0, 0, 0
L 179, 122, -25, 187, 124, -25, 0, 0, 0
L 187, 124, -25, 200, 129, -25, 0, 0, 0
L 200, 129, -25, 203, 130, -25, 0, 0, 0
L 203, 130, -25, 207, 131, -25, 0, 0, 0
L 207, 131, -25, 210, 132, -25, 0, 0, 0
L 210, 132, -25, 215, 132, -25, 0, 0, 0
L 215, 132, -25, 220, 133, -25, 0, 0, 0
L 220, 133, -25, 243, 133, -25, 0, 0, 0
L 243, 133, -25, 256, 130, -25, 0, 0, 0
L 256, 130, -25, 263, 128, -25, 0, 0, 0
L 263, 128, -25, 283, 119, -25, 0, 0, 0
L 283, 119, -25, 287, 117, -25, 0, 0, 0
L 287, 117, -25, 293, 113, -25, 0, 0, 0
L 293, 113, -25, 300, 109, -25, 0, 0, 0
L 300, 109, -25, 308, 102, -25, 0, 0, 0
L 308, 102, -25, 307, 100, -25, 0, 0, 0
L 307, 100, -25, 309, 99, -25, 0, 0, 0
L 309, 99, -25, 310, 96, -25, 0, 0, 0
L 238, 111, -26, 236, 111, -26, 0, 0, 0
L 236, 111, -26, 235, 112, -26, 0, 0, 0
L 235, 112, -26, 232, 112, -26, 0, 0, 0
L 232, 112, -26, 231, 114, -26, 0, 0, 0
L 231, 114, -26, 230, 114, -26, 0, 0, 0
L 230, 114, -26, 228, 113, -26, 0, 0, 0
L 228, 113, -26, 227, 112, -26, 0, 0, 0
L 227, 112, -26, 225, 112, -26, 0, 0, 0
L 225, 112, -26, 223, 113, -26, 0, 0, 0
L 223, 113, -26, 219, 106, -26, 0, 0, 0
L 219, 106, -26, 218, 105, -26, 0, 0, 0
L 218, 105, -26, 216, 104, -26, 0, 0, 0
L 216, 104, -26, 216, 103, -26, 0, 0, 0
L 216, 103, -26, 215, 101, -26, 0, 0, 0
L 215, 101, -26, 215, 98, -26, 0, 0, 0
L 215, 98, -26, 216, 96, -26, 0, 0, 0
L 216, 96, -26, 215, 95, -26, 0, 0, 0
L 215, 95, -26, 216, 93, -26, 0, 0, 0
L 216, 93, -26, 220, 89, -26, 0, 0, 0
L 220, 89, -26, 222, 85, -26, 0, 0, 0
L 222, 85, -26, 222, 81, -26, 0, 0, 0
L 222, 81, -26, 221, 82, -26, 0, 0, 0
L 221, 82, -26, 220, 82, -26, 0, 0, 0
L 220, 82, -26, 205, 89, -26, 0, 0, 0
L 205, 89, -26, 190, 90, -27, 0, 0, 0
L 190, 90, -27, 188, 90, -27, 0, 0, 0
L 188, 90, -27, 158, 93, -26, 0, 0, 0
L 158, 93, -26, 156, 92, -26, 0, 0, 0
L 156, 92, -26, 155, 91, -26, 0, 0, 0
L 155, 91, -26, 149, 87, -25, 0, 0, 0
L 40, 135, 0, 46, 128, 0, 0, 0, 0
L 83, -91, 0, 83, -90, 0, 0, 0, 0
L 146, -154, 0, 146, -155, 0, 0, 0, 0
L 56, 164, 0, 59, 161, 0, 0, 0, 0
L 134, 96, 0, 139, 90, 0, 0, 0, 0
L 114, 98, 0, 112, 93, 0, 0, 0, 0
L 310, 96, 0, 316, 93, 0, 0, 0, 0
L 355, 102, 0, 356, 101, 0, 0, 0, 0
L 365, 143, 0, 370, 145, 0, 0, 0, 0
L 370, 149, 0, 370, 145, 0, 0, 0, 0
L 143, 123, 0, 144, 124, 0, 0, 0, 0
L 84, -172, 0, 84, -173, 0, 0, 0, 0
