P -1490.0000, 1705.0000, -108.0000,  0, 0, 0,  3,  hate's_Fury
P -378.0000, 640.0000, -27.0000,  0, 0, 0,  1,  Gunthak
P 638.0000, 1242.0000, -44.0000,  0, 0, 0,  2,  Illusory_wall
P 442.0000, 80.0000, 22.0000,  0, 0, 0,  3,  Mechanical_Trapdoor
P -405.0000, -275.0000, 4.0000,  240, 240, 0,  3,  Safe_Spot
P -147.0000, 1054.0000, 4.0000,  0, 0, 0,  3,  Nautilus_room
P 1340.0000, 70.0000, 4.0000,  0, 0, 0,  3,  Evac/Succor_Point
P 174.0000, 233.0000, 4.0000,  0, 0, 0,  3,  Iron_Maiden_Room
P 180.0000, 543.0000, 12.0000,  0, 0, 0,  3,  Vase_Room
P -199.0000, -102.0000, -14.0000,  0, 0, 0,  3,  Campfire
P -163.0000, 287.0000, 4.0000,  0, 0, 0,  3,  Courtyard
P 236.0000, 1358.0000, 0.0000,  0, 0, 0,  3,  Picture_Room
P 620.0000, 1157.0000, -44.0000,  0, 0, 0,  3,  Sanctuary
P 536.0000, 376.0000, 26.0000,  0, 0, 0,  3,  Altar
P -379.0000, 1080.0000, 22.0000,  0, 0, 0,  3,  Sand_Room
P 632.0000, 1345.0000, -44.0000,  0, 0, 0,  3,  Gunthak
P 1585.0000, -5.0000, 4.0000,  0, 0, 0,  3,  Torgiran_mines
P -385.5542, 1124.6021, 10.1723,  0, 127, 0,  3,  Safe_Spot
P -1902.2119, 468.2987, -168.8247,  240, 240, 0,  3,  a_Shady_Merchant_(Quests)
P -1419.1277, 1320.0471, -140.9979,  240, 240, 0,  3,  A_Shady_Smuggler_(Quests)
P 181.4636, 1375.3347, 0.0020,  240, 0, 0,  3,  Elder_Shaman_Elgruk
P 536.0000, 395.0000, 23.0000,  240, 0, 0,  3,  Spiritseeker_Nadox
P -1531.9739, 1701.6421, -107.5222,  240, 240, 240,  3,  Hate's_Fury
P 643.0367, 1250.4739, -43.9980,  0, 127, 0,  3,  False_wall
P 613.1646, 1347.0044, -43.9980,  240, 240, 240,  3,  Gulf_of_Gunthak
P 472.0729, 99.5783, 38.1276,  0, 127, 0,  3,  Mechanical_Trapdoor
P -160.9347, 1023.0359, 10.0321,  0, 127, 0,  3,  Nautilus_room
P -414.0000, 627.0000, -40.0000,  240, 240, 240,  3,  Gulf_of_Gunthak
P 1125.9550, 83.1427, 7.1010,  0, 127, 0,  3,  Illusion_safe_to_walk_on
