L 968, -36, 288, 979, -66, 288, 0, 127, 127
L 961, -34, 288, 968, -36, 288, 0, 127, 127
L 954, -25, 288, 961, -34, 288, 0, 127, 127
L 911, -28, 288, 954, -25, 288, 0, 127, 127
L 912, -69, 288, 911, -28, 288, 0, 127, 127
L 979, -66, 288, 912, -69, 288, 0, 127, 127
L 991, -128, 282, 976, -100, 286, 0, 127, 127
L 1102, -224, 284, 1101, -208, 286, 0, 127, 127
L 1102, -158, 280, 1101, -175, 292, 0, 127, 127
L 1127, -177, 287, 1101, -175, 284, 0, 127, 127
L 1131, -179, 286, 1127, -177, 287, 0, 127, 127
L 1226, -175, 288, 1131, -179, 286, 0, 127, 127
L 1227, -210, 288, 1226, -175, 292, 0, 127, 127
L 1198, -207, 283, 1227, -210, 285, 0, 127, 127
L 1196, -205, 283, 1198, -207, 283, 0, 127, 127
L 1132, -203, 275, 1196, -205, 283, 0, 127, 127
L 1101, -208, 279, 1132, -203, 275, 0, 127, 127
L 1074, -224, 280, 1102, -224, 281, 0, 127, 127
L 1074, -158, 280, 1102, -158, 280, 0, 127, 127
L 1074, -224, 279, 1074, -158, 279, 0, 127, 127
L 963, -211, 288, 960, -167, 288, 0, 127, 127
L 1009, -210, 287, 963, -211, 288, 0, 127, 127
L 1008, -166, 283, 1009, -210, 287, 0, 127, 127
L 960, -167, 283, 1008, -166, 283, 0, 127, 127
L 852, -227, 292, 851, -159, 297, 0, 127, 127
L 792, -228, 284, 852, -227, 292, 0, 127, 127
L 791, -160, 284, 792, -228, 284, 0, 127, 127
L 851, -159, 296, 791, -160, 284, 0, 127, 127
L 1014, -414, 276, 953, -414, 285, 0, 127, 127
L 1015, -351, 276, 1014, -414, 276, 0, 127, 127
L 953, -350, 282, 1015, -351, 276, 0, 127, 127
L 953, -414, 281, 953, -350, 282, 0, 127, 127
L 677, -420, 379, 692, -436, 379, 0, 127, 127
L 671, -415, 379, 677, -420, 379, 0, 127, 127
L 658, -408, 379, 671, -415, 379, 0, 127, 127
L -259, -134, 703, -240, -126, 704, 0, 127, 127
L -239, -176, 705, -259, -134, 705, 0, 127, 127
L -219, -168, 703, -239, -176, 705, 0, 127, 127
L -219, -168, 703, -240, -126, 704, 0, 127, 127
L -379, -820, 564, -377, -707, 563, 0, 127, 127
L -452, -820, 564, -379, -820, 564, 0, 127, 127
L -454, -712, 563, -452, -820, 564, 0, 127, 127
L -445, -714, 563, -454, -712, 563, 0, 127, 127
L -429, -715, 564, -445, -714, 563, 0, 127, 127
L -422, -714, 564, -429, -715, 564, 0, 127, 127
L -403, -713, 563, -422, -714, 564, 0, 127, 127
L -377, -707, 574, -403, -713, 563, 0, 127, 127
L 298, -1136, 334, 306, -1115, 337, 0, 127, 127
L 283, -1154, 337, 298, -1136, 334, 0, 127, 127
L 258, -1163, 337, 283, -1154, 337, 0, 127, 127
L 228, -1157, 336, 258, -1163, 337, 0, 127, 127
L 209, -1136, 335, 228, -1157, 336, 0, 127, 127
L 201, -1115, 337, 209, -1136, 335, 0, 127, 127
L 206, -1087, 337, 201, -1115, 337, 0, 127, 127
L 223, -1065, 339, 206, -1087, 337, 0, 127, 127
L 251, -1057, 337, 223, -1065, 339, 0, 127, 127
L 278, -1064, 336, 251, -1057, 337, 0, 127, 127
L 298, -1082, 337, 278, -1064, 336, 0, 127, 127
L 306, -1115, 346, 298, -1082, 337, 0, 127, 127
L 370, -1138, 381, 393, -1118, 379, 0, 127, 127
L 362, -1149, 381, 370, -1138, 381, 0, 127, 127
L 354, -1161, 380, 362, -1149, 381, 0, 127, 127
L 350, -1173, 380, 354, -1161, 380, 0, 127, 127
L 342, -1198, 379, 350, -1173, 380, 0, 127, 127
L 338, -1208, 379, 342, -1198, 379, 0, 127, 127
L 332, -1217, 379, 338, -1208, 379, 0, 127, 127
L 329, -1229, 379, 332, -1217, 379, 0, 127, 127
L 329, -1238, 379, 329, -1229, 379, 0, 127, 127
L 342, -1269, 379, 329, -1238, 379, 0, 127, 127
L 347, -1278, 380, 342, -1269, 379, 0, 127, 127
L 347, -1290, 379, 347, -1278, 380, 0, 127, 127
L 343, -1299, 379, 347, -1290, 379, 0, 127, 127
L 338, -1304, 379, 343, -1299, 379, 0, 127, 127
L 327, -1318, 379, 338, -1304, 379, 0, 127, 127
L 306, -1337, 379, 327, -1318, 379, 0, 127, 127
L 297, -1343, 379, 306, -1337, 379, 0, 127, 127
L 287, -1347, 380, 297, -1343, 379, 0, 127, 127
L 276, -1347, 379, 287, -1347, 380, 0, 127, 127
L 260, -1342, 379, 276, -1347, 379, 0, 127, 127
L 255, -1339, 379, 260, -1342, 379, 0, 127, 127
L 249, -1330, 379, 255, -1339, 379, 0, 127, 127
L 240, -1320, 379, 249, -1330, 379, 0, 127, 127
L 232, -1304, 380, 240, -1320, 379, 0, 127, 127
L 229, -1300, 381, 232, -1304, 380, 0, 127, 127
L 225, -1289, 379, 229, -1300, 381, 0, 127, 127
L 215, -1277, 380, 225, -1289, 379, 0, 127, 127
L 204, -1270, 380, 215, -1277, 380, 0, 127, 127
L 194, -1265, 379, 204, -1270, 380, 0, 127, 127
L 178, -1257, 380, 194, -1265, 379, 0, 127, 127
L 171, -1255, 379, 178, -1257, 380, 0, 127, 127
L 157, -1251, 380, 171, -1255, 379, 0, 127, 127
L 145, -1250, 379, 157, -1251, 380, 0, 127, 127
L 136, -1248, 380, 145, -1250, 379, 0, 127, 127
L 125, -1251, 380, 136, -1248, 380, 0, 127, 127
L 119, -1252, 381, 125, -1251, 380, 0, 127, 127
L 99, -1257, 381, 119, -1252, 381, 0, 127, 127
L 80, -1250, 379, 99, -1257, 381, 0, 127, 127
L 72, -1243, 380, 80, -1250, 379, 0, 127, 127
L 63, -1235, 379, 72, -1243, 380, 0, 127, 127
L 55, -1226, 380, 63, -1235, 379, 0, 127, 127
L 50, -1221, 380, 55, -1226, 380, 0, 127, 127
L 45, -1214, 379, 50, -1221, 380, 0, 127, 127
L 36, -1205, 379, 45, -1214, 379, 0, 127, 127
L 33, -1204, 380, 36, -1205, 379, 0, 127, 127
L 15, -1199, 380, 33, -1204, 380, 0, 127, 127
L 1, -1197, 379, 15, -1199, 380, 0, 127, 127
L -20, -1194, 380, 1, -1197, 379, 0, 127, 127
L -31, -1188, 380, -20, -1194, 380, 0, 127, 127
L -41, -1187, 381, -31, -1188, 380, 0, 127, 127
L -52, -1181, 383, -41, -1187, 381, 0, 127, 127
L -58, -1180, 384, -52, -1181, 383, 0, 127, 127
L -51, -1143, 383, -58, -1180, 384, 0, 127, 127
L 152, -1115, 383, -51, -1143, 383, 0, 127, 127
L 162, -1063, 384, 152, -1115, 383, 0, 127, 127
L 200, -1023, 384, 162, -1063, 384, 0, 127, 127
L 252, -1009, 383, 200, -1023, 384, 0, 127, 127
L 304, -1022, 383, 252, -1009, 383, 0, 127, 127
L 341, -1059, 384, 304, -1022, 383, 0, 127, 127
L 353, -1111, 383, 341, -1059, 384, 0, 127, 127
L 393, -1118, 388, 353, -1111, 383, 0, 127, 127
L -121, -1625, 601, -111, -1614, 602, 0, 127, 0
L -121, -1625, 601, -120, -1703, 602, 0, 127, 0
L -111, -1598, 585, -111, -1614, 587, 0, 127, 0
L -1573, 589, 438, -1552, 589, 439, 0, 127, 127
L -1624, 589, 437, -1603, 589, 437, 0, 127, 127
L -1624, 522, 437, -1624, 589, 438, 0, 127, 127
L -1553, 522, 437, -1624, 522, 437, 0, 127, 127
L -1553, 522, 441, -1552, 589, 437, 0, 127, 127
L -1477, 165, 423, -1475, 164, 424, 0, 127, 127
L -1480, 167, 424, -1477, 165, 423, 0, 127, 127
L -1485, 170, 424, -1480, 167, 424, 0, 127, 127
L -1489, 171, 425, -1485, 170, 424, 0, 127, 127
L -1493, 179, 423, -1489, 171, 425, 0, 127, 127
L -1498, 187, 422, -1493, 179, 423, 0, 127, 127
L -1501, 194, 422, -1498, 187, 422, 0, 127, 127
L -1501, 201, 420, -1501, 194, 422, 0, 127, 127
L -1504, 204, 420, -1501, 201, 420, 0, 127, 127
L -1512, 212, 419, -1504, 204, 420, 0, 127, 127
L -1516, 220, 417, -1512, 212, 419, 0, 127, 127
L -1519, 221, 418, -1516, 220, 417, 0, 127, 127
L -1525, 227, 418, -1519, 221, 418, 0, 127, 127
L -1512, 256, 385, -1525, 227, 418, 0, 127, 127
L -1501, 299, 400, -1512, 256, 385, 0, 127, 127
L -1498, 331, 401, -1501, 299, 400, 0, 127, 127
L -1499, 360, 408, -1498, 331, 401, 0, 127, 127
L -1506, 397, 417, -1499, 360, 408, 0, 127, 127
L -1516, 425, 424, -1506, 397, 417, 0, 127, 127
L -1549, 458, 444, -1516, 425, 424, 0, 127, 127
L -1596, 446, 444, -1549, 458, 444, 0, 127, 127
L -1644, 458, 444, -1596, 446, 444, 0, 127, 127
L -1680, 495, 443, -1644, 458, 444, 0, 127, 127
L -1694, 542, 443, -1680, 495, 443, 0, 127, 127
L -1680, 590, 443, -1694, 542, 443, 0, 127, 127
L -1646, 628, 444, -1680, 590, 443, 0, 127, 127
L -1598, 641, 443, -1646, 628, 444, 0, 127, 127
L -1567, 636, 443, -1598, 641, 443, 0, 127, 127
L -1563, 638, 444, -1567, 636, 443, 0, 127, 127
L -1557, 637, 440, -1563, 638, 444, 0, 127, 127
L -1553, 639, 441, -1557, 637, 440, 0, 127, 127
L -1525, 620, 441, -1553, 639, 441, 0, 127, 127
L -1528, 611, 440, -1525, 620, 441, 0, 127, 127
L -1512, 594, 440, -1528, 611, 440, 0, 127, 127
L -1499, 547, 440, -1512, 594, 440, 0, 127, 127
L -1503, 536, 437, -1499, 547, 440, 0, 127, 127
L -1475, 503, 423, -1503, 536, 437, 0, 127, 127
L -1454, 469, 413, -1475, 503, 423, 0, 127, 127
L -1447, 456, 410, -1454, 469, 413, 0, 127, 127
L -1432, 418, 404, -1447, 456, 410, 0, 127, 127
L -1424, 381, 400, -1432, 418, 404, 0, 127, 127
L -1420, 334, 399, -1424, 381, 400, 0, 127, 127
L -1422, 297, 399, -1420, 334, 399, 0, 127, 127
L -1434, 245, 404, -1422, 297, 399, 0, 127, 127
L -1450, 205, 413, -1434, 245, 404, 0, 127, 127
L -1462, 184, 422, -1450, 205, 413, 0, 127, 127
L -1475, 164, 424, -1462, 184, 422, 0, 127, 127
L -1902, 963, 254, -1893, 901, 303, 0, 127, 0
L -2402, 4848, 212, -1907, 965, 211, 0, 0, 240
L 2029, 4680, 212, -2402, 4848, 212, 0, 0, 240
L 2108, 2491, 212, 2029, 4680, 212, 0, 0, 240
L 1946, 1811, 212, 2108, 2491, 212, 0, 0, 240
L 583, -443, 402, 609, -458, 397, 0, 127, 127
L 570, -435, 404, 583, -443, 402, 0, 127, 127
L 570, -434, 404, 570, -435, 404, 0, 127, 127
L 553, -406, 410, 570, -434, 404, 0, 127, 127
L 549, -379, 416, 553, -406, 410, 0, 127, 127
L 543, -352, 417, 549, -379, 416, 0, 127, 127
L 543, -315, 422, 543, -352, 417, 0, 127, 127
L 543, -249, 434, 543, -315, 422, 0, 127, 127
L 543, -220, 444, 543, -249, 434, 0, 127, 127
L 546, -179, 465, 543, -220, 444, 0, 127, 127
L 542, -159, 472, 546, -179, 465, 0, 127, 127
L 531, -142, 481, 542, -159, 472, 0, 127, 127
L 513, -135, 490, 531, -142, 481, 0, 127, 127
L 494, -134, 494, 513, -135, 490, 0, 127, 127
L 409, -134, 516, 494, -134, 494, 0, 127, 127
L 393, -135, 516, 409, -134, 516, 0, 127, 127
L 300, -134, 517, 393, -135, 516, 0, 127, 127
L 298, -117, 517, 300, -134, 517, 0, 127, 127
L 310, -99, 516, 298, -117, 517, 0, 127, 127
L 322, -86, 516, 310, -99, 516, 0, 127, 127
L 394, -86, 516, 322, -86, 516, 0, 127, 127
L 475, -85, 498, 394, -86, 516, 0, 127, 127
L 511, -85, 488, 475, -85, 498, 0, 127, 127
L 532, -89, 486, 511, -85, 488, 0, 127, 127
L 537, -92, 484, 532, -89, 486, 0, 127, 127
L 536, -99, 484, 537, -92, 484, 0, 127, 127
L 540, -112, 482, 536, -99, 484, 0, 127, 127
L 543, -123, 479, 540, -112, 482, 0, 127, 127
L 546, -126, 478, 543, -123, 479, 0, 127, 127
L 558, -131, 476, 546, -126, 478, 0, 127, 127
L 565, -134, 474, 558, -131, 476, 0, 127, 127
L 581, -129, 474, 565, -134, 474, 0, 127, 127
L 584, -138, 472, 581, -129, 474, 0, 127, 127
L 593, -183, 462, 584, -138, 472, 0, 127, 127
L 593, -230, 450, 593, -183, 462, 0, 127, 127
L 593, -253, 446, 593, -230, 450, 0, 127, 127
L 593, -325, 428, 593, -253, 446, 0, 127, 127
L 594, -377, 414, 593, -325, 428, 0, 127, 127
L 609, -411, 408, 594, -377, 414, 0, 127, 127
L 778, -86, 289, 796, -92, 287, 0, 127, 127
L 751, -86, 294, 778, -86, 289, 0, 127, 127
L 734, -88, 296, 751, -86, 294, 0, 127, 127
L 715, -97, 300, 734, -88, 296, 0, 127, 127
L 695, -113, 304, 715, -97, 300, 0, 127, 127
L 680, -136, 308, 695, -113, 304, 0, 127, 127
L 675, -158, 313, 680, -136, 308, 0, 127, 127
L 673, -185, 319, 675, -158, 313, 0, 127, 127
L 674, -241, 333, 673, -185, 319, 0, 127, 127
L 672, -300, 348, 674, -241, 333, 0, 127, 127
L 673, -327, 355, 672, -300, 348, 0, 127, 127
L 677, -365, 364, 673, -327, 355, 0, 127, 127
L 671, -391, 374, 677, -365, 364, 0, 127, 127
L 655, -413, 380, 671, -391, 374, 0, 127, 127
L 632, -420, 389, 655, -413, 380, 0, 127, 127
L 609, -411, 399, 632, -420, 389, 0, 127, 127
L 607, -419, 398, 609, -411, 400, 0, 127, 127
L 616, -428, 391, 607, -419, 398, 0, 127, 127
L 608, -461, 386, 616, -428, 391, 0, 127, 127
L 633, -464, 382, 608, -461, 386, 0, 127, 127
L 670, -452, 379, 633, -464, 382, 0, 127, 127
L 695, -434, 378, 670, -452, 379, 0, 127, 127
L 704, -422, 374, 695, -434, 378, 0, 127, 127
L 715, -404, 370, 704, -422, 374, 0, 127, 127
L 719, -387, 368, 715, -404, 370, 0, 127, 127
L 721, -189, 320, 719, -387, 368, 0, 127, 127
L 722, -164, 312, 721, -189, 320, 0, 127, 127
L 742, -139, 298, 722, -164, 312, 0, 127, 127
L 776, -138, 284, 742, -139, 298, 0, 127, 127
L 796, -92, 291, 776, -138, 284, 0, 127, 127
L 1006, 1211, 553, 993, 1211, 553, 0, 127, 127
L 1063, 1211, 553, 1042, 1211, 553, 0, 127, 127
L 1063, 1144, 553, 1063, 1211, 553, 0, 127, 127
L 993, 1144, 553, 1063, 1144, 553, 0, 127, 127
L 993, 1144, 553, 993, 1211, 553, 0, 127, 127
L 889, 1158, 495, 873, 1143, 488, 0, 127, 127
L 902, 1169, 503, 889, 1158, 495, 0, 127, 127
L 908, 1176, 507, 902, 1169, 503, 0, 127, 127
L 915, 1183, 511, 908, 1176, 507, 0, 127, 127
L 922, 1207, 522, 915, 1183, 511, 0, 127, 127
L 960, 1197, 554, 922, 1207, 522, 0, 127, 127
L 974, 1245, 556, 960, 1197, 554, 0, 127, 127
L 1017, 1262, 556, 974, 1245, 556, 0, 127, 127
L 1067, 1255, 556, 1017, 1262, 556, 0, 127, 127
L 1110, 1220, 555, 1067, 1255, 556, 0, 127, 127
L 1127, 1178, 556, 1110, 1220, 555, 0, 127, 127
L 1120, 1124, 557, 1127, 1178, 556, 0, 127, 127
L 1090, 1086, 556, 1120, 1124, 557, 0, 127, 127
L 1041, 1067, 556, 1090, 1086, 556, 0, 127, 127
L 989, 1076, 556, 1041, 1067, 556, 0, 127, 127
L 951, 1108, 556, 989, 1076, 556, 0, 127, 127
L 948, 1118, 552, 951, 1108, 556, 0, 127, 127
L 910, 1127, 528, 948, 1118, 552, 0, 127, 127
L 873, 1143, 485, 910, 1127, 528, 0, 127, 127
L 1610, 656, 253, 1595, 656, 253, 127, 0, 0
L 1626, 661, 255, 1610, 656, 253, 127, 0, 0
L 1630, 668, 256, 1626, 661, 255, 127, 0, 0
L 1631, 678, 258, 1630, 668, 256, 127, 0, 0
L 1629, 691, 257, 1631, 678, 258, 127, 0, 0
L 1622, 702, 254, 1629, 691, 257, 127, 0, 0
L 1610, 707, 250, 1622, 702, 254, 127, 0, 0
L 1604, 708, 249, 1610, 707, 250, 127, 0, 0
L 1628, 774, 254, 1615, 774, 252, 127, 0, 0
L 1639, 780, 254, 1628, 774, 254, 127, 0, 0
L 1644, 790, 256, 1639, 780, 254, 127, 0, 0
L 1645, 802, 257, 1644, 790, 256, 127, 0, 0
L 1642, 813, 258, 1645, 802, 257, 127, 0, 0
L 1641, 822, 254, 1642, 813, 258, 127, 0, 0
L 1628, 829, 253, 1641, 822, 254, 127, 0, 0
L 1616, 829, 250, 1628, 829, 253, 127, 0, 0
L 1610, 876, 251, 1609, 876, 252, 127, 0, 0
L 1619, 877, 251, 1610, 876, 251, 127, 0, 0
L 1630, 882, 254, 1619, 877, 251, 127, 0, 0
L 1634, 887, 254, 1630, 882, 254, 127, 0, 0
L 1636, 900, 257, 1634, 887, 254, 127, 0, 0
L 1632, 914, 257, 1636, 900, 257, 127, 0, 0
L 1629, 921, 256, 1632, 914, 257, 127, 0, 0
L 1614, 929, 251, 1629, 921, 256, 127, 0, 0
L 1606, 929, 249, 1614, 929, 251, 127, 0, 0
L 1665, 1079, 294, 1716, 1038, 300, 0, 127, 0
L 1626, 1101, 296, 1665, 1079, 294, 0, 127, 0
L 1604, 1146, 291, 1626, 1101, 296, 0, 127, 0
L 1643, 1256, 289, 1604, 1146, 291, 0, 127, 0
L -1144, -627, 412, -1171, -688, 412, 0, 127, 127
L -1126, -635, 413, -1144, -627, 412, 0, 127, 127
L -1080, -656, 412, -1096, -648, 413, 0, 127, 127
L -1106, -717, 411, -1080, -656, 412, 0, 127, 127
L -1171, -688, 412, -1106, -717, 411, 0, 127, 127
L -1405, -1025, 518, -1305, -1094, 479, 0, 127, 127
L -1366, -1017, 519, -1405, -1025, 511, 0, 127, 127
L -1373, -975, 519, -1366, -1017, 519, 0, 127, 127
L -1272, -1046, 469, -1373, -975, 519, 0, 127, 127
L -1310, -1057, 469, -1272, -1046, 469, 0, 127, 127
L -1305, -1094, 469, -1310, -1057, 469, 0, 127, 127
L -1250, -1180, 469, -1218, -1205, 468, 0, 127, 127
L -1287, -1188, 468, -1250, -1180, 469, 0, 127, 127
L -1294, -1150, 468, -1287, -1188, 468, 0, 127, 127
L -1326, -1128, 472, -1294, -1150, 468, 0, 127, 127
L -1426, -1058, 519, -1326, -1128, 472, 0, 127, 127
L -1466, -1032, 518, -1426, -1058, 519, 0, 127, 127
L -1501, -1037, 519, -1466, -1032, 518, 0, 127, 127
L -1507, -1003, 518, -1501, -1037, 519, 0, 127, 127
L -1542, -976, 519, -1507, -1003, 518, 0, 127, 127
L -1519, -942, 519, -1542, -976, 519, 0, 127, 127
L -1523, -905, 519, -1519, -942, 519, 0, 127, 127
L -1489, -899, 519, -1523, -905, 519, 0, 127, 127
L -1460, -864, 518, -1489, -899, 519, 0, 127, 127
L -1427, -887, 518, -1460, -864, 518, 0, 127, 127
L -1391, -881, 519, -1427, -887, 518, 0, 127, 127
L -1385, -918, 519, -1391, -881, 519, 0, 127, 127
L -1348, -944, 518, -1385, -918, 519, 0, 127, 127
L -1250, -1011, 469, -1348, -944, 518, 0, 127, 127
L -1217, -1035, 469, -1250, -1011, 469, 0, 127, 127
L -1177, -1030, 469, -1217, -1035, 469, 0, 127, 127
L -1168, -1068, 465, -1177, -1030, 469, 0, 127, 127
L -1096, -961, 351, -1168, -1068, 465, 0, 127, 127
L -1092, -966, 352, -1096, -961, 351, 0, 127, 127
L -1086, -970, 352, -1092, -966, 352, 0, 127, 127
L -1080, -975, 352, -1086, -970, 352, 0, 127, 127
L -1053, -974, 350, -1080, -975, 352, 0, 127, 127
L -1136, -1094, 468, -1053, -974, 350, 0, 127, 127
L -1160, -1125, 468, -1136, -1094, 468, 0, 127, 127
L -1154, -1163, 468, -1160, -1125, 468, 0, 127, 127
L -1151, -1163, 464, -1151, -1163, 441, 0, 127, 127
L -1192, -1171, 469, -1151, -1163, 464, 0, 127, 127
L -1218, -1205, 468, -1192, -1171, 469, 0, 127, 127
L -380, -1383, 563, -470, -1382, 563, 0, 127, 127
L -384, -1227, 443, -380, -1383, 446, 0, 127, 127
L -447, -1226, 436, -384, -1227, 434, 0, 127, 127
L -447, -1226, 444, -470, -1382, 458, 0, 127, 127
L -1024, -694, 414, -627, -694, 411, 127, 0, 0
L -628, -617, 416, -1024, -618, 398, 127, 0, 0
L -588, -680, 418, -586, -695, 420, 0, 127, 127
L -589, -658, 416, -588, -680, 418, 0, 127, 127
L -588, -617, 415, -589, -658, 416, 0, 127, 127
L -561, -490, 477, -588, -617, 415, 0, 127, 127
L -545, -380, 532, -561, -490, 477, 0, 127, 127
L -547, -355, 543, -545, -380, 532, 0, 127, 127
L -503, -356, 563, -547, -355, 543, 0, 127, 127
L -522, -348, 553, -503, -356, 563, 0, 127, 127
L -529, -334, 552, -522, -348, 553, 0, 127, 127
L -539, -319, 542, -529, -334, 552, 0, 127, 127
L -543, -301, 542, -539, -319, 542, 0, 127, 127
L -592, -302, 541, -543, -301, 542, 0, 127, 127
L -611, -465, 487, -592, -302, 541, 0, 127, 127
L -619, -526, 457, -611, -465, 487, 0, 127, 127
L -628, -617, 416, -619, -526, 457, 0, 127, 127
L -627, -695, 415, -627, -617, 416, 0, 127, 127
L -586, -695, 415, -627, -695, 415, 0, 127, 127
L -1024, -703, 414, -1063, -742, 414, 0, 127, 127
L -1024, -611, 414, -1024, -703, 414, 0, 127, 127
L -1027, -605, 414, -1024, -611, 414, 0, 127, 127
L -1057, -572, 413, -1027, -605, 414, 0, 127, 127
L -1112, -557, 413, -1057, -572, 413, 0, 127, 127
L -1118, -558, 414, -1112, -557, 414, 0, 127, 127
L -1110, -754, 413, -1063, -742, 413, 0, 127, 127
L -1158, -742, 414, -1110, -754, 413, 0, 127, 127
L -1197, -702, 413, -1158, -742, 414, 0, 127, 127
L -1209, -654, 414, -1197, -702, 413, 0, 127, 127
L -1197, -606, 413, -1209, -654, 414, 0, 127, 127
L -1186, -596, 413, -1197, -606, 413, 0, 127, 127
L -1121, -559, 413, -1186, -596, 413, 0, 127, 127
L -1121, -559, 413, -1329, -197, 412, 127, 0, 0
L -1397, -233, 413, -1186, -596, 412, 127, 0, 0
L -1301, -71, 392, -1294, -66, 392, 0, 127, 127
L -1326, -86, 400, -1294, -67, 392, 0, 127, 127
L -1340, -97, 406, -1326, -86, 400, 0, 127, 127
L -1362, -113, 416, -1340, -97, 406, 0, 127, 127
L -1369, -119, 416, -1362, -113, 416, 0, 127, 127
L -1378, -129, 416, -1369, -119, 416, 0, 127, 127
L -1383, -140, 416, -1378, -129, 416, 0, 127, 127
L -1394, -155, 416, -1383, -140, 416, 0, 127, 127
L -1402, -163, 416, -1394, -155, 416, 0, 127, 127
L -1420, -178, 415, -1402, -163, 416, 0, 127, 127
L -1432, -186, 414, -1420, -178, 415, 0, 127, 127
L -1400, -234, 334, -1432, -186, 373, 0, 127, 127
L -1238, -148, 319, -1400, -234, 316, 0, 127, 127
L -1238, -148, 308, -1294, -67, 359, 0, 127, 127
L -1165, -119, 309, -1121, -127, 310, 0, 0, 240
L -1211, -130, 309, -1165, -119, 309, 0, 0, 240
L -1246, -136, 308, -1211, -130, 309, 0, 0, 240
L -1292, -198, 306, -1288, -175, 305, 0, 0, 240
L -1305, -212, 305, -1292, -198, 306, 0, 0, 240
L -1319, -214, 306, -1305, -212, 305, 0, 0, 240
L -1395, -278, 306, -1395, -237, 306, 0, 0, 240
L -1382, -294, 306, -1395, -278, 306, 0, 0, 240
L -1363, -292, 306, -1382, -294, 306, 0, 0, 240
L -1241, -314, 306, -1264, -311, 306, 0, 0, 240
L -1221, -325, 306, -1241, -314, 306, 0, 0, 240
L -1210, -338, 306, -1221, -325, 306, 0, 0, 240
L -1199, -356, 306, -1210, -338, 306, 0, 0, 240
L -1194, -377, 305, -1199, -356, 306, 0, 0, 240
L -1195, -400, 305, -1194, -377, 305, 0, 0, 240
L -1203, -415, 306, -1195, -400, 305, 0, 0, 240
L -1162, -428, 306, -1191, -436, 306, 0, 0, 240
L -1151, -419, 306, -1162, -428, 306, 0, 0, 240
L -1149, -405, 305, -1151, -419, 306, 0, 0, 240
L -1139, -389, 306, -1149, -405, 305, 0, 0, 240
L -1121, -369, 306, -1139, -389, 306, 0, 0, 240
L -1103, -339, 306, -1121, -369, 306, 0, 0, 240
L -1090, -314, 305, -1103, -339, 306, 0, 0, 240
L -1097, -290, 305, -1090, -314, 305, 0, 0, 240
L -1112, -280, 305, -1097, -290, 305, 0, 0, 240
L -1127, -272, 306, -1112, -280, 305, 0, 0, 240
L -1145, -258, 305, -1127, -272, 306, 0, 0, 240
L -1145, -256, 306, -1145, -258, 305, 0, 0, 240
L -1143, -239, 305, -1145, -256, 306, 0, 0, 240
L -1129, -219, 306, -1143, -239, 305, 0, 0, 240
L -1121, -196, 305, -1129, -219, 306, 0, 0, 240
L -1112, -184, 305, -1121, -196, 305, 0, 0, 240
L -1096, -158, 305, -1112, -184, 305, 0, 0, 240
L -1102, -140, 305, -1096, -158, 305, 0, 0, 240
L -1121, -127, 305, -1102, -140, 305, 0, 0, 240
L 1878, 1640, 211, 1946, 1811, 212, 0, 0, 240
L 1837, 1551, 212, 1878, 1640, 211, 0, 0, 240
L 1822, 1519, 211, 1837, 1551, 212, 0, 0, 240
L 1755, 1383, 211, 1822, 1519, 211, 0, 0, 240
L 1733, 1351, 212, 1755, 1383, 211, 0, 0, 240
L 1721, 1334, 211, 1733, 1351, 212, 0, 0, 240
L 1714, 1324, 211, 1721, 1334, 211, 0, 0, 240
L 1705, 1310, 210, 1714, 1324, 211, 0, 0, 240
L 1693, 1295, 211, 1705, 1310, 210, 0, 0, 240
L 1677, 1282, 212, 1693, 1295, 211, 0, 0, 240
L 1663, 1272, 211, 1677, 1282, 212, 0, 0, 240
L 1649, 1260, 210, 1663, 1272, 211, 0, 0, 240
L 1638, 1251, 211, 1649, 1260, 210, 0, 0, 240
L 1625, 1240, 212, 1643, 1256, 211, 0, 0, 240
L 1607, 1213, 210, 1625, 1240, 212, 0, 0, 240
L 1586, 1181, 212, 1607, 1213, 210, 0, 0, 240
L 1577, 1167, 211, 1586, 1181, 212, 0, 0, 240
L 1569, 1153, 210, 1577, 1167, 211, 0, 0, 240
L 1563, 1140, 210, 1569, 1153, 210, 0, 0, 240
L 1557, 1125, 211, 1563, 1140, 210, 0, 0, 240
L 1552, 1109, 212, 1557, 1125, 211, 0, 0, 240
L 1549, 1094, 211, 1552, 1109, 212, 0, 0, 240
L 1548, 1081, 210, 1549, 1094, 211, 0, 0, 240
L 1547, 1066, 210, 1548, 1081, 210, 0, 0, 240
L 1543, 1053, 211, 1547, 1066, 210, 0, 0, 240
L 1536, 1038, 212, 1543, 1053, 211, 0, 0, 240
L 1525, 1024, 211, 1536, 1038, 212, 0, 0, 240
L 1496, 1007, 211, 1525, 1024, 211, 0, 0, 240
L 1477, 999, 210, 1496, 1007, 211, 0, 0, 240
L 1470, 985, 211, 1477, 999, 210, 0, 0, 240
L 1468, 966, 213, 1470, 985, 211, 0, 0, 240
L 1470, 921, 211, 1468, 966, 213, 0, 0, 240
L 1469, 900, 212, 1470, 921, 211, 0, 0, 240
L 1466, 876, 213, 1469, 900, 212, 0, 0, 240
L 1465, 862, 212, 1466, 876, 213, 0, 0, 240
L 1465, 844, 211, 1465, 862, 212, 0, 0, 240
L 1468, 825, 212, 1465, 844, 211, 0, 0, 240
L 1469, 808, 213, 1468, 825, 212, 0, 0, 240
L 1469, 774, 211, 1469, 808, 213, 0, 0, 240
L 1469, 760, 212, 1469, 774, 211, 0, 0, 240
L 1470, 735, 213, 1469, 760, 212, 0, 0, 240
L 1465, 691, 211, 1470, 735, 213, 0, 0, 240
L 1463, 663, 212, 1465, 691, 211, 0, 0, 240
L 1463, 638, 213, 1463, 663, 212, 0, 0, 240
L 1463, 615, 211, 1463, 638, 213, 0, 0, 240
L 1462, 566, 212, 1463, 615, 211, 0, 0, 240
L 1463, 533, 212, 1462, 566, 212, 0, 0, 240
L 1466, 479, 211, 1463, 533, 212, 0, 0, 240
L 1466, 438, 212, 1466, 479, 211, 0, 0, 240
L 1466, 416, 213, 1466, 438, 212, 0, 0, 240
L 1466, 383, 211, 1466, 416, 213, 0, 0, 240
L 1465, 354, 212, 1466, 383, 211, 0, 0, 240
L 1465, 335, 213, 1465, 354, 212, 0, 0, 240
L 1464, 313, 213, 1465, 335, 213, 0, 0, 240
L 1464, 288, 211, 1464, 313, 213, 0, 0, 240
L 1465, 259, 211, 1464, 288, 211, 0, 0, 240
L 1464, 224, 213, 1465, 259, 211, 0, 0, 240
L 1464, 194, 211, 1464, 224, 213, 0, 0, 240
L 1462, 154, 212, 1464, 194, 211, 0, 0, 240
L 1464, 119, 213, 1462, 154, 212, 0, 0, 240
L 1467, 83, 213, 1464, 119, 213, 0, 0, 240
L 1467, 31, 220, 1467, 83, 213, 0, 0, 240
L 1475, -46, 212, 1467, 31, 220, 0, 0, 240
L 1481, -77, 213, 1475, -46, 212, 0, 0, 240
L 1489, -93, 212, 1481, -77, 213, 0, 0, 240
L 1496, -107, 212, 1489, -93, 212, 0, 0, 240
L 1497, -124, 213, 1496, -107, 212, 0, 0, 240
L 1494, -146, 212, 1497, -124, 213, 0, 0, 240
L 1505, -199, 212, 1494, -146, 212, 0, 0, 240
L 1511, -218, 212, 1505, -199, 212, 0, 0, 240
L 1515, -246, 212, 1511, -218, 212, 0, 0, 240
L 1512, -272, 212, 1515, -246, 212, 0, 0, 240
L 1501, -315, 212, 1512, -272, 212, 0, 0, 240
L 1499, -385, 212, 1501, -315, 212, 0, 0, 240
L 1500, -411, 211, 1499, -385, 212, 0, 0, 240
L 1502, -433, 212, 1500, -411, 211, 0, 0, 240
L 1504, -453, 211, 1502, -433, 212, 0, 0, 240
L 1507, -473, 212, 1504, -453, 211, 0, 0, 240
L 1508, -488, 212, 1507, -473, 212, 0, 0, 240
L 1510, -543, 212, 1508, -488, 212, 0, 0, 240
L 1512, -558, 212, 1510, -543, 212, 0, 0, 240
L 1516, -576, 212, 1512, -558, 212, 0, 0, 240
L 1529, -611, 212, 1516, -576, 212, 0, 0, 240
L 1534, -628, 212, 1529, -611, 212, 0, 0, 240
L 1538, -645, 212, 1534, -628, 212, 0, 0, 240
L 1541, -660, 212, 1538, -645, 212, 0, 0, 240
L 1545, -676, 212, 1541, -660, 212, 0, 0, 240
L 1550, -693, 212, 1545, -676, 212, 0, 0, 240
L 1562, -725, 211, 1550, -693, 212, 0, 0, 240
L 1565, -741, 212, 1562, -725, 211, 0, 0, 240
L 1563, -761, 212, 1565, -741, 212, 0, 0, 240
L 1557, -780, 212, 1563, -761, 212, 0, 0, 240
L 1550, -795, 212, 1557, -780, 212, 0, 0, 240
L 1544, -812, 212, 1550, -795, 212, 0, 0, 240
L 1538, -827, 212, 1544, -812, 212, 0, 0, 240
L 1528, -846, 212, 1538, -827, 212, 0, 0, 240
L 1507, -880, 212, 1528, -846, 212, 0, 0, 240
L 1499, -896, 212, 1507, -880, 212, 0, 0, 240
L 1493, -915, 212, 1499, -896, 212, 0, 0, 240
L 1490, -931, 212, 1493, -915, 212, 0, 0, 240
L 1489, -949, 211, 1490, -931, 212, 0, 0, 240
L 1487, -969, 212, 1489, -949, 211, 0, 0, 240
L 1479, -985, 212, 1487, -969, 212, 0, 0, 240
L 1468, -997, 212, 1479, -985, 212, 0, 0, 240
L 1451, -1012, 212, 1468, -997, 212, 0, 0, 240
L 1434, -1023, 212, 1451, -1012, 212, 0, 0, 240
L 1415, -1027, 212, 1434, -1023, 212, 0, 0, 240
L 1397, -1030, 212, 1415, -1027, 212, 0, 0, 240
L 1377, -1031, 212, 1397, -1030, 212, 0, 0, 240
L 1361, -1036, 212, 1377, -1031, 212, 0, 0, 240
L 1346, -1044, 212, 1361, -1036, 212, 0, 0, 240
L 1329, -1051, 212, 1346, -1044, 212, 0, 0, 240
L 1310, -1055, 212, 1329, -1051, 212, 0, 0, 240
L 1289, -1055, 212, 1310, -1055, 212, 0, 0, 240
L 1269, -1056, 212, 1289, -1055, 212, 0, 0, 240
L 1249, -1054, 212, 1269, -1056, 212, 0, 0, 240
L 1213, -1052, 212, 1249, -1054, 212, 0, 0, 240
L 1190, -1048, 212, 1213, -1052, 212, 0, 0, 240
L 1168, -1042, 212, 1190, -1048, 212, 0, 0, 240
L 1149, -1034, 212, 1168, -1042, 212, 0, 0, 240
L 1112, -1016, 212, 1149, -1034, 212, 0, 0, 240
L 1094, -1011, 212, 1112, -1016, 212, 0, 0, 240
L 1073, -1010, 211, 1094, -1011, 212, 0, 0, 240
L 1049, -1010, 213, 1073, -1010, 211, 0, 0, 240
L 1028, -1008, 212, 1049, -1010, 213, 0, 0, 240
L 1004, -1004, 212, 1028, -1008, 212, 0, 0, 240
L 984, -1004, 212, 1004, -1004, 212, 0, 0, 240
L 964, -1008, 211, 984, -1004, 212, 0, 0, 240
L 944, -1016, 213, 964, -1008, 211, 0, 0, 240
L 924, -1021, 212, 944, -1016, 213, 0, 0, 240
L 902, -1024, 212, 924, -1021, 212, 0, 0, 240
L 857, -1022, 212, 902, -1024, 212, 0, 0, 240
L 834, -1021, 213, 857, -1022, 212, 0, 0, 240
L 806, -1019, 212, 834, -1021, 213, 0, 0, 240
L 787, -1020, 213, 806, -1019, 212, 0, 0, 240
L 765, -1019, 212, 787, -1020, 213, 0, 0, 240
L 740, -1016, 213, 765, -1019, 212, 0, 0, 240
L 717, -1013, 212, 740, -1016, 213, 0, 0, 240
L 694, -1009, 212, 717, -1013, 212, 0, 0, 240
L 670, -1004, 212, 694, -1009, 212, 0, 0, 240
L 649, -1001, 212, 670, -1004, 212, 0, 0, 240
L 626, -997, 213, 649, -1001, 212, 0, 0, 240
L 599, -988, 212, 626, -997, 213, 0, 0, 240
L 559, -987, 212, 599, -988, 212, 0, 0, 240
L 543, -991, 212, 559, -987, 212, 0, 0, 240
L 521, -998, 213, 543, -991, 212, 0, 0, 240
L 502, -1003, 212, 521, -998, 213, 0, 0, 240
L 481, -1005, 212, 502, -1003, 212, 0, 0, 240
L 459, -1007, 213, 481, -1005, 212, 0, 0, 240
L 438, -1006, 212, 459, -1007, 213, 0, 0, 240
L 417, -1006, 213, 438, -1006, 212, 0, 0, 240
L 399, -1010, 212, 417, -1006, 213, 0, 0, 240
L 379, -1019, 212, 399, -1010, 212, 0, 0, 240
L 363, -1028, 213, 379, -1019, 212, 0, 0, 240
L 347, -1041, 212, 363, -1028, 213, 0, 0, 240
L 333, -1051, 212, 347, -1041, 212, 0, 0, 240
L 277, -1082, 213, 291, -1076, 212, 0, 0, 240
L 260, -1089, 212, 277, -1082, 213, 0, 0, 240
L 237, -1099, 212, 260, -1089, 212, 0, 0, 240
L 218, -1110, 212, 237, -1099, 212, 0, 0, 240
L 200, -1117, 212, 218, -1110, 212, 0, 0, 240
L 110, -1105, 212, 152, -1113, 212, 0, 0, 240
L 85, -1103, 212, 110, -1105, 212, 0, 0, 240
L 65, -1101, 212, 85, -1103, 212, 0, 0, 240
L 41, -1101, 212, 65, -1101, 212, 0, 0, 240
L 21, -1102, 212, 41, -1101, 212, 0, 0, 240
L -5, -1102, 213, 21, -1102, 212, 0, 0, 240
L -25, -1101, 212, -5, -1102, 213, 0, 0, 240
L -69, -1102, 213, -25, -1101, 212, 0, 0, 240
L -90, -1101, 212, -69, -1102, 213, 0, 0, 240
L -133, -1099, 212, -90, -1101, 212, 0, 0, 240
L -154, -1099, 212, -133, -1099, 212, 0, 0, 240
L -179, -1100, 213, -154, -1099, 212, 0, 0, 240
L -200, -1098, 212, -179, -1100, 213, 0, 0, 240
L -240, -1098, 213, -200, -1098, 212, 0, 0, 240
L -262, -1097, 212, -240, -1098, 213, 0, 0, 240
L -307, -1099, 212, -262, -1097, 212, 0, 0, 240
L -346, -1102, 212, -307, -1099, 212, 0, 0, 240
L -372, -1105, 212, -346, -1102, 212, 0, 0, 240
L -395, -1110, 212, -372, -1105, 212, 0, 0, 240
L -422, -1114, 213, -395, -1110, 212, 0, 0, 240
L -452, -1119, 212, -422, -1114, 213, 0, 0, 240
L -473, -1122, 213, -452, -1119, 212, 0, 0, 240
L -499, -1123, 212, -473, -1122, 213, 0, 0, 240
L -522, -1122, 212, -499, -1123, 212, 0, 0, 240
L -569, -1110, 214, -522, -1122, 212, 0, 0, 240
L -602, -1102, 217, -569, -1110, 214, 0, 0, 240
L -641, -1091, 213, -602, -1102, 217, 0, 0, 240
L -674, -1078, 213, -641, -1091, 213, 0, 0, 240
L -695, -1070, 212, -674, -1078, 213, 0, 0, 240
L -714, -1060, 211, -695, -1070, 212, 0, 0, 240
L -734, -1050, 212, -714, -1060, 211, 0, 0, 240
L -755, -1043, 211, -734, -1050, 212, 0, 0, 240
L -773, -1038, 211, -755, -1043, 211, 0, 0, 240
L -799, -1034, 212, -773, -1038, 211, 0, 0, 240
L -815, -1029, 211, -799, -1034, 212, 0, 0, 240
L -833, -1022, 212, -815, -1029, 211, 0, 0, 240
L -845, -1013, 212, -833, -1022, 212, 0, 0, 240
L -858, -997, 212, -845, -1013, 212, 0, 0, 240
L -869, -980, 212, -858, -997, 212, 0, 0, 240
L -878, -967, 211, -869, -980, 212, 0, 0, 240
L -894, -954, 212, -878, -967, 211, 0, 0, 240
L -908, -945, 212, -894, -954, 212, 0, 0, 240
L -916, -930, 211, -908, -945, 212, 0, 0, 240
L -918, -907, 212, -916, -930, 211, 0, 0, 240
L -917, -886, 212, -918, -907, 212, 0, 0, 240
L -915, -866, 212, -917, -886, 212, 0, 0, 240
L -909, -844, 212, -915, -866, 212, 0, 0, 240
L -902, -825, 212, -909, -844, 212, 0, 0, 240
L -897, -805, 211, -902, -825, 212, 0, 0, 240
L -893, -781, 212, -897, -805, 211, 0, 0, 240
L -896, -762, 211, -893, -781, 212, 0, 0, 240
L -899, -738, 212, -896, -762, 211, 0, 0, 240
L -899, -718, 212, -899, -738, 212, 0, 0, 240
L -896, -694, 211, -899, -718, 212, 0, 0, 240
L -889, -600, 212, -890, -618, 211, 0, 0, 240
L -890, -579, 212, -889, -600, 212, 0, 0, 240
L -897, -557, 211, -890, -579, 212, 0, 0, 240
L -904, -539, 211, -897, -557, 211, 0, 0, 240
L -910, -519, 212, -904, -539, 211, 0, 0, 240
L -914, -497, 211, -910, -519, 212, 0, 0, 240
L -915, -478, 211, -914, -497, 211, 0, 0, 240
L -913, -453, 212, -915, -478, 211, 0, 0, 240
L -910, -430, 211, -913, -453, 212, 0, 0, 240
L -904, -408, 211, -910, -430, 211, 0, 0, 240
L -895, -379, 212, -904, -408, 211, 0, 0, 240
L -891, -359, 211, -895, -379, 212, 0, 0, 240
L -891, -337, 211, -891, -359, 211, 0, 0, 240
L -892, -320, 212, -891, -337, 211, 0, 0, 240
L -891, -301, 213, -892, -320, 212, 0, 0, 240
L -887, -277, 212, -891, -301, 213, 0, 0, 240
L -882, -255, 213, -887, -277, 212, 0, 0, 240
L -879, -230, 216, -882, -255, 213, 0, 0, 240
L -876, -210, 215, -879, -230, 216, 0, 0, 240
L -870, -184, 216, -876, -210, 215, 0, 0, 240
L -863, -167, 216, -870, -184, 216, 0, 0, 240
L -860, -150, 215, -863, -167, 216, 0, 0, 240
L -860, -130, 215, -860, -150, 215, 0, 0, 240
L -865, -113, 216, -860, -130, 215, 0, 0, 240
L -874, -98, 218, -865, -113, 216, 0, 0, 240
L -888, -78, 218, -874, -98, 218, 0, 0, 240
L -903, -54, 219, -888, -78, 218, 0, 0, 240
L -907, -41, 220, -903, -54, 219, 0, 0, 240
L -948, 42, 213, -907, -41, 220, 0, 0, 240
L -965, 55, 212, -948, 42, 213, 0, 0, 240
L -985, 67, 213, -965, 55, 212, 0, 0, 240
L -1006, 80, 212, -985, 67, 213, 0, 0, 240
L -1034, 98, 214, -1006, 80, 212, 0, 0, 240
L -1051, 108, 214, -1034, 98, 214, 0, 0, 240
L -1086, 130, 214, -1051, 108, 214, 0, 0, 240
L -1106, 140, 215, -1086, 130, 214, 0, 0, 240
L -1124, 150, 214, -1106, 140, 215, 0, 0, 240
L -1141, 162, 211, -1124, 150, 214, 0, 0, 240
L -1156, 169, 212, -1141, 162, 211, 0, 0, 240
L -1178, 174, 210, -1156, 169, 212, 0, 0, 240
L -1196, 178, 211, -1178, 174, 210, 0, 0, 240
L -1213, 183, 212, -1196, 178, 211, 0, 0, 240
L -1235, 194, 211, -1213, 183, 212, 0, 0, 240
L -1259, 208, 212, -1235, 194, 211, 0, 0, 240
L -1275, 217, 211, -1259, 208, 212, 0, 0, 240
L -1291, 226, 211, -1275, 217, 211, 0, 0, 240
L -1309, 238, 211, -1291, 226, 211, 0, 0, 240
L -1323, 251, 211, -1309, 238, 211, 0, 0, 240
L -1336, 263, 212, -1323, 251, 211, 0, 0, 240
L -1350, 272, 211, -1336, 263, 212, 0, 0, 240
L -1371, 283, 211, -1350, 272, 211, 0, 0, 240
L -1395, 294, 211, -1371, 283, 211, 0, 0, 240
L -1422, 307, 211, -1395, 294, 211, 0, 0, 240
L -1631, 663, 213, -1619, 635, 212, 0, 0, 240
L -1640, 683, 212, -1631, 663, 213, 0, 0, 240
L -1652, 708, 213, -1640, 683, 212, 0, 0, 240
L -1666, 729, 212, -1652, 708, 213, 0, 0, 240
L -1679, 748, 212, -1666, 729, 212, 0, 0, 240
L -1691, 772, 212, -1679, 748, 212, 0, 0, 240
L -1702, 799, 212, -1691, 772, 212, 0, 0, 240
L -1706, 826, 204, -1702, 799, 212, 0, 0, 240
L -1783, 896, 213, -1706, 826, 204, 0, 0, 240
L -1812, 915, 214, -1783, 896, 213, 0, 0, 240
L -1834, 928, 218, -1812, 915, 214, 0, 0, 240
L -1869, 946, 223, -1834, 928, 218, 0, 0, 240
L -1907, 965, 226, -1869, 946, 223, 0, 0, 240
L -1899, 907, 373, -1899, 908, 365, 0, 127, 0
L -1883, 892, 381, -1899, 907, 373, 0, 127, 0
L -1867, 876, 387, -1883, 892, 381, 0, 127, 0
L -1853, 863, 390, -1867, 876, 387, 0, 127, 0
L -1840, 850, 391, -1853, 863, 390, 0, 127, 0
L -1825, 835, 390, -1840, 850, 391, 0, 127, 0
L -1806, 818, 391, -1825, 835, 390, 0, 127, 0
L -1788, 800, 393, -1806, 818, 391, 0, 127, 0
L -1767, 780, 399, -1788, 800, 393, 0, 127, 0
L -1750, 762, 407, -1767, 780, 399, 0, 127, 0
L -1728, 713, 429, -1750, 762, 407, 0, 127, 0
L -1716, 687, 437, -1728, 713, 429, 0, 127, 0
L -1707, 657, 449, -1716, 687, 437, 0, 127, 0
L -1707, 630, 461, -1707, 657, 449, 0, 127, 0
L -1707, 602, 470, -1707, 630, 461, 0, 127, 0
L -1706, 571, 481, -1707, 602, 470, 0, 127, 0
L -1706, 542, 494, -1706, 571, 481, 0, 127, 0
L -1706, 516, 505, -1706, 542, 494, 0, 127, 0
L -1704, 491, 514, -1706, 516, 505, 0, 127, 0
L -1692, 421, 541, -1704, 491, 514, 0, 127, 0
L -1684, 377, 554, -1692, 421, 541, 0, 127, 0
L -1678, 342, 605, -1684, 377, 554, 0, 127, 0
L -1674, 311, 614, -1678, 342, 605, 0, 127, 0
L -1665, 248, 624, -1674, 311, 614, 0, 127, 0
L -1662, 229, 623, -1665, 248, 624, 0, 127, 0
L -1657, 198, 614, -1662, 229, 623, 0, 127, 0
L -1650, 146, 614, -1657, 198, 614, 0, 127, 0
L -1647, 128, 615, -1650, 146, 614, 0, 127, 0
L -1643, 96, 610, -1647, 128, 615, 0, 127, 0
L -1638, 65, 604, -1643, 96, 610, 0, 127, 0
L -1633, 29, 604, -1638, 65, 604, 0, 127, 0
L -1633, 9, 603, -1633, 29, 604, 0, 127, 0
L -1634, -16, 594, -1633, 9, 603, 0, 127, 0
L -1635, -44, 582, -1634, -16, 594, 0, 127, 0
L -1635, -77, 583, -1635, -44, 582, 0, 127, 0
L -1640, -120, 585, -1635, -77, 583, 0, 127, 0
L -1645, -145, 585, -1640, -120, 585, 0, 127, 0
L -1650, -170, 583, -1645, -145, 585, 0, 127, 0
L -1652, -180, 581, -1650, -170, 583, 0, 127, 0
L -1656, -201, 580, -1652, -180, 581, 0, 127, 0
L -1663, -233, 580, -1656, -201, 580, 0, 127, 0
L -1661, -255, 576, -1663, -233, 580, 0, 127, 0
L -1661, -283, 565, -1661, -255, 576, 0, 127, 0
L -1671, -311, 547, -1661, -283, 565, 0, 127, 0
L -1686, -347, 532, -1671, -311, 547, 0, 127, 0
L -1688, -376, 532, -1686, -347, 532, 0, 127, 0
L -1689, -417, 532, -1688, -376, 532, 0, 127, 0
L -1689, -452, 531, -1689, -417, 532, 0, 127, 0
L -1688, -495, 521, -1689, -452, 531, 0, 127, 0
L -1691, -548, 527, -1688, -495, 521, 0, 127, 0
L -1688, -601, 543, -1691, -548, 527, 0, 127, 0
L -1679, -705, 579, -1688, -601, 543, 0, 127, 0
L -1669, -776, 602, -1679, -705, 579, 0, 127, 0
L -1664, -808, 609, -1669, -776, 602, 0, 127, 0
L -1643, -849, 605, -1664, -808, 609, 0, 127, 0
L -1638, -874, 601, -1643, -849, 605, 0, 127, 0
L -1639, -907, 587, -1638, -874, 601, 0, 127, 0
L -1632, -947, 565, -1639, -907, 587, 0, 127, 0
L -1622, -983, 557, -1632, -947, 565, 0, 127, 0
L -1609, -1025, 553, -1622, -983, 557, 0, 127, 0
L -1599, -1054, 552, -1609, -1025, 553, 0, 127, 0
L -1587, -1084, 554, -1599, -1054, 552, 0, 127, 0
L -1561, -1125, 553, -1587, -1084, 554, 0, 127, 0
L -1534, -1163, 560, -1561, -1125, 553, 0, 127, 0
L -1478, -1241, 578, -1534, -1163, 560, 0, 127, 0
L -1451, -1268, 586, -1478, -1241, 578, 0, 127, 0
L -1403, -1304, 591, -1451, -1268, 586, 0, 127, 0
L -1297, -1357, 594, -1403, -1304, 591, 0, 127, 0
L -1264, -1361, 593, -1297, -1357, 594, 0, 127, 0
L -1240, -1364, 591, -1264, -1361, 593, 0, 127, 0
L -1205, -1368, 576, -1240, -1364, 591, 0, 127, 0
L -1165, -1373, 567, -1205, -1368, 576, 0, 127, 0
L -1130, -1377, 558, -1165, -1373, 567, 0, 127, 0
L -1099, -1381, 535, -1130, -1377, 558, 0, 127, 0
L -1063, -1386, 512, -1099, -1381, 535, 0, 127, 0
L -1018, -1392, 522, -1063, -1386, 512, 0, 127, 0
L -966, -1408, 543, -1018, -1392, 522, 0, 127, 0
L -927, -1425, 561, -966, -1408, 543, 0, 127, 0
L -902, -1437, 569, -927, -1425, 561, 0, 127, 0
L -870, -1445, 579, -902, -1437, 569, 0, 127, 0
L -834, -1450, 586, -870, -1445, 579, 0, 127, 0
L -817, -1453, 652, -834, -1450, 586, 0, 127, 0
L -778, -1458, 667, -817, -1453, 652, 0, 127, 0
L -741, -1463, 674, -778, -1458, 667, 0, 127, 0
L -701, -1458, 676, -741, -1463, 674, 0, 127, 0
L -677, -1448, 673, -701, -1458, 676, 0, 127, 0
L -643, -1440, 674, -677, -1448, 673, 0, 127, 0
L -609, -1440, 678, -643, -1440, 674, 0, 127, 0
L -576, -1459, 675, -609, -1440, 678, 0, 127, 0
L -545, -1480, 662, -576, -1459, 675, 0, 127, 0
L -514, -1496, 665, -545, -1480, 662, 0, 127, 0
L -486, -1513, 669, -514, -1496, 665, 0, 127, 0
L -460, -1537, 662, -486, -1513, 669, 0, 127, 0
L -443, -1546, 651, -460, -1537, 662, 0, 127, 0
L -432, -1546, 644, -443, -1546, 651, 0, 127, 0
L -410, -1546, 639, -432, -1546, 644, 0, 127, 0
L -383, -1546, 638, -410, -1546, 639, 0, 127, 0
L -354, -1549, 628, -383, -1546, 638, 0, 127, 0
L -333, -1554, 615, -354, -1549, 628, 0, 127, 0
L -316, -1561, 603, -333, -1554, 615, 0, 127, 0
L -292, -1572, 586, -316, -1561, 603, 0, 127, 0
L -275, -1579, 578, -292, -1572, 586, 0, 127, 0
L -260, -1589, 576, -275, -1579, 578, 0, 127, 0
L -257, -1605, 583, -260, -1589, 576, 0, 127, 0
L -252, -1615, 589, -257, -1605, 583, 0, 127, 0
L -247, -1628, 596, -252, -1615, 589, 0, 127, 0
L -247, -1649, 601, -247, -1628, 596, 0, 127, 0
L -247, -1704, 601, -247, -1649, 601, 0, 127, 0
L -203, -1704, 601, -247, -1703, 601, 0, 127, 127
L -165, -1704, 601, -120, -1703, 601, 0, 127, 127
L -203, -1704, 601, -203, -1748, 601, 0, 127, 127
L -165, -1748, 601, -165, -1704, 601, 0, 127, 127
L -203, -1748, 599, -242, -1748, 599, 0, 127, 127
L -131, -1748, 592, -165, -1748, 593, 0, 127, 127
L -106, -2046, 551, -118, -2044, 552, 127, 0, 0
L -96, -2039, 550, -106, -2046, 551, 127, 0, 0
L -74, -2017, 550, -96, -2039, 550, 127, 0, 0
L -58, -2005, 552, -74, -2017, 550, 127, 0, 0
L -56, -1990, 557, -58, -2005, 552, 127, 0, 0
L -53, -1974, 553, -56, -1990, 557, 127, 0, 0
L -59, -1958, 551, -53, -1974, 553, 127, 0, 0
L -56, -1941, 558, -59, -1958, 551, 127, 0, 0
L -53, -1920, 550, -56, -1941, 558, 127, 0, 0
L -71, -1902, 553, -53, -1920, 550, 127, 0, 0
L -85, -1884, 550, -71, -1902, 553, 127, 0, 0
L -104, -1872, 556, -85, -1884, 550, 127, 0, 0
L -124, -1870, 554, -104, -1872, 556, 127, 0, 0
L -149, -1871, 551, -124, -1870, 554, 127, 0, 0
L -169, -1868, 561, -149, -1871, 551, 127, 0, 0
L -189, -1861, 550, -169, -1868, 561, 127, 0, 0
L -209, -1850, 575, -189, -1861, 550, 127, 0, 0
L -226, -1839, 580, -209, -1850, 575, 127, 0, 0
L -233, -1819, 589, -226, -1839, 580, 127, 0, 0
L -236, -1798, 598, -233, -1819, 589, 127, 0, 0
L -237, -1782, 599, -236, -1798, 598, 127, 0, 0
L -242, -1748, 600, -237, -1782, 599, 127, 0, 0
L -134, -1758, 589, -129, -1748, 595, 127, 0, 0
L -138, -1776, 582, -134, -1758, 589, 127, 0, 0
L -134, -1788, 569, -138, -1776, 582, 127, 0, 0
L -121, -1805, 557, -134, -1788, 569, 127, 0, 0
L -109, -1818, 550, -121, -1805, 557, 127, 0, 0
L -95, -1825, 552, -109, -1818, 550, 127, 0, 0
L -80, -1829, 552, -95, -1825, 552, 127, 0, 0
L -62, -1832, 551, -80, -1829, 552, 127, 0, 0
L -51, -1829, 552, -62, -1832, 551, 127, 0, 0
L -33, -1824, 550, -51, -1829, 552, 127, 0, 0
L -22, -1833, 547, -33, -1824, 550, 127, 0, 0
L -8, -1846, 561, -22, -1833, 547, 127, 0, 0
L 6, -1859, 578, -8, -1846, 561, 127, 0, 0
L 19, -1875, 585, 6, -1859, 578, 127, 0, 0
L 25, -1892, 588, 19, -1875, 585, 127, 0, 0
L 23, -1912, 587, 25, -1892, 588, 127, 0, 0
L 18, -1924, 574, 23, -1912, 587, 127, 0, 0
L 14, -1942, 569, 18, -1924, 574, 127, 0, 0
L 7, -1970, 571, 14, -1942, 569, 127, 0, 0
L -1, -1990, 578, 7, -1970, 571, 127, 0, 0
L -5, -2009, 584, -1, -1990, 578, 127, 0, 0
L -5, -2036, 567, -5, -2009, 584, 127, 0, 0
L -2, -2055, 564, -5, -2036, 567, 127, 0, 0
L -9, -2072, 565, -2, -2055, 564, 127, 0, 0
L -21, -2082, 557, -9, -2072, 565, 127, 0, 0
L -32, -2092, 556, -21, -2082, 557, 127, 0, 0
L -63, -2086, 556, -32, -2092, 556, 127, 0, 0
L -86, -2083, 551, -63, -2086, 556, 127, 0, 0
L 723, -659, 212, 774, -647, 212, 0, 0, 240
L 665, -683, 212, 723, -659, 212, 0, 0, 240
L 618, -708, 212, 665, -683, 212, 0, 0, 240
L 556, -744, 212, 618, -708, 212, 0, 0, 240
L 526, -759, 213, 556, -744, 212, 0, 0, 240
L 482, -776, 211, 526, -759, 213, 0, 0, 240
L 444, -788, 212, 482, -776, 211, 0, 0, 240
L 356, -813, 212, 444, -788, 212, 0, 0, 240
L 312, -823, 212, 356, -813, 212, 0, 0, 240
L 265, -833, 211, 312, -823, 212, 0, 0, 240
L 225, -842, 213, 265, -833, 211, 0, 0, 240
L 184, -849, 211, 225, -842, 213, 0, 0, 240
L 131, -855, 212, 184, -849, 211, 0, 0, 240
L 77, -858, 211, 131, -855, 212, 0, 0, 240
L 5, -853, 211, 77, -858, 211, 0, 0, 240
L -27, -848, 212, 5, -853, 211, 0, 0, 240
L -59, -843, 212, -27, -848, 212, 0, 0, 240
L -85, -844, 211, -59, -843, 212, 0, 0, 240
L -121, -847, 212, -85, -844, 211, 0, 0, 240
L -168, -853, 212, -121, -847, 212, 0, 0, 240
L -192, -854, 212, -168, -853, 212, 0, 0, 240
L -216, -855, 211, -192, -854, 212, 0, 0, 240
L -244, -856, 212, -216, -855, 211, 0, 0, 240
L -277, -858, 213, -244, -856, 212, 0, 0, 240
L -305, -861, 212, -277, -858, 213, 0, 0, 240
L -331, -864, 213, -305, -861, 212, 0, 0, 240
L -391, -868, 216, -331, -864, 213, 0, 0, 240
L -424, -870, 220, -391, -868, 216, 0, 0, 240
L -453, -871, 223, -424, -870, 220, 0, 0, 240
L -480, -872, 224, -453, -871, 223, 0, 0, 240
L -512, -869, 224, -480, -872, 224, 0, 0, 240
L -546, -858, 220, -512, -869, 224, 0, 0, 240
L -581, -841, 210, -546, -858, 220, 0, 0, 240
L -605, -823, 211, -581, -841, 210, 0, 0, 240
L -628, -799, 210, -605, -823, 211, 0, 0, 240
L -646, -775, 211, -628, -799, 210, 0, 0, 240
L -660, -729, 211, -646, -775, 211, 0, 0, 240
L -666, -694, 212, -660, -729, 211, 0, 0, 240
L -670, -561, 210, -667, -617, 212, 0, 0, 240
L -670, -527, 210, -670, -561, 210, 0, 0, 240
L -670, -497, 211, -670, -527, 210, 0, 0, 240
L -670, -458, 211, -670, -497, 211, 0, 0, 240
L -671, -423, 210, -670, -458, 211, 0, 0, 240
L -673, -357, 210, -671, -423, 210, 0, 0, 240
L -676, -327, 209, -673, -357, 210, 0, 0, 240
L -676, -276, 208, -676, -327, 209, 0, 0, 240
L -674, -243, 209, -676, -276, 208, 0, 0, 240
L -672, -198, 208, -674, -243, 209, 0, 0, 240
L -669, -164, 208, -672, -198, 208, 0, 0, 240
L -662, -123, 209, -669, -164, 208, 0, 0, 240
L -655, -89, 208, -662, -123, 209, 0, 0, 240
L -646, -49, 208, -655, -89, 208, 0, 0, 240
L -639, -17, 209, -646, -49, 208, 0, 0, 240
L -619, 22, 211, -639, -17, 209, 0, 0, 240
L -568, 74, 213, -619, 22, 211, 0, 0, 240
L -545, 101, 208, -568, 74, 213, 0, 0, 240
L -467, 154, 211, -545, 101, 208, 0, 0, 240
L -397, 182, 212, -467, 154, 211, 0, 0, 240
L -367, 193, 212, -397, 182, 212, 0, 0, 240
L -332, 205, 211, -367, 193, 212, 0, 0, 240
L -297, 216, 212, -332, 205, 211, 0, 0, 240
L -257, 229, 212, -297, 216, 212, 0, 0, 240
L -225, 242, 211, -257, 229, 212, 0, 0, 240
L -199, 254, 212, -225, 242, 211, 0, 0, 240
L -173, 267, 212, -199, 254, 212, 0, 0, 240
L -146, 282, 211, -173, 267, 212, 0, 0, 240
L -119, 298, 211, -146, 282, 211, 0, 0, 240
L -96, 314, 212, -119, 298, 211, 0, 0, 240
L -75, 330, 212, -96, 314, 212, 0, 0, 240
L -51, 353, 211, -75, 330, 212, 0, 0, 240
L -24, 383, 212, -51, 353, 211, 0, 0, 240
L 8, 408, 211, -24, 383, 212, 0, 0, 240
L 29, 424, 212, 8, 408, 211, 0, 0, 240
L 48, 443, 212, 29, 424, 212, 0, 0, 240
L 66, 463, 212, 48, 443, 212, 0, 0, 240
L 87, 487, 211, 66, 463, 212, 0, 0, 240
L 105, 510, 212, 87, 487, 211, 0, 0, 240
L 147, 560, 211, 105, 510, 212, 0, 0, 240
L 167, 584, 212, 147, 560, 211, 0, 0, 240
L 192, 609, 212, 167, 584, 212, 0, 0, 240
L 218, 636, 211, 192, 609, 212, 0, 0, 240
L 245, 665, 212, 218, 636, 211, 0, 0, 240
L 273, 698, 212, 245, 665, 212, 0, 0, 240
L 297, 726, 213, 273, 698, 212, 0, 0, 240
L 324, 756, 217, 297, 726, 213, 0, 0, 240
L 346, 781, 217, 324, 756, 217, 0, 0, 240
L 367, 807, 218, 346, 781, 217, 0, 0, 240
L 388, 837, 221, 367, 807, 218, 0, 0, 240
L 411, 874, 224, 388, 837, 221, 0, 0, 240
L 431, 908, 225, 411, 874, 224, 0, 0, 240
L 454, 949, 212, 431, 908, 225, 0, 0, 240
L 467, 980, 211, 454, 949, 212, 0, 0, 240
L 490, 1035, 212, 467, 980, 211, 0, 0, 240
L 508, 1077, 211, 490, 1035, 212, 0, 0, 240
L 524, 1117, 212, 508, 1077, 211, 0, 0, 240
L 540, 1158, 211, 524, 1117, 212, 0, 0, 240
L 552, 1188, 212, 540, 1158, 211, 0, 0, 240
L 562, 1218, 212, 552, 1188, 212, 0, 0, 240
L 573, 1254, 211, 562, 1218, 212, 0, 0, 240
L 582, 1278, 212, 573, 1254, 211, 0, 0, 240
L 594, 1306, 212, 582, 1278, 212, 0, 0, 240
L 609, 1336, 211, 594, 1306, 212, 0, 0, 240
L 636, 1382, 212, 609, 1336, 211, 0, 0, 240
L 655, 1407, 212, 636, 1382, 212, 0, 0, 240
L 677, 1428, 211, 655, 1407, 212, 0, 0, 240
L 702, 1448, 211, 677, 1428, 211, 0, 0, 240
L 726, 1461, 212, 702, 1448, 211, 0, 0, 240
L 752, 1468, 212, 726, 1461, 212, 0, 0, 240
L 777, 1470, 211, 752, 1468, 212, 0, 0, 240
L 807, 1469, 212, 777, 1470, 211, 0, 0, 240
L 835, 1464, 212, 807, 1469, 212, 0, 0, 240
L 866, 1456, 211, 835, 1464, 212, 0, 0, 240
L 903, 1444, 212, 866, 1456, 211, 0, 0, 240
L 964, 1422, 212, 903, 1444, 212, 0, 0, 240
L 1019, 1401, 212, 964, 1422, 212, 0, 0, 240
L 1048, 1386, 212, 1019, 1401, 212, 0, 0, 240
L 1072, 1372, 213, 1048, 1386, 212, 0, 0, 240
L 1100, 1357, 212, 1072, 1372, 213, 0, 0, 240
L 1161, 1325, 212, 1100, 1357, 212, 0, 0, 240
L 1186, 1309, 211, 1161, 1325, 212, 0, 0, 240
L 1207, 1292, 212, 1186, 1309, 211, 0, 0, 240
L 1227, 1272, 213, 1207, 1292, 212, 0, 0, 240
L 1245, 1249, 212, 1227, 1272, 213, 0, 0, 240
L 1260, 1221, 211, 1245, 1249, 212, 0, 0, 240
L 1273, 1194, 212, 1260, 1221, 211, 0, 0, 240
L 1282, 1166, 213, 1273, 1194, 212, 0, 0, 240
L 1289, 1136, 213, 1282, 1166, 213, 0, 0, 240
L 1292, 1107, 212, 1289, 1136, 213, 0, 0, 240
L 1291, 1082, 211, 1292, 1107, 212, 0, 0, 240
L 1288, 1058, 212, 1291, 1082, 211, 0, 0, 240
L 1283, 1030, 213, 1288, 1058, 212, 0, 0, 240
L 1278, 1004, 213, 1283, 1030, 213, 0, 0, 240
L 1269, 951, 211, 1278, 1004, 213, 0, 0, 240
L 1261, 927, 212, 1269, 951, 211, 0, 0, 240
L 1251, 904, 213, 1261, 927, 212, 0, 0, 240
L 1241, 884, 212, 1251, 904, 213, 0, 0, 240
L 1226, 861, 211, 1241, 884, 212, 0, 0, 240
L 1211, 834, 212, 1226, 861, 211, 0, 0, 240
L 1199, 809, 213, 1211, 834, 212, 0, 0, 240
L 1193, 785, 212, 1199, 809, 213, 0, 0, 240
L 1190, 757, 212, 1193, 785, 212, 0, 0, 240
L 1191, 731, 213, 1190, 757, 212, 0, 0, 240
L 1197, 701, 212, 1191, 731, 213, 0, 0, 240
L 1209, 679, 212, 1197, 701, 212, 0, 0, 240
L 1223, 658, 213, 1209, 679, 212, 0, 0, 240
L 1235, 638, 212, 1223, 658, 213, 0, 0, 240
L 1246, 611, 213, 1235, 638, 212, 0, 0, 240
L 1251, 587, 213, 1246, 611, 213, 0, 0, 240
L 1254, 559, 213, 1251, 587, 213, 0, 0, 240
L 1260, 535, 214, 1254, 559, 213, 0, 0, 240
L 1270, 508, 215, 1260, 535, 214, 0, 0, 240
L 1274, 481, 216, 1270, 508, 215, 0, 0, 240
L 1276, 449, 215, 1274, 481, 216, 0, 0, 240
L 1275, 409, 219, 1276, 449, 215, 0, 0, 240
L 1272, 374, 225, 1275, 409, 219, 0, 0, 240
L 1268, 337, 228, 1272, 374, 225, 0, 0, 240
L 1266, 298, 232, 1268, 337, 228, 0, 0, 240
L 1264, 266, 236, 1266, 298, 232, 0, 0, 240
L 1257, 220, 243, 1264, 266, 236, 0, 0, 240
L 1239, 175, 254, 1257, 220, 243, 0, 0, 240
L 1224, 125, 258, 1239, 175, 254, 0, 0, 240
L 1251, 43, 218, 1224, 125, 258, 0, 0, 240
L 1256, 16, 218, 1251, 43, 218, 0, 0, 240
L 1253, -12, 212, 1256, 16, 218, 0, 0, 240
L 1247, -38, 213, 1253, -12, 212, 0, 0, 240
L 1245, -70, 212, 1247, -38, 213, 0, 0, 240
L 1250, -103, 212, 1245, -70, 212, 0, 0, 240
L 1257, -126, 213, 1250, -103, 212, 0, 0, 240
L 1267, -147, 212, 1257, -126, 213, 0, 0, 240
L 1280, -167, 212, 1267, -147, 212, 0, 0, 240
L 1291, -188, 213, 1280, -167, 212, 0, 0, 240
L 1299, -210, 212, 1291, -188, 213, 0, 0, 240
L 1310, -237, 211, 1299, -210, 212, 0, 0, 240
L 1322, -263, 212, 1310, -237, 211, 0, 0, 240
L 1328, -288, 212, 1322, -263, 212, 0, 0, 240
L 1327, -317, 211, 1328, -288, 212, 0, 0, 240
L 1329, -387, 213, 1327, -317, 211, 0, 0, 240
L 1330, -423, 211, 1329, -387, 213, 0, 0, 240
L 1332, -489, 213, 1330, -423, 211, 0, 0, 240
L 1333, -519, 212, 1332, -489, 213, 0, 0, 240
L 1332, -550, 212, 1333, -519, 212, 0, 0, 240
L 1327, -579, 213, 1332, -550, 212, 0, 0, 240
L 1320, -602, 212, 1327, -579, 213, 0, 0, 240
L 1315, -623, 212, 1320, -602, 212, 0, 0, 240
L 1312, -643, 213, 1315, -623, 212, 0, 0, 240
L 1300, -664, 212, 1312, -643, 213, 0, 0, 240
L 1287, -680, 212, 1300, -664, 212, 0, 0, 240
L 1269, -697, 212, 1287, -680, 212, 0, 0, 240
L 1253, -705, 213, 1269, -697, 212, 0, 0, 240
L 1233, -710, 212, 1253, -705, 213, 0, 0, 240
L 1209, -711, 213, 1233, -710, 212, 0, 0, 240
L 1166, -706, 212, 1209, -711, 213, 0, 0, 240
L 1122, -701, 212, 1166, -706, 212, 0, 0, 240
L 1072, -696, 213, 1122, -701, 212, 0, 0, 240
L 1051, -695, 212, 1072, -696, 213, 0, 0, 240
L 1021, -690, 213, 1051, -695, 212, 0, 0, 240
L 999, -683, 212, 1021, -690, 213, 0, 0, 240
L 963, -668, 213, 999, -683, 212, 0, 0, 240
L 936, -658, 216, 963, -668, 213, 0, 0, 240
L 917, -653, 217, 936, -658, 216, 0, 0, 240
L 780, -647, 217, 917, -653, 217, 0, 0, 240
L 1716, 1038, 307, 1733, 947, 306, 0, 127, 0
L 1733, 947, 306, 1737, 882, 305, 0, 127, 0
L 1737, 882, 305, 1734, 821, 306, 0, 127, 0
L 1734, 821, 306, 1726, 780, 304, 0, 127, 0
L 1726, 780, 304, 1719, 744, 301, 0, 127, 0
L 1719, 744, 301, 1713, 713, 300, 0, 127, 0
L 1713, 713, 300, 1708, 688, 298, 0, 127, 0
L 1708, 688, 298, 1696, 622, 294, 0, 127, 0
L 1696, 622, 294, 1690, 593, 295, 0, 127, 0
L 1690, 593, 295, 1689, 564, 298, 0, 127, 0
L 1689, 564, 298, 1696, 534, 299, 0, 127, 0
L 1696, 534, 299, 1700, 507, 299, 0, 127, 0
L 1700, 507, 299, 1708, 444, 299, 0, 127, 0
L 1708, 444, 299, 1719, 361, 310, 0, 127, 0
L 1719, 361, 310, 1747, 292, 309, 0, 127, 0
L 1747, 292, 309, 1740, 263, 309, 0, 127, 0
L 1740, 263, 309, 1726, 217, 306, 0, 127, 0
L 1726, 217, 306, 1698, 143, 308, 0, 127, 0
L 1698, 143, 308, 1694, 117, 307, 0, 127, 0
L 1694, 117, 307, 1697, 61, 305, 0, 127, 0
L 1697, 61, 305, 1698, 7, 313, 0, 127, 0
L 1698, 7, 313, 1681, -31, 316, 0, 127, 0
L 1681, -31, 316, 1646, -54, 313, 0, 127, 0
L 1646, -54, 313, 1606, -81, 308, 0, 127, 0
L 1606, -81, 308, 1580, -109, 317, 0, 127, 0
L 1580, -109, 317, 1560, -139, 322, 0, 127, 0
L 1560, -139, 322, 1547, -171, 327, 0, 127, 0
L 1547, -171, 327, 1548, -205, 332, 0, 127, 0
L 1548, -205, 332, 1553, -249, 342, 0, 127, 0
L 1553, -249, 342, 1550, -294, 350, 0, 127, 0
L 1550, -294, 350, 1547, -331, 359, 0, 127, 0
L 1547, -331, 359, 1552, -373, 373, 0, 127, 0
L 1552, -373, 373, 1559, -408, 387, 0, 127, 0
L 1559, -408, 387, 1567, -452, 401, 0, 127, 0
L 1567, -452, 401, 1570, -496, 409, 0, 127, 0
L 1570, -496, 409, 1571, -534, 418, 0, 127, 0
L 1571, -534, 418, 1585, -579, 440, 0, 127, 0
L 1585, -579, 440, 1607, -617, 459, 0, 127, 0
L 1607, -617, 459, 1627, -663, 474, 0, 127, 0
L 1627, -663, 474, 1635, -718, 470, 0, 127, 0
L 1635, -718, 470, 1636, -765, 467, 0, 127, 0
L 1636, -765, 467, 1637, -816, 474, 0, 127, 0
L 1637, -816, 474, 1638, -862, 488, 0, 127, 0
L 1638, -862, 488, 1638, -903, 489, 0, 127, 0
L 1638, -903, 489, 1638, -946, 501, 0, 127, 0
L 1638, -946, 501, 1637, -980, 501, 0, 127, 0
L 1637, -980, 501, 1631, -1005, 497, 0, 127, 0
L 1631, -1005, 497, 1614, -1077, 483, 0, 127, 0
L 1614, -1077, 483, 1595, -1154, 470, 0, 127, 0
L 1595, -1154, 470, 1583, -1191, 463, 0, 127, 0
L 1583, -1191, 463, 1546, -1202, 453, 0, 127, 0
L 1546, -1202, 453, 1456, -1228, 433, 0, 127, 0
L 1456, -1228, 433, 1345, -1258, 387, 0, 127, 0
L 1345, -1258, 387, 1299, -1267, 389, 0, 127, 0
L 1299, -1267, 389, 1237, -1281, 402, 0, 127, 0
L 1237, -1281, 402, 1178, -1291, 427, 0, 127, 0
L 1178, -1291, 427, 1107, -1301, 451, 0, 127, 0
L 1107, -1301, 451, 1059, -1308, 470, 0, 127, 0
L 1059, -1308, 470, 996, -1315, 491, 0, 127, 0
L 996, -1315, 491, 954, -1320, 494, 0, 127, 0
L 954, -1320, 494, 807, -1335, 529, 0, 127, 0
L 807, -1335, 529, 757, -1340, 524, 0, 127, 0
L 757, -1340, 524, 687, -1345, 508, 0, 127, 0
L 687, -1345, 508, 626, -1362, 492, 0, 127, 0
L 626, -1362, 492, 560, -1380, 480, 0, 127, 0
L 560, -1380, 480, 478, -1392, 445, 0, 127, 0
L 478, -1392, 445, 375, -1405, 451, 0, 127, 0
L 375, -1405, 451, 316, -1413, 478, 0, 127, 0
L 316, -1413, 478, 265, -1419, 505, 0, 127, 0
L 265, -1419, 505, 217, -1422, 548, 0, 127, 0
L 217, -1422, 548, 183, -1425, 560, 0, 127, 0
L 183, -1425, 560, 146, -1467, 569, 0, 127, 0
L 146, -1467, 569, 121, -1533, 609, 0, 127, 0
L 121, -1533, 609, 116, -1576, 626, 0, 127, 0
L 116, -1576, 626, 117, -1629, 643, 0, 127, 0
L 117, -1629, 643, 97, -1673, 665, 0, 127, 0
L 97, -1673, 665, 82, -1695, 666, 0, 127, 0
L 82, -1695, 666, 7, -1697, 660, 0, 127, 0
L 7, -1697, 660, 7, -1669, 663, 0, 127, 0
L 7, -1669, 663, -2, -1669, 664, 0, 127, 0
L -2, -1669, 664, -4, -1625, 665, 0, 127, 0
L -4, -1625, 665, -23, -1608, 663, 0, 127, 0
L -23, -1608, 663, -63, -1608, 663, 0, 127, 0
L -63, -1608, 663, -65, -1598, 647, 0, 127, 0
L -65, -1598, 647, -111, -1598, 645, 0, 127, 0
