L -532, 2378, 5, -523, 2378, 5, 0, 0, 0
L -532, 2387, 6, -532, 2377, 6, 0, 0, 0
L -497, 2400, 6, -496, 2400, 6, 0, 0, 0
L -488, 2397, 5, -497, 2397, 5, 0, 0, 0
L -488, 2378, 5, -488, 2397, 5, 0, 0, 0
L -514, 2378, 9, -488, 2378, 11, 0, 0, 0
L -532, 2407, 5, -532, 2378, 5, 0, 0, 0
L -497, 2407, 5, -532, 2407, 5, 0, 0, 0
L -497, 2405, 5, -497, 2407, 5, 0, 0, 0
L -497, 2397, 5, -497, 2400, 5, 0, 0, 0
L -497, 2405, 5, -496, 2405, 5, 0, 0, 0
L -496, 2407, 5, -496, 2405, 5, 0, 0, 0
L -496, 2397, 5, -488, 2397, 5, 0, 0, 0
L -496, 2397, 5, -496, 2400, 5, 0, 0, 0
L -532, 2407, 6, -496, 2407, 6, 0, 0, 0
L -532, 2398, 6, -532, 2407, 6, 0, 0, 0
L -535, 2396, 11, -532, 2398, 11, 0, 0, 0
L -535, 2389, 11, -535, 2396, 11, 0, 0, 0
L -532, 2387, 11, -535, 2389, 11, 0, 0, 0
L -526, 2377, 6, -523, 2377, 6, 0, 0, 0
L -526, 2377, 6, -532, 2377, 6, 0, 0, 0
L -523, 2378, 6, -523, 2377, 6, 0, 0, 0
L -514, 2378, 6, -514, 2377, 6, 0, 0, 0
L -488, 2377, 6, -514, 2377, 6, 0, 0, 0
L -488, 2397, 5, -488, 2377, 5, 0, 0, 0
L -602, 2669, 2, -602, 2663, 2, 0, 0, 0
L -609, 2641, 1, -607, 2641, 1, 0, 0, 0
L -602, 2654, 2, -602, 2658, 3, 0, 0, 0
L -608, 2654, 2, -602, 2654, 2, 0, 0, 0
L -608, 2653, 2, -608, 2654, 2, 0, 0, 0
L -602, 2653, 2, -608, 2653, 2, 0, 0, 0
L -602, 2638, 1, -602, 2653, 2, 0, 0, 0
L -607, 2638, 1, -602, 2638, 1, 0, 0, 0
L -607, 2641, 1, -607, 2638, 1, 0, 0, 0
L -615, 2638, 1, -615, 2641, 1, 0, 0, 0
L -614, 2653, 2, -614, 2654, 2, 0, 0, 0
L -620, 2653, 2, -614, 2653, 2, 0, 0, 0
L -620, 2638, 1, -615, 2638, 1, 0, 0, 0
L -620, 2653, 2, -620, 2638, 1, 0, 0, 0
L -619, 2654, 2, -614, 2654, 2, 0, 0, 0
L -619, 2654, 2, -619, 2669, 2, 0, 0, 0
L -614, 2669, 4, -619, 2669, 4, 0, 0, 0
L -614, 2670, 3, -614, 2669, 3, 0, 0, 0
L -620, 2670, 3, -614, 2670, 3, 0, 0, 0
L -620, 2682, 3, -620, 2670, 3, 0, 0, 0
L -602, 2682, 3, -620, 2682, 3, 0, 0, 0
L -602, 2670, 3, -602, 2682, 3, 0, 0, 0
L -608, 2670, 3, -602, 2670, 3, 0, 0, 0
L -608, 2669, 3, -608, 2670, 3, 0, 0, 0
L -602, 2669, 2, -608, 2669, 2, 0, 0, 0
L -602, 2663, 1, -596, 2663, -0, 0, 0, 0
L -602, 2658, 1, -596, 2658, -0, 0, 0, 0
L -596, 2658, -0, -596, 2655, -0, 0, 0, 0
L -596, 2666, -0, -596, 2663, -0, 0, 0, 0
L -601, 2665, -0, -596, 2666, -0, 0, 0, 0
L -601, 2684, -0, -601, 2665, -0, 0, 0, 0
L -621, 2684, -0, -601, 2684, -0, 0, 0, 0
L -621, 2636, -0, -621, 2684, -0, 0, 0, 0
L -601, 2636, -0, -621, 2636, -0, 0, 0, 0
L -601, 2655, -0, -601, 2636, -0, 0, 0, 0
L -596, 2655, -0, -601, 2655, -0, 0, 0, 0
L -639, 2799, 0, -641, 2799, 0, 0, 0, 0
L -639, 2790, 0, -641, 2790, 0, 0, 0, 0
L -617, 2778, 3, -593, 2778, 11, 0, 0, 0
L -617, 2779, 0, -617, 2778, 0, 0, 0, 0
L -579, 2779, 1, -617, 2779, 1, 0, 0, 0
L -579, 2812, 1, -579, 2779, 1, 0, 0, 0
L -599, 2812, 1, -579, 2812, 1, 0, 0, 0
L -601, 2811, 0, -599, 2812, 1, 0, 0, 0
L -609, 2811, 0, -611, 2812, 1, 0, 0, 0
L -639, 2812, 1, -611, 2812, 1, 0, 0, 0
L -639, 2799, 1, -639, 2812, 1, 0, 0, 0
L -639, 2766, 1, -579, 2766, 1, 0, 0, 0
L -639, 2790, 1, -639, 2766, 1, 0, 0, 0
L -641, 2799, -1, -641, 2814, -1, 0, 0, 0
L -612, 2813, 2, -641, 2814, 2, 0, 0, 0
L -610, 2817, -0, -612, 2813, -0, 0, 0, 0
L -600, 2818, -0, -610, 2817, -0, 0, 0, 0
L -598, 2814, -0, -600, 2818, -0, 0, 0, 0
L -578, 2814, 2, -598, 2814, 2, 0, 0, 0
L -578, 2764, 2, -578, 2814, 2, 0, 0, 0
L -641, 2764, -1, -578, 2764, -0, 0, 0, 0
L -641, 2790, -1, -641, 2764, -1, 0, 0, 0
L -592, 2533, 0, -592, 2485, 0, 0, 0, 0
L -642, 2533, -1, -592, 2533, -0, 0, 0, 0
L -642, 2460, -0, -642, 2533, -1, 0, 0, 0
L -592, 2460, -0, -642, 2460, -0, 0, 0, 0
L -591, 2476, -0, -592, 2460, -0, 0, 0, 0
L -594, 2476, 1, -591, 2476, 1, 0, 0, 0
L -594, 2485, 1, -592, 2485, 1, 0, 0, 0
L -594, 2530, 2, -594, 2485, 2, 0, 0, 0
L -639, 2530, 2, -594, 2530, 2, 0, 0, 0
L -639, 2503, 2, -639, 2530, 2, 0, 0, 0
L -605, 2503, 2, -639, 2503, 2, 0, 0, 0
L -605, 2502, 1, -605, 2503, 1, 0, 0, 0
L -639, 2502, 2, -605, 2502, 2, 0, 0, 0
L -639, 2464, 2, -639, 2502, 2, 0, 0, 0
L -594, 2463, 2, -639, 2463, 2, 0, 0, 0
L -594, 2476, 2, -594, 2463, 2, 0, 0, 0
L -456, 2502, 5, -451, 2502, 5, 0, 0, 0
L -456, 2502, 5, -456, 2497, 5, 0, 0, 0
L -456, 2497, 6, -458, 2497, 6, 0, 0, 0
L -458, 2502, 6, -458, 2497, 6, 0, 0, 0
L -458, 2502, 6, -470, 2502, 6, 0, 0, 0
L -470, 2485, 6, -470, 2502, 6, 0, 0, 0
L -458, 2485, 6, -470, 2485, 6, 0, 0, 0
L -458, 2490, 6, -458, 2485, 6, 0, 0, 0
L -456, 2490, 6, -458, 2490, 6, 0, 0, 0
L -456, 2485, 7, -456, 2490, 5, 0, 0, 0
L -442, 2485, 5, -456, 2485, 5, 0, 0, 0
L -442, 2490, 5, -442, 2485, 11, 0, 0, 0
L -440, 2490, 5, -442, 2490, 5, 0, 0, 0
L -440, 2485, 5, -440, 2490, 5, 0, 0, 0
L -426, 2485, 4, -440, 2485, 5, 0, 0, 0
L -426, 2489, 4, -426, 2485, 4, 0, 0, 0
L -426, 2489, 4, -429, 2489, 4, 0, 0, 0
L -429, 2491, 4, -429, 2489, 4, 0, 0, 0
L -429, 2497, 4, -429, 2496, 4, 0, 0, 0
L -426, 2497, 4, -429, 2497, 4, 0, 0, 0
L -426, 2502, 4, -426, 2497, 4, 0, 0, 0
L -440, 2502, 5, -426, 2502, 4, 0, 0, 0
L -440, 2498, 5, -440, 2502, 5, 0, 0, 0
L -442, 2497, 5, -441, 2497, 5, 0, 0, 0
L -442, 2502, 5, -442, 2497, 5, 0, 0, 0
L -442, 2502, 5, -445, 2502, 5, 0, 0, 0
L -451, 2509, 3, -451, 2502, 3, 0, 0, 0
L -445, 2509, 3, -445, 2502, 3, 0, 0, 0
L -424, 2503, 3, -443, 2503, 3, 0, 0, 0
L -424, 2484, 3, -424, 2503, 3, 0, 0, 0
L -472, 2484, 3, -424, 2484, 3, 0, 0, 0
L -472, 2503, 3, -472, 2484, 3, 0, 0, 0
L -472, 2503, 3, -453, 2503, 3, 0, 0, 0
L -453, 2503, 3, -454, 2509, 3, 0, 0, 0
L -451, 2509, 3, -454, 2509, 3, 0, 0, 0
L -445, 2509, 3, -443, 2509, 3, 0, 0, 0
L -443, 2503, 3, -443, 2509, 3, 0, 0, 0
L -484, 2596, 4, -481, 2596, 4, 0, 0, 0
L -484, 2598, 5, -484, 2596, 5, 0, 0, 0
L -518, 2598, 5, -484, 2598, 5, 0, 0, 0
L -518, 2590, 4, -518, 2598, 4, 0, 0, 0
L -516, 2587, 4, -518, 2590, 4, 0, 0, 0
L -516, 2580, 4, -518, 2577, 4, 0, 0, 0
L -518, 2569, 4, -518, 2577, 4, 0, 0, 0
L -509, 2569, 5, -518, 2569, 5, 0, 0, 0
L -509, 2569, 4, -509, 2568, 4, 0, 0, 0
L -512, 2568, 3, -509, 2568, 3, 0, 0, 0
L -518, 2568, 5, -512, 2568, 5, 0, 0, 0
L -518, 2578, 5, -518, 2568, 5, 0, 0, 0
L -522, 2580, 3, -518, 2578, 3, 0, 0, 0
L -522, 2588, 3, -522, 2580, 3, 0, 0, 0
L -518, 2590, 3, -522, 2588, 3, 0, 0, 0
L -518, 2599, 5, -518, 2590, 5, 0, 0, 0
L -484, 2599, 5, -518, 2599, 5, 0, 0, 0
L -484, 2599, 3, -481, 2599, 3, 0, 0, 0
L -484, 2599, 5, -484, 2599, 3, 0, 0, 0
L -481, 2596, 4, -481, 2599, 3, 0, 0, 0
L -481, 2589, 5, -481, 2591, 4, 0, 0, 0
L -484, 2591, 4, -481, 2591, 4, 0, 0, 0
L -484, 2591, 4, -484, 2588, 4, 0, 0, 0
L -474, 2588, 5, -484, 2588, 5, 0, 0, 0
L -474, 2569, 5, -474, 2588, 5, 0, 0, 0
L -500, 2569, 5, -474, 2569, 5, 0, 0, 0
L -500, 2569, 4, -500, 2568, 4, 0, 0, 0
L -497, 2568, 3, -500, 2568, 3, 0, 0, 0
L -474, 2568, 5, -497, 2568, 5, 0, 0, 0
L -474, 2589, 5, -474, 2568, 5, 0, 0, 0
L -481, 2589, 5, -474, 2589, 5, 0, 0, 0
L -463, 2679, 7, -461, 2678, 6, 0, 0, 0
L -458, 2675, 7, -457, 2673, 7, 0, 0, 0
L -466, 2667, 7, -460, 2667, 7, 0, 0, 0
L -469, 2675, 7, -469, 2673, 7, 0, 0, 0
L -469, 2675, 6, -466, 2678, 6, 0, 0, 0
L -466, 2678, 6, -463, 2679, 6, 0, 0, 0
L -460, 2667, 7, -458, 2670, 7, 0, 0, 0
L -469, 2670, 7, -466, 2667, 7, 0, 0, 0
L -469, 2670, 7, -469, 2673, 7, 0, 0, 0
L -458, 2670, 7, -457, 2673, 7, 0, 0, 0
L -461, 2678, 6, -458, 2675, 6, 0, 0, 0
L -474, 2777, 5, -474, 2775, 4, 0, 0, 0
L -471, 2775, 4, -471, 2778, 4, 0, 0, 0
L -481, 2797, 5, -455, 2797, 5, 0, 0, 0
L -481, 2778, 5, -481, 2797, 5, 0, 0, 0
L -471, 2778, 5, -481, 2778, 5, 0, 0, 0
L -474, 2775, 4, -471, 2775, 4, 0, 0, 0
L -481, 2777, 5, -474, 2777, 5, 0, 0, 0
L -481, 2797, 5, -481, 2777, 5, 0, 0, 0
L -455, 2797, 5, -481, 2797, 5, 0, 0, 0
L -437, 2797, 5, -446, 2797, 5, 0, 0, 0
L -437, 2797, 5, -437, 2788, 5, 0, 0, 0
L -433, 2786, 3, -437, 2788, 3, 0, 0, 0
L -433, 2778, 3, -433, 2786, 3, 0, 0, 0
L -437, 2776, 5, -433, 2778, 3, 0, 0, 0
L -437, 2767, 5, -437, 2776, 5, 0, 0, 0
L -474, 2767, 5, -437, 2767, 5, 0, 0, 0
L -474, 2770, 4, -474, 2767, 4, 0, 0, 0
L -471, 2770, 4, -474, 2770, 4, 0, 0, 0
L -471, 2768, 5, -471, 2770, 5, 0, 0, 0
L -437, 2768, 5, -471, 2768, 5, 0, 0, 0
L -437, 2776, 4, -437, 2768, 4, 0, 0, 0
L -439, 2779, 4, -437, 2776, 4, 0, 0, 0
L -439, 2786, 4, -437, 2789, 4, 0, 0, 0
L -437, 2797, 4, -437, 2789, 4, 0, 0, 0
L -446, 2797, 5, -437, 2797, 5, 0, 0, 0
L -300, 2777, 5, -326, 2777, 5, 0, 0, 0
L -300, 2777, 5, -300, 2796, 5, 0, 0, 0
L -309, 2796, 5, -300, 2796, 5, 0, 0, 0
L -309, 2799, 4, -309, 2796, 4, 0, 0, 0
L -308, 2799, 4, -309, 2799, 4, 0, 0, 0
L -308, 2797, 5, -300, 2797, 5, 0, 0, 0
L -308, 2807, 4, -308, 2804, 4, 0, 0, 0
L -308, 2797, 4, -308, 2799, 4, 0, 0, 0
L -300, 2776, 5, -300, 2797, 5, 0, 0, 0
L -326, 2776, 5, -300, 2776, 5, 0, 0, 0
L -326, 2777, 4, -326, 2776, 4, 0, 0, 0
L -335, 2777, 4, -335, 2776, 4, 0, 0, 0
L -344, 2777, 5, -335, 2777, 5, 0, 0, 0
L -344, 2785, 4, -344, 2777, 4, 0, 0, 0
L -342, 2788, 4, -344, 2785, 4, 0, 0, 0
L -344, 2798, 4, -344, 2805, 4, 0, 0, 0
L -342, 2795, 4, -344, 2798, 4, 0, 0, 0
L -309, 2805, 4, -344, 2805, 4, 0, 0, 0
L -309, 2804, 4, -309, 2805, 4, 0, 0, 0
L -309, 2804, 4, -308, 2804, 4, 0, 0, 0
L -344, 2807, 5, -308, 2807, 5, 0, 0, 0
L -344, 2798, 5, -344, 2807, 5, 0, 0, 0
L -348, 2796, 3, -344, 2798, 3, 0, 0, 0
L -348, 2788, 3, -348, 2796, 3, 0, 0, 0
L -344, 2786, 5, -348, 2788, 3, 0, 0, 0
L -344, 2776, 5, -344, 2786, 5, 0, 0, 0
L -335, 2776, 5, -344, 2776, 5, 0, 0, 0
L -313, 2561, 4, -313, 2569, 4, 0, 0, 0
L -315, 2558, 4, -313, 2561, 4, 0, 0, 0
L -315, 2552, 4, -313, 2548, 4, 0, 0, 0
L -313, 2540, 4, -313, 2548, 4, 0, 0, 0
L -348, 2540, 4, -348, 2542, 4, 0, 0, 0
L -313, 2540, 5, -348, 2540, 5, 0, 0, 0
L -348, 2542, 4, -349, 2542, 4, 0, 0, 0
L -349, 2542, 4, -349, 2539, 4, 0, 0, 0
L -312, 2539, 5, -349, 2539, 5, 0, 0, 0
L -312, 2548, 5, -312, 2539, 5, 0, 0, 0
L -309, 2550, 3, -312, 2548, 3, 0, 0, 0
L -309, 2558, 3, -312, 2560, 5, 0, 0, 0
L -309, 2558, 3, -309, 2550, 3, 0, 0, 0
L -312, 2570, 5, -312, 2560, 5, 0, 0, 0
L -312, 2570, 5, -322, 2570, 5, 0, 0, 0
L -322, 2569, 5, -313, 2569, 5, 0, 0, 0
L -322, 2569, 4, -322, 2570, 4, 0, 0, 0
L -357, 2549, 5, -357, 2570, 5, 0, 0, 0
L -349, 2549, 5, -357, 2549, 5, 0, 0, 0
L -349, 2547, 4, -349, 2549, 4, 0, 0, 0
L -349, 2547, 4, -348, 2547, 4, 0, 0, 0
L -348, 2550, 4, -348, 2547, 4, 0, 0, 0
L -356, 2550, 5, -348, 2550, 5, 0, 0, 0
L -356, 2569, 5, -356, 2550, 5, 0, 0, 0
L -332, 2569, 5, -356, 2569, 5, 0, 0, 0
L -332, 2570, 4, -332, 2569, 4, 0, 0, 0
L -357, 2570, 5, -332, 2570, 5, 0, 0, 0
L -362, 2633, 3, -311, 2633, 3, 0, 0, 0
L -362, 2679, 3, -362, 2633, 3, 0, 0, 0
L -359, 2679, 4, -362, 2679, 3, 0, 0, 0
L -359, 2635, 4, -359, 2679, 4, 0, 0, 0
L -314, 2635, 4, -359, 2635, 4, 0, 0, 0
L -314, 2662, 4, -314, 2635, 4, 0, 0, 0
L -349, 2662, 4, -314, 2662, 4, 0, 0, 0
L -349, 2663, 4, -314, 2663, 4, 0, 0, 0
L -349, 2663, 4, -349, 2662, 4, 0, 0, 0
L -314, 2702, 4, -314, 2663, 4, 0, 0, 0
L -359, 2702, 4, -314, 2702, 4, 0, 0, 0
L -359, 2702, 4, -359, 2690, 4, 0, 0, 0
L -359, 2690, 4, -362, 2690, 4, 0, 0, 0
L -362, 2690, 3, -362, 2705, 3, 0, 0, 0
L -362, 2705, 3, -312, 2705, 3, 0, 0, 0
L -311, 2633, 3, -312, 2705, 3, 0, 0, 0
L -666, 2559, 2, -666, 2537, 1, 0, 0, 0
L -667, 2591, 2, -666, 2559, 2, 0, 0, 0
L -665, 2604, 2, -667, 2591, 2, 0, 0, 0
L -665, 2642, -0, -665, 2604, 2, 0, 0, 0
L -666, 2656, -0, -665, 2642, -0, 0, 0, 0
L -666, 2658, -2, -666, 2656, -0, 0, 0, 0
L -666, 2659, -2, -666, 2658, -2, 0, 0, 0
L -668, 2672, -0, -666, 2659, -2, 0, 0, 0
L -1058, 2672, -25, -668, 2672, -25, 0, 0, 0
L -1058, 2708, -25, -1058, 2672, -25, 0, 0, 0
L -664, 2709, 2, -1058, 2708, 2, 0, 0, 0
L -664, 2728, 0, -664, 2709, 0, 0, 0, 0
L -663, 2739, 0, -664, 2728, 0, 0, 0, 0
L -665, 2754, 0, -663, 2739, 0, 0, 0, 0
L -665, 2758, -1, -665, 2754, 0, 0, 0, 0
L -666, 2765, -1, -665, 2758, -1, 0, 0, 0
L -666, 2792, -1, -666, 2765, -1, 0, 0, 0
L -665, 2817, -2, -666, 2792, -1, 0, 0, 0
L -665, 2829, -2, -665, 2817, -2, 0, 0, 0
L -664, 2842, -1, -665, 2829, -2, 0, 0, 0
L -1503, 3829, -49, -1529, 3843, -49, 0, 0, 240
L -1490, 3821, -49, -1503, 3829, -49, 0, 0, 240
L -1473, 3809, -49, -1490, 3821, -49, 0, 0, 240
L -1465, 3805, -49, -1473, 3809, -49, 0, 0, 240
L -1459, 3801, -49, -1465, 3805, -49, 0, 0, 240
L -1447, 3795, -49, -1459, 3801, -49, 0, 0, 240
L -1443, 3794, -49, -1447, 3795, -49, 0, 0, 240
L -1425, 3788, -49, -1443, 3794, -49, 0, 0, 240
L -1375, 3773, -49, -1425, 3788, -49, 0, 0, 240
L -1357, 3766, -49, -1375, 3773, -49, 0, 0, 240
L -1346, 3760, -49, -1357, 3766, -49, 0, 0, 240
L -1343, 3758, -49, -1346, 3760, -49, 0, 0, 240
L -1338, 3754, -49, -1343, 3758, -49, 0, 0, 240
L -1323, 3741, -49, -1338, 3754, -49, 0, 0, 240
L -1302, 3720, -49, -1323, 3741, -49, 0, 0, 240
L -1292, 3712, -49, -1302, 3720, -49, 0, 0, 240
L -1289, 3709, -49, -1292, 3712, -49, 0, 0, 240
L -1283, 3706, -49, -1289, 3709, -49, 0, 0, 240
L -1271, 3701, -49, -1283, 3706, -49, 0, 0, 240
L -1245, 3692, -49, -1271, 3701, -49, 0, 0, 240
L -1218, 3684, -49, -1245, 3692, -49, 0, 0, 240
L -1210, 3681, -49, -1218, 3684, -49, 0, 0, 240
L -1201, 3679, -49, -1210, 3681, -49, 0, 0, 240
L -1183, 3676, -49, -1201, 3679, -49, 0, 0, 240
L -1174, 3675, -49, -1183, 3676, -49, 0, 0, 240
L -1138, 3674, -49, -1174, 3675, -49, 0, 0, 240
L -1105, 3674, -49, -1138, 3674, -49, 0, 0, 240
L -1103, 3673, -49, -1105, 3674, -49, 0, 0, 240
L -1101, 3673, -49, -1103, 3673, -49, 0, 0, 240
L -1092, 3670, -49, -1101, 3673, -49, 0, 0, 240
L -1067, 3658, -49, -1092, 3670, -49, 0, 0, 240
L -1053, 3652, -49, -1067, 3658, -49, 0, 0, 240
L -1033, 3639, -49, -1053, 3652, -49, 0, 0, 240
L -1013, 3624, -49, -1033, 3639, -49, 0, 0, 240
L -1008, 3620, -49, -1013, 3624, -49, 0, 0, 240
L -961, 3579, -49, -1008, 3620, -49, 0, 0, 240
L -950, 3571, -49, -961, 3579, -49, 0, 0, 240
L -940, 3565, -49, -950, 3571, -49, 0, 0, 240
L -933, 3556, -49, -940, 3565, -49, 0, 0, 240
L -929, 3549, -49, -933, 3556, -49, 0, 0, 240
L -925, 3540, -49, -929, 3549, -49, 0, 0, 240
L -924, 3535, -49, -925, 3540, -49, 0, 0, 240
L -920, 3492, -49, -924, 3535, -49, 0, 0, 240
L -919, 3485, -49, -920, 3492, -49, 0, 0, 240
L -917, 3477, -49, -919, 3485, -49, 0, 0, 240
L -891, 3414, -49, -917, 3477, -49, 0, 0, 240
L -885, 3396, -49, -891, 3414, -49, 0, 0, 240
L -880, 3376, -49, -885, 3396, -49, 0, 0, 240
L -862, 3314, -49, -880, 3376, -49, 0, 0, 240
L -860, 3311, -49, -862, 3314, -49, 0, 0, 240
L -848, 3290, -49, -860, 3311, -49, 0, 0, 240
L -845, 3284, -49, -848, 3290, -49, 0, 0, 240
L -842, 3277, -49, -845, 3284, -49, 0, 0, 240
L -840, 3266, -49, -842, 3277, -49, 0, 0, 240
L -839, 3258, -49, -840, 3266, -49, 0, 0, 240
L -840, 3256, -49, -839, 3258, -49, 0, 0, 240
L -843, 3246, -49, -840, 3256, -49, 0, 0, 240
L -846, 3234, -49, -843, 3246, -49, 0, 0, 240
L -846, 3225, -49, -846, 3234, -49, 0, 0, 240
L -845, 3219, -49, -846, 3225, -49, 0, 0, 240
L -845, 3215, -49, -845, 3219, -49, 0, 0, 240
L -843, 3211, -49, -845, 3215, -49, 0, 0, 240
L -835, 3187, -49, -843, 3211, -49, 0, 0, 240
L -834, 3167, -49, -835, 3187, -49, 0, 0, 240
L -834, 3164, -49, -834, 3167, -49, 0, 0, 240
L -833, 3163, -49, -834, 3164, -49, 0, 0, 240
L -833, 3161, -49, -833, 3163, -49, 0, 0, 240
L -822, 3143, -49, -833, 3161, -49, 0, 0, 240
L -817, 3123, -49, -822, 3143, -49, 0, 0, 240
L -817, 3112, -49, -817, 3123, -49, 0, 0, 240
L -821, 3100, -49, -817, 3112, -49, 0, 0, 240
L -821, 3092, -49, -821, 3100, -49, 0, 0, 240
L -819, 3086, -49, -821, 3092, -49, 0, 0, 240
L -816, 3079, -49, -819, 3086, -49, 0, 0, 240
L -816, 3077, -49, -816, 3079, -49, 0, 0, 240
L -815, 3066, -49, -816, 3077, -49, 0, 0, 240
L -817, 3060, -49, -815, 3066, -49, 0, 0, 240
L -821, 3050, -49, -817, 3060, -49, 0, 0, 240
L -822, 3047, -49, -821, 3050, -49, 0, 0, 240
L -823, 3045, -49, -822, 3047, -49, 0, 0, 240
L -835, 3029, -49, -823, 3045, -49, 0, 0, 240
L -835, 3027, -49, -835, 3029, -49, 0, 0, 240
L -842, 3009, -49, -835, 3027, -49, 0, 0, 240
L -854, 2980, -49, -842, 3009, -49, 0, 0, 240
L -858, 2963, -49, -854, 2980, -49, 0, 0, 240
L -858, 2961, -49, -858, 2963, -49, 0, 0, 240
L -864, 2946, -49, -858, 2961, -49, 0, 0, 240
L -867, 2935, -49, -864, 2946, -49, 0, 0, 240
L -868, 2930, -49, -867, 2935, -49, 0, 0, 240
L -868, 2915, -49, -868, 2930, -49, 0, 0, 240
L -867, 2901, -49, -868, 2915, -49, 0, 0, 240
L -866, 2878, -49, -867, 2901, -49, 0, 0, 240
L -867, 2871, -49, -866, 2878, -49, 0, 0, 240
L -875, 2836, -49, -867, 2871, -49, 0, 0, 240
L -884, 2805, -49, -875, 2836, -49, 0, 0, 240
L -888, 2786, -49, -884, 2805, -49, 0, 0, 240
L -894, 2769, -49, -888, 2786, -49, 0, 0, 240
L -900, 2746, -49, -894, 2769, -49, 0, 0, 240
L -901, 2744, -49, -900, 2746, -49, 0, 0, 240
L -901, 2734, -49, -901, 2744, -49, 0, 0, 240
L -899, 2728, -49, -901, 2734, -49, 0, 0, 240
L -889, 2703, -49, -899, 2728, -49, 0, 0, 240
L -887, 2690, -49, -889, 2703, -49, 0, 0, 240
L -886, 2665, -49, -887, 2690, -49, 0, 0, 240
L -885, 2660, -49, -886, 2665, -49, 0, 0, 240
L -879, 2643, -49, -885, 2660, -49, 0, 0, 240
L -879, 2637, -49, -879, 2643, -49, 0, 0, 240
L -880, 2634, -49, -879, 2637, -49, 0, 0, 240
L -885, 2624, -49, -880, 2634, -49, 0, 0, 240
L -888, 2619, -49, -885, 2624, -49, 0, 0, 240
L -888, 2613, -49, -888, 2619, -49, 0, 0, 240
L -886, 2607, -49, -888, 2613, -49, 0, 0, 240
L -882, 2597, -49, -886, 2607, -49, 0, 0, 240
L -881, 2595, -49, -882, 2597, -49, 0, 0, 240
L -881, 2587, -49, -881, 2595, -49, 0, 0, 240
L -885, 2579, -49, -881, 2587, -49, 0, 0, 240
L -894, 2563, -49, -885, 2579, -49, 0, 0, 240
L -895, 2562, -49, -894, 2563, -49, 0, 0, 240
L -897, 2556, -49, -895, 2562, -49, 0, 0, 240
L -901, 2539, -49, -897, 2556, -49, 0, 0, 240
L -905, 2534, -49, -901, 2539, -49, 0, 0, 240
L -909, 2530, -49, -905, 2534, -49, 0, 0, 240
L -914, 2528, -49, -909, 2530, -49, 0, 0, 240
L -918, 2527, -49, -914, 2528, -49, 0, 0, 240
L -926, 2526, -49, -918, 2527, -49, 0, 0, 240
L -932, 2526, -49, -926, 2526, -49, 0, 0, 240
L -933, 2525, -49, -932, 2526, -49, 0, 0, 240
L -937, 2524, -49, -933, 2525, -49, 0, 0, 240
L -942, 2521, -49, -937, 2524, -49, 0, 0, 240
L -944, 2515, -49, -942, 2521, -49, 0, 0, 240
L -945, 2514, -49, -944, 2515, -49, 0, 0, 240
L -947, 2501, -49, -945, 2514, -49, 0, 0, 240
L -948, 2499, -49, -947, 2501, -49, 0, 0, 240
L -948, 2497, -49, -948, 2499, -49, 0, 0, 240
L -950, 2493, -49, -948, 2497, -49, 0, 0, 240
L -952, 2490, -49, -950, 2493, -49, 0, 0, 240
L -954, 2486, -49, -952, 2490, -49, 0, 0, 240
L -970, 2465, -49, -954, 2486, -49, 0, 0, 240
L -972, 2464, -49, -970, 2465, -49, 0, 0, 240
L -983, 2452, -49, -972, 2464, -49, 0, 0, 240
L -988, 2447, -49, -983, 2452, -49, 0, 0, 240
L -994, 2437, -49, -988, 2447, -49, 0, 0, 240
L -1014, 2398, -49, -994, 2437, -49, 0, 0, 240
L -1022, 2390, -49, -1014, 2398, -49, 0, 0, 240
L -1026, 2387, -49, -1022, 2390, -49, 0, 0, 240
L -1028, 2385, -49, -1026, 2387, -49, 0, 0, 240
L -1036, 2381, -49, -1028, 2385, -49, 0, 0, 240
L -1041, 2378, -49, -1036, 2381, -49, 0, 0, 240
L -1045, 2377, -49, -1041, 2378, -49, 0, 0, 240
L -1063, 2370, -49, -1045, 2377, -49, 0, 0, 240
L -1072, 2368, -49, -1063, 2370, -49, 0, 0, 240
L -1081, 2365, -49, -1072, 2368, -49, 0, 0, 240
L -1101, 2359, -49, -1081, 2365, -49, 0, 0, 240
L -1119, 2355, -49, -1101, 2359, -49, 0, 0, 240
L -1176, 2340, -49, -1119, 2355, -49, 0, 0, 240
L -1187, 2336, -49, -1176, 2340, -49, 0, 0, 240
L -1212, 2324, -49, -1187, 2336, -49, 0, 0, 240
L -1221, 2320, -49, -1212, 2324, -49, 0, 0, 240
L -1254, 2301, -49, -1221, 2320, -49, 0, 0, 240
L -1276, 2287, -49, -1254, 2301, -49, 0, 0, 240
L -1282, 2284, -49, -1276, 2287, -49, 0, 0, 240
L -1294, 2279, -49, -1282, 2284, -49, 0, 0, 240
L -1296, 2278, -49, -1294, 2279, -49, 0, 0, 240
L -1302, 2274, -49, -1296, 2278, -49, 0, 0, 240
L -1311, 2266, -49, -1302, 2274, -49, 0, 0, 240
L -1317, 2259, -49, -1311, 2266, -49, 0, 0, 240
L -1323, 2249, -49, -1317, 2259, -49, 0, 0, 240
L -1330, 2236, -49, -1323, 2249, -49, 0, 0, 240
L -1339, 2213, -49, -1330, 2236, -49, 0, 0, 240
L -1361, 2151, -49, -1339, 2213, -49, 0, 0, 240
L -1363, 2147, -49, -1361, 2151, -49, 0, 0, 240
L -1367, 2141, -49, -1363, 2147, -49, 0, 0, 240
L -1371, 2136, -49, -1367, 2141, -49, 0, 0, 240
L -1378, 2129, -49, -1371, 2136, -49, 0, 0, 240
L -1381, 2127, -49, -1378, 2129, -49, 0, 0, 240
L -1392, 2119, -49, -1381, 2127, -49, 0, 0, 240
L -1401, 2114, -49, -1392, 2119, -49, 0, 0, 240
L -1425, 2106, -49, -1401, 2114, -49, 0, 0, 240
L -1455, 2098, -49, -1425, 2106, -49, 0, 0, 240
L -1464, 2095, -49, -1455, 2098, -49, 0, 0, 240
L -1471, 2092, -49, -1464, 2095, -49, 0, 0, 240
L -1494, 2083, -49, -1471, 2092, -49, 0, 0, 240
L -1521, 2069, -49, -1494, 2083, -49, 0, 0, 240
L -1527, 2068, -49, -1521, 2069, -49, 0, 0, 240
L -1530, 2069, -49, -1527, 2068, -49, 0, 0, 240
L -1534, 2070, -49, -1530, 2069, -49, 0, 0, 240
L -1536, 2070, -49, -1534, 2070, -49, 0, 0, 240
L -1550, 2079, -49, -1536, 2070, -49, 0, 0, 240
L -1557, 2081, -49, -1550, 2079, -49, 0, 0, 240
L -1571, 2084, -49, -1557, 2081, -49, 0, 0, 240
L -1576, 2086, -49, -1571, 2084, -49, 0, 0, 240
L -1587, 2091, -49, -1576, 2086, -49, 0, 0, 240
L -1589, 2091, -49, -1587, 2091, -49, 0, 0, 240
L -1594, 2092, -49, -1589, 2091, -49, 0, 0, 240
L -1599, 2089, -49, -1594, 2092, -49, 0, 0, 240
L -1624, 2076, -49, -1599, 2089, -49, 0, 0, 240
L -1626, 2076, -50, -1624, 2076, -49, 0, 0, 240
L -1642, 2071, -50, -1626, 2076, -50, 0, 0, 240
L -1666, 2065, -50, -1642, 2071, -50, 0, 0, 240
L -1687, 2065, -50, -1666, 2065, -50, 0, 0, 240
L -1705, 2066, -50, -1687, 2065, -50, 0, 0, 240
L -1737, 2070, -50, -1705, 2066, -50, 0, 0, 240
L -1794, 2074, -50, -1737, 2070, -50, 0, 0, 240
L -1820, 2074, -50, -1794, 2074, -50, 0, 0, 240
L -1831, 2075, -50, -1820, 2074, -50, 0, 0, 240
L -1839, 2076, -50, -1831, 2075, -50, 0, 0, 240
L -1863, 2081, -50, -1839, 2076, -50, 0, 0, 240
L -1866, 2082, -50, -1863, 2081, -50, 0, 0, 240
L -1894, 2085, -50, -1866, 2082, -50, 0, 0, 240
L -1911, 2086, -50, -1894, 2085, -50, 0, 0, 240
L -1938, 2087, -50, -1911, 2086, -50, 0, 0, 240
L -1948, 2087, -50, -1938, 2087, -50, 0, 0, 240
L -1972, 2084, -50, -1948, 2087, -50, 0, 0, 240
L -1988, 2084, -50, -1972, 2084, -50, 0, 0, 240
L -1991, 2085, -50, -1988, 2084, -50, 0, 0, 240
L -1995, 2089, -50, -1991, 2085, -50, 0, 0, 240
L -1999, 2094, -50, -1995, 2089, -50, 0, 0, 240
L -2005, 2101, -50, -1999, 2094, -50, 0, 0, 240
L -2013, 2113, -50, -2005, 2101, -50, 0, 0, 240
L -2016, 2117, -50, -2013, 2113, -50, 0, 0, 240
L -2019, 2119, -50, -2016, 2117, -50, 0, 0, 240
L -2029, 2124, -51, -2019, 2119, -50, 0, 0, 240
L -2031, 2125, -51, -2029, 2124, -51, 0, 0, 240
L -2040, 2131, -51, -2031, 2125, -51, 0, 0, 240
L -2043, 2134, -51, -2040, 2131, -51, 0, 0, 240
L -2052, 2141, -51, -2043, 2134, -51, 0, 0, 240
L -2053, 2142, -51, -2052, 2141, -51, 0, 0, 240
L -2055, 2143, -51, -2053, 2142, -51, 0, 0, 240
L -2059, 2143, -49, -2055, 2143, -51, 0, 0, 240
L -2064, 2142, -46, -2059, 2143, -49, 0, 0, 240
L -2067, 2140, -43, -2064, 2142, -46, 0, 0, 240
L -2071, 2135, -43, -2067, 2140, -43, 0, 0, 240
L -2083, 2109, -43, -2071, 2135, -43, 0, 0, 240
L -2085, 2106, -43, -2083, 2109, -43, 0, 0, 240
L -2088, 2103, -43, -2085, 2106, -43, 0, 0, 240
L -2090, 2100, -43, -2088, 2103, -43, 0, 0, 240
L -2093, 2097, -43, -2090, 2100, -43, 0, 0, 240
L -2098, 2094, -43, -2093, 2097, -43, 0, 0, 240
L -2106, 2090, -43, -2098, 2094, -43, 0, 0, 240
L -2109, 2088, -43, -2106, 2090, -43, 0, 0, 240
L -2116, 2086, -43, -2109, 2088, -43, 0, 0, 240
L -2118, 2085, -43, -2116, 2086, -43, 0, 0, 240
L -2122, 2085, -43, -2118, 2085, -43, 0, 0, 240
L -2139, 2083, -43, -2122, 2085, -43, 0, 0, 240
L -2184, 2085, -43, -2139, 2083, -43, 0, 0, 240
L -2214, 2085, -43, -2184, 2085, -43, 0, 0, 240
L -2223, 2083, -43, -2214, 2085, -43, 0, 0, 240
L -2240, 2080, -43, -2223, 2083, -43, 0, 0, 240
L -2276, 2077, -43, -2240, 2080, -43, 0, 0, 240
L -2285, 2076, -43, -2276, 2077, -43, 0, 0, 240
L -2308, 2076, -43, -2285, 2076, -43, 0, 0, 240
L -2329, 2077, -43, -2308, 2076, -43, 0, 0, 240
L 1209, 5, 19, -1223, 5, 18, 0, 128, 192
L 1216, 46, 123, 1209, 5, 123, 0, 0, 0
L 1218, 68, 125, 1216, 46, 123, 0, 0, 0
L 1221, 110, 125, 1218, 68, 125, 0, 0, 0
L 1222, 163, 124, 1221, 110, 125, 0, 0, 0
L 1223, 212, 135, 1222, 163, 124, 0, 0, 0
L 1220, 247, 143, 1223, 212, 135, 0, 0, 0
L 1219, 255, 145, 1220, 247, 143, 0, 0, 0
L 1219, 262, 145, 1219, 255, 145, 0, 0, 0
L 1217, 285, 147, 1219, 262, 145, 0, 0, 0
L 1227, 374, 154, 1217, 285, 147, 0, 0, 0
L 1227, 382, 154, 1227, 374, 154, 0, 0, 0
L 1249, 417, 158, 1227, 382, 154, 0, 0, 0
L 1250, 418, 158, 1249, 417, 158, 0, 0, 0
L 1250, 425, 158, 1250, 418, 158, 0, 0, 0
L 1249, 437, 159, 1250, 425, 158, 0, 0, 0
L 1249, 439, 160, 1249, 437, 159, 0, 0, 0
L 1249, 446, 161, 1249, 439, 160, 0, 0, 0
L 1248, 451, 164, 1249, 446, 161, 0, 0, 0
L 1236, 565, 166, 1248, 451, 164, 0, 0, 0
L 1235, 569, 167, 1236, 565, 166, 0, 0, 0
L 1235, 577, 167, 1235, 569, 167, 0, 0, 0
L 1242, 605, 168, 1235, 577, 167, 0, 0, 0
L 1248, 627, 172, 1242, 605, 168, 0, 0, 0
L 1270, 716, 172, 1248, 627, 172, 0, 0, 0
L 1278, 773, 172, 1270, 716, 172, 0, 0, 0
L 1279, 783, 170, 1278, 773, 172, 0, 0, 0
L 1279, 787, 168, 1279, 783, 170, 0, 0, 0
L 1280, 789, 167, 1279, 787, 168, 0, 0, 0
L 1280, 792, 166, 1280, 789, 167, 0, 0, 0
L 1281, 799, 165, 1280, 792, 166, 0, 0, 0
L 1282, 808, 165, 1281, 799, 165, 0, 0, 0
L 1282, 810, 164, 1282, 808, 165, 0, 0, 0
L 1241, 845, 160, 1282, 810, 164, 0, 0, 0
L 1233, 852, 160, 1241, 845, 160, 0, 0, 0
L 1170, 913, 161, 1233, 852, 160, 0, 0, 0
L 1109, 961, 162, 1170, 913, 161, 0, 0, 0
L 1105, 964, 163, 1109, 961, 162, 0, 0, 0
L 1104, 965, 163, 1105, 964, 163, 0, 0, 0
L 1090, 1030, 166, 1104, 965, 163, 0, 0, 0
L 1080, 1081, 167, 1090, 1030, 166, 0, 0, 0
L 1079, 1087, 168, 1080, 1081, 167, 0, 0, 0
L 1094, 1202, 169, 1079, 1087, 168, 0, 0, 0
L 1094, 1204, 169, 1094, 1202, 169, 0, 0, 0
L 1084, 1288, 171, 1094, 1204, 169, 0, 0, 0
L 1117, 1344, 168, 1084, 1288, 171, 0, 0, 0
L 1118, 1346, 167, 1117, 1344, 168, 0, 0, 0
L 1119, 1347, 166, 1118, 1346, 167, 0, 0, 0
L 1123, 1366, 153, 1119, 1347, 166, 0, 0, 0
L 1128, 1385, 146, 1123, 1366, 153, 0, 0, 0
L 1134, 1411, 146, 1128, 1385, 146, 0, 0, 0
L 1139, 1433, 145, 1134, 1411, 146, 0, 0, 0
L 1159, 1547, 145, 1139, 1433, 145, 0, 0, 0
L 1160, 1550, 145, 1159, 1547, 145, 0, 0, 0
L 1168, 1661, 146, 1160, 1550, 145, 0, 0, 0
L 1169, 1675, 147, 1168, 1661, 146, 0, 0, 0
L 1167, 1710, 149, 1169, 1675, 147, 0, 0, 0
L 1166, 1728, 151, 1167, 1710, 149, 0, 0, 0
L 1161, 1758, 153, 1166, 1728, 151, 0, 0, 0
L 1160, 1766, 154, 1161, 1758, 153, 0, 0, 0
L 1159, 1771, 155, 1160, 1766, 154, 0, 0, 0
L 1158, 1775, 156, 1159, 1771, 155, 0, 0, 0
L 1158, 1776, 158, 1158, 1775, 156, 0, 0, 0
L 1090, 1837, 160, 1090, 1840, 161, 0, 0, 0
L 1090, 1835, 160, 1090, 1837, 160, 0, 0, 0
L 1091, 1833, 160, 1090, 1835, 160, 0, 0, 0
L 1117, 1811, 160, 1091, 1833, 160, 0, 0, 0
L 1121, 1807, 160, 1117, 1811, 160, 0, 0, 0
L 1114, 1813, 169, 1114, 1813, 162, 0, 0, 0
L 1158, 1775, 209, 1158, 1775, 207, 0, 0, 0
L 1120, 1808, 214, 1158, 1775, 209, 0, 0, 0
L 1092, 1892, 220, 1090, 1836, 217, 0, 0, 0
L 1095, 1951, 221, 1092, 1892, 220, 0, 0, 0
L 1096, 1970, 221, 1095, 1951, 221, 0, 0, 0
L 1096, 1972, 221, 1096, 1970, 221, 0, 0, 0
L 1091, 1979, 220, 1096, 1972, 221, 0, 0, 0
L 1088, 1984, 219, 1091, 1979, 220, 0, 0, 0
L 1083, 1992, 219, 1088, 1984, 219, 0, 0, 0
L 1078, 2002, 215, 1083, 1992, 219, 0, 0, 0
L 1074, 2009, 213, 1078, 2002, 215, 0, 0, 0
L 1072, 2013, 211, 1074, 2009, 213, 0, 0, 0
L 1071, 2014, 211, 1072, 2013, 211, 0, 0, 0
L 1071, 2019, 210, 1071, 2014, 211, 0, 0, 0
L 1074, 2040, 206, 1071, 2019, 210, 0, 0, 0
L 1076, 2060, 198, 1074, 2040, 206, 0, 0, 0
L 1077, 2065, 196, 1076, 2060, 198, 0, 0, 0
L 1080, 2087, 184, 1077, 2065, 196, 0, 0, 0
L 1080, 2093, 181, 1080, 2087, 184, 0, 0, 0
L 1082, 2108, 181, 1080, 2093, 181, 0, 0, 0
L 1107, 2163, 182, 1082, 2108, 181, 0, 0, 0
L 1152, 2269, 190, 1107, 2163, 182, 0, 0, 0
L 1184, 2367, 195, 1152, 2269, 190, 0, 0, 0
L 1185, 2369, 195, 1184, 2367, 195, 0, 0, 0
L 1264, 2438, 201, 1185, 2369, 195, 0, 0, 0
L 1305, 2486, 204, 1264, 2438, 201, 0, 0, 0
L 1311, 2493, 205, 1305, 2486, 204, 0, 0, 0
L 1357, 2549, 212, 1311, 2493, 205, 0, 0, 0
L 1358, 2550, 213, 1357, 2549, 212, 0, 0, 0
L 1440, 2603, 222, 1358, 2550, 213, 0, 0, 0
L 1537, 2688, 232, 1440, 2603, 222, 0, 0, 0
L 1538, 2689, 232, 1537, 2688, 232, 0, 0, 0
L 1561, 2744, 237, 1538, 2689, 232, 0, 0, 0
L 1579, 2789, 240, 1561, 2744, 237, 0, 0, 0
L 1592, 2883, 245, 1579, 2789, 240, 0, 0, 0
L 1592, 2884, 245, 1592, 2883, 245, 0, 0, 0
L 1681, 3049, 256, 1592, 2884, 245, 0, 0, 0
L 1682, 3051, 257, 1681, 3049, 256, 0, 0, 0
L 1687, 3111, 261, 1682, 3051, 257, 0, 0, 0
L 1687, 3113, 261, 1687, 3111, 261, 0, 0, 0
L 1665, 3186, 264, 1687, 3113, 261, 0, 0, 0
L 1661, 3197, 265, 1665, 3186, 264, 0, 0, 0
L 1637, 3273, 267, 1661, 3197, 265, 0, 0, 0
L 1636, 3274, 266, 1637, 3273, 267, 0, 0, 0
L 1565, 3306, 247, 1636, 3274, 266, 0, 0, 0
L 1555, 3311, 246, 1565, 3306, 247, 0, 0, 0
L 1496, 3328, 235, 1555, 3311, 246, 0, 0, 0
L 1466, 3337, 235, 1496, 3328, 235, 0, 0, 0
L 1356, 3345, 237, 1466, 3337, 235, 0, 0, 0
L 1267, 3356, 238, 1356, 3345, 237, 0, 0, 0
L 1265, 3357, 238, 1267, 3356, 238, 0, 0, 0
L 1219, 3381, 229, 1265, 3357, 238, 0, 0, 0
L 1218, 3382, 229, 1219, 3381, 229, 0, 0, 0
L 1167, 3413, 229, 1218, 3382, 229, 0, 0, 0
L 1115, 3442, 217, 1167, 3413, 229, 0, 0, 0
L 1096, 3453, 205, 1115, 3442, 217, 0, 0, 0
L 1035, 3496, 188, 1096, 3453, 205, 0, 0, 0
L 1010, 3514, 188, 1035, 3496, 188, 0, 0, 0
L 967, 3535, 188, 1010, 3514, 188, 0, 0, 0
L 941, 3549, 187, 967, 3535, 188, 0, 0, 0
L 939, 3550, 187, 941, 3549, 187, 0, 0, 0
L 885, 3531, 176, 939, 3550, 187, 0, 0, 0
L 883, 3530, 176, 885, 3531, 176, 0, 0, 0
L 790, 3507, 181, 883, 3530, 176, 0, 0, 0
L 780, 3505, 182, 790, 3507, 181, 0, 0, 0
L 744, 3494, 183, 780, 3505, 182, 0, 0, 0
L 667, 3500, 185, 744, 3494, 183, 0, 0, 0
L 655, 3501, 185, 667, 3500, 185, 0, 0, 0
L 589, 3461, 186, 655, 3501, 185, 0, 0, 0
L 524, 3426, 184, 589, 3461, 186, 0, 0, 0
L 523, 3425, 184, 524, 3426, 184, 0, 0, 0
L 508, 3423, 181, 523, 3425, 184, 0, 0, 0
L 477, 3419, 171, 508, 3423, 181, 0, 0, 0
L 399, 3390, 168, 477, 3419, 171, 0, 0, 0
L 304, 3305, 169, 399, 3390, 168, 0, 0, 0
L 303, 3303, 169, 304, 3305, 169, 0, 0, 0
L 302, 3302, 169, 303, 3303, 169, 0, 0, 0
L 244, 3289, 170, 302, 3302, 169, 0, 0, 0
L 243, 3288, 170, 244, 3289, 170, 0, 0, 0
L 205, 3287, 169, 243, 3288, 170, 0, 0, 0
L 176, 3287, 167, 205, 3287, 169, 0, 0, 0
L 174, 3287, 167, 176, 3287, 167, 0, 0, 0
L 115, 3278, 161, 174, 3287, 167, 0, 0, 0
L 84, 3274, 160, 115, 3278, 161, 0, 0, 0
L 9, 3301, 161, 84, 3274, 160, 0, 0, 0
L -58, 3323, 158, 9, 3301, 161, 0, 0, 0
L -59, 3323, 158, -58, 3323, 158, 0, 0, 0
L -121, 3336, 147, -59, 3323, 158, 0, 0, 0
L -132, 3338, 147, -121, 3336, 147, 0, 0, 0
L -171, 3335, 148, -132, 3338, 147, 0, 0, 0
L -190, 3333, 148, -171, 3335, 148, 0, 0, 0
L -275, 3333, 152, -190, 3333, 148, 0, 0, 0
L -340, 3325, 151, -275, 3333, 152, 0, 0, 0
L -350, 3323, 148, -340, 3325, 151, 0, 0, 0
L -360, 3322, 144, -350, 3323, 148, 0, 0, 0
L -443, 3338, 146, -360, 3322, 144, 0, 0, 0
L -556, 3384, 138, -443, 3338, 146, 0, 0, 0
L -558, 3384, 138, -556, 3384, 138, 0, 0, 0
L -662, 3417, 136, -558, 3384, 138, 0, 0, 0
L -681, 3423, 136, -662, 3417, 136, 0, 0, 0
L -733, 3478, 125, -681, 3423, 136, 0, 0, 0
L -753, 3500, 121, -733, 3478, 125, 0, 0, 0
L -755, 3501, 121, -753, 3500, 121, 0, 0, 0
L -797, 3558, 123, -755, 3501, 121, 0, 0, 0
L -810, 3575, 123, -797, 3558, 123, 0, 0, 0
L -845, 3634, 134, -810, 3575, 123, 0, 0, 0
L -846, 3636, 134, -845, 3634, 134, 0, 0, 0
L -891, 3674, 137, -846, 3636, 134, 0, 0, 0
L -899, 3682, 138, -891, 3674, 137, 0, 0, 0
L -953, 3713, 143, -899, 3682, 138, 0, 0, 0
L -1026, 3750, 151, -953, 3713, 143, 0, 0, 0
L -1037, 3755, 152, -1026, 3750, 151, 0, 0, 0
L -1071, 3784, 155, -1037, 3755, 152, 0, 0, 0
L -1093, 3803, 155, -1071, 3784, 155, 0, 0, 0
L -1095, 3805, 155, -1093, 3803, 155, 0, 0, 0
L -1180, 3837, 145, -1095, 3805, 155, 0, 0, 0
L -1191, 3841, 145, -1180, 3837, 145, 0, 0, 0
L -1281, 3883, 141, -1191, 3841, 145, 0, 0, 0
L -1340, 3943, 132, -1281, 3883, 141, 0, 0, 0
L -1342, 3944, 132, -1340, 3943, 132, 0, 0, 0
L -1343, 3945, 130, -1342, 3944, 132, 0, 0, 0
L -1374, 3940, 107, -1343, 3945, 130, 0, 0, 0
L -1384, 3938, 98, -1374, 3940, 107, 0, 0, 0
L -1439, 3930, 70, -1384, 3938, 98, 0, 0, 0
L -1441, 3929, 68, -1439, 3930, 70, 0, 0, 0
L -1476, 3882, 17, -1441, 3929, 68, 0, 0, 0
L -1494, 3858, -21, -1476, 3882, 17, 0, 0, 0
L -1495, 3857, -23, -1494, 3858, -21, 0, 0, 0
L -1501, 3854, -28, -1495, 3857, -23, 0, 0, 0
L -1530, 3842, -52, -1501, 3854, -28, 0, 0, 0
L -1553, 3833, -51, -1530, 3842, -52, 0, 0, 240
L -1571, 3825, -51, -1553, 3833, -51, 0, 0, 240
L -1574, 3824, -51, -1571, 3825, -51, 0, 0, 240
L -1695, 3856, -51, -1574, 3824, -51, 0, 0, 240
L -1697, 3856, -51, -1695, 3856, -51, 0, 0, 240
L -2075, 3628, -51, -1697, 3856, -51, 0, 0, 240
L -2076, 3627, -51, -2075, 3628, -51, 0, 0, 240
L -2172, 3508, -51, -2076, 3627, -51, 0, 0, 240
L -2241, 3419, -51, -2172, 3508, -51, 0, 0, 240
L -2297, 3351, -51, -2241, 3419, -51, 0, 0, 240
L -2344, 3210, -51, -2297, 3351, -51, 0, 0, 240
L -2346, 3207, -51, -2344, 3210, -51, 0, 0, 240
L -2405, 3097, -51, -2346, 3207, -51, 0, 0, 240
L -2406, 3096, -51, -2405, 3097, -51, 0, 0, 240
L -2368, 2909, -51, -2406, 3096, -51, 0, 0, 240
L -2351, 2700, -51, -2368, 2909, -51, 0, 0, 240
L -2343, 2523, -51, -2351, 2700, -51, 0, 0, 240
L -2343, 2503, -51, -2343, 2523, -51, 0, 0, 240
L -2362, 2293, -51, -2343, 2503, -51, 0, 0, 240
L -2334, 2092, -51, -2362, 2293, -51, 0, 0, 240
L -2334, 2090, -51, -2334, 2092, -51, 0, 0, 240
L -2329, 2077, -51, -2334, 2090, -51, 0, 0, 240
L -2327, 2072, 24, -2329, 2077, -51, 0, 0, 0
L -2314, 2041, 55, -2327, 2072, 24, 0, 0, 0
L -2310, 2032, 58, -2314, 2041, 55, 0, 0, 0
L -2298, 2005, 68, -2310, 2032, 58, 0, 0, 0
L -2290, 1987, 98, -2298, 2005, 68, 0, 0, 0
L -2290, 1985, 99, -2290, 1987, 98, 0, 0, 0
L -2263, 1934, 130, -2290, 1985, 99, 0, 0, 0
L -2258, 1924, 133, -2263, 1934, 130, 0, 0, 0
L -2243, 1897, 153, -2258, 1924, 133, 0, 0, 0
L -2237, 1888, 161, -2243, 1897, 153, 0, 0, 0
L -2214, 1834, 183, -2237, 1888, 161, 0, 0, 0
L -2203, 1807, 186, -2214, 1834, 183, 0, 0, 0
L -2202, 1805, 188, -2203, 1807, 186, 0, 0, 0
L -2114, 1793, 192, -2202, 1805, 188, 0, 0, 0
L -1922, 1782, 199, -2114, 1793, 192, 0, 0, 0
L -1753, 1827, 178, -1922, 1782, 199, 0, 0, 0
L -1733, 1833, 179, -1753, 1827, 178, 0, 0, 0
L -1537, 1867, 185, -1733, 1833, 179, 0, 0, 0
L -1387, 1872, 176, -1537, 1867, 185, 0, 0, 0
L -1385, 1872, 176, -1387, 1872, 176, 0, 0, 0
L -1383, 1873, 176, -1385, 1872, 176, 0, 0, 0
L -1315, 1933, 180, -1383, 1873, 176, 0, 0, 0
L -1314, 1934, 181, -1315, 1933, 180, 0, 0, 0
L -1272, 2036, 185, -1314, 1934, 181, 0, 0, 0
L -1272, 2038, 185, -1272, 2036, 185, 0, 0, 0
L -1271, 2039, 186, -1272, 2038, 185, 0, 0, 0
L -1237, 2066, 187, -1271, 2039, 186, 0, 0, 0
L -1213, 2085, 187, -1237, 2066, 187, 0, 0, 0
L -1211, 2086, 187, -1213, 2085, 187, 0, 0, 0
L -1197, 2105, 187, -1211, 2086, 187, 0, 0, 0
L -1180, 2129, 184, -1197, 2105, 187, 0, 0, 0
L -1163, 2153, 175, -1180, 2129, 184, 0, 0, 0
L -1162, 2154, 174, -1163, 2153, 175, 0, 0, 0
L -1126, 2183, 154, -1162, 2154, 174, 0, 0, 0
L -1123, 2186, 154, -1126, 2183, 154, 0, 0, 0
L -1037, 2196, 155, -1123, 2186, 154, 0, 0, 0
L -935, 2180, 158, -1037, 2196, 155, 0, 0, 0
L -873, 2178, 161, -935, 2180, 158, 0, 0, 0
L -852, 2177, 161, -873, 2178, 161, 0, 0, 0
L -813, 2172, 163, -852, 2177, 161, 0, 0, 0
L -802, 2171, 165, -813, 2172, 163, 0, 0, 0
L -800, 2171, 165, -802, 2171, 165, 0, 0, 0
L -799, 2170, 165, -800, 2171, 165, 0, 0, 0
L -793, 2158, 168, -799, 2170, 165, 0, 0, 0
L -781, 2131, 171, -793, 2158, 168, 0, 0, 0
L -772, 2112, 171, -781, 2131, 171, 0, 0, 0
L -772, 2111, 171, -772, 2112, 171, 0, 0, 0
L -762, 2007, 176, -772, 2111, 171, 0, 0, 0
L -762, 2003, 176, -762, 2007, 176, 0, 0, 0
L -796, 1921, 179, -762, 2003, 176, 0, 0, 0
L -832, 1854, 181, -796, 1921, 179, 0, 0, 0
L -832, 1841, 181, -832, 1854, 181, 0, 0, 0
L -831, 1804, 183, -832, 1841, 181, 0, 0, 0
L -829, 1732, 185, -831, 1804, 183, 0, 0, 0
L -885, 1654, 158, -829, 1732, 185, 0, 0, 0
L -887, 1651, 158, -885, 1654, 158, 0, 0, 0
L -909, 1627, 159, -887, 1651, 158, 0, 0, 0
L -932, 1604, 160, -909, 1627, 159, 0, 0, 0
L -936, 1599, 160, -932, 1604, 160, 0, 0, 0
L -894, 1531, 156, -886, 1507, 153, 0, 0, 0
L -895, 1534, 156, -894, 1531, 156, 0, 0, 0
L -897, 1537, 156, -895, 1534, 156, 0, 0, 0
L -911, 1552, 156, -897, 1537, 156, 0, 0, 0
L -943, 1592, 161, -935, 1600, 161, 0, 0, 0
L -924, 1569, 155, -943, 1592, 161, 0, 0, 0
L -910, 1552, 155, -924, 1569, 155, 0, 0, 0
L -937, 1344, 158, -886, 1507, 155, 0, 0, 0
L -979, 1253, 137, -937, 1344, 158, 0, 0, 0
L -980, 1250, 137, -979, 1253, 137, 0, 0, 0
L -1064, 1159, 133, -980, 1250, 137, 0, 0, 0
L -1065, 1157, 133, -1064, 1159, 133, 0, 0, 0
L -1066, 1156, 133, -1065, 1157, 133, 0, 0, 0
L -1163, 993, 139, -1066, 1156, 133, 0, 0, 0
L -1178, 968, 130, -1163, 993, 139, 0, 0, 0
L -1180, 965, 130, -1178, 968, 130, 0, 0, 0
L -1242, 832, 134, -1180, 965, 130, 0, 0, 0
L -1262, 790, 136, -1242, 832, 134, 0, 0, 0
L -1271, 772, 139, -1262, 790, 136, 0, 0, 0
L -1272, 770, 139, -1271, 772, 139, 0, 0, 0
L -1272, 768, 139, -1272, 770, 139, 0, 0, 0
L -1275, 624, 154, -1272, 768, 139, 0, 0, 0
L -1276, 600, 157, -1275, 624, 154, 0, 0, 0
L -1276, 578, 160, -1276, 600, 157, 0, 0, 0
L -1276, 576, 161, -1276, 578, 160, 0, 0, 0
L -1240, 441, 171, -1276, 576, 161, 0, 0, 0
L -1225, 384, 172, -1240, 441, 171, 0, 0, 0
L -1224, 185, 170, -1225, 384, 172, 0, 0, 0
L -1223, 107, 170, -1224, 185, 170, 0, 0, 0
L -1222, 82, 163, -1223, 107, 170, 0, 0, 0
L -1222, 81, 162, -1222, 82, 163, 0, 0, 0
L -1222, 51, 156, -1222, 81, 162, 0, 0, 0
L -1223, 5, 158, -1222, 51, 156, 0, 0, 0
L 558, 1862, 9, 548, 1861, 7, 0, 128, 192
L 562, 1862, 8, 558, 1862, 9, 0, 128, 192
L 572, 1862, 6, 562, 1862, 8, 0, 128, 192
L 574, 1861, 5, 572, 1862, 6, 0, 128, 192
L 576, 1861, 4, 574, 1861, 5, 0, 128, 192
L 578, 1861, 4, 576, 1861, 4, 0, 128, 192
L 588, 1861, -6, 578, 1861, 4, 0, 128, 192
L 598, 1861, -8, 588, 1861, -6, 0, 128, 192
L 616, 1861, -9, 598, 1861, -8, 0, 128, 192
L 626, 1861, -9, 616, 1861, -9, 0, 128, 192
L 627, 1861, -10, 626, 1861, -9, 0, 128, 192
L 635, 1859, -13, 627, 1861, -10, 0, 128, 192
L 635, 1862, -13, 635, 1859, -13, 0, 128, 192
L 640, 1863, -14, 635, 1862, -14, 0, 128, 192
L 640, 1858, -14, 640, 1863, -14, 0, 128, 192
L 639, 1856, -14, 640, 1855, -14, 0, 128, 192
L 638, 1858, -13, 639, 1856, -14, 0, 128, 192
L 638, 1858, -13, 640, 1858, -13, 0, 128, 192
L 640, 1852, -0, 640, 1855, -0, 0, 128, 192
L 641, 1848, 0, 640, 1852, -0, 0, 128, 192
L 652, 1847, -11, 641, 1848, 0, 0, 128, 192
L 661, 1847, -15, 652, 1847, -11, 0, 128, 192
L 690, 1847, -19, 661, 1847, -15, 0, 128, 192
L 691, 1847, -19, 690, 1847, -19, 0, 128, 192
L 693, 1848, -20, 691, 1847, -19, 0, 128, 192
L 695, 1856, -20, 693, 1848, -20, 0, 128, 192
L 695, 1858, -19, 695, 1856, -20, 0, 128, 192
L 692, 1858, -19, 695, 1858, -19, 0, 128, 192
L 692, 1863, -22, 692, 1858, -22, 0, 128, 192
L 697, 1863, -21, 692, 1863, -22, 0, 128, 192
L 697, 1859, -21, 697, 1863, -21, 0, 128, 192
L 704, 1860, -25, 697, 1859, -21, 0, 128, 192
L 705, 1861, -25, 704, 1860, -25, 0, 128, 192
L 716, 1859, -28, 705, 1861, -25, 0, 128, 192
L 716, 1863, -28, 716, 1859, -28, 0, 128, 192
L 716, 1863, -30, 721, 1863, -30, 0, 128, 192
L 721, 1858, -30, 721, 1863, -30, 0, 128, 192
L 718, 1858, -29, 721, 1858, -29, 0, 128, 192
L 719, 1856, -30, 718, 1858, -29, 0, 128, 192
L 720, 1855, -29, 719, 1856, -30, 0, 128, 192
L 721, 1853, -30, 720, 1855, -29, 0, 128, 192
L 721, 1852, -29, 721, 1853, -30, 0, 128, 192
L 722, 1851, -29, 721, 1852, -29, 0, 128, 192
L 723, 1849, -29, 722, 1851, -29, 0, 128, 192
L 744, 1846, -29, 723, 1849, -29, 0, 128, 192
L 744, 1847, -29, 744, 1846, -29, 0, 128, 192
L 749, 1847, -36, 744, 1847, -36, 0, 128, 192
L 749, 1843, -34, 749, 1847, -34, 0, 128, 192
L 746, 1843, -33, 749, 1843, -33, 0, 128, 192
L 747, 1842, -37, 746, 1843, -33, 0, 128, 192
L 747, 1840, -39, 747, 1842, -37, 0, 128, 192
L 747, 1828, -39, 747, 1840, -39, 0, 128, 192
L 748, 1822, -38, 747, 1828, -39, 0, 128, 192
L 749, 1814, -36, 748, 1822, -38, 0, 128, 192
L 749, 1813, -37, 749, 1814, -36, 0, 128, 192
L 750, 1811, -38, 749, 1813, -37, 0, 128, 192
L 751, 1810, -39, 750, 1811, -38, 0, 128, 192
L 756, 1809, -40, 751, 1810, -39, 0, 128, 192
L 762, 1808, -41, 756, 1809, -40, 0, 128, 192
L 772, 1808, -42, 762, 1808, -41, 0, 128, 192
L 774, 1808, -42, 772, 1808, -42, 0, 128, 192
L 779, 1808, -44, 774, 1808, -42, 0, 128, 192
L 789, 1807, -48, 779, 1808, -44, 0, 128, 192
L 800, 1807, -53, 789, 1807, -48, 0, 128, 192
L 802, 1807, -53, 800, 1807, -53, 0, 128, 192
L 810, 1807, -57, 802, 1807, -53, 0, 128, 192
L 812, 1808, -58, 810, 1807, -57, 0, 128, 192
L 816, 1807, -58, 812, 1808, -58, 0, 128, 192
L 823, 1805, -59, 816, 1807, -58, 0, 128, 192
L 823, 1808, -58, 823, 1805, -59, 0, 128, 192
L 828, 1808, -59, 823, 1808, -60, 0, 128, 192
L 828, 1804, -59, 828, 1808, -59, 0, 128, 192
L 825, 1804, -51, 828, 1804, -51, 0, 128, 192
L 824, 1804, -58, 825, 1804, -50, 0, 128, 192
L 826, 1797, -57, 824, 1804, -58, 0, 128, 192
L 827, 1793, -57, 826, 1797, -57, 0, 128, 192
L 830, 1785, -56, 827, 1793, -57, 0, 128, 192
L 830, 1784, -56, 830, 1785, -56, 0, 128, 192
L 839, 1781, -57, 830, 1784, -56, 0, 128, 192
L 841, 1780, -57, 839, 1781, -57, 0, 128, 192
L 893, 1780, -55, 841, 1780, -57, 0, 128, 192
L 899, 1782, -55, 893, 1780, -55, 0, 128, 192
L 901, 1783, -53, 899, 1782, -55, 0, 128, 192
L 903, 1784, -52, 901, 1783, -53, 0, 128, 192
L 905, 1789, -52, 903, 1784, -52, 0, 128, 192
L 906, 1793, -52, 905, 1789, -52, 0, 128, 192
L 907, 1845, -52, 906, 1793, -52, 0, 128, 192
L 907, 1847, -55, 907, 1845, -55, 0, 128, 192
L 905, 1853, -55, 907, 1847, -55, 0, 128, 192
L 904, 1855, -54, 905, 1853, -55, 0, 128, 192
L 903, 1857, -51, 904, 1855, -54, 0, 128, 192
L 896, 1859, -50, 903, 1857, -51, 0, 128, 192
L 895, 1860, -50, 896, 1859, -50, 0, 128, 192
L 893, 1860, -50, 895, 1860, -50, 0, 128, 192
L 883, 1860, -49, 893, 1860, -50, 0, 128, 192
L 843, 1860, -47, 883, 1860, -49, 0, 128, 192
L 841, 1860, -47, 843, 1860, -47, 0, 128, 192
L 830, 1858, -45, 841, 1860, -47, 0, 128, 192
L 829, 1857, -46, 830, 1858, -45, 0, 128, 192
L 828, 1853, -52, 829, 1857, -46, 0, 128, 192
L 828, 1852, -52, 828, 1853, -52, 0, 128, 192
L 827, 1848, -52, 828, 1852, -52, 0, 128, 192
L 825, 1834, -51, 827, 1848, -52, 0, 128, 192
L 828, 1834, -57, 825, 1834, -51, 0, 128, 192
L 828, 1830, -62, 828, 1834, -62, 0, 128, 192
L 828, 1830, -61, 823, 1830, -61, 0, 128, 192
L 823, 1831, -57, 823, 1831, -58, 0, 128, 192
L 823, 1833, -55, 823, 1830, -57, 0, 128, 192
L 819, 1833, -54, 823, 1833, -55, 0, 128, 192
L 801, 1831, -47, 819, 1833, -54, 0, 128, 192
L 790, 1832, -42, 801, 1831, -47, 0, 128, 192
L 788, 1832, -42, 790, 1832, -42, 0, 128, 192
L 783, 1833, -40, 788, 1832, -42, 0, 128, 192
L 781, 1834, -39, 783, 1833, -40, 0, 128, 192
L 779, 1834, -38, 781, 1834, -39, 0, 128, 192
L 778, 1835, -37, 779, 1834, -38, 0, 128, 192
L 776, 1834, -37, 778, 1835, -37, 0, 128, 192
L 775, 1839, -35, 776, 1834, -37, 0, 128, 192
L 775, 1841, -35, 775, 1839, -35, 0, 128, 192
L 774, 1843, -34, 775, 1841, -35, 0, 128, 192
L 770, 1843, -34, 774, 1843, -34, 0, 128, 192
L 770, 1848, -34, 770, 1843, -34, 0, 128, 192
L 773, 1848, -32, 770, 1848, -32, 0, 128, 192
L 773, 1856, -30, 773, 1848, -32, 0, 128, 192
L 773, 1895, -31, 773, 1856, -30, 0, 128, 192
L 773, 1897, -32, 773, 1895, -31, 0, 128, 192
L 772, 1899, -32, 773, 1897, -32, 0, 128, 192
L 771, 1899, -34, 772, 1899, -32, 0, 128, 192
L 770, 1900, -34, 771, 1899, -35, 0, 128, 192
L 770, 1903, -34, 770, 1900, -34, 0, 128, 192
L 773, 1903, -32, 770, 1903, -32, 0, 128, 192
L 773, 1914, -37, 773, 1903, -32, 0, 128, 192
L 775, 1917, -39, 773, 1914, -37, 0, 128, 192
L 775, 1919, -40, 775, 1917, -39, 0, 128, 192
L 776, 1921, -41, 775, 1919, -40, 0, 128, 192
L 776, 1923, -42, 776, 1921, -41, 0, 128, 192
L 776, 1924, -42, 776, 1923, -42, 0, 128, 192
L 783, 1926, -45, 776, 1924, -42, 0, 128, 192
L 784, 1927, -46, 783, 1926, -45, 0, 128, 192
L 786, 1928, -47, 784, 1927, -46, 0, 128, 192
L 804, 1928, -55, 786, 1928, -47, 0, 128, 192
L 806, 1928, -55, 804, 1928, -55, 0, 128, 192
L 810, 1929, -60, 806, 1928, -55, 0, 128, 192
L 813, 1928, -59, 810, 1929, -60, 0, 128, 192
L 823, 1927, -59, 813, 1928, -59, 0, 128, 192
L 824, 1929, -61, 823, 1927, -59, 0, 128, 192
L 828, 1929, -61, 824, 1929, -61, 0, 128, 192
L 828, 1926, -58, 828, 1929, -58, 0, 128, 192
L 826, 1926, -53, 828, 1926, -53, 0, 128, 192
L 827, 1917, -47, 826, 1926, -48, 0, 128, 192
L 827, 1915, -46, 827, 1917, -47, 0, 128, 192
L 828, 1901, -45, 827, 1915, -46, 0, 128, 192
L 830, 1901, -47, 828, 1901, -45, 0, 128, 192
L 833, 1901, -51, 830, 1901, -47, 0, 128, 192
L 893, 1901, -49, 833, 1901, -51, 0, 128, 192
L 901, 1904, -49, 893, 1901, -49, 0, 128, 192
L 903, 1905, -49, 901, 1904, -49, 0, 128, 192
L 906, 1913, -49, 903, 1905, -49, 0, 128, 192
L 907, 1967, -49, 906, 1913, -49, 0, 128, 192
L 904, 1977, -48, 907, 1967, -49, 0, 128, 192
L 894, 1980, -48, 904, 1977, -48, 0, 128, 192
L 844, 1980, -47, 894, 1980, -48, 0, 128, 192
L 842, 1980, -46, 844, 1980, -47, 0, 128, 192
L 832, 1978, -44, 842, 1980, -46, 0, 128, 192
L 830, 1977, -43, 832, 1978, -44, 0, 128, 192
L 828, 1971, -53, 830, 1977, -43, 0, 128, 192
L 828, 1969, -55, 828, 1971, -53, 0, 128, 192
L 827, 1967, -55, 828, 1969, -55, 0, 128, 192
L 827, 1963, -55, 827, 1967, -55, 0, 128, 192
L 826, 1956, -54, 827, 1963, -55, 0, 128, 192
L 828, 1956, -56, 826, 1956, -54, 0, 128, 192
L 828, 1952, -61, 828, 1956, -61, 0, 128, 192
L 823, 1952, -61, 828, 1952, -61, 0, 128, 192
L 823, 1955, -58, 823, 1952, -59, 0, 128, 192
L 821, 1954, -56, 823, 1955, -57, 0, 128, 192
L 819, 1954, -56, 821, 1954, -56, 0, 128, 192
L 816, 1953, -55, 819, 1954, -56, 0, 128, 192
L 808, 1952, -51, 816, 1953, -55, 0, 128, 192
L 801, 1952, -48, 808, 1952, -51, 0, 128, 192
L 795, 1953, -46, 801, 1952, -48, 0, 128, 192
L 783, 1953, -43, 795, 1953, -46, 0, 128, 192
L 762, 1953, -41, 783, 1953, -43, 0, 128, 192
L 752, 1952, -40, 762, 1953, -41, 0, 128, 192
L 751, 1951, -41, 752, 1952, -40, 0, 128, 192
L 750, 1950, -41, 751, 1951, -41, 0, 128, 192
L 749, 1943, -40, 750, 1950, -41, 0, 128, 192
L 748, 1927, -39, 749, 1943, -40, 0, 128, 192
L 748, 1925, -39, 748, 1927, -39, 0, 128, 192
L 747, 1915, -37, 748, 1925, -39, 0, 128, 192
L 747, 1913, -37, 747, 1915, -37, 0, 128, 192
L 747, 1907, -33, 747, 1913, -37, 0, 128, 192
L 746, 1905, -33, 747, 1907, -33, 0, 128, 192
L 746, 1903, -33, 746, 1905, -33, 0, 128, 192
L 749, 1903, -33, 746, 1903, -33, 0, 128, 192
L 749, 1899, -32, 749, 1903, -32, 0, 128, 192
L 744, 1899, -31, 749, 1899, -31, 0, 128, 192
L 744, 1902, -31, 744, 1899, -31, 0, 128, 192
L 742, 1901, -31, 744, 1902, -31, 0, 128, 192
L 740, 1901, -30, 742, 1901, -31, 0, 128, 192
L 739, 1900, -29, 740, 1901, -30, 0, 128, 192
L 735, 1900, -29, 739, 1900, -29, 0, 128, 192
L 725, 1899, -29, 735, 1900, -29, 0, 128, 192
L 723, 1898, -30, 725, 1899, -29, 0, 128, 192
L 722, 1897, -31, 723, 1898, -30, 0, 128, 192
L 721, 1894, -32, 722, 1897, -31, 0, 128, 192
L 721, 1883, -32, 721, 1894, -32, 0, 128, 192
L 717, 1884, -32, 721, 1883, -32, 0, 128, 192
L 717, 1886, -33, 717, 1884, -34, 0, 128, 192
L 709, 1886, -24, 717, 1886, -29, 0, 128, 192
L 707, 1886, -24, 709, 1886, -24, 0, 128, 192
L 705, 1886, -23, 707, 1886, -24, 0, 128, 192
L 697, 1887, -20, 705, 1886, -23, 0, 128, 192
L 697, 1884, -22, 697, 1887, -20, 0, 128, 192
L 692, 1883, -23, 697, 1884, -23, 0, 128, 192
L 692, 1888, -23, 692, 1883, -24, 0, 128, 192
L 695, 1888, -18, 692, 1888, -22, 0, 128, 192
L 693, 1893, -19, 695, 1888, -18, 0, 128, 192
L 693, 1895, -19, 693, 1893, -19, 0, 128, 192
L 692, 1897, -19, 693, 1895, -19, 0, 128, 192
L 691, 1898, -19, 692, 1897, -19, 0, 128, 192
L 684, 1899, -18, 691, 1898, -19, 0, 128, 192
L 682, 1899, -18, 684, 1899, -18, 0, 128, 192
L 681, 1900, -18, 682, 1899, -18, 0, 128, 192
L 654, 1900, -11, 681, 1900, -18, 0, 128, 192
L 642, 1900, -11, 654, 1900, -11, 0, 128, 192
L 640, 1899, -13, 642, 1900, -11, 0, 128, 192
L 639, 1893, -13, 640, 1899, -13, 0, 128, 192
L 638, 1888, -12, 639, 1893, -13, 0, 128, 192
L 640, 1888, -13, 638, 1888, -12, 0, 128, 192
L 640, 1883, -15, 640, 1888, -15, 0, 128, 192
L 635, 1884, -15, 640, 1883, -14, 0, 128, 192
L 635, 1887, -14, 635, 1884, -15, 0, 128, 192
L 633, 1887, -11, 635, 1887, -14, 0, 128, 192
L 632, 1886, -11, 633, 1887, -11, 0, 128, 192
L 600, 1886, -4, 632, 1886, -11, 0, 128, 192
L 599, 1886, -3, 600, 1886, -4, 0, 128, 192
L 597, 1886, -2, 599, 1886, -3, 0, 128, 192
L 594, 1887, -2, 597, 1886, -2, 0, 128, 192
L 590, 1886, -1, 594, 1887, -2, 0, 128, 192
L 565, 1883, 0, 590, 1886, -1, 0, 128, 192
L 564, 1883, 1, 565, 1883, 0, 0, 128, 192
L 557, 1882, 1, 564, 1883, 1, 0, 128, 192
L 555, 1882, 2, 557, 1882, 1, 0, 128, 192
L 548, 1883, 2, 555, 1882, 2, 0, 128, 192
L 45, 2547, 2, 47, 2545, 2, 0, 0, 240
L 38, 2557, 2, 45, 2547, 2, 0, 0, 240
L 15, 2581, 2, 38, 2557, 2, 0, 0, 240
L 11, 2584, 2, 15, 2581, 2, 0, 0, 240
L -9, 2598, 2, 11, 2584, 2, 0, 0, 240
L -10, 2598, 2, -9, 2598, 2, 0, 0, 240
L -16, 2601, 2, -10, 2598, 2, 0, 0, 240
L -22, 2603, 2, -16, 2601, 2, 0, 0, 240
L -23, 2604, 2, -22, 2603, 2, 0, 0, 240
L -24, 2604, 2, -23, 2604, 2, 0, 0, 240
L -29, 2608, 1, -24, 2604, 2, 0, 0, 240
L -30, 2608, 2, -29, 2608, 1, 0, 0, 240
L -32, 2609, 1, -30, 2608, 2, 0, 0, 240
L -33, 2610, 2, -32, 2609, 1, 0, 0, 240
L -37, 2609, 2, -33, 2610, 2, 0, 0, 240
L -39, 2609, 2, -37, 2609, 2, 0, 0, 240
L -49, 2607, 2, -39, 2609, 2, 0, 0, 240
L -50, 2606, 3, -49, 2607, 2, 0, 0, 240
L -51, 2606, 3, -50, 2606, 3, 0, 0, 240
L -60, 2601, 3, -51, 2606, 3, 0, 0, 240
L -69, 2595, 3, -60, 2601, 3, 0, 0, 240
L -76, 2592, 2, -69, 2595, 3, 0, 0, 240
L -91, 2589, 2, -76, 2592, 2, 0, 0, 240
L -98, 2587, 2, -91, 2589, 2, 0, 0, 240
L -113, 2579, 2, -98, 2587, 2, 0, 0, 240
L -118, 2576, 2, -113, 2579, 2, 0, 0, 240
L -121, 2572, 2, -118, 2576, 2, 0, 0, 240
L -131, 2557, 2, -121, 2572, 2, 0, 0, 240
L -131, 2543, 2, -131, 2557, 2, 0, 0, 240
L -130, 2540, 2, -131, 2543, 2, 0, 0, 240
L -130, 2534, 2, -130, 2540, 2, 0, 0, 240
L -132, 2531, 2, -130, 2534, 2, 0, 0, 240
L -139, 2524, 2, -132, 2531, 2, 0, 0, 240
L -142, 2520, 2, -139, 2524, 2, 0, 0, 240
L -144, 2517, 2, -142, 2520, 2, 0, 0, 240
L -145, 2515, 2, -144, 2517, 2, 0, 0, 240
L -145, 2512, 2, -145, 2515, 2, 0, 0, 240
L -146, 2504, 2, -145, 2512, 2, 0, 0, 240
L -146, 2502, 2, -146, 2504, 2, 0, 0, 240
L -145, 2493, 3, -146, 2502, 2, 0, 0, 240
L -143, 2488, 3, -145, 2493, 3, 0, 0, 240
L -143, 2487, 3, -143, 2488, 3, 0, 0, 240
L -141, 2484, 3, -143, 2487, 3, 0, 0, 240
L -138, 2480, 3, -141, 2484, 3, 0, 0, 240
L -127, 2472, 3, -138, 2480, 3, 0, 0, 240
L -126, 2471, 3, -127, 2472, 3, 0, 0, 240
L -125, 2469, 3, -126, 2471, 3, 0, 0, 240
L -123, 2464, 3, -125, 2469, 3, 0, 0, 240
L -122, 2461, 3, -123, 2464, 3, 0, 0, 240
L -121, 2456, 3, -122, 2461, 3, 0, 0, 240
L -120, 2436, 3, -121, 2456, 3, 0, 0, 240
L -119, 2432, 3, -120, 2436, 3, 0, 0, 240
L -119, 2430, 3, -119, 2432, 3, 0, 0, 240
L -116, 2425, 3, -119, 2430, 3, 0, 0, 240
L -107, 2416, 3, -116, 2425, 3, 0, 0, 240
L -102, 2413, 3, -107, 2416, 3, 0, 0, 240
L -97, 2411, 3, -102, 2413, 3, 0, 0, 240
L -96, 2411, 3, -97, 2411, 3, 0, 0, 240
L -86, 2409, 3, -96, 2411, 3, 0, 0, 240
L -67, 2408, 3, -86, 2409, 3, 0, 0, 240
L -65, 2408, 3, -67, 2408, 3, 0, 0, 240
L -63, 2409, 3, -65, 2408, 3, 0, 0, 240
L -54, 2411, 3, -63, 2409, 3, 0, 0, 240
L -49, 2411, 3, -54, 2411, 3, 0, 0, 240
L -47, 2409, 3, -49, 2411, 3, 0, 0, 240
L -40, 2404, 3, -47, 2409, 3, 0, 0, 240
L -34, 2400, 3, -40, 2404, 3, 0, 0, 240
L -18, 2396, 3, -34, 2400, 3, 0, 0, 240
L -13, 2394, 3, -18, 2396, 3, 0, 0, 240
L 15, 2384, 3, -13, 2394, 3, 0, 0, 240
L 20, 2383, 3, 15, 2384, 3, 0, 0, 240
L 26, 2385, 3, 20, 2383, 3, 0, 0, 240
L 32, 2388, 3, 26, 2385, 3, 0, 0, 240
L 34, 2391, 3, 32, 2388, 3, 0, 0, 240
L 48, 2404, 3, 34, 2391, 3, 0, 0, 240
L 67, 2429, 3, 48, 2404, 3, 0, 0, 240
L 67, 2448, 3, 67, 2429, 3, 0, 0, 240
L 63, 2479, 3, 67, 2448, 3, 0, 0, 240
L 62, 2501, 3, 63, 2479, 3, 0, 0, 240
L 60, 2512, 3, 62, 2501, 3, 0, 0, 240
L 58, 2518, 3, 60, 2512, 3, 0, 0, 240
L 56, 2523, 3, 58, 2518, 3, 0, 0, 240
L 55, 2527, 3, 56, 2523, 3, 0, 0, 240
L 48, 2535, 2, 55, 2527, 3, 0, 0, 240
L 47, 2545, 2, 48, 2535, 2, 0, 0, 240
L 837, 2602, -0, 837, 2608, -0, 0, 0, 0
L 831, 2602, -0, 837, 2602, -0, 0, 0, 0
L 831, 2608, -0, 831, 2602, -0, 0, 0, 0
L 837, 2608, -0, 831, 2608, -0, 0, 0, 0
L 853, 2572, -0, 853, 2581, -0, 0, 0, 0
L 853, 2572, -0, 849, 2572, -0, 0, 0, 0
L 849, 2581, -0, 853, 2581, -0, 0, 0, 0
L 849, 2572, -0, 849, 2581, -0, 0, 0, 0
L 804, 2611, -0, 808, 2611, -0, 0, 0, 0
L 804, 2602, -0, 804, 2611, -0, 0, 0, 0
L 808, 2602, -0, 804, 2602, -0, 0, 0, 0
L 808, 2611, -0, 808, 2602, -0, 0, 0, 0
L 795, 2616, -0, 795, 2623, 0, 0, 0, 0
L 788, 2616, -0, 795, 2616, -0, 0, 0, 0
L 788, 2623, 0, 788, 2616, 0, 0, 0, 0
L 789, 2623, 0, 788, 2623, 0, 0, 0, 0
L 789, 2650, 3, 789, 2623, 0, 0, 0, 0
L 788, 2650, 3, 789, 2650, 3, 0, 0, 0
L 788, 2656, 3, 788, 2650, 3, 0, 0, 0
L 794, 2656, 3, 788, 2656, 3, 0, 0, 0
L 794, 2655, 3, 794, 2656, 3, 0, 0, 0
L 821, 2655, 1, 794, 2655, 3, 0, 0, 0
L 821, 2657, 1, 821, 2655, 1, 0, 0, 0
L 821, 2657, 2, 828, 2657, 1, 0, 0, 0
L 828, 2650, -0, 828, 2657, 0, 0, 0, 0
L 821, 2650, -0, 828, 2650, -0, 0, 0, 0
L 821, 2651, -0, 821, 2650, -0, 0, 0, 0
L 794, 2651, 3, 821, 2651, -0, 0, 0, 0
L 794, 2650, 3, 794, 2651, 3, 0, 0, 0
L 793, 2650, 3, 794, 2650, 3, 0, 0, 0
L 793, 2623, 0, 793, 2650, 3, 0, 0, 0
L 795, 2623, 0, 793, 2623, 0, 0, 0, 0
L 872, 2543, -0, 865, 2545, -0, 0, 0, 0
L 863, 2539, -0, 865, 2545, -0, 0, 0, 0
L 870, 2537, 1, 863, 2539, 1, 0, 0, 0
L 872, 2543, 0, 870, 2537, 1, 0, 0, 0
L 885, 2533, 4, 885, 2529, 4, 0, 0, 0
L 861, 2533, 0, 885, 2533, 1, 0, 0, 0
L 861, 2533, 0, 861, 2534, 0, 0, 0, 0
L 860, 2534, 0, 861, 2534, 0, 0, 0, 0
L 860, 2561, -0, 860, 2534, 0, 0, 0, 0
L 861, 2561, -0, 860, 2561, -0, 0, 0, 0
L 861, 2568, -0, 861, 2561, -0, 0, 0, 0
L 854, 2568, -0, 861, 2568, -0, 0, 0, 0
L 854, 2561, -0, 854, 2568, -0, 0, 0, 0
L 856, 2561, -0, 854, 2561, -0, 0, 0, 0
L 856, 2534, -0, 856, 2561, -0, 0, 0, 0
L 856, 2534, -0, 854, 2534, -0, 0, 0, 0
L 854, 2527, 0, 854, 2534, -0, 0, 0, 0
L 861, 2527, 0, 854, 2527, 0, 0, 0, 0
L 861, 2529, 0, 861, 2527, 0, 0, 0, 0
L 861, 2529, 1, 885, 2529, 2, 0, 0, 0
L 888, 2568, -0, 895, 2568, -0, 0, 0, 0
L 888, 2561, -0, 888, 2568, -0, 0, 0, 0
L 895, 2561, -0, 888, 2561, -0, 0, 0, 0
L 895, 2568, -0, 895, 2561, -0, 0, 0, 0
L 920, 2582, -0, 925, 2582, -0, 0, 0, 0
L 920, 2585, -0, 920, 2582, -0, 0, 0, 0
L 925, 2569, -0, 925, 2582, -0, 0, 0, 0
L 911, 2569, -0, 925, 2569, -0, 0, 0, 0
L 911, 2582, -0, 911, 2569, -0, 0, 0, 0
L 916, 2582, -0, 911, 2582, -0, 0, 0, 0
L 916, 2585, -0, 916, 2582, -0, 0, 0, 0
L 916, 2585, -0, 920, 2585, -0, 0, 0, 0
L 916, 2585, -0, 920, 2585, -0, 0, 0, 0
L 920, 2591, -0, 920, 2585, -0, 0, 0, 0
L 916, 2591, -0, 920, 2591, -0, 0, 0, 0
L 916, 2585, -0, 916, 2591, -0, 0, 0, 0
L 884, 2598, -0, 884, 2604, -0, 0, 0, 0
L 890, 2598, -0, 884, 2598, -0, 0, 0, 0
L 890, 2605, -0, 890, 2598, -0, 0, 0, 0
L 884, 2604, -0, 890, 2605, -0, 0, 0, 0
L 870, 2616, -0, 872, 2620, -0, 0, 0, 0
L 875, 2615, -0, 870, 2616, -0, 0, 0, 0
L 876, 2619, -0, 875, 2615, -0, 0, 0, 0
L 872, 2620, -0, 876, 2619, -0, 0, 0, 0
L 868, 2639, -0, 868, 2643, -0, 0, 0, 0
L 874, 2643, -0, 868, 2643, -0, 0, 0, 0
L 863, 2648, -0, 872, 2647, -0, 0, 0, 0
L 863, 2652, -0, 863, 2648, -0, 0, 0, 0
L 872, 2651, -0, 863, 2652, -0, 0, 0, 0
L 872, 2647, -0, 872, 2651, -0, 0, 0, 0
L 874, 2639, -0, 874, 2643, -0, 0, 0, 0
L 868, 2639, -0, 874, 2639, -0, 0, 0, 0
L 918, 2635, -0, 918, 2629, -0, 0, 0, 0
L 924, 2635, -0, 918, 2635, -0, 0, 0, 0
L 924, 2633, -0, 924, 2635, -0, 0, 0, 0
L 932, 2633, -0, 924, 2633, -0, 0, 0, 0
L 932, 2635, -0, 932, 2633, -0, 0, 0, 0
L 938, 2635, -0, 932, 2635, -0, 0, 0, 0
L 938, 2629, -0, 938, 2635, -0, 0, 0, 0
L 936, 2629, -0, 938, 2629, -0, 0, 0, 0
L 936, 2622, -0, 936, 2629, -0, 0, 0, 0
L 938, 2622, -0, 936, 2622, -0, 0, 0, 0
L 938, 2616, -0, 938, 2622, -0, 0, 0, 0
L 932, 2616, -0, 938, 2616, -0, 0, 0, 0
L 932, 2617, -0, 932, 2616, -0, 0, 0, 0
L 924, 2617, -0, 932, 2617, -0, 0, 0, 0
L 924, 2616, -0, 924, 2617, -0, 0, 0, 0
L 918, 2616, -0, 924, 2616, -0, 0, 0, 0
L 918, 2622, -0, 918, 2616, -0, 0, 0, 0
L 920, 2622, -0, 918, 2622, -0, 0, 0, 0
L 920, 2629, -0, 918, 2629, -0, 0, 0, 0
L 920, 2622, -0, 920, 2629, -0, 0, 0, 0
L -580, 2777, 15, -579, 2766, 15, 0, 128, 192
L -579, 2777, 15, -581, 2777, 15, 0, 128, 192
L -581, 2780, 15, -581, 2777, 15, 0, 128, 192
L -579, 2780, 16, -581, 2780, 15, 0, 128, 192
L -579, 2812, 16, -579, 2780, 16, 0, 128, 192
L -639, 2812, 16, -579, 2812, 16, 0, 128, 192
L -639, 2766, 16, -639, 2812, 16, 0, 128, 192
L -639, 2766, 16, -617, 2766, 16, 0, 128, 192
L -617, 2778, 16, -617, 2766, 16, 0, 128, 192
L -593, 2778, 15, -617, 2778, 15, 0, 128, 192
L -485, 2876, 5, -485, 2881, 5, 0, 0, 0
L -492, 2879, 3, -486, 2879, 3, 0, 0, 0
L -492, 2881, 3, -492, 2879, 3, 0, 0, 0
L -485, 2881, 3, -492, 2881, 3, 0, 0, 0
L -480, 2876, 5, -485, 2876, 5, 0, 0, 0
L -480, 2875, 6, -480, 2876, 6, 0, 0, 0
L -485, 2874, 6, -480, 2875, 6, 0, 0, 0
L -485, 2862, 6, -485, 2874, 6, 0, 0, 0
L -468, 2862, 6, -468, 2875, 6, 0, 0, 0
L -468, 2862, 6, -485, 2862, 6, 0, 0, 0
L -473, 2875, 6, -468, 2875, 6, 0, 0, 0
L -473, 2876, 6, -473, 2875, 6, 0, 0, 0
L -468, 2876, 7, -473, 2876, 7, 0, 0, 0
L -468, 2891, 5, -468, 2876, 7, 0, 0, 0
L -473, 2891, 5, -468, 2891, 6, 0, 0, 0
L -473, 2892, 5, -473, 2891, 5, 0, 0, 0
L -468, 2892, 5, -473, 2892, 5, 0, 0, 0
L -468, 2906, 4, -468, 2892, 5, 0, 0, 0
L -472, 2906, 4, -468, 2906, 4, 0, 0, 0
L -472, 2903, 4, -472, 2906, 4, 0, 0, 0
L -478, 2903, 4, -480, 2903, 4, 0, 0, 0
L -474, 2903, 4, -472, 2903, 4, 0, 0, 0
L -481, 2906, 4, -480, 2903, 4, 0, 0, 0
L -485, 2906, 4, -481, 2906, 4, 0, 0, 0
L -485, 2892, 5, -485, 2906, 4, 0, 0, 0
L -480, 2892, 5, -485, 2892, 5, 0, 0, 0
L -480, 2891, 5, -480, 2892, 5, 0, 0, 0
L -480, 2891, 5, -485, 2891, 5, 0, 0, 0
L -485, 2891, 5, -485, 2887, 5, 0, 0, 0
L -492, 2887, 3, -485, 2887, 3, 0, 0, 0
L -492, 2887, 3, -492, 2889, 3, 0, 0, 0
L -486, 2889, 3, -492, 2889, 3, 0, 0, 0
L -486, 2879, 3, -486, 2860, 3, 0, 0, 0
L -467, 2860, 3, -467, 2908, 3, 0, 0, 0
L -467, 2860, 3, -486, 2860, 3, 0, 0, 0
L -486, 2908, 3, -467, 2908, 3, 0, 0, 0
L -486, 2889, 3, -486, 2908, 3, 0, 0, 0
L -91, 60, 7, -87, 5, 7, 127, 64, 0
L -93, 108, 7, -91, 60, 7, 127, 64, 0
L -92, 141, 7, -93, 108, 7, 127, 64, 0
L -84, 244, 10, -92, 141, 7, 127, 64, 0
L -81, 315, 10, -84, 244, 10, 127, 64, 0
L -80, 327, 10, -81, 315, 10, 127, 64, 0
L -65, 421, 10, -80, 327, 10, 127, 64, 0
L -64, 425, 10, -65, 421, 10, 127, 64, 0
L -62, 430, 10, -64, 425, 10, 127, 64, 0
L -59, 436, 10, -62, 430, 10, 127, 64, 0
L -44, 466, 12, -59, 436, 10, 127, 64, 0
L -41, 470, 12, -44, 466, 12, 127, 64, 0
L -36, 476, 12, -41, 470, 12, 127, 64, 0
L -25, 489, 13, -36, 476, 12, 127, 64, 0
L -17, 498, 13, -25, 489, 13, 127, 64, 0
L -13, 503, 13, -17, 498, 13, 127, 64, 0
L -4, 517, 13, -13, 503, 13, 127, 64, 0
L 1, 530, 13, -4, 517, 13, 127, 64, 0
L 10, 562, 13, 1, 530, 13, 127, 64, 0
L 13, 572, 12, 10, 562, 13, 127, 64, 0
L 15, 589, 10, 13, 572, 12, 127, 64, 0
L 15, 597, 10, 15, 589, 10, 127, 64, 0
L 16, 618, 9, 15, 597, 10, 127, 64, 0
L 17, 792, 9, 16, 618, 9, 127, 64, 0
L 23, 884, 10, 17, 792, 9, 127, 64, 0
L 29, 1012, 11, 23, 884, 10, 127, 64, 0
L 48, 1168, 11, 29, 1012, 11, 127, 64, 0
L 49, 1188, 11, 48, 1168, 11, 127, 64, 0
L 50, 1227, 11, 49, 1188, 11, 127, 64, 0
L 48, 1244, 11, 50, 1227, 11, 127, 64, 0
L 47, 1255, 11, 48, 1244, 11, 127, 64, 0
L 40, 1281, 11, 47, 1255, 11, 127, 64, 0
L 29, 1317, 11, 40, 1281, 11, 127, 64, 0
L 23, 1332, 11, 29, 1317, 11, 127, 64, 0
L 20, 1337, 11, 23, 1332, 11, 127, 64, 0
L 17, 1343, 11, 20, 1337, 11, 127, 64, 0
L -73, 1472, 11, 17, 1343, 11, 127, 64, 0
L -78, 1480, 11, -73, 1472, 11, 127, 64, 0
L -80, 1484, 11, -78, 1480, 11, 127, 64, 0
L -88, 1505, 11, -80, 1484, 11, 127, 64, 0
L -92, 1526, 11, -88, 1505, 11, 127, 64, 0
L -94, 1535, 11, -92, 1526, 11, 127, 64, 0
L -96, 1560, 11, -94, 1535, 11, 127, 64, 0
L -96, 1638, 11, -96, 1560, 11, 127, 64, 0
L -93, 1721, 15, -96, 1638, 11, 127, 64, 0
L -92, 1813, 16, -93, 1721, 15, 127, 64, 0
L -95, 1860, 16, -92, 1813, 16, 127, 64, 0
L -97, 1884, 17, -95, 1860, 16, 127, 64, 0
L -100, 1911, 17, -97, 1884, 17, 127, 64, 0
L -108, 1973, 17, -100, 1911, 17, 127, 64, 0
L -111, 1987, 17, -108, 1973, 17, 127, 64, 0
L -122, 2031, 17, -111, 1987, 17, 127, 64, 0
L -124, 2038, 17, -122, 2031, 17, 127, 64, 0
L -125, 2041, 17, -124, 2038, 17, 127, 64, 0
L -131, 2053, 17, -125, 2041, 17, 127, 64, 0
L -136, 2062, 17, -131, 2053, 17, 127, 64, 0
L -142, 2072, 16, -136, 2062, 17, 127, 64, 0
L -148, 2079, 16, -142, 2072, 16, 127, 64, 0
L -153, 2086, 16, -148, 2079, 16, 127, 64, 0
L -159, 2092, 16, -153, 2086, 16, 127, 64, 0
L -196, 2128, 12, -159, 2092, 16, 127, 64, 0
L -217, 2151, 8, -196, 2128, 12, 127, 64, 0
L -230, 2164, 8, -217, 2151, 8, 127, 64, 0
L -260, 2196, 7, -230, 2164, 8, 127, 64, 0
L -266, 2202, 7, -260, 2196, 7, 127, 64, 0
L -271, 2209, 7, -266, 2202, 7, 127, 64, 0
L -276, 2217, 7, -271, 2209, 7, 127, 64, 0
L -281, 2229, 7, -276, 2217, 7, 127, 64, 0
L -283, 2232, 7, -281, 2229, 7, 127, 64, 0
L -284, 2237, 7, -283, 2232, 7, 127, 64, 0
L -294, 2279, 7, -284, 2237, 7, 127, 64, 0
L -298, 2294, 7, -294, 2279, 7, 127, 64, 0
L -317, 2346, 7, -298, 2294, 7, 127, 64, 0
L -333, 2386, 7, -317, 2346, 7, 127, 64, 0
L -326, 2386, 8, -333, 2386, 7, 127, 64, 0
L -325, 2386, 9, -326, 2386, 8, 127, 64, 0
L -320, 2385, 10, -325, 2386, 9, 127, 64, 0
L -316, 2382, 11, -320, 2385, 10, 127, 64, 0
L -314, 2380, 12, -316, 2382, 11, 127, 64, 0
L -310, 2366, 13, -314, 2380, 12, 127, 64, 0
L -305, 2351, 14, -310, 2366, 13, 127, 64, 0
L -292, 2316, 15, -305, 2351, 14, 127, 64, 0
L -273, 2270, 15, -292, 2316, 15, 127, 64, 0
L -264, 2244, 15, -273, 2270, 15, 127, 64, 0
L -260, 2236, 15, -264, 2244, 15, 127, 64, 0
L -255, 2225, 16, -260, 2236, 15, 127, 64, 0
L -248, 2215, 16, -255, 2225, 16, 127, 64, 0
L -246, 2212, 17, -248, 2215, 16, 127, 64, 0
L -242, 2207, 17, -246, 2212, 17, 127, 64, 0
L -240, 2204, 17, -242, 2207, 17, 127, 64, 0
L -231, 2195, 17, -240, 2204, 17, 127, 64, 0
L -198, 2160, 17, -231, 2195, 17, 127, 64, 0
L -188, 2151, 17, -198, 2160, 17, 127, 64, 0
L -162, 2129, 17, -188, 2151, 17, 127, 64, 0
L -140, 2108, 17, -162, 2129, 17, 127, 64, 0
L -135, 2105, 17, -140, 2108, 17, 127, 64, 0
L -118, 2078, 16, -135, 2105, 17, 127, 64, 0
L -115, 2073, 16, -118, 2078, 16, 127, 64, 0
L -114, 2072, 16, -115, 2073, 16, 127, 64, 0
L -111, 2066, 15, -114, 2072, 16, 127, 64, 0
L -106, 2057, 14, -111, 2066, 15, 127, 64, 0
L -104, 2053, 14, -106, 2057, 14, 127, 64, 0
L -101, 2045, 13, -104, 2053, 14, 127, 64, 0
L -93, 2028, 12, -101, 2045, 13, 127, 64, 0
L -90, 2017, 12, -93, 2028, 12, 127, 64, 0
L -85, 1994, 11, -90, 2017, 12, 127, 64, 0
L -78, 1939, 10, -85, 1994, 11, 127, 64, 0
L -75, 1884, 10, -78, 1939, 10, 127, 64, 0
L -73, 1833, 10, -75, 1884, 10, 127, 64, 0
L -73, 1825, 10, -73, 1833, 10, 127, 64, 0
L -68, 1797, 10, -73, 1825, 10, 127, 64, 0
L -67, 1785, 10, -68, 1797, 10, 127, 64, 0
L -67, 1760, 10, -67, 1785, 10, 127, 64, 0
L -75, 1672, 10, -67, 1760, 10, 127, 64, 0
L -78, 1599, 10, -75, 1672, 10, 127, 64, 0
L -79, 1562, 10, -78, 1599, 10, 127, 64, 0
L -76, 1539, 10, -79, 1562, 10, 127, 64, 0
L -73, 1522, 10, -76, 1539, 10, 127, 64, 0
L -66, 1500, 10, -73, 1522, 10, 127, 64, 0
L -61, 1486, 10, -66, 1500, 10, 127, 64, 0
L -54, 1473, 10, -61, 1486, 10, 127, 64, 0
L -38, 1448, 10, -54, 1473, 10, 127, 64, 0
L -35, 1443, 10, -38, 1448, 10, 127, 64, 0
L -18, 1426, 10, -35, 1443, 10, 127, 64, 0
L -12, 1419, 10, -18, 1426, 10, 127, 64, 0
L 11, 1389, 10, -12, 1419, 10, 127, 64, 0
L 30, 1361, 10, 11, 1389, 10, 127, 64, 0
L 38, 1348, 10, 30, 1361, 10, 127, 64, 0
L 40, 1344, 10, 38, 1348, 10, 127, 64, 0
L 47, 1328, 10, 40, 1344, 10, 127, 64, 0
L 64, 1267, 10, 47, 1328, 10, 127, 64, 0
L 68, 1251, 10, 64, 1267, 10, 127, 64, 0
L 72, 1216, 10, 68, 1251, 10, 127, 64, 0
L 72, 1186, 10, 72, 1216, 10, 127, 64, 0
L 70, 1165, 10, 72, 1186, 10, 127, 64, 0
L 42, 974, 10, 70, 1165, 10, 127, 64, 0
L 40, 950, 10, 42, 974, 10, 127, 64, 0
L 36, 873, 10, 40, 950, 10, 127, 64, 0
L 35, 850, 11, 36, 873, 10, 127, 64, 0
L 34, 785, 14, 35, 850, 11, 127, 64, 0
L 33, 652, 15, 34, 785, 14, 127, 64, 0
L 32, 609, 15, 33, 652, 15, 127, 64, 0
L 29, 569, 15, 32, 609, 15, 127, 64, 0
L 22, 537, 13, 29, 569, 15, 127, 64, 0
L 22, 536, 13, 22, 537, 13, 127, 64, 0
L 20, 531, 10, 22, 536, 13, 127, 64, 0
L 16, 523, 9, 20, 531, 10, 127, 64, 0
L 9, 511, 8, 16, 523, 9, 127, 64, 0
L -0, 496, 8, 9, 511, 8, 127, 64, 0
L -21, 464, 8, -0, 496, 8, 127, 64, 0
L -26, 455, 8, -21, 464, 8, 127, 64, 0
L -37, 432, 8, -26, 455, 8, 127, 64, 0
L -45, 413, 8, -37, 432, 8, 127, 64, 0
L -47, 406, 8, -45, 413, 8, 127, 64, 0
L -48, 404, 8, -47, 406, 8, 127, 64, 0
L -49, 391, 8, -48, 404, 8, 127, 64, 0
L -50, 385, 8, -49, 391, 8, 127, 64, 0
L -51, 383, 8, -50, 385, 8, 127, 64, 0
L -52, 380, 8, -51, 383, 8, 127, 64, 0
L -60, 356, 7, -52, 380, 8, 127, 64, 0
L -62, 345, 7, -60, 356, 7, 127, 64, 0
L -64, 323, 7, -62, 345, 7, 127, 64, 0
L -65, 306, 7, -64, 323, 7, 127, 64, 0
L -63, 283, 7, -65, 306, 7, 127, 64, 0
L -62, 267, 7, -63, 283, 7, 127, 64, 0
L -62, 224, 7, -62, 267, 7, 127, 64, 0
L -63, 213, 8, -62, 224, 7, 127, 64, 0
L -64, 197, 8, -63, 213, 8, 127, 64, 0
L -64, 180, 9, -64, 197, 8, 127, 64, 0
L -65, 147, 9, -64, 180, 9, 127, 64, 0
L -66, 127, 9, -65, 147, 9, 127, 64, 0
L -69, 106, 9, -66, 127, 9, 127, 64, 0
L -69, 85, 9, -69, 106, 9, 127, 64, 0
L -68, 41, 9, -69, 85, 9, 127, 64, 0
L -67, 29, 9, -68, 41, 9, 127, 64, 0
L -64, 5, 9, -67, 29, 9, 127, 64, 0
