P 534.8671, 1864.0443, -0.1437,  0, 0, 0,  1,  Crypt
P -362.9875, 2555.1602, 2.1449,  0, 0, 0,  2,  Apothecary_Cadmael_(quest)
P -479.0000, 830.0000, 11.6542,  0, 240, 0,  3,  Temple_of_Bertoxx
P 869.0000, 2609.0000, 1.0000,  0, 0, 240,  2,  Ruins
P -476.0000, 2888.0000, 4.0000,  0, 0, 240,  2,  Southwest
P -602.0000, 2797.0000, -1.0000,  0, 0, 240,  2,  Inn
P -339.0000, 2557.0000, 3.0000,  0, 0, 240,  2,  Northeast
P -307.0000, 2801.0000, 3.0000,  0, 0, 240,  2,  Southeast
P 112.0000, 2967.0000, -21.0000,  0, 0, 240,  2,  Pit_Two
P -106.0000, 2965.0000, -18.0000,  0, 0, 240,  2,  Pit_One
P -491.0000, 2400.0000, 3.0000,  0, 0, 240,  2,  Smith
P -590.0000, 2477.0000, -1.0000,  0, 0, 240,  2,  Northwest
P -484.0000, 2675.0000, 2.0000,  0, 0, 240,  2,  Square
P -446.0000, 2778.0000, 4.0000,  240, 127, 0,  2,  Baking
P -78.0000, 13.0000, 6.0000,  0, 240, 0,  3,  Oceangreen_Hills
