P -1794.3252, -1064.0461, 9.1130,  240, 240, 0,  2,  Nobel_Ramel_the_Strategist
P 1924.6949, -2066.3704, -2.9380,  240, 240, 0,  2,  Assistant_Josoth_(spells)
P 1925.2524, -2071.4160, -2.9380,  240, 240, 0,  2,  Herald_Argoth
P -1932.0000, -1701.0000, 6.0000,  0, 240, 0,  3,  ZL-OldDranik
P 2102.0000, -2077.0000, -1.0000,  0, 240, 0,  1,  ZL-Draniks_Scar
P 2099.0000, -2011.0000, -1.0000,  0, 240, 0,  1,  ZL-Void
P -1813.0859, -1252.5221, 3.9399,  240, 240, 0,  2,  Noble_Mikuv_the_Rational
P -1555.1460, -1745.5880, 3.9399,  240, 240, 0,  2,  Commander_Prezul
P -1259.2244, -1568.9205, 3.6208,  240, 240, 0,  2,  NObel_Yemall_the_Arcane
P -1836.4052, -1580.9005, 3.8318,  240, 240, 0,  2,  General_Vuig_the_Imposing
P 1560.0635, -2133.5947, 2.2918,  240, 240, 0,  2,  Commander_Fethul
P 1823.7106, -1407.0028, -3.1490,  240, 240, 0,  2,  Acolyte_Maarnek
P 915.0000, 604.0000, 12.0000,  127, 0, 0,  3,  Pherin_the_Traitor
P 1236.0000, 1074.0000, 8.0000,  127, 0, 0,  3,  Taath
P -400.0000, -850.0000, 17.0000,  127, 0, 0,  3,  Naddik
P 807.0000, -780.0000, 27.0000,  127, 0, 0,  3,  Kyris
P 150.0000, -25.0000, 8.6250,  127, 0, 0,  3,  Emlyxi
P -150.0000, -440.0000, 20.0000,  127, 0, 0,  3,  Thangrel
