P 2208.0000, 1331.0000, 56.0000,  0, 0, 0,  2,  Forces_of_Light
P 1359.0000, -919.0000, -19.0000,  0, 0, 0,  1,  Orc-1
P 192.0000, -709.0000, 24.0000,  0, 0, 0,  1,  Orc-2
P -843.0000, 64.0000, 13.0000,  0, 0, 0,  1,  Toll_Booth
P -1040.0000, 1165.0000, 41.0000,  0, 240, 0,  3,  ZL-Befallen
P 2379.0000, 2087.0000, 52.0000,  0, 240, 0,  3,  ZL-North_Ro
P 4055.0000, -289.0000, 17.0000,  0, 240, 0,  3,  ZL-Freeport
P 2441.0000, -1273.0000, 72.0000,  0, 240, 0,  3,  ZL-Nek_Forest
P -3663.0000, -1182.0000, 36.0000,  0, 240, 0,  3,  ZL-Kithicor
P -2862.6196, -320.5598, -19.5707,  0, 127, 0,  2,  Nightblade_Halb_camp
P -3377.0010, -787.0771, 25.7375,  0, 127, 0,  2,  Blackheart_camp
P -2864.6316, 553.6721, 43.6147,  0, 127, 0,  2,  Painstorm_camp
P 2457.9246, 1751.7695, 30.0062,  0, 127, 0,  2,  Refuge_camp
