L 1866, -1122, -187, 1811, -980, -187, 0, 0, 0
L 1871, -1132, -187, 1866, -1122, -187, 0, 0, 0
L 1965, -1093, -187, 1871, -1132, -187, 0, 0, 0
L 1966, -1094, -187, 1965, -1093, -187, 0, 0, 0
L 1976, -1118, -187, 1966, -1094, -187, 0, 0, 0
L 1880, -1152, -187, 1976, -1118, -187, 0, 0, 0
L 1884, -1165, -187, 1880, -1152, -187, 0, 0, 0
L 1814, -979, -187, 1799, -945, -187, 0, 0, 0
L 1799, -945, -187, 1797, -945, -187, 0, 0, 0
L 1797, -945, -187, 1790, -926, -187, 0, 0, 0
L 1790, -926, -187, 1890, -887, -187, 0, 0, 0
L 1890, -887, -187, 1879, -861, -187, 0, 0, 0
L 1879, -861, -187, 1782, -902, -187, 0, 0, 0
L 1782, -902, -187, 1743, -801, -187, 0, 0, 0
L 1743, -801, -187, 1715, -812, -187, 0, 0, 0
L 1715, -812, -187, 1719, -822, -187, 0, 0, 0
L 1719, -822, -187, 1720, -828, -187, 0, 0, 0
L 1720, -828, -187, 1746, -892, -187, 0, 0, 0
L 1746, -892, -187, 1750, -893, -187, 0, 0, 0
L 1750, -893, -187, 1755, -907, -187, 0, 0, 0
L 1755, -907, -187, 1748, -914, -187, 0, 0, 0
L 1748, -914, -187, 1643, -954, -185, 0, 0, 0
L 1643, -954, -185, 1623, -949, -193, 0, 0, 0
L 1623, -949, -193, 1621, -950, -194, 0, 0, 0
L 1621, -950, -194, 1619, -950, -194, 0, 0, 0
L 1619, -950, -194, 1618, -949, -191, 0, 0, 0
L 1618, -949, -191, 1613, -939, -194, 0, 0, 0
L 1613, -939, -194, 1620, -929, -194, 0, 0, 0
L 1620, -929, -194, 1621, -928, -194, 0, 0, 0
L 1621, -928, -194, 1622, -926, -192, 0, 0, 0
L 1622, -926, -192, 1624, -924, -192, 0, 0, 0
L 1624, -924, -192, 1625, -923, -190, 0, 0, 0
L 1625, -923, -190, 1626, -916, -189, 0, 0, 0
L 1626, -916, -189, 1627, -915, -187, 0, 0, 0
L 1627, -915, -187, 1625, -897, -187, 0, 0, 0
L 1625, -897, -187, 1614, -888, -187, 0, 0, 0
L 1614, -888, -187, 1576, -875, -187, 0, 0, 0
L 1576, -875, -187, 1500, -907, -187, 0, 0, 0
L 1500, -907, -187, 1496, -917, -190, 0, 0, 0
L 1496, -917, -190, 1510, -923, -194, 0, 0, 0
L 1510, -923, -194, 1507, -930, -194, 0, 0, 0
L 1507, -930, -194, 1494, -924, -190, 0, 0, 0
L 1494, -924, -190, 1479, -918, -181, 0, 0, 0
L 1479, -918, -181, 1476, -925, -181, 0, 0, 0
L 1476, -925, -181, 1452, -916, -179, 0, 0, 0
L 1452, -916, -179, 1443, -912, -181, 0, 0, 0
L 1443, -912, -181, 1434, -908, -187, 0, 0, 0
L 1434, -908, -187, 1358, -876, -188, 0, 0, 0
L 1358, -876, -188, 1414, -752, -188, 0, 0, 0
L 1414, -752, -188, 1363, -584, -188, 0, 0, 0
L 1363, -584, -188, 1432, -553, -188, 0, 0, 0
L 1432, -553, -188, 1477, -534, -181, 0, 0, 0
L 1477, -534, -181, 1494, -542, -184, 0, 0, 0
L 1494, -542, -184, 1512, -535, -194, 0, 0, 0
L 1512, -535, -194, 1519, -541, -194, 0, 0, 0
L 1519, -541, -194, 1518, -546, -194, 0, 0, 0
L 1518, -546, -194, 1511, -562, -187, 0, 0, 0
L 1511, -562, -187, 1675, -633, -187, 0, 0, 0
L 1675, -633, -187, 1735, -605, -187, 0, 0, 0
L 1735, -605, -187, 1790, -458, -187, 0, 0, 0
L 1790, -458, -187, 1764, -398, -187, 0, 0, 0
L 1764, -398, -187, 1574, -323, -187, 0, 0, 0
L 1574, -323, -187, 1510, -355, -187, 0, 0, 0
L 1510, -355, -187, 1465, -476, -187, 0, 0, 0
L 1465, -476, -187, 1473, -480, -187, 0, 0, 0
L 1473, -480, -187, 1479, -483, -190, 0, 0, 0
L 1479, -483, -190, 1490, -484, -194, 0, 0, 0
L 1490, -484, -194, 1497, -481, -194, 0, 0, 0
L 1497, -481, -194, 1499, -484, -194, 0, 0, 0
L 1499, -484, -194, 1483, -496, -190, 0, 0, 0
L 1483, -496, -190, 1472, -502, -183, 0, 0, 0
L 1472, -502, -183, 1466, -505, -181, 0, 0, 0
L 1466, -505, -181, 1467, -510, -181, 0, 0, 0
L 1467, -510, -181, 1447, -519, -181, 0, 0, 0
L 1447, -519, -181, 1436, -523, -188, 0, 0, 0
L 1436, -523, -188, 1354, -554, -188, 0, 0, 0
L 1354, -554, -188, 1307, -442, -188, 0, 0, 0
L 1307, -442, -188, 1309, -441, -188, 0, 0, 0
L 1309, -441, -188, 1308, -439, -188, 0, 0, 0
L 1308, -439, -188, 1329, -426, -188, 0, 0, 0
L 1329, -426, -188, 1332, -419, -188, 0, 0, 0
L 1332, -419, -188, 1351, -425, -188, 0, 0, 0
L 1351, -425, -188, 1365, -388, -188, 0, 0, 0
L 1365, -388, -188, 1352, -334, -188, 0, 0, 0
L 1352, -334, -188, 1333, -301, -188, 0, 0, 0
L 1333, -301, -188, 1279, -279, -188, 0, 0, 0
L 1279, -279, -188, 1199, -307, -188, 0, 0, 0
L 1199, -307, -188, 1170, -370, -188, 0, 0, 0
L 1170, -370, -188, 1197, -442, -188, 0, 0, 0
L 1197, -442, -188, 1250, -463, -188, 0, 0, 0
L 1250, -463, -188, 1248, -457, -188, 0, 0, 0
L 1248, -457, -188, 1252, -453, -188, 0, 0, 0
L 1252, -453, -188, 1283, -451, -188, 0, 0, 0
L 1283, -451, -188, 1328, -562, -188, 0, 0, 0
L 1328, -562, -188, 1316, -570, -187, 0, 0, 0
L 1316, -570, -187, 1328, -592, -188, 0, 0, 0
L 1328, -592, -188, 1335, -589, -188, 0, 0, 0
L 1335, -589, -188, 1384, -736, -188, 0, 0, 0
L 1384, -736, -188, 1372, -786, -188, 0, 0, 0
L 1372, -786, -188, 1339, -865, -188, 0, 0, 0
L 1339, -865, -188, 1137, -777, -188, 0, 0, 0
L 1137, -777, -188, 1066, -745, -187, 0, 0, 0
L 1066, -745, -187, 1065, -745, -186, 0, 0, 0
L 1065, -745, -186, 974, -710, -186, 0, 0, 0
L 974, -710, -186, 975, -707, -186, 0, 0, 0
L 975, -707, -186, 975, -705, -186, 0, 0, 0
L 975, -705, -186, 908, -682, -186, 0, 0, 0
L 908, -682, -186, 907, -681, -184, 0, 0, 0
L 907, -681, -184, 886, -660, -183, 0, 0, 0
L 886, -660, -183, 863, -644, -197, 0, 0, 0
L 863, -644, -197, 863, -630, -195, 0, 0, 0
L 863, -630, -195, 897, -605, -157, 0, 0, 0
L 897, -605, -157, 922, -593, -149, 0, 0, 0
L 922, -593, -149, 950, -567, -123, 0, 0, 0
L 950, -567, -123, 980, -536, -111, 0, 0, 0
L 980, -536, -111, 998, -498, -124, 0, 0, 0
L 998, -498, -124, 1000, -477, -116, 0, 0, 0
L 1000, -477, -116, 1005, -430, -121, 0, 0, 0
L 1005, -430, -121, 1006, -421, -128, 0, 0, 0
L 1006, -421, -128, 994, -421, -144, 0, 0, 0
L 994, -421, -144, 966, -426, -147, 0, 0, 0
L 966, -426, -147, 949, -432, -151, 0, 0, 0
L 949, -432, -151, 948, -426, -151, 0, 0, 0
L 948, -426, -151, 908, -435, -168, 0, 0, 0
L 908, -435, -168, 908, -439, -168, 0, 0, 0
L 908, -439, -168, 891, -442, -177, 0, 0, 0
L 891, -442, -177, 890, -438, -177, 0, 0, 0
L 890, -438, -177, 853, -444, -183, 0, 0, 0
L 853, -444, -183, 853, -448, -183, 0, 0, 0
L 853, -448, -183, 837, -450, -183, 0, 0, 0
L 837, -450, -183, 835, -447, -183, 0, 0, 0
L 835, -447, -183, 809, -453, -183, 0, 0, 0
L 809, -453, -183, 800, -474, -180, 0, 0, 0
L 800, -474, -180, 798, -482, -187, 0, 0, 0
L 798, -482, -187, 770, -492, -191, 0, 0, 0
L 770, -492, -191, 766, -529, -195, 0, 0, 0
L 766, -529, -195, 768, -529, -195, 0, 0, 0
L 768, -529, -195, 767, -545, -196, 0, 0, 0
L 767, -545, -196, 765, -546, -196, 0, 0, 0
L 765, -546, -196, 763, -545, -196, 0, 0, 0
L 763, -545, -196, 757, -584, -201, 0, 0, 0
L 757, -584, -201, 759, -584, -201, 0, 0, 0
L 759, -584, -201, 757, -602, -203, 0, 0, 0
L 757, -602, -203, 754, -603, -204, 0, 0, 0
L 754, -603, -204, 747, -639, -213, 0, 0, 0
L 747, -639, -213, 703, -635, -213, 0, 0, 0
L 703, -635, -213, 703, -631, -212, 0, 0, 0
L 703, -631, -212, 673, -621, -210, 0, 0, 0
L 673, -621, -210, 644, -618, -209, 0, 0, 0
L 644, -618, -209, 642, -615, -209, 0, 0, 0
L 642, -615, -209, 647, -593, -207, 0, 0, 0
L 647, -593, -207, 680, -596, -209, 0, 0, 0
L 680, -596, -209, 689, -598, -208, 0, 0, 0
L 689, -598, -208, 690, -598, -208, 0, 0, 0
L 690, -598, -208, 695, -572, -205, 0, 0, 0
L 695, -572, -205, 697, -572, -205, 0, 0, 0
L 697, -572, -205, 706, -495, -199, 0, 0, 0
L 706, -495, -199, 678, -462, -205, 0, 0, 0
L 678, -462, -205, 673, -458, -202, 0, 0, 0
L 673, -458, -202, 672, -457, -202, 0, 0, 0
L 672, -457, -202, 667, -455, -208, 0, 0, 0
L 667, -455, -208, 670, -443, -208, 0, 0, 0
L 670, -443, -208, 669, -442, -208, 0, 0, 0
L 669, -442, -208, 650, -444, -213, 0, 0, 0
L 650, -444, -213, 600, -456, -199, 0, 0, 0
L 600, -456, -199, 555, -456, -170, 0, 0, 0
L 555, -456, -170, 529, -460, -143, 0, 0, 0
L 529, -460, -143, 517, -455, -140, 0, 0, 0
L 517, -455, -140, 497, -449, -143, 0, 0, 0
L 497, -449, -143, 487, -452, -143, 0, 0, 0
L 487, -452, -143, 484, -450, -143, 0, 0, 0
L 484, -450, -143, 466, -471, -145, 0, 0, 0
L 466, -471, -145, 464, -471, -145, 0, 0, 0
L 464, -471, -145, 454, -455, -143, 0, 0, 0
L 454, -455, -143, 473, -436, -140, 0, 0, 0
L 473, -436, -140, 443, -408, -140, 0, 0, 0
L 443, -408, -140, 421, -428, -140, 0, 0, 0
L 421, -428, -140, 411, -423, -140, 0, 0, 0
L 411, -423, -140, 408, -407, -139, 0, 0, 0
L 408, -407, -139, 411, -399, -146, 0, 0, 0
L 411, -399, -146, 404, -419, -136, 0, 0, 0
L 404, -419, -136, 396, -443, -141, 0, 0, 0
L 396, -443, -141, 391, -445, -143, 0, 0, 0
L 391, -445, -143, 379, -448, -141, 0, 0, 0
L 379, -448, -141, 370, -450, -151, 0, 0, 0
L 370, -450, -151, 363, -451, -152, 0, 0, 0
L 363, -451, -152, 319, -441, -126, 0, 0, 0
L 319, -441, -126, 303, -432, -118, 0, 0, 0
L 303, -432, -118, 286, -422, -105, 0, 0, 0
L 286, -422, -105, 255, -403, -89, 0, 0, 0
L 255, -403, -89, 209, -383, -86, 0, 0, 0
L 209, -383, -86, 202, -376, -89, 0, 0, 0
L 202, -376, -89, 182, -355, -74, 0, 0, 0
L 182, -355, -74, 22, -299, -50, 0, 0, 0
L 22, -299, -50, -36, -272, -24, 0, 0, 0
L -36, -272, -24, -93, -267, -13, 0, 0, 0
L -93, -267, -13, -103, -269, -15, 0, 0, 0
L -103, -269, -15, -227, -302, 2, 0, 0, 0
L -227, -302, 2, -264, -301, 22, 0, 0, 0
L -264, -301, 22, -278, -295, 32, 0, 0, 0
L -278, -295, 32, -308, -292, 33, 0, 0, 0
L -308, -292, 33, -335, -288, 10, 0, 0, 0
L -335, -288, 10, -346, -270, 7, 0, 0, 0
L -346, -270, 7, -341, -205, 5, 0, 0, 0
L -341, -205, 5, -324, -182, -5, 0, 0, 0
L -324, -182, -5, -281, -165, -19, 0, 0, 0
L -281, -165, -19, -259, -139, -30, 0, 0, 0
L -259, -139, -30, -254, -85, -21, 0, 0, 0
L -254, -85, -21, -251, -39, -37, 0, 0, 0
L -251, -39, -37, -267, 5, -40, 0, 0, 0
L -267, 5, -40, -286, 46, -59, 0, 0, 0
L -286, 46, -59, -278, 81, -72, 0, 0, 0
L -278, 81, -72, -274, 110, -72, 0, 0, 0
L -274, 110, -72, -277, 127, -77, 0, 0, 0
L -277, 127, -77, -276, 148, -87, 0, 0, 0
L -276, 148, -87, -279, 162, -94, 0, 0, 0
L -279, 162, -94, -284, 179, -96, 0, 0, 0
L -284, 179, -96, -293, 184, -92, 0, 0, 0
L -293, 184, -92, -356, 165, -77, 0, 0, 0
L -356, 165, -77, -463, 133, -70, 0, 0, 0
L -463, 133, -70, -487, 134, -68, 0, 0, 0
L -487, 134, -68, -488, 136, -68, 0, 0, 0
L -488, 136, -68, -479, 143, -67, 0, 0, 0
L -479, 143, -67, -458, 158, -54, 0, 0, 0
L -458, 158, -54, -438, 163, -53, 0, 0, 0
L -438, 163, -53, -446, 193, -53, 0, 0, 0
L -446, 193, -53, -448, 199, -50, 0, 0, 0
L -448, 199, -50, -470, 192, -50, 0, 0, 0
L -470, 192, -50, -473, 200, -51, 0, 0, 0
L -473, 200, -51, -471, 208, -49, 0, 0, 0
L -471, 208, -49, -446, 229, -61, 0, 0, 0
L -446, 229, -61, -435, 237, -60, 0, 0, 0
L -435, 237, -60, -432, 253, -57, 0, 0, 0
L -432, 253, -57, -443, 271, -50, 0, 0, 0
L -443, 271, -50, -445, 272, -51, 0, 0, 0
L -445, 272, -51, -535, 231, -42, 0, 0, 0
L -535, 231, -42, -567, 203, -54, 0, 0, 0
L -567, 203, -54, -593, 161, -54, 0, 0, 0
L -593, 161, -54, -603, 149, -46, 0, 0, 0
L -603, 149, -46, -626, 64, -32, 0, 0, 0
L -626, 64, -32, -650, 11, -7, 0, 0, 0
L -650, 11, -7, -663, 0, -4, 0, 0, 0
L -663, 0, -4, -672, -4, 3, 0, 0, 0
L -672, -4, 3, -684, -5, 5, 0, 0, 0
L -684, -5, 5, -701, 15, 14, 0, 0, 0
L -701, 15, 14, -729, 86, 62, 0, 0, 0
L -729, 86, 62, -773, 144, 73, 0, 0, 0
L -773, 144, 73, -778, 151, 77, 0, 0, 0
L -778, 151, 77, -815, 149, 76, 0, 0, 0
L -815, 149, 76, -821, 143, 74, 0, 0, 0
L -821, 143, 74, -822, 141, 77, 0, 0, 0
L -822, 141, 77, -842, 112, 70, 0, 0, 0
L -842, 112, 70, -868, 86, 79, 0, 0, 0
L -868, 86, 79, -888, 58, 82, 0, 0, 0
L -888, 58, 82, -904, 46, 80, 0, 0, 0
L -904, 46, 80, -947, 11, 38, 0, 0, 0
L -947, 11, 38, -982, -11, 38, 0, 0, 0
L -982, -11, 38, -1014, -31, 30, 0, 0, 0
L -1014, -31, 30, -1036, -58, 51, 0, 0, 0
L -1036, -58, 51, -1040, -67, 55, 0, 0, 0
L -1040, -67, 55, -1065, -124, 31, 0, 0, 0
L -1065, -124, 31, -1058, -142, 31, 0, 0, 0
L -1058, -142, 31, -1008, -158, 23, 0, 0, 0
L -1008, -158, 23, -1003, -161, 21, 0, 0, 0
L -1003, -161, 21, -998, -166, 24, 0, 0, 0
L -998, -166, 24, -973, -184, 19, 0, 0, 0
L -973, -184, 19, -970, -188, 17, 0, 0, 0
L -970, -188, 17, -955, -223, 17, 0, 0, 0
L -955, -223, 17, -947, -264, 30, 0, 0, 0
L -947, -264, 30, -953, -293, 34, 0, 0, 0
L -953, -293, 34, -975, -361, 51, 0, 0, 0
L -975, -361, 51, -973, -379, 57, 0, 0, 0
L -973, -379, 57, -968, -396, 69, 0, 0, 0
L -968, -396, 69, -948, -418, 69, 0, 0, 0
L -948, -418, 69, -937, -433, 62, 0, 0, 0
L -937, -433, 62, -933, -460, 61, 0, 0, 0
L -933, -460, 61, -931, -470, 57, 0, 0, 0
L -931, -470, 57, -926, -511, 53, 0, 0, 0
L -926, -511, 53, -930, -529, 52, 0, 0, 0
L -930, -529, 52, -936, -546, 61, 0, 0, 0
L -936, -546, 61, -939, -553, 61, 0, 0, 0
L -939, -553, 61, -942, -560, 64, 0, 0, 0
L -942, -560, 64, -953, -593, 56, 0, 0, 0
L -953, -593, 56, -960, -614, 44, 0, 0, 0
L -960, -614, 44, -985, -639, 47, 0, 0, 0
L -985, -639, 47, -1009, -663, 71, 0, 0, 0
L -1009, -663, 71, -1030, -670, 87, 0, 0, 0
L -1030, -670, 87, -1050, -672, 108, 0, 0, 0
L -1050, -672, 108, -1071, -672, 123, 0, 0, 0
L -1071, -672, 123, -1169, -674, 138, 0, 0, 0
L -1169, -674, 138, -1248, -658, 138, 0, 0, 0
L -1248, -658, 138, -1265, -663, 142, 0, 0, 0
L -1265, -663, 142, -1266, -665, 142, 0, 0, 0
L -1266, -665, 142, -1238, -694, 126, 0, 0, 0
L -1238, -694, 126, -1193, -697, 120, 0, 0, 0
L -1193, -697, 120, -1171, -722, 119, 0, 0, 0
L -1171, -722, 119, -1172, -758, 119, 0, 0, 0
L -1172, -758, 119, -1187, -774, 120, 0, 0, 0
L -1187, -774, 120, -1174, -801, 118, 0, 0, 0
L -1174, -801, 118, -1179, -809, 117, 0, 0, 0
L -1179, -809, 117, -1205, -812, 117, 0, 0, 0
L -1205, -812, 117, -1212, -790, 118, 0, 0, 0
L -1212, -790, 118, -1241, -778, 116, 0, 0, 0
L -1241, -778, 116, -1264, -750, 120, 0, 0, 0
L -1264, -750, 120, -1259, -700, 128, 0, 0, 0
L -1259, -700, 128, -1272, -684, 138, 0, 0, 0
L -1272, -684, 138, -1291, -666, 164, 0, 0, 0
L -1291, -666, 164, -1293, -666, 166, 0, 0, 0
L -1293, -666, 166, -1383, -681, 121, 0, 0, 0
L -1383, -681, 121, -1417, -701, 119, 0, 0, 0
L -1417, -701, 119, -1434, -723, 121, 0, 0, 0
L -1434, -723, 121, -1433, -733, 117, 0, 0, 0
L -1433, -733, 117, -1434, -736, 118, 0, 0, 0
L -1434, -736, 118, -1403, -736, 106, 0, 0, 0
L -1403, -736, 106, -1339, -727, 114, 0, 0, 0
L -1339, -727, 114, -1335, -729, 114, 0, 0, 0
L -1335, -729, 114, -1316, -758, 106, 0, 0, 0
L -1316, -758, 106, -1291, -778, 113, 0, 0, 0
L -1291, -778, 113, -1257, -808, 114, 0, 0, 0
L -1257, -808, 114, -1256, -811, 114, 0, 0, 0
L -1256, -811, 114, -1257, -812, 114, 0, 0, 0
L -1257, -812, 114, -1264, -812, 115, 0, 0, 0
L -1264, -812, 115, -1296, -813, 130, 0, 0, 0
L -1296, -813, 130, -1310, -817, 130, 0, 0, 0
L -1310, -817, 130, -1356, -765, 130, 0, 0, 0
L -1356, -765, 130, -1375, -761, 130, 0, 0, 0
L -1375, -761, 130, -1385, -750, 130, 0, 0, 0
L -1385, -750, 130, -1414, -756, 130, 0, 0, 0
L -1414, -756, 130, -1468, -782, 130, 0, 0, 0
L -1468, -782, 130, -1477, -792, 130, 0, 0, 0
L -1477, -792, 130, -1469, -804, 130, 0, 0, 0
L -1469, -804, 130, -1459, -811, 130, 0, 0, 0
L -1459, -811, 130, -1467, -829, 130, 0, 0, 0
L -1467, -829, 130, -1584, -829, 99, 0, 0, 0
L -1584, -829, 99, -1678, -829, 99, 0, 0, 0
L -1678, -829, 99, -1689, -826, 99, 0, 0, 0
L -1689, -826, 99, -1687, -709, 99, 0, 0, 0
L -1687, -709, 99, -1686, -710, 99, 0, 0, 0
L -1686, -710, 99, -1685, -707, 99, 0, 0, 0
L -1685, -707, 99, -1674, -703, 100, 0, 0, 0
L -1674, -703, 100, -1675, -679, 100, 0, 0, 0
L -1675, -679, 100, -1684, -677, 99, 0, 0, 0
L -1684, -677, 99, -1689, -676, 99, 0, 0, 0
L -1689, -676, 99, -1688, -654, 103, 0, 0, 0
L -1688, -654, 103, -1687, -579, 125, 0, 0, 0
L -1687, -579, 125, -1687, -577, 127, 0, 0, 0
L -1687, -577, 127, -1688, -472, 157, 0, 0, 0
L -1688, -472, 157, -1686, -460, 156, 0, 0, 0
L -1686, -460, 156, -1686, -458, 154, 0, 0, 0
L -1686, -458, 154, -1684, -455, 154, 0, 0, 0
L -1684, -455, 154, -1680, -452, 150, 0, 0, 0
L -1680, -452, 150, -1637, -452, 150, 0, 0, 0
L -1637, -452, 150, -1628, -459, 156, 0, 0, 0
L -1628, -459, 156, -1618, -461, 157, 0, 0, 0
L -1618, -461, 157, -1590, -429, 157, 0, 0, 0
L -1590, -429, 157, -1587, -419, 157, 0, 0, 0
L -1587, -419, 157, -1589, -323, 157, 0, 0, 0
L -1589, -323, 157, -1596, -309, 157, 0, 0, 0
L -1596, -309, 157, -1620, -286, 157, 0, 0, 0
L -1620, -286, 157, -1642, -281, 157, 0, 0, 0
L -1642, -281, 157, -1771, -283, 157, 0, 0, 0
L -1771, -283, 157, -1801, -304, 157, 0, 0, 0
L -1801, -304, 157, -1815, -326, 157, 0, 0, 0
L -1815, -326, 157, -1813, -426, 157, 0, 0, 0
L -1813, -426, 157, -1807, -439, 157, 0, 0, 0
L -1807, -439, 157, -1779, -463, 157, 0, 0, 0
L -1779, -463, 157, -1766, -468, 157, 0, 0, 0
L -1766, -468, 157, -1742, -465, 157, 0, 0, 0
L -1742, -465, 157, -1746, -459, 156, 0, 0, 0
L -1746, -459, 156, -1752, -453, 152, 0, 0, 0
L -1752, -453, 152, -1742, -449, 150, 0, 0, 0
L -1742, -449, 150, -1738, -450, 150, 0, 0, 0
L -1738, -450, 150, -1736, -456, 152, 0, 0, 0
L -1736, -456, 152, -1736, -457, 154, 0, 0, 0
L -1736, -457, 154, -1734, -460, 154, 0, 0, 0
L -1734, -460, 154, -1713, -459, 154, 0, 0, 0
L -1713, -459, 154, -1714, -473, 157, 0, 0, 0
L -1714, -473, 157, -1716, -676, 99, 0, 0, 0
L -1716, -676, 99, -1827, -681, 100, 0, 0, 0
L -1827, -681, 100, -1934, -679, 71, 0, 0, 0
L -1934, -679, 71, -1938, -676, 71, 0, 0, 0
L -1938, -676, 71, -1941, -675, 69, 0, 0, 0
L -1941, -675, 69, -1937, -669, 71, 0, 0, 0
L -1937, -669, 71, -1944, -661, 71, 0, 0, 0
L -1944, -661, 71, -1954, -661, 68, 0, 0, 0
L -1954, -661, 68, -1962, -651, 67, 0, 0, 0
L -1962, -651, 67, -1961, -649, 67, 0, 0, 0
L -1961, -649, 67, -1960, -648, 69, 0, 0, 0
L -1960, -648, 69, -1953, -643, 71, 0, 0, 0
L -1953, -643, 71, -2036, -563, 71, 0, 0, 0
L -2036, -563, 71, -2084, -559, 71, 0, 0, 0
L -2084, -559, 71, -2166, -643, 71, 0, 0, 0
L -2166, -643, 71, -2164, -683, 71, 0, 0, 0
L -2164, -683, 71, -2149, -708, 71, 0, 0, 0
L -2149, -708, 71, -2138, -709, 71, 0, 0, 0
L -2138, -709, 71, -2135, -702, 68, 0, 0, 0
L -2135, -702, 68, -2135, -697, 65, 0, 0, 0
L -2135, -697, 65, -2128, -695, 65, 0, 0, 0
L -2128, -695, 65, -2124, -703, 65, 0, 0, 0
L -2124, -703, 65, -2125, -708, 65, 0, 0, 0
L -2125, -708, 65, -2126, -717, 69, 0, 0, 0
L -2126, -717, 69, -2116, -726, 69, 0, 0, 0
L -2116, -726, 69, -2126, -739, 72, 0, 0, 0
L -2126, -739, 72, -2199, -810, 44, 0, 0, 0
L -2199, -810, 44, -2202, -811, 43, 0, 0, 0
L -2202, -811, 43, -2203, -813, 42, 0, 0, 0
L -2203, -813, 42, -2210, -811, 40, 0, 0, 0
L -2210, -811, 40, -2216, -807, 39, 0, 0, 0
L -2216, -807, 39, -2234, -799, 38, 0, 0, 0
L -2234, -799, 38, -2233, -792, 38, 0, 0, 0
L -2233, -792, 38, -2230, -781, 42, 0, 0, 0
L -2230, -781, 42, -2230, -779, 44, 0, 0, 0
L -2230, -779, 44, -2230, -775, 44, 0, 0, 0
L -2230, -775, 44, -2249, -762, 44, 0, 0, 0
L -2249, -762, 44, -2283, -762, 44, 0, 0, 0
L -2283, -762, 44, -2309, -779, 44, 0, 0, 0
L -2309, -779, 44, -2346, -826, 44, 0, 0, 0
L -2346, -826, 44, -2348, -843, 40, 0, 0, 0
L -2348, -843, 40, -2360, -852, 42, 0, 0, 0
L -2360, -852, 42, -2362, -853, 44, 0, 0, 0
L -2362, -853, 44, -2482, -853, 44, 0, 0, 0
L -2482, -853, 44, -2481, -845, 44, 0, 0, 0
L -2481, -845, 44, -2484, -838, 44, 0, 0, 0
L -2484, -838, 44, -2482, -735, 44, 0, 0, 0
L -2482, -735, 44, -2478, -728, 44, 0, 0, 0
L -2478, -728, 44, -2463, -729, 44, 0, 0, 0
L -2463, -729, 44, -2456, -717, 44, 0, 0, 0
L -2456, -717, 44, -2440, -732, 44, 0, 0, 0
L -2440, -732, 44, -2402, -684, 44, 0, 0, 0
L -2402, -684, 44, -2402, -664, 44, 0, 0, 0
L -2348, -843, 40, -2365, -855, 44, 0, 0, 0
L -2406, -665, 44, -2409, -608, 44, 0, 0, 0
L -2409, -608, 44, -2454, -568, 44, 0, 0, 0
L -2454, -568, 44, -2546, -571, 44, 0, 0, 0
L -2546, -571, 44, -2586, -607, 44, 0, 0, 0
L -2586, -607, 44, -2586, -609, 44, 0, 0, 0
L -2586, -609, 44, -2585, -612, 44, 0, 0, 0
L -2585, -612, 44, -2586, -694, 44, 0, 0, 0
L -2586, -694, 44, -2582, -703, 44, 0, 0, 0
L -2582, -703, 44, -2548, -735, 44, 0, 0, 0
L -2548, -735, 44, -2540, -734, 44, 0, 0, 0
L -2540, -734, 44, -2544, -724, 44, 0, 0, 0
L -2544, -724, 44, -2543, -720, 44, 0, 0, 0
L -2543, -720, 44, -2532, -722, 44, 0, 0, 0
L -2532, -722, 44, -2528, -725, 44, 0, 0, 0
L -2528, -725, 44, -2528, -727, 44, 0, 0, 0
L -2528, -727, 44, -2509, -731, 44, 0, 0, 0
L -2509, -731, 44, -2509, -854, 44, 0, 0, 0
L -2509, -854, 44, -2634, -855, 43, 0, 0, 0
L -2634, -855, 43, -2716, -853, 18, 0, 0, 0
L -2716, -853, 18, -2718, -854, 16, 0, 0, 0
L -2718, -854, 16, -2729, -854, 16, 0, 0, 0
L -2729, -854, 16, -2742, -853, 11, 0, 0, 0
L -2742, -853, 11, -2744, -820, 11, 0, 0, 0
L -2744, -820, 11, -2731, -806, 12, 0, 0, 0
L -2731, -806, 12, -2730, -805, 14, 0, 0, 0
L -2730, -805, 14, -2727, -782, 15, 0, 0, 0
L -2727, -782, 15, -2729, -768, 16, 0, 0, 0
L -2729, -768, 16, -2735, -760, 16, 0, 0, 0
L -2735, -760, 16, -2803, -762, 16, 0, 0, 0
L -2803, -762, 16, -2820, -767, 14, 0, 0, 0
L -2820, -767, 14, -2829, -766, 12, 0, 0, 0
L -2829, -766, 12, -2826, -748, 13, 0, 0, 0
L -2826, -748, 13, -2826, -747, 14, 0, 0, 0
L -2826, -747, 14, -2825, -710, 16, 0, 0, 0
L -2825, -710, 16, -2831, -705, 16, 0, 0, 0
L -2831, -705, 16, -2945, -706, 16, 0, 0, 0
L -2945, -706, 16, -2958, -719, 16, 0, 0, 0
L -2958, -719, 16, -2956, -756, 17, 0, 0, 0
L -2956, -756, 17, -2954, -757, 18, 0, 0, 0
L -2954, -757, 18, -2953, -758, 16, 0, 0, 0
L -2953, -758, 16, -2955, -766, 15, 0, 0, 0
L -2955, -766, 15, -2961, -765, 14, 0, 0, 0
L -2961, -765, 14, -2966, -765, 16, 0, 0, 0
L -2966, -765, 16, -3039, -765, 16, 0, 0, 0
L -3039, -765, 16, -3052, -781, 16, 0, 0, 0
L -3052, -781, 16, -3051, -962, 16, 0, 0, 0
L -3051, -962, 16, -3037, -975, 16, 0, 0, 0
L -3037, -975, 16, -2985, -974, 16, 0, 0, 0
L -2985, -974, 16, -2963, -968, 14, 0, 0, 0
L -2963, -968, 14, -2950, -970, 14, 0, 0, 0
L -2950, -970, 14, -2952, -984, 15, 0, 0, 0
L -2952, -984, 15, -2953, -1021, 16, 0, 0, 0
L -2953, -1021, 16, -2940, -1030, 16, 0, 0, 0
L -2940, -1030, 16, -2830, -1030, 16, 0, 0, 0
L -2830, -1030, 16, -2815, -1015, 16, 0, 0, 0
L -2815, -1015, 16, -2819, -978, 16, 0, 0, 0
L -2819, -978, 16, -2823, -969, 14, 0, 0, 0
L -2823, -969, 14, -2817, -967, 14, 0, 0, 0
L -2817, -967, 14, -2806, -969, 14, 0, 0, 0
L -2806, -969, 14, -2805, -971, 16, 0, 0, 0
L -2805, -971, 16, -2805, -975, 16, 0, 0, 0
L -2805, -975, 16, -2735, -975, 16, 0, 0, 0
L -2735, -975, 16, -2721, -957, 16, 0, 0, 0
L -2721, -957, 16, -2726, -920, 16, 0, 0, 0
L -2726, -920, 16, -2728, -918, 16, 0, 0, 0
L -2728, -918, 16, -2741, -916, 11, 0, 0, 0
L -2741, -916, 11, -2747, -914, 11, 0, 0, 0
L -2747, -914, 11, -2745, -904, 11, 0, 0, 0
L -2745, -904, 11, -2732, -900, 13, 0, 0, 0
L -2732, -900, 13, -2731, -878, 13, 0, 0, 0
L -2731, -878, 13, -2730, -877, 14, 0, 0, 0
L -2730, -877, 14, -2729, -875, 14, 0, 0, 0
L -2729, -875, 14, -2725, -876, 16, 0, 0, 0
L -2725, -876, 16, -2704, -880, 20, 0, 0, 0
L -2704, -880, 20, -2628, -880, 44, 0, 0, 0
L -2628, -880, 44, -2513, -881, 44, 0, 0, 0
L -2513, -881, 44, -2509, -893, 44, 0, 0, 0
L -2509, -893, 44, -2510, -999, 44, 0, 0, 0
L -2510, -999, 44, -2513, -1006, 43, 0, 0, 0
L -2513, -1006, 43, -2514, -1007, 42, 0, 0, 0
L -2514, -1007, 42, -2531, -1016, 42, 0, 0, 0
L -2531, -1016, 42, -2531, -1017, 44, 0, 0, 0
L -2531, -1017, 44, -2537, -1022, 42, 0, 0, 0
L -2537, -1022, 42, -2597, -1073, 44, 0, 0, 0
L -2597, -1073, 44, -2595, -1129, 44, 0, 0, 0
L -2595, -1129, 44, -2490, -1230, 44, 0, 0, 0
L -2490, -1230, 44, -2438, -1228, 44, 0, 0, 0
L -2438, -1228, 44, -2365, -1156, 44, 0, 0, 0
L -2365, -1156, 44, -2366, -1099, 44, 0, 0, 0
L -2366, -1099, 44, -2445, -1018, 44, 0, 0, 0
L -2445, -1018, 44, -2458, -1020, 43, 0, 0, 0
L -2458, -1020, 43, -2463, -1020, 40, 0, 0, 0
L -2463, -1020, 40, -2470, -1009, 40, 0, 0, 0
L -2470, -1009, 40, -2473, -1005, 42, 0, 0, 0
L -2473, -1005, 42, -2478, -1008, 42, 0, 0, 0
L -2478, -1008, 42, -2482, -1002, 42, 0, 0, 0
L -2482, -1002, 42, -2482, -1001, 44, 0, 0, 0
L -2482, -1001, 44, -2480, -880, 44, 0, 0, 0
L -2480, -880, 44, -2360, -884, 44, 0, 0, 0
L -2360, -884, 44, -2356, -887, 42, 0, 0, 0
L -2356, -887, 42, -2344, -903, 40, 0, 0, 0
L -2344, -903, 40, -2344, -904, 42, 0, 0, 0
L -2344, -904, 42, -2329, -931, 44, 0, 0, 0
L -2329, -931, 44, -2256, -998, 44, 0, 0, 0
L -2256, -998, 44, -2209, -997, 44, 0, 0, 0
L -2209, -997, 44, -2134, -916, 44, 0, 0, 0
L -2134, -916, 44, -2136, -874, 44, 0, 0, 0
L -2136, -874, 44, -2157, -855, 42, 0, 0, 0
L -2157, -855, 42, -2172, -869, 38, 0, 0, 0
L -2172, -869, 38, -2180, -859, 38, 0, 0, 0
L -2180, -859, 38, -2179, -845, 38, 0, 0, 0
L -2179, -845, 38, -2181, -838, 40, 0, 0, 0
L -2181, -838, 40, -2181, -836, 42, 0, 0, 0
L -2181, -836, 42, -2184, -834, 41, 0, 0, 0
L -2184, -834, 41, -2104, -752, 72, 0, 0, 0
L -2104, -752, 72, -2098, -746, 71, 0, 0, 0
L -2098, -746, 71, -2092, -742, 65, 0, 0, 0
L -2092, -742, 65, -2087, -743, 65, 0, 0, 0
L -2087, -743, 65, -2074, -755, 65, 0, 0, 0
L -2074, -755, 65, -2059, -768, 65, 0, 0, 0
L -2059, -768, 65, -2057, -775, 65, 0, 0, 0
L -2057, -775, 65, -2054, -789, 70, 0, 0, 0
L -2054, -789, 70, -2053, -790, 71, 0, 0, 0
L -2053, -790, 71, -2045, -793, 71, 0, 0, 0
L -2045, -793, 71, -2000, -789, 71, 0, 0, 0
L -2000, -789, 71, -1949, -738, 71, 0, 0, 0
L -1949, -738, 71, -1956, -731, 70, 0, 0, 0
L -1956, -731, 70, -1937, -710, 70, 0, 0, 0
L -1937, -710, 70, -1937, -708, 72, 0, 0, 0
L -1937, -708, 72, -1935, -705, 71, 0, 0, 0
L -1935, -705, 71, -1832, -706, 99, 0, 0, 0
L -1832, -706, 99, -1732, -707, 99, 0, 0, 0
L -1732, -707, 99, -1732, -705, 99, 0, 0, 0
L -1732, -705, 99, -1721, -706, 99, 0, 0, 0
L -1721, -706, 99, -1716, -708, 99, 0, 0, 0
L -1716, -708, 99, -1715, -828, 99, 0, 0, 0
L -1715, -828, 99, -1720, -833, 99, 0, 0, 0
L -1720, -833, 99, -1722, -833, 99, 0, 0, 0
L -1722, -833, 99, -1722, -859, 99, 0, 0, 0
L -1722, -859, 99, -1713, -858, 99, 0, 0, 0
L -1713, -858, 99, -1714, -877, 101, 0, 0, 0
L -1714, -877, 101, -1715, -879, 102, 0, 0, 0
L -1715, -879, 102, -1717, -879, 102, 0, 0, 0
L -1717, -879, 102, -1715, -954, 125, 0, 0, 0
L -1715, -954, 125, -1715, -980, 128, 0, 0, 0
L -1715, -980, 128, -1717, -983, 126, 0, 0, 0
L -1717, -983, 126, -1718, -984, 123, 0, 0, 0
L -1718, -984, 123, -1738, -988, 123, 0, 0, 0
L -1738, -988, 123, -1738, -990, 121, 0, 0, 0
L -1738, -990, 121, -1739, -994, 121, 0, 0, 0
L -1739, -994, 121, -1748, -995, 121, 0, 0, 0
L -1748, -995, 121, -1749, -992, 121, 0, 0, 0
L -1749, -992, 121, -1749, -988, 121, 0, 0, 0
L -1749, -988, 121, -1748, -987, 123, 0, 0, 0
L -1748, -987, 123, -1752, -979, 126, 0, 0, 0
L -1752, -979, 126, -1753, -978, 128, 0, 0, 0
L -1753, -978, 128, -1781, -976, 128, 0, 0, 0
L -1781, -976, 128, -1811, -1005, 128, 0, 0, 0
L -1811, -1005, 128, -1811, -1120, 128, 0, 0, 0
L -1811, -1120, 128, -1806, -1130, 128, 0, 0, 0
L -1806, -1130, 128, -1781, -1153, 128, 0, 0, 0
L -1781, -1153, 128, -1630, -1155, 128, 0, 0, 0
L -1630, -1155, 128, -1590, -1119, 128, 0, 0, 0
L -1590, -1119, 128, -1588, -1012, 128, 0, 0, 0
L -1588, -1012, 128, -1625, -976, 128, 0, 0, 0
L -1625, -976, 128, -1655, -976, 128, 0, 0, 0
L -1655, -976, 128, -1656, -999, 121, 0, 0, 0
L -1656, -999, 121, -1670, -996, 121, 0, 0, 0
L -1670, -996, 121, -1676, -987, 122, 0, 0, 0
L -1676, -987, 122, -1678, -986, 123, 0, 0, 0
L -1678, -986, 123, -1681, -984, 123, 0, 0, 0
L -1681, -984, 123, -1683, -983, 125, 0, 0, 0
L -1683, -983, 125, -1687, -984, 123, 0, 0, 0
L -1687, -984, 123, -1686, -975, 128, 0, 0, 0
L -1686, -975, 128, -1689, -971, 128, 0, 0, 0
L -1689, -971, 128, -1690, -970, 128, 0, 0, 0
L -1690, -970, 128, -1685, -856, 99, 0, 0, 0
L -1685, -856, 99, -1589, -856, 99, 0, 0, 0
L -1589, -856, 99, -1482, -858, 128, 0, 0, 0
L -1482, -858, 128, -1473, -854, 129, 0, 0, 0
L -1473, -854, 129, -1460, -856, 130, 0, 0, 0
L -1460, -856, 130, -1463, -892, 130, 0, 0, 0
L -1463, -892, 130, -1456, -918, 132, 0, 0, 0
L -1456, -918, 132, -1453, -934, 136, 0, 0, 0
L -1453, -934, 136, -1452, -939, 135, 0, 0, 0
L -1452, -939, 135, -1451, -941, 135, 0, 0, 0
L -1451, -941, 135, -1443, -951, 127, 0, 0, 0
L -1443, -951, 127, -1441, -948, 123, 0, 0, 0
L -1441, -948, 123, -1442, -947, 122, 0, 0, 0
L -1442, -947, 122, -1446, -943, 127, 0, 0, 0
L -1446, -943, 127, -1446, -942, 130, 0, 0, 0
L -1446, -942, 130, -1445, -928, 130, 0, 0, 0
L -1445, -928, 130, -1434, -923, 130, 0, 0, 0
L -1434, -923, 130, -1422, -928, 130, 0, 0, 0
L -1422, -928, 130, -1424, -943, 130, 0, 0, 0
L -1424, -943, 130, -1429, -951, 130, 0, 0, 0
L -1429, -951, 130, -1434, -961, 121, 0, 0, 0
L -1434, -961, 121, -1421, -977, 122, 0, 0, 0
L -1421, -977, 122, -1310, -1039, 145, 0, 0, 0
L -1310, -1039, 145, -1266, -1045, 128, 0, 0, 0
L -1266, -1045, 128, -1186, -1076, 126, 0, 0, 0
L -1186, -1076, 126, -1174, -1044, 118, 0, 0, 0
L -1174, -1044, 118, -1150, -981, 119, 0, 0, 0
L -1150, -981, 119, -1166, -964, 114, 0, 0, 0
L -1166, -964, 114, -1163, -922, 117, 0, 0, 0
L -1163, -922, 117, -1150, -909, 119, 0, 0, 0
L -1150, -909, 119, -1163, -885, 118, 0, 0, 0
L -1163, -885, 118, -1163, -873, 113, 0, 0, 0
L -1163, -873, 113, -1163, -867, 104, 0, 0, 0
L -1163, -867, 104, -1139, -864, 111, 0, 0, 0
L -1139, -864, 111, -1123, -865, 107, 0, 0, 0
L -1123, -865, 107, -1121, -866, 107, 0, 0, 0
L -1121, -866, 107, -1119, -872, 111, 0, 0, 0
L -1119, -872, 111, -1073, -933, 117, 0, 0, 0
L -1073, -933, 117, -1083, -983, 122, 0, 0, 0
L -1083, -983, 122, -1130, -999, 121, 0, 0, 0
L -1130, -999, 121, -1153, -1053, 119, 0, 0, 0
L -1153, -1053, 119, -1168, -1088, 127, 0, 0, 0
L -1168, -1088, 127, -1120, -1085, 126, 0, 0, 0
L -1120, -1085, 126, -1115, -1081, 127, 0, 0, 0
L -1115, -1081, 127, -1111, -1077, 125, 0, 0, 0
L -1111, -1077, 125, -1090, -1058, 130, 0, 0, 0
L -1090, -1058, 130, -1074, -1042, 140, 0, 0, 0
L -1074, -1042, 140, -1045, -1002, 129, 0, 0, 0
L -1045, -1002, 129, -961, -923, 104, 0, 0, 0
L -961, -923, 104, -935, -879, 81, 0, 0, 0
L -935, -879, 81, -902, -846, 85, 0, 0, 0
L -902, -846, 85, -871, -815, 78, 0, 0, 0
L -871, -815, 78, -869, -814, 76, 0, 0, 0
L -869, -814, 76, -800, -769, 53, 0, 0, 0
L -800, -769, 53, -739, -733, 18, 0, 0, 0
L -739, -733, 18, -733, -723, 16, 0, 0, 0
L -733, -723, 16, -664, -622, 34, 0, 0, 0
L -664, -622, 34, -607, -565, 41, 0, 0, 0
L -607, -565, 41, -582, -534, 32, 0, 0, 0
L -582, -534, 32, -556, -503, 11, 0, 0, 0
L -556, -503, 11, -541, -476, 26, 0, 0, 0
L -541, -476, 26, -530, -449, 23, 0, 0, 0
L -530, -449, 23, -514, -424, 7, 0, 0, 0
L -514, -424, 7, -508, -419, 3, 0, 0, 0
L -508, -419, 3, -482, -401, 7, 0, 0, 0
L -482, -401, 7, -435, -387, 20, 0, 0, 0
L -435, -387, 20, -398, -393, 29, 0, 0, 0
L -398, -393, 29, -378, -394, 30, 0, 0, 0
L -378, -394, 30, -252, -423, 30, 0, 0, 0
L -252, -423, 30, -227, -427, 34, 0, 0, 0
L -227, -427, 34, -219, -437, 34, 0, 0, 0
L -219, -437, 34, -202, -463, 23, 0, 0, 0
L -202, -463, 23, -195, -477, 22, 0, 0, 0
L -195, -477, 22, -207, -502, 28, 0, 0, 0
L -207, -502, 28, -272, -569, 56, 0, 0, 0
L -272, -569, 56, -320, -616, 74, 0, 0, 0
L -320, -616, 74, -339, -640, 83, 0, 0, 0
L -339, -640, 83, -361, -672, 82, 0, 0, 0
L -361, -672, 82, -367, -695, 82, 0, 0, 0
L -367, -695, 82, -363, -759, 82, 0, 0, 0
L -363, -759, 82, -328, -808, 82, 0, 0, 0
L -328, -808, 82, -260, -878, 111, 0, 0, 0
L -260, -878, 111, -226, -943, 111, 0, 0, 0
L -226, -943, 111, -224, -951, 112, 0, 0, 0
L -224, -951, 112, -225, -991, 124, 0, 0, 0
L -225, -991, 124, -225, -992, 126, 0, 0, 0
L -225, -992, 126, -225, -1034, 138, 0, 0, 0
L -225, -1034, 138, -227, -1054, 139, 0, 0, 0
L -227, -1054, 139, -231, -1059, 139, 0, 0, 0
L -231, -1059, 139, -345, -1058, 139, 0, 0, 0
L -345, -1058, 139, -348, -1056, 139, 0, 0, 0
L -348, -1056, 139, -349, -1053, 139, 0, 0, 0
L -349, -1053, 139, -373, -1053, 139, 0, 0, 0
L -373, -1053, 139, -374, -1058, 139, 0, 0, 0
L -374, -1058, 139, -400, -1058, 139, 0, 0, 0
L -400, -1058, 139, -401, -1056, 139, 0, 0, 0
L -401, -1056, 139, -508, -1056, 139, 0, 0, 0
L -508, -1056, 139, -506, -1027, 143, 0, 0, 0
L -506, -1027, 143, -503, -935, 169, 0, 0, 0
L -503, -935, 169, -503, -934, 171, 0, 0, 0
L -503, -934, 171, -502, -921, 174, 0, 0, 0
L -502, -921, 174, -501, -746, 226, 0, 0, 0
L -501, -746, 226, -515, -689, 225, 0, 0, 0
L -515, -689, 225, -542, -654, 225, 0, 0, 0
L -542, -654, 225, -560, -673, 225, 0, 0, 0
L -560, -673, 225, -555, -677, 226, 0, 0, 0
L -555, -677, 226, -554, -675, 226, 0, 0, 0
L -554, -675, 226, -526, -756, 225, 0, 0, 0
L -526, -756, 225, -527, -1052, 139, 0, 0, 0
L -527, -1052, 139, -531, -1058, 139, 0, 0, 0
L -531, -1058, 139, -646, -1059, 140, 0, 0, 0
L -646, -1059, 140, -752, -1058, 111, 0, 0, 0
L -752, -1058, 111, -820, -1058, 111, 0, 0, 0
L -820, -1058, 111, -942, -1059, 83, 0, 0, 0
L -942, -1059, 83, -950, -1057, 83, 0, 0, 0
L -950, -1057, 83, -950, -1050, 83, 0, 0, 0
L -950, -1050, 83, -976, -1047, 83, 0, 0, 0
L -976, -1047, 83, -979, -1060, 83, 0, 0, 0
L -979, -1060, 83, -980, -1061, 83, 0, 0, 0
L -980, -1061, 83, -981, -1084, 83, 0, 0, 0
L -981, -1084, 83, -978, -1084, 83, 0, 0, 0
L -978, -1084, 83, -978, -1499, 83, 0, 0, 0
L -978, -1499, 83, -979, -1500, 83, 0, 0, 0
L -979, -1500, 83, -986, -1499, 83, 0, 0, 0
L -986, -1499, 83, -1101, -1500, 87, 0, 0, 0
L -1101, -1500, 87, -1103, -1494, 87, 0, 0, 0
L -1103, -1494, 87, -1126, -1497, 78, 0, 0, 0
L -1126, -1497, 78, -1128, -1483, 80, 0, 0, 0
L -1128, -1483, 80, -1128, -1480, 78, 0, 0, 0
L -1128, -1480, 78, -1110, -1480, 81, 0, 0, 0
L -1110, -1480, 81, -1105, -1454, 81, 0, 0, 0
L -1105, -1454, 81, -1095, -1435, 84, 0, 0, 0
L -1095, -1435, 84, -1095, -1433, 86, 0, 0, 0
L -1095, -1433, 86, -1100, -1405, 86, 0, 0, 0
L -1100, -1405, 86, -1110, -1400, 86, 0, 0, 0
L -1110, -1400, 86, -1188, -1402, 86, 0, 0, 0
L -1188, -1402, 86, -1187, -1355, 86, 0, 0, 0
L -1187, -1355, 86, -1198, -1345, 86, 0, 0, 0
L -1198, -1345, 86, -1317, -1349, 86, 0, 0, 0
L -1317, -1349, 86, -1329, -1361, 86, 0, 0, 0
L -1329, -1361, 86, -1329, -1402, 86, 0, 0, 0
L -1329, -1402, 86, -1379, -1401, 86, 0, 0, 0
L -1379, -1401, 86, -1378, -1354, 86, 0, 0, 0
L -1378, -1354, 86, -1387, -1345, 86, 0, 0, 0
L -1387, -1345, 86, -1506, -1351, 86, 0, 0, 0
L -1506, -1351, 86, -1518, -1403, 86, 0, 0, 0
L -1518, -1403, 86, -1605, -1406, 86, 0, 0, 0
L -1605, -1406, 86, -1613, -1414, 86, 0, 0, 0
L -1613, -1414, 86, -1613, -1613, 86, 0, 0, 0
L -1613, -1613, 86, -1599, -1626, 86, 0, 0, 0
L -1599, -1626, 86, -1516, -1627, 86, 0, 0, 0
L -1516, -1627, 86, -1515, -1671, 86, 0, 0, 0
L -1515, -1671, 86, -1505, -1681, 86, 0, 0, 0
L -1505, -1681, 86, -1386, -1681, 86, 0, 0, 0
L -1386, -1681, 86, -1373, -1667, 86, 0, 0, 0
L -1373, -1667, 86, -1373, -1626, 86, 0, 0, 0
L -1373, -1626, 86, -1328, -1627, 86, 0, 0, 0
L -1328, -1627, 86, -1326, -1631, 86, 0, 0, 0
L -1326, -1631, 86, -1325, -1672, 86, 0, 0, 0
L -1325, -1672, 86, -1315, -1681, 86, 0, 0, 0
L -1315, -1681, 86, -1197, -1682, 86, 0, 0, 0
L -1197, -1682, 86, -1183, -1668, 86, 0, 0, 0
L -1183, -1668, 86, -1183, -1624, 86, 0, 0, 0
L -1183, -1624, 86, -1099, -1623, 86, 0, 0, 0
L -1099, -1623, 86, -1089, -1612, 86, 0, 0, 0
L -1089, -1612, 86, -1093, -1566, 86, 0, 0, 0
L -1093, -1566, 86, -1105, -1560, 84, 0, 0, 0
L -1105, -1560, 84, -1114, -1559, 81, 0, 0, 0
L -1114, -1559, 81, -1128, -1544, 78, 0, 0, 0
L -1128, -1544, 78, -1128, -1542, 80, 0, 0, 0
L -1128, -1542, 80, -1128, -1540, 80, 0, 0, 0
L -1128, -1540, 80, -1128, -1538, 78, 0, 0, 0
L -1128, -1538, 78, -1116, -1538, 80, 0, 0, 0
L -1116, -1538, 80, -1102, -1536, 87, 0, 0, 0
L -1102, -1536, 87, -1102, -1530, 87, 0, 0, 0
L -1102, -1530, 87, -1100, -1530, 87, 0, 0, 0
L -1100, -1530, 87, -1100, -1528, 87, 0, 0, 0
L -1100, -1528, 87, -982, -1527, 83, 0, 0, 0
L -982, -1527, 83, -976, -1530, 83, 0, 0, 0
L -976, -1530, 83, -976, -1532, 83, 0, 0, 0
L -976, -1532, 83, -949, -1532, 83, 0, 0, 0
L -949, -1532, 83, -949, -1525, 83, 0, 0, 0
L -949, -1525, 83, -947, -1524, 83, 0, 0, 0
L -947, -1524, 83, -948, -1500, 83, 0, 0, 0
L -948, -1500, 83, -950, -1500, 83, 0, 0, 0
L -950, -1500, 83, -951, -1086, 83, 0, 0, 0
L -951, -1086, 83, -929, -1085, 83, 0, 0, 0
L -929, -1085, 83, -833, -1084, 111, 0, 0, 0
L -833, -1084, 111, -738, -1084, 111, 0, 0, 0
L -738, -1084, 111, -651, -1084, 138, 0, 0, 0
L -651, -1084, 138, -497, -1086, 139, 0, 0, 0
L -497, -1086, 139, -378, -1084, 139, 0, 0, 0
L -378, -1084, 139, -376, -1309, 139, 0, 0, 0
L -376, -1309, 139, -504, -1306, 137, 0, 0, 0
L -504, -1306, 137, -595, -1306, 111, 0, 0, 0
L -595, -1306, 111, -609, -1295, 107, 0, 0, 0
L -609, -1295, 107, -609, -1290, 107, 0, 0, 0
L -609, -1290, 107, -611, -1287, 109, 0, 0, 0
L -611, -1287, 109, -610, -1282, 109, 0, 0, 0
L -610, -1282, 109, -611, -1280, 111, 0, 0, 0
L -611, -1280, 111, -610, -1277, 111, 0, 0, 0
L -610, -1277, 111, -672, -1216, 111, 0, 0, 0
L -672, -1216, 111, -715, -1218, 111, 0, 0, 0
L -715, -1218, 111, -728, -1224, 111, 0, 0, 0
L -728, -1224, 111, -823, -1323, 111, 0, 0, 0
L -823, -1323, 111, -823, -1374, 111, 0, 0, 0
L -823, -1374, 111, -745, -1451, 111, 0, 0, 0
L -745, -1451, 111, -688, -1450, 111, 0, 0, 0
L -688, -1450, 111, -609, -1358, 111, 0, 0, 0
L -609, -1358, 111, -613, -1354, 108, 0, 0, 0
L -613, -1354, 108, -601, -1339, 107, 0, 0, 0
L -601, -1339, 107, -595, -1332, 109, 0, 0, 0
L -595, -1332, 109, -594, -1332, 111, 0, 0, 0
L -594, -1332, 111, -488, -1331, 140, 0, 0, 0
L -488, -1331, 140, -379, -1333, 139, 0, 0, 0
L -379, -1333, 139, -375, -1335, 139, 0, 0, 0
L -375, -1335, 139, -376, -1446, 168, 0, 0, 0
L -376, -1446, 168, -378, -1449, 168, 0, 0, 0
L -378, -1449, 168, -381, -1452, 164, 0, 0, 0
L -381, -1452, 164, -390, -1454, 164, 0, 0, 0
L -390, -1454, 164, -391, -1455, 162, 0, 0, 0
L -391, -1455, 162, -414, -1457, 160, 0, 0, 0
L -414, -1457, 160, -417, -1452, 164, 0, 0, 0
L -417, -1452, 164, -418, -1442, 166, 0, 0, 0
L -418, -1442, 166, -445, -1446, 166, 0, 0, 0
L -445, -1446, 166, -477, -1484, 166, 0, 0, 0
L -477, -1484, 166, -471, -1597, 166, 0, 0, 0
L -471, -1597, 166, -444, -1625, 166, 0, 0, 0
L -444, -1625, 166, -443, -1623, 166, 0, 0, 0
L -443, -1623, 166, -429, -1628, 166, 0, 0, 0
L -429, -1628, 166, -280, -1622, 166, 0, 0, 0
L -280, -1622, 166, -250, -1584, 166, 0, 0, 0
L -250, -1584, 166, -253, -1474, 166, 0, 0, 0
L -253, -1474, 166, -283, -1445, 166, 0, 0, 0
L -283, -1445, 166, -314, -1445, 166, 0, 0, 0
L -314, -1445, 166, -314, -1456, 164, 0, 0, 0
L -314, -1456, 164, -314, -1458, 162, 0, 0, 0
L -314, -1458, 162, -316, -1459, 160, 0, 0, 0
L -316, -1459, 160, -324, -1457, 160, 0, 0, 0
L -324, -1457, 160, -334, -1452, 164, 0, 0, 0
L -334, -1452, 164, -344, -1449, 164, 0, 0, 0
L -344, -1449, 164, -349, -1449, 167, 0, 0, 0
L -349, -1449, 167, -350, -1437, 168, 0, 0, 0
L -350, -1437, 168, -348, -1350, 140, 0, 0, 0
L -348, -1350, 140, -350, -1349, 140, 0, 0, 0
L -350, -1349, 140, -347, -1086, 139, 0, 0, 0
L -347, -1086, 139, -343, -1084, 139, 0, 0, 0
L -343, -1084, 139, -227, -1085, 139, 0, 0, 0
L -227, -1085, 139, -220, -1087, 139, 0, 0, 0
L -220, -1087, 139, -219, -1098, 139, 0, 0, 0
L -219, -1098, 139, -198, -1089, 139, 0, 0, 0
L -198, -1089, 139, -186, -1081, 139, 0, 0, 0
L -186, -1081, 139, -192, -1058, 139, 0, 0, 0
L -192, -1058, 139, -196, -1058, 139, 0, 0, 0
L -196, -1058, 139, -198, -1050, 139, 0, 0, 0
L -198, -1050, 139, -200, -1049, 139, 0, 0, 0
L -200, -1049, 139, -199, -945, 112, 0, 0, 0
L -199, -945, 112, -201, -914, 111, 0, 0, 0
L -201, -914, 111, -245, -855, 111, 0, 0, 0
L -245, -855, 111, -315, -782, 82, 0, 0, 0
L -315, -782, 82, -337, -741, 82, 0, 0, 0
L -337, -741, 82, -337, -689, 82, 0, 0, 0
L -337, -689, 82, -328, -665, 82, 0, 0, 0
L -328, -665, 82, -318, -653, 83, 0, 0, 0
L -318, -653, 83, -180, -510, 27, 0, 0, 0
L -180, -510, 27, -170, -507, 23, 0, 0, 0
L -170, -507, 23, -138, -523, 26, 0, 0, 0
L -138, -523, 26, -134, -529, 32, 0, 0, 0
L -134, -529, 32, -126, -536, 36, 0, 0, 0
L -126, -536, 36, -117, -542, 36, 0, 0, 0
L -117, -542, 36, -107, -549, 27, 0, 0, 0
L -107, -549, 27, -104, -551, 30, 0, 0, 0
L -104, -551, 30, -26, -544, -26, 0, 0, 0
L -26, -544, -26, -20, -545, -34, 0, 0, 0
L -20, -545, -34, 0, -549, -45, 0, 0, 0
L 0, -549, -45, 39, -551, -79, 0, 0, 0
L 39, -551, -79, 104, -517, -115, 0, 0, 0
L 104, -517, -115, 137, -532, -124, 0, 0, 0
L 137, -532, -124, 153, -543, -133, 0, 0, 0
L 153, -543, -133, 209, -581, -146, 0, 0, 0
L 209, -581, -146, 217, -589, -143, 0, 0, 0
L 217, -589, -143, 248, -606, -153, 0, 0, 0
L 248, -606, -153, 290, -661, -169, 0, 0, 0
L 290, -661, -169, 315, -669, -171, 0, 0, 0
L 315, -669, -171, 340, -664, -173, 0, 0, 0
L 340, -664, -173, 350, -659, -174, 0, 0, 0
L 350, -659, -174, 387, -635, -165, 0, 0, 0
L 387, -635, -165, 415, -615, -173, 0, 0, 0
L 415, -615, -173, 448, -623, -168, 0, 0, 0
L 448, -623, -168, 456, -628, -167, 0, 0, 0
L 456, -628, -167, 499, -641, -191, 0, 0, 0
L 499, -641, -191, 534, -696, -190, 0, 0, 0
L 534, -696, -190, 559, -717, -190, 0, 0, 0
L 559, -717, -190, 585, -763, -186, 0, 0, 0
L 585, -763, -186, 590, -792, -188, 0, 0, 0
L 590, -792, -188, 614, -839, -183, 0, 0, 0
L 614, -839, -183, 629, -849, -181, 0, 0, 0
L 629, -849, -181, 647, -834, -187, 0, 0, 0
L 647, -834, -187, 648, -833, -186, 0, 0, 0
L 648, -833, -186, 654, -824, -189, 0, 0, 0
L 654, -824, -189, 670, -702, -214, 0, 0, 0
L 670, -702, -214, 669, -692, -214, 0, 0, 0
L 669, -692, -214, 647, -680, -212, 0, 0, 0
L 647, -680, -212, 644, -682, -212, 0, 0, 0
L 644, -682, -212, 631, -670, -211, 0, 0, 0
L 631, -670, -211, 634, -660, -211, 0, 0, 0
L 634, -660, -211, 648, -654, -211, 0, 0, 0
L 648, -654, -211, 738, -666, -215, 0, 0, 0
L 738, -666, -215, 741, -675, -215, 0, 0, 0
L 741, -675, -215, 716, -821, -214, 0, 0, 0
L 716, -821, -214, 717, -829, -212, 0, 0, 0
L 717, -829, -212, 738, -841, -198, 0, 0, 0
L 738, -841, -198, 764, -855, -190, 0, 0, 0
L 764, -855, -190, 805, -877, -196, 0, 0, 0
L 805, -877, -196, 825, -872, -200, 0, 0, 0
L 825, -872, -200, 899, -832, -196, 0, 0, 0
L 899, -832, -196, 901, -825, -198, 0, 0, 0
L 901, -825, -198, 876, -752, -206, 0, 0, 0
L 876, -752, -206, 873, -721, -201, 0, 0, 0
L 873, -721, -201, 838, -694, -200, 0, 0, 0
L 838, -694, -200, 835, -686, -200, 0, 0, 0
L 835, -686, -200, 836, -684, -200, 0, 0, 0
L 836, -684, -200, 870, -695, -184, 0, 0, 0
L 870, -695, -184, 900, -701, -184, 0, 0, 0
L 900, -701, -184, 905, -703, -186, 0, 0, 0
L 905, -703, -186, 937, -717, -186, 0, 0, 0
L 937, -717, -186, 937, -719, -186, 0, 0, 0
L 937, -719, -186, 963, -730, -186, 0, 0, 0
L 963, -730, -186, 966, -728, -186, 0, 0, 0
L 966, -728, -186, 1322, -889, -188, 0, 0, 0
L 1322, -889, -188, 1293, -966, -188, 0, 0, 0
L 1293, -966, -188, 1274, -1004, -181, 0, 0, 0
L 1274, -1004, -181, 1268, -1009, -186, 0, 0, 0
L 1268, -1009, -186, 1258, -1008, -186, 0, 0, 0
L 1258, -1008, -186, 1257, -1015, -191, 0, 0, 0
L 1257, -1015, -191, 1255, -1015, -192, 0, 0, 0
L 1255, -1015, -192, 1252, -1023, -194, 0, 0, 0
L 1252, -1023, -194, 1239, -1024, -194, 0, 0, 0
L 1239, -1024, -194, 1239, -1000, -187, 0, 0, 0
L 1239, -1000, -187, 1238, -998, -187, 0, 0, 0
L 1238, -998, -187, 1073, -1060, -187, 0, 0, 0
L 1073, -1060, -187, 1044, -1123, -187, 0, 0, 0
L 1044, -1123, -187, 1097, -1266, -187, 0, 0, 0
L 1097, -1266, -187, 1159, -1296, -187, 0, 0, 0
L 1159, -1296, -187, 1348, -1226, -187, 0, 0, 0
L 1348, -1226, -187, 1378, -1157, -187, 0, 0, 0
L 1378, -1157, -187, 1331, -1037, -187, 0, 0, 0
L 1331, -1037, -187, 1321, -1038, -187, 0, 0, 0
L 1321, -1038, -187, 1297, -1048, -194, 0, 0, 0
L 1297, -1048, -194, 1296, -1047, -194, 0, 0, 0
L 1296, -1047, -194, 1296, -1035, -194, 0, 0, 0
L 1296, -1035, -194, 1303, -1009, -181, 0, 0, 0
L 1303, -1009, -181, 1348, -905, -188, 0, 0, 0
L 1348, -905, -188, 1355, -904, -188, 0, 0, 0
L 1355, -904, -188, 1356, -902, -188, 0, 0, 0
L 1356, -902, -188, 1423, -933, -188, 0, 0, 0
L 1423, -933, -188, 1458, -951, -179, 0, 0, 0
L 1458, -951, -179, 1461, -955, -179, 0, 0, 0
L 1461, -955, -179, 1464, -962, -182, 0, 0, 0
L 1464, -962, -182, 1468, -963, -184, 0, 0, 0
L 1468, -963, -184, 1481, -970, -192, 0, 0, 0
L 1481, -970, -192, 1487, -976, -194, 0, 0, 0
L 1487, -976, -194, 1477, -981, -194, 0, 0, 0
L 1477, -981, -194, 1461, -984, -187, 0, 0, 0
L 1461, -984, -187, 1513, -1103, -187, 0, 0, 0
L 1513, -1103, -187, 1555, -1122, -187, 0, 0, 0
L 1555, -1122, -187, 1660, -1080, -187, 0, 0, 0
L 1660, -1080, -187, 1677, -1036, -187, 0, 0, 0
L 1677, -1036, -187, 1676, -1025, -187, 0, 0, 0
L 1676, -1025, -187, 1667, -1008, -187, 0, 0, 0
L 1667, -1008, -187, 1665, -1007, -187, 0, 0, 0
L 1665, -1007, -187, 1663, -1008, -187, 0, 0, 0
L 1663, -1008, -187, 1658, -1014, -190, 0, 0, 0
L 1658, -1014, -190, 1656, -1014, -192, 0, 0, 0
L 1656, -1014, -192, 1633, -999, -194, 0, 0, 0
L 1633, -999, -194, 1643, -991, -193, 0, 0, 0
L 1643, -991, -193, 1651, -986, -187, 0, 0, 0
L 1651, -986, -187, 1651, -982, -187, 0, 0, 0
L 1651, -982, -187, 1652, -981, -185, 0, 0, 0
L 1652, -981, -185, 1662, -976, -182, 0, 0, 0
L 1662, -976, -182, 1767, -936, -187, 0, 0, 0
L 1767, -936, -187, 1780, -970, -187, 0, 0, 0
L 1778, -967, -187, 1845, -1142, -187, 0, 0, 0
L 1845, -1142, -187, 1751, -1179, -187, 0, 0, 0
L 1751, -1179, -187, 1762, -1204, -187, 0, 0, 0
L 1762, -1204, -187, 1852, -1167, -187, 0, 0, 0
L 1852, -1167, -187, 1867, -1196, -187, 0, 0, 0
