L -103, 116, -24, -25, 37, 0, 0, 0, 0
L -38, 24, 0, -115, 102, -24, 0, 0, 0
L -115, 102, -24, -112, 105, -24, 0, 0, 0
L -112, 105, -24, -116, 109, -24, 0, 0, 0
L -116, 109, -24, -119, 106, -24, 0, 0, 0
L -119, 106, -24, -118, 105, -24, 0, 0, 0
L -118, 105, -24, -120, 103, -24, 0, 0, 0
L -120, 103, -24, -119, 102, -24, 0, 0, 0
L -119, 102, -24, -120, 102, -24, 0, 0, 0
L -123, 102, -24, -120, 102, -24, 0, 0, 0
L -123, 102, -24, -123, 103, -24, 0, 0, 0
L -123, 103, -24, -126, 103, -24, 0, 0, 0
L -126, 103, -24, -126, 105, -24, 0, 0, 0
L -126, 105, -24, -130, 104, -24, 0, 0, 0
L -130, 104, -24, -130, 99, -24, 0, 0, 0
L -130, 101, -24, -130, 102, -24, 0, 0, 0
L -130, 99, -25, -126, 99, -25, 0, 0, 0
L -126, 99, -25, -126, 100, -24, 0, 0, 0
L -126, 100, -24, -124, 100, -24, 0, 0, 0
L -124, 100, -24, -124, 42, -33, 0, 0, 0
L -145, 42, -33, -145, 100, -24, 0, 0, 0
L -145, 100, -24, -143, 100, -24, 0, 0, 0
L -143, 100, -24, -143, 99, -25, 0, 0, 0
L -143, 99, -25, -139, 99, -25, 0, 0, 0
L -139, 99, -24, -139, 104, -24, 0, 0, 0
L -139, 104, -24, -143, 104, -24, 0, 0, 0
L -143, 104, -24, -143, 103, -24, 0, 0, 0
L -143, 103, -24, -146, 103, -24, 0, 0, 0
L -146, 103, -24, -146, 102, -24, 0, 0, 0
L -146, 102, -24, -149, 102, -24, 0, 0, 0
L -149, 102, -24, -169, 121, -24, 0, 0, 0
L -169, 121, -24, -168, 153, -24, 0, 0, 0
L -168, 153, -24, -166, 152, -24, 0, 0, 0
L -166, 152, -24, -164, 154, -24, 0, 0, 0
L -164, 154, -24, -163, 153, -24, 0, 0, 0
L -163, 153, -24, -161, 156, -24, 0, 0, 0
L -161, 156, -24, -165, 160, -24, 0, 0, 0
L -165, 160, -24, -168, 157, -24, 0, 0, 0
L -168, 157, -24, -167, 156, -24, 0, 0, 0
L -167, 156, -24, -168, 155, -24, 0, 0, 0
L -168, 155, -24, -224, 212, -53, 0, 0, 0
L -224, 212, -53, -221, 215, -53, 0, 0, 0
L -221, 215, -54, -225, 219, -54, 0, 0, 0
L -225, 219, -54, -228, 216, -54, 0, 0, 0
L -105, 111, -24, -110, 116, -24, 0, 0, 0
L -110, 116, -24, -107, 118, -24, 0, 0, 0
L -107, 118, -24, -106, 117, -24, 0, 0, 0
L -106, 117, -24, -104, 119, -24, 0, 0, 0
L -104, 119, -24, -103, 118, -24, 0, 0, 0
L -103, 118, -24, -100, 121, -24, 0, 0, 0
L -100, 121, -24, -100, 151, -24, 0, 0, 0
L -100, 151, -24, -120, 171, -24, 0, 0, 0
L -120, 171, -24, -150, 171, -24, 0, 0, 0
L -150, 171, -24, -152, 169, -24, 0, 0, 0
L -152, 169, -24, -151, 168, -24, 0, 0, 0
L -151, 168, -24, -154, 163, -24, 0, 0, 0
L -154, 163, -24, -158, 167, -24, 0, 0, 0
L -158, 167, -24, -156, 169, -24, 0, 0, 0
L -156, 169, -24, -155, 168, -24, 0, 0, 0
L -155, 168, -24, -154, 169, -24, 0, 0, 0
L -154, 169, -24, -211, 227, -54, 0, 0, 0
L -211, 227, -54, -213, 225, -54, 0, 0, 0
L -213, 225, -54, -212, 224, -54, 0, 0, 0
L -212, 224, -53, -215, 221, -53, 0, 0, 0
L -215, 221, -54, -219, 226, -54, 0, 0, 0
L -219, 226, -54, -216, 228, -54, 0, 0, 0
L -104, 115, -24, -103, 114, -24, 0, 0, 0
L -103, 114, -24, -105, 111, -24, 0, 0, 0
L -103, 116, -24, -104, 115, -24, 0, 0, 0
L -215, 227, -54, -216, 228, -54, 0, 0, 0
L -215, 227, -54, -213, 229, -54, 0, 0, 0
L -212, 228, -54, -213, 229, -54, 0, 0, 0
L -212, 228, -54, -210, 230, -54, 0, 0, 0
L -210, 230, -54, -210, 259, -54, 0, 0, 0
L -210, 259, -54, -231, 280, -54, 0, 0, 0
L -231, 280, -54, -259, 280, -54, 0, 0, 0
L -259, 280, -54, -280, 258, -54, 0, 0, 0
L -280, 258, -54, -280, 230, -54, 0, 0, 0
L -280, 230, -54, -275, 227, -54, 0, 0, 0
L -275, 227, -54, -274, 228, -54, 0, 0, 0
L -274, 228, -54, -272, 225, -54, 0, 0, 0
L -272, 225, -54, -276, 221, -53, 0, 0, 0
L -276, 221, -54, -278, 224, -54, 0, 0, 0
L -278, 224, -54, -277, 224, -54, 0, 0, 0
L -277, 224, -54, -279, 226, -54, 0, 0, 0
L -279, 226, -54, -282, 226, -54, 0, 0, 0
L -282, 226, -54, -309, 255, -70, 0, 0, 0
L -309, 255, -70, -315, 260, -70, 0, 0, 0
L -319, 261, -70, -315, 260, -70, 0, 0, 0
L -319, 261, -70, -342, 238, -70, 0, 0, 0
L -342, 238, -70, -340, 232, -70, 0, 0, 0
L -340, 232, -70, -329, 221, -73, 0, 0, 0
L -329, 221, -73, -309, 200, -90, 0, 0, 0
L -309, 200, -91, -316, 193, -91, 0, 0, 0
L -316, 193, -91, -315, 194, -91, 0, 0, 0
L -312, 191, -91, -315, 194, -91, 0, 0, 0
L -228, 212, -54, -231, 209, -54, 0, 0, 0
L -231, 209, -54, -259, 209, -54, 0, 0, 0
L -259, 209, -54, -262, 213, -54, 0, 0, 0
L -262, 213, -54, -261, 213, -54, 0, 0, 0
L -261, 213, -54, -263, 215, -54, 0, 0, 0
L -263, 215, -54, -262, 216, -54, 0, 0, 0
L -262, 216, -54, -265, 218, -54, 0, 0, 0
L -265, 218, -54, -269, 214, -54, 0, 0, 0
L -269, 214, -54, -266, 212, -54, 0, 0, 0
L -266, 212, -54, -265, 213, -54, 0, 0, 0
L -265, 213, -54, -265, 212, -54, 0, 0, 0
L -265, 212, -54, -276, 201, -54, 0, 0, 0
L -276, 201, -54, -281, 202, -54, 0, 0, 0
L -281, 202, -54, -294, 215, -54, 0, 0, 0
L -294, 215, -54, -318, 240, -69, 0, 0, 0
L -318, 240, -70, -320, 237, -70, 0, 0, 0
L -320, 237, -71, -297, 213, -91, 0, 0, 0
L -297, 213, -91, -286, 202, -91, 0, 0, 0
L -286, 202, -91, -286, 199, -91, 0, 0, 0
L -286, 199, -91, -303, 182, -91, 0, 0, 0
L -305, 184, -91, -303, 182, -91, 0, 0, 0
L -227, 215, -54, -228, 216, -54, 0, 0, 0
L -227, 215, -54, -229, 213, -54, 0, 0, 0
L -228, 212, -54, -229, 213, -54, 0, 0, 0
L -312, 191, -91, -316, 187, -91, 0, 0, 0
L -316, 187, -91, -319, 189, -90, 0, 0, 0
L -319, 189, -91, -318, 190, -91, 0, 0, 0
L -318, 190, -91, -320, 192, -91, 0, 0, 0
L -320, 192, -91, -319, 194, -91, 0, 0, 0
L -319, 194, -91, -320, 195, -91, 0, 0, 0
L -320, 195, -91, -350, 195, -91, 0, 0, 0
L -350, 195, -91, -370, 175, -91, 0, 0, 0
L -370, 175, -91, -370, 146, -91, 0, 0, 0
L -370, 146, -91, -350, 126, -91, 0, 0, 0
L -350, 126, -91, -344, 126, -91, 0, 0, 0
L -344, 126, -91, -344, 128, -91, 0, 0, 0
L -344, 128, -91, -341, 128, -91, 0, 0, 0
L -341, 128, -91, -341, 122, -91, 0, 0, 0
L -341, 122, -91, -344, 122, -91, 0, 0, 0
L -344, 122, -91, -344, 123, -91, 0, 0, 0
L -344, 123, -91, -346, 123, -91, 0, 0, 0
L -346, 123, -91, -345, 56, -127, 0, 0, 0
L -345, 56, -127, -345, 54, -130, 0, 0, 0
L -345, 54, -130, -345, 42, -134, 0, 0, 0
L -345, 42, -134, -344, 42, -134, 0, 0, 0
L -344, 42, -134, -344, 44, -134, 0, 0, 0
L -344, 44, -134, -340, 44, -134, 0, 0, 0
L -340, 44, -134, -340, 38, -134, 0, 0, 0
L -330, 38, -134, -330, 44, -134, 0, 0, 0
L -330, 44, -134, -327, 44, -134, 0, 0, 0
L -327, 44, -134, -327, 42, -134, 0, 0, 0
L -327, 42, -134, -326, 42, -134, 0, 0, 0
L -326, 42, -134, -326, 123, -91, 0, 0, 0
L -326, 123, -91, -328, 123, -91, 0, 0, 0
L -328, 123, -91, -328, 122, -91, 0, 0, 0
L -328, 122, -91, -331, 122, -91, 0, 0, 0
L -331, 122, -91, -331, 128, -91, 0, 0, 0
L -331, 128, -91, -328, 128, -91, 0, 0, 0
L -328, 126, -91, -328, 128, -91, 0, 0, 0
L -328, 126, -91, -321, 126, -91, 0, 0, 0
L -321, 126, -91, -301, 146, -91, 0, 0, 0
L -301, 146, -91, -301, 176, -91, 0, 0, 0
L -301, 176, -91, -303, 178, -91, 0, 0, 0
L -303, 178, -91, -304, 177, -91, 0, 0, 0
L -304, 177, -91, -310, 180, -91, 0, 0, 0
L -310, 180, -91, -305, 184, -90, 0, 0, 0
L -483, 2, -89, -392, 2, -85, 0, 0, 0
L -504, -22, -85, -374, -22, -84, 0, 0, 0
L -374, -22, -55, -372, -21, -55, 0, 0, 0
L -372, -21, -55, -372, 31, -55, 0, 0, 0
L -392, 2, -55, -392, 7, -55, 0, 0, 0
L -392, 7, -51, -418, 7, -46, 0, 0, 0
L -484, 7, -26, -485, -12, -26, 0, 0, 0
L -485, -12, -26, -546, -11, -26, 0, 0, 0
L -546, -11, -26, -546, -10, -26, 0, 0, 0
L -545, 7, -26, -544, 9, -26, 0, 0, 0
L -544, 9, -26, -501, 10, -26, 0, 0, 0
L -501, 10, -26, -501, 30, -26, 0, 0, 0
L -501, 30, -26, -499, 32, -26, 0, 0, 0
L -499, 32, -26, -373, 32, -26, 0, 0, 0
L -373, 32, -55, -372, 31, -55, 0, 0, 0
L 68, 43, 0, 66, 43, 0, 0, 0, 0
L 69, 20, 0, 62, 20, 0, 0, 0, 0
L 67, 43, 0, 59, 43, 0, 0, 0, 0
L 64, 20, 0, 56, 20, 0, 0, 0, 0
L 56, 20, 0, 56, -12, 0, 0, 0, 0
L 56, -12, 0, 33, -12, 0, 0, 0, 0
L 30, -9, 0, 29, -9, 0, 0, 0, 0
L 29, -9, 0, 29, -6, 0, 0, 0, 0
L 29, -6, 0, 34, -6, 0, 0, 0, 0
L 34, -6, 0, 34, -9, 0, 0, 0, 0
L 33, -9, 0, 34, -9, 0, 0, 0, 0
L 33, -9, 0, 33, -12, 0, 0, 0, 0
L 30, -40, 0, 30, -9, 0, 0, 0, 0
L 30, -40, 0, 2, -40, 0, 0, 0, 0
L 2, -40, 0, 2, -6, 0, 0, 0, 0
L -3, -6, 0, 2, -6, 0, 0, 0, 0
L -3, -6, 0, -3, -40, 0, 0, 0, 0
L -3, -40, 0, -20, -40, 0, 0, 0, 0
L -20, -40, 0, -22, -37, 0, 0, 0, 0
L -22, -37, 0, -21, -36, 0, 0, 0, 0
L -21, -36, 0, -23, -34, 0, 0, 0, 0
L -25, -30, 0, -22, -33, 0, 0, 0, 0
L -25, -30, 0, -29, -35, 0, 0, 0, 0
L -29, -35, 0, -26, -37, 0, 0, 0, 0
L -26, -37, 0, -25, -36, 0, 0, 0, 0
L -25, -36, 0, -24, -37, 0, 0, 0, 0
L -24, -37, 0, -103, -116, -24, 0, 0, 0
L -103, -116, -24, -104, -115, -24, 0, 0, 0
L -104, -115, -24, -103, -114, -24, 0, 0, 0
L -103, -114, -24, -106, -111, -24, 0, 0, 0
L -106, -111, -24, -110, -115, -24, 0, 0, 0
L -110, -115, -24, -107, -118, -24, 0, 0, 0
L -105, -119, -24, -103, -117, -24, 0, 0, 0
L -103, -117, -24, -100, -120, -24, 0, 0, 0
L -100, -120, -24, -100, -150, -24, 0, 0, 0
L -100, -150, -24, -120, -170, -24, 0, 0, 0
L -120, -170, -24, -150, -170, -24, 0, 0, 0
L -150, -170, -24, -151, -169, -24, 0, 0, 0
L -151, -169, -24, -150, -167, -24, 0, 0, 0
L -150, -167, -24, -152, -166, -24, 0, 0, 0
L -152, -166, -24, -151, -164, -24, 0, 0, 0
L -151, -164, -24, -153, -162, -24, 0, 0, 0
L -153, -162, -24, -157, -166, -24, 0, 0, 0
L -157, -166, -24, -155, -169, -24, 0, 0, 0
L -155, -169, -24, -154, -168, -24, 0, 0, 0
L -154, -168, -24, -153, -169, -24, 0, 0, 0
L -153, -169, -24, -211, -226, -58, 0, 0, 0
L -106, -117, -24, -105, -119, -24, 0, 0, 0
L -106, -117, -24, -107, -118, -24, 0, 0, 0
L -23, -34, 0, -22, -33, 0, 0, 0, 0
L -225, -211, -58, -168, -154, -24, 0, 0, 0
L -168, -154, -24, -166, -156, -24, 0, 0, 0
L -166, -156, -24, -167, -157, -24, 0, 0, 0
L -167, -157, -24, -164, -159, -24, 0, 0, 0
L -164, -159, -24, -160, -155, -24, 0, 0, 0
L -160, -155, -24, -163, -153, -24, 0, 0, 0
L -163, -153, -24, -164, -154, -24, 0, 0, 0
L -164, -154, -24, -166, -152, -24, 0, 0, 0
L -166, -152, -24, -167, -153, -24, 0, 0, 0
L -167, -153, -24, -170, -150, -24, 0, 0, 0
L -170, -150, -24, -170, -120, -24, 0, 0, 0
L -170, -120, -24, -150, -100, -24, 0, 0, 0
L -150, -100, -24, -146, -100, -24, 0, 0, 0
L -146, -100, -24, -146, -103, -24, 0, 0, 0
L -146, -103, -24, -143, -103, -24, 0, 0, 0
L -143, -103, -24, -143, -104, -24, 0, 0, 0
L -143, -104, -24, -139, -104, -24, 0, 0, 0
L -139, -104, -24, -139, -98, -24, 0, 0, 0
L -139, -98, -24, -143, -98, -24, 0, 0, 0
L -143, -98, -24, -143, -99, -24, 0, 0, 0
L -145, -99, -24, -143, -99, -24, 0, 0, 0
L -145, -99, -24, -145, -41, -32, 0, 0, 0
L -124, -41, -32, -124, -99, -24, 0, 0, 0
L -124, -99, -24, -126, -99, -24, 0, 0, 0
L -126, -99, -24, -126, -98, -24, 0, 0, 0
L -126, -98, -25, -130, -98, -25, 0, 0, 0
L -130, -98, -24, -130, -104, -24, 0, 0, 0
L -130, -104, -24, -126, -104, -24, 0, 0, 0
L -126, -104, -24, -126, -102, -24, 0, 0, 0
L -126, -102, -24, -121, -102, -24, 0, 0, 0
L -121, -102, -24, -118, -105, -24, 0, 0, 0
L -118, -105, -24, -119, -106, -24, 0, 0, 0
L -119, -106, -24, -117, -109, -24, 0, 0, 0
L -117, -109, -24, -113, -104, -24, 0, 0, 0
L -113, -104, -24, -115, -102, -24, 0, 0, 0
L -115, -102, -24, -116, -103, -24, 0, 0, 0
L -116, -103, -24, -118, -101, -24, 0, 0, 0
L -118, -101, -24, -38, -23, -3, 0, 0, 0
L -38, -23, 0, -37, -24, 0, 0, 0, 0
L -37, -24, 0, -38, -25, 0, 0, 0, 0
L -38, -25, 0, -35, -28, 0, 0, 0, 0
L -35, -28, 0, -31, -24, 0, 0, 0, 0
L -31, -24, 0, -34, -21, 0, 0, 0, 0
L -34, -21, 0, -35, -22, 0, 0, 0, 0
L -35, -22, 0, -37, -20, 0, 0, 0, 0
L -37, -20, 0, -38, -22, 0, 0, 0, 0
L -38, -22, 0, -40, -20, 0, 0, 0, 0
L -40, -20, 0, -40, -12, 0, 0, 0, 0
L -40, -12, 0, -38, -12, 0, 0, 0, 0
L -38, -12, 0, -38, -9, 0, 0, 0, 0
L -38, -9, 0, -37, -9, 0, 0, 0, 0
L -37, -9, 0, -37, -5, 0, 0, 0, 0
L -37, -5, 0, -43, -5, 0, 0, 0, 0
L -43, -5, 0, -43, -8, 0, 0, 0, 0
L -43, -8, 0, -58, -8, 0, 0, 0, 0
L -58, -8, -7, -58, -41, -16, 0, 0, 0
L -58, -41, -16, -62, -45, -16, 0, 0, 0
L -62, -45, -16, -92, -45, -16, 0, 0, 0
L -92, -45, -16, -95, -41, -16, 0, 0, 0
L -97, -7, -33, -95, -7, -33, 0, 0, 0
L -97, 9, -33, -80, 9, -33, 0, 0, 0
L -80, 9, -33, -78, 7, -33, 0, 0, 0
L -78, -29, -16, -75, -29, -16, 0, 0, 0
L -75, -29, -13, -75, 4, 0, 0, 0, 0
L -75, 4, 0, -72, 8, 0, 0, 0, 0
L -72, 8, 0, -43, 8, 0, 0, 0, 0
L -43, 8, 0, -43, 4, 0, 0, 0, 0
L -78, -29, -33, -78, 7, -33, 0, 0, 0
L -95, -41, -16, -95, -7, -16, 0, 0, 0
L 62, 43, 0, 42, 43, 0, 0, 0, 0
L 42, 43, 0, 36, 38, 0, 0, 0, 0
L 36, 38, 0, 36, 10, 0, 0, 0, 0
L -97, -7, -33, -97, -4, -33, 0, 0, 0
L -97, -4, -33, -103, -4, -33, 0, 0, 0
L -103, -4, -33, -103, -8, -33, 0, 0, 0
L -103, -8, -33, -102, -8, -33, 0, 0, 0
L -102, -8, -33, -102, -11, -33, 0, 0, 0
L -102, -11, -33, -100, -11, -33, 0, 0, 0
L -100, -11, -33, -100, -40, -33, 0, 0, 0
L -100, -40, -33, -124, -40, -33, 0, 0, 0
L -124, -40, -33, -124, -38, -33, 0, 0, 0
L -124, -38, -33, -126, -38, -33, 0, 0, 0
L -126, -38, -33, -126, -36, -32, 0, 0, 0
L -126, -36, -33, -130, -36, -33, 0, 0, 0
L -130, -36, -32, -130, -42, -32, 0, 0, 0
L -126, -42, -32, -130, -42, -32, 0, 0, 0
L -126, -42, -32, -126, -41, -32, 0, 0, 0
L -126, -41, -32, -124, -41, -32, 0, 0, 0
L -97, 9, -33, -97, 5, -33, 0, 0, 0
L -97, 5, -33, -103, 5, -33, 0, 0, 0
L -103, 9, -33, -103, 5, -33, 0, 0, 0
L -102, 9, -33, -103, 9, -33, 0, 0, 0
L -102, 9, -33, -102, 12, -33, 0, 0, 0
L -100, 12, -33, -102, 12, -33, 0, 0, 0
L -100, 12, -33, -100, 40, -33, 0, 0, 0
L -100, 40, -33, -124, 40, -33, 0, 0, 0
L -124, 40, -33, -124, 39, -33, 0, 0, 0
L -126, 39, -33, -124, 39, -33, 0, 0, 0
L -126, 39, -33, -126, 37, -33, 0, 0, 0
L -130, 37, -33, -126, 37, -33, 0, 0, 0
L -130, 37, -33, -130, 43, -33, 0, 0, 0
L -130, 43, -33, -126, 43, -33, 0, 0, 0
L -126, 42, -33, -126, 43, -33, 0, 0, 0
L -126, 42, -33, -124, 42, -33, 0, 0, 0
L -145, 42, -33, -143, 42, -33, 0, 0, 0
L -143, 42, -33, -143, 43, -33, 0, 0, 0
L -143, 43, -33, -140, 43, -33, 0, 0, 0
L -140, 43, -33, -140, 37, -33, 0, 0, 0
L -140, 37, -33, -143, 37, -33, 0, 0, 0
L -143, 37, -33, -143, 39, -33, 0, 0, 0
L -143, 39, -33, -146, 39, -33, 0, 0, 0
L -146, 40, -33, -146, 39, -33, 0, 0, 0
L -146, 40, -33, -166, 40, -33, 0, 0, 0
L -166, 40, -33, -166, 37, -33, 0, 0, 0
L -166, 37, -33, -163, 37, -33, 0, 0, 0
L -163, 37, -33, -163, 34, -33, 0, 0, 0
L -162, 34, -33, -163, 34, -33, 0, 0, 0
L -162, 34, -33, -162, 30, -33, 0, 0, 0
L -162, 30, -33, -168, 30, -33, 0, 0, 0
L -168, 30, -33, -168, 34, -33, 0, 0, 0
L -167, 34, -33, -168, 34, -33, 0, 0, 0
L -167, 34, -33, -198, 34, -33, 0, 0, 0
L -198, 34, -33, -201, 30, -33, 0, 0, 0
L -201, 30, -33, -201, -41, -33, 0, 0, 0
L -145, -41, -32, -143, -41, -32, 0, 0, 0
L -143, -42, -32, -140, -42, -32, 0, 0, 0
L -140, -42, -32, -140, -36, -32, 0, 0, 0
L -140, -36, -33, -143, -36, -33, 0, 0, 0
L -143, -36, -32, -143, -38, -32, 0, 0, 0
L -143, -38, -32, -146, -38, -33, 0, 0, 0
L -143, -41, -32, -143, -42, -32, 0, 0, 0
L -146, -38, -33, -146, -40, -33, 0, 0, 0
L -146, -40, -33, -166, -40, -33, 0, 0, 0
L -166, -40, -33, -166, 14, -33, 0, 0, 0
L -166, 14, -33, -163, 14, -33, 0, 0, 0
L -163, 14, -33, -163, 17, -33, 0, 0, 0
L -163, 17, -33, -162, 17, -33, 0, 0, 0
L -162, 17, -33, -162, 21, -33, 0, 0, 0
L -162, 21, -33, -168, 21, -33, 0, 0, 0
L -168, 21, -33, -168, 17, -33, 0, 0, 0
L -168, 17, -33, -166, 17, -33, 0, 0, 0
L -166, 17, -33, -181, 17, -33, 0, 0, 0
L -181, 17, -33, -184, 15, -33, 0, 0, 0
L -184, 15, -35, -184, -53, -36, 0, 0, 0
L 33, 10, 0, 36, 10, 0, 0, 0, 0
L 33, 10, 0, 33, 8, 0, 0, 0, 0
L 33, 8, 0, 34, 8, 0, 0, 0, 0
L 34, 8, 0, 34, 4, 0, 0, 0, 0
L 34, 4, 0, 28, 4, 0, 0, 0, 0
L 28, 4, 0, 28, 7, 0, 0, 0, 0
L 30, 8, 0, 28, 7, 0, 0, 0, 0
L 30, 8, 0, 30, 40, 0, 0, 0, 0
L 30, 40, 0, 2, 40, 0, 0, 0, 0
L -3, 5, 0, -3, 40, 0, 0, 0, 0
L -3, 5, 0, 2, 5, 0, 0, 0, 0
L 2, 5, 0, 2, 40, 0, 0, 0, 0
L -3, 40, 0, -20, 40, 0, 0, 0, 0
L -20, 40, 0, -22, 37, 0, 0, 0, 0
L -22, 37, 0, -21, 37, 0, 0, 0, 0
L -21, 37, 0, -23, 35, 0, 0, 0, 0
L -23, 35, 0, -22, 34, 0, 0, 0, 0
L -22, 34, 0, -25, 31, 0, 0, 0, 0
L -25, 31, 0, -29, 35, 0, 0, 0, 0
L -29, 35, 0, -26, 38, 0, 0, 0, 0
L -26, 38, 0, -25, 37, 0, 0, 0, 0
L -43, 4, 0, -37, 4, 0, 0, 0, 0
L -37, 4, 0, -37, 8, 0, 0, 0, 0
L -38, 11, 0, -40, 11, 0, 0, 0, 0
L -37, 8, 0, -38, 8, 0, 0, 0, 0
L -38, 8, 0, -38, 11, 0, 0, 0, 0
L -40, 11, 0, -40, 20, 0, 0, 0, 0
L -40, 20, 0, -38, 22, 0, 0, 0, 0
L -38, 22, 0, -37, 20, 0, 0, 0, 0
L -37, 20, 0, -35, 23, 0, 0, 0, 0
L -35, 23, 0, -34, 22, 0, 0, 0, 0
L -34, 22, 0, -31, 24, 0, 0, 0, 0
L -31, 24, 0, -35, 28, 0, 0, 0, 0
L -35, 28, 0, -38, 26, 0, 0, 0, 0
L -38, 26, 0, -37, 25, 0, 0, 0, 0
L -37, 25, 0, -38, 24, 0, 0, 0, 0
L -184, -53, -53, -187, -56, -53, 0, 0, 0
L -187, -56, -53, -219, -56, -53, 0, 0, 0
L -219, -56, -53, -222, -53, -53, 0, 0, 0
L -222, -53, -53, -222, 34, -53, 0, 0, 0
L -204, 20, -64, -204, -41, -62, 0, 0, 0
L -204, -41, -53, -201, -41, -53, 0, 0, 0
L -222, 34, -81, -219, 36, -81, 0, 0, 0
L -219, 36, -81, -185, 36, -81, 0, 0, 0
L -204, 20, -81, -200, 20, -81, 0, 0, 0
L -185, 36, -81, -183, 34, -81, 0, 0, 0
L -545, 7, -26, -543, 7, -26, 0, 0, 0
L -543, 7, -26, -543, 3, -26, 0, 0, 0
L -543, 3, -26, -549, 4, -26, 0, 0, 0
L -549, 4, -26, -549, 8, -26, 0, 0, 0
L -548, 7, -26, -549, 8, -26, 0, 0, 0
L -548, 7, -26, -547, 11, -26, 0, 0, 0
L -547, 11, -26, -553, 32, -26, 0, 0, 0
L -553, 32, -26, -556, 34, -26, 0, 0, 0
L -556, 34, -26, -557, 33, -26, 0, 0, 0
L -557, 33, -26, -559, 36, -26, 0, 0, 0
L -559, 36, -26, -554, 40, -26, 0, 0, 0
L -554, 40, -26, -552, 37, -26, 0, 0, 0
L -553, 36, -26, -552, 37, -26, 0, 0, 0
L -553, 36, -26, -552, 34, -26, 0, 0, 0
L -552, 34, -26, -489, 97, -54, 0, 0, 0
L -489, 97, -54, -484, 102, -54, 0, 0, 0
L -484, 102, -54, -486, 104, -54, 0, 0, 0
L -486, 104, -54, -487, 103, -54, 0, 0, 0
L -487, 103, -54, -489, 105, -54, 0, 0, 0
L -489, 105, -54, -485, 110, -54, 0, 0, 0
L -485, 110, -54, -483, 107, -54, 0, 0, 0
L -483, 107, -54, -484, 106, -54, 0, 0, 0
L -484, 106, -54, -481, 103, -54, 0, 0, 0
L -482, 103, -54, -481, 103, -54, 0, 0, 0
L -482, 103, -54, -480, 101, -54, 0, 0, 0
L -480, 101, -54, -450, 101, -54, 0, 0, 0
L -450, 101, -54, -446, 105, -54, 0, 0, 0
L -446, 105, -54, -447, 106, -54, 0, 0, 0
L -447, 106, -54, -444, 109, -54, 0, 0, 0
L -444, 109, -54, -440, 105, -54, 0, 0, 0
L -440, 105, -54, -443, 102, -54, 0, 0, 0
L -444, 103, -54, -443, 102, -54, 0, 0, 0
L -432, 115, -54, -431, 114, -54, 0, 0, 0
L -431, 114, -54, -433, 112, -54, 0, 0, 0
L -433, 112, -54, -438, 116, -54, 0, 0, 0
L -438, 116, -54, -435, 118, -54, 0, 0, 0
L -435, 118, -54, -434, 117, -54, 0, 0, 0
L -434, 117, -54, -430, 121, -54, 0, 0, 0
L -430, 121, -54, -431, 190, -54, 0, 0, 0
L -431, 190, -54, -450, 209, -54, 0, 0, 0
L -450, 209, -54, -450, 229, -54, 0, 0, 0
L -450, 229, -54, -480, 229, -54, 0, 0, 0
L -480, 229, -54, -480, 209, -54, 0, 0, 0
L -480, 209, -54, -500, 188, -54, 0, 0, 0
L -500, 188, -54, -531, 188, -54, 0, 0, 0
L -531, 188, -54, -531, 121, -54, 0, 0, 0
L -531, 121, -54, -500, 121, -54, 0, 0, 0
L -500, 121, -54, -499, 119, -54, 0, 0, 0
L -499, 119, -54, -498, 120, -54, 0, 0, 0
L -498, 120, -54, -496, 118, -54, 0, 0, 0
L -496, 118, -54, -495, 119, -54, 0, 0, 0
L -495, 119, -54, -492, 116, -54, 0, 0, 0
L -492, 116, -54, -496, 112, -54, 0, 0, 0
L -496, 112, -54, -499, 115, -54, 0, 0, 0
L -499, 115, -54, -498, 116, -54, 0, 0, 0
L -498, 116, -54, -499, 117, -54, 0, 0, 0
L -499, 117, -54, -507, 110, -53, 0, 0, 0
L -507, 110, -53, -565, 51, -26, 0, 0, 0
L -565, 51, -26, -564, 49, -26, 0, 0, 0
L -564, 49, -26, -563, 50, -26, 0, 0, 0
L -563, 50, -26, -560, 47, -26, 0, 0, 0
L -560, 47, -26, -565, 44, -26, 0, 0, 0
L -565, 44, -26, -567, 46, -26, 0, 0, 0
L -567, 46, -26, -566, 47, -26, 0, 0, 0
L -567, 50, -26, -568, 50, -26, 0, 0, 0
L -567, 50, -26, -583, 61, -26, 0, 0, 0
L -583, 61, -26, -588, 62, -26, 0, 0, 0
L -588, 62, -26, -590, 81, -26, 0, 0, 0
L -590, 81, -26, -591, 82, -26, 0, 0, 0
L -591, 82, -26, -605, 85, -26, 0, 0, 0
L -605, 85, -26, -627, 83, -26, 0, 0, 0
L -627, 83, -26, -642, 76, -26, 0, 0, 0
L -642, 76, -26, -640, 57, -26, 0, 0, 0
L -640, 57, -26, -659, 39, -26, 0, 0, 0
L -659, 39, -26, -661, 34, -26, 0, 0, 0
L -661, 35, -26, -661, 34, -26, 0, 0, 0
L -661, 34, -26, -680, 36, -26, 0, 0, 0
L -680, 36, -26, -688, 13, -26, 0, 0, 0
L -688, 13, -26, -689, 0, -26, 0, 0, 0
L -689, 0, -26, -684, -16, -26, 0, 0, 0
L -684, -16, -26, -665, -18, -26, 0, 0, 0
L -665, -18, -26, -651, -40, -26, 0, 0, 0
L -651, -40, -26, -647, -43, -26, 0, 0, 0
L -647, -43, -26, -651, -61, -26, 0, 0, 0
L -651, -61, -26, -633, -72, -26, 0, 0, 0
L -633, -72, -26, -617, -76, -26, 0, 0, 0
L -617, -76, -26, -601, -74, -26, 0, 0, 0
L -601, -74, -26, -596, -55, -26, 0, 0, 0
L -596, -55, -26, -591, -55, -26, 0, 0, 0
L -591, -55, -26, -570, -43, -26, 0, 0, 0
L -570, -43, -26, -571, -42, -26, 0, 0, 0
L -571, -42, -26, -569, -39, -26, 0, 0, 0
L -569, -39, -26, -564, -43, -25, 0, 0, 0
L -564, -43, -25, -567, -46, -25, 0, 0, 0
L -567, -46, -25, -568, -45, -25, 0, 0, 0
L -568, -45, -25, -569, -46, -25, 0, 0, 0
L -569, -46, -25, -502, -113, -54, 0, 0, 0
L -502, -113, -54, -498, -117, -54, 0, 0, 0
L -498, -117, -54, -496, -115, -54, 0, 0, 0
L -546, -10, -26, -544, -10, -26, 0, 0, 0
L -544, -10, -26, -544, -6, -26, 0, 0, 0
L -544, -6, -26, -550, -6, -25, 0, 0, 0
L -550, -6, -26, -550, -9, -26, 0, 0, 0
L -550, -9, -26, -549, -9, -26, 0, 0, 0
L -549, -9, -26, -556, -29, -26, 0, 0, 0
L -556, -29, -26, -557, -28, -26, 0, 0, 0
L -557, -28, -26, -559, -31, -26, 0, 0, 0
L -559, -31, -26, -560, -30, -26, 0, 0, 0
L -560, -30, -26, -562, -32, -26, 0, 0, 0
L -562, -32, -26, -558, -36, -25, 0, 0, 0
L -558, -36, -25, -555, -34, -25, 0, 0, 0
L -555, -34, -25, -556, -33, -25, 0, 0, 0
L -556, -33, -25, -555, -31, -25, 0, 0, 0
L -555, -31, -25, -483, -102, -54, 0, 0, 0
L -483, -102, -54, -485, -103, -54, 0, 0, 0
L -568, 50, -26, -566, 47, -26, 0, 0, 0
L -496, -115, -54, -497, -114, -54, 0, 0, 0
L -497, -114, -54, -495, -112, -54, 0, 0, 0
L -495, -112, -54, -491, -116, -54, 0, 0, 0
L -491, -116, -54, -493, -119, -54, 0, 0, 0
L -493, -119, -54, -494, -117, -54, 0, 0, 0
L -494, -117, -54, -496, -119, -54, 0, 0, 0
L -496, -119, -54, -498, -118, -54, 0, 0, 0
L -498, -118, -54, -499, -120, -54, 0, 0, 0
L -499, -120, -54, -530, -120, -54, 0, 0, 0
L -530, -120, -54, -530, -187, -54, 0, 0, 0
L -530, -187, -54, -499, -187, -54, 0, 0, 0
L -499, -187, -54, -479, -207, -54, 0, 0, 0
L -479, -228, -54, -479, -207, -54, 0, 0, 0
L -479, -228, -54, -450, -228, -54, 0, 0, 0
L -450, -228, -54, -450, -207, -54, 0, 0, 0
L -450, -207, -54, -430, -187, -54, 0, 0, 0
L -430, -187, -54, -430, -120, -54, 0, 0, 0
L -430, -120, -54, -432, -117, -54, 0, 0, 0
L -432, -117, -54, -433, -119, -54, 0, 0, 0
L -433, -119, -54, -435, -117, -54, 0, 0, 0
L -435, -117, -54, -436, -118, -54, 0, 0, 0
L -436, -118, -54, -439, -115, -54, 0, 0, 0
L -439, -115, -54, -435, -111, -54, 0, 0, 0
L -435, -111, -54, -432, -114, -54, 0, 0, 0
L -432, -114, -54, -433, -115, -54, 0, 0, 0
L -433, -115, -54, -432, -116, -54, 0, 0, 0
L -432, -116, -54, -429, -113, -54, 0, 0, 0
L -429, -113, -57, -391, -151, -60, 0, 0, 0
L -367, -28, -134, -369, -26, -134, 0, 0, 0
L -369, -25, -134, -369, -26, -134, 0, 0, 0
L -369, -25, -134, -371, -23, -134, 0, 0, 0
L -371, -23, -134, -413, -66, -100, 0, 0, 0
L -413, -66, -100, -426, -80, -100, 0, 0, 0
L -426, -80, -100, -425, -85, -100, 0, 0, 0
L -425, -85, -100, -404, -105, -95, 0, 0, 0
L -404, -105, -95, -385, -123, -83, 0, 0, 0
L -385, -123, -78, -389, -127, -78, 0, 0, 0
L -389, -127, -74, -428, -87, -70, 0, 0, 0
L -428, -87, -54, -432, -87, -54, 0, 0, 0
L -432, -87, -54, -446, -102, -54, 0, 0, 0
L -446, -102, -54, -445, -103, -54, 0, 0, 0
L -391, -151, -78, -386, -151, -78, 0, 0, 0
L -386, -151, -78, -359, -124, -78, 0, 0, 0
L -359, -124, -78, -360, -120, -78, 0, 0, 0
L -360, -120, -78, -393, -87, -78, 0, 0, 0
L -393, -87, -100, -395, -79, -100, 0, 0, 0
L -395, -79, -101, -354, -38, -107, 0, 0, 0
L -354, -38, -134, -356, -36, -134, 0, 0, 0
L -356, -36, -134, -357, -37, -134, 0, 0, 0
L -357, -37, -134, -360, -35, -134, 0, 0, 0
L -445, -103, -54, -444, -102, -54, 0, 0, 0
L -444, -102, -54, -441, -105, -54, 0, 0, 0
L -441, -105, -54, -445, -109, -54, 0, 0, 0
L -445, -109, -54, -448, -106, -54, 0, 0, 0
L -448, -106, -54, -447, -105, -54, 0, 0, 0
L -447, -105, -54, -449, -103, -54, 0, 0, 0
L -449, -103, -54, -448, -102, -54, 0, 0, 0
L -448, -102, -54, -450, -100, -54, 0, 0, 0
L -450, -100, -54, -479, -100, -54, 0, 0, 0
L -479, -100, -54, -482, -102, -54, 0, 0, 0
L -482, -102, -54, -480, -103, -54, 0, 0, 0
L -480, -103, -54, -482, -105, -54, 0, 0, 0
L -482, -105, -54, -481, -107, -54, 0, 0, 0
L -481, -107, -54, -484, -109, -54, 0, 0, 0
L -484, -109, -54, -488, -105, -54, 0, 0, 0
L -488, -105, -54, -486, -102, -54, 0, 0, 0
L -485, -103, -54, -486, -102, -54, 0, 0, 0
L -315, -187, -90, -311, -191, -91, 0, 0, 0
L -311, -191, -91, -314, -193, -91, 0, 0, 0
L -314, -193, -91, -315, -192, -91, 0, 0, 0
L -315, -192, -91, -315, -193, -91, 0, 0, 0
L -315, -193, -91, -309, -199, -91, 0, 0, 0
L -309, -199, -89, -331, -223, -73, 0, 0, 0
L -331, -223, -73, -341, -232, -73, 0, 0, 0
L -341, -232, -73, -341, -237, -73, 0, 0, 0
L -341, -237, -73, -318, -259, -73, 0, 0, 0
L -318, -259, -73, -314, -259, -73, 0, 0, 0
L -314, -259, -73, -303, -247, -71, 0, 0, 0
L -303, -247, -71, -282, -225, -58, 0, 0, 0
L -282, -225, -58, -278, -225, -58, 0, 0, 0
L -278, -225, -58, -277, -224, -58, 0, 0, 0
L -277, -224, -58, -278, -223, -58, 0, 0, 0
L -278, -223, -58, -276, -221, -58, 0, 0, 0
L -276, -221, -58, -271, -225, -58, 0, 0, 0
L -271, -225, -58, -277, -228, -58, 0, 0, 0
L -278, -228, -58, -277, -228, -58, 0, 0, 0
L -278, -228, -58, -280, -230, -58, 0, 0, 0
L -280, -230, -58, -280, -258, -58, 0, 0, 0
L -280, -258, -58, -259, -279, -58, 0, 0, 0
L -259, -279, -58, -231, -279, -58, 0, 0, 0
L -231, -279, -58, -210, -258, -58, 0, 0, 0
L -210, -258, -58, -210, -230, -58, 0, 0, 0
L -210, -230, -58, -214, -226, -58, 0, 0, 0
L -214, -226, -58, -215, -227, -58, 0, 0, 0
L -215, -227, -58, -218, -225, -58, 0, 0, 0
L -218, -225, -58, -214, -221, -58, 0, 0, 0
L -214, -221, -57, -211, -223, -57, 0, 0, 0
L -211, -226, -58, -212, -224, -58, 0, 0, 0
L -212, -224, -58, -211, -223, -58, 0, 0, 0
L -225, -211, -58, -224, -212, -58, 0, 0, 0
L -224, -212, -58, -223, -211, -58, 0, 0, 0
L -223, -211, -57, -220, -214, -57, 0, 0, 0
L -220, -214, -58, -225, -218, -58, 0, 0, 0
L -225, -218, -58, -227, -215, -58, 0, 0, 0
L -227, -215, -58, -226, -214, -58, 0, 0, 0
L -226, -214, -58, -228, -213, -58, 0, 0, 0
L -228, -213, -58, -228, -212, -58, 0, 0, 0
L -228, -212, -58, -231, -209, -58, 0, 0, 0
L -231, -209, -58, -259, -209, -58, 0, 0, 0
L -259, -209, -58, -262, -212, -58, 0, 0, 0
L -262, -212, -58, -261, -212, -58, 0, 0, 0
L -261, -212, -58, -263, -214, -58, 0, 0, 0
L -263, -214, -58, -262, -215, -58, 0, 0, 0
L -262, -215, -58, -265, -218, -58, 0, 0, 0
L -265, -218, -58, -269, -214, -58, 0, 0, 0
L -269, -214, -58, -266, -211, -58, 0, 0, 0
L -266, -211, -58, -265, -212, -58, 0, 0, 0
L -265, -212, -58, -264, -211, -58, 0, 0, 0
L -264, -211, -58, -276, -200, -58, 0, 0, 0
L -276, -200, -58, -281, -201, -58, 0, 0, 0
L -281, -201, -58, -296, -217, -60, 0, 0, 0
L -296, -217, -60, -317, -239, -72, 0, 0, 0
L -317, -239, -73, -320, -236, -73, 0, 0, 0
L -320, -236, -76, -294, -211, -91, 0, 0, 0
L -294, -211, -91, -284, -201, -91, 0, 0, 0
L -284, -201, -91, -284, -198, -91, 0, 0, 0
L -284, -198, -91, -302, -180, -91, 0, 0, 0
L -302, -180, -91, -303, -180, -91, 0, 0, 0
L -303, -180, -91, -302, -182, -91, 0, 0, 0
L -302, -182, -91, -304, -184, -91, 0, 0, 0
L -304, -184, -91, -309, -180, -91, 0, 0, 0
L -330, 38, -134, -327, 38, -134, 0, 0, 0
L -327, 38, -134, -327, 39, -134, 0, 0, 0
L -327, 39, -134, -324, 39, -134, 0, 0, 0
L -324, 39, -134, -324, 40, -134, 0, 0, 0
L -324, 40, -134, -321, 40, -134, 0, 0, 0
L -321, 40, -134, -321, 5, -134, 0, 0, 0
L -321, 5, -134, -316, 5, -134, 0, 0, 0
L -316, 5, -134, -316, 40, -134, 0, 0, 0
L -316, 40, -134, -300, 40, -134, 0, 0, 0
L -300, 40, -134, -300, 10, -134, 0, 0, 0
L -300, 10, -134, -301, 10, -134, 0, 0, 0
L -301, 10, -134, -301, 7, -134, 0, 0, 0
L -301, 7, -134, -303, 7, -134, 0, 0, 0
L -303, 4, -134, -303, 7, -134, 0, 0, 0
L -303, 4, -134, -297, 4, -134, 0, 0, 0
L -297, 4, -134, -297, 7, -134, 0, 0, 0
L -298, 7, -134, -298, 9, -134, 0, 0, 0
L -297, 7, -134, -298, 7, -134, 0, 0, 0
L -298, 10, -134, -269, 10, -134, 0, 0, 0
L -267, 8, -134, -269, 10, -134, 0, 0, 0
L -267, 8, -134, -267, -39, -134, 0, 0, 0
L -267, -39, -124, -201, -39, -122, 0, 0, 0
L -201, -39, -88, -200, 20, -81, 0, 0, 0
L -298, -10, -134, -298, -12, -134, 0, 0, 0
L -298, -12, -134, -287, -12, -134, 0, 0, 0
L -287, -12, -132, -287, -54, -130, 0, 0, 0
L -287, -54, -127, -285, -56, -127, 0, 0, 0
L -285, -56, -127, -187, -57, -127, 0, 0, 0
L -187, -57, -99, -183, -53, -99, 0, 0, 0
L -183, 34, -81, -183, -53, -81, 0, 0, 0
L -340, 38, -134, -344, 38, -134, 0, 0, 0
L -344, 39, -134, -344, 38, -134, 0, 0, 0
L -344, 39, -134, -346, 39, -134, 0, 0, 0
L -346, 39, -134, -346, 40, -134, 0, 0, 0
L -346, 40, -134, -350, 40, -134, 0, 0, 0
L -350, 40, -134, -353, 37, -134, 0, 0, 0
L -353, 37, -134, -352, 37, -134, 0, 0, 0
L -352, 37, -134, -354, 35, -134, 0, 0, 0
L -354, 35, -134, -353, 34, -134, 0, 0, 0
L -353, 34, -134, -356, 31, -134, 0, 0, 0
L -356, 31, -134, -360, 35, -134, 0, 0, 0
L -360, 35, -134, -357, 38, -134, 0, 0, 0
L -357, 38, -134, -356, 37, -134, 0, 0, 0
L -356, 37, -134, -355, 38, -134, 0, 0, 0
L -355, 38, -134, -396, 80, -108, 0, 0, 0
L -395, 84, -105, -369, 111, -79, 0, 0, 0
L -369, 111, -79, -360, 120, -79, 0, 0, 0
L -359, 125, -79, -360, 120, -79, 0, 0, 0
L -359, 125, -79, -386, 151, -79, 0, 0, 0
L -386, 151, -79, -391, 151, -79, 0, 0, 0
L -391, 151, -79, -405, 137, -77, 0, 0, 0
L -405, 137, -77, -428, 114, -54, 0, 0, 0
L -432, 115, -54, -430, 117, -54, 0, 0, 0
L -430, 117, -54, -428, 114, -54, 0, 0, 0
L -444, 103, -54, -445, 102, -54, 0, 0, 0
L -445, 102, -54, -431, 88, -54, 0, 0, 0
L -431, 88, -54, -428, 88, -54, 0, 0, 0
L -428, 88, -54, -413, 103, -55, 0, 0, 0
L -413, 103, -55, -389, 126, -78, 0, 0, 0
L -389, 126, -79, -385, 123, -79, 0, 0, 0
L -385, 123, -81, -408, 101, -104, 0, 0, 0
L -408, 101, -104, -415, 94, -107, 0, 0, 0
L -415, 94, -107, -424, 84, -107, 0, 0, 0
L -424, 84, -107, -425, 79, -107, 0, 0, 0
L -425, 79, -107, -406, 59, -111, 0, 0, 0
L -406, 59, -111, -370, 23, -134, 0, 0, 0
L -396, 80, -107, -395, 84, -107, 0, 0, 0
L -367, 28, -134, -362, 24, -134, 0, 0, 0
L -362, 24, -134, -365, 22, -134, 0, 0, 0
L -366, 23, -134, -365, 22, -134, 0, 0, 0
L -366, 23, -134, -368, 20, -134, 0, 0, 0
L -368, 21, -134, -368, 20, -134, 0, 0, 0
L -368, 21, -134, -370, 20, -134, 0, 0, 0
L -370, 20, -134, -370, 11, -134, 0, 0, 0
L -370, 11, -134, -369, 11, -134, 0, 0, 0
L -369, 11, -134, -369, 8, -134, 0, 0, 0
L -369, 8, -134, -368, 8, -134, 0, 0, 0
L -368, 8, -134, -368, 4, -134, 0, 0, 0
L -368, 4, -134, -374, 4, -134, 0, 0, 0
L -374, 4, -134, -374, 8, -134, 0, 0, 0
L -374, 8, -134, -372, 8, -134, 0, 0, 0
L -372, 8, -134, -372, 10, -134, 0, 0, 0
L -372, 10, -134, -375, 10, -134, 0, 0, 0
L -375, 10, -134, -375, 27, -134, 0, 0, 0
L -375, 27, -134, -377, 28, -134, 0, 0, 0
L -377, 28, -134, -504, 28, -90, 0, 0, 0
L -504, 28, -90, -505, 27, -90, 0, 0, 0
L -505, 27, -90, -505, -21, -90, 0, 0, 0
L -505, -21, -90, -504, -22, -90, 0, 0, 0
L -483, 2, -90, -484, 7, -90, 0, 0, 0
L -484, 7, -96, -399, 7, -103, 0, 0, 0
L -399, 7, -134, -399, -8, -134, 0, 0, 0
L -399, -8, -134, -397, -10, -134, 0, 0, 0
L -397, -10, -134, -372, -10, -134, 0, 0, 0
L -372, -10, -134, -372, -9, -134, 0, 0, 0
L -369, 26, -134, -367, 28, -134, 0, 0, 0
L -368, 25, -134, -369, 26, -134, 0, 0, 0
L -368, 25, -134, -370, 23, -134, 0, 0, 0
L -360, -35, -134, -356, -30, -134, 0, 0, 0
L -356, -30, -134, -353, -33, -134, 0, 0, 0
L -353, -33, -134, -354, -34, -134, 0, 0, 0
L -354, -34, -134, -352, -36, -134, 0, 0, 0
L -352, -36, -134, -353, -37, -134, 0, 0, 0
L -353, -37, -134, -350, -40, -134, 0, 0, 0
L -350, -40, -134, -346, -40, -134, 0, 0, 0
L -346, -40, -134, -346, -38, -134, 0, 0, 0
L -346, -38, -134, -344, -38, -134, 0, 0, 0
L -344, -38, -134, -344, -37, -134, 0, 0, 0
L -344, -37, -134, -340, -37, -134, 0, 0, 0
L -340, -37, -134, -340, -43, -134, 0, 0, 0
L -340, -43, -134, -344, -43, -134, 0, 0, 0
L -344, -41, -134, -344, -43, -134, 0, 0, 0
L -344, -41, -134, -346, -41, -134, 0, 0, 0
L -346, -41, -134, -347, -123, -91, 0, 0, 0
L -347, -123, -91, -344, -123, -91, 0, 0, 0
L -344, -123, -91, -344, -121, -91, 0, 0, 0
L -344, -121, -91, -341, -121, -91, 0, 0, 0
L -341, -121, -91, -341, -127, -90, 0, 0, 0
L -341, -127, -91, -344, -127, -91, 0, 0, 0
L -344, -127, -91, -344, -126, -91, 0, 0, 0
L -344, -126, -91, -347, -126, -91, 0, 0, 0
L -347, -125, -91, -347, -126, -91, 0, 0, 0
L -347, -125, -91, -350, -125, -91, 0, 0, 0
L -350, -125, -91, -370, -145, -91, 0, 0, 0
L -370, -145, -91, -370, -175, -91, 0, 0, 0
L -370, -175, -91, -350, -195, -91, 0, 0, 0
L -350, -195, -91, -320, -195, -91, 0, 0, 0
L -320, -195, -91, -318, -193, -91, 0, 0, 0
L -327, -41, -134, -325, -41, -134, 0, 0, 0
L -325, -41, -134, -326, -123, -91, 0, 0, 0
L -326, -123, -91, -328, -123, -91, 0, 0, 0
L -328, -123, -91, -328, -121, -91, 0, 0, 0
L -328, -121, -91, -331, -121, -91, 0, 0, 0
L -331, -121, -91, -331, -127, -90, 0, 0, 0
L -331, -127, -91, -328, -127, -91, 0, 0, 0
L -328, -127, -91, -328, -126, -91, 0, 0, 0
L -328, -126, -91, -325, -126, -91, 0, 0, 0
L -325, -126, -91, -325, -125, -91, 0, 0, 0
L -325, -125, -91, -321, -125, -91, 0, 0, 0
L -321, -125, -91, -301, -145, -91, 0, 0, 0
L -301, -145, -91, -301, -175, -91, 0, 0, 0
L -301, -175, -91, -303, -177, -91, 0, 0, 0
L -367, -28, -134, -362, -24, -134, 0, 0, 0
L -362, -24, -134, -365, -21, -134, 0, 0, 0
L -365, -21, -134, -366, -22, -134, 0, 0, 0
L -366, -22, -134, -368, -20, -134, 0, 0, 0
L -368, -20, -134, -369, -21, -134, 0, 0, 0
L -369, -21, -134, -370, -20, -134, 0, 0, 0
L -370, -20, -134, -370, -12, -134, 0, 0, 0
L -370, -12, -134, -369, -12, -134, 0, 0, 0
L -369, -12, -134, -369, -9, -134, 0, 0, 0
L -369, -9, -134, -368, -9, -134, 0, 0, 0
L -368, -9, -134, -368, -5, -134, 0, 0, 0
L -368, -5, -134, -374, -5, -134, 0, 0, 0
L -374, -5, -134, -374, -9, -134, 0, 0, 0
L -372, -9, -134, -374, -9, -134, 0, 0, 0
L -327, -41, -134, -327, -43, -134, 0, 0, 0
L -327, -43, -134, -331, -43, -134, 0, 0, 0
L -331, -43, -134, -331, -37, -134, 0, 0, 0
L -331, -37, -134, -327, -37, -134, 0, 0, 0
L -327, -37, -134, -327, -38, -134, 0, 0, 0
L -327, -38, -134, -324, -38, -134, 0, 0, 0
L -324, -38, -134, -324, -40, -134, 0, 0, 0
L -324, -40, -134, -321, -40, -134, 0, 0, 0
L -321, -40, -134, -321, -6, -134, 0, 0, 0
L -321, -6, -134, -316, -6, -134, 0, 0, 0
L -316, -6, -134, -316, -40, -134, 0, 0, 0
L -316, -40, -134, -300, -40, -134, 0, 0, 0
L -300, -40, -134, -300, -12, -134, 0, 0, 0
L -300, -12, -134, -301, -12, -134, 0, 0, 0
L -301, -12, -134, -301, -10, -134, 0, 0, 0
L -301, -10, -134, -302, -10, -134, 0, 0, 0
L -302, -10, -134, -302, -6, -134, 0, 0, 0
L -302, -6, -134, -297, -6, -134, 0, 0, 0
L -297, -6, -134, -297, -10, -134, 0, 0, 0
L -298, -10, -134, -297, -10, -134, 0, 0, 0
L -318, -193, -91, -319, -192, -91, 0, 0, 0
L -319, -192, -91, -317, -190, -91, 0, 0, 0
L -317, -190, -91, -318, -189, -91, 0, 0, 0
L -318, -189, -91, -315, -187, -91, 0, 0, 0
L -309, -180, -91, -306, -177, -91, 0, 0, 0
L -306, -177, -91, -305, -178, -91, 0, 0, 0
L -305, -178, -91, -303, -176, -91, 0, 0, 0
L -303, -177, -91, -303, -176, -91, 0, 0, 0
