P -2063.6384, -133.6370, 151.0019,  255, 0, 255,  2,  Army_of_Light_HQ
P -1095.8041, 43.2749, 47.2219,  0, 0, 0,  2,  Tirabeth_Mergon
P -2512.6250, -197.3896, 207.2394,  0, 240, 0,  3,  Highpass
P -1428.1075, -1148.7975, 11.7847,  0, 240, 0,  3,  Rivervale
P 3112.1228, -877.3491, 13.9549,  0, 240, 0,  3,  The_Commonlands
P 1208.9635, -452.3557, -0.0169,  255, 0, 255,  2,  Innoruuk_Chosen
P 451.6931, 272.7774, 4.5710,  0, 0, 0,  1,  Ranger_corpse
P 1834.9788, -189.0762, -7.3233,  255, 0, 255,  2,  Deaths_Hand
P 1774.1469, -912.5598, -11.6165,  255, 0, 255,  2,  Felstorm_Marauder
P 2759.5918, -467.2077, -23.9579,  255, 0, 255,  2,  Army_of_Oblit._HQ
P 152.0213, 602.2086, -0.6935,  0, 0, 0,  1,  Ranger_corpse
P 2814.8835, 1158.9489, 2.4028,  255, 0, 255,  2,  Greyhawk
P -339.6010, -404.8135, -5.6398,  255, 0, 255,  2,  Highpass_Guards
P 1379.9586, -914.6190, -10.4366,  255, 0, 255,  2,  Darktide_Lancers
P 110.0428, -517.8746, 47.9837,  0, 0, 0,  1,  Kronelds_Chest
P 57.6385, -547.4213, 47.3693,  240, 0, 0,  2,  Tonn_Ermis
P -2174.5291, -129.9512, 152.5368,  0, 0, 240,  2,  Commander_Barvian_(Quests)
P -2103.4622, -23.2131, 152.5535,  0, 0, 240,  2,  Lord_Tephys_(Quests)
P -2087.2185, -24.8587, 152.5860,  0, 0, 240,  2,  Firiona_Vie_(Quests)
P -2079.1726, -48.8881, 152.5768,  0, 0, 240,  2,  Galeth_Verendeth
P -654.6927, -21.4668, 10.5801,  0, 0, 240,  2,  Armsmaster_Vohlen_(Quests)
P -661.2560, -13.6147, 10.5548,  0, 0, 240,  2,  Diennic_Lightheart_(Quests)
P -653.4034, 64.7252, 10.5669,  0, 0, 240,  2,  Thanuel_Mergon_(Quests)
P -637.1539, 92.3885, 10.5554,  0, 0, 240,  2,  Supplymaster_Kibrek_(Quests)
P 1363.9033, -902.5297, -7.4391,  240, 0, 0,  2,  Selranna_Ichoren
P 1780.6567, -870.4256, -6.3366,  240, 0, 0,  2,  Paltyn_S`Teth
P 1181.9698, -437.5004, 1.4481,  240, 0, 0,  2,  Arthak_V`Tyrin
P 1218.3479, -439.9784, 1.5749,  240, 0, 0,  2,  Adak_Kanarin
P 2145.3389, -1028.2990, -5.2397,  240, 0, 0,  2,  Saleb_(Quests)
P 2129.2451, -1083.8601, -4.6517,  240, 0, 0,  2,  Andylis_V`Shrei_(Quests)
P 2183.1350, -1077.3867, -4.0032,  240, 0, 0,  2,  Jarik_K`Ahndar_(Quests)
P 2565.9817, -605.3929, -5.3066,  0, 0, 240,  2,  Bordrik_Darkdelver
P 2556.4529, -595.3385, -5.2959,  0, 0, 240,  2,  Lyndra_Avenwood
P 2570.0134, -595.6065, -5.4540,  0, 0, 240,  2,  Fedder_Galwyn
P 2750.0735, -496.8739, -20.7836,  240, 0, 0,  2,  Laarthik_V`Shin_(Quests)
P 2789.9600, -480.1084, -20.7947,  240, 0, 0,  2,  Lanys_T`Vyl
P 2125.3755, 98.4389, -4.0445,  240, 0, 0,  2,  Aendra_Whiteflame
P 2116.2939, 67.2927, -4.0426,  240, 0, 0,  2,  Ralf_Uthmiert
P 1768.6899, -210.1820, 2.9680,  240, 0, 0,  2,  Taulus_Ailuraan
P 1737.7833, -221.0064, 2.9517,  240, 0, 0,  2,  Kielys_T`Vran
P 2855.8706, 1168.9855, 5.6361,  240, 0, 0,  2,  Traulaand_Augrith
P 2801.5847, 1153.5078, 3.5147,  240, 0, 0,  2,  Captain_Mdounis`_corpse
P 1552.8469, 485.9765, 3.6247,  240, 0, 0,  2,  Tithoun_Sevrek
P 1552.7841, 436.1336, 3.5589,  240, 0, 0,  2,  Malaurin_V`Kon
P 965.8303, 1111.9794, 13.3718,  0, 0, 0,  2,  Gavard_Belliden
P 760.6503, 863.9658, -7.0426,  240, 0, 0,  2,  Avatar_of_Aridane_Ubel
P 493.8625, 761.4511, -11.8489,  0, 0, 240,  2,  Banesman_Aalthene_(Quests)
P 519.3088, 845.7986, -9.2142,  0, 0, 240,  2,  Halana_Aalthene
P 78.2790, 711.1296, 5.2252,  0, 0, 240,  2,  Tyron_Porrindal
P -306.5329, 1036.2412, 7.5363,  0, 0, 240,  2,  Darvin_Oggleby
P -2114.0410, 744.7817, 154.0676,  0, 0, 0,  2,  Kroneld
P -2208.1863, 748.2651, 166.1001,  0, 0, 0,  2,  Ladon_Gendorin
P 857.4308, 540.4593, 84.2275,  0, 0, 0,  2,  Mitor_Errinthol
P 621.1536, -54.7991, 39.2330,  0, 0, 0,  2,  Scout_Zialdiruun
P 126.8670, -23.9512, 66.3887,  0, 0, 0,  2,  Scout_Talendien
P -454.1160, -357.4423, 0.3704,  0, 0, 240,  2,  Captain_Agresin
P -1517.5038, -1020.1113, 46.8579,  0, 240, 0,  3,  The_Void
P 140.2189, -1271.2053, 12.3708,  127, 0, 0,  3,  Assistant_Joseph_(Spells)
P 145.9646, -1274.6908, 10.7653,  127, 0, 0,  3,  Silla_Herald_(Faction_vendor)
P 1176.9563, -812.1250, -6.8219,  240, 0, 0,  3,  Widow_of_the_Woods_(Roaming)
P -691.5290, 727.0388, 52.3327,  0, 0, 240,  3,  Endell_Faeronbeck's_corpse
P 754.1216, 349.7030, -1.9087,  0, 0, 0,  2,  Ranger_corpse
P 368.3056, 836.2908, -8.9451,  255, 0, 255,  2,  Quenos_Gnollslayer
P 1160.9084, -76.5015, 82.1826,  240, 0, 0,  2,  Pyrrdan
P -1599.3865, 88.0215, 72.3884,  240, 240, 0,  3,  CAMP
P -1717.7296, 131.5096, 66.3094,  240, 240, 0,  3,  SW
P -1488.0028, 125.4120, 60.0777,  240, 240, 0,  3,  SE
P -1462.3647, -79.7710, 58.5965,  240, 240, 0,  3,  NE
P -1649.8958, -93.5966, 80.7279,  240, 240, 0,  3,  NW
P -2171.1401, 63.2057, 193.2254,  0, 0, 240,  2,  Warden_Avelyn
P -1097.9291, 886.3322, 0.5618,  240, 240, 0,  2,  Avenwood_House
P -174.7550, -154.7507, 2.0615,  240, 240, 0,  2,  Powder
P -71.6312, -233.3793, 2.0474,  240, 240, 0,  2,  Powder
P -139.6719, -260.7824, 0.5262,  240, 240, 0,  2,  Powder
P -201.9555, -174.0866, -0.7082,  240, 240, 0,  2,  Powder
P -206.6025, -54.5446, 0.1395,  240, 240, 0,  2,  Powder
P -198.2441, -129.9696, 0.4366,  240, 240, 0,  2,  Gedwin_Olshan's_Corpse
P -313.2968, -358.3836, -2.3382,  240, 240, 0,  2,  Old_Brewer's_House
P 2411.5195, -1336.2654, 2.1806,  240, 240, 0,  2,  Feerott_Longblade
P 2157.4805, -1096.1694, -4.2412,  240, 240, 0,  2,  Tarith's_Maul
P -667.3408, 28.2951, 17.8643,  240, 240, 0,  3,  Dragonheart
P 428.1643, 834.6644, -13.8751,  240, 240, 0,  3,  Gnollslayers
P 1524.8237, 464.2468, 2.7280,  240, 240, 0,  3,  Silverwing
