L 926, 248, -49, 919, 266, -47, 0, 0, 0
L 919, 266, -47, 904, 284, -49, 0, 0, 0
L 904, 284, -49, 894, 290, -51, 0, 0, 0
L 894, 290, -51, 863, 288, -53, 0, 0, 0
L 863, 288, -53, 813, 300, -53, 0, 0, 0
L 813, 300, -53, 787, 313, -41, 0, 0, 0
L 787, 313, -41, 763, 342, -36, 0, 0, 0
L 763, 342, -36, 752, 381, -35, 0, 0, 0
L 752, 381, -35, 749, 389, -34, 0, 0, 0
L 749, 389, -34, 738, 407, -46, 0, 0, 0
L 738, 407, -46, 728, 420, -45, 0, 0, 0
L 728, 420, -45, 714, 426, -37, 0, 0, 0
L 714, 426, -37, 705, 434, -40, 0, 0, 0
L 705, 434, -40, 699, 438, -49, 0, 0, 0
L 699, 438, -49, 675, 432, -47, 0, 0, 0
L 675, 432, -47, 647, 424, -46, 0, 0, 0
L 647, 424, -46, 627, 418, -49, 0, 0, 0
L 627, 418, -49, 617, 408, -40, 0, 0, 0
L 617, 408, -40, 610, 390, -26, 0, 0, 0
L 610, 390, -26, 597, 368, -24, 0, 0, 0
L 597, 368, -24, 591, 336, -27, 0, 0, 0
L 591, 336, -27, 577, 285, -40, 0, 0, 0
L 577, 285, -40, 565, 241, -33, 0, 0, 0
L 565, 241, -33, 534, 182, -18, 0, 0, 0
L 534, 182, -18, 530, 167, -8, 0, 0, 0
L 530, 167, -8, 516, 105, 4, 0, 0, 0
L 516, 105, 4, 507, 36, 8, 0, 0, 0
L 507, 36, 8, 506, 24, 5, 0, 0, 0
L 506, 24, 5, 509, 4, 1, 0, 0, 0
L 509, 4, 1, 547, -28, 4, 0, 0, 0
L 547, -28, 4, 573, -53, 10, 0, 0, 0
L 573, -53, 10, 573, -87, 4, 0, 0, 0
L 573, -87, 4, 556, -108, 11, 0, 0, 0
L 556, -108, 11, 540, -129, 6, 0, 0, 0
L 540, -129, 6, 534, -156, 4, 0, 0, 0
L 534, -156, 4, 526, -193, 9, 0, 0, 0
L 526, -193, 11, 495, -221, 6, 0, 0, 0
L 495, -221, 6, 477, -247, 3, 0, 0, 0
L 477, -247, 3, 462, -274, 4, 0, 0, 0
L 462, -274, 4, 442, -280, 3, 0, 0, 0
L 442, -280, 3, 434, -290, 7, 0, 0, 0
L 434, -290, 7, 433, -305, 10, 0, 0, 0
L 433, -305, 10, 442, -317, 17, 0, 0, 0
L 442, -317, 17, 465, -340, 24, 0, 0, 0
L 465, -340, 24, 460, -375, 12, 0, 0, 0
L 460, -375, 12, 426, -404, 14, 0, 0, 0
L 426, -404, 14, 410, -418, 19, 0, 0, 0
L 410, -418, 19, 398, -428, 12, 0, 0, 0
L 398, -428, 12, 392, -469, 12, 0, 0, 0
L 392, -469, 12, 370, -539, 6, 0, 0, 0
L 370, -539, 6, 365, -594, 5, 0, 0, 0
L 365, -594, 5, 360, -666, 0, 0, 0, 0
L 360, -666, 0, 357, -691, -8, 0, 0, 0
L 357, -691, -8, 363, -705, -12, 0, 0, 0
L 363, -705, -12, 423, -725, -22, 0, 0, 0
L 423, -725, -22, 467, -729, -9, 0, 0, 0
L 467, -729, -9, 507, -756, -17, 0, 0, 0
L 507, -756, -17, 519, -762, -12, 0, 0, 0
L 519, -762, -12, 544, -758, -20, 0, 0, 0
L 544, -758, -20, 584, -758, -10, 0, 0, 0
L 584, -758, -10, 587, -758, -7, 0, 0, 0
L 587, -758, -7, 592, -775, -26, 0, 0, 0
L 592, -775, -26, 605, -775, -23, 0, 0, 0
L 605, -775, -23, 635, -774, -28, 0, 0, 0
L 635, -774, -28, 651, -775, -30, 0, 0, 0
L 651, -775, -30, 661, -773, -29, 0, 0, 0
L 661, -773, -29, 680, -760, -28, 0, 0, 0
L 690, -777, -25, 676, -782, -27, 0, 0, 0
L 676, -782, -27, 661, -793, -28, 0, 0, 0
L 661, -793, -28, 641, -795, -29, 0, 0, 0
L 641, -795, -29, 615, -794, -26, 0, 0, 0
L 615, -794, -26, 602, -792, -28, 0, 0, 0
L 602, -792, -28, 587, -796, -26, 0, 0, 0
L 587, -796, -26, 583, -808, -22, 0, 0, 0
L 583, -808, -22, 569, -821, -16, 0, 0, 0
L 569, -821, -16, 542, -814, -14, 0, 0, 0
L 542, -814, -14, 505, -803, -8, 0, 0, 0
L 505, -803, -8, 471, -792, -11, 0, 0, 0
L 471, -792, -11, 431, -784, -12, 0, 0, 0
L 431, -784, -12, 381, -775, -22, 0, 0, 0
L 381, -775, -22, 351, -776, -20, 0, 0, 0
L 351, -776, -20, 318, -804, -4, 0, 0, 0
L 318, -804, -4, 294, -828, -10, 0, 0, 0
L 294, -828, -10, 282, -855, -4, 0, 0, 0
L 282, -855, -4, 277, -859, -4, 0, 0, 0
L 277, -859, -4, 265, -866, -2, 0, 0, 0
L 265, -866, -2, 243, -880, 5, 0, 0, 0
L 243, -880, 5, 218, -909, 17, 0, 0, 0
L 218, -909, 17, 204, -928, 25, 0, 0, 0
L 204, -928, 25, 187, -951, 6, 0, 0, 0
L 187, -951, 6, 178, -993, -2, 0, 0, 0
L 178, -993, -2, 190, -1022, -19, 0, 0, 0
L 190, -1022, -19, 235, -1050, -22, 0, 0, 0
L 235, -1050, -22, 249, -1057, -17, 0, 0, 0
L 249, -1057, -17, 292, -1066, -16, 0, 0, 0
L 292, -1066, -16, 309, -1070, -21, 0, 0, 0
L 309, -1070, -21, 324, -1074, -26, 0, 0, 0
L 324, -1074, -26, 369, -1087, -28, 0, 0, 0
L 369, -1087, -28, 372, -1099, -24, 0, 0, 0
L 372, -1099, -24, 381, -1129, -21, 0, 0, 0
L 381, -1129, -21, 396, -1173, -24, 0, 0, 0
L 396, -1173, -24, 416, -1188, -7, 0, 0, 0
L 416, -1188, -7, 428, -1198, -8, 0, 0, 0
L 428, -1198, -8, 446, -1204, -6, 0, 0, 0
L 446, -1204, -6, 449, -1216, -22, 0, 0, 0
L 449, -1216, -22, 489, -1233, -4, 0, 0, 0
L 489, -1233, -4, 516, -1251, -19, 0, 0, 0
L 516, -1251, -19, 543, -1275, -23, 0, 0, 0
L 543, -1275, -23, 573, -1303, -20, 0, 0, 0
L 573, -1303, -20, 603, -1330, -6, 0, 0, 0
L 603, -1330, -6, 587, -1359, -22, 0, 0, 0
L 587, -1359, -22, 548, -1388, -13, 0, 0, 0
L 548, -1388, -13, 508, -1385, -15, 0, 0, 0
L 508, -1385, -15, 479, -1384, -20, 0, 0, 0
L 479, -1384, -20, 454, -1398, -18, 0, 0, 0
L 454, -1398, -18, 415, -1424, -25, 0, 0, 0
L 415, -1424, -25, 375, -1448, -19, 0, 0, 0
L 375, -1448, -19, 332, -1473, -19, 0, 0, 0
L 332, -1473, -19, 285, -1476, -18, 0, 0, 0
L 285, -1476, -18, 256, -1465, -28, 0, 0, 0
L 256, -1465, -28, 216, -1451, -9, 0, 0, 0
L 216, -1451, -9, 206, -1425, -9, 0, 0, 0
L 206, -1425, -9, 183, -1375, -20, 0, 0, 0
L 183, -1375, -20, 140, -1338, -13, 0, 0, 0
L 140, -1338, -13, 123, -1315, -9, 0, 0, 0
L 123, -1315, -9, 123, -1298, -6, 0, 0, 0
L 123, -1298, -6, 134, -1245, -9, 0, 0, 0
L 134, -1245, -9, 118, -1217, -10, 0, 0, 0
L 118, -1217, -10, 85, -1193, -17, 0, 0, 0
L 85, -1193, -17, 61, -1190, -13, 0, 0, 0
L 61, -1190, -13, 11, -1178, -2, 0, 0, 0
L 11, -1178, -2, -31, -1156, -22, 0, 0, 0
L -31, -1156, -22, -65, -1160, -35, 0, 0, 0
L -65, -1160, -35, -93, -1170, -42, 0, 0, 0
L -93, -1170, -42, -108, -1175, -48, 0, 0, 0
L -108, -1175, -48, -133, -1200, -53, 0, 0, 0
L -133, -1200, -53, -153, -1227, -50, 0, 0, 0
L -153, -1227, -50, -186, -1248, -49, 0, 0, 0
L -186, -1248, -49, -204, -1256, -45, 0, 0, 0
L -204, -1256, -45, -250, -1264, -44, 0, 0, 0
L -250, -1264, -44, -286, -1250, -46, 0, 0, 0
L -286, -1250, -51, -287, -1218, -45, 0, 0, 0
L -287, -1218, -45, -284, -1193, -49, 0, 0, 0
L -284, -1193, -49, -283, -1174, -50, 0, 0, 0
L -283, -1174, -50, -314, -1131, -58, 0, 0, 0
L -314, -1131, -58, -327, -1136, -51, 0, 0, 0
L -327, -1136, -51, -343, -1140, -46, 0, 0, 0
L -343, -1140, -46, -379, -1154, -37, 0, 0, 0
L -379, -1154, -37, -421, -1181, -20, 0, 0, 0
L -421, -1181, -20, -472, -1199, -7, 0, 0, 0
L -472, -1199, -7, -492, -1216, 0, 0, 0, 0
L -492, -1216, 0, -480, -1236, 3, 0, 0, 0
L -480, -1236, 3, -463, -1247, 6, 0, 0, 0
L -463, -1247, 6, -449, -1251, 5, 0, 0, 0
L -449, -1251, 5, -407, -1235, 4, 0, 0, 0
L -407, -1235, 4, -384, -1225, 6, 0, 0, 0
L -384, -1225, 6, -369, -1217, 8, 0, 0, 0
L -369, -1217, 8, -358, -1213, 9, 0, 0, 0
L -358, -1213, 9, -348, -1218, 11, 0, 0, 0
L -348, -1218, 11, -357, -1247, 5, 0, 0, 0
L -357, -1247, 5, -358, -1273, 14, 0, 0, 0
L -358, -1273, 14, -370, -1305, 6, 0, 0, 0
L -370, -1305, 6, -395, -1335, 10, 0, 0, 0
L -395, -1335, 10, -434, -1370, 8, 0, 0, 0
L -434, -1370, 8, -445, -1380, 10, 0, 0, 0
L -445, -1380, 10, -452, -1387, 8, 0, 0, 0
L -452, -1387, 8, -452, -1414, 10, 0, 0, 0
L -452, -1414, 10, -448, -1437, 7, 0, 0, 0
L -448, -1437, 7, -438, -1463, 9, 0, 0, 0
L -438, -1463, 9, -423, -1497, 15, 0, 0, 0
L -423, -1497, 15, -419, -1505, 24, 0, 0, 0
L -419, -1505, 24, -408, -1522, 9, 0, 0, 0
L -408, -1522, 9, -406, -1536, 9, 0, 0, 0
L -406, -1536, 9, -413, -1546, 14, 0, 0, 0
L -413, -1546, 14, -418, -1580, 11, 0, 0, 0
L -418, -1580, 11, -415, -1595, 10, 0, 0, 0
L -415, -1595, 10, -406, -1641, 12, 0, 0, 0
L -406, -1641, 12, -385, -1676, 11, 0, 0, 0
L -385, -1676, 11, -344, -1709, 11, 0, 0, 0
L -344, -1709, 11, -324, -1719, 8, 0, 0, 0
L -324, -1719, 8, -332, -1744, 1, 0, 0, 0
L -332, -1744, 1, -332, -1745, 1, 0, 0, 0
L -332, -1745, 1, -336, -1765, 4, 0, 0, 0
L -336, -1765, 4, -343, -1770, 9, 0, 0, 0
L -345, -1769, 9, -362, -1764, 9, 0, 0, 0
L -362, -1764, 9, -378, -1757, 9, 0, 0, 0
L -378, -1757, 9, -406, -1739, 10, 0, 0, 0
L -406, -1739, 10, -429, -1723, 10, 0, 0, 0
L -429, -1723, 10, -435, -1718, 12, 0, 0, 0
L -435, -1718, 12, -452, -1694, 13, 0, 0, 0
L -452, -1694, 13, -472, -1644, 10, 0, 0, 0
L -472, -1644, 10, -482, -1605, 13, 0, 0, 0
L -482, -1605, 13, -484, -1579, 11, 0, 0, 0
L -484, -1579, 11, -488, -1555, 13, 0, 0, 0
L -488, -1555, 13, -501, -1521, 16, 0, 0, 0
L -501, -1521, 16, -509, -1493, 5, 0, 0, 0
L -509, -1493, 5, -519, -1482, 7, 0, 0, 0
L -519, -1482, 7, -536, -1469, 11, 0, 0, 0
L -536, -1469, 11, -562, -1449, 9, 0, 0, 0
L -562, -1449, 9, -618, -1405, 9, 0, 0, 0
L -618, -1405, 9, -644, -1389, 4, 0, 0, 0
L -644, -1389, 4, -680, -1373, 5, 0, 0, 0
L -680, -1373, 5, -716, -1359, 6, 0, 0, 0
L -716, -1359, 6, -754, -1352, 4, 0, 0, 0
L -754, -1352, 4, -786, -1346, 8, 0, 0, 0
L -786, -1346, 8, -809, -1327, 2, 0, 0, 0
L -809, -1327, 2, -815, -1319, 6, 0, 0, 0
L -815, -1319, 6, -809, -1287, 1, 0, 0, 0
L -809, -1287, 1, -801, -1253, 8, 0, 0, 0
L -801, -1253, 8, -779, -1229, 5, 0, 0, 0
L -779, -1229, 5, -751, -1198, 23, 0, 0, 0
L -751, -1198, 23, -730, -1179, 7, 0, 0, 0
L -730, -1179, 7, -724, -1168, 8, 0, 0, 0
L -724, -1168, 8, -725, -1139, 3, 0, 0, 0
L -725, -1139, 3, -729, -1121, -2, 0, 0, 0
L -729, -1121, -2, -738, -1106, -7, 0, 0, 0
L -738, -1106, -7, -757, -1105, -15, 0, 0, 0
L -757, -1105, -15, -779, -1113, -26, 0, 0, 0
L -779, -1113, -26, -849, -1177, -31, 0, 0, 0
L -849, -1177, -31, -868, -1195, -25, 0, 0, 0
L -868, -1195, -25, -903, -1240, -30, 0, 0, 0
L -903, -1240, -30, -931, -1290, -27, 0, 0, 0
L -924, -1278, -28, -931, -1289, -27, 0, 0, 0
L -931, -1290, -27, -938, -1298, -29, 0, 0, 0
L -938, -1298, -29, -972, -1342, -29, 0, 0, 0
L -972, -1342, -29, -978, -1349, -25, 0, 0, 0
L -978, -1349, -25, -988, -1362, -30, 0, 0, 0
L -988, -1362, -30, -1005, -1383, -30, 0, 0, 0
L -1005, -1383, -30, -1017, -1387, -26, 0, 0, 0
L -1017, -1387, -26, -1032, -1387, -22, 0, 0, 0
L -1032, -1387, -22, -1054, -1387, -24, 0, 0, 0
L -1054, -1387, -24, -1071, -1389, -31, 0, 0, 0
L -1071, -1389, -31, -1081, -1407, -13, 0, 0, 0
L -1081, -1407, -13, -1093, -1425, -15, 0, 0, 0
L -1093, -1425, -15, -1112, -1454, -24, 0, 0, 0
L -1112, -1454, -24, -1129, -1494, -31, 0, 0, 0
L -1129, -1494, -31, -1140, -1531, -31, 0, 0, 0
L -1140, -1531, -31, -1149, -1563, -19, 0, 0, 0
L -1149, -1563, -19, -1156, -1582, 3, 0, 0, 0
L -1156, -1582, 3, -1171, -1576, 1, 0, 0, 0
L -1171, -1576, 1, -1191, -1568, 3, 0, 0, 0
L -1191, -1568, 3, -1196, -1556, -6, 0, 0, 0
L -1196, -1556, -6, -1198, -1550, -12, 0, 0, 0
L -1198, -1550, -12, -1212, -1539, -19, 0, 0, 0
L -1212, -1539, -19, -1232, -1530, -13, 0, 0, 0
L -1232, -1530, -13, -1261, -1518, -22, 0, 0, 0
L -1261, -1518, -22, -1294, -1508, -22, 0, 0, 0
L -1294, -1508, -22, -1324, -1496, -20, 0, 0, 0
L -1324, -1496, -20, -1343, -1474, 1, 0, 0, 0
L -1343, -1474, 1, -1355, -1441, -0, 0, 0, 0
L -1355, -1441, -0, -1377, -1426, 4, 0, 0, 0
L -1377, -1426, 4, -1423, -1411, 5, 0, 0, 0
L -1423, -1411, 5, -1461, -1398, 6, 0, 0, 0
L -1461, -1398, 6, -1482, -1386, 13, 0, 0, 0
L -1482, -1386, 13, -1490, -1380, 4, 0, 0, 0
L -1490, -1380, 4, -1508, -1395, 6, 0, 0, 0
L -1508, -1395, 6, -1515, -1408, 9, 0, 0, 0
L -1515, -1408, 9, -1524, -1440, 5, 0, 0, 0
L -1524, -1440, 5, -1538, -1463, 14, 0, 0, 0
L -1538, -1463, 14, -1549, -1481, 16, 0, 0, 0
L -1549, -1481, 16, -1552, -1492, 12, 0, 0, 0
L -1552, -1492, 12, -1551, -1506, 9, 0, 0, 0
L -1551, -1506, 9, -1538, -1520, 16, 0, 0, 0
L -1538, -1520, 16, -1531, -1544, 9, 0, 0, 0
L -1531, -1544, 9, -1553, -1570, 5, 0, 0, 0
L -1553, -1570, 5, -1578, -1600, 12, 0, 0, 0
L -1578, -1600, 12, -1590, -1611, 10, 0, 0, 0
L -1590, -1611, 10, -1613, -1612, 13, 0, 0, 0
L -1613, -1612, 13, -1665, -1616, 14, 0, 0, 0
L -1665, -1616, 14, -1710, -1617, 4, 0, 0, 0
L -1710, -1617, 4, -1745, -1616, 0, 0, 0, 0
L -1745, -1616, 0, -1771, -1600, 9, 0, 0, 0
L -1771, -1600, 9, -1779, -1562, 7, 0, 0, 0
L -1779, -1562, 7, -1780, -1546, 14, 0, 0, 0
L -1780, -1546, 14, -1781, -1533, 13, 0, 0, 0
L -1781, -1533, 13, -1789, -1525, 15, 0, 0, 0
L -1789, -1525, 15, -1798, -1513, 7, 0, 0, 0
L -1798, -1513, 7, -1822, -1509, 7, 0, 0, 0
L -1822, -1509, 7, -1855, -1506, 10, 0, 0, 0
L -1855, -1506, 10, -1892, -1485, 10, 0, 0, 0
L -1892, -1485, 10, -1917, -1472, 11, 0, 0, 0
L -1917, -1472, 11, -1920, -1432, 3, 0, 0, 0
L -1920, -1432, 3, -1924, -1393, 11, 0, 0, 0
L -1924, -1393, 11, -1925, -1347, 11, 0, 0, 0
L -1925, -1347, 11, -1909, -1310, 11, 0, 0, 0
L -1909, -1310, 11, -1889, -1299, 12, 0, 0, 0
L -1889, -1299, 12, -1839, -1288, 14, 0, 0, 0
L -1839, -1288, 14, -1830, -1287, 14, 0, 0, 0
L -1830, -1287, 14, -1824, -1279, 16, 0, 0, 0
L -1824, -1279, 16, -1817, -1264, 15, 0, 0, 0
L -1817, -1264, 15, -1818, -1256, 14, 0, 0, 0
L -1818, -1256, 14, -1830, -1221, 3, 0, 0, 0
L -1830, -1221, 3, -1844, -1182, 9, 0, 0, 0
L -1844, -1182, 9, -1858, -1145, 3, 0, 0, 0
L -1858, -1145, 3, -1871, -1110, 1, 0, 0, 0
L -1871, -1110, 1, -1876, -1098, 3, 0, 0, 0
L -1876, -1098, 3, -1856, -1070, 4, 0, 0, 0
L -1856, -1070, 4, -1842, -1063, 8, 0, 0, 0
L -1842, -1063, 8, -1807, -1062, 7, 0, 0, 0
L -1807, -1062, 7, -1769, -1061, -1, 0, 0, 0
L -1769, -1061, -1, -1722, -1048, -8, 0, 0, 0
L -1722, -1048, -8, -1697, -1042, -10, 0, 0, 0
L -1697, -1042, -10, -1682, -1037, -20, 0, 0, 0
L -1682, -1037, -20, -1665, -1004, -22, 0, 0, 0
L -1665, -1004, -22, -1655, -1000, -24, 0, 0, 0
L -1655, -1000, -24, -1607, -976, -23, 0, 0, 0
L -1607, -976, -23, -1580, -956, -11, 0, 0, 0
L -1580, -956, -11, -1556, -937, -11, 0, 0, 0
L -1556, -937, -11, -1542, -914, -20, 0, 0, 0
L -1542, -914, -20, -1540, -901, -18, 0, 0, 0
L -1540, -901, -18, -1556, -880, -21, 0, 0, 0
L -1556, -880, -21, -1579, -874, -16, 0, 0, 0
L -1579, -874, -16, -1633, -879, -31, 0, 0, 0
L -1633, -879, -31, -1666, -891, -0, 0, 0, 0
L -1666, -891, -0, -1702, -879, -20, 0, 0, 0
L -1702, -879, -20, -1743, -881, -2, 0, 0, 0
L -1743, -881, -2, -1771, -871, -6, 0, 0, 0
L -1771, -871, -6, -1788, -863, -3, 0, 0, 0
L -1788, -863, -3, -1778, -842, -14, 0, 0, 0
L -1778, -842, -14, -1774, -823, -15, 0, 0, 0
L -1774, -823, -15, -1776, -809, -7, 0, 0, 0
L -1776, -809, -7, -1779, -792, -15, 0, 0, 0
L -1779, -792, -15, -1782, -774, -15, 0, 0, 0
L -1782, -774, -15, -1785, -758, -19, 0, 0, 0
L -1785, -758, -19, -1787, -738, -17, 0, 0, 0
L -1787, -738, -17, -1790, -725, -18, 0, 0, 0
L -1790, -725, -18, -1792, -713, -24, 0, 0, 0
L -1792, -713, -24, -1801, -698, -24, 0, 0, 0
L -1801, -698, -24, -1817, -679, -29, 0, 0, 0
L -1817, -679, -29, -1836, -655, -27, 0, 0, 0
L -1836, -655, -27, -1842, -637, -25, 0, 0, 0
L -1842, -637, -25, -1838, -618, -30, 0, 0, 0
L -1838, -618, -30, -1832, -595, -28, 0, 0, 0
L -1832, -595, -28, -1812, -581, -26, 0, 0, 0
L -1812, -581, -26, -1780, -570, -24, 0, 0, 0
L -1780, -570, -24, -1743, -550, -23, 0, 0, 0
L -1743, -550, -23, -1707, -529, -24, 0, 0, 0
L -1707, -529, -24, -1675, -520, -25, 0, 0, 0
L -1675, -520, -25, -1629, -508, -21, 0, 0, 0
L -1629, -508, -21, -1595, -499, -11, 0, 0, 0
L -1595, -499, -11, -1574, -494, -20, 0, 0, 0
L -1574, -494, -20, -1535, -494, -21, 0, 0, 0
L -1535, -494, -21, -1474, -495, -11, 0, 0, 0
L -1474, -495, -11, -1421, -497, -12, 0, 0, 0
L -1421, -497, -12, -1393, -493, -24, 0, 0, 0
L -1393, -493, -24, -1361, -477, -26, 0, 0, 0
L -1361, -477, -26, -1333, -474, -22, 0, 0, 0
L -1333, -474, -22, -1304, -478, -16, 0, 0, 0
L -1304, -478, -16, -1282, -482, -18, 0, 0, 0
L -1282, -482, -18, -1250, -487, -28, 0, 0, 0
L -1250, -487, -28, -1228, -489, -29, 0, 0, 0
L -1228, -489, -29, -1215, -486, -30, 0, 0, 0
L -1215, -486, -30, -1199, -472, -29, 0, 0, 0
L -1199, -472, -29, -1187, -467, -28, 0, 0, 0
L -1187, -467, -28, -1165, -478, -27, 0, 0, 0
L -1165, -478, -27, -1141, -479, -30, 0, 0, 0
L -1141, -479, -30, -1136, -480, -31, 0, 0, 0
L -1136, -480, -31, -1115, -459, -31, 0, 0, 0
L -1115, -459, -31, -1105, -448, -30, 0, 0, 0
L -1105, -448, -30, -1095, -420, -31, 0, 0, 0
L -1095, -420, -31, -1084, -396, -31, 0, 0, 0
L -1084, -396, -31, -1078, -389, -29, 0, 0, 0
L -1078, -389, -29, -1077, -386, -25, 0, 0, 0
L -1077, -386, -25, -1079, -377, -19, 0, 0, 0
L -1079, -377, -19, -1092, -362, -13, 0, 0, 0
L -1092, -362, -13, -1091, -344, -20, 0, 0, 0
L -1091, -344, -20, -1093, -317, -13, 0, 0, 0
L -1093, -317, -13, -1085, -302, -3, 0, 0, 0
L -1085, -302, -3, -1080, -286, -7, 0, 0, 0
L -1080, -286, -7, -1080, -268, -9, 0, 0, 0
L -1080, -268, -9, -1086, -253, -3, 0, 0, 0
L -1086, -253, -3, -1099, -238, 3, 0, 0, 0
L -1099, -238, 3, -1114, -219, 4, 0, 0, 0
L -1114, -219, 4, -1129, -200, 14, 0, 0, 0
L -1129, -200, 14, -1136, -187, 12, 0, 0, 0
L -1136, -187, 12, -1133, -173, 3, 0, 0, 0
L -1133, -173, 3, -1235, -172, -28, 0, 0, 0
L -1235, -172, -28, -1248, -178, -30, 0, 0, 0
L -1248, -178, -30, -1247, -223, -30, 0, 0, 0
L -1247, -223, -30, -1240, -224, -30, 0, 0, 0
L -1240, -224, -30, -1235, -225, -30, 0, 0, 0
L -1235, -225, -30, -1230, -229, -30, 0, 0, 0
L -1230, -229, -30, -1228, -235, -30, 0, 0, 0
L -1228, -235, -30, -1228, -239, -30, 0, 0, 0
L -1228, -239, -30, -1231, -246, -30, 0, 0, 0
L -1231, -246, -30, -1236, -250, -30, 0, 0, 0
L -1236, -250, -30, -1243, -251, -30, 0, 0, 0
L -1243, -251, -30, -1245, -250, -30, 0, 0, 0
L -1245, -250, -30, -1250, -248, -30, 0, 0, 0
L -1250, -248, -30, -1254, -242, -30, 0, 0, 0
L -1254, -242, -30, -1255, -234, -30, 0, 0, 0
L -1255, -234, -30, -1256, -232, -30, 0, 0, 0
L -1256, -232, -30, -1269, -231, -30, 0, 0, 0
L -1269, -231, -30, -1315, -231, -30, 0, 0, 0
L -1315, -231, -30, -1318, -234, -30, 0, 0, 0
L -1318, -234, -30, -1316, -250, -20, 0, 0, 0
L -1336, -251, -21, -1335, -235, -29, 0, 0, 0
L -1335, -235, -29, -1335, -232, -30, 0, 0, 0
L -1335, -232, -30, -1335, -231, -30, 0, 0, 0
L -1335, -231, -30, -1407, -232, -30, 0, 0, 0
L -1407, -232, -30, -1408, -234, -30, 0, 0, 0
L -1408, -234, -30, -1408, -239, -30, 0, 0, 0
L -1408, -239, -30, -1411, -245, -30, 0, 0, 0
L -1411, -245, -30, -1411, -247, -30, 0, 0, 0
L -1411, -247, -30, -1413, -248, -30, 0, 0, 0
L -1413, -248, -30, -1420, -251, -30, 0, 0, 0
L -1420, -251, -30, -1426, -250, -30, 0, 0, 0
L -1426, -250, -30, -1430, -248, -30, 0, 0, 0
L -1430, -248, -30, -1434, -243, -30, 0, 0, 0
L -1434, -243, -30, -1435, -237, -30, 0, 0, 0
L -1435, -237, -30, -1435, -233, -30, 0, 0, 0
L -1435, -233, -30, -1432, -229, -30, 0, 0, 0
L -1432, -229, -30, -1427, -224, -30, 0, 0, 0
L -1427, -224, -30, -1419, -223, -30, 0, 0, 0
L -1419, -223, -30, -1407, -223, -30, 0, 0, 0
L -1407, -223, -30, -1405, -221, -30, 0, 0, 0
L -1405, -221, -30, -1405, -94, -30, 0, 0, 0
L -1405, -94, -30, -1292, -94, -30, 0, 0, 0
L -1292, -94, -30, -1285, -93, -30, 0, 0, 0
L -1285, -93, -30, -1286, -78, -25, 0, 0, 0
L -1286, -78, -25, -1286, -48, -7, 0, 0, 0
L -1286, -48, -7, -1286, -46, -7, 0, 0, 0
L -1286, -46, -7, -1292, -44, -6, 0, 0, 0
L -1292, -44, -6, -1302, -43, 3, 0, 0, 0
L -1302, -43, 3, -1311, -43, 4, 0, 0, 0
L -1311, -43, 4, -1314, -43, 4, 0, 0, 0
L -1314, -43, 4, -1315, -45, 4, 0, 0, 0
L -1315, -45, 4, -1316, -46, 4, 0, 0, 0
L -1316, -46, 4, -1315, -53, 4, 0, 0, 0
L -1315, -53, 4, -1316, -90, 0, 0, 0, 0
L -1316, -90, 0, -1316, -93, 0, 0, 0, 0
L -1316, -93, 0, -1314, -94, 0, 0, 0, 0
L -1314, -94, 0, -1310, -94, 0, 0, 0, 0
L -1310, -94, 0, -1309, -112, 0, 0, 0, 0
L -1309, -112, 0, -1354, -111, 0, 0, 0, 0
L -1354, -111, 0, -1355, -95, 0, 0, 0, 0
L -1355, -95, 0, -1354, -94, 0, 0, 0, 0
L -1354, -94, 0, -1338, -94, 0, 0, 0, 0
L -1338, -94, 0, -1336, -87, 1, 0, 0, 0
L -1336, -87, 1, -1335, -24, 4, 0, 0, 0
L -1335, -24, 4, -1267, -24, -7, 0, 0, 0
L -1267, -24, -7, -1267, -81, -28, 0, 0, 0
L -1267, -81, -28, -1261, -94, -30, 0, 0, 0
L -1261, -94, -30, -1248, -94, -30, 0, 0, 0
L -1248, -94, -30, -1248, -147, -30, 0, 0, 0
L -1248, -147, -30, -1235, -153, -28, 0, 0, 0
L -1235, -153, -28, -1147, -153, 4, 0, 0, 0
L -1147, -153, 4, -1140, -153, 4, 0, 0, 0
L -1140, -153, 4, -1134, -151, 3, 0, 0, 0
L -1134, -151, 3, -1130, -137, 13, 0, 0, 0
L -1129, -137, 13, -1120, -120, 25, 0, 0, 0
L -1120, -120, 25, -1099, -117, 13, 0, 0, 0
L -1099, -117, 12, -1080, -121, 11, 0, 0, 0
L -1080, -121, 11, -1072, -138, 22, 0, 0, 0
L -1072, -138, 22, -1072, -161, 10, 0, 0, 0
L -1072, -161, 10, -1075, -177, 13, 0, 0, 0
L -1075, -177, 13, -1083, -202, -4, 0, 0, 0
L -1083, -202, -4, -1068, -206, -8, 0, 0, 0
L -1068, -206, -8, -1045, -202, -12, 0, 0, 0
L -1045, -202, -12, -1030, -192, -17, 0, 0, 0
L -1030, -192, -17, -1022, -186, -21, 0, 0, 0
L -1022, -186, -21, -1022, -167, -18, 0, 0, 0
L -1234, -224, -20, -1218, -224, -20, 0, 0, 0
L -1218, -224, -20, -1218, -271, -20, 0, 0, 0
L -1218, -271, -20, -1445, -271, -20, 0, 0, 0
L -1445, -271, -20, -1445, -224, -20, 0, 0, 0
L -1445, -224, -20, -1428, -224, -20, 0, 0, 0
L -1022, -167, -18, -1018, -148, -21, 0, 0, 0
L -1018, -148, -21, -1012, -123, -19, 0, 0, 0
L -1012, -123, -19, -1002, -93, -21, 0, 0, 0
L -1002, -93, -21, -982, -67, -31, 0, 0, 0
L -982, -67, -31, -969, -49, -23, 0, 0, 0
L -969, -49, -23, -948, -29, -20, 0, 0, 0
L -948, -29, -20, -938, -19, -15, 0, 0, 0
L -938, -19, -15, -918, -29, -13, 0, 0, 0
L -918, -29, -13, -899, -37, -18, 0, 0, 0
L -899, -37, -18, -875, -37, -12, 0, 0, 0
L -875, -37, -12, -851, -37, -31, 0, 0, 0
L -851, -37, -31, -837, -12, -15, 0, 0, 0
L -837, -12, -15, -820, 13, -12, 0, 0, 0
L -820, 13, -12, -795, 51, -10, 0, 0, 0
L -795, 51, -10, -776, 80, -14, 0, 0, 0
L -776, 80, -14, -749, 113, -22, 0, 0, 0
L -749, 113, -22, -712, 153, -25, 0, 0, 0
L -712, 153, -25, -699, 179, -22, 0, 0, 0
L -699, 179, -22, -687, 201, -14, 0, 0, 0
L -687, 201, -14, -670, 232, -17, 0, 0, 0
L -670, 232, -17, -681, 279, -29, 0, 0, 0
L -681, 279, -29, -691, 306, -21, 0, 0, 0
L -691, 306, -21, -706, 345, -26, 0, 0, 0
L -706, 345, -26, -723, 387, -26, 0, 0, 0
L -723, 387, -26, -738, 430, -24, 0, 0, 0
L -738, 430, -24, -738, 461, -23, 0, 0, 0
L -738, 461, -23, -735, 497, -30, 0, 0, 0
L -735, 497, -30, -727, 517, -21, 0, 0, 0
L -727, 517, -21, -694, 589, -4, 0, 0, 0
L -694, 589, -4, -674, 634, -3, 0, 0, 0
L -674, 634, -3, -654, 667, 1, 0, 0, 0
L -654, 667, 1, -609, 743, 12, 0, 0, 0
L -609, 743, 12, -581, 760, 10, 0, 0, 0
L -581, 760, 10, -541, 754, 5, 0, 0, 0
L -541, 754, 5, -502, 748, 6, 0, 0, 0
L -502, 748, 6, -492, 747, 4, 0, 0, 0
L -492, 747, 4, -502, 730, -1, 0, 0, 0
L -502, 730, -1, -510, 715, 5, 0, 0, 0
L -510, 715, 5, -524, 700, 3, 0, 0, 0
L -524, 700, 3, -522, 684, -0, 0, 0, 0
L -522, 684, -0, -515, 674, -0, 0, 0, 0
L -515, 674, -0, -510, 670, -0, 0, 0, 0
L -510, 670, -0, -502, 659, -0, 0, 0, 0
L -502, 659, -0, -501, 656, 4, 0, 0, 0
L -501, 656, 4, -509, 649, 4, 0, 0, 0
L -509, 649, 4, -511, 643, 4, 0, 0, 0
L -511, 643, 4, -510, 636, 1, 0, 0, 0
L -510, 636, 1, -508, 630, 3, 0, 0, 0
L -508, 630, 3, -501, 608, 1, 0, 0, 0
L -501, 608, 1, -501, 591, 0, 0, 0, 0
L -501, 591, 0, -504, 576, -4, 0, 0, 0
L -504, 576, -4, -507, 557, -4, 0, 0, 0
L -548, 545, -2, -534, 569, -5, 0, 0, 0
L -534, 569, -5, -529, 581, -2, 0, 0, 0
L -529, 581, -2, -535, 612, -0, 0, 0, 0
L -535, 612, -0, -544, 622, 1, 0, 0, 0
L -544, 622, 1, -554, 622, 5, 0, 0, 0
L -554, 622, 5, -559, 639, -0, 0, 0, 0
L -559, 639, -0, -569, 646, -0, 0, 0, 0
L -569, 646, -0, -570, 654, -0, 0, 0, 0
L -570, 654, -0, -572, 667, -0, 0, 0, 0
L -572, 667, -0, -584, 671, -0, 0, 0, 0
L -584, 671, -0, -601, 671, 0, 0, 0, 0
L -601, 671, 0, -605, 645, 4, 0, 0, 0
L -605, 645, 4, -626, 616, -8, 0, 0, 0
L -626, 616, -8, -660, 567, -24, 0, 0, 0
L -660, 567, -24, -689, 524, -23, 0, 0, 0
L -689, 524, -23, -698, 508, -13, 0, 0, 0
L -698, 508, -13, -706, 495, -10, 0, 0, 0
L -706, 495, -10, -712, 456, -22, 0, 0, 0
L -712, 456, -22, -704, 421, -23, 0, 0, 0
L -704, 421, -23, -683, 403, -10, 0, 0, 0
L -683, 403, -10, -659, 377, -15, 0, 0, 0
L -659, 377, -15, -633, 362, -27, 0, 0, 0
L -633, 362, -27, -608, 346, -16, 0, 0, 0
L -608, 346, -16, -595, 309, -17, 0, 0, 0
L -595, 309, -17, -566, 283, 2, 0, 0, 0
L -566, 283, 2, -538, 279, 20, 0, 0, 0
L -538, 279, 20, -521, 277, 27, 0, 0, 0
L -521, 277, 27, -474, 268, -0, 0, 0, 0
L -474, 268, -0, -432, 266, -9, 0, 0, 0
L -432, 266, -9, -363, 314, -18, 0, 0, 0
L -363, 314, -18, -336, 322, -24, 0, 0, 0
L -336, 322, -24, -287, 312, -22, 0, 0, 0
L -287, 312, -22, -242, 282, -21, 0, 0, 0
L -242, 282, -21, -219, 275, -16, 0, 0, 0
L -219, 275, -16, -193, 296, -28, 0, 0, 0
L -193, 296, -28, -174, 320, -15, 0, 0, 0
L -174, 320, -15, -144, 358, -14, 0, 0, 0
L -144, 358, -14, -105, 395, -5, 0, 0, 0
L -105, 395, -5, -81, 397, -3, 0, 0, 0
L -81, 397, -3, -45, 373, -5, 0, 0, 0
L -45, 373, -5, -16, 347, -10, 0, 0, 0
L -16, 347, -10, -0, 309, -14, 0, 0, 0
L -0, 309, -14, 6, 250, -14, 0, 0, 0
L 6, 250, -8, 27, 208, -9, 0, 0, 0
L 27, 208, -9, 55, 179, -10, 0, 0, 0
L 55, 179, -10, 89, 144, -6, 0, 0, 0
L 89, 144, -6, 110, 123, 3, 0, 0, 0
L 110, 123, 3, 145, 89, 15, 0, 0, 0
L 145, 89, 15, 175, 68, 15, 0, 0, 0
L 175, 68, 15, 207, 59, 3, 0, 0, 0
L 207, 59, 3, 238, 73, 8, 0, 0, 0
L 238, 73, 8, 258, 99, 13, 0, 0, 0
L 258, 99, 13, 273, 134, 4, 0, 0, 0
L 273, 134, 4, 280, 175, 1, 0, 0, 0
L 280, 175, 1, 294, 204, 5, 0, 0, 0
L 294, 204, 5, 326, 218, 12, 0, 0, 0
L 326, 218, 12, 382, 225, 16, 0, 0, 0
L 382, 225, 16, 400, 228, 9, 0, 0, 0
L 400, 228, 9, 451, 266, -5, 0, 0, 0
L 451, 266, -5, 487, 294, -34, 0, 0, 0
L 487, 294, -34, 502, 327, -38, 0, 0, 0
L 502, 327, -38, 524, 365, -49, 0, 0, 0
L 524, 365, -49, 541, 402, -41, 0, 0, 0
L 541, 402, -41, 572, 443, -39, 0, 0, 0
L 572, 443, -39, 600, 459, -47, 0, 0, 0
L 600, 459, -47, 628, 459, -51, 0, 0, 0
L 628, 459, -51, 674, 458, -51, 0, 0, 0
L 674, 458, -51, 711, 469, -48, 0, 0, 0
L 711, 469, -48, 736, 473, -49, 0, 0, 0
L 736, 473, -49, 775, 449, -52, 0, 0, 0
L 775, 449, -52, 799, 431, -50, 0, 0, 0
L 799, 431, -50, 808, 403, -45, 0, 0, 0
L 808, 403, -45, 788, 380, -53, 0, 0, 0
L 788, 380, -53, 788, 368, -51, 0, 0, 0
L 788, 368, -51, 794, 348, -50, 0, 0, 0
L 794, 348, -50, 811, 330, -51, 0, 0, 0
L 811, 330, -51, 835, 321, -54, 0, 0, 0
L 835, 321, -54, 871, 313, -52, 0, 0, 0
L 871, 313, -52, 892, 312, -51, 0, 0, 0
L 892, 312, -51, 911, 312, -50, 0, 0, 0
L 911, 312, -50, 935, 287, -47, 0, 0, 0
L 935, 287, -47, 945, 261, -47, 0, 0, 0
L 945, 261, -47, 950, 250, -40, 0, 0, 0
L -375, 219, -33, -387, 197, -35, 240, 0, 0
L -387, 197, -35, -392, 193, -35, 240, 0, 0
L -392, 193, -32, -537, 153, -35, 240, 0, 0
L -537, 153, -35, -554, 149, -34, 240, 0, 0
L -554, 149, -34, -615, 117, -32, 240, 0, 0
L -615, 117, -32, -646, 102, -34, 240, 0, 0
L -646, 102, -34, -701, 49, -33, 240, 0, 0
L -701, 49, -33, -728, 18, -30, 240, 0, 0
L -728, 18, -30, -786, -41, -35, 240, 0, 0
L -786, -41, -35, -801, -66, -35, 240, 0, 0
L -801, -66, -35, -826, -87, -32, 240, 0, 0
L -826, -87, -32, -853, -102, -34, 240, 0, 0
L -853, -102, -34, -905, -105, -31, 240, 0, 0
L -905, -105, -31, -910, -108, -31, 240, 0, 0
L -910, -108, -31, -928, -146, -33, 240, 0, 0
L -928, -146, -33, -947, -185, -36, 240, 0, 0
L -947, -185, -36, -947, -195, -35, 240, 0, 0
L -947, -195, -35, -941, -219, -35, 240, 0, 0
L -941, -219, -35, -946, -230, -35, 240, 0, 0
L -946, -230, -35, -949, -233, -35, 240, 0, 0
L -949, -233, -35, -961, -260, -35, 240, 0, 0
L -961, -260, -35, -975, -271, -35, 240, 0, 0
L -975, -271, -35, -991, -291, -35, 240, 0, 0
L -991, -291, -35, -1018, -309, -35, 240, 0, 0
L -1018, -309, -35, -1023, -315, -33, 240, 0, 0
L -1023, -315, -33, -1023, -346, -31, 240, 0, 0
L -1023, -346, -31, -1029, -379, -31, 240, 0, 0
L -1029, -379, -31, -1023, -442, -36, 240, 0, 0
L -1023, -442, -36, -1021, -482, -36, 240, 0, 0
L -1021, -482, -36, -1033, -508, -35, 240, 0, 0
L -1033, -508, -35, -1067, -553, -36, 240, 0, 0
L -1067, -553, -36, -1115, -589, -34, 240, 0, 0
L -1115, -589, -34, -1160, -606, -33, 240, 0, 0
L -1160, -606, -33, -1203, -602, -32, 240, 0, 0
L -1203, -602, -32, -1248, -593, -33, 240, 0, 0
L -1248, -593, -33, -1287, -605, -33, 240, 0, 0
L -1287, -605, -33, -1353, -629, -34, 240, 0, 0
L -1353, -629, -34, -1385, -628, -33, 240, 0, 0
L -1385, -628, -33, -1421, -617, -31, 240, 0, 0
L -1421, -617, -31, -1538, -618, -34, 240, 0, 0
L -1538, -618, -34, -1600, -620, -34, 240, 0, 0
L -1600, -620, -34, -1653, -635, -35, 240, 0, 0
L -1653, -635, -35, -1683, -641, -33, 240, 0, 0
L -1683, -641, -33, -1711, -663, -32, 240, 0, 0
L -1711, -663, -32, -1725, -687, -36, 240, 0, 0
L -1725, -687, -36, -1743, -694, -34, 240, 0, 0
L -1743, -694, -34, -1773, -678, -31, 240, 0, 0
L -1773, -678, -31, -1794, -655, -33, 240, 0, 0
L -1794, -655, -33, -1794, -631, -33, 240, 0, 0
L -1794, -631, -33, -1785, -615, -31, 240, 0, 0
L -1785, -615, -31, -1766, -608, -32, 240, 0, 0
L -1766, -608, -32, -1717, -600, -34, 240, 0, 0
L -1717, -600, -34, -1690, -589, -31, 240, 0, 0
L -1690, -589, -31, -1616, -567, -33, 240, 0, 0
L -1616, -567, -33, -1567, -563, -36, 240, 0, 0
L -1567, -563, -36, -1503, -562, -35, 240, 0, 0
L -1503, -562, -35, -1439, -566, -35, 240, 0, 0
L -1439, -566, -35, -1340, -549, -33, 240, 0, 0
L -1340, -549, -33, -1300, -540, -34, 240, 0, 0
L -1300, -540, -34, -1185, -543, -34, 240, 0, 0
L -1185, -543, -34, -1134, -540, -35, 240, 0, 0
L -1134, -540, -35, -1123, -520, -34, 240, 0, 0
L -1123, -520, -34, -1085, -481, -33, 240, 0, 0
L -1085, -481, -33, -1069, -425, -32, 240, 0, 0
L -1069, -425, -32, -1066, -360, -36, 240, 0, 0
L -1066, -360, -36, -1064, -332, -34, 240, 0, 0
L -1064, -332, -34, -1039, -272, -33, 240, 0, 0
L -1039, -272, -33, -995, -191, -31, 240, 0, 0
L -995, -191, -33, -984, -160, -35, 240, 0, 0
L -984, -160, -35, -958, -113, -36, 240, 0, 0
L -958, -113, -36, -935, -80, -35, 240, 0, 0
L -935, -80, -35, -897, -69, -34, 240, 0, 0
L -897, -69, -34, -852, -59, -34, 240, 0, 0
L -852, -59, -34, -817, -25, -33, 240, 0, 0
L -817, -25, -33, -777, 33, -35, 240, 0, 0
L -777, 33, -35, -753, 59, -36, 240, 0, 0
L -753, 59, -36, -745, 66, -31, 240, 0, 0
L -745, 66, -31, -726, 116, -35, 240, 0, 0
L -726, 116, -35, -713, 142, -36, 240, 0, 0
L -713, 142, -36, -693, 162, -35, 240, 0, 0
L -693, 162, -35, -637, 188, -33, 240, 0, 0
L -637, 188, -33, -620, 199, -35, 240, 0, 0
L -620, 199, -35, -583, 215, -35, 240, 0, 0
L -583, 215, -35, -522, 215, -34, 240, 0, 0
L -522, 215, -34, -494, 213, -35, 240, 0, 0
L -494, 213, -35, -435, 231, -34, 240, 0, 0
L -435, 231, -34, -417, 238, -34, 240, 0, 0
L -417, 238, -34, -400, 239, -36, 240, 0, 0
L -400, 239, -36, -375, 219, -33, 240, 0, 0
L -294, 203, -17, -303, 205, -17, 0, 0, 0
L -303, 205, -17, -322, 191, -21, 0, 0, 0
L -322, 191, -21, -334, 162, -21, 0, 0, 0
L -334, 162, -21, -342, 141, -14, 0, 0, 0
L -342, 141, -14, -353, 116, -17, 0, 0, 0
L -353, 116, -17, -367, 107, -20, 0, 0, 0
L -367, 107, -20, -401, 98, -18, 0, 0, 0
L -401, 98, -18, -464, 74, -21, 0, 0, 0
L -464, 74, -21, -526, 51, -10, 0, 0, 0
L -526, 51, -10, -597, 25, -12, 0, 0, 0
L -597, 25, -12, -658, 18, 0, 0, 0, 0
L -658, 18, 0, -676, 27, -8, 0, 0, 0
L -676, 27, -8, -685, 33, -14, 0, 0, 0
L -685, 33, -14, -706, 23, -13, 0, 0, 0
L -706, 23, -13, -725, -2, -19, 0, 0, 0
L -725, -2, -19, -756, -40, -17, 0, 0, 0
L -756, -40, -17, -780, -70, -23, 0, 0, 0
L -780, -70, -23, -809, -102, -26, 0, 0, 0
L -809, -102, -26, -843, -140, -23, 0, 0, 0
L -843, -140, -23, -870, -166, -22, 0, 0, 0
L -870, -166, -22, -887, -178, -20, 0, 0, 0
L -887, -178, -20, -897, -185, -18, 0, 0, 0
L -897, -185, -18, -900, -207, -21, 0, 0, 0
L -900, -207, -21, -884, -236, -21, 0, 0, 0
L -884, -236, -21, -876, -257, -20, 0, 0, 0
L -876, -257, -20, -893, -280, -28, 0, 0, 0
L -893, -280, -28, -917, -294, -19, 0, 0, 0
L -917, -294, -19, -951, -309, -29, 0, 0, 0
L -951, -309, -29, -972, -326, -26, 0, 0, 0
L -972, -326, -26, -993, -337, -16, 0, 0, 0
L -993, -337, -16, -1007, -353, -18, 0, 0, 0
L -1007, -353, -18, -1004, -378, -19, 0, 0, 0
L -1004, -378, -19, -989, -393, -21, 0, 0, 0
L -989, -393, -21, -970, -417, -26, 0, 0, 0
L -970, -417, -26, -961, -438, -19, 0, 0, 0
L -961, -438, -19, -948, -473, -20, 0, 0, 0
L -948, -473, -20, -941, -505, -21, 0, 0, 0
L -941, -505, -21, -942, -528, -19, 0, 0, 0
L -942, -528, -19, -938, -541, -17, 0, 0, 0
L -938, -541, -17, -917, -569, -24, 0, 0, 0
L -917, -569, -24, -887, -594, -18, 0, 0, 0
L -887, -594, -18, -875, -599, -13, 0, 0, 0
L -875, -599, -13, -858, -589, -1, 0, 0, 0
L -858, -589, -1, -843, -580, 3, 0, 0, 0
L -843, -580, 3, -824, -570, 4, 0, 0, 0
L -824, -570, 4, -803, -580, 4, 0, 0, 0
L -803, -580, 4, -773, -595, -0, 0, 0, 0
L -773, -595, -0, -744, -608, 2, 0, 0, 0
L -744, -608, 2, -709, -619, 4, 0, 0, 0
L -709, -619, 4, -704, -640, 1, 0, 0, 0
L -704, -640, 1, -708, -683, -0, 0, 0, 0
L -708, -683, -0, -721, -705, -3, 0, 0, 0
L -721, -705, -3, -747, -739, -13, 0, 0, 0
L -747, -739, -13, -755, -759, -21, 0, 0, 0
L -755, -759, -21, -754, -775, -24, 0, 0, 0
L -754, -775, -24, -743, -798, -26, 0, 0, 0
L -743, -798, -26, -720, -815, -31, 0, 0, 0
L -720, -815, -31, -719, -839, -27, 0, 0, 0
L -719, -839, -27, -720, -862, -21, 0, 0, 0
L -720, -862, -21, -709, -881, -25, 0, 0, 0
L -709, -881, -25, -681, -914, -24, 0, 0, 0
L -681, -914, -24, -659, -925, -27, 0, 0, 0
L -659, -925, -27, -642, -926, -28, 0, 0, 0
L -642, -926, -28, -628, -911, -29, 0, 0, 0
L -628, -911, -29, -620, -908, -25, 0, 0, 0
L -620, -908, -25, -596, -898, -23, 0, 0, 0
L -596, -898, -23, -581, -882, -21, 0, 0, 0
L -581, -882, -21, -569, -850, -19, 0, 0, 0
L -569, -850, -19, -570, -828, -20, 0, 0, 0
L -570, -828, -20, -591, -821, -22, 0, 0, 0
L -591, -821, -22, -610, -823, -21, 0, 0, 0
L -610, -823, -21, -626, -794, -23, 0, 0, 0
L -626, -794, -23, -636, -723, -22, 0, 0, 0
L -636, -723, -22, -635, -689, -9, 0, 0, 0
L -635, -689, -9, -637, -656, 4, 0, 0, 0
L -637, -656, 4, -619, -583, -31, 0, 0, 0
L -619, -583, -31, -648, -547, -18, 0, 0, 0
L -648, -547, -18, -666, -531, -19, 0, 0, 0
L -666, -531, -19, -686, -519, -23, 0, 0, 0
L -686, -519, -23, -723, -497, -24, 0, 0, 0
L -723, -497, -24, -751, -494, -25, 0, 0, 0
L -751, -494, -25, -775, -484, -26, 0, 0, 0
L -775, -484, -26, -793, -467, -27, 0, 0, 0
L -793, -467, -27, -835, -419, -27, 0, 0, 0
L -835, -419, -27, -869, -362, -20, 0, 0, 0
L -869, -362, -20, -845, -342, -16, 0, 0, 0
L -845, -342, -16, -830, -330, -22, 0, 0, 0
L -830, -330, -22, -805, -301, -21, 0, 0, 0
L -805, -301, -21, -796, -280, -29, 0, 0, 0
L -796, -280, -29, -788, -260, -29, 0, 0, 0
L -788, -260, -29, -746, -202, -25, 0, 0, 0
L -746, -202, -25, -733, -183, -22, 0, 0, 0
L -733, -183, -22, -709, -172, -15, 0, 0, 0
L -709, -172, -15, -687, -166, -24, 0, 0, 0
L -687, -166, -24, -668, -149, -23, 0, 0, 0
L -668, -149, -23, -655, -122, -9, 0, 0, 0
L -655, -122, -9, -647, -109, -23, 0, 0, 0
L -647, -109, -23, -632, -93, -27, 0, 0, 0
L -632, -93, -27, -611, -101, -17, 0, 0, 0
L -611, -101, -17, -598, -103, -13, 0, 0, 0
L -598, -103, -13, -561, -88, -15, 0, 0, 0
L -561, -88, -15, -543, -75, -20, 0, 0, 0
L -543, -75, -20, -524, -60, -24, 0, 0, 0
L -524, -60, -24, -479, -29, -23, 0, 0, 0
L -479, -29, -23, -427, -16, -27, 0, 0, 0
L -427, -16, -27, -394, -7, -23, 0, 0, 0
L -394, -7, -23, -376, 2, -20, 0, 0, 0
L -376, 2, -20, -335, 19, -28, 0, 0, 0
L -335, 19, -28, -266, 50, -13, 0, 0, 0
L -266, 50, -13, -253, 23, -21, 0, 0, 0
L -253, 23, -21, -228, 4, -25, 0, 0, 0
L -228, 4, -25, -193, -2, -21, 0, 0, 0
L -193, -2, -21, -171, -23, -18, 0, 0, 0
L -171, -23, -18, -149, -51, -25, 0, 0, 0
L -149, -51, -25, -120, -72, -29, 0, 0, 0
L -120, -72, -29, -98, -78, -27, 0, 0, 0
L -98, -78, -27, -70, -78, -25, 0, 0, 0
L -70, -78, -25, -45, -90, -13, 0, 0, 0
L -45, -90, -13, -11, -81, -0, 0, 0, 0
L -11, -81, -0, 10, -71, 7, 0, 0, 0
L 10, -71, 7, 23, -53, 11, 0, 0, 0
L 23, -53, 11, 30, 8, 6, 0, 0, 0
L 30, 8, 6, 31, 45, 4, 0, 0, 0
L 31, 45, 4, 25, 67, 7, 0, 0, 0
L 25, 67, 7, -1, 113, -3, 0, 0, 0
L -1, 113, -3, -17, 133, -7, 0, 0, 0
L -17, 133, -7, -39, 149, -16, 0, 0, 0
L -39, 149, -16, -61, 149, -20, 0, 0, 0
L -61, 149, -20, -86, 124, -21, 0, 0, 0
L -86, 124, -21, -97, 123, -24, 0, 0, 0
L -97, 123, -24, -117, 129, -23, 0, 0, 0
L -117, 129, -23, -147, 142, -22, 0, 0, 0
L -147, 142, -22, -191, 160, -30, 0, 0, 0
L -191, 160, -30, -214, 174, -21, 0, 0, 0
L -214, 174, -21, -251, 191, -21, 0, 0, 0
L -251, 191, -21, -275, 200, -19, 0, 0, 0
L -275, 200, -19, -294, 203, -17, 0, 0, 0
L -917, -233, -31, -1048, -233, -27, 0, 0, 0
L -1050, -256, -30, -919, -258, -30, 0, 0, 0
L -578, 101, -30, -630, 253, -31, 0, 0, 0
L -606, 262, -31, -549, 112, -29, 0, 0, 0
L -1539, -651, -30, -1543, -526, -31, 0, 0, 0
L -1563, -527, -31, -1564, -648, -31, 0, 0, 0
L -1489, -686, -21, -1549, -680, -20, 0, 0, 0
L -1549, -680, -20, -1590, -675, -25, 0, 0, 0
L -1590, -675, -25, -1613, -665, -29, 0, 0, 0
L -1613, -665, -29, -1628, -667, -29, 0, 0, 0
L -1628, -667, -29, -1639, -689, -27, 0, 0, 0
L -1639, -689, -27, -1653, -719, -23, 0, 0, 0
L -1653, -719, -23, -1674, -746, -19, 0, 0, 0
L -1674, -746, -19, -1683, -752, -14, 0, 0, 0
L -1683, -752, -14, -1704, -780, -13, 0, 0, 0
L -1704, -780, -13, -1712, -792, -8, 0, 0, 0
L -1712, -792, -8, -1724, -816, -20, 0, 0, 0
L -1724, -816, -20, -1728, -827, -30, 0, 0, 0
L -1728, -827, -30, -1721, -834, -21, 0, 0, 0
L -1721, -834, -21, -1702, -847, -27, 0, 0, 0
L -1702, -847, -27, -1674, -853, -24, 0, 0, 0
L -1674, -853, -24, -1638, -849, -17, 0, 0, 0
L -1638, -849, -17, -1594, -838, -20, 0, 0, 0
L -1594, -838, -20, -1570, -832, -18, 0, 0, 0
L -1570, -832, -18, -1563, -830, -22, 0, 0, 0
L -1563, -830, -22, -1519, -830, -28, 0, 0, 0
L -1519, -830, -28, -1502, -849, -25, 0, 0, 0
L -1502, -849, -25, -1480, -866, -18, 0, 0, 0
L -1480, -866, -18, -1456, -863, -18, 0, 0, 0
L -1456, -863, -18, -1432, -849, -14, 0, 0, 0
L -1432, -849, -14, -1413, -839, -15, 0, 0, 0
L -1413, -839, -15, -1386, -829, -22, 0, 0, 0
L -1386, -829, -22, -1365, -824, -25, 0, 0, 0
L -1365, -824, -25, -1330, -821, -27, 0, 0, 0
L -1330, -821, -27, -1303, -793, -17, 0, 0, 0
L -1303, -793, -17, -1314, -761, -10, 0, 0, 0
L -1314, -761, -10, -1332, -746, -12, 0, 0, 0
L -1332, -746, -12, -1343, -736, -15, 0, 0, 0
L -1343, -736, -15, -1369, -722, -16, 0, 0, 0
L -1369, -722, -16, -1391, -711, -11, 0, 0, 0
L -1391, -711, -11, -1432, -697, -17, 0, 0, 0
L -1432, -697, -17, -1489, -686, -21, 0, 0, 0
L -1276, -765, -11, -1279, -800, -24, 0, 0, 0
L -1279, -800, -24, -1288, -842, -30, 0, 0, 0
L -1288, -842, -30, -1296, -855, -32, 0, 0, 0
L -1296, -855, -32, -1341, -867, -29, 0, 0, 0
L -1341, -867, -29, -1352, -865, -28, 0, 0, 0
L -1352, -865, -28, -1373, -866, -17, 0, 0, 0
L -1373, -866, -17, -1407, -868, -15, 0, 0, 0
L -1407, -868, -15, -1424, -879, -11, 0, 0, 0
L -1424, -879, -11, -1458, -904, -23, 0, 0, 0
L -1458, -904, -23, -1477, -935, -25, 0, 0, 0
L -1477, -935, -25, -1493, -975, -26, 0, 0, 0
L -1493, -975, -26, -1513, -1015, -24, 0, 0, 0
L -1513, -1015, -24, -1546, -1072, -23, 0, 0, 0
L -1546, -1072, -23, -1540, -1115, -13, 0, 0, 0
L -1540, -1115, -13, -1535, -1159, -4, 0, 0, 0
L -1535, -1159, -4, -1533, -1194, 4, 0, 0, 0
L -1533, -1194, 4, -1507, -1205, 6, 0, 0, 0
L -1507, -1205, 6, -1473, -1204, 5, 0, 0, 0
L -1473, -1204, 5, -1455, -1220, 1, 0, 0, 0
L -1455, -1220, 1, -1448, -1248, 4, 0, 0, 0
L -1448, -1248, 4, -1440, -1280, 1, 0, 0, 0
L -1440, -1280, 1, -1428, -1282, 1, 0, 0, 0
L -1428, -1282, 1, -1406, -1253, 2, 0, 0, 0
L -1406, -1253, 2, -1378, -1225, -9, 0, 0, 0
L -1378, -1225, -9, -1356, -1212, -14, 0, 0, 0
L -1356, -1212, -14, -1346, -1207, -19, 0, 0, 0
L -1346, -1207, -19, -1337, -1202, -23, 0, 0, 0
L -1337, -1202, -23, -1334, -1181, -19, 0, 0, 0
L -1334, -1181, -19, -1317, -1179, -22, 0, 0, 0
L -1317, -1179, -22, -1304, -1182, -23, 0, 0, 0
L -1304, -1182, -23, -1282, -1195, -26, 0, 0, 0
L -1282, -1195, -26, -1273, -1193, -23, 0, 0, 0
L -1273, -1193, -23, -1258, -1183, -24, 0, 0, 0
L -1258, -1183, -24, -1247, -1181, -26, 0, 0, 0
L -1247, -1181, -26, -1208, -1176, -22, 0, 0, 0
L -1208, -1176, -22, -1187, -1173, -26, 0, 0, 0
L -1187, -1173, -26, -1159, -1156, -28, 0, 0, 0
L -1159, -1156, -28, -1106, -1134, -25, 0, 0, 0
L -1106, -1134, -25, -1087, -1125, -24, 0, 0, 0
L -1087, -1125, -24, -1069, -1106, -22, 0, 0, 0
L -1069, -1106, -22, -1061, -1079, -25, 0, 0, 0
L -1061, -1079, -25, -1056, -1052, -25, 0, 0, 0
L -1056, -1052, -25, -1049, -1022, -23, 0, 0, 0
L -1049, -1022, -23, -1040, -1009, -22, 0, 0, 0
L -1040, -1009, -22, -1022, -1005, -17, 0, 0, 0
L -1022, -1005, -17, -993, -1016, -18, 0, 0, 0
L -993, -1016, -18, -961, -1012, -19, 0, 0, 0
L -961, -1012, -19, -929, -1004, -23, 0, 0, 0
L -929, -1004, -23, -926, -988, -19, 0, 0, 0
L -926, -988, -19, -934, -963, -17, 0, 0, 0
L -934, -963, -17, -944, -928, -21, 0, 0, 0
L -944, -928, -21, -943, -914, -22, 0, 0, 0
L -943, -914, -22, -924, -905, -16, 0, 0, 0
L -924, -905, -16, -897, -903, -17, 0, 0, 0
L -897, -903, -17, -884, -899, -13, 0, 0, 0
L -884, -899, -13, -874, -888, -18, 0, 0, 0
L -874, -888, -18, -865, -869, -17, 0, 0, 0
L -865, -869, -17, -862, -829, -22, 0, 0, 0
L -862, -829, -22, -859, -790, -24, 0, 0, 0
L -859, -790, -24, -853, -767, -15, 0, 0, 0
L -853, -767, -15, -829, -741, -16, 0, 0, 0
L -829, -741, -16, -817, -722, -10, 0, 0, 0
L -817, -722, -10, -816, -704, -13, 0, 0, 0
L -816, -704, -13, -827, -685, 1, 0, 0, 0
L -827, -685, 1, -845, -663, 4, 0, 0, 0
L -845, -663, 4, -858, -651, 5, 0, 0, 0
L -858, -651, 5, -895, -628, -16, 0, 0, 0
L -895, -628, -16, -921, -620, -19, 0, 0, 0
L -921, -620, -19, -948, -622, -20, 0, 0, 0
L -948, -622, -20, -988, -629, -21, 0, 0, 0
L -988, -629, -21, -1017, -642, -28, 0, 0, 0
L -1017, -642, -28, -1046, -647, -25, 0, 0, 0
L -1046, -647, -25, -1070, -633, -25, 0, 0, 0
L -1070, -633, -25, -1090, -621, -28, 0, 0, 0
L -1090, -621, -28, -1108, -618, -27, 0, 0, 0
L -1108, -618, -27, -1129, -641, -30, 0, 0, 0
L -1129, -641, -30, -1164, -653, -16, 0, 0, 0
L -1164, -653, -16, -1195, -646, -20, 0, 0, 0
L -1195, -646, -20, -1226, -648, -25, 0, 0, 0
L -1226, -648, -25, -1250, -664, -26, 0, 0, 0
L -1250, -664, -26, -1273, -667, -24, 0, 0, 0
L -1273, -667, -24, -1282, -669, -24, 0, 0, 0
L -1282, -669, -24, -1294, -693, -22, 0, 0, 0
L -1294, -693, -22, -1297, -708, -15, 0, 0, 0
L -1297, -708, -15, -1296, -728, -13, 0, 0, 0
L -1296, -728, -13, -1283, -751, -11, 0, 0, 0
L -1283, -751, -11, -1276, -765, -12, 0, 0, 0
L -1699, -1102, -10, -1735, -1094, -9, 0, 0, 0
L -1735, -1094, -9, -1758, -1097, -5, 0, 0, 0
L -1758, -1097, -5, -1786, -1104, 4, 0, 0, 0
L -1786, -1104, 4, -1810, -1102, 9, 0, 0, 0
L -1810, -1102, 9, -1820, -1101, 5, 0, 0, 0
L -1820, -1101, 5, -1832, -1125, 6, 0, 0, 0
L -1832, -1125, 6, -1816, -1157, 14, 0, 0, 0
L -1816, -1157, 14, -1794, -1201, 15, 0, 0, 0
L -1794, -1201, 15, -1783, -1228, 9, 0, 0, 0
L -1783, -1228, 9, -1772, -1235, 9, 0, 0, 0
L -1772, -1235, 9, -1757, -1241, 5, 0, 0, 0
L -1757, -1241, 5, -1743, -1240, 1, 0, 0, 0
L -1743, -1240, 1, -1733, -1225, 3, 0, 0, 0
L -1733, -1225, 2, -1749, -1207, 3, 0, 0, 0
L -1749, -1207, 3, -1757, -1192, 9, 0, 0, 0
L -1757, -1192, 9, -1747, -1170, 2, 0, 0, 0
L -1747, -1170, 2, -1732, -1153, -1, 0, 0, 0
L -1732, -1153, -1, -1707, -1133, -6, 0, 0, 0
L -1707, -1133, -6, -1700, -1123, -5, 0, 0, 0
L -1700, -1123, -5, -1695, -1113, -12, 0, 0, 0
L -1695, -1113, -12, -1699, -1102, -7, 0, 0, 0
L -1641, -1123, -10, -1659, -1141, -11, 0, 0, 0
L -1659, -1141, -11, -1673, -1148, -9, 0, 0, 0
L -1673, -1148, -9, -1688, -1156, -6, 0, 0, 0
L -1688, -1156, -6, -1703, -1163, 1, 0, 0, 0
L -1703, -1163, 1, -1717, -1172, -0, 0, 0, 0
L -1717, -1172, -0, -1722, -1181, 2, 0, 0, 0
L -1722, -1181, 2, -1720, -1197, 2, 0, 0, 0
L -1720, -1197, 2, -1715, -1221, 8, 0, 0, 0
L -1715, -1221, 8, -1721, -1249, 2, 0, 0, 0
L -1721, -1249, 2, -1729, -1254, 4, 0, 0, 0
L -1729, -1254, 4, -1744, -1263, 13, 0, 0, 0
L -1744, -1263, 13, -1751, -1269, 13, 0, 0, 0
L -1751, -1269, 13, -1758, -1278, 9, 0, 0, 0
L -1758, -1278, 9, -1762, -1284, 5, 0, 0, 0
L -1762, -1284, 5, -1756, -1294, 11, 0, 0, 0
L -1756, -1294, 11, -1750, -1302, 11, 0, 0, 0
L -1750, -1302, 11, -1736, -1301, 12, 0, 0, 0
L -1736, -1301, 12, -1726, -1301, 9, 0, 0, 0
L -1726, -1301, 9, -1674, -1308, 10, 0, 0, 0
L -1674, -1308, 10, -1651, -1300, 9, 0, 0, 0
L -1651, -1300, 9, -1625, -1291, 10, 0, 0, 0
L -1625, -1291, 10, -1602, -1268, 14, 0, 0, 0
L -1602, -1268, 14, -1591, -1253, 16, 0, 0, 0
L -1591, -1253, 16, -1578, -1228, 4, 0, 0, 0
L -1578, -1228, 4, -1577, -1200, 3, 0, 0, 0
L -1577, -1200, 3, -1569, -1176, -4, 0, 0, 0
L -1569, -1176, -4, -1570, -1136, -14, 0, 0, 0
L -1570, -1136, -14, -1572, -1099, -23, 0, 0, 0
L -1572, -1099, -23, -1586, -1067, -28, 0, 0, 0
L -1586, -1067, -28, -1602, -1064, -30, 0, 0, 0
L -1602, -1064, -30, -1610, -1070, -29, 0, 0, 0
L -1610, -1070, -29, -1616, -1083, -23, 0, 0, 0
L -1616, -1083, -23, -1636, -1115, -11, 0, 0, 0
L -1636, -1115, -11, -1641, -1123, -10, 0, 0, 0
L -1704, -1378, -2, -1682, -1382, -3, 0, 0, 240
L -1682, -1382, -3, -1661, -1394, -3, 0, 0, 240
L -1661, -1394, -3, -1651, -1410, -4, 0, 0, 240
L -1651, -1410, -4, -1649, -1447, -3, 0, 0, 240
L -1649, -1447, -3, -1656, -1464, -3, 0, 0, 240
L -1656, -1464, -3, -1670, -1475, -3, 0, 0, 240
L -1670, -1475, -3, -1705, -1480, -2, 0, 0, 240
L -1705, -1480, -2, -1728, -1472, -3, 0, 0, 240
L -1728, -1472, -3, -1748, -1453, -3, 0, 0, 240
L -1748, -1453, -3, -1761, -1446, -3, 0, 0, 240
L -1761, -1446, -3, -1781, -1445, -3, 0, 0, 240
L -1781, -1445, -3, -1801, -1433, -3, 0, 0, 240
L -1801, -1433, -3, -1825, -1437, -3, 0, 0, 240
L -1825, -1437, -3, -1839, -1437, -3, 0, 0, 240
L -1839, -1437, -3, -1853, -1424, -3, 0, 0, 240
L -1853, -1424, -3, -1856, -1400, -1, 0, 0, 240
L -1856, -1400, -1, -1850, -1380, -3, 0, 0, 240
L -1850, -1380, -3, -1831, -1369, -3, 0, 0, 240
L -1831, -1369, -3, -1816, -1363, -3, 0, 0, 240
L -1816, -1363, -3, -1789, -1367, -1, 0, 0, 240
L -1789, -1367, -1, -1753, -1379, -1, 0, 0, 240
L -1753, -1379, -1, -1725, -1386, -2, 0, 0, 240
L -1725, -1386, -2, -1704, -1378, -2, 0, 0, 240
L -1591, -1363, 7, -1599, -1383, 9, 0, 0, 0
L -1599, -1383, 9, -1607, -1395, 7, 0, 0, 0
L -1607, -1395, 7, -1588, -1419, 6, 0, 0, 0
L -1588, -1419, 6, -1565, -1411, 3, 0, 0, 0
L -1565, -1411, 3, -1537, -1381, 10, 0, 0, 0
L -1537, -1381, 10, -1520, -1362, 3, 0, 0, 0
L -1520, -1362, 3, -1470, -1312, 3, 0, 0, 0
L -1470, -1312, 3, -1463, -1298, 3, 0, 0, 0
L -1463, -1298, 3, -1470, -1257, 1, 0, 0, 0
L -1470, -1257, 1, -1477, -1244, 3, 0, 0, 0
L -1477, -1244, 3, -1497, -1240, 2, 0, 0, 0
L -1497, -1240, 2, -1519, -1247, 7, 0, 0, 0
L -1519, -1247, 7, -1548, -1263, 7, 0, 0, 0
L -1548, -1263, 7, -1572, -1283, 3, 0, 0, 0
L -1572, -1283, 3, -1586, -1302, 2, 0, 0, 0
L -1586, -1302, 2, -1577, -1335, 8, 0, 0, 0
L -1577, -1335, 8, -1591, -1363, 5, 0, 0, 0
L -1452, -1365, 7, -1403, -1385, 1, 0, 0, 0
L -1403, -1385, 1, -1381, -1391, -0, 0, 0, 0
L -1381, -1391, -0, -1339, -1413, -7, 0, 0, 0
L -1339, -1413, -7, -1305, -1460, -12, 0, 0, 0
L -1305, -1460, -12, -1291, -1466, -7, 0, 0, 0
L -1291, -1466, -7, -1280, -1470, -14, 0, 0, 0
L -1280, -1470, -14, -1271, -1448, -19, 0, 0, 0
L -1271, -1448, -19, -1269, -1417, -25, 0, 0, 0
L -1269, -1417, -25, -1274, -1392, -18, 0, 0, 0
L -1274, -1392, -18, -1279, -1374, -15, 0, 0, 0
L -1279, -1374, -15, -1296, -1342, -26, 0, 0, 0
L -1296, -1342, -26, -1312, -1319, -26, 0, 0, 0
L -1312, -1319, -26, -1322, -1268, -24, 0, 0, 0
L -1322, -1268, -29, -1337, -1263, -23, 0, 0, 0
L -1337, -1263, -23, -1358, -1260, -12, 0, 0, 0
L -1358, -1260, -12, -1386, -1277, -3, 0, 0, 0
L -1386, -1277, -3, -1392, -1294, 5, 0, 0, 0
L -1392, -1294, 5, -1409, -1313, 6, 0, 0, 0
L -1409, -1313, 6, -1434, -1329, 7, 0, 0, 0
L -1434, -1329, 7, -1454, -1341, 4, 0, 0, 0
L -1454, -1341, 4, -1457, -1350, 2, 0, 0, 0
L -1457, -1350, 2, -1457, -1359, 2, 0, 0, 0
L -1457, -1359, 2, -1452, -1365, 4, 0, 0, 0
L -528, -879, -14, -498, -904, -16, 0, 0, 0
L -498, -904, -16, -468, -912, -12, 0, 0, 0
L -468, -912, -12, -455, -905, -3, 0, 0, 0
L -455, -905, -3, -453, -884, 4, 0, 0, 0
L -453, -884, 4, -445, -842, 5, 0, 0, 0
L -445, -842, 5, -441, -808, 8, 0, 0, 0
L -441, -808, 8, -416, -776, 10, 0, 0, 0
L -416, -776, 10, -398, -754, 15, 0, 0, 0
L -398, -754, 15, -384, -738, 8, 0, 0, 0
L -384, -738, 8, -374, -719, 9, 0, 0, 0
L -374, -719, 9, -368, -703, 6, 0, 0, 0
L -368, -703, 6, -336, -680, 5, 0, 0, 0
L -336, -680, 5, -309, -684, 10, 0, 0, 0
L -309, -684, 10, -276, -679, 3, 0, 0, 0
L -276, -679, 3, -258, -676, 3, 0, 0, 0
L -258, -676, 3, -242, -668, 9, 0, 0, 0
L -242, -668, 9, -202, -647, 6, 0, 0, 0
L -202, -647, 6, -181, -636, 10, 0, 0, 0
L -181, -636, 10, -155, -620, 9, 0, 0, 0
L -155, -620, 9, -136, -606, 16, 0, 0, 0
L -136, -606, 16, -116, -594, 13, 0, 0, 0
L -116, -594, 13, -109, -592, 13, 0, 0, 0
L -109, -592, 13, -95, -605, 15, 0, 0, 0
L -95, -605, 15, -87, -622, 13, 0, 0, 0
L -87, -622, 13, -80, -637, 3, 0, 0, 0
L -80, -637, 3, -72, -655, 2, 0, 0, 0
L -72, -655, 2, -67, -666, 7, 0, 0, 0
L -67, -666, 7, -51, -686, 4, 0, 0, 0
L -51, -686, 4, -23, -702, -1, 0, 0, 0
L -23, -702, -1, 17, -718, 3, 0, 0, 0
L 17, -718, 3, 32, -726, 5, 0, 0, 0
L 32, -726, 5, 82, -722, -6, 0, 0, 0
L 82, -722, -6, 103, -718, -1, 0, 0, 0
L 103, -718, -1, 109, -704, 6, 0, 0, 0
L 109, -704, 6, 98, -672, 8, 0, 0, 0
L 98, -672, 8, 73, -659, 7, 0, 0, 0
L 73, -659, 7, 35, -650, 13, 0, 0, 0
L 35, -650, 13, 4, -632, 7, 0, 0, 0
L 4, -632, 7, -20, -604, 6, 0, 0, 0
L -20, -604, 6, -28, -571, 4, 0, 0, 0
L -28, -571, 4, -28, -545, 2, 0, 0, 0
L -28, -545, 2, -14, -522, 1, 0, 0, 0
L -14, -522, 1, 0, -505, 10, 0, 0, 0
L 0, -505, 10, 24, -501, 9, 0, 0, 0
L 24, -501, 9, 39, -505, 9, 0, 0, 0
L 39, -505, 9, 51, -497, 10, 0, 0, 0
L 51, -497, 10, 53, -479, 6, 0, 0, 0
L 53, -479, 6, 41, -470, 11, 0, 0, 0
L 41, -470, 11, 36, -465, 8, 0, 0, 0
L 36, -465, 8, 2, -465, 2, 0, 0, 0
L 2, -465, 2, -15, -463, 5, 0, 0, 0
L -15, -463, 5, -35, -452, 16, 0, 0, 0
L -35, -452, 16, -55, -445, 22, 0, 0, 0
L -55, -445, 22, -71, -438, 25, 0, 0, 0
L -71, -438, 25, -103, -425, 23, 0, 0, 0
L -103, -425, 23, -135, -428, 24, 0, 0, 0
L -135, -428, 24, -168, -441, 19, 0, 0, 0
L -168, -441, 19, -190, -452, 19, 0, 0, 0
L -190, -452, 19, -222, -450, 15, 0, 0, 0
L -222, -450, 15, -251, -439, 10, 0, 0, 0
L -251, -439, 10, -275, -434, 5, 0, 0, 0
L -275, -434, 5, -315, -445, 9, 0, 0, 0
L -315, -445, 9, -347, -456, 15, 0, 0, 0
L -347, -456, 15, -374, -461, 19, 0, 0, 0
L -374, -461, 19, -399, -455, 17, 0, 0, 0
L -399, -455, 17, -412, -450, 15, 0, 0, 0
L -412, -450, 15, -414, -465, -1, 0, 0, 0
L -414, -465, -1, -403, -470, -1, 0, 0, 0
L -403, -470, -1, -392, -484, 0, 0, 0, 0
L -392, -484, 0, -396, -503, -8, 0, 0, 0
L -396, -503, -8, -397, -518, -14, 0, 0, 0
L -397, -518, -14, -395, -536, -19, 0, 0, 0
L -395, -536, -19, -394, -546, -26, 0, 0, 0
L -394, -546, -26, -368, -568, -26, 0, 0, 0
L -368, -568, -26, -351, -568, -29, 0, 0, 0
L -351, -568, -29, -339, -562, -27, 0, 0, 0
L -339, -562, -27, -309, -554, -23, 0, 0, 0
L -309, -554, -23, -284, -551, -19, 0, 0, 0
L -284, -551, -19, -258, -560, -16, 0, 0, 0
L -258, -560, -16, -240, -569, -4, 0, 0, 0
L -240, -569, -4, -235, -586, -6, 0, 0, 0
L -235, -586, -6, -252, -610, 4, 0, 0, 0
L -252, -610, -15, -293, -587, -24, 0, 0, 0
L -293, -587, -27, -320, -589, -26, 0, 0, 0
L -320, -589, -26, -336, -589, -27, 0, 0, 0
L -336, -589, -27, -372, -593, -25, 0, 0, 0
L -372, -593, -25, -386, -599, -18, 0, 0, 0
L -386, -599, -18, -420, -612, -24, 0, 0, 0
L -420, -612, -24, -444, -624, -23, 0, 0, 0
L -444, -624, -23, -474, -642, -24, 0, 0, 0
L -474, -642, -24, -494, -653, -26, 0, 0, 0
L -494, -653, -26, -511, -673, -28, 0, 0, 0
L -511, -673, -28, -516, -693, -26, 0, 0, 0
L -516, -693, -26, -517, -727, -28, 0, 0, 0
L -517, -727, -28, -517, -760, -18, 0, 0, 0
L -517, -760, -18, -517, -780, -20, 0, 0, 0
L -517, -780, -20, -519, -810, -17, 0, 0, 0
L -519, -810, -17, -532, -847, -14, 0, 0, 0
L -532, -847, -14, -528, -879, -8, 0, 0, 0
L -530, -859, -8, -531, -870, -12, 0, 0, 0
L -564, -526, -25, -557, -532, -12, 0, 0, 0
L -557, -532, -12, -541, -554, -19, 0, 0, 0
L -541, -554, -19, -515, -570, -17, 0, 0, 0
L -515, -570, -17, -485, -578, -21, 0, 0, 0
L -485, -578, -21, -458, -584, -10, 0, 0, 0
L -458, -584, -10, -447, -579, -8, 0, 0, 0
L -447, -579, -8, -432, -565, -6, 0, 0, 0
L -432, -565, -6, -424, -546, -13, 0, 0, 0
L -424, -546, -13, -427, -525, -11, 0, 0, 0
L -427, -525, -11, -438, -515, -6, 0, 0, 0
L -438, -515, -6, -451, -502, -2, 0, 0, 0
L -451, -502, -2, -457, -494, 1, 0, 0, 0
L -457, -494, 1, -452, -486, 2, 0, 0, 0
L -452, -486, 2, -455, -458, 13, 0, 0, 0
L -455, -458, 13, -465, -442, 20, 0, 0, 0
L -465, -442, 20, -474, -422, 3, 0, 0, 0
L -474, -422, 3, -486, -411, 15, 0, 0, 0
L -486, -411, 15, -504, -392, 12, 0, 0, 0
L -504, -392, 12, -516, -377, 12, 0, 0, 0
L -516, -377, 12, -517, -365, 12, 0, 0, 0
L -517, -365, 12, -518, -340, 10, 0, 0, 0
L -518, -340, 10, -518, -324, 5, 0, 0, 0
L -518, -324, 5, -521, -310, 3, 0, 0, 0
L -521, -310, 3, -537, -309, 17, 0, 0, 0
L -537, -309, 17, -551, -307, 9, 0, 0, 0
L -551, -307, 9, -570, -314, 16, 0, 0, 0
L -570, -314, 16, -595, -324, 9, 0, 0, 0
L -595, -324, 9, -624, -330, 9, 0, 0, 0
L -624, -330, 9, -654, -337, 9, 0, 0, 0
L -654, -337, 9, -691, -330, 3, 0, 0, 0
L -691, -330, 3, -713, -325, -4, 0, 0, 0
L -713, -325, -4, -736, -323, -8, 0, 0, 0
L -736, -323, -8, -775, -323, -15, 0, 0, 0
L -775, -323, -15, -795, -332, -24, 0, 0, 0
L -795, -332, -24, -807, -351, -24, 0, 0, 0
L -807, -351, -24, -807, -364, -24, 0, 0, 0
L -807, -364, -20, -791, -415, -18, 0, 0, 0
L -791, -415, -18, -785, -426, -6, 0, 0, 0
L -785, -426, -6, -778, -443, -7, 0, 0, 0
L -778, -443, -7, -771, -456, -22, 0, 0, 0
L -772, -456, -24, -752, -464, -31, 0, 0, 0
L -752, -464, -31, -729, -464, -24, 0, 0, 0
L -729, -464, -24, -647, -505, -21, 0, 0, 0
L -647, -505, -20, -616, -513, -17, 0, 0, 0
L -616, -513, -17, -598, -510, -15, 0, 0, 0
L -598, -510, -15, -582, -505, -15, 0, 0, 0
L -582, -505, -15, -576, -511, -28, 0, 0, 0
L -576, -511, -28, -564, -526, -26, 0, 0, 0
L -558, -957, -25, -571, -962, -25, 0, 0, 0
L -571, -962, -25, -578, -972, -31, 0, 0, 0
L -578, -972, -31, -590, -983, -28, 0, 0, 0
L -590, -983, -28, -608, -991, -31, 0, 0, 0
L -608, -991, -31, -622, -989, -21, 0, 0, 0
L -622, -989, -21, -652, -986, -27, 0, 0, 0
L -652, -986, -27, -669, -983, -21, 0, 0, 0
L -669, -983, -21, -683, -982, -19, 0, 0, 0
L -683, -982, -19, -705, -988, -27, 0, 0, 0
L -705, -988, -27, -750, -1005, -20, 0, 0, 0
L -750, -1005, -20, -757, -1008, -25, 0, 0, 0
L -757, -1008, -25, -764, -1024, -22, 0, 0, 0
L -764, -1024, -22, -753, -1048, -9, 0, 0, 0
L -753, -1048, -9, -745, -1065, -20, 0, 0, 0
L -745, -1065, -20, -728, -1072, -6, 0, 0, 0
L -728, -1072, -6, -710, -1075, -2, 0, 0, 0
L -710, -1075, -2, -693, -1066, 1, 0, 0, 0
L -693, -1066, 1, -672, -1053, 3, 0, 0, 0
L -672, -1053, 3, -655, -1049, 10, 0, 0, 0
L -655, -1049, 10, -633, -1052, 10, 0, 0, 0
L -633, -1052, 10, -612, -1054, 11, 0, 0, 0
L -612, -1054, 11, -594, -1053, 8, 0, 0, 0
L -594, -1053, 8, -546, -1055, 23, 0, 0, 0
L -546, -1055, 23, -529, -1056, 8, 0, 0, 0
L -529, -1056, 8, -517, -1047, 11, 0, 0, 0
L -517, -1047, 11, -499, -1028, 6, 0, 0, 0
L -499, -1028, 6, -485, -1007, 4, 0, 0, 0
L -485, -1007, 4, -476, -999, 4, 0, 0, 0
L -476, -999, 4, -451, -1002, 4, 0, 0, 0
L -451, -1002, 4, -428, -1001, 9, 0, 0, 0
L -428, -1001, 9, -403, -1000, 19, 0, 0, 0
L -403, -1000, 19, -387, -1007, 17, 0, 0, 0
L -387, -1007, 17, -390, -1022, 8, 0, 0, 0
L -390, -1022, 8, -392, -1032, 9, 0, 0, 0
L -392, -1032, 9, -418, -1034, 9, 0, 0, 0
L -418, -1034, 9, -438, -1035, 5, 0, 0, 0
L -438, -1035, 5, -461, -1037, -0, 0, 0, 0
L -461, -1037, -0, -484, -1062, 13, 0, 0, 0
L -484, -1062, 13, -506, -1089, 17, 0, 0, 0
L -506, -1089, 17, -532, -1119, 34, 0, 0, 0
L -532, -1119, 34, -541, -1130, 23, 0, 0, 0
L -541, -1130, 23, -549, -1139, 8, 0, 0, 0
L -549, -1139, 8, -546, -1158, 8, 0, 0, 0
L -546, -1158, 8, -532, -1178, 3, 0, 0, 0
L -532, -1178, 3, -517, -1178, 3, 0, 0, 0
L -517, -1178, 3, -499, -1169, 0, 0, 0, 0
L -499, -1169, 0, -476, -1154, -5, 0, 0, 0
L -476, -1154, -5, -456, -1142, -16, 0, 0, 0
L -456, -1142, -16, -435, -1129, -23, 0, 0, 0
L -435, -1129, -23, -422, -1121, -33, 0, 0, 0
L -422, -1121, -33, -392, -1102, -41, 0, 0, 0
L -392, -1102, -41, -358, -1080, -49, 0, 0, 0
L -358, -1080, -49, -335, -1062, -48, 0, 0, 0
L -335, -1062, -48, -320, -1043, -55, 0, 0, 0
L -320, -1043, -55, -312, -1018, -55, 0, 0, 0
L -312, -1018, -55, -311, -1003, -54, 0, 0, 0
L -311, -1003, -54, -310, -979, -60, 0, 0, 0
L -310, -979, -60, -319, -950, -61, 0, 0, 0
L -319, -950, -61, -327, -926, -58, 0, 0, 0
L -327, -926, -58, -321, -912, -58, 0, 0, 0
L -321, -912, -58, -313, -899, -60, 0, 0, 0
L -313, -899, -60, -296, -873, -59, 0, 0, 0
L -296, -873, -59, -282, -868, -56, 0, 0, 0
L -282, -868, -56, -269, -863, -60, 0, 0, 0
L -269, -863, -60, -240, -856, -61, 0, 0, 0
L -240, -856, -61, -212, -856, -58, 0, 0, 0
L -212, -856, -58, -177, -848, -48, 0, 0, 0
L -177, -848, -48, -159, -841, -42, 0, 0, 0
L -159, -841, -42, -132, -818, -25, 0, 0, 0
L -132, -818, -25, -125, -803, -4, 0, 0, 0
L -125, -803, -4, -116, -787, -3, 0, 0, 0
L -116, -787, -3, -117, -762, 1, 0, 0, 0
L -117, -762, 1, -137, -717, 13, 0, 0, 0
L -137, -717, 13, -153, -701, 11, 0, 0, 0
L -153, -701, 11, -186, -701, 9, 0, 0, 0
L -186, -701, 9, -226, -706, 8, 0, 0, 0
L -226, -706, 8, -249, -708, 7, 0, 0, 0
L -249, -708, 7, -265, -719, 6, 0, 0, 0
L -265, -719, 6, -275, -734, 3, 0, 0, 0
L -275, -734, 3, -321, -761, 4, 0, 0, 0
L -321, -761, 4, -342, -771, 4, 0, 0, 0
L -342, -771, 4, -373, -789, 2, 0, 0, 0
L -373, -789, 2, -392, -817, -1, 0, 0, 0
L -392, -817, -1, -409, -839, 0, 0, 0, 0
L -409, -839, 0, -411, -865, 3, 0, 0, 0
L -411, -865, 3, -413, -881, 6, 0, 0, 0
L -413, -881, 6, -417, -903, 2, 0, 0, 0
L -417, -903, 2, -424, -914, -2, 0, 0, 0
L -424, -914, -2, -442, -941, -8, 0, 0, 0
L -442, -941, -8, -455, -942, -7, 0, 0, 0
L -455, -942, -7, -478, -944, -16, 0, 0, 0
L -478, -944, -16, -501, -945, -19, 0, 0, 0
L -501, -945, -19, -527, -947, -20, 0, 0, 0
L -527, -947, -20, -543, -952, -26, 0, 0, 0
L -543, -952, -26, -558, -957, -26, 0, 0, 0
L -585, -1249, 3, -613, -1260, 3, 0, 0, 0
L -613, -1260, 3, -636, -1259, 3, 0, 0, 0
L -636, -1259, 3, -645, -1258, 2, 0, 0, 0
L -645, -1258, 2, -660, -1272, 6, 0, 0, 0
L -660, -1272, 6, -674, -1285, 4, 0, 0, 0
L -674, -1285, 4, -677, -1300, 9, 0, 0, 0
L -677, -1300, 9, -682, -1314, 5, 0, 0, 0
L -682, -1314, 5, -673, -1333, 11, 0, 0, 0
L -673, -1333, 11, -669, -1342, 6, 0, 0, 0
L -669, -1342, 6, -654, -1349, 3, 0, 0, 0
L -654, -1349, 3, -628, -1356, 2, 0, 0, 0
L -628, -1356, 2, -605, -1360, 3, 0, 0, 0
L -605, -1360, 3, -586, -1363, 5, 0, 0, 0
L -586, -1363, 5, -572, -1365, 7, 0, 0, 0
L -572, -1365, 7, -557, -1365, 4, 0, 0, 0
L -557, -1365, 4, -514, -1357, 0, 0, 0, 0
L -514, -1357, 0, -490, -1340, 5, 0, 0, 0
L -490, -1340, 5, -474, -1317, 2, 0, 0, 0
L -474, -1317, 2, -475, -1308, 5, 0, 0, 0
L -475, -1308, 5, -494, -1276, 8, 0, 0, 0
L -494, -1276, 8, -506, -1260, 5, 0, 0, 0
L -506, -1260, 5, -532, -1253, 5, 0, 0, 0
L -532, -1253, 5, -565, -1247, 4, 0, 0, 0
L -565, -1247, 4, -585, -1249, 3, 0, 0, 0
L -106, -991, -50, -92, -995, -33, 0, 0, 0
L -92, -995, -33, -67, -1001, -26, 0, 0, 0
L -67, -1001, -26, -40, -992, -27, 0, 0, 0
L -40, -992, -27, -11, -982, -18, 0, 0, 0
L -11, -982, -18, 5, -977, -7, 0, 0, 0
L 5, -977, -7, 24, -971, -9, 0, 0, 0
L 24, -971, -9, 32, -953, 7, 0, 0, 0
L 32, -953, 7, 32, -939, 3, 0, 0, 0
L 32, -939, 3, 22, -930, 7, 0, 0, 0
L 22, -930, 7, 4, -916, 16, 0, 0, 0
L 4, -916, 16, -0, -913, 19, 0, 0, 0
L -0, -913, 19, -11, -909, 14, 0, 0, 0
L -11, -909, 14, -18, -907, 17, 0, 0, 0
L -18, -907, 17, -18, -898, 11, 0, 0, 0
L -18, -898, 11, -11, -881, 5, 0, 0, 0
L -11, -881, 5, -11, -880, 4, 0, 0, 0
L -11, -880, 4, -12, -866, 1, 0, 0, 0
L -12, -866, 1, -19, -853, -3, 0, 0, 0
L -19, -853, -3, -33, -854, -9, 0, 0, 0
L -33, -854, -9, -47, -861, -18, 0, 0, 0
L -47, -861, -18, -71, -881, -29, 0, 0, 0
L -71, -881, -29, -95, -904, -28, 0, 0, 0
L -95, -904, -28, -112, -920, -29, 0, 0, 0
L -112, -920, -29, -130, -938, -49, 0, 0, 0
L -130, -938, -49, -132, -951, -54, 0, 0, 0
L -132, -951, -54, -123, -967, -38, 0, 0, 0
L -123, -967, -38, -106, -991, -34, 0, 0, 0
L -97, -1065, -49, -111, -1071, -55, 0, 0, 0
L -111, -1071, -55, -97, -1103, -52, 0, 0, 0
L -97, -1103, -52, -82, -1111, -48, 0, 0, 0
L -82, -1111, -48, -62, -1112, -35, 0, 0, 0
L -62, -1112, -35, -29, -1109, -24, 0, 0, 0
L -29, -1109, -24, -6, -1107, -15, 0, 0, 0
L -6, -1107, -15, 10, -1108, -19, 0, 0, 0
L 10, -1108, -19, 36, -1118, -7, 0, 0, 0
L 36, -1118, -7, 48, -1126, -14, 0, 0, 0
L 48, -1126, -14, 59, -1134, -19, 0, 0, 0
L 59, -1134, -19, 69, -1131, -18, 0, 0, 0
L 69, -1131, -18, 90, -1117, -22, 0, 0, 0
L 90, -1117, -22, 104, -1097, -17, 0, 0, 0
L 104, -1097, -17, 113, -1077, -20, 0, 0, 0
L 113, -1077, -20, 109, -1064, -10, 0, 0, 0
L 109, -1064, -10, 102, -1039, -12, 0, 0, 0
L 102, -1039, -12, 95, -1023, -4, 0, 0, 0
L 95, -1023, -4, 85, -1011, -2, 0, 0, 0
L 85, -1011, -2, 76, -1006, 1, 0, 0, 0
L 76, -1006, 1, 67, -999, -6, 0, 0, 0
L 67, -999, -6, 53, -1006, -8, 0, 0, 0
L 53, -1006, -9, 37, -1018, -14, 0, 0, 0
L 37, -1018, -14, 13, -1035, -17, 0, 0, 0
L 13, -1035, -17, -5, -1045, -22, 0, 0, 0
L -5, -1045, -22, -30, -1055, -30, 0, 0, 0
L -30, -1055, -30, -53, -1057, -39, 0, 0, 0
L -53, -1057, -39, -76, -1059, -42, 0, 0, 0
L -76, -1059, -42, -90, -1061, -47, 0, 0, 0
L -90, -1061, -47, -97, -1065, -48, 0, 0, 0
L 17, -826, -2, 33, -839, 2, 0, 0, 0
L 33, -839, 2, 52, -842, 13, 0, 0, 0
L 52, -842, 13, 79, -850, 12, 0, 0, 0
L 79, -850, 12, 94, -860, 6, 0, 0, 0
L 94, -860, 6, 103, -893, 5, 0, 0, 0
L 103, -893, 5, 81, -897, 7, 0, 0, 0
L 81, -897, 7, 69, -899, 6, 0, 0, 0
L 69, -899, 6, 64, -910, 4, 0, 0, 0
L 64, -910, 4, 65, -930, 4, 0, 0, 0
L 65, -930, 4, 72, -939, 5, 0, 0, 0
L 72, -939, 5, 112, -957, 1, 0, 0, 0
L 112, -957, 1, 127, -951, -2, 0, 0, 0
L 127, -951, -2, 148, -927, 5, 0, 0, 0
L 148, -927, 5, 178, -893, 9, 0, 0, 0
L 178, -893, 9, 188, -881, 11, 0, 0, 0
L 188, -881, 11, 194, -874, 11, 0, 0, 0
L 194, -874, 11, 210, -856, 7, 0, 0, 0
L 210, -856, 7, 222, -842, 3, 0, 0, 0
L 222, -842, 3, 225, -834, -1, 0, 0, 0
L 225, -834, -1, 224, -808, -12, 0, 0, 0
L 224, -808, -12, 219, -795, -11, 0, 0, 0
L 219, -795, -11, 208, -784, -16, 0, 0, 0
L 208, -784, -16, 179, -789, -5, 0, 0, 0
L 179, -789, -5, 159, -794, -3, 0, 0, 0
L 159, -794, -3, 133, -794, -7, 0, 0, 0
L 133, -794, -7, 120, -794, -5, 0, 0, 0
L 120, -794, -5, 80, -781, -4, 0, 0, 0
L 80, -781, -4, 51, -770, -4, 0, 0, 0
L 51, -770, -4, 26, -770, -2, 0, 0, 0
L 26, -770, -2, 6, -783, -5, 0, 0, 0
L 6, -783, -5, 5, -797, -4, 0, 0, 0
L 5, -797, -4, 10, -816, -4, 0, 0, 0
L 10, -816, -4, 18, -828, -1, 0, 0, 0
L 134, -720, -2, 132, -742, -4, 0, 0, 0
L 132, -742, -4, 143, -753, -5, 0, 0, 0
L 143, -753, -5, 165, -756, -5, 0, 0, 0
L 165, -756, -5, 192, -749, -10, 0, 0, 0
L 192, -749, -10, 220, -748, -12, 0, 0, 0
L 220, -748, -12, 244, -744, -14, 0, 0, 0
L 244, -744, -14, 259, -725, -9, 0, 0, 0
L 259, -725, -9, 282, -688, -16, 0, 0, 0
L 282, -688, -16, 300, -664, -6, 0, 0, 0
L 300, -664, -6, 313, -647, 5, 0, 0, 0
L 313, -647, 5, 316, -629, 9, 0, 0, 0
L 316, -629, 9, 323, -590, 2, 0, 0, 0
L 323, -590, 2, 328, -562, 7, 0, 0, 0
L 328, -562, 7, 331, -515, 9, 0, 0, 0
L 331, -515, 9, 335, -453, 6, 0, 0, 0
L 335, -453, 6, 329, -428, 10, 0, 0, 0
L 329, -428, 10, 306, -399, 10, 0, 0, 0
L 306, -399, 10, 254, -355, 6, 0, 0, 0
L 254, -355, 6, 216, -331, 7, 0, 0, 0
L 216, -331, 7, 187, -322, 1, 0, 0, 0
L 187, -322, 1, 155, -323, 1, 0, 0, 0
L 155, -323, 1, 133, -328, 7, 0, 0, 0
L 133, -328, 7, 108, -335, 0, 0, 0, 0
L 108, -335, 0, 99, -338, 7, 0, 0, 0
L 99, -338, 7, 82, -347, 0, 0, 0, 0
L 82, -347, 0, 74, -351, -0, 0, 0, 0
L 74, -351, -0, 71, -333, 5, 0, 0, 0
L 71, -333, 5, 66, -309, -0, 0, 0, 0
L 66, -309, -0, 60, -287, 3, 0, 0, 0
L 60, -287, 3, 44, -268, 2, 0, 0, 0
L 44, -268, 2, 38, -243, 4, 0, 0, 0
L 38, -243, 4, 44, -214, 3, 0, 0, 0
L 44, -214, 3, 45, -193, 7, 0, 0, 0
L 45, -193, 7, 44, -178, 11, 0, 0, 0
L 44, -178, 11, 39, -168, 8, 0, 0, 0
L 39, -168, 8, 27, -155, 6, 0, 0, 0
L 27, -155, 6, 15, -147, 1, 0, 0, 0
L 15, -147, 1, -18, -138, -17, 0, 0, 0
L -18, -138, -17, -50, -151, -18, 0, 0, 0
L -50, -151, -18, -89, -174, -23, 0, 0, 0
L -89, -174, -23, -93, -193, -18, 0, 0, 0
L -93, -193, -18, -94, -209, -25, 0, 0, 0
L -94, -209, -25, -76, -224, -31, 0, 0, 0
L -76, -224, -31, -42, -239, -31, 0, 0, 0
L -42, -239, -31, -52, -260, -26, 0, 0, 0
L -52, -260, -26, -60, -275, -20, 0, 0, 0
L -60, -275, -20, -58, -312, -16, 0, 0, 0
L -58, -312, -21, -28, -311, -21, 0, 0, 0
L -28, -311, -21, -3, -315, -21, 0, 0, 0
L -3, -315, -21, -2, -328, -19, 0, 0, 0
L -2, -328, -19, -23, -349, -17, 0, 0, 0
L -23, -349, -17, -68, -349, -19, 0, 0, 0
L -68, -349, -19, -83, -341, -12, 0, 0, 0
L -83, -341, -12, -101, -309, -1, 0, 0, 0
L -101, -309, -1, -106, -288, 5, 0, 0, 0
L -105, -288, 3, -109, -256, 3, 0, 0, 0
L -109, -256, 3, -132, -230, -6, 0, 0, 0
L -132, -230, -6, -156, -214, -13, 0, 0, 0
L -156, -214, -13, -164, -194, -4, 0, 0, 0
L -164, -194, -4, -149, -167, -18, 0, 0, 0
L -149, -167, -18, -130, -141, -17, 0, 0, 0
L -130, -141, -17, -132, -122, -20, 0, 0, 0
L -132, -122, -20, -163, -96, -9, 0, 0, 0
L -163, -96, -9, -185, -76, -3, 0, 0, 0
L -185, -76, -3, -214, -79, -13, 0, 0, 0
L -214, -79, -13, -216, -100, -4, 0, 0, 0
L -216, -100, -4, -226, -125, 3, 0, 0, 0
L -226, -125, 3, -231, -146, 9, 0, 0, 0
L -231, -146, 9, -251, -163, 15, 0, 0, 0
L -251, -163, 15, -245, -181, 9, 0, 0, 0
L -245, -181, 9, -238, -205, 5, 0, 0, 0
L -238, -205, 5, -231, -229, 6, 0, 0, 0
L -231, -229, 6, -222, -246, -1, 0, 0, 0
L -222, -246, -1, -212, -264, 1, 0, 0, 0
L -212, -264, 1, -205, -279, -1, 0, 0, 0
L -205, -279, -1, -206, -287, -1, 0, 0, 0
L -206, -287, -1, -247, -296, -1, 0, 0, 0
L -247, -296, -1, -278, -308, 4, 0, 0, 0
L -278, -308, 4, -293, -325, 15, 0, 0, 0
L -293, -325, 15, -297, -334, 16, 0, 0, 0
L -297, -334, 16, -345, -368, 14, 0, 0, 0
L -345, -368, 14, -368, -372, 13, 0, 0, 0
L -368, -372, 13, -392, -382, 3, 0, 0, 0
L -392, -382, 3, -405, -395, 5, 0, 0, 0
L -405, -395, 5, -395, -410, -1, 0, 0, 0
L -395, -410, -1, -405, -422, 0, 0, 0, 0
L -405, -422, 0, -415, -426, 3, 0, 0, 0
L -415, -426, 3, -421, -438, 12, 0, 0, 0
L -421, -438, 12, -409, -436, 17, 0, 0, 0
L -409, -436, 17, -393, -437, 20, 0, 0, 0
L -393, -437, 20, -379, -436, 22, 0, 0, 0
L -379, -436, 22, -371, -436, 22, 0, 0, 0
L -371, -436, 22, -352, -434, 20, 0, 0, 0
L -352, -434, 20, -336, -430, 18, 0, 0, 0
L -336, -430, 18, -306, -420, 11, 0, 0, 0
L -306, -420, 11, -270, -414, 6, 0, 0, 0
L -270, -414, 6, -240, -423, 10, 0, 0, 0
L -240, -423, 10, -227, -428, 14, 0, 0, 0
L -227, -428, 14, -198, -432, 21, 0, 0, 0
L -198, -432, 21, -168, -420, 22, 0, 0, 0
L -168, -420, 22, -137, -403, 23, 0, 0, 0
L -137, -403, 23, -108, -401, 22, 0, 0, 0
L -108, -401, 22, -86, -406, 24, 0, 0, 0
L -86, -406, 24, -52, -426, 20, 0, 0, 0
L -52, -426, 20, -46, -430, 19, 0, 0, 0
L -46, -430, 19, -37, -432, 15, 0, 0, 0
L -37, -432, 15, -38, -421, 3, 0, 0, 0
L -38, -421, 3, -48, -416, 6, 0, 0, 0
L -48, -416, 6, -32, -417, 9, 0, 0, 0
L -32, -417, 9, -14, -418, 3, 0, 0, 0
L -14, -418, 3, 0, -415, 3, 0, 0, 0
L 0, -415, 3, 19, -414, -1, 0, 0, 0
L 19, -414, -1, 42, -415, 2, 0, 0, 0
L 42, -415, 2, 65, -418, 21, 0, 0, 0
L 65, -418, 21, 84, -419, 18, 0, 0, 0
L 84, -419, 18, 100, -430, 11, 0, 0, 0
L 100, -430, 11, 122, -419, 13, 0, 0, 0
L 122, -419, 13, 144, -410, 25, 0, 0, 0
L 144, -410, 25, 166, -405, 21, 0, 0, 0
L 166, -405, 21, 188, -413, 12, 0, 0, 0
L 188, -413, 12, 207, -429, 10, 0, 0, 0
L 207, -429, 10, 229, -434, 2, 0, 0, 0
L 229, -434, 2, 253, -443, 8, 0, 0, 0
L 253, -443, 8, 271, -463, 4, 0, 0, 0
L 271, -463, 4, 275, -492, 3, 0, 0, 0
L 275, -492, 3, 275, -528, 7, 0, 0, 0
L 275, -528, 7, 270, -557, 17, 0, 0, 0
L 270, -557, 17, 266, -587, 5, 0, 0, 0
L 266, -587, 5, 255, -602, 4, 0, 0, 0
L 255, -602, 4, 238, -613, 2, 0, 0, 0
L 238, -613, 2, 226, -631, 0, 0, 0, 0
L 226, -631, 0, 212, -655, -0, 0, 0, 0
L 212, -655, -0, 191, -667, 7, 0, 0, 0
L 191, -667, 7, 172, -680, 5, 0, 0, 0
L 172, -680, 5, 147, -703, 5, 0, 0, 0
L 147, -703, 5, 134, -719, -2, 0, 0, 0
L 153, -519, -1, 144, -510, 0, 0, 0, 0
L 144, -510, 0, 131, -505, -1, 0, 0, 0
L 131, -505, -1, 122, -512, 3, 0, 0, 0
L 122, -512, 3, 114, -521, 7, 0, 0, 0
L 114, -521, 7, 98, -537, 9, 0, 0, 0
L 98, -537, 9, 83, -553, 4, 0, 0, 0
L 83, -553, 4, 77, -560, -1, 0, 0, 0
L 77, -560, -1, 73, -563, -1, 0, 0, 0
L 73, -563, -1, 79, -575, -1, 0, 0, 0
L 79, -575, -1, 89, -593, -1, 0, 0, 0
L 89, -593, -1, 101, -601, -1, 0, 0, 0
L 101, -601, -1, 108, -605, -1, 0, 0, 0
L 108, -605, -1, 124, -610, 3, 0, 0, 0
L 124, -610, 3, 129, -616, -1, 0, 0, 0
L 129, -616, -1, 135, -617, -1, 0, 0, 0
L 135, -617, -1, 150, -601, -0, 0, 0, 0
L 150, -601, -0, 164, -595, -1, 0, 0, 0
L 164, -595, -1, 176, -585, -1, 0, 0, 0
L 176, -585, -1, 182, -574, -1, 0, 0, 0
L 182, -574, -1, 185, -565, -1, 0, 0, 0
L 185, -565, -1, 182, -550, -1, 0, 0, 0
L 182, -550, -1, 174, -541, -1, 0, 0, 0
L 174, -541, -1, 170, -533, -1, 0, 0, 0
L 170, -533, -1, 164, -526, -1, 0, 0, 0
L 164, -526, -1, 157, -523, 2, 0, 0, 0
L 157, -523, 2, 152, -518, -1, 0, 0, 0
L -342, -172, 1, -329, -166, 6, 0, 0, 0
L -329, -166, 6, -319, -159, 3, 0, 0, 0
L -319, -159, 3, -305, -146, 2, 0, 0, 0
L -305, -146, 2, -291, -134, 4, 0, 0, 0
L -291, -134, 4, -270, -115, 0, 0, 0, 0
L -270, -115, 0, -250, -94, -3, 0, 0, 0
L -250, -94, -3, -241, -84, -7, 0, 0, 0
L -241, -84, -7, -236, -72, -11, 0, 0, 0
L -236, -72, -11, -234, -62, -17, 0, 0, 0
L -234, -62, -17, -235, -49, -22, 0, 0, 0
L -235, -49, -22, -241, -37, -22, 0, 0, 0
L -241, -37, -22, -246, -28, -29, 0, 0, 0
L -246, -28, -29, -254, -28, -16, 0, 0, 0
L -254, -28, -16, -265, -24, -28, 0, 0, 0
L -265, -24, -28, -287, -25, -26, 0, 0, 0
L -287, -25, -26, -296, -29, -24, 0, 0, 0
L -296, -29, -24, -309, -36, -30, 0, 0, 0
L -309, -36, -30, -318, -49, -28, 0, 0, 0
L -318, -49, -28, -322, -65, -27, 0, 0, 0
L -322, -65, -27, -332, -74, -21, 0, 0, 0
L -332, -74, -21, -343, -77, -14, 0, 0, 0
L -343, -77, -14, -346, -65, -19, 0, 0, 0
L -346, -65, -19, -352, -53, -28, 0, 0, 0
L -352, -53, -25, -356, -43, -31, 0, 0, 0
L -356, -43, -31, -367, -31, -31, 0, 0, 0
L -367, -31, -31, -384, -32, -29, 0, 0, 0
L -384, -32, -29, -409, -42, -21, 0, 0, 0
L -409, -42, -21, -430, -54, -16, 0, 0, 0
L -430, -54, -16, -452, -72, -6, 0, 0, 0
L -452, -72, -6, -457, -83, -1, 0, 0, 0
L -457, -83, -1, -450, -102, 2, 0, 0, 0
L -450, -102, 2, -443, -122, 4, 0, 0, 0
L -443, -122, 4, -425, -146, 4, 0, 0, 0
L -425, -146, 4, -412, -158, 8, 0, 0, 0
L -412, -158, 8, -404, -166, 11, 0, 0, 0
L -404, -166, 11, -380, -170, 2, 0, 0, 0
L -380, -170, 2, -343, -172, 1, 0, 0, 0
L -529, -210, 7, -510, -163, 2, 0, 0, 0
L -510, -163, 2, -514, -143, -0, 0, 0, 0
L -514, -143, -0, -516, -134, -8, 0, 0, 0
L -516, -134, -8, -519, -120, -10, 0, 0, 0
L -519, -120, -10, -521, -112, -9, 0, 0, 0
L -521, -112, -9, -539, -110, -24, 0, 0, 0
L -539, -110, -24, -550, -117, -25, 0, 0, 0
L -550, -117, -25, -568, -127, -23, 0, 0, 0
L -568, -127, -23, -579, -132, -19, 0, 0, 0
L -579, -132, -19, -620, -151, -23, 0, 0, 0
L -620, -151, -23, -631, -163, -26, 0, 0, 0
L -631, -163, -26, -641, -182, -23, 0, 0, 0
L -641, -182, -23, -657, -194, -21, 0, 0, 0
L -657, -194, -21, -680, -206, -21, 0, 0, 0
L -680, -206, -21, -695, -214, -23, 0, 0, 0
L -695, -214, -23, -713, -231, -23, 0, 0, 0
L -713, -231, -23, -720, -238, -23, 0, 0, 0
L -720, -238, -23, -713, -250, -15, 0, 0, 0
L -713, -250, -15, -698, -263, -12, 0, 0, 0
L -698, -263, -12, -681, -274, -11, 0, 0, 0
L -681, -274, -11, -667, -275, 3, 0, 0, 0
L -667, -275, 3, -649, -277, 5, 0, 0, 0
L -649, -277, 5, -624, -267, 5, 0, 0, 0
L -624, -267, 5, -592, -271, 7, 0, 0, 0
L -592, -271, 7, -569, -273, 10, 0, 0, 0
L -569, -273, 10, -552, -272, 8, 0, 0, 0
L -552, -272, 8, -548, -251, 5, 0, 0, 0
L -548, -251, 5, -529, -210, 9, 0, 0, 0
L 206, -128, 7, 185, -140, 5, 0, 0, 0
L 185, -140, 5, 172, -147, 2, 0, 0, 0
L 172, -147, 2, 164, -158, 2, 0, 0, 0
L 164, -158, 2, 159, -169, 4, 0, 0, 0
L 159, -169, 4, 165, -190, 4, 0, 0, 0
L 165, -190, 4, 190, -204, 9, 0, 0, 0
L 190, -204, 9, 209, -215, 4, 0, 0, 0
L 209, -215, 4, 229, -229, 0, 0, 0, 0
L 229, -229, 0, 252, -251, 1, 0, 0, 0
L 252, -251, 1, 262, -285, 1, 0, 0, 0
L 262, -285, 1, 267, -311, 4, 0, 0, 0
L 267, -311, 4, 281, -319, 6, 0, 0, 0
L 281, -319, 6, 294, -326, 3, 0, 0, 0
L 294, -326, 3, 321, -322, 6, 0, 0, 0
L 321, -322, 6, 343, -320, -1, 0, 0, 0
L 343, -320, -1, 366, -300, 3, 0, 0, 0
L 366, -300, 3, 374, -294, 4, 0, 0, 0
L 374, -294, 4, 372, -266, 11, 0, 0, 0
L 372, -266, 11, 366, -244, 5, 0, 0, 0
L 366, -244, 5, 367, -219, 3, 0, 0, 0
L 367, -219, 3, 389, -204, -0, 0, 0, 0
L 389, -204, -0, 412, -187, 1, 0, 0, 0
L 412, -187, 1, 431, -174, 2, 0, 0, 0
L 431, -174, 2, 442, -158, 5, 0, 0, 0
L 442, -158, 5, 442, -141, 9, 0, 0, 0
L 442, -141, 9, 445, -116, 5, 0, 0, 0
L 445, -116, 5, 448, -88, 2, 0, 0, 0
L 448, -88, 2, 450, -62, 8, 0, 0, 0
L 450, -62, 8, 450, -39, 9, 0, 0, 0
L 450, -39, 9, 446, -9, 8, 0, 0, 0
L 446, -9, 8, 445, -0, 3, 0, 0, 0
L 445, -0, 3, 444, 8, -1, 0, 0, 0
L 444, 8, -1, 423, 12, -1, 0, 0, 0
L 423, 12, -1, 412, 14, 5, 0, 0, 0
L 412, 14, 5, 391, 18, 5, 0, 0, 0
L 391, 18, 5, 377, 13, 10, 0, 0, 0
L 377, 13, 10, 347, 2, 1, 0, 0, 0
L 347, 2, 1, 324, -6, -1, 0, 0, 0
L 324, -6, -1, 306, -24, 7, 0, 0, 0
L 306, -24, 7, 291, -50, 4, 0, 0, 0
L 291, -50, 4, 279, -77, 1, 0, 0, 0
L 279, -77, 1, 266, -101, 6, 0, 0, 0
L 266, -101, 6, 244, -112, 2, 0, 0, 0
L 244, -112, 2, 226, -121, 5, 0, 0, 0
L 226, -121, 5, 206, -129, 7, 0, 0, 0
