P -1000.0000, 0.0000, 0.0000,  0, 0, 0,  1,  0
P -1500.0000, 0.0000, 0.0000,  0, 0, 0,  1,  0
P -267.0000, 1595.0000, 7.4126,  0, 0, 240,  3,  Resplendent_Temple
P -348.7130, -615.3713, 513.2804,  0, 127, 127,  3,  Il'Nendale_of_Erion
P -459.3217, -674.6223, 871.3766,  0, 127, 0,  2,  Crest_Pattern
P -467.9298, -797.3729, 986.8332,  127, 0, 0,  3,  Erion_Ulrich_(Archon_of_Light)
P -486.0667, -706.3828, 730.6156,  0, 127, 0,  2,  Light_Infuser
P -500.0000, 0.0000, 0.0000,  0, 0, 0,  1,  0
P -533.0000, 925.0000, -1.0000,  0, 127, 127,  3,  Natureward_Kolthei
P -577.3351, 1069.3092, 2.1251,  0, 127, 127,  3,  Naeras_/_Daeas
P -611.7462, 985.5649, -1.0334,  0, 127, 0,  3,  Flute
P -615.7086, 343.0530, 436.9983,  0, 127, 127,  3,  Il'Rator_of_Anriella
P -726.7142, 376.1065, 860.0179,  0, 127, 0,  2,  Tabbard_Pattern
P -798.5092, 461.8367, 930.1967,  127, 0, 0,  3,  Anriella_Fawnwalker_(Caretaker_of_Nature)
P -814.3268, 364.4120, 728.7767,  0, 127, 0,  2,  Nature_Infuser
P -843.8160, 409.1062, 802.3691,  0, 127, 0,  3,  Wri'Vok
P -846.5098, 420.8549, 802.3691,  0, 127, 0,  3,  Kir'Tak
P -98.9395, 44.1739, 851.0982,  0, 127, 127,  3,  an_apparition_(roam)
P 0.0000, -1000.0000, 0.0000,  0, 0, 0,  1,  1000
P 0.0000, -1500.0000, 0.0000,  0, 0, 0,  1,  1500
P 0.0000, -500.0000, 0.0000,  0, 0, 0,  1,  500
P 0.0000, 0.0000, 0.0000,  0, 0, 0,  1,  0
P 0.0000, 1000.0000, 0.0000,  0, 0, 0,  1,  -1000
P 0.0000, 1500.0000, 0.0000,  0, 0, 0,  1,  -1500
P 0.0000, 2000.0000, 0.0000,  0, 0, 0,  1,  -2000
P 0.0000, 2500.0000, 0.0000,  0, 0, 0,  1,  -2500
P 0.0000, 500.0000, 0.0000,  0, 0, 0,  1,  -500
P 0.8117, 2.1249, 677.8656,  0, 127, 127,  3,  The_Shrine_of_Alra
P 1.9842, -19.5262, 850.6894,  0, 0, 240,  3,  Windsong
P 1000.0000, 0.0000, 0.0000,  0, 0, 0,  1,  0
P 1500.0000, 0.0000, 0.0000,  0, 0, 0,  1,  0
P 226.5564, 883.3449, 319.7573,  0, 127, 127,  3,  Havra
P 361.0523, 633.6686, 350.9111,  0, 127, 127,  3,  Wrakt_of_Fal'Kaa
P 447.5141, 744.4897, 291.0653,  0, 127, 127,  3,  Assistant_Shadowward_Mysth
P 461.9047, 785.6169, 808.1107,  127, 0, 0,  3,  Fal'Kaa_Karathra_(Sovereign_of_Shadow)
P 500.0000, 0.0000, 0.0000,  0, 0, 0,  1,  0
P 518.7188, 726.2194, 497.9184,  0, 127, 0,  2,  Shade_Infuser
P 518.8504, 714.9590, 14.6571,  0, 127, 0,  3,  Valdik
P 547.7651, 783.1469, 711.9183,  0, 127, 0,  2,  Fal'Kaa_Crest_Pattern
P 633.3977, -356.3185, 448.5521,  0, 127, 127,  3,  Selulian_of_Melretia
P 635.9761, -330.5465, 426.6863,  0, 127, 127,  3,  Aeyen
P 682.7257, -473.7847, 724.6891,  127, 0, 0,  3,  Tonmek_the_Mind-Drainer
P 788.5004, -458.3011, 907.5688,  127, 0, 0,  3,  Melretia_Relward_(arbiter_of_the_Arcane)
P 838.4254, -406.6155, 666.6891,  0, 127, 0,  2,  Arcane_Infuser
