L 1040, -252, 1161, 997, -252, 464, 190, 190, 190
L 997, -252, 464, 993, -228, 392, 190, 190, 190
L 993, -228, 392, 1061, -228, 711, 190, 190, 190
L 1061, -228, 711, 1061, -248, 711, 190, 190, 190
L 1061, -248, 711, 1121, -248, 711, 190, 190, 190
L 1121, -248, 711, 1121, -268, 711, 190, 190, 190
L 1121, -268, 711, 1165, -268, 711, 190, 190, 190
L 1165, -268, 711, 1177, -255, 711, 190, 190, 190
L 1177, -255, 711, 1177, -144, 711, 190, 190, 190
L 1177, -144, 711, 1164, -132, 711, 190, 190, 190
L 1164, -132, 711, 1121, -132, 711, 190, 190, 190
L 1121, -132, 711, 1121, -152, 711, 190, 190, 190
L 1121, -152, 711, 1061, -152, 711, 190, 190, 190
L 1061, -152, 711, 1061, -171, 711, 190, 190, 190
L 1061, -171, 711, 994, -171, 461, 190, 190, 190
L 994, -171, 461, 993, -148, 464, 190, 190, 190
L 993, -148, 464, 1040, -148, 1194, 190, 190, 190
L 407, -382, 31, 407, -498, 31, 190, 190, 190
L 407, -498, 31, 271, -498, 31, 190, 190, 190
L 271, -498, 31, 271, -382, 31, 190, 190, 190
L 271, -382, 31, 311, -382, 31, 190, 190, 190
L 311, -382, 31, 311, -352, 31, 190, 190, 190
L 311, -352, 31, 311, -336, 351, 190, 190, 190
L 311, -336, 351, 311, -310, 361, 190, 190, 190
L 311, -310, 361, 288, -310, 351, 190, 190, 190
L 288, -310, 351, 287, -356, 559, 190, 190, 190
L 407, -382, 31, 367, -382, 31, 190, 190, 190
L 367, -382, 31, 367, -353, 31, 190, 190, 190
L 367, -353, 31, 367, -336, 351, 190, 190, 190
L 367, -336, 351, 367, -311, 362, 190, 190, 190
L 367, -311, 362, 391, -311, 375, 190, 190, 190
L 391, -311, 375, 391, -356, 492, 190, 190, 190
L -511, -58, 121, -521, -58, 129, 190, 190, 190
L -521, -58, 129, -521, -122, 111, 190, 190, 190
L -521, -122, 111, -511, -122, 111, 190, 190, 190
L -511, -122, 111, -511, -182, 121, 190, 190, 190
L -511, -182, 121, -501, -182, 112, 190, 190, 190
L -501, -182, 112, -501, -222, 114, 190, 190, 190
L -501, -222, 114, -490, -222, 120, 190, 190, 190
L -490, -222, 120, -490, -241, 112, 190, 190, 190
L -490, -241, 112, -472, -241, 114, 190, 190, 190
L -472, -241, 114, -472, -251, 121, 190, 190, 190
L -472, -251, 121, -432, -251, 122, 190, 190, 190
L -432, -251, 122, -432, -261, 123, 190, 190, 190
L -432, -261, 123, -372, -261, 111, 190, 190, 190
L -372, -261, 111, -372, -274, 111, 190, 190, 190
L -372, -274, 111, -308, -274, 117, 190, 190, 190
L -308, -274, 117, -308, -260, 119, 190, 190, 190
L -308, -260, 119, -248, -260, 111, 190, 190, 190
L -248, -260, 111, -248, -251, 111, 190, 190, 190
L -248, -251, 111, -208, -251, 111, 190, 190, 190
L -208, -251, 111, -208, -241, 111, 190, 190, 190
L -208, -241, 111, -189, -241, 111, 190, 190, 190
L -189, -241, 111, -189, -222, 130, 190, 190, 190
L -189, -222, 130, -177, -222, 114, 190, 190, 190
L -177, -222, 114, -177, -182, 111, 190, 190, 190
L -177, -182, 111, -169, -182, 111, 190, 190, 190
L -169, -182, 111, -169, -122, 114, 190, 190, 190
L -169, -122, 114, -159, -122, 114, 190, 190, 190
L -159, -122, 114, -159, -58, 148, 190, 190, 190
L -159, -58, 148, -170, -58, 131, 190, 190, 190
L -170, -58, 131, -170, 1, 113, 190, 190, 190
L -170, 1, 113, -179, 1, 112, 190, 190, 190
L -179, 1, 112, -179, 41, 111, 190, 190, 190
L -179, 41, 111, -189, 41, 112, 190, 190, 190
L -189, 41, 112, -189, 60, 120, 190, 190, 190
L -189, 60, 120, -208, 60, 122, 190, 190, 190
L -208, 60, 122, -208, 71, 119, 190, 190, 190
L -208, 71, 119, -248, 71, 119, 190, 190, 190
L -248, 71, 119, -248, 79, 111, 190, 190, 190
L -248, 79, 111, -308, 79, 120, 190, 190, 190
L -308, 79, 120, -308, 89, 128, 190, 190, 190
L -308, 89, 128, -372, 89, 111, 190, 190, 190
L -372, 89, 111, -372, 80, 111, 190, 190, 190
L -372, 80, 111, -432, 80, 112, 190, 190, 190
L -432, 80, 112, -432, 70, 111, 190, 190, 190
L -432, 70, 111, -472, 70, 111, 190, 190, 190
L -472, 70, 111, -472, 60, 111, 190, 190, 190
L -472, 60, 111, -491, 60, 111, 190, 190, 190
L -491, 60, 111, -491, 41, 111, 190, 190, 190
L -491, 41, 111, -501, 41, 111, 190, 190, 190
L -501, 41, 111, -501, 1, 113, 190, 190, 190
L -501, 1, 113, -511, 1, 114, 190, 190, 190
L -511, 1, 114, -511, -58, 122, 190, 190, 190
L -307, 27, 711, -228, 27, 711, 190, 190, 190
L -228, 27, 711, -228, 21, 711, 190, 190, 190
L -228, 21, 711, -222, 21, 711, 190, 190, 190
L -222, 21, 711, -222, -57, 711, 190, 190, 190
L -222, -57, 711, -212, -57, 711, 190, 190, 190
L -212, -57, 711, -212, -73, 711, 190, 190, 190
L -212, -73, 711, -252, -73, 711, 190, 190, 190
L -252, -73, 711, -252, -57, 711, 190, 190, 190
L -252, -57, 711, -232, -57, 711, 190, 190, 190
L -232, -57, 711, -232, 17, 711, 190, 190, 190
L -232, 17, 711, -307, 17, 711, 190, 190, 190
L -307, 17, 711, -307, -11, 711, 190, 190, 190
L -307, -11, 711, -324, -11, 711, 190, 190, 190
L -324, -11, 711, -324, 35, 711, 190, 190, 190
L -324, 35, 711, -307, 35, 711, 190, 190, 190
L -307, 35, 711, -307, 27, 711, 190, 190, 190
L -373, 27, 711, -391, 27, 711, 190, 190, 190
L -391, 27, 711, -391, 15, 711, 190, 190, 190
L -391, 15, 711, -373, 15, 711, 190, 190, 190
L -373, 15, 711, -373, -2, 711, 190, 190, 190
L -373, -2, 711, -356, -2, 711, 190, 190, 190
L -356, -2, 711, -356, 36, 711, 190, 190, 190
L -356, 36, 711, -373, 36, 711, 190, 190, 190
L -373, 36, 711, -373, 27, 711, 190, 190, 190
L -448, 17, 711, -408, 17, 711, 190, 190, 190
L -408, 17, 711, -408, 27, 711, 190, 190, 190
L -408, 27, 711, -452, 27, 711, 190, 190, 190
L -452, 27, 711, -452, 21, 711, 190, 190, 190
L -452, 21, 711, -458, 21, 711, 190, 190, 190
L -458, 21, 711, -458, -57, 711, 190, 190, 190
L -458, -57, 711, -468, -57, 711, 190, 190, 190
L -468, -57, 711, -468, -74, 711, 190, 190, 190
L -468, -74, 711, -429, -74, 711, 190, 190, 190
L -429, -74, 711, -429, -55, 711, 190, 190, 190
L -429, -55, 711, -448, -55, 711, 190, 190, 190
L -448, -55, 711, -448, 17, 711, 190, 190, 190
L -448, -198, 711, -448, -123, 711, 190, 190, 190
L -448, -123, 711, -429, -123, 711, 190, 190, 190
L -429, -123, 711, -429, -106, 711, 190, 190, 190
L -429, -106, 711, -467, -106, 711, 190, 190, 190
L -467, -106, 711, -467, -123, 711, 190, 190, 190
L -467, -123, 711, -458, -123, 711, 190, 190, 190
L -458, -123, 711, -458, -202, 711, 190, 190, 190
L -458, -202, 711, -452, -202, 711, 190, 190, 190
L -452, -202, 711, -452, -208, 711, 190, 190, 190
L -452, -208, 711, -401, -208, 711, 190, 190, 190
L -401, -208, 711, -401, -198, 711, 190, 190, 190
L -401, -198, 711, -448, -198, 711, 190, 190, 190
L -373, -198, 711, -394, -198, 711, 190, 190, 190
L -394, -198, 711, -394, -208, 711, 190, 190, 190
L -394, -208, 711, -373, -208, 711, 190, 190, 190
L -373, -208, 711, -373, -218, 711, 190, 190, 190
L -373, -218, 711, -357, -218, 711, 190, 190, 190
L -357, -218, 711, -357, -177, 711, 190, 190, 190
L -357, -177, 711, -373, -177, 711, 190, 190, 190
L -373, -177, 711, -373, -198, 711, 190, 190, 190
L -323, -178, 711, -307, -178, 711, 190, 190, 190
L -307, -178, 711, -307, -219, 711, 190, 190, 190
L -307, -219, 711, -323, -219, 711, 190, 190, 190
L -323, -219, 711, -323, -178, 711, 190, 190, 190
L -232, -198, 711, -294, -198, 711, 190, 190, 190
L -294, -198, 711, -294, -208, 711, 190, 190, 190
L -294, -208, 711, -228, -208, 711, 190, 190, 190
L -228, -208, 711, -228, -205, 711, 190, 190, 190
L -228, -205, 711, -222, -201, 711, 190, 190, 190
L -222, -201, 711, -222, -123, 711, 190, 190, 190
L -222, -123, 711, -212, -123, 711, 190, 190, 190
L -212, -123, 711, -212, -106, 711, 190, 190, 190
L -212, -106, 711, -252, -106, 711, 190, 190, 190
L -252, -106, 711, -252, -123, 711, 190, 190, 190
L -252, -123, 711, -232, -123, 711, 190, 190, 190
L -232, -123, 711, -232, -198, 711, 190, 190, 190
L -147, 487, 118, -156, 487, 119, 190, 190, 190
L -156, 487, 119, -156, 527, 119, 190, 190, 190
L -156, 527, 119, -166, 527, 111, 190, 190, 190
L -166, 527, 111, -166, 591, 128, 190, 190, 190
L -166, 591, 128, -157, 591, 128, 190, 190, 190
L -157, 591, 128, -157, 631, 128, 190, 190, 190
L -157, 631, 128, -146, 631, 124, 190, 190, 190
L -146, 631, 124, -146, 671, 122, 190, 190, 190
L -146, 671, 122, -136, 671, 118, 190, 190, 190
L -136, 671, 118, -136, 690, 115, 190, 190, 190
L -136, 690, 115, -118, 690, 122, 190, 190, 190
L -118, 690, 122, -118, 700, 128, 190, 190, 190
L -118, 700, 128, -78, 700, 111, 190, 190, 190
L -78, 700, 111, -78, 710, 111, 190, 190, 190
L -78, 710, 111, -38, 710, 111, 190, 190, 190
L -38, 710, 111, -38, 720, 114, 190, 190, 190
L -38, 720, 114, 25, 720, 112, 190, 190, 190
L 25, 720, 112, 25, 710, 116, 190, 190, 190
L 25, 710, 116, 65, 710, 111, 190, 190, 190
L 65, 710, 111, 65, 700, 111, 190, 190, 190
L 65, 700, 111, 105, 700, 111, 190, 190, 190
L 105, 700, 111, 105, 690, 111, 190, 190, 190
L 105, 690, 111, 124, 690, 111, 190, 190, 190
L 124, 690, 111, 124, 671, 119, 190, 190, 190
L 124, 671, 119, 134, 671, 116, 190, 190, 190
L 134, 671, 116, 134, 631, 122, 190, 190, 190
L 134, 631, 122, 142, 631, 118, 190, 190, 190
L 142, 631, 118, 142, 591, 203, 190, 190, 190
L 142, 591, 203, 153, 591, 128, 190, 190, 190
L 153, 591, 128, 153, 527, 111, 190, 190, 190
L 153, 527, 111, 144, 527, 111, 190, 190, 190
L 144, 527, 111, 144, 487, 116, 190, 190, 190
L 144, 487, 116, 134, 487, 121, 190, 190, 190
L 134, 487, 121, 134, 447, 111, 190, 190, 190
L 134, 447, 111, 124, 447, 111, 190, 190, 190
L 124, 447, 111, 124, 429, 121, 190, 190, 190
L 124, 429, 121, 105, 429, 124, 190, 190, 190
L 105, 429, 124, 105, 419, 116, 190, 190, 190
L 105, 419, 116, 65, 419, 150, 190, 190, 190
L 65, 419, 150, 65, 409, 116, 190, 190, 190
L 65, 409, 116, 25, 409, 150, 190, 190, 190
L 25, 409, 150, 25, 398, 113, 190, 190, 190
L 25, 398, 113, -38, 398, 113, 190, 190, 190
L -38, 398, 113, -38, 408, 120, 190, 190, 190
L -38, 408, 120, -78, 408, 120, 190, 190, 190
L -78, 408, 120, -78, 418, 128, 190, 190, 190
L -78, 418, 128, -118, 418, 146, 190, 190, 190
L -118, 418, 146, -118, 429, 133, 190, 190, 190
L -118, 429, 133, -136, 429, 119, 190, 190, 190
L -136, 429, 119, -136, 447, 121, 190, 190, 190
L -136, 447, 121, -146, 447, 117, 190, 190, 190
L -146, 447, 117, -146, 487, 132, 190, 190, 190
L 101, 592, 311, 101, 667, 311, 190, 190, 190
L 101, 667, 311, 26, 667, 311, 190, 190, 190
L 26, 667, 311, 26, 647, 311, 190, 190, 190
L 26, 647, 311, 9, 647, 311, 190, 190, 190
L 9, 647, 311, 9, 685, 311, 190, 190, 190
L 9, 685, 311, 26, 685, 311, 190, 190, 190
L 26, 685, 311, 26, 677, 311, 190, 190, 190
L 26, 677, 311, 105, 677, 311, 190, 190, 190
L 105, 677, 311, 105, 671, 311, 190, 190, 190
L 105, 671, 311, 111, 671, 311, 190, 190, 190
L 111, 671, 311, 111, 592, 311, 190, 190, 190
L 111, 592, 311, 120, 592, 311, 190, 190, 190
L 120, 592, 311, 120, 575, 311, 190, 190, 190
L 120, 575, 311, 83, 575, 311, 190, 190, 190
L 83, 575, 311, 83, 592, 311, 190, 190, 190
L 83, 592, 311, 101, 592, 311, 190, 190, 190
L 101, 526, 311, 101, 451, 311, 190, 190, 190
L 101, 451, 311, 39, 451, 311, 190, 190, 190
L 39, 451, 311, 39, 441, 311, 190, 190, 190
L 39, 441, 311, 105, 441, 311, 190, 190, 190
L 105, 441, 311, 105, 444, 311, 190, 190, 190
L 105, 444, 311, 111, 448, 311, 190, 190, 190
L 111, 448, 311, 111, 526, 311, 190, 190, 190
L 111, 526, 311, 119, 526, 311, 190, 190, 190
L 119, 526, 311, 119, 543, 311, 190, 190, 190
L 119, 543, 311, 82, 543, 311, 190, 190, 190
L 82, 543, 311, 82, 526, 311, 190, 190, 190
L 82, 526, 311, 101, 526, 311, 190, 190, 190
L 26, 470, 311, 9, 470, 311, 190, 190, 190
L 9, 470, 311, 9, 432, 311, 190, 190, 190
L 9, 432, 311, 26, 432, 311, 190, 190, 190
L 26, 432, 311, 26, 470, 311, 190, 190, 190
L -39, 451, 311, -39, 470, 311, 190, 190, 190
L -39, 470, 311, -22, 470, 311, 190, 190, 190
L -22, 470, 311, -22, 432, 311, 190, 190, 190
L -22, 432, 311, -39, 432, 311, 190, 190, 190
L -39, 432, 311, -39, 441, 311, 190, 190, 190
L -39, 441, 311, -59, 441, 311, 190, 190, 190
L -59, 441, 311, -59, 451, 311, 190, 190, 190
L -59, 451, 311, -39, 451, 311, 190, 190, 190
L -114, 451, 311, -67, 451, 311, 190, 190, 190
L -67, 451, 311, -67, 441, 311, 190, 190, 190
L -67, 441, 311, -118, 441, 311, 190, 190, 190
L -118, 441, 311, -118, 447, 311, 190, 190, 190
L -118, 447, 311, -124, 447, 311, 190, 190, 190
L -124, 447, 311, -124, 526, 311, 190, 190, 190
L -124, 526, 311, -132, 526, 311, 190, 190, 190
L -132, 526, 311, -132, 543, 311, 190, 190, 190
L -132, 543, 311, -96, 543, 311, 190, 190, 190
L -96, 543, 311, -96, 526, 311, 190, 190, 190
L -96, 526, 311, -114, 526, 311, 190, 190, 190
L -114, 526, 311, -114, 451, 311, 190, 190, 190
L -114, 592, 311, -114, 667, 311, 190, 190, 190
L -114, 667, 311, -76, 667, 311, 190, 190, 190
L -76, 667, 311, -76, 677, 311, 190, 190, 190
L -76, 677, 311, -117, 677, 311, 190, 190, 190
L -117, 677, 311, -116, 671, 311, 190, 190, 190
L -116, 671, 311, -124, 669, 311, 190, 190, 190
L -124, 669, 311, -124, 592, 311, 190, 190, 190
L -124, 592, 311, -132, 592, 311, 190, 190, 190
L -132, 592, 311, -132, 575, 311, 190, 190, 190
L -132, 575, 311, -96, 575, 311, 190, 190, 190
L -96, 575, 311, -96, 592, 311, 190, 190, 190
L -96, 592, 311, -114, 592, 311, 190, 190, 190
L -39, 667, 311, -56, 667, 311, 190, 190, 190
L -56, 667, 311, -56, 677, 311, 190, 190, 190
L -56, 677, 311, -39, 677, 311, 190, 190, 190
L -39, 677, 311, -39, 685, 311, 190, 190, 190
L -39, 685, 311, -22, 685, 311, 190, 190, 190
L -22, 685, 311, -22, 649, 311, 190, 190, 190
L -22, 649, 311, -39, 649, 311, 190, 190, 190
L -39, 649, 311, -39, 667, 311, 190, 190, 190
L -365, 1547, -428, -365, 1405, -428, 190, 190, 190
L -365, 1405, -428, -359, 1405, -428, 190, 190, 190
L -359, 1405, -428, -359, 1388, -418, 190, 190, 190
L -359, 1388, -418, -342, 1388, -427, 190, 190, 190
L -342, 1388, -427, -342, 1383, -427, 190, 190, 190
L -342, 1383, -427, -322, 1383, -396, 190, 190, 190
L -322, 1383, -396, -322, 1286, -414, 190, 190, 190
L -322, 1286, -414, -257, 1286, -421, 190, 190, 190
L -257, 1286, -421, -257, 1326, -425, 190, 190, 190
L -257, 1326, -425, -217, 1326, -434, 190, 190, 190
L -217, 1326, -434, -217, 1382, -437, 190, 190, 190
L -217, 1382, -437, -61, 1382, -427, 190, 190, 190
L -61, 1382, -427, -61, 1377, -427, 190, 190, 190
L -61, 1377, -427, -38, 1377, -410, 190, 190, 190
L -38, 1377, -410, -38, 1381, -409, 190, 190, 190
L -38, 1381, -409, 17, 1381, -410, 190, 190, 190
L 17, 1381, -410, 17, 1378, -425, 190, 190, 190
L 17, 1378, -425, 41, 1378, -391, 190, 190, 190
L 41, 1378, -391, 41, 1383, -396, 190, 190, 190
L 41, 1383, -396, 216, 1383, -421, 190, 190, 190
L 216, 1383, -421, 216, 1286, -425, 190, 190, 190
L 216, 1286, -425, 282, 1286, -428, 190, 190, 190
L 282, 1286, -428, 282, 1383, -394, 190, 190, 190
L 282, 1383, -394, 301, 1383, -427, 190, 190, 190
L 301, 1383, -427, 301, 1389, -427, 190, 190, 190
L 301, 1389, -427, 317, 1389, -416, 190, 190, 190
L 317, 1389, -416, 317, 1405, -403, 190, 190, 190
L 317, 1405, -403, 324, 1405, -428, 190, 190, 190
L 324, 1405, -428, 324, 1620, -413, 190, 190, 190
L 324, 1620, -414, 321, 1647, -242, 250, 128, 114
L 321, 1647, -242, 321, 1662, -127, 250, 128, 114
L 321, 1662, -127, 321, 1673, -34, 250, 128, 114
L 321, 1673, -34, 321, 1692, 212, 250, 128, 114
L 321, 1692, 212, 335, 1685, 252, 250, 128, 114
L 335, 1685, 252, 346, 1682, 298, 250, 128, 114
L 346, 1682, 298, 350, 1681, 313, 250, 128, 114
L 350, 1681, 313, 392, 1659, 307, 250, 128, 114
L 392, 1659, 307, 399, 1656, 308, 250, 128, 114
L 399, 1656, 308, 415, 1654, 227, 250, 128, 114
L 415, 1654, 227, 445, 1653, 156, 250, 128, 114
L 445, 1653, 156, 466, 1659, 206, 250, 128, 114
L 466, 1659, 206, 478, 1656, 308, 250, 128, 114
L 478, 1656, 308, 509, 1651, 250, 250, 128, 114
L 509, 1651, 250, 522, 1646, 213, 250, 128, 114
L 522, 1646, 213, 540, 1650, 253, 250, 128, 114
L 540, 1650, 253, 558, 1656, 314, 250, 128, 114
L 558, 1656, 314, 575, 1650, 258, 250, 128, 114
L 575, 1650, 258, 609, 1642, 228, 250, 128, 114
L 609, 1642, 228, 632, 1635, 269, 250, 128, 114
L 632, 1635, 269, 646, 1632, 306, 250, 128, 114
L 646, 1632, 306, 674, 1629, 174, 250, 128, 114
L 674, 1629, 174, 696, 1629, 157, 250, 128, 114
L 696, 1629, 157, 710, 1630, 223, 250, 128, 114
L 710, 1630, 223, 727, 1632, 308, 250, 128, 114
L 727, 1632, 308, 734, 1629, 284, 250, 128, 114
L 734, 1629, 284, 753, 1624, 243, 250, 128, 114
L 753, 1624, 243, 770, 1622, 215, 250, 128, 114
L 770, 1622, 215, 787, 1625, 252, 250, 128, 114
L 787, 1625, 252, 793, 1627, 261, 250, 128, 114
L 793, 1627, 261, 806, 1632, 309, 250, 128, 114
L 806, 1632, 309, 830, 1632, 200, 250, 128, 114
L 830, 1632, 200, 843, 1629, 156, 250, 128, 114
L 843, 1629, 156, 862, 1629, 182, 250, 128, 114
L 862, 1629, 182, 876, 1632, 265, 250, 128, 114
L 876, 1632, 265, 886, 1632, 310, 250, 128, 114
L 886, 1632, 310, 910, 1605, 135, 250, 128, 114
L 910, 1605, 135, 917, 1595, 169, 250, 128, 114
L 917, 1595, 169, 927, 1574, 187, 250, 128, 114
L 927, 1574, 187, 937, 1559, 219, 250, 128, 114
L 937, 1559, 219, 950, 1546, 240, 250, 128, 114
L 950, 1546, 240, 966, 1530, 276, 250, 128, 114
L 966, 1530, 276, 981, 1519, 321, 250, 128, 114
L 981, 1519, 321, 976, 1508, 314, 250, 128, 114
L 976, 1508, 314, 973, 1494, 328, 250, 128, 114
L 973, 1494, 328, 969, 1474, 310, 250, 128, 114
L 969, 1474, 310, 969, 1460, 263, 250, 128, 114
L 969, 1460, 263, 975, 1433, 205, 250, 128, 114
L 975, 1433, 205, 976, 1412, 254, 250, 128, 114
L 976, 1412, 254, 977, 1393, 288, 250, 128, 114
L 977, 1393, 288, 977, 1368, 339, 250, 128, 114
L 977, 1368, 339, 977, 1358, 419, 250, 128, 114
L 977, 1358, 419, 974, 1343, 298, 250, 128, 114
L 974, 1343, 298, 970, 1322, 275, 250, 128, 114
L 970, 1322, 275, 969, 1297, 302, 250, 128, 114
L 969, 1297, 302, 973, 1277, 360, 250, 128, 114
L 973, 1277, 360, 978, 1267, 350, 250, 128, 114
L 978, 1267, 350, 989, 1252, 283, 250, 128, 114
L 989, 1252, 283, 1026, 1225, 1185, 250, 128, 114
L 1026, 1225, 1185, 1035, 1178, 1070, 250, 128, 114
L 1035, 1178, 1070, 1040, 1163, 1185, 250, 128, 114
L 1040, 1163, 1185, 1039, 1154, 1163, 250, 128, 114
L 1039, 1154, 1163, 1020, 1123, 825, 250, 128, 114
L 1020, 1123, 825, 1029, 1090, 1156, 250, 128, 114
L 1029, 1090, 1156, 1028, 1075, 1146, 250, 128, 114
L 1028, 1075, 1146, 1032, 1037, 1118, 250, 128, 114
L 1032, 1037, 1118, 1032, 1017, 1194, 250, 128, 114
L 1032, 1017, 1194, 1027, 1003, 1194, 250, 128, 114
L 1027, 1003, 1194, 1029, 984, 1194, 250, 128, 114
L 1029, 984, 1194, 1027, 951, 1121, 250, 128, 114
L 1027, 951, 1121, 1029, 922, 1163, 250, 128, 114
L 1029, 922, 1163, 1037, 888, 1189, 250, 128, 114
L 1037, 888, 1189, 1036, 874, 1193, 250, 128, 114
L 1036, 874, 1193, 1030, 837, 1181, 250, 128, 114
L 1030, 837, 1181, 1033, 820, 1194, 250, 128, 114
L 1033, 820, 1194, 1033, 796, 1194, 250, 128, 114
L 1033, 796, 1194, 1031, 771, 1166, 250, 128, 114
L 1031, 771, 1166, 1033, 733, 1192, 250, 128, 114
L 1033, 733, 1192, 1029, 721, 1191, 250, 128, 114
L 1029, 721, 1191, 1033, 709, 1192, 250, 128, 114
L 1033, 709, 1192, 1036, 676, 1173, 250, 128, 114
L 1036, 676, 1173, 1047, 643, 1184, 250, 128, 114
L 1047, 643, 1184, 1045, 625, 1194, 250, 128, 114
L 1045, 625, 1194, 1039, 594, 1167, 250, 128, 114
L 1039, 594, 1167, 1047, 522, 1186, 250, 128, 114
L 1047, 522, 1186, 1040, 490, 1194, 250, 128, 114
L 1040, 490, 1194, 1037, 473, 1194, 250, 128, 114
L 1037, 473, 1194, 1040, 446, 1193, 250, 128, 114
L 1040, 446, 1193, 1038, 432, 1146, 250, 128, 114
L 1038, 432, 1146, 1031, 388, 1054, 250, 128, 114
L 1031, 388, 1054, 1048, 361, 1193, 250, 128, 114
L 1048, 361, 1193, 1037, 321, 1173, 250, 128, 114
L 1037, 321, 1173, 1041, 283, 1187, 250, 128, 114
L 1041, 283, 1187, 1034, 256, 1164, 250, 128, 114
L 1034, 256, 1164, 1029, 241, 1160, 250, 128, 114
L 1029, 241, 1160, 1046, 203, 1176, 250, 128, 114
L 1046, 203, 1176, 1043, 180, 1193, 250, 128, 114
L 1043, 180, 1193, 1038, 163, 1194, 250, 128, 114
L 1038, 163, 1194, 1038, 148, 1194, 250, 128, 114
L 1038, 148, 1194, 1040, 123, 1194, 250, 128, 114
L 1040, 123, 1194, 1029, 81, 1147, 250, 128, 114
L 1029, 81, 1147, 1047, 42, 1185, 250, 128, 114
L 1047, 42, 1185, 1038, -31, 1154, 250, 128, 114
L 1038, -31, 1154, 1039, -54, 1194, 250, 128, 114
L 1039, -54, 1194, 1037, -77, 1194, 250, 128, 114
L 1037, -77, 1194, 1042, -97, 1194, 250, 128, 114
L 1042, -97, 1194, 1047, -119, 1194, 250, 128, 114
L 1047, -119, 1194, 1043, -141, 1192, 250, 128, 114
L 1043, -141, 1192, 1040, -148, 1193, 250, 128, 114
L 1040, -252, 1162, 1043, -264, 1154, 250, 128, 114
L 1043, -264, 1154, 1048, -276, 1188, 250, 128, 114
L 1048, -276, 1188, 1036, -320, 1164, 250, 128, 114
L 1036, -320, 1164, 1012, -355, 1184, 250, 128, 114
L 1012, -355, 1184, 983, -384, 1194, 250, 128, 114
L 983, -384, 1194, 974, -389, 1188, 250, 128, 114
L 974, -389, 1188, 937, -377, 1157, 250, 128, 114
L 937, -377, 1157, 907, -381, 1181, 250, 128, 114
L 907, -381, 1181, 900, -381, 1194, 250, 128, 114
L 900, -381, 1194, 863, -371, 1179, 250, 128, 114
L 863, -371, 1179, 822, -389, 1193, 250, 128, 114
L 822, -389, 1193, 788, -380, 1193, 250, 128, 114
L 788, -380, 1193, 766, -379, 1193, 250, 128, 114
L 766, -379, 1193, 742, -381, 1194, 250, 128, 114
L 742, -381, 1194, 698, -370, 1160, 250, 128, 114
L 698, -370, 1160, 670, -384, 1158, 250, 128, 114
L 670, -384, 1158, 661, -389, 1194, 250, 128, 114
L 661, -389, 1194, 620, -370, 1164, 250, 128, 114
L 620, -370, 1164, 582, -381, 1188, 250, 128, 114
L 582, -381, 1188, 544, -378, 1194, 250, 128, 114
L 544, -378, 1194, 520, -383, 1194, 250, 128, 114
L 520, -383, 1194, 496, -388, 1188, 250, 128, 114
L 496, -388, 1188, 456, -361, 815, 250, 128, 114
L 456, -361, 815, 421, -381, 1194, 250, 128, 114
L 421, -381, 1194, 404, -379, 1139, 250, 128, 114
L 404, -379, 1139, 396, -378, 1149, 250, 128, 114
L 396, -378, 1149, 391, -378, 1163, 250, 128, 114
L 391, -378, 1163, 391, -356, 492, 250, 128, 114
L 287, -356, 559, 279, -377, 1146, 250, 128, 114
L 279, -377, 1146, 271, -380, 1194, 250, 128, 114
L 271, -380, 1194, 243, -377, 1169, 250, 128, 114
L 243, -377, 1169, 213, -373, 1160, 250, 128, 114
L 213, -373, 1160, 185, -386, 1162, 250, 128, 114
L 185, -386, 1162, 181, -389, 1193, 250, 128, 114
L 181, -389, 1193, 139, -377, 1166, 250, 128, 114
L 139, -377, 1166, 103, -382, 1194, 250, 128, 114
L 103, -382, 1194, 61, -370, 1166, 250, 128, 114
L 61, -370, 1166, 31, -383, 1131, 250, 128, 114
L 31, -383, 1131, 21, -389, 1194, 250, 128, 114
L 21, -389, 1194, -29, -372, 1158, 250, 128, 114
L -29, -372, 1158, -48, -378, 1144, 250, 128, 114
L -48, -378, 1144, -58, -381, 1194, 250, 128, 114
L -58, -381, 1194, -65, -381, 1177, 250, 128, 114
L -65, -381, 1177, -124, -385, 1183, 250, 128, 114
L -124, -385, 1183, -136, -389, 1190, 250, 128, 114
L -136, -389, 1190, -154, -380, 1067, 250, 128, 114
L -154, -380, 1067, -178, -370, 1152, 250, 128, 114
L -178, -370, 1152, -210, -378, 1142, 250, 128, 114
L -210, -378, 1142, -218, -382, 1194, 250, 128, 114
L -218, -382, 1194, -245, -379, 1149, 250, 128, 114
L -245, -379, 1149, -270, -378, 1101, 250, 128, 114
L -270, -378, 1101, -296, -389, 1193, 250, 128, 114
L -296, -389, 1193, -354, -366, 912, 250, 128, 114
L -354, -366, 912, -366, -377, 1160, 250, 128, 114
L -366, -377, 1160, -378, -381, 1170, 250, 128, 114
L -378, -381, 1170, -404, -379, 1160, 250, 128, 114
L -404, -379, 1160, -421, -376, 1126, 250, 128, 114
L -421, -376, 1126, -446, -385, 1166, 250, 128, 114
L -446, -385, 1166, -456, -389, 1192, 250, 128, 114
L -456, -389, 1192, -463, -387, 1177, 250, 128, 114
L -463, -387, 1177, -515, -375, 1165, 250, 128, 114
L -515, -375, 1165, -529, -378, 1144, 250, 128, 114
L -529, -378, 1144, -538, -381, 1194, 250, 128, 114
L -538, -381, 1194, -549, -379, 1140, 250, 128, 114
L -549, -379, 1140, -575, -378, 1164, 250, 128, 114
L -575, -378, 1164, -586, -378, 1131, 250, 128, 114
L -586, -378, 1131, -603, -384, 1153, 250, 128, 114
L -603, -384, 1153, -616, -389, 1191, 250, 128, 114
L -616, -389, 1191, -627, -383, 1161, 250, 128, 114
L -627, -383, 1161, -676, -357, 1124, 250, 128, 114
L -676, -357, 1124, -697, -354, 1194, 250, 128, 114
L -697, -354, 1194, -708, -347, 1144, 250, 128, 114
L -708, -347, 1144, -757, -319, 1154, 250, 128, 114
L -757, -319, 1154, -761, -281, 1194, 250, 128, 114
L -761, -281, 1194, -750, -239, 1167, 250, 128, 114
L -750, -239, 1167, -768, -203, 1186, 250, 128, 114
L -768, -203, 1186, -767, -195, 1171, 250, 128, 114
L -767, -195, 1171, -755, -161, 1095, 250, 128, 114
L -755, -161, 1095, -760, -126, 1160, 250, 128, 114
L -760, -126, 1160, -758, -113, 1140, 250, 128, 114
L -758, -113, 1140, -750, -82, 1159, 250, 128, 114
L -750, -82, 1159, -754, -56, 998, 250, 128, 114
L -754, -56, 998, -763, -38, 1133, 250, 128, 114
L -763, -38, 1133, -749, 0, 1118, 250, 128, 114
L -749, 0, 1118, -757, 24, 1161, 250, 128, 114
L -757, 24, 1161, -761, 38, 1191, 250, 128, 114
L -761, 38, 1191, -757, 84, 1120, 250, 128, 114
L -757, 84, 1120, -769, 115, 1192, 250, 128, 114
L -769, 115, 1192, -764, 127, 1130, 250, 128, 114
L -764, 127, 1130, -759, 176, 1117, 250, 128, 114
L -759, 176, 1117, -757, 188, 1144, 250, 128, 114
L -757, 188, 1144, -761, 198, 1194, 250, 128, 114
L -761, 198, 1194, -759, 207, 1140, 250, 128, 114
L -759, 207, 1140, -758, 238, 1171, 250, 128, 114
L -758, 238, 1171, -760, 252, 1134, 250, 128, 114
L -760, 252, 1134, -769, 275, 1188, 250, 128, 114
L -769, 275, 1188, -769, 277, 1194, 250, 128, 114
L -769, 277, 1194, -765, 287, 1138, 250, 128, 114
L -765, 287, 1138, -766, 355, 1170, 250, 128, 114
L -766, 355, 1170, -761, 357, 1194, 250, 128, 114
L -761, 357, 1194, -761, 359, 1194, 250, 128, 114
L -761, 359, 1194, -760, 368, 1162, 250, 128, 114
L -760, 368, 1162, -759, 401, 1169, 250, 128, 114
L -759, 401, 1169, -764, 424, 1159, 250, 128, 114
L -764, 424, 1159, -769, 436, 1194, 250, 128, 114
L -769, 436, 1194, -763, 451, 1110, 250, 128, 114
L -763, 451, 1110, -750, 480, 1172, 250, 128, 114
L -750, 480, 1172, -752, 499, 1041, 250, 128, 114
L -752, 499, 1041, -761, 516, 1192, 250, 128, 114
L -761, 516, 1192, -760, 527, 1155, 250, 128, 114
L -760, 527, 1155, -757, 560, 1147, 250, 128, 114
L -757, 560, 1147, -769, 595, 1187, 250, 128, 114
L -769, 595, 1187, -762, 608, 1139, 250, 128, 114
L -762, 608, 1139, -741, 641, 1149, 250, 128, 114
L -741, 641, 1149, -754, 668, 1120, 250, 128, 114
L -754, 668, 1120, -760, 677, 1194, 250, 128, 114
L -760, 677, 1194, -756, 694, 1143, 250, 128, 114
L -756, 694, 1143, -746, 718, 1120, 250, 128, 114
L -746, 718, 1120, -772, 755, 1127, 250, 128, 114
L -772, 755, 1127, -769, 758, 1194, 250, 128, 114
L -769, 758, 1194, -756, 798, 1111, 250, 128, 114
L -756, 798, 1111, -744, 839, 1180, 250, 128, 114
L -744, 839, 1180, -748, 862, 1184, 250, 128, 114
L -748, 862, 1184, -748, 890, 1060, 250, 128, 114
L -748, 890, 1060, -755, 921, 1177, 250, 128, 114
L -755, 921, 1177, -748, 957, 1083, 250, 128, 114
L -748, 957, 1083, -752, 981, 1023, 250, 128, 114
L -752, 981, 1023, -761, 997, 1193, 250, 128, 114
L -761, 997, 1193, -761, 1063, 1194, 250, 128, 114
L -761, 1063, 1194, -759, 1087, 1194, 250, 128, 114
L -759, 1087, 1194, -739, 1120, 766, 250, 128, 114
L -739, 1120, 766, -748, 1148, 1193, 250, 128, 114
L -748, 1148, 1193, -751, 1179, 1158, 250, 128, 114
L -751, 1179, 1158, -758, 1206, 1068, 250, 128, 114
L -758, 1206, 1068, -750, 1229, 1138, 250, 128, 114
L -750, 1229, 1138, -751, 1236, 1193, 250, 128, 114
L -751, 1236, 1193, -745, 1244, 1188, 250, 128, 114
L -745, 1244, 1188, -716, 1265, 927, 250, 128, 114
L -716, 1265, 927, -700, 1280, 797, 250, 128, 114
L -700, 1280, 797, -708, 1295, 1015, 250, 128, 114
L -708, 1295, 1015, -714, 1309, 1192, 250, 128, 114
L -714, 1309, 1192, -712, 1317, 1193, 250, 128, 114
L -712, 1317, 1193, -715, 1329, 1194, 250, 128, 114
L -715, 1329, 1194, -711, 1351, 946, 250, 128, 114
L -711, 1351, 946, -716, 1367, 1113, 250, 128, 114
L -716, 1367, 1113, -726, 1389, 1154, 250, 128, 114
L -726, 1389, 1154, -729, 1396, 1192, 250, 128, 114
L -729, 1396, 1192, -718, 1414, 1048, 250, 128, 114
L -718, 1414, 1048, -711, 1459, 1194, 250, 128, 114
L -711, 1459, 1194, -706, 1475, 1194, 250, 128, 114
L -706, 1475, 1194, -711, 1494, 1194, 250, 128, 114
L -711, 1494, 1194, -714, 1506, 1178, 250, 128, 114
L -714, 1506, 1178, -721, 1543, 1190, 250, 128, 114
L -721, 1543, 1190, -720, 1551, 1194, 250, 128, 114
L -720, 1551, 1194, -717, 1561, 1194, 250, 128, 114
L -717, 1561, 1194, -712, 1572, 1194, 250, 128, 114
L -712, 1572, 1194, -699, 1587, 1164, 250, 128, 114
L -699, 1587, 1164, -693, 1594, 1160, 250, 128, 114
L -693, 1594, 1160, -678, 1598, 1026, 250, 128, 114
L -678, 1598, 1026, -647, 1605, 827, 250, 128, 114
L -647, 1605, 827, -610, 1603, 833, 250, 128, 114
L -610, 1603, 833, -578, 1600, 272, 250, 128, 114
L -578, 1600, 272, -547, 1601, 298, 250, 128, 114
L -547, 1601, 298, -547, 1593, 251, 250, 128, 114
L -547, 1593, 251, -519, 1591, 229, 250, 128, 114
L -519, 1591, 229, -480, 1613, 311, 250, 128, 114
L -480, 1613, 311, -473, 1598, 224, 250, 128, 114
L -473, 1598, 224, -451, 1597, 156, 250, 128, 114
L -451, 1597, 156, -433, 1597, 179, 250, 128, 114
L -433, 1597, 179, -418, 1600, 269, 250, 128, 114
L -418, 1600, 269, -407, 1601, 316, 250, 128, 114
L -407, 1601, 316, -384, 1613, 345, 250, 128, 114
L -384, 1613, 345, -362, 1628, 409, 250, 128, 114
L -362, 1628, 409, -362, 1614, 230, 250, 128, 114
L -362, 1614, 230, -362, 1579, -171, 250, 128, 114
L -362, 1579, -171, -363, 1550, -378, 250, 128, 114
L 318, 1694, 551, 303, 1748, 551, 250, 128, 114
L 303, 1748, 551, 317, 1793, 551, 250, 128, 114
L 317, 1793, 551, 317, 1832, 551, 250, 128, 114
L 317, 1832, 551, 317, 1850, 733, 250, 128, 114
L 313, 1846, 551, 260, 1846, 551, 190, 190, 190
L 260, 1846, 551, 260, 1828, 551, 190, 190, 190
L 260, 1828, 551, 177, 1828, 551, 190, 190, 190
L 177, 1828, 551, 177, 1899, 551, 190, 190, 190
L 177, 1899, 551, 298, 1899, 559, 190, 190, 190
L 298, 1899, 559, 298, 2018, 551, 190, 190, 190
L 298, 2018, 551, 157, 2018, 569, 190, 190, 190
L 157, 2018, 569, 157, 2027, 571, 190, 190, 190
L 157, 2027, 571, 121, 2027, 571, 190, 190, 190
L 121, 2027, 571, 121, 2019, 571, 190, 190, 190
L 121, 2019, 571, -39, 2019, 574, 190, 190, 190
L -39, 2019, 574, -39, 1900, 551, 190, 190, 190
L -39, 1900, 551, 101, 1900, 551, 190, 190, 190
L 101, 1900, 551, 101, 1827, 551, 190, 190, 190
L 101, 1827, 551, -19, 1827, 567, 190, 190, 190
L -19, 1827, 567, -19, 1773, 551, 190, 190, 190
L -19, 1773, 551, -198, 1773, 551, 190, 190, 190
L -198, 1773, 551, -198, 1753, 551, 190, 190, 190
L -198, 1753, 551, -180, 1753, 551, 190, 190, 190
L -180, 1753, 551, -180, 1672, 559, 190, 190, 190
L -180, 1672, 559, -160, 1672, 551, 190, 190, 190
L -160, 1672, 551, -160, 1629, 551, 190, 190, 190
L -160, 1629, 551, -183, 1629, 551, 190, 190, 190
L -183, 1629, 551, -183, 1648, 551, 190, 190, 190
L -183, 1648, 551, -203, 1648, 551, 190, 190, 190
L -203, 1648, 551, -203, 1748, 551, 190, 190, 190
L -203, 1748, 551, -337, 1748, 551, 190, 190, 190
L -337, 1748, 551, -337, 1578, 551, 190, 190, 190
L -337, 1578, 551, -183, 1578, 551, 190, 190, 190
L -183, 1578, 551, -183, 1597, 551, 190, 190, 190
L -183, 1597, 551, -159, 1597, 551, 190, 190, 190
L -159, 1597, 551, -159, 1550, 551, 190, 190, 190
L -159, 1550, 551, -360, 1550, 550, 190, 190, 190
L -360, 1550, 550, -360, 1544, 550, 190, 190, 190
L -360, 1544, 550, 51, 1544, 551, 190, 190, 190
L 51, 1544, 551, 51, 1566, 551, 190, 190, 190
L 51, 1566, 551, -4, 1566, 551, 190, 190, 190
L -4, 1566, 551, -4, 1671, 550, 190, 190, 190
L -4, 1671, 550, -19, 1671, 551, 190, 190, 190
L -19, 1671, 551, -19, 1708, 551, 190, 190, 190
L -19, 1708, 551, 0, 1708, 550, 190, 190, 190
L 0, 1708, 550, 0, 1787, 551, 190, 190, 190
L 0, 1787, 551, 59, 1787, 551, 190, 190, 190
L 59, 1787, 551, 59, 1746, 551, 190, 190, 190
L 59, 1746, 551, 39, 1746, 551, 190, 190, 190
L 39, 1746, 551, 39, 1727, 550, 190, 190, 190
L 39, 1727, 550, 58, 1727, 549, 190, 190, 190
L 58, 1727, 549, 58, 1691, 551, 190, 190, 190
L 58, 1691, 551, 42, 1691, 547, 190, 190, 190
L 42, 1691, 547, 42, 1607, 547, 190, 190, 190
L 42, 1607, 547, 50, 1607, 550, 190, 190, 190
L 50, 1607, 550, 50, 1669, 551, 190, 190, 190
L 50, 1669, 551, 62, 1669, 551, 190, 190, 190
L 62, 1669, 551, 62, 1680, 551, 190, 190, 190
L 62, 1680, 551, 319, 1680, 551, 190, 190, 190
L 319, 1680, 551, 319, 1693, 550, 190, 190, 190
L 79, 2073, 891, 121, 2073, 605, 190, 190, 190
L 121, 2073, 605, 121, 2050, 605, 190, 190, 190
L 121, 2050, 605, 130, 2050, 618, 190, 190, 190
L 130, 2050, 618, 130, 2048, 618, 190, 190, 190
L 130, 2048, 618, 148, 2048, 618, 190, 190, 190
L 148, 2048, 618, 148, 2050, 617, 190, 190, 190
L 148, 2050, 617, 157, 2050, 605, 190, 190, 190
L 157, 2050, 605, 157, 2073, 605, 190, 190, 190
L 157, 2073, 605, 167, 2073, 592, 190, 190, 190
L 167, 2073, 592, 199, 2073, 891, 190, 190, 190
L 130, 2029, 591, 130, 2048, 618, 190, 190, 190
L 148, 2048, 618, 148, 2027, 571, 190, 190, 190
L 79, 2073, 891, 85, 2089, 852, 250, 128, 114
L 85, 2089, 852, 88, 2098, 812, 250, 128, 114
L 88, 2098, 812, 75, 2138, 905, 250, 128, 114
L 75, 2138, 905, 80, 2159, 886, 250, 128, 114
L 80, 2159, 886, 81, 2168, 840, 250, 128, 114
L 81, 2168, 840, 81, 2186, 814, 250, 128, 114
L 81, 2186, 814, 80, 2198, 878, 250, 128, 114
L 80, 2198, 878, 76, 2219, 901, 250, 128, 114
L 76, 2219, 901, 86, 2252, 846, 250, 128, 114
L 86, 2252, 846, 88, 2260, 812, 250, 128, 114
L 88, 2260, 812, 75, 2295, 909, 250, 128, 114
L 75, 2295, 909, 81, 2326, 884, 250, 128, 114
L 81, 2326, 884, 81, 2344, 876, 250, 128, 114
L 81, 2344, 876, 80, 2357, 885, 250, 128, 114
L 80, 2357, 885, 75, 2382, 911, 250, 128, 114
L 75, 2382, 911, 88, 2418, 813, 250, 128, 114
L 88, 2418, 813, 87, 2427, 838, 250, 128, 114
L 87, 2427, 838, 75, 2461, 905, 250, 128, 114
L 75, 2461, 905, 81, 2482, 869, 250, 128, 114
L 81, 2482, 869, 81, 2498, 772, 250, 128, 114
L 81, 2498, 772, 78, 2513, 797, 250, 128, 114
L 78, 2513, 797, 65, 2543, 810, 250, 128, 114
L 65, 2543, 810, 75, 2567, 760, 250, 128, 114
L 75, 2567, 760, 79, 2580, 707, 250, 128, 114
L 79, 2580, 707, 73, 2585, 674, 250, 128, 114
L 73, 2585, 674, 68, 2590, 640, 250, 128, 114
L 68, 2590, 640, 39, 2616, 704, 250, 128, 114
L 39, 2616, 704, 32, 2624, 710, 250, 128, 114
L 32, 2624, 710, 8, 2649, 688, 250, 128, 114
L 8, 2649, 688, -2, 2659, 685, 250, 128, 114
L -2, 2659, 685, -23, 2661, 744, 250, 128, 114
L -23, 2661, 744, -54, 2652, 995, 250, 128, 114
L -54, 2652, 995, -82, 2649, 719, 250, 128, 114
L -82, 2649, 719, -90, 2647, 730, 250, 128, 114
L -90, 2647, 730, -110, 2655, 690, 250, 128, 114
L -110, 2655, 690, -125, 2660, 633, 250, 128, 114
L -125, 2660, 633, -165, 2647, 727, 250, 128, 114
L -165, 2647, 727, -184, 2652, 708, 250, 128, 114
L -184, 2652, 708, -199, 2653, 637, 250, 128, 114
L -199, 2653, 637, -209, 2652, 585, 250, 128, 114
L -209, 2652, 585, -225, 2649, 575, 250, 128, 114
L -225, 2649, 575, -250, 2637, 504, 250, 128, 114
L -250, 2637, 504, -265, 2639, 410, 250, 128, 114
L -265, 2639, 410, -278, 2640, 357, 250, 128, 114
L -278, 2640, 357, -295, 2641, 327, 250, 128, 114
L -295, 2641, 327, -307, 2640, 341, 250, 128, 114
L -307, 2640, 341, -325, 2636, 227, 250, 128, 114
L -325, 2636, 227, -345, 2640, 207, 250, 128, 114
L -345, 2640, 207, -362, 2640, 114, 250, 128, 114
L -362, 2640, 114, -372, 2638, 88, 250, 128, 114
L -372, 2638, 88, -386, 2631, 96, 250, 128, 114
L -386, 2631, 96, -396, 2622, 104, 250, 128, 114
L -396, 2622, 104, -410, 2612, 129, 250, 128, 114
L -410, 2612, 129, -431, 2605, 107, 250, 128, 114
L -431, 2605, 107, -444, 2599, 47, 250, 128, 114
L -444, 2599, 47, -448, 2591, 63, 250, 128, 114
L -448, 2591, 63, -448, 2578, 149, 250, 128, 114
L -448, 2578, 149, -448, 2557, 144, 250, 128, 114
L -448, 2557, 144, -451, 2536, 159, 250, 128, 114
L -451, 2536, 159, -448, 2526, 163, 250, 128, 114
L -448, 2526, 163, -439, 2501, 142, 250, 128, 114
L -439, 2501, 142, -437, 2486, 135, 250, 128, 114
L -437, 2486, 135, -436, 2424, 135, 250, 128, 114
L -436, 2424, 135, -441, 2378, 131, 250, 128, 114
L -441, 2378, 131, -443, 2368, 131, 250, 128, 114
L -443, 2368, 131, -418, 2327, 324, 250, 128, 114
L -418, 2327, 324, -429, 2305, 337, 250, 128, 114
L -429, 2305, 337, -441, 2283, 356, 250, 128, 114
L -441, 2283, 356, -477, 2252, 276, 250, 128, 114
L -477, 2252, 276, -482, 2245, 276, 250, 128, 114
L -482, 2245, 276, -489, 2218, 355, 250, 128, 114
L -489, 2218, 355, -500, 2193, 373, 250, 128, 114
L -500, 2193, 373, -507, 2175, 296, 250, 128, 114
L -507, 2175, 296, -510, 2159, 217, 250, 128, 114
L -510, 2159, 217, -504, 2128, 222, 250, 128, 114
L -504, 2128, 222, -518, 2106, 380, 250, 128, 114
L -518, 2106, 380, -524, 2092, 334, 250, 128, 114
L -524, 2092, 334, -526, 2086, 307, 250, 128, 114
L -526, 2086, 307, -513, 2067, 357, 250, 128, 114
L -513, 2067, 357, -502, 2050, 511, 250, 128, 114
L -502, 2050, 511, -501, 2029, 629, 250, 128, 114
L -501, 2029, 629, -498, 2005, 602, 250, 128, 114
L -498, 2005, 602, -493, 1969, 725, 250, 128, 114
L -493, 1969, 725, -484, 1953, 700, 250, 128, 114
L -484, 1953, 700, -465, 1931, 628, 250, 128, 114
L -465, 1931, 628, -436, 1909, 594, 250, 128, 114
L -436, 1909, 594, -424, 1903, 589, 250, 128, 114
L -424, 1903, 589, -423, 1880, 521, 250, 128, 114
L -423, 1880, 521, -423, 1859, 493, 250, 128, 114
L -423, 1859, 493, -423, 1832, 499, 250, 128, 114
L -423, 1832, 499, -422, 1808, 522, 250, 128, 114
L -422, 1808, 522, -422, 1791, 522, 250, 128, 114
L -422, 1791, 522, -422, 1784, 577, 250, 128, 114
L -422, 1784, 577, -429, 1779, 540, 250, 128, 114
L -429, 1779, 540, -441, 1766, 514, 250, 128, 114
L -441, 1766, 514, -456, 1754, 581, 250, 128, 114
L -456, 1754, 581, -462, 1748, 623, 250, 128, 114
L -462, 1748, 623, -489, 1732, 608, 250, 128, 114
L -489, 1732, 608, -502, 1720, 529, 250, 128, 114
L -502, 1720, 529, -511, 1712, 552, 250, 128, 114
L -511, 1712, 552, -519, 1706, 622, 250, 128, 114
L -519, 1706, 622, -541, 1687, 627, 250, 128, 114
L -541, 1687, 627, -564, 1680, 627, 250, 128, 114
L -564, 1680, 627, -580, 1673, 587, 250, 128, 114
L -580, 1673, 587, -594, 1680, 611, 250, 128, 114
L -594, 1680, 611, -619, 1687, 624, 250, 128, 114
L -619, 1687, 624, -638, 1704, 638, 250, 128, 114
L -638, 1704, 638, -650, 1714, 593, 250, 128, 114
L -650, 1714, 593, -659, 1721, 530, 250, 128, 114
L -659, 1721, 530, -670, 1731, 605, 250, 128, 114
L -670, 1731, 605, -697, 1748, 625, 250, 128, 114
L -697, 1748, 625, -721, 1768, 525, 250, 128, 114
L -721, 1768, 525, -734, 1781, 558, 250, 128, 114
L -734, 1781, 558, -741, 1784, 585, 250, 128, 114
L -741, 1784, 585, -781, 1757, 589, 250, 128, 114
L -781, 1757, 589, -800, 1759, 629, 250, 128, 114
L -800, 1759, 629, -809, 1761, 588, 250, 128, 114
L -809, 1761, 588, -825, 1762, 497, 250, 128, 114
L -825, 1762, 497, -860, 1785, 310, 250, 128, 114
L -860, 1785, 310, -879, 1781, 363, 250, 128, 114
L -879, 1781, 363, -900, 1772, 226, 250, 128, 114
L -900, 1772, 226, -922, 1798, 205, 250, 128, 114
L -922, 1798, 205, -939, 1814, 222, 250, 128, 114
L -939, 1814, 222, -958, 1822, 332, 250, 128, 114
L -958, 1822, 332, -979, 1827, 361, 250, 128, 114
L -979, 1827, 361, -1017, 1855, 279, 250, 128, 114
L -1017, 1855, 279, -1033, 1859, 338, 250, 128, 114
L -1033, 1859, 338, -1056, 1864, 371, 250, 128, 114
L -1056, 1864, 371, -1078, 1880, 380, 250, 128, 114
L -1078, 1880, 380, -1104, 1895, 302, 250, 128, 114
L -1104, 1895, 302, -1134, 1913, 134, 250, 128, 114
L -1134, 1913, 134, -1140, 1918, 142, 250, 128, 114
L -1140, 1918, 142, -1160, 1911, 143, 250, 128, 114
L -1160, 1911, 143, -1184, 1902, 189, 250, 128, 114
L -1184, 1902, 189, -1210, 1889, 279, 250, 128, 114
L -1210, 1889, 279, -1226, 1878, 193, 250, 128, 114
L -1226, 1878, 193, -1245, 1878, 114, 250, 128, 114
L -1245, 1878, 114, -1270, 1873, 49, 250, 128, 114
L -1270, 1873, 49, -1300, 1882, -74, 250, 128, 114
L -1300, 1882, -74, -1315, 1886, -130, 250, 128, 114
L -1315, 1886, -130, -1327, 1893, -147, 250, 128, 114
L -1327, 1893, -147, -1345, 1903, -89, 250, 128, 114
L -1345, 1903, -89, -1363, 1917, -58, 250, 128, 114
L -1363, 1917, -58, -1395, 1947, -68, 250, 128, 114
L -1395, 1947, -68, -1415, 1992, -81, 250, 128, 114
L -1415, 1992, -81, -1425, 2012, -47, 250, 128, 114
L -1425, 2012, -47, -1435, 2029, -54, 250, 128, 114
L -1435, 2029, -54, -1441, 2054, -60, 250, 128, 114
L -1441, 2054, -60, -1448, 2081, -27, 250, 128, 114
L -1448, 2081, -27, -1450, 2088, -43, 250, 128, 114
L -1450, 2088, -43, -1459, 2119, -3, 250, 128, 114
L -1459, 2119, -3, -1471, 2156, 32, 250, 128, 114
L -1471, 2156, 32, -1480, 2186, 10, 250, 128, 114
L -1480, 2186, 10, -1488, 2209, -39, 250, 128, 114
L -1488, 2209, -39, -1500, 2241, -181, 250, 128, 114
L -1500, 2241, -181, -1510, 2268, -107, 250, 128, 114
L -1510, 2268, -107, -1511, 2273, -98, 250, 128, 114
L -1511, 2273, -98, -1501, 2295, -95, 250, 128, 114
L -1501, 2295, -95, -1497, 2314, -123, 250, 128, 114
L -1497, 2314, -123, -1496, 2333, -34, 250, 128, 114
L -1496, 2333, -34, -1502, 2356, 4, 250, 128, 114
L -1502, 2356, 4, -1501, 2421, 6, 250, 128, 114
L -1501, 2421, 6, -1489, 2491, -76, 250, 128, 114
L -1489, 2491, -76, -1489, 2503, -81, 250, 128, 114
L -1489, 2503, -81, -1496, 2544, -15, 250, 128, 114
L -1496, 2544, -15, -1502, 2575, 8, 250, 128, 114
L -1502, 2575, 8, -1497, 2609, -13, 250, 128, 114
L -1497, 2609, -13, -1496, 2629, -33, 250, 128, 114
L -1496, 2629, -33, -1514, 2648, 47, 250, 128, 114
L -1514, 2648, 47, -1519, 2654, 55, 250, 128, 114
L -1519, 2654, 55, -1538, 2666, 42, 250, 128, 114
L -1538, 2666, 42, -1547, 2672, 35, 250, 128, 114
L -1547, 2672, 35, -1552, 2680, 35, 250, 128, 114
L -1552, 2680, 35, -1557, 2688, 47, 250, 128, 114
L -1557, 2688, 47, -1570, 2699, 62, 250, 128, 114
L -1570, 2699, 62, -1578, 2711, 52, 250, 128, 114
L -1583, 2777, 42, -1582, 2820, 33, 250, 128, 114
L -1582, 2820, 33, -1587, 2838, 33, 250, 128, 114
L -1587, 2838, 33, -1575, 2852, 53, 250, 128, 114
L -1575, 2852, 53, -1570, 2859, 53, 250, 128, 114
L -1570, 2859, 53, -1558, 2868, 39, 250, 128, 114
L -1558, 2868, 39, -1547, 2887, 33, 250, 128, 114
L -1547, 2887, 33, -1531, 2899, 61, 250, 128, 114
L -1531, 2899, 61, -1514, 2911, 47, 250, 128, 114
L -1514, 2911, 47, -1499, 2926, -13, 250, 128, 114
L -1499, 2926, -13, -1496, 2938, -15, 250, 128, 114
L -1496, 2938, -15, -1499, 2957, -4, 250, 128, 114
L -1499, 2957, -4, -1502, 2972, 11, 250, 128, 114
L -1502, 2972, 11, -1488, 3009, -89, 250, 128, 114
L -1488, 3009, -89, -1496, 3035, -16, 250, 128, 114
L -1496, 3035, -16, -1502, 3050, 4, 250, 128, 114
L -1502, 3050, 4, -1496, 3074, -37, 250, 128, 114
L -1496, 3074, -37, -1497, 3092, -123, 250, 128, 114
L -1497, 3092, -123, -1501, 3110, -96, 250, 128, 114
L -1501, 3110, -96, -1512, 3133, -89, 250, 128, 114
L -1512, 3133, -89, -1503, 3155, -132, 250, 128, 114
L -1503, 3155, -132, -1497, 3174, -163, 250, 128, 114
L -1497, 3174, -163, -1486, 3202, -16, 250, 128, 114
L -1486, 3202, -16, -1472, 3244, 24, 250, 128, 114
L -1472, 3244, 24, -1458, 3287, -7, 250, 128, 114
L -1458, 3287, -7, -1454, 3301, -50, 250, 128, 114
L -1454, 3301, -50, -1448, 3331, -37, 250, 128, 114
L -1448, 3331, -37, -1436, 3376, -51, 250, 128, 114
L -1436, 3376, -51, -1419, 3405, -57, 250, 128, 114
L -1419, 3405, -57, -1414, 3417, -93, 250, 128, 114
L -1414, 3417, -93, -1395, 3460, -68, 250, 128, 114
L -1395, 3460, -68, -1352, 3499, -69, 250, 128, 114
L -1352, 3499, -69, -1325, 3514, -158, 250, 128, 114
L -1325, 3514, -158, -1314, 3520, -131, 250, 128, 114
L -1314, 3520, -131, -1302, 3523, -90, 250, 128, 114
L -1302, 3523, -90, -1286, 3528, 24, 250, 128, 114
L -1286, 3528, 24, -1270, 3532, 49, 250, 128, 114
L -1270, 3532, 49, -1233, 3528, 166, 250, 128, 114
L -1233, 3528, 166, -1224, 3526, 194, 250, 128, 114
L -1224, 3526, 194, -1208, 3515, 277, 250, 128, 114
L -1208, 3515, 277, -1193, 3507, 210, 250, 128, 114
L -1193, 3507, 210, -1168, 3498, 142, 250, 128, 114
L -1168, 3498, 142, -1140, 3488, 142, 250, 128, 114
L -1140, 3488, 142, -1111, 3507, 265, 250, 128, 114
L -1111, 3507, 265, -1089, 3519, 363, 250, 128, 114
L -1089, 3519, 363, -1055, 3543, 375, 250, 128, 114
L -1055, 3543, 375, -1020, 3549, 270, 250, 128, 114
L -1020, 3549, 270, -979, 3579, 362, 250, 128, 114
L -979, 3579, 362, -955, 3584, 318, 250, 128, 114
L -955, 3584, 318, -937, 3593, 219, 250, 128, 114
L -937, 3593, 219, -928, 3603, 210, 250, 128, 114
L -928, 3603, 210, -915, 3616, 208, 250, 128, 114
L -915, 3616, 208, -900, 3633, 217, 250, 128, 114
L -900, 3633, 217, -875, 3625, 359, 250, 128, 114
L -875, 3625, 359, -862, 3622, 318, 250, 128, 114
L -862, 3622, 318, -839, 3635, 367, 250, 128, 114
L -839, 3635, 367, -823, 3645, 514, 250, 128, 114
L -823, 3645, 514, -806, 3646, 608, 250, 128, 114
L -806, 3646, 608, -798, 3646, 634, 250, 128, 114
L -798, 3646, 634, -780, 3649, 588, 250, 128, 114
L -780, 3649, 588, -747, 3626, 598, 250, 128, 114
L -747, 3626, 598, -739, 3621, 579, 250, 128, 114
L -739, 3621, 579, -731, 3627, 542, 250, 128, 114
L -731, 3627, 542, -706, 3651, 581, 250, 128, 114
L -706, 3651, 581, -696, 3659, 631, 250, 128, 114
L -696, 3659, 631, -668, 3677, 606, 250, 128, 114
L -668, 3677, 606, -652, 3691, 583, 250, 128, 114
L -652, 3691, 583, -634, 3705, 636, 250, 128, 114
L -634, 3705, 636, -619, 3719, 621, 250, 128, 114
L -619, 3719, 621, -597, 3726, 618, 250, 128, 114
L -597, 3726, 618, -580, 3733, 588, 250, 128, 114
L -580, 3733, 588, -568, 3727, 623, 250, 128, 114
L -568, 3727, 623, -543, 3719, 634, 250, 128, 114
L -543, 3719, 634, -540, 3718, 618, 250, 128, 114
L -540, 3718, 618, -523, 3703, 625, 250, 128, 114
L -523, 3703, 625, -510, 3693, 544, 250, 128, 114
L -510, 3693, 544, -492, 3676, 599, 250, 128, 114
L -492, 3676, 599, -463, 3659, 629, 250, 128, 114
L -463, 3659, 629, -437, 3636, 534, 250, 128, 114
L -437, 3636, 534, -422, 3622, 577, 250, 128, 114
L -422, 3622, 577, -424, 3606, 511, 250, 128, 114
L -424, 3606, 511, -420, 3560, 517, 250, 128, 114
L -420, 3560, 517, -422, 3548, 508, 250, 128, 114
L -422, 3548, 508, -422, 3523, 527, 250, 128, 114
L -422, 3523, 527, -422, 3507, 561, 250, 128, 114
L -422, 3507, 561, -424, 3503, 589, 250, 128, 114
L -424, 3503, 589, -447, 3488, 605, 250, 128, 114
L -447, 3488, 605, -468, 3470, 648, 250, 128, 114
L -468, 3470, 648, -482, 3454, 697, 250, 128, 114
L -482, 3454, 697, -488, 3446, 719, 250, 128, 114
L -488, 3446, 719, -496, 3424, 712, 250, 128, 114
L -496, 3424, 712, -498, 3410, 660, 250, 128, 114
L -498, 3410, 660, -499, 3391, 617, 250, 128, 114
L -499, 3391, 617, -500, 3372, 634, 250, 128, 114
L -500, 3372, 634, -503, 3355, 506, 250, 128, 114
L -503, 3355, 506, -515, 3336, 355, 250, 128, 114
L -515, 3336, 355, -526, 3317, 311, 250, 128, 114
L -526, 3317, 311, -518, 3301, 379, 250, 128, 114
L -518, 3301, 379, -512, 3289, 308, 250, 128, 114
L -512, 3289, 308, -505, 3278, 220, 250, 128, 114
L -505, 3278, 220, -510, 3254, 211, 250, 128, 114
L -510, 3254, 211, -509, 3238, 239, 250, 128, 114
L -509, 3238, 239, -504, 3221, 365, 250, 128, 114
L -504, 3221, 365, -493, 3199, 360, 250, 128, 114
L -493, 3199, 360, -485, 3167, 296, 250, 128, 114
L -485, 3167, 296, -480, 3157, 271, 250, 128, 114
L -480, 3157, 271, -441, 3123, 357, 250, 128, 114
L -441, 3123, 357, -428, 3094, 336, 250, 128, 114
L -428, 3094, 336, -418, 3079, 324, 250, 128, 114
L -418, 3079, 324, -434, 3052, 174, 250, 128, 114
L -434, 3052, 174, -444, 3037, 131, 250, 128, 114
L -444, 3037, 131, -437, 2998, 135, 250, 128, 114
L -437, 2998, 135, -437, 2912, 135, 250, 128, 114
L -437, 2912, 135, -451, 2868, 157, 250, 128, 114
L -451, 2868, 157, -448, 2843, 153, 250, 128, 114
L -448, 2843, 153, -448, 2829, 87, 250, 128, 114
L -448, 2829, 87, -443, 2817, 53, 250, 128, 114
L -443, 2817, 53, -437, 2811, 105, 250, 128, 114
L -437, 2811, 105, -417, 2800, 126, 250, 128, 114
L -417, 2800, 126, -405, 2791, 96, 250, 128, 114
L -405, 2791, 96, -384, 2772, 25, 250, 128, 114
L -384, 2772, 25, -375, 2763, 42, 250, 128, 114
L -375, 2763, 42, -361, 2757, 121, 250, 128, 114
L -361, 2757, 121, -345, 2758, 207, 250, 128, 114
L -345, 2758, 207, -326, 2762, 224, 250, 128, 114
L -326, 2762, 224, -304, 2749, 379, 250, 128, 114
L -304, 2749, 379, -286, 2742, 310, 250, 128, 114
L -286, 2742, 310, -266, 2754, 357, 250, 128, 114
L -266, 2754, 357, -248, 2765, 516, 250, 128, 114
L -248, 2765, 516, -225, 2766, 633, 250, 128, 114
L -225, 2766, 633, -206, 2769, 587, 250, 128, 114
L -206, 2769, 587, -192, 2769, 673, 250, 128, 114
L -192, 2769, 673, -166, 2774, 721, 250, 128, 114
L -166, 2774, 721, -137, 2764, 667, 250, 128, 114
L -137, 2764, 667, -122, 2762, 639, 250, 128, 114
L -122, 2762, 639, -90, 2774, 729, 250, 128, 114
L -90, 2774, 729, -62, 2769, 704, 250, 128, 114
L -62, 2769, 704, -31, 2769, 704, 250, 128, 114
L -31, 2769, 704, -2, 2774, 729, 250, 128, 114
L -2, 2774, 729, 36, 2763, 646, 250, 128, 114
L 36, 2763, 646, 46, 2759, 642, 250, 128, 114
L 46, 2759, 642, 79, 2741, 711, 250, 128, 114
L 79, 2741, 711, 94, 2727, 719, 250, 128, 114
L 94, 2727, 719, 131, 2698, 710, 250, 128, 114
L 131, 2698, 710, 147, 2645, 722, 250, 128, 114
L 147, 2645, 722, 163, 2618, 727, 250, 128, 114
L 163, 2618, 727, 175, 2588, 750, 250, 128, 114
L 175, 2588, 750, 192, 2543, 809, 250, 128, 114
L 192, 2543, 809, 195, 2509, 772, 250, 128, 114
L 195, 2509, 772, 197, 2483, 867, 250, 128, 114
L 197, 2483, 867, 202, 2460, 902, 250, 128, 114
L 202, 2460, 902, 191, 2426, 831, 250, 128, 114
L 191, 2426, 831, 193, 2408, 857, 250, 128, 114
L 193, 2408, 857, 202, 2383, 908, 250, 128, 114
L 202, 2383, 908, 197, 2350, 884, 250, 128, 114
L 197, 2350, 884, 197, 2322, 884, 250, 128, 114
L 197, 2322, 884, 202, 2295, 909, 250, 128, 114
L 202, 2295, 909, 189, 2259, 811, 250, 128, 114
L 189, 2259, 811, 198, 2232, 886, 250, 128, 114
L 198, 2232, 886, 202, 2219, 901, 250, 128, 114
L 202, 2219, 901, 197, 2194, 859, 250, 128, 114
L 197, 2194, 859, 197, 2171, 825, 250, 128, 114
L 197, 2171, 825, 200, 2148, 899, 250, 128, 114
L 200, 2148, 899, 202, 2137, 899, 250, 128, 114
L 202, 2137, 899, 193, 2112, 858, 250, 128, 114
L 193, 2112, 858, 190, 2103, 822, 250, 128, 114
L 190, 2103, 822, 191, 2092, 838, 250, 128, 114
L 191, 2092, 838, 199, 2073, 893, 250, 128, 114
L -1374, 2885, 11, -1388, 2849, -89, 250, 128, 114
L -1388, 2849, -89, -1374, 2810, 4, 250, 128, 114
L -1374, 2810, 4, -1380, 2784, -40, 250, 128, 114
L -1380, 2784, -40, -1380, 2757, -53, 250, 128, 114
L -1380, 2757, -53, -1374, 2730, 5, 250, 128, 114
L -1374, 2730, 5, -1387, 2691, -84, 250, 128, 114
L -1387, 2691, -84, -1381, 2670, -23, 250, 128, 114
L -1381, 2670, -23, -1375, 2652, 1, 250, 128, 114
L -1375, 2652, 1, -1380, 2633, -21, 250, 128, 114
L -1380, 2633, -21, -1380, 2612, -15, 250, 128, 114
L -1380, 2612, -15, -1375, 2575, 5, 250, 128, 114
L -1375, 2575, 5, -1388, 2498, -88, 250, 128, 114
L -1388, 2498, -88, -1383, 2416, -84, 250, 128, 114
L -1383, 2416, -84, -1374, 2356, 4, 250, 128, 114
L -1374, 2356, 4, -1381, 2330, -38, 250, 128, 114
L -1381, 2330, -38, -1380, 2316, -69, 250, 128, 114
L -1380, 2316, -69, -1349, 2305, -62, 250, 128, 114
L -1349, 2305, -62, -1329, 2302, -71, 250, 128, 114
L -1329, 2302, -71, -1305, 2307, 144, 250, 128, 114
L -1305, 2307, 144, -1289, 2309, 281, 250, 128, 114
L -1289, 2309, 281, -1278, 2303, 122, 250, 128, 114
L -1278, 2303, 122, -1262, 2292, 154, 250, 128, 114
L -1262, 2292, 154, -1251, 2279, 128, 250, 128, 114
L -1251, 2279, 128, -1231, 2260, 69, 250, 128, 114
L -1231, 2260, 69, -1212, 2244, 161, 250, 128, 114
L -1212, 2244, 161, -1194, 2226, 123, 250, 128, 114
L -1194, 2226, 123, -1165, 2206, 13, 250, 128, 114
L -1165, 2206, 13, -1141, 2184, 31, 250, 128, 114
L -1141, 2184, 31, -1120, 2176, 342, 250, 128, 114
L -1120, 2176, 342, -1098, 2172, 383, 250, 128, 114
L -1098, 2172, 383, -1065, 2174, 309, 250, 128, 114
L -1065, 2174, 309, -1044, 2166, 377, 250, 128, 114
L -1044, 2166, 377, -1023, 2160, 385, 250, 128, 114
L -1023, 2160, 385, -1006, 2171, 403, 250, 128, 114
L -1006, 2171, 403, -972, 2192, 395, 250, 128, 114
L -972, 2192, 395, -948, 2210, 409, 250, 128, 114
L -948, 2210, 409, -938, 2217, 430, 250, 128, 114
L -938, 2217, 430, -914, 2224, 403, 250, 128, 114
L -914, 2224, 403, -905, 2229, 348, 250, 128, 114
L -905, 2229, 348, -871, 2260, 407, 250, 128, 114
L -871, 2260, 407, -860, 2273, 436, 250, 128, 114
L -860, 2273, 436, -854, 2298, 363, 250, 128, 114
L -854, 2298, 363, -860, 2314, 371, 250, 128, 114
L -860, 2314, 371, -861, 2323, 393, 250, 128, 114
L -861, 2323, 393, -839, 2338, 351, 250, 128, 114
L -839, 2338, 351, -833, 2351, 378, 250, 128, 114
L -833, 2351, 378, -829, 2372, 234, 250, 128, 114
L -829, 2372, 234, -804, 2389, 215, 250, 128, 114
L -804, 2389, 215, -800, 2393, 225, 250, 128, 114
L -800, 2393, 225, -796, 2410, 307, 250, 128, 114
L -796, 2410, 307, -794, 2432, 364, 250, 128, 114
L -794, 2432, 364, -754, 2467, 314, 250, 128, 114
L -754, 2467, 314, -734, 2484, 206, 250, 128, 114
L -734, 2484, 206, -714, 2500, 109, 250, 128, 114
L -714, 2500, 109, -668, 2532, 142, 250, 128, 114
L -668, 2532, 142, -650, 2553, 165, 250, 128, 114
L -650, 2553, 165, -642, 2581, 151, 250, 128, 114
L -642, 2581, 151, -640, 2609, 134, 250, 128, 114
L -640, 2609, 134, -673, 2635, 95, 250, 128, 114
L -673, 2635, 95, -682, 2639, 89, 250, 128, 114
L -682, 2639, 89, -683, 2683, -7, 250, 128, 114
L -683, 2683, -7, -684, 2728, 14, 250, 128, 114
L -684, 2728, 14, -684, 2758, 77, 250, 128, 114
L -684, 2758, 77, -670, 2770, 27, 250, 128, 114
L -670, 2770, 27, -652, 2787, 82, 250, 128, 114
L -652, 2787, 82, -641, 2805, 151, 250, 128, 114
L -641, 2805, 151, -642, 2825, 151, 250, 128, 114
L -642, 2825, 151, -648, 2848, 158, 250, 128, 114
L -648, 2848, 158, -652, 2855, 160, 250, 128, 114
L -652, 2855, 160, -668, 2875, 144, 250, 128, 114
L -668, 2875, 144, -704, 2898, 119, 250, 128, 114
L -704, 2898, 119, -734, 2922, 207, 250, 128, 114
L -734, 2922, 207, -749, 2934, 286, 250, 128, 114
L -749, 2934, 286, -764, 2948, 308, 250, 128, 114
L -764, 2948, 308, -794, 2973, 366, 250, 128, 114
L -794, 2973, 366, -796, 2998, 299, 250, 128, 114
L -796, 2998, 299, -802, 3016, 209, 250, 128, 114
L -802, 3016, 209, -830, 3034, 232, 250, 128, 114
L -830, 3034, 232, -833, 3055, 376, 250, 128, 114
L -833, 3055, 376, -845, 3073, 389, 250, 128, 114
L -845, 3073, 389, -861, 3083, 386, 250, 128, 114
L -861, 3083, 386, -855, 3114, 378, 250, 128, 114
L -855, 3114, 378, -860, 3136, 441, 250, 128, 114
L -860, 3136, 441, -862, 3140, 432, 250, 128, 114
L -862, 3140, 432, -883, 3158, 348, 250, 128, 114
L -883, 3158, 348, -899, 3173, 328, 250, 128, 114
L -899, 3173, 328, -911, 3180, 401, 250, 128, 114
L -911, 3180, 401, -937, 3189, 428, 250, 128, 114
L -937, 3189, 428, -966, 3211, 395, 250, 128, 114
L -966, 3211, 395, -987, 3222, 394, 250, 128, 114
L -987, 3222, 394, -1011, 3239, 403, 250, 128, 114
L -1011, 3239, 403, -1023, 3246, 385, 250, 128, 114
L -1023, 3246, 385, -1040, 3243, 376, 250, 128, 114
L -1040, 3243, 376, -1066, 3231, 307, 250, 128, 114
L -1066, 3231, 307, -1099, 3235, 125, 250, 128, 114
L -1099, 3235, 125, -1114, 3232, 152, 250, 128, 114
L -1114, 3232, 152, -1125, 3229, 143, 250, 128, 114
L -1125, 3229, 143, -1146, 3219, 19, 250, 128, 114
L -1146, 3219, 19, -1175, 3195, 16, 250, 128, 114
L -1175, 3195, 16, -1200, 3175, 171, 250, 128, 114
L -1200, 3175, 171, -1211, 3163, 159, 250, 128, 114
L -1211, 3163, 159, -1234, 3144, 76, 250, 128, 114
L -1234, 3144, 76, -1265, 3110, 155, 250, 128, 114
L -1265, 3110, 155, -1279, 3103, 138, 250, 128, 114
L -1279, 3103, 138, -1296, 3098, 236, 250, 128, 114
L -1296, 3098, 236, -1328, 3104, -75, 250, 128, 114
L -1328, 3104, -75, -1343, 3102, -59, 250, 128, 114
L -1343, 3102, -59, -1365, 3095, -59, 250, 128, 114
L -1365, 3095, -59, -1380, 3091, -68, 250, 128, 114
L -1380, 3091, -68, -1380, 3072, -23, 250, 128, 114
L -1380, 3072, -23, -1374, 3049, 2, 250, 128, 114
L -1374, 3049, 2, -1385, 3020, -50, 250, 128, 114
L -1385, 3020, -50, -1387, 3006, -78, 250, 128, 114
L -1387, 3006, -78, -1374, 2974, 9, 250, 128, 114
L -1374, 2974, 9, -1380, 2945, -15, 250, 128, 114
L -1380, 2945, -15, -1380, 2923, -22, 250, 128, 114
L -1380, 2923, -22, -1377, 2901, -4, 250, 128, 114
L -1377, 2901, -4, -1374, 2885, 9, 250, 128, 114
L -1351, 3149, -64, -1332, 3152, -68, 250, 128, 114
L -1332, 3152, -68, -1288, 3197, 131, 250, 128, 114
L -1288, 3197, 131, -1277, 3210, 145, 250, 128, 114
L -1277, 3210, 145, -1263, 3233, 140, 250, 128, 114
L -1263, 3233, 140, -1255, 3245, 174, 250, 128, 114
L -1255, 3245, 174, -1230, 3247, 69, 250, 128, 114
L -1230, 3247, 69, -1218, 3270, 152, 250, 128, 114
L -1218, 3270, 152, -1209, 3291, 161, 250, 128, 114
L -1209, 3291, 161, -1183, 3304, 31, 250, 128, 114
L -1183, 3304, 31, -1163, 3323, 4, 250, 128, 114
L -1163, 3323, 4, -1142, 3348, 23, 250, 128, 114
L -1142, 3348, 23, -1131, 3345, 115, 250, 128, 114
L -1131, 3345, 115, -1118, 3339, 161, 250, 128, 114
L -1118, 3339, 161, -1102, 3336, 111, 250, 128, 114
L -1102, 3336, 111, -1082, 3348, 157, 250, 128, 114
L -1082, 3348, 157, -1042, 3360, 436, 250, 128, 114
L -1042, 3360, 436, -1019, 3367, 389, 250, 128, 114
L -1019, 3367, 389, -983, 3336, 386, 250, 128, 114
L -983, 3336, 386, -979, 3337, 370, 250, 128, 114
L -979, 3337, 370, -971, 3342, 333, 250, 128, 114
L -971, 3342, 333, -961, 3354, 320, 250, 128, 114
L -961, 3354, 320, -950, 3365, 381, 250, 128, 114
L -950, 3365, 381, -936, 3374, 429, 250, 128, 114
L -936, 3374, 429, -904, 3397, 345, 250, 128, 114
L -904, 3397, 345, -892, 3406, 396, 250, 128, 114
L -892, 3406, 396, -876, 3419, 433, 250, 128, 114
L -876, 3419, 433, -861, 3433, 422, 250, 128, 114
L -861, 3433, 422, -833, 3442, 404, 250, 128, 114
L -833, 3442, 404, -822, 3447, 387, 250, 128, 114
L -822, 3447, 387, -803, 3439, 433, 250, 128, 114
L -803, 3439, 433, -783, 3433, 423, 250, 128, 114
L -783, 3433, 423, -762, 3414, 424, 250, 128, 114
L -762, 3414, 424, -745, 3401, 331, 250, 128, 114
L -745, 3401, 331, -734, 3390, 403, 250, 128, 114
L -734, 3390, 403, -706, 3372, 427, 250, 128, 114
L -706, 3372, 427, -680, 3351, 327, 250, 128, 114
L -680, 3351, 327, -664, 3336, 377, 250, 128, 114
L -664, 3336, 377, -666, 3325, 294, 250, 128, 114
L -666, 3325, 294, -666, 3311, 304, 250, 128, 114
L -666, 3311, 304, -665, 3282, 316, 250, 128, 114
L -665, 3282, 316, -664, 3261, 300, 250, 128, 114
L -664, 3261, 300, -664, 3232, 320, 250, 128, 114
L -664, 3232, 320, -666, 3217, 389, 250, 128, 114
L -666, 3217, 389, -684, 3206, 399, 250, 128, 114
L -684, 3206, 399, -704, 3190, 425, 250, 128, 114
L -704, 3190, 425, -709, 3185, 444, 250, 128, 114
L -709, 3185, 444, -725, 3167, 501, 250, 128, 114
L -725, 3167, 501, -735, 3151, 525, 250, 128, 114
L -735, 3151, 525, -740, 3131, 493, 250, 128, 114
L -740, 3131, 493, -740, 3115, 396, 250, 128, 114
L -740, 3115, 396, -733, 3091, 437, 250, 128, 114
L -733, 3091, 437, -732, 3080, 414, 250, 128, 114
L -732, 3080, 414, -735, 3066, 328, 250, 128, 114
L -735, 3066, 328, -735, 3060, 296, 250, 128, 114
L -735, 3060, 296, -722, 3049, 308, 250, 128, 114
L -722, 3049, 308, -705, 3035, 231, 250, 128, 114
L -705, 3035, 231, -692, 3020, 208, 250, 128, 114
L -692, 3020, 208, -682, 3008, 275, 250, 128, 114
L -682, 3008, 275, -676, 2989, 393, 250, 128, 114
L -676, 2989, 393, -667, 2974, 363, 250, 128, 114
L -667, 2974, 363, -660, 2943, 331, 250, 128, 114
L -660, 2943, 331, -656, 2929, 303, 250, 128, 114
L -656, 2929, 303, -657, 2906, 149, 250, 128, 114
L -657, 2906, 149, -652, 2896, 173, 250, 128, 114
L -652, 2896, 173, -641, 2886, 135, 250, 128, 114
L -641, 2886, 135, -619, 2873, 138, 250, 128, 114
L -619, 2873, 138, -614, 2846, 159, 250, 128, 114
L -614, 2846, 159, -612, 2825, 131, 250, 128, 114
L -612, 2825, 131, -609, 2824, 102, 250, 128, 114
L -609, 2824, 102, -586, 2841, 383, 250, 128, 114
L -586, 2841, 383, -573, 2846, 377, 250, 128, 114
L -573, 2846, 377, -550, 2859, 133, 250, 128, 114
L -550, 2859, 133, -535, 2865, 121, 250, 128, 114
L -535, 2865, 121, -525, 2869, 93, 250, 128, 114
L -525, 2869, 93, -509, 2861, 129, 250, 128, 114
L -509, 2861, 129, -493, 2856, 133, 250, 128, 114
L -493, 2856, 133, -484, 2856, 143, 250, 128, 114
L -484, 2856, 143, -484, 2895, 152, 250, 128, 114
L -484, 2895, 152, -481, 2912, 145, 250, 128, 114
L -481, 2912, 145, -485, 2957, 133, 250, 128, 114
L -485, 2957, 133, -485, 2996, 133, 250, 128, 114
L -485, 2996, 133, -491, 3039, 119, 250, 128, 114
L -491, 3039, 119, -516, 3078, 481, 250, 128, 114
L -516, 3078, 481, -542, 3100, 318, 250, 128, 114
L -542, 3100, 318, -560, 3117, 350, 250, 128, 114
L -560, 3117, 350, -566, 3127, 360, 250, 128, 114
L -566, 3127, 360, -573, 3143, 339, 250, 128, 114
L -573, 3143, 339, -581, 3157, 276, 250, 128, 114
L -581, 3157, 276, -590, 3169, 301, 250, 128, 114
L -590, 3169, 301, -620, 3199, 360, 250, 128, 114
L -620, 3199, 360, -622, 3226, 291, 250, 128, 114
L -622, 3226, 291, -627, 3254, 216, 250, 128, 114
L -627, 3254, 216, -631, 3273, 221, 250, 128, 114
L -631, 3273, 221, -630, 3291, 305, 250, 128, 114
L -630, 3291, 305, -628, 3298, 351, 250, 128, 114
L -628, 3298, 351, -627, 3327, 354, 250, 128, 114
L -627, 3327, 354, -631, 3350, 484, 250, 128, 114
L -631, 3350, 484, -628, 3360, 521, 250, 128, 114
L -628, 3360, 521, -621, 3378, 581, 250, 128, 114
L -621, 3378, 581, -616, 3392, 584, 250, 128, 114
L -616, 3392, 584, -615, 3406, 613, 250, 128, 114
L -615, 3406, 613, -618, 3423, 642, 250, 128, 114
L -618, 3423, 642, -635, 3439, 569, 250, 128, 114
L -635, 3439, 569, -653, 3456, 528, 250, 128, 114
L -653, 3456, 528, -670, 3467, 602, 250, 128, 114
L -670, 3467, 602, -695, 3475, 628, 250, 128, 114
L -695, 3475, 628, -728, 3499, 597, 250, 128, 114
L -728, 3499, 597, -749, 3511, 602, 250, 128, 114
L -749, 3511, 602, -778, 3532, 587, 250, 128, 114
L -778, 3532, 587, -788, 3531, 584, 250, 128, 114
L -788, 3531, 584, -800, 3528, 574, 250, 128, 114
L -800, 3528, 574, -825, 3517, 503, 250, 128, 114
L -825, 3517, 503, -857, 3521, 323, 250, 128, 114
L -857, 3521, 323, -878, 3517, 361, 250, 128, 114
L -878, 3517, 361, -900, 3508, 222, 250, 128, 114
L -900, 3508, 222, -928, 3487, 208, 250, 128, 114
L -928, 3487, 208, -955, 3468, 323, 250, 128, 114
L -955, 3468, 323, -981, 3451, 361, 250, 128, 114
L -981, 3451, 361, -1001, 3451, 331, 250, 128, 114
L -1001, 3451, 331, -1019, 3449, 274, 250, 128, 114
L -1019, 3449, 274, -1035, 3437, 309, 250, 128, 114
L -1035, 3437, 309, -1059, 3417, 344, 250, 128, 114
L -1059, 3417, 344, -1080, 3413, 292, 250, 128, 114
L -1080, 3413, 292, -1099, 3415, 490, 250, 128, 114
L -1099, 3415, 490, -1122, 3429, 254, 250, 128, 114
L -1122, 3429, 254, -1141, 3441, 121, 250, 128, 114
L -1141, 3441, 121, -1161, 3443, 120, 250, 128, 114
L -1161, 3443, 120, -1184, 3446, 53, 250, 128, 114
L -1184, 3446, 53, -1225, 3418, 130, 250, 128, 114
L -1225, 3418, 130, -1244, 3414, 406, 250, 128, 114
L -1244, 3414, 406, -1265, 3419, 239, 250, 128, 114
L -1265, 3419, 239, -1274, 3416, -20, 250, 128, 114
L -1274, 3416, -20, -1309, 3378, -67, 250, 128, 114
L -1309, 3378, -67, -1326, 3350, -151, 250, 128, 114
L -1326, 3350, -151, -1342, 3326, -120, 250, 128, 114
L -1342, 3326, -120, -1351, 3311, -75, 250, 128, 114
L -1351, 3311, -75, -1350, 3301, -49, 250, 128, 114
L -1350, 3301, -49, -1344, 3250, 30, 250, 128, 114
L -1344, 3250, 30, -1370, 3215, -24, 250, 128, 114
L -1370, 3215, -24, -1381, 3200, -54, 250, 128, 114
L -1381, 3200, -54, -1398, 3169, -189, 250, 128, 114
L -1398, 3169, -189, -1393, 3154, -130, 250, 128, 114
L -1393, 3154, -130, -1387, 3140, -103, 250, 128, 114
L -1387, 3140, -103, -1384, 3132, -87, 250, 128, 114
L -1384, 3132, -87, -1374, 3134, 23, 250, 128, 114
L -1374, 3134, 23, -1365, 3136, 100, 250, 128, 114
L -1365, 3136, 100, -1352, 3141, -71, 250, 128, 114
L -1352, 3141, -71, -1351, 3149, -63, 250, 128, 114
L -1583, 2777, 42, -1578, 2777, 42, 190, 190, 190
L -1578, 2777, 42, -1578, 2750, 53, 190, 190, 190
L -1578, 2750, 53, -1582, 2750, 45, 190, 190, 190
L -1582, 2750, 45, -1582, 2728, 45, 190, 190, 190
L -1582, 2728, 45, -1578, 2728, 48, 190, 190, 190
L -1578, 2728, 48, -1578, 2711, 52, 190, 190, 190
L -1351, 2258, -63, -1332, 2254, -68, 250, 128, 114
L -1332, 2254, -68, -1290, 2211, 122, 250, 128, 114
L -1290, 2211, 122, -1273, 2191, 143, 250, 128, 114
L -1273, 2191, 143, -1256, 2161, 175, 250, 128, 114
L -1256, 2161, 175, -1229, 2158, 69, 250, 128, 114
L -1229, 2158, 69, -1209, 2115, 160, 250, 128, 114
L -1209, 2115, 160, -1192, 2107, 84, 250, 128, 114
L -1192, 2107, 84, -1181, 2101, 23, 250, 128, 114
L -1181, 2101, 23, -1165, 2085, 6, 250, 128, 114
L -1165, 2085, 6, -1142, 2058, 26, 250, 128, 114
L -1142, 2058, 26, -1116, 2068, 158, 250, 128, 114
L -1116, 2068, 158, -1098, 2068, 120, 250, 128, 114
L -1098, 2068, 120, -1084, 2059, 156, 250, 128, 114
L -1084, 2059, 156, -1064, 2047, 316, 250, 128, 114
L -1064, 2047, 316, -1040, 2046, 431, 250, 128, 114
L -1040, 2046, 431, -1022, 2043, 388, 250, 128, 114
L -1022, 2043, 388, -982, 2070, 384, 250, 128, 114
L -982, 2070, 384, -969, 2061, 333, 250, 128, 114
L -969, 2061, 333, -957, 2047, 355, 250, 128, 114
L -957, 2047, 355, -934, 2031, 427, 250, 128, 114
L -934, 2031, 427, -917, 2020, 411, 250, 128, 114
L -917, 2020, 411, -902, 2008, 333, 250, 128, 114
L -902, 2008, 333, -882, 1992, 436, 250, 128, 114
L -882, 1992, 436, -860, 1973, 424, 250, 128, 114
L -860, 1973, 424, -833, 1964, 405, 250, 128, 114
L -833, 1964, 405, -822, 1959, 387, 250, 128, 114
L -822, 1959, 387, -805, 1967, 429, 250, 128, 114
L -805, 1967, 429, -784, 1973, 429, 250, 128, 114
L -784, 1973, 429, -759, 1994, 400, 250, 128, 114
L -759, 1994, 400, -744, 2006, 329, 250, 128, 114
L -744, 2006, 329, -732, 2017, 406, 250, 128, 114
L -732, 2017, 406, -705, 2034, 426, 250, 128, 114
L -705, 2034, 426, -690, 2046, 356, 250, 128, 114
L -690, 2046, 356, -679, 2055, 331, 250, 128, 114
L -679, 2055, 331, -670, 2064, 354, 250, 128, 114
L -670, 2064, 354, -666, 2069, 368, 250, 128, 114
L -666, 2069, 368, -663, 2070, 377, 250, 128, 114
L -663, 2070, 377, -666, 2077, 303, 250, 128, 114
L -666, 2077, 303, -665, 2092, 319, 250, 128, 114
L -665, 2092, 319, -664, 2109, 294, 250, 128, 114
L -664, 2109, 294, -664, 2124, 323, 250, 128, 114
L -664, 2124, 323, -665, 2144, 295, 250, 128, 114
L -665, 2144, 295, -665, 2189, 388, 250, 128, 114
L -665, 2189, 388, -678, 2195, 392, 250, 128, 114
L -678, 2195, 392, -708, 2219, 437, 250, 128, 114
L -708, 2219, 437, -730, 2246, 521, 250, 128, 114
L -730, 2246, 521, -737, 2262, 518, 250, 128, 114
L -737, 2262, 518, -740, 2280, 470, 250, 128, 114
L -740, 2280, 470, -739, 2295, 401, 250, 128, 114
L -739, 2295, 401, -732, 2322, 433, 250, 128, 114
L -732, 2322, 433, -734, 2340, 332, 250, 128, 114
L -734, 2340, 332, -731, 2349, 319, 250, 128, 114
L -731, 2349, 319, -721, 2358, 301, 250, 128, 114
L -721, 2358, 301, -703, 2374, 218, 250, 128, 114
L -703, 2374, 218, -693, 2386, 207, 250, 128, 114
L -693, 2386, 207, -683, 2395, 247, 250, 128, 114
L -683, 2395, 247, -679, 2409, 351, 250, 128, 114
L -679, 2409, 351, -666, 2435, 360, 250, 128, 114
L -666, 2435, 360, -661, 2456, 332, 250, 128, 114
L -661, 2456, 332, -657, 2471, 326, 250, 128, 114
L -657, 2471, 326, -656, 2478, 292, 250, 128, 114
L -656, 2478, 292, -657, 2502, 135, 250, 128, 114
L -657, 2502, 135, -654, 2506, 219, 250, 128, 114
L -654, 2506, 219, -646, 2508, 437, 250, 128, 114
L -646, 2508, 437, -636, 2519, 489, 250, 128, 114
L -636, 2519, 489, -620, 2533, 138, 250, 128, 114
L -620, 2533, 138, -616, 2560, 152, 250, 128, 114
L -616, 2560, 152, -613, 2576, 159, 250, 128, 114
L -613, 2576, 159, -607, 2596, 47, 250, 128, 114
L -607, 2596, 47, -605, 2596, 28, 250, 128, 114
L -605, 2596, 28, -589, 2583, 41, 250, 128, 114
L -589, 2583, 41, -567, 2563, 127, 250, 128, 114
L -567, 2563, 127, -535, 2553, 72, 250, 128, 114
L -535, 2553, 72, -526, 2549, 84, 250, 128, 114
L -526, 2549, 84, -499, 2558, 90, 250, 128, 114
L -499, 2558, 90, -485, 2563, 127, 250, 128, 114
L -485, 2563, 127, -484, 2546, 147, 250, 128, 114
L -484, 2546, 147, -484, 2508, 155, 250, 128, 114
L -484, 2508, 155, -481, 2496, 146, 250, 128, 114
L -481, 2496, 146, -485, 2410, 132, 250, 128, 114
L -485, 2410, 132, -490, 2369, 121, 250, 128, 114
L -490, 2369, 121, -516, 2327, 487, 250, 128, 114
L -516, 2327, 487, -541, 2307, 316, 250, 128, 114
L -541, 2307, 316, -557, 2293, 353, 250, 128, 114
L -557, 2293, 353, -565, 2282, 361, 250, 128, 114
L -565, 2282, 361, -578, 2254, 300, 250, 128, 114
L -578, 2254, 300, -602, 2225, 336, 250, 128, 114
L -602, 2225, 336, -620, 2204, 360, 250, 128, 114
L -620, 2204, 360, -623, 2179, 286, 250, 128, 114
L -623, 2179, 286, -626, 2161, 220, 250, 128, 114
L -626, 2161, 220, -628, 2145, 217, 250, 128, 114
L -628, 2145, 217, -631, 2122, 263, 250, 128, 114
L -631, 2122, 263, -626, 2095, 325, 250, 128, 114
L -626, 2095, 325, -629, 2073, 383, 250, 128, 114
L -629, 2073, 383, -631, 2052, 506, 250, 128, 114
L -631, 2052, 506, -620, 2028, 580, 250, 128, 114
L -620, 2028, 580, -615, 2000, 612, 250, 128, 114
L -615, 2000, 612, -618, 1982, 639, 250, 128, 114
L -618, 1982, 639, -658, 1947, 528, 250, 128, 114
L -658, 1947, 528, -676, 1937, 609, 250, 128, 114
L -676, 1937, 609, -696, 1930, 627, 250, 128, 114
L -696, 1930, 627, -728, 1906, 593, 250, 128, 114
L -728, 1906, 593, -745, 1898, 594, 250, 128, 114
L -745, 1898, 594, -778, 1874, 587, 250, 128, 114
L -778, 1874, 587, -796, 1877, 579, 250, 128, 114
L -796, 1877, 579, -825, 1889, 502, 250, 128, 114
L -825, 1889, 502, -846, 1886, 384, 250, 128, 114
L -846, 1886, 384, -865, 1886, 327, 250, 128, 114
L -865, 1886, 327, -883, 1891, 342, 250, 128, 114
L -883, 1891, 342, -898, 1898, 235, 250, 128, 114
L -898, 1898, 235, -931, 1922, 213, 250, 128, 114
L -931, 1922, 213, -943, 1932, 244, 250, 128, 114
L -943, 1932, 244, -965, 1944, 354, 250, 128, 114
L -965, 1944, 354, -980, 1955, 361, 250, 128, 114
L -980, 1955, 361, -1009, 1955, 311, 250, 128, 114
L -1009, 1955, 311, -1026, 1961, 277, 250, 128, 114
L -1026, 1961, 277, -1042, 1977, 326, 250, 128, 114
L -1042, 1977, 326, -1059, 1990, 352, 250, 128, 114
L -1059, 1990, 352, -1070, 1994, 331, 250, 128, 114
L -1070, 1994, 331, -1100, 1991, 489, 250, 128, 114
L -1100, 1991, 489, -1120, 1978, 278, 250, 128, 114
L -1120, 1978, 278, -1137, 1967, 116, 250, 128, 114
L -1137, 1967, 116, -1153, 1965, 130, 250, 128, 114
L -1153, 1965, 130, -1181, 1961, 63, 250, 128, 114
L -1181, 1961, 63, -1187, 1960, 44, 250, 128, 114
L -1187, 1960, 44, -1226, 1995, 478, 250, 128, 114
L -1226, 1995, 478, -1268, 1987, 21, 250, 128, 114
L -1268, 1987, 21, -1310, 2029, -66, 250, 128, 114
L -1310, 2029, -66, -1329, 2061, -180, 250, 128, 114
L -1329, 2061, -180, -1347, 2090, -87, 250, 128, 114
L -1347, 2090, -87, -1352, 2098, -70, 250, 128, 114
L -1352, 2098, -70, -1344, 2157, 31, 250, 128, 114
L -1344, 2157, 31, -1379, 2202, -40, 250, 128, 114
L -1379, 2202, -40, -1397, 2236, -186, 250, 128, 114
L -1397, 2236, -186, -1396, 2243, -177, 250, 128, 114
L -1396, 2243, -177, -1384, 2268, -96, 250, 128, 114
L -1384, 2268, -96, -1383, 2273, -88, 250, 128, 114
L -1383, 2273, -88, -1382, 2273, 13, 250, 128, 114
L -1382, 2273, 13, -1374, 2268, 148, 250, 128, 114
L -1374, 2268, 148, -1364, 2266, 239, 250, 128, 114
L -1364, 2266, 239, -1351, 2258, -62, 250, 128, 114
L 39, 1738, 550, 0, 1738, 547, 190, 190, 190
L 0, 1736, 547, 39, 1736, 551, 190, 190, 190
L 39, 1734, 551, 0, 1734, 551, 190, 190, 190
L 0, 1734, 551, 0, 1732, 551, 190, 190, 190
L 0, 1732, 551, 39, 1732, 551, 190, 190, 190
L 50, 1747, 551, 50, 1787, 551, 190, 190, 190
L 53, 1787, 551, 53, 1746, 551, 190, 190, 190
L 56, 1746, 551, 56, 1787, 551, 190, 190, 190
L -16, 1708, 551, -16, 1671, 551, 190, 190, 190
L -13, 1671, 551, -13, 1708, 551, 190, 190, 190
L -10, 1708, 551, -10, 1671, 551, 190, 190, 190
L -7, 1671, 551, -7, 1708, 551, 190, 190, 190
L 55, 1727, 551, 55, 1691, 551, 190, 190, 190
L 52, 1691, 551, 52, 1727, 551, 190, 190, 190
L 49, 1727, 551, 49, 1691, 551, 190, 190, 190
L 51, 1566, 551, 70, 1566, 151, 190, 190, 190
L 70, 1566, 151, 70, 1607, 151, 190, 190, 190
L 70, 1607, 151, 50, 1607, 551, 190, 190, 190
L 55, 1607, 391, 55, 1566, 361, 190, 190, 190
L 60, 1566, 151, 60, 1607, 251, 190, 190, 190
L 65, 1607, 163, 65, 1566, 151, 190, 190, 190
L -322, 1384, -369, -311, 1384, -348, 190, 190, 190
L -311, 1384, -348, -311, 1376, -348, 190, 190, 190
L -311, 1376, -348, -301, 1376, -345, 190, 190, 190
L -301, 1376, -345, -301, 1372, -348, 190, 190, 190
L -301, 1372, -348, -279, 1372, -348, 190, 190, 190
L -279, 1372, -348, -279, 1375, -348, 190, 190, 190
L -279, 1375, -348, -270, 1375, -348, 190, 190, 190
L -270, 1375, -348, -270, 1382, -321, 190, 190, 190
L -270, 1382, -321, -217, 1382, -437, 190, 190, 190
L -279, 1375, -312, -301, 1375, -348, 190, 190, 190
L -301, 1375, -348, -301, 1378, -250, 190, 190, 190
L -301, 1378, -250, -279, 1378, -255, 190, 190, 190
L -279, 1378, -255, -279, 1381, -248, 190, 190, 190
L -279, 1381, -248, -301, 1381, -248, 190, 190, 190
L -301, 1381, -248, -301, 1378, -266, 190, 190, 190
L -279, 1378, -279, -279, 1375, -348, 190, 190, 190
L 51, 1544, 551, 60, 1536, 151, 190, 190, 190
L 60, 1536, 151, 200, 1536, 146, 190, 190, 190
L 200, 1536, 146, 200, 1555, 151, 190, 190, 190
L 200, 1555, 151, 238, 1555, 150, 190, 190, 190
L 238, 1555, 150, 238, 1536, 147, 190, 190, 190
L 238, 1536, 147, 319, 1536, 150, 190, 190, 190
L 319, 1536, 150, 324, 1527, -413, 190, 190, 190
L 200, 1550, 147, 238, 1550, 91, 190, 190, 190
L 200, 1545, 146, 238, 1545, 146, 190, 190, 190
L 238, 1540, 146, 201, 1540, -8, 190, 190, 190
L 200, 1536, 145, 200, 1517, -148, 190, 190, 190
L 200, 1517, -148, 238, 1517, -148, 190, 190, 190
L 238, 1517, -148, 238, 1536, 148, 190, 190, 190
L 238, 1535, 148, 201, 1535, -48, 190, 190, 190
L 200, 1530, -53, 238, 1530, -53, 190, 190, 190
L 238, 1524, -84, 200, 1524, -64, 190, 190, 190
L 324, 1526, -414, 305, 1526, -248, 190, 190, 190
L 305, 1526, -248, 305, 1522, -248, 190, 190, 190
L 305, 1522, -248, 292, 1522, -248, 190, 190, 190
L 292, 1522, -248, 292, 1526, -248, 190, 190, 190
L 292, 1526, -248, 282, 1526, -248, 190, 190, 190
L 282, 1526, -248, 282, 1465, -248, 190, 190, 190
L 282, 1465, -248, 157, 1465, -237, 190, 190, 190
L 157, 1465, -237, 157, 1470, -231, 190, 190, 190
L 157, 1470, -231, 148, 1470, -248, 190, 190, 190
L 148, 1470, -248, 148, 1479, -248, 190, 190, 190
L 148, 1479, -248, 144, 1479, -248, 190, 190, 190
L 144, 1479, -248, 144, 1502, -248, 190, 190, 190
L 144, 1502, -248, 148, 1502, -210, 190, 190, 190
L 148, 1502, -210, 148, 1511, -248, 190, 190, 190
L 148, 1511, -248, 156, 1511, -238, 190, 190, 190
L 156, 1511, -238, 156, 1526, -243, 190, 190, 190
L 156, 1526, -243, 145, 1526, -242, 190, 190, 190
L 145, 1526, -242, 145, 1523, -248, 190, 190, 190
L 145, 1523, -248, 133, 1523, -248, 190, 190, 190
L 133, 1523, -248, 133, 1526, -248, 190, 190, 190
L 133, 1526, -248, -365, 1526, -428, 190, 190, 190
L -360, 1544, 551, -365, 1526, -428, 190, 190, 190
L 148, 1479, -244, 148, 1502, -248, 190, 190, 190
L 148, 1502, -248, 152, 1502, -148, 190, 190, 190
L 152, 1502, -148, 152, 1479, -148, 190, 190, 190
L 152, 1479, -148, 145, 1479, -248, 190, 190, 190
L 145, 1479, -248, 157, 1479, -148, 190, 190, 190
L 157, 1479, -148, 157, 1502, -148, 190, 190, 190
L 157, 1502, -148, 152, 1502, -148, 190, 190, 190
L 17, 1393, -290, 17, 1381, -408, 190, 190, 190
L 17, 1381, -408, 17, 1383, -388, 190, 190, 190
L 17, 1383, -388, -38, 1383, -388, 190, 190, 190
L -38, 1383, -388, -38, 1387, -348, 190, 190, 190
L -38, 1387, -348, 17, 1387, -348, 190, 190, 190
L 17, 1387, -348, 17, 1393, -288, 190, 190, 190
L 17, 1393, -288, -38, 1393, -288, 190, 190, 190
L -38, 1393, -288, -38, 1406, -252, 190, 190, 190
L -38, 1406, -252, 17, 1406, -288, 190, 190, 190
L 17, 1406, -288, 17, 1393, -288, 190, 190, 190
L -38, 1393, -288, -38, 1381, -409, 190, 190, 190
L 217, 1383, -398, 231, 1383, -248, 190, 190, 190
L 231, 1383, -248, 231, 1379, -250, 190, 190, 190
L 231, 1379, -250, 266, 1379, -250, 190, 190, 190
L 266, 1379, -250, 266, 1383, -248, 190, 190, 190
L 266, 1383, -248, 282, 1383, -396, 190, 190, 190
L 261, 1379, -249, 261, 1372, -348, 190, 190, 190
L 261, 1372, -348, 237, 1372, -348, 190, 190, 190
L 237, 1372, -348, 237, 1379, -249, 190, 190, 190
L 237, 1376, -348, 261, 1376, -348, 190, 190, 190
L -516, 680, 111, -556, 680, 111, 190, 190, 190
L -556, 680, 111, -556, 690, 111, 190, 190, 190
L -556, 690, 111, -596, 690, 122, 190, 190, 190
L -596, 690, 122, -596, 700, 126, 190, 190, 190
L -596, 700, 126, -615, 700, 116, 190, 190, 190
L -615, 700, 116, -615, 719, 111, 190, 190, 190
L -615, 719, 111, -625, 719, 111, 190, 190, 190
L -625, 719, 111, -625, 759, 111, 190, 190, 190
L -625, 759, 111, -634, 759, 111, 190, 190, 190
L -634, 759, 111, -634, 799, 120, 190, 190, 190
L -634, 799, 120, -645, 799, 112, 190, 190, 190
L -645, 799, 112, -645, 863, 156, 190, 190, 190
L -645, 863, 156, -634, 863, 154, 190, 190, 190
L -634, 863, 154, -634, 903, 219, 190, 190, 190
L -634, 903, 219, -623, 903, 197, 190, 190, 190
L -623, 903, 197, -623, 943, 194, 190, 190, 190
L -623, 943, 194, -613, 943, 198, 190, 190, 190
L -613, 943, 198, -613, 961, 193, 190, 190, 190
L -613, 961, 193, -596, 961, 193, 190, 190, 190
L -596, 961, 193, -596, 971, 203, 190, 190, 190
L -596, 971, 203, -556, 971, 214, 190, 190, 190
L -556, 971, 214, -556, 980, 222, 190, 190, 190
L -556, 980, 222, -516, 980, 205, 190, 190, 190
L -516, 980, 205, -516, 988, 197, 190, 190, 190
L -516, 988, 197, -452, 988, 118, 190, 190, 190
L -452, 988, 118, -452, 982, 118, 190, 190, 190
L -452, 982, 118, -412, 982, 126, 190, 190, 190
L -412, 982, 126, -412, 971, 126, 190, 190, 190
L -412, 971, 126, -372, 971, 126, 190, 190, 190
L -372, 971, 126, -372, 962, 117, 190, 190, 190
L -372, 962, 117, -353, 962, 117, 190, 190, 190
L -353, 962, 117, -353, 943, 111, 190, 190, 190
L -353, 943, 111, -343, 943, 111, 190, 190, 190
L -343, 943, 111, -343, 903, 114, 190, 190, 190
L -343, 903, 114, -334, 903, 124, 190, 190, 190
L -334, 903, 124, -334, 863, 155, 190, 190, 190
L -334, 863, 155, -326, 863, 139, 190, 190, 190
L -326, 863, 139, -326, 799, 112, 190, 190, 190
L -326, 799, 112, -333, 799, 112, 190, 190, 190
L -333, 799, 112, -333, 759, 111, 190, 190, 190
L -333, 759, 111, -343, 759, 111, 190, 190, 190
L -343, 759, 111, -343, 719, 112, 190, 190, 190
L -343, 719, 112, -353, 719, 112, 190, 190, 190
L -353, 719, 112, -353, 700, 111, 190, 190, 190
L -353, 700, 111, -372, 700, 111, 190, 190, 190
L -372, 700, 111, -372, 690, 111, 190, 190, 190
L -372, 690, 111, -412, 690, 111, 190, 190, 190
L -412, 690, 111, -412, 680, 111, 190, 190, 190
L -412, 680, 111, -452, 680, 112, 190, 190, 190
L -452, 680, 112, -452, 672, 126, 190, 190, 190
L -452, 672, 126, -516, 672, 118, 190, 190, 190
L -516, 672, 118, -516, 680, 111, 190, 190, 190
L -394, 920, 351, -394, 741, 350, 190, 190, 190
L -394, 741, 350, -574, 741, 350, 190, 190, 190
L -574, 741, 350, -574, 922, 347, 190, 190, 190
L -574, 922, 347, -394, 922, 348, 190, 190, 190
L -454, 801, 371, -514, 801, 371, 190, 190, 190
L -514, 801, 371, -514, 862, 371, 190, 190, 190
L -514, 862, 371, -454, 862, 371, 190, 190, 190
L -454, 862, 371, -454, 801, 371, 190, 190, 190
L -414, 900, 371, -414, 761, 371, 190, 190, 190
L -414, 761, 371, -554, 761, 371, 190, 190, 190
L -554, 761, 371, -554, 901, 371, 190, 190, 190
L -554, 901, 371, -414, 901, 371, 190, 190, 190
L 470, 129, 281, 461, 129, 273, 190, 190, 190
L 461, 129, 273, 461, 169, 301, 190, 190, 190
L 461, 169, 301, 451, 169, 287, 190, 190, 190
L 451, 169, 287, 451, 229, 304, 190, 190, 190
L 451, 229, 304, 440, 229, 280, 190, 190, 190
L 440, 229, 280, 440, 293, 271, 190, 190, 190
L 440, 293, 271, 450, 293, 271, 190, 190, 190
L 450, 293, 271, 450, 353, 277, 190, 190, 190
L 450, 353, 277, 460, 353, 273, 190, 190, 190
L 460, 353, 273, 460, 393, 272, 190, 190, 190
L 460, 393, 272, 470, 393, 277, 190, 190, 190
L 470, 393, 277, 470, 412, 282, 190, 190, 190
L 470, 412, 282, 489, 412, 280, 190, 190, 190
L 489, 412, 280, 489, 422, 280, 190, 190, 190
L 489, 422, 280, 529, 422, 280, 190, 190, 190
L 529, 422, 280, 529, 432, 278, 190, 190, 190
L 529, 432, 278, 589, 432, 285, 190, 190, 190
L 589, 432, 285, 589, 442, 274, 190, 190, 190
L 589, 442, 274, 653, 442, 271, 190, 190, 190
L 653, 442, 271, 653, 432, 277, 190, 190, 190
L 653, 432, 277, 713, 432, 286, 190, 190, 190
L 713, 432, 286, 713, 421, 298, 190, 190, 190
L 713, 421, 298, 753, 421, 298, 190, 190, 190
L 753, 421, 298, 753, 412, 297, 190, 190, 190
L 753, 412, 297, 772, 412, 285, 190, 190, 190
L 772, 412, 285, 772, 393, 284, 190, 190, 190
L 772, 393, 284, 782, 393, 274, 190, 190, 190
L 782, 393, 274, 782, 353, 277, 190, 190, 190
L 782, 353, 277, 791, 353, 284, 190, 190, 190
L 791, 353, 284, 791, 293, 293, 190, 190, 190
L 791, 293, 293, 801, 293, 284, 190, 190, 190
L 801, 293, 284, 801, 229, 271, 190, 190, 190
L 801, 229, 271, 792, 229, 273, 190, 190, 190
L 792, 229, 273, 792, 169, 281, 190, 190, 190
L 792, 169, 281, 782, 169, 274, 190, 190, 190
L 782, 169, 274, 782, 129, 274, 190, 190, 190
L 782, 129, 274, 772, 129, 286, 190, 190, 190
L 772, 129, 286, 772, 110, 278, 190, 190, 190
L 772, 110, 278, 753, 110, 280, 190, 190, 190
L 753, 110, 280, 753, 100, 284, 190, 190, 190
L 753, 100, 284, 713, 100, 298, 190, 190, 190
L 713, 100, 298, 713, 91, 294, 190, 190, 190
L 713, 91, 294, 653, 91, 285, 190, 190, 190
L 653, 91, 285, 653, 80, 274, 190, 190, 190
L 653, 80, 274, 589, 80, 272, 190, 190, 190
L 589, 80, 272, 589, 90, 281, 190, 190, 190
L 589, 90, 281, 529, 90, 271, 190, 190, 190
L 529, 90, 271, 529, 100, 271, 190, 190, 190
L 529, 100, 271, 489, 100, 290, 190, 190, 190
L 489, 100, 290, 489, 111, 291, 190, 190, 190
L 489, 111, 291, 470, 111, 287, 190, 190, 190
L 470, 111, 287, 470, 129, 281, 190, 190, 190
L 595, 243, 891, 595, 281, 891, 190, 190, 190
L 595, 281, 891, 635, 281, 891, 190, 190, 190
L 635, 281, 891, 635, 242, 891, 190, 190, 190
L 635, 242, 891, 595, 242, 891, 190, 190, 190
L 535, 181, 871, 535, 342, 871, 190, 190, 190
L 535, 342, 871, 695, 342, 871, 190, 190, 190
L 695, 342, 871, 695, 182, 871, 190, 190, 190
L 695, 182, 871, 535, 182, 871, 190, 190, 190
L 477, 331, 871, 487, 331, 871, 190, 190, 190
L 487, 331, 871, 487, 371, 871, 190, 190, 190
L 487, 371, 871, 496, 371, 871, 190, 190, 190
L 496, 371, 871, 496, 386, 871, 190, 190, 190
L 496, 386, 871, 512, 386, 871, 190, 190, 190
L 512, 386, 871, 512, 397, 871, 190, 190, 190
L 512, 397, 871, 552, 397, 871, 190, 190, 190
L 552, 397, 871, 552, 405, 871, 190, 190, 190
L 552, 405, 871, 590, 405, 908, 190, 190, 190
L 590, 405, 908, 652, 405, 908, 190, 190, 190
L 652, 405, 908, 691, 405, 871, 190, 190, 190
L 691, 405, 871, 691, 395, 871, 190, 190, 190
L 691, 395, 871, 731, 395, 871, 190, 190, 190
L 731, 395, 871, 731, 384, 871, 190, 190, 190
L 731, 384, 871, 746, 384, 871, 190, 190, 190
L 746, 384, 871, 746, 368, 871, 190, 190, 190
L 746, 368, 871, 756, 368, 871, 190, 190, 190
L 756, 368, 871, 756, 329, 871, 190, 190, 190
L 756, 329, 871, 766, 329, 871, 190, 190, 190
L 766, 329, 871, 766, 193, 871, 190, 190, 190
L 766, 193, 871, 756, 193, 871, 190, 190, 190
L 756, 193, 871, 756, 151, 871, 190, 190, 190
L 756, 151, 871, 744, 151, 871, 190, 190, 190
L 744, 151, 871, 744, 136, 871, 190, 190, 190
L 744, 136, 871, 728, 136, 871, 190, 190, 190
L 728, 136, 871, 728, 126, 871, 190, 190, 190
L 728, 126, 871, 688, 126, 871, 190, 190, 190
L 688, 126, 871, 688, 116, 871, 190, 190, 190
L 688, 116, 871, 552, 116, 871, 190, 190, 190
L 552, 116, 871, 552, 128, 871, 190, 190, 190
L 552, 128, 871, 511, 128, 869, 190, 190, 190
L 511, 128, 869, 511, 137, 871, 190, 190, 190
L 511, 137, 871, 496, 137, 871, 190, 190, 190
L 496, 137, 871, 496, 154, 871, 190, 190, 190
L 496, 154, 871, 486, 154, 871, 190, 190, 190
L 486, 154, 871, 486, 193, 871, 190, 190, 190
L 486, 193, 871, 476, 193, 871, 190, 190, 190
L 476, 193, 871, 476, 332, 868, 190, 190, 190
L 476, 193, 871, 451, 169, 286, 190, 190, 190
L 461, 169, 292, 486, 193, 871, 190, 190, 190
L 486, 154, 871, 461, 129, 273, 190, 190, 190
L 470, 129, 281, 496, 154, 871, 190, 190, 190
L 496, 137, 871, 470, 111, 287, 190, 190, 190
L 489, 111, 306, 511, 137, 871, 190, 190, 190
L 511, 128, 871, 489, 100, 291, 190, 190, 190
L 529, 100, 271, 552, 128, 871, 190, 190, 190
L 552, 116, 871, 529, 90, 271, 190, 190, 190
L 589, 90, 281, 589, 116, 871, 190, 190, 190
L 653, 116, 871, 653, 83, 278, 190, 190, 190
L 713, 91, 294, 688, 116, 871, 190, 190, 190
L 688, 126, 871, 713, 100, 299, 190, 190, 190
L 753, 100, 285, 728, 126, 871, 190, 190, 190
L 728, 136, 871, 753, 110, 280, 190, 190, 190
L 772, 110, 278, 744, 136, 871, 190, 190, 190
L 744, 151, 871, 772, 129, 284, 190, 190, 190
L 782, 129, 274, 756, 151, 871, 190, 190, 190
L 756, 193, 871, 782, 169, 274, 190, 190, 190
L 792, 169, 280, 766, 193, 871, 190, 190, 190
L 792, 229, 271, 766, 229, 871, 190, 190, 190
L 766, 293, 871, 798, 293, 284, 190, 190, 190
L 791, 353, 283, 766, 329, 871, 190, 190, 190
L 756, 329, 871, 782, 353, 277, 190, 190, 190
L 782, 393, 274, 756, 368, 871, 190, 190, 190
L 746, 368, 871, 772, 393, 284, 190, 190, 190
L 772, 412, 285, 746, 384, 871, 190, 190, 190
L 731, 384, 871, 753, 412, 297, 190, 190, 190
L 753, 421, 298, 731, 395, 871, 190, 190, 190
L 691, 395, 871, 713, 421, 319, 190, 190, 190
L 713, 432, 285, 691, 405, 871, 190, 190, 190
L 653, 435, 275, 653, 405, 871, 190, 190, 190
L 589, 442, 274, 589, 405, 871, 190, 190, 190
L 552, 405, 871, 529, 432, 278, 190, 190, 190
L 529, 422, 281, 552, 397, 871, 190, 190, 190
L 512, 397, 871, 489, 422, 281, 190, 190, 190
L 489, 422, 281, 489, 412, 281, 190, 190, 190
L 489, 412, 281, 512, 386, 871, 190, 190, 190
L 496, 386, 871, 470, 412, 282, 190, 190, 190
L 470, 393, 277, 496, 371, 871, 190, 190, 190
L 487, 371, 870, 460, 393, 272, 190, 190, 190
L 460, 353, 273, 487, 331, 871, 190, 190, 190
L 477, 331, 871, 450, 353, 277, 190, 190, 190
L 450, 293, 271, 476, 293, 871, 190, 190, 190
L 451, 229, 308, 476, 229, 871, 190, 190, 190
L -270, 42, 711, -230, 42, 710, 190, 190, 190
L -230, 42, 710, -230, 32, 711, 190, 190, 190
L -230, 32, 711, -215, 32, 711, 190, 190, 190
L -215, 32, 711, -215, 17, 711, 190, 190, 190
L -215, 17, 711, -205, 17, 711, 190, 190, 190
L -205, 17, 711, -205, -23, 711, 190, 190, 190
L -205, -23, 711, -195, -23, 711, 190, 190, 190
L -195, -23, 711, -195, -157, 711, 190, 190, 190
L -195, -157, 711, -204, -157, 711, 190, 190, 190
L -204, -157, 711, -204, -200, 711, 190, 190, 190
L -204, -200, 711, -216, -200, 711, 190, 190, 190
L -216, -200, 711, -216, -215, 711, 190, 190, 190
L -216, -215, 711, -232, -215, 711, 190, 190, 190
L -232, -215, 711, -232, -225, 711, 190, 190, 190
L -232, -225, 711, -272, -225, 711, 190, 190, 190
L -272, -225, 711, -272, -235, 711, 190, 190, 190
L -272, -235, 711, -410, -235, 710, 190, 190, 190
L -410, -235, 710, -410, -224, 711, 190, 190, 190
L -410, -224, 711, -450, -224, 711, 190, 190, 190
L -450, -224, 711, -450, -213, 711, 190, 190, 190
L -450, -213, 711, -465, -213, 711, 190, 190, 190
L -465, -213, 711, -465, -198, 711, 190, 190, 190
L -465, -198, 711, -475, -198, 711, 190, 190, 190
L -475, -198, 711, -475, -157, 711, 190, 190, 190
L -475, -157, 711, -485, -157, 711, 190, 190, 190
L -485, -157, 711, -485, -20, 709, 190, 190, 190
L -485, -20, 709, -474, -20, 711, 190, 190, 190
L -474, -20, 711, -474, 19, 711, 190, 190, 190
L -474, 19, 711, -464, 19, 711, 190, 190, 190
L -464, 19, 711, -464, 35, 711, 190, 190, 190
L -464, 35, 711, -448, 35, 711, 190, 190, 190
L -448, 35, 711, -448, 44, 711, 190, 190, 190
L -448, 44, 711, -408, 44, 711, 190, 190, 190
L -408, 44, 711, -408, 54, 711, 190, 190, 190
L -408, 54, 711, -270, 54, 711, 190, 190, 190
L -270, 54, 711, -270, 42, 711, 190, 190, 190
L -270, 42, 711, -248, 71, 119, 190, 190, 190
L -208, 71, 119, -230, 42, 711, 190, 190, 190
L -230, 42, 711, -230, 32, 711, 190, 190, 190
L -230, 32, 711, -208, 60, 123, 190, 190, 190
L -208, 60, 123, -189, 60, 120, 190, 190, 190
L -189, 60, 120, -215, 32, 711, 190, 190, 190
L -215, 17, 711, -189, 41, 113, 190, 190, 190
L -189, 41, 113, -179, 41, 111, 190, 190, 190
L -179, 41, 111, -205, 17, 711, 190, 190, 190
L -205, -23, 711, -179, 1, 112, 190, 190, 190
L -170, 1, 113, -195, -23, 711, 190, 190, 190
L -170, -58, 146, -195, -58, 711, 190, 190, 190
L -169, -122, 115, -195, -122, 711, 190, 190, 190
L -195, -157, 711, -169, -182, 111, 190, 190, 190
L -177, -182, 111, -204, -157, 711, 190, 190, 190
L -204, -200, 711, -177, -222, 113, 190, 190, 190
L -189, -222, 129, -216, -200, 711, 190, 190, 190
L -217, -215, 711, -189, -241, 111, 190, 190, 190
L -208, -241, 111, -232, -215, 711, 190, 190, 190
L -232, -225, 711, -208, -251, 111, 190, 190, 190
L -248, -251, 111, -272, -225, 711, 190, 190, 190
L -272, -235, 711, -248, -260, 111, 190, 190, 190
L -308, -260, 132, -308, -235, 711, 190, 190, 190
L -372, -261, 111, -372, -235, 711, 190, 190, 190
L -410, -235, 711, -432, -261, 123, 190, 190, 190
L -432, -251, 122, -410, -224, 711, 190, 190, 190
L -450, -224, 711, -472, -251, 122, 190, 190, 190
L -472, -241, 112, -450, -213, 711, 190, 190, 190
L -465, -213, 711, -490, -241, 111, 190, 190, 190
L -490, -222, 121, -465, -198, 711, 190, 190, 190
L -475, -198, 711, -501, -222, 114, 190, 190, 190
L -501, -182, 112, -475, -157, 711, 190, 190, 190
L -485, -157, 711, -511, -182, 122, 190, 190, 190
L -511, -122, 111, -485, -122, 711, 190, 190, 190
L -511, -58, 122, -485, -58, 711, 190, 190, 190
L -485, -20, 710, -511, 1, 114, 190, 190, 190
L -501, 1, 114, -474, -20, 711, 190, 190, 190
L -474, 19, 711, -501, 41, 111, 190, 190, 190
L -501, 41, 111, -491, 41, 111, 190, 190, 190
L -491, 41, 111, -464, 19, 711, 190, 190, 190
L -464, 35, 711, -491, 60, 111, 190, 190, 190
L -472, 60, 111, -448, 35, 711, 190, 190, 190
L -448, 44, 711, -472, 70, 111, 190, 190, 190
L -432, 70, 111, -408, 44, 711, 190, 190, 190
L -408, 54, 711, -432, 80, 111, 190, 190, 190
L -372, 80, 111, -372, 54, 711, 190, 190, 190
L -308, 79, 161, -308, 54, 711, 190, 190, 190
L -270, 54, 711, -248, 79, 111, 190, 190, 190
L 367, -351, 53, 311, -351, 68, 190, 190, 190
L 311, -335, 351, 367, -335, 351, 190, 190, 190
L 367, -341, 265, 311, -341, 265, 190, 190, 190
L 311, -346, 169, 367, -346, 169, 190, 190, 190
L 1021, -170, 710, 1021, -228, 710, 190, 190, 190
L 1021, -228, 710, 1006, -228, 432, 190, 190, 190
L 1006, -228, 432, 1006, -171, 561, 190, 190, 190
L 1011, -228, 524, 1011, -171, 603, 190, 190, 190
L 1016, -228, 620, 1016, -171, 642, 190, 190, 190
