P 1398.2998, 969.7474, 28.7304,  127, 0, 0,  1,  Gyrup
P -754.4844, 2938.2664, -134.8238,  127, 0, 0,  1,  Slave_Driver_Thokk_(roam)
P 1880.3127, 1961.3043, 78.1731,  127, 0, 0,  1,  Commander_Inasch_Prae`va
P -2110.3267, 1441.0841, 29.8171,  127, 0, 0,  1,  The_Barb
P -1531.5013, 1463.3634, 74.4334,  127, 0, 0,  1,  Kijarl
P 201.5190, 2561.0300, 12.7503,  127, 0, 0,  1,  The_Grandmaster
P 2026.5090, 1203.9675, 81.2298,  127, 0, 0,  1,  The_Blade
P -447.9561, 2584.3772, -137.9207,  127, 0, 0,  1,  The_Heart_of_Narikor
P -687.3492, 2615.5823, -155.9678,  127, 0, 0,  1,  Rolfron_Zek
P -1624.0515, 236.9837, 77.2783,  127, 0, 0,  1,  Commander_Gannar_Dolm
