L -5, 715, 4, -5, 655, 4, 0, 0, 0
L -139, 715, 4, -5, 715, 4, 0, 0, 0
L -139, 629, 4, -139, 715, 4, 0, 0, 0
L -5, 629, 4, -139, 629, 4, 0, 0, 0
L -5, 641, 4, -5, 629, 5, 0, 0, 0
L 1, 641, 1, -5, 641, 1, 0, 0, 0
L 1, 631, 5, 1, 641, 1, 0, 0, 0
L 11, 631, 5, 1, 631, 5, 0, 0, 0
L 11, 613, 5, 11, 631, 5, 0, 0, 0
L -7, 613, 5, 11, 613, 5, 0, 0, 0
L -7, 623, 5, -7, 613, 5, 0, 0, 0
L -136, 623, 5, -7, 623, 5, 0, 0, 0
L -136, 613, 5, -136, 623, 5, 0, 0, 0
L -154, 613, 5, -136, 613, 5, 0, 0, 0
L -154, 631, 5, -154, 613, 5, 0, 0, 0
L -145, 631, 5, -154, 631, 5, 0, 0, 0
L -145, 713, 5, -145, 631, 5, 0, 0, 0
L -155, 713, 5, -145, 713, 5, 0, 0, 0
L -155, 731, 5, -155, 713, 5, 0, 0, 0
L -137, 731, 5, -155, 731, 5, 0, 0, 0
L -137, 721, 5, -137, 731, 5, 0, 0, 0
L -7, 721, 5, -137, 721, 5, 0, 0, 0
L -7, 731, 5, -7, 721, 5, 0, 0, 0
L 11, 731, 5, -7, 731, 5, 0, 0, 0
L 11, 713, 5, 11, 731, 5, 0, 0, 0
L 1, 713, 5, 11, 713, 5, 0, 0, 0
L 1, 655, 1, 1, 713, 5, 0, 0, 0
L -5, 655, 1, 1, 655, 1, 0, 0, 0
L -331, 629, 4, -303, 629, 4, 0, 0, 0
L -331, 715, 4, -331, 629, 4, 0, 0, 0
L -245, 715, 4, -331, 715, 4, 0, 0, 0
L -245, 629, 4, -245, 715, 4, 0, 0, 0
L -289, 629, 4, -245, 629, 4, 0, 0, 0
L -289, 623, 1, -289, 629, 1, 0, 0, 0
L -247, 623, 5, -289, 623, 1, 0, 0, 0
L -247, 613, 5, -247, 623, 5, 0, 0, 0
L -229, 613, 5, -247, 613, 5, 0, 0, 0
L -229, 631, 5, -229, 613, 5, 0, 0, 0
L -239, 631, 5, -229, 631, 5, 0, 0, 0
L -239, 713, 5, -239, 631, 5, 0, 0, 0
L -229, 713, 5, -239, 713, 5, 0, 0, 0
L -229, 731, 5, -229, 713, 5, 0, 0, 0
L -247, 731, 5, -229, 731, 5, 0, 0, 0
L -247, 721, 5, -247, 731, 5, 0, 0, 0
L -329, 721, 5, -247, 721, 5, 0, 0, 0
L -329, 731, 5, -329, 721, 5, 0, 0, 0
L -347, 731, 5, -329, 731, 5, 0, 0, 0
L -347, 713, 5, -347, 731, 5, 0, 0, 0
L -337, 713, 5, -347, 713, 5, 0, 0, 0
L -337, 631, 5, -337, 713, 5, 0, 0, 0
L -347, 631, 5, -337, 631, 5, 0, 0, 0
L -347, 613, 5, -347, 631, 5, 0, 0, 0
L -329, 613, 5, -347, 613, 5, 0, 0, 0
L -329, 623, 5, -329, 613, 5, 0, 0, 0
L -303, 623, 1, -329, 623, 5, 0, 0, 0
L -303, 629, 1, -303, 623, 1, 0, 0, 0
L -523, 629, 4, -495, 629, 4, 0, 0, 0
L -523, 715, 4, -523, 629, 4, 0, 0, 0
L -437, 715, 4, -523, 715, 5, 0, 0, 0
L -437, 629, 4, -437, 715, 4, 0, 0, 0
L -481, 629, 4, -437, 629, 4, 0, 0, 0
L -481, 623, 1, -481, 629, 1, 0, 0, 0
L -439, 623, 5, -481, 623, 1, 0, 0, 0
L -439, 613, 5, -439, 623, 5, 0, 0, 0
L -421, 613, 5, -439, 613, 5, 0, 0, 0
L -421, 631, 5, -421, 613, 5, 0, 0, 0
L -431, 631, 5, -421, 631, 5, 0, 0, 0
L -431, 713, 5, -431, 631, 5, 0, 0, 0
L -421, 713, 5, -431, 713, 5, 0, 0, 0
L -421, 731, 5, -421, 713, 5, 0, 0, 0
L -439, 731, 5, -421, 731, 5, 0, 0, 0
L -439, 721, 5, -439, 731, 5, 0, 0, 0
L -521, 721, 5, -439, 721, 5, 0, 0, 0
L -521, 731, 5, -521, 721, 5, 0, 0, 0
L -539, 731, 5, -521, 731, 5, 0, 0, 0
L -539, 713, 5, -539, 731, 5, 0, 0, 0
L -529, 713, 5, -539, 713, 5, 0, 0, 0
L -529, 631, 5, -529, 713, 5, 0, 0, 0
L -539, 631, 5, -529, 631, 5, 0, 0, 0
L -539, 613, 5, -539, 631, 5, 0, 0, 0
L -521, 613, 5, -539, 613, 5, 0, 0, 0
L -521, 623, 5, -521, 613, 5, 0, 0, 0
L -495, 623, 1, -521, 623, 5, 0, 0, 0
L -495, 629, 1, -495, 623, 1, 0, 0, 0
L -629, 389, 4, -629, 449, 4, 0, 0, 0
L -715, 389, 4, -629, 389, 4, 0, 0, 0
L -715, 523, 4, -715, 389, 4, 0, 0, 0
L -629, 523, 4, -715, 523, 4, 0, 0, 0
L -629, 463, 4, -629, 523, 4, 0, 0, 0
L -623, 463, 1, -629, 463, 1, 0, 0, 0
L -623, 521, 5, -623, 463, 1, 0, 0, 0
L -613, 521, 5, -623, 521, 5, 0, 0, 0
L -613, 539, 5, -613, 521, 5, 0, 0, 0
L -631, 539, 5, -613, 539, 5, 0, 0, 0
L -631, 529, 5, -631, 539, 5, 0, 0, 0
L -713, 529, 5, -631, 529, 5, 0, 0, 0
L -713, 539, 5, -713, 529, 5, 0, 0, 0
L -731, 539, 5, -713, 539, 5, 0, 0, 0
L -731, 521, 5, -731, 539, 5, 0, 0, 0
L -721, 521, 5, -731, 521, 5, 0, 0, 0
L -721, 391, 5, -721, 521, 5, 0, 0, 0
L -731, 391, 5, -721, 391, 5, 0, 0, 0
L -731, 373, 5, -731, 391, 5, 0, 0, 0
L -713, 373, 5, -731, 373, 5, 0, 0, 0
L -713, 383, 5, -713, 373, 5, 0, 0, 0
L -631, 383, 5, -713, 383, 5, 0, 0, 0
L -631, 373, 5, -631, 383, 5, 0, 0, 0
L -613, 373, 5, -631, 373, 5, 0, 0, 0
L -613, 391, 5, -613, 373, 5, 0, 0, 0
L -623, 391, 5, -613, 391, 5, 0, 0, 0
L -623, 449, 1, -623, 391, 5, 0, 0, 0
L -629, 449, 1, -623, 449, 1, 0, 0, 0
L -629, 235, 4, -629, 175, 4, 0, 0, 0
L -763, 235, 4, -629, 235, 4, 0, 0, 0
L -763, 149, 4, -763, 235, 4, 0, 0, 0
L -629, 149, 4, -763, 149, 4, 0, 0, 0
L -629, 161, 4, -629, 149, 5, 0, 0, 0
L -623, 161, 1, -629, 161, 1, 0, 0, 0
L -623, 151, 5, -623, 161, 1, 0, 0, 0
L -613, 151, 5, -623, 151, 5, 0, 0, 0
L -613, 133, 5, -613, 151, 5, 0, 0, 0
L -631, 133, 5, -613, 133, 5, 0, 0, 0
L -631, 143, 5, -631, 133, 5, 0, 0, 0
L -761, 143, 5, -631, 143, 5, 0, 0, 0
L -761, 133, 5, -761, 143, 5, 0, 0, 0
L -779, 133, 5, -761, 133, 5, 0, 0, 0
L -779, 151, 5, -779, 133, 5, 0, 0, 0
L -769, 151, 5, -779, 151, 5, 0, 0, 0
L -769, 233, 5, -769, 151, 5, 0, 0, 0
L -779, 233, 5, -769, 233, 5, 0, 0, 0
L -779, 251, 5, -779, 233, 5, 0, 0, 0
L -761, 251, 5, -779, 251, 5, 0, 0, 0
L -761, 241, 5, -761, 251, 5, 0, 0, 0
L -631, 241, 5, -761, 241, 5, 0, 0, 0
L -631, 251, 5, -631, 241, 5, 0, 0, 0
L -613, 251, 5, -631, 251, 5, 0, 0, 0
L -613, 233, 5, -613, 251, 5, 0, 0, 0
L -623, 233, 5, -613, 233, 5, 0, 0, 0
L -623, 175, 1, -623, 233, 5, 0, 0, 0
L -629, 175, 1, -623, 175, 1, 0, 0, 0
L -721, -7, 5, -721, -33, 1, 0, 0, 0
L -731, -7, 5, -721, -7, 5, 0, 0, 0
L -731, 11, 5, -731, -7, 5, 0, 0, 0
L -713, 11, 5, -731, 11, 5, 0, 0, 0
L -713, 1, 5, -713, 11, 5, 0, 0, 0
L -631, 1, 5, -713, 1, 5, 0, 0, 0
L -631, 11, 5, -631, 1, 5, 0, 0, 0
L -613, 11, 5, -631, 11, 5, 0, 0, 0
L -613, -7, 5, -613, 11, 5, 0, 0, 0
L -623, -7, 5, -613, -7, 5, 0, 0, 0
L -623, -89, 5, -623, -7, 5, 0, 0, 0
L -613, -89, 5, -623, -89, 5, 0, 0, 0
L -613, -107, 5, -613, -89, 5, 0, 0, 0
L -631, -107, 5, -613, -107, 5, 0, 0, 0
L -631, -97, 5, -631, -107, 5, 0, 0, 0
L -713, -97, 5, -631, -97, 5, 0, 0, 0
L -713, -107, 5, -713, -97, 5, 0, 0, 0
L -731, -107, 5, -713, -107, 5, 0, 0, 0
L -731, -89, 5, -731, -107, 5, 0, 0, 0
L -721, -89, 5, -731, -89, 5, 0, 0, 0
L -721, -47, 1, -721, -89, 5, 0, 0, 0
L -715, -47, 1, -721, -47, 1, 0, 0, 0
L -715, -91, 4, -715, -47, 4, 0, 0, 0
L -629, -91, 4, -715, -91, 4, 0, 0, 0
L -629, -5, 4, -629, -91, 4, 0, 0, 0
L -715, -5, 4, -629, -5, 4, 0, 0, 0
L -715, -33, 4, -715, -5, 5, 0, 0, 0
L -721, -33, 1, -715, -33, 1, 0, 0, 0
L -104, 846, -1, -107, 846, -1, 0, 0, 0
L -104, 878, -1, -107, 878, -1, 0, 0, 0
L -98, 904, -1, -104, 878, -1, 0, 0, 0
L -181, 904, -1, -98, 904, -1, 0, 0, 0
L -181, 821, -1, -181, 904, -1, 0, 0, 0
L -99, 821, -1, -181, 821, -1, 0, 0, 0
L -104, 846, -1, -99, 821, -1, 0, 0, 0
L -104, 827, -1, -107, 846, -1, 0, 0, 0
L -107, 824, -1, -104, 827, -1, 0, 0, 0
L -173, 824, -1, -107, 824, -1, 0, 0, 0
L -177, 829, -1, -173, 824, -1, 0, 0, 0
L -177, 895, -1, -177, 829, -1, 0, 0, 0
L -174, 899, -1, -177, 895, -1, 0, 0, 0
L -107, 899, -1, -174, 899, -1, 0, 0, 0
L -104, 896, -1, -107, 899, -1, 0, 0, 0
L -107, 878, -1, -104, 896, -1, 0, 0, 0
L 30, 877, -1, 34, 877, -1, 0, 0, 0
L 30, 846, -1, 33, 846, -1, 0, 0, 0
L 25, 821, -1, 30, 846, -1, 0, 0, 0
L 107, 821, -1, 25, 821, -1, 0, 0, 0
L 107, 903, -1, 107, 821, -1, 0, 0, 0
L -21, -536, -1, -15, -536, -1, 0, 0, 0
L -21, -529, 3, -21, -536, -1, 0, 0, 0
L -191, -529, 3, -21, -529, 3, 0, 0, 0
L -191, -561, 3, -191, -529, 3, 0, 0, 0
L -223, -561, 3, -191, -561, 3, 0, 0, 0
L -223, -603, 3, -223, -561, 3, 0, 0, 0
L -216, -603, -1, -223, -603, 3, 0, 0, 0
L -216, -609, -1, -216, -603, -1, 0, 0, 0
L -248, -609, 3, -216, -609, 3, 0, 0, 0
L -248, -603, -1, -248, -609, -1, 0, 0, 0
L -241, -603, 3, -248, -603, -1, 0, 0, 0
L -241, -585, 5, -241, -603, 3, 0, 0, 0
L -265, -585, 5, -241, -585, 5, 0, 0, 0
L -265, -567, 5, -265, -585, 5, 0, 0, 0
L -241, -567, 5, -265, -567, 5, 0, 0, 0
L -241, -529, 3, -241, -567, 5, 0, 0, 0
L -279, -529, 5, -241, -529, 3, 0, 0, 0
L -279, -553, 5, -279, -529, 5, 0, 0, 0
L -297, -553, 5, -279, -553, 5, 0, 0, 0
L -297, -529, 5, -297, -553, 5, 0, 0, 0
L -391, -529, 5, -297, -529, 5, 0, 0, 0
L -391, -553, 5, -391, -529, 5, 0, 0, 0
L -409, -553, 5, -391, -553, 5, 0, 0, 0
L -409, -529, 5, -409, -553, 5, 0, 0, 0
L -471, -529, 5, -409, -529, 5, 0, 0, 0
L -471, -553, 5, -471, -529, 5, 0, 0, 0
L -489, -553, 5, -471, -553, 5, 0, 0, 0
L -489, -529, 5, -489, -553, 5, 0, 0, 0
L -529, -529, 3, -489, -529, 5, 0, 0, 0
L -529, -489, 5, -529, -529, 3, 0, 0, 0
L -553, -489, 5, -529, -489, 5, 0, 0, 0
L -553, -471, 5, -553, -489, 5, 0, 0, 0
L -529, -471, 5, -553, -471, 5, 0, 0, 0
L -529, -393, 5, -529, -471, 5, 0, 0, 0
L -553, -393, 5, -529, -393, 5, 0, 0, 0
L -553, -375, 5, -553, -393, 5, 0, 0, 0
L -529, -375, 5, -553, -375, 5, 0, 0, 0
L -529, -297, 5, -529, -375, 5, 0, 0, 0
L -553, -297, 5, -529, -297, 5, 0, 0, 0
L -553, -279, 5, -553, -297, 5, 0, 0, 0
L -529, -279, 5, -553, -279, 5, 0, 0, 0
L -529, -201, 5, -529, -279, 5, 0, 0, 0
L -553, -201, 5, -529, -201, 5, 0, 0, 0
L -553, -183, 5, -553, -201, 5, 0, 0, 0
L -529, -183, 5, -553, -183, 5, 0, 0, 0
L -529, -105, 5, -529, -183, 5, 0, 0, 0
L -553, -105, 5, -529, -105, 5, 0, 0, 0
L -553, -87, 5, -553, -105, 5, 0, 0, 0
L -529, -87, 5, -553, -87, 5, 0, 0, 0
L -529, -9, 5, -529, -87, 5, 0, 0, 0
L -553, -9, 5, -529, -9, 5, 0, 0, 0
L -553, 9, 5, -553, -9, 5, 0, 0, 0
L -529, 9, 5, -553, 9, 5, 0, 0, 0
L -529, 87, 5, -529, 9, 5, 0, 0, 0
L -553, 87, 5, -529, 87, 5, 0, 0, 0
L -553, 105, 5, -553, 87, 5, 0, 0, 0
L -529, 105, 5, -553, 105, 5, 0, 0, 0
L -529, 279, 5, -529, 105, 5, 0, 0, 0
L -553, 279, 5, -529, 279, 5, 0, 0, 0
L -553, 297, 5, -553, 279, 5, 0, 0, 0
L -529, 297, 5, -553, 297, 5, 0, 0, 0
L -529, 375, 5, -529, 297, 5, 0, 0, 0
L -553, 375, 5, -529, 375, 5, 0, 0, 0
L -553, 393, 5, -553, 375, 5, 0, 0, 0
L -529, 393, 5, -553, 393, 5, 0, 0, 0
L -529, 471, 5, -529, 393, 5, 0, 0, 0
L -553, 471, 5, -529, 471, 5, 0, 0, 0
L -553, 489, 5, -553, 471, 5, 0, 0, 0
L -529, 489, 5, -553, 489, 5, 0, 0, 0
L -529, 529, 3, -529, 489, 5, 0, 0, 0
L -489, 529, 5, -529, 529, 3, 0, 0, 0
L -489, 553, 5, -489, 529, 5, 0, 0, 0
L -471, 553, 5, -489, 553, 5, 0, 0, 0
L -471, 529, 5, -471, 553, 5, 0, 0, 0
L -393, 529, 5, -471, 529, 5, 0, 0, 0
L -393, 553, 5, -393, 529, 5, 0, 0, 0
L -375, 553, 5, -393, 553, 5, 0, 0, 0
L -375, 529, 5, -375, 553, 5, 0, 0, 0
L -297, 529, 5, -375, 529, 5, 0, 0, 0
L -297, 553, 5, -297, 529, 5, 0, 0, 0
L -279, 553, 5, -297, 553, 5, 0, 0, 0
L -279, 529, 5, -279, 553, 5, 0, 0, 0
L -201, 529, 5, -279, 529, 5, 0, 0, 0
L -201, 553, 5, -201, 529, 5, 0, 0, 0
L -183, 553, 5, -201, 553, 5, 0, 0, 0
L -183, 529, 5, -183, 553, 5, 0, 0, 0
L -105, 529, 5, -183, 529, 5, 0, 0, 0
L -105, 553, 5, -105, 529, 5, 0, 0, 0
L -87, 553, 5, -105, 553, 5, 0, 0, 0
L -87, 529, 5, -87, 553, 5, 0, 0, 0
L -8, 529, 5, -87, 529, 5, 0, 0, 0
L -8, 553, 5, -8, 529, 5, 0, 0, 0
L 10, 553, 5, -8, 553, 5, 0, 0, 0
L 10, 529, 5, 10, 553, 5, 0, 0, 0
L 87, 529, 5, 10, 529, 5, 0, 0, 0
L 87, 553, 5, 87, 529, 5, 0, 0, 0
L 105, 553, 5, 87, 553, 5, 0, 0, 0
L 105, 529, 5, 105, 553, 5, 0, 0, 0
L 183, 529, 5, 105, 529, 5, 0, 0, 0
L 183, 553, 5, 183, 529, 5, 0, 0, 0
L 201, 553, 5, 183, 553, 5, 0, 0, 0
L 201, 529, 5, 201, 553, 5, 0, 0, 0
L 279, 529, 5, 201, 529, 5, 0, 0, 0
L 279, 553, 5, 279, 529, 5, 0, 0, 0
L 297, 553, 5, 279, 553, 5, 0, 0, 0
L 297, 529, 5, 297, 553, 5, 0, 0, 0
L 375, 529, 5, 297, 529, 5, 0, 0, 0
L 375, 553, 5, 375, 529, 5, 0, 0, 0
L 393, 553, 5, 375, 553, 5, 0, 0, 0
L 393, 529, 5, 393, 553, 5, 0, 0, 0
L 471, 529, 5, 393, 529, 5, 0, 0, 0
L 471, 553, 5, 471, 529, 5, 0, 0, 0
L 489, 553, 5, 471, 553, 5, 0, 0, 0
L 489, 529, 5, 489, 553, 5, 0, 0, 0
L 529, 529, 3, 489, 529, 5, 0, 0, 0
L 529, 489, 5, 529, 529, 3, 0, 0, 0
L 553, 489, 5, 529, 489, 5, 0, 0, 0
L 553, 471, 5, 553, 489, 5, 0, 0, 0
L 529, 471, 5, 553, 471, 5, 0, 0, 0
L 529, 393, 5, 529, 471, 5, 0, 0, 0
L 553, 393, 5, 529, 393, 5, 0, 0, 0
L 553, 375, 5, 553, 393, 5, 0, 0, 0
L 529, 375, 5, 553, 375, 5, 0, 0, 0
L 529, 297, 5, 529, 375, 5, 0, 0, 0
L 553, 297, 5, 529, 297, 5, 0, 0, 0
L 553, 279, 5, 553, 297, 5, 0, 0, 0
L 529, 279, 5, 553, 279, 5, 0, 0, 0
L 529, 201, 5, 529, 279, 5, 0, 0, 0
L 553, 201, 5, 529, 201, 5, 0, 0, 0
L 553, 183, 5, 553, 201, 5, 0, 0, 0
L 529, 183, 5, 553, 183, 5, 0, 0, 0
L 529, 9, 5, 529, 183, 5, 0, 0, 0
L 553, 9, 5, 529, 9, 5, 0, 0, 0
L 553, -9, 5, 553, 9, 5, 0, 0, 0
L 529, -9, 5, 553, -9, 5, 0, 0, 0
L 529, -87, 5, 529, -9, 5, 0, 0, 0
L 553, -87, 5, 529, -87, 5, 0, 0, 0
L 553, -105, 5, 553, -87, 5, 0, 0, 0
L 529, -105, 5, 553, -105, 5, 0, 0, 0
L 529, -183, 5, 529, -105, 5, 0, 0, 0
L 553, -183, 5, 529, -183, 5, 0, 0, 0
L 553, -201, 5, 553, -183, 5, 0, 0, 0
L 529, -201, 5, 553, -201, 5, 0, 0, 0
L 529, -279, 5, 529, -201, 5, 0, 0, 0
L 553, -279, 5, 529, -279, 5, 0, 0, 0
L 553, -297, 5, 553, -279, 5, 0, 0, 0
L 529, -297, 5, 553, -297, 5, 0, 0, 0
L 529, -375, 5, 529, -297, 5, 0, 0, 0
L 553, -375, 5, 529, -375, 5, 0, 0, 0
L 553, -393, 5, 553, -375, 5, 0, 0, 0
L 529, -393, 5, 553, -393, 5, 0, 0, 0
L 529, -471, 5, 529, -393, 5, 0, 0, 0
L 553, -471, 5, 529, -471, 5, 0, 0, 0
L 553, -489, 5, 553, -471, 5, 0, 0, 0
L 529, -489, 5, 553, -489, 5, 0, 0, 0
L 529, -529, 3, 529, -489, 5, 0, 0, 0
L 489, -529, 5, 529, -529, 3, 0, 0, 0
L 489, -553, 5, 489, -529, 5, 0, 0, 0
L 471, -553, 5, 489, -553, 5, 0, 0, 0
L 471, -529, 5, 471, -553, 5, 0, 0, 0
L 393, -529, 5, 471, -529, 5, 0, 0, 0
L 393, -553, 5, 393, -529, 5, 0, 0, 0
L 375, -553, 5, 393, -553, 5, 0, 0, 0
L 375, -529, 5, 375, -553, 5, 0, 0, 0
L 297, -529, 5, 375, -529, 5, 0, 0, 0
L 297, -553, 5, 297, -529, 5, 0, 0, 0
L 279, -553, 5, 297, -553, 5, 0, 0, 0
L 279, -529, 5, 279, -553, 5, 0, 0, 0
L 241, -529, 3, 279, -529, 5, 0, 0, 0
L 241, -567, 5, 241, -529, 3, 0, 0, 0
L 265, -567, 5, 241, -567, 5, 0, 0, 0
L 265, -585, 5, 265, -567, 5, 0, 0, 0
L 241, -585, 5, 265, -585, 5, 0, 0, 0
L 241, -603, 3, 241, -585, 5, 0, 0, 0
L 248, -603, -1, 241, -603, -1, 0, 0, 0
L 248, -609, -1, 248, -603, -1, 0, 0, 0
L 19, -126, 19, 23, -126, 19, 0, 0, 0
L -19, -126, 19, -23, -126, 19, 0, 0, 0
L -15, -107, 20, -19, -107, 20, 0, 0, 0
L 19, -107, 20, 15, -107, 20, 0, 0, 0
L 19, -126, 19, 19, -107, 19, 0, 0, 0
L -19, -107, 19, -19, -126, 19, 0, 0, 0
L -15, -107, 21, -15, -81, 24, 0, 0, 0
L 15, -81, 24, 15, -107, 21, 0, 0, 0
L -15, -81, 24, 15, -81, 24, 255, 0, 255
L -23, -126, 12, -23, -156, 9, 0, 0, 0
L 23, -156, 9, 23, -126, 13, 0, 0, 0
L -23, -156, 8, -63, -156, 8, 0, 0, 0
L 63, -156, 8, 23, -156, 8, 0, 0, 0
L 219, 219, 7, 63, 219, 7, 0, 0, 0
L 156, 63, 8, 156, -63, 8, 0, 0, 0
L 156, -63, 7, 219, -63, 7, 0, 0, 0
L 219, 63, 7, 156, 63, 7, 0, 0, 0
L 63, 156, 8, 63, 219, 7, 0, 0, 0
L -63, 156, 8, 63, 156, 8, 0, 0, 0
L -63, 156, 7, -63, 219, 7, 0, 0, 0
L -219, 219, 7, -63, 219, 7, 0, 0, 0
L -219, 63, 7, -219, 219, 7, 0, 0, 0
L -156, -63, 8, -156, 63, 8, 0, 0, 0
L -219, -63, 7, -219, -219, 7, 0, 0, 0
L -156, 63, 7, -219, 63, 7, 0, 0, 0
L -219, -63, 7, -156, -63, 7, 0, 0, 0
L -63, -219, 7, -63, -156, 7, 0, 0, 0
L 63, -219, 7, 63, -156, 7, 0, 0, 0
L 219, -63, 7, 219, -219, 7, 0, 0, 0
L 219, 219, 7, 219, 63, 7, 0, 0, 0
L 63, -219, 7, 219, -219, 7, 0, 0, 0
L -219, -219, 7, -63, -219, 7, 0, 0, 0
L -179, -338, -1, -181, -339, -1, 0, 0, 0
L -178, -306, -1, -181, -307, -1, 0, 0, 0
L -174, -282, -1, -178, -306, -1, 0, 0, 0
L -256, -282, -1, -174, -282, -1, 0, 0, 0
L -256, -363, -1, -256, -282, -1, 0, 0, 0
L -173, -363, -1, -256, -363, -1, 0, 0, 0
L -179, -338, -0, -173, -363, -1, 0, 0, 0
L -178, -357, -1, -181, -339, -1, 0, 0, 0
L -181, -360, -1, -178, -357, -1, 0, 0, 0
L -248, -360, -1, -181, -360, -1, 0, 0, 0
L -252, -356, -1, -248, -360, -1, 0, 0, 0
L -252, -289, -1, -252, -356, -1, 0, 0, 0
L -248, -285, -1, -252, -289, -1, 0, 0, 0
L -181, -285, -1, -248, -285, -1, 0, 0, 0
L -178, -289, -1, -181, -285, -1, 0, 0, 0
L -181, -307, -1, -178, -289, -1, 0, 0, 0
L 199, -305, -1, 201, -305, -1, 0, 0, 0
L 198, -336, -1, 201, -337, -1, 0, 0, 0
L 193, -362, -1, 198, -336, -1, 0, 0, 0
L 276, -362, -1, 193, -362, -1, 0, 0, 0
L 276, -279, -1, 276, -362, -1, 0, 0, 0
L 194, -279, -1, 276, -279, -1, 0, 0, 0
L 199, -305, 0, 194, -279, -1, 0, 0, 0
L 198, -286, -1, 201, -305, -1, 0, 0, 0
L 201, -283, -1, 198, -286, -1, 0, 0, 0
L 267, -284, -1, 201, -283, -1, 0, 0, 0
L 271, -288, -1, 267, -284, -1, 0, 0, 0
L 271, -354, -1, 271, -288, -1, 0, 0, 0
L 268, -358, -1, 271, -354, -1, 0, 0, 0
L 201, -358, -1, 268, -358, -1, 0, 0, 0
L 198, -355, -1, 201, -358, -1, 0, 0, 0
L 201, -337, -1, 198, -355, -1, 0, 0, 0
L 49, 370, -1, 49, 374, -1, 0, 0, 0
L 81, 371, -1, 81, 374, -1, 0, 0, 0
L 105, 366, -1, 81, 371, -1, 0, 0, 0
L 105, 448, -1, 105, 366, -1, 0, 0, 0
L 24, 448, -1, 105, 448, -1, 0, 0, 0
L 24, 366, -1, 24, 448, -1, 0, 0, 0
L 49, 370, -1, 24, 366, -1, 0, 0, 0
L 31, 371, -1, 49, 374, -1, 0, 0, 0
L 28, 374, -1, 31, 371, -1, 0, 0, 0
L 28, 440, -1, 28, 374, -1, 0, 0, 0
L 32, 444, -1, 28, 440, -1, 0, 0, 0
L 98, 444, -1, 32, 444, -1, 0, 0, 0
L 102, 441, -1, 98, 444, -1, 0, 0, 0
L 102, 373, -1, 102, 441, -1, 0, 0, 0
L 99, 370, -1, 102, 373, -1, 0, 0, 0
L 81, 374, -1, 99, 370, -1, 0, 0, 0
L 315, 309, 4, 271, 309, 4, 0, 0, 0
L 315, 395, 4, 315, 309, 4, 0, 0, 0
L 229, 395, 4, 315, 395, 4, 0, 0, 0
L 229, 309, 4, 229, 395, 4, 0, 0, 0
L 257, 309, 4, 229, 309, 4, 0, 0, 0
L 257, 309, 1, 257, 303, 1, 0, 0, 0
L 271, 303, 1, 271, 309, 1, 0, 0, 0
L 231, 303, 5, 231, 293, 5, 0, 0, 0
L 257, 303, 1, 231, 303, 5, 0, 0, 0
L 313, 303, 5, 271, 303, 1, 0, 0, 0
L 313, 293, 5, 313, 303, 5, 0, 0, 0
L 331, 293, 5, 313, 293, 5, 0, 0, 0
L 331, 293, 5, 331, 311, 5, 0, 0, 0
L 321, 311, 5, 331, 311, 5, 0, 0, 0
L 321, 393, 5, 321, 311, 5, 0, 0, 0
L 331, 393, 5, 321, 393, 5, 0, 0, 0
L 331, 411, 5, 331, 393, 5, 0, 0, 0
L 313, 411, 5, 331, 411, 5, 0, 0, 0
L 313, 401, 5, 313, 411, 5, 0, 0, 0
L 231, 401, 5, 313, 401, 5, 0, 0, 0
L 231, 411, 5, 231, 401, 5, 0, 0, 0
L 213, 411, 5, 231, 411, 5, 0, 0, 0
L 213, 393, 5, 213, 411, 5, 0, 0, 0
L 223, 393, 5, 213, 393, 5, 0, 0, 0
L 223, 311, 5, 223, 393, 5, 0, 0, 0
L 213, 311, 5, 223, 311, 5, 0, 0, 0
L 213, 311, 5, 213, 293, 5, 0, 0, 0
L 231, 293, 5, 213, 293, 5, 0, 0, 0
L -143, 309, 4, -171, 309, 4, 0, 0, 0
L -171, 395, 4, -171, 309, 4, 0, 0, 0
L -85, 395, 4, -171, 395, 4, 0, 0, 0
L -85, 309, 4, -85, 395, 4, 0, 0, 0
L -129, 309, 4, -85, 309, 4, 0, 0, 0
L -69, 311, 5, -69, 293, 5, 0, 0, 0
L -79, 311, 5, -69, 311, 5, 0, 0, 0
L -79, 401, 1, -79, 311, 5, 0, 0, 0
L -169, 401, 5, -79, 401, 1, 0, 0, 0
L -169, 411, 5, -169, 401, 5, 0, 0, 0
L -187, 411, 5, -169, 411, 5, 0, 0, 0
L -187, 393, 5, -187, 411, 5, 0, 0, 0
L -177, 393, 5, -187, 393, 5, 0, 0, 0
L -177, 311, 5, -177, 393, 5, 0, 0, 0
L -187, 311, 5, -177, 311, 5, 0, 0, 0
L -187, 293, 5, -187, 311, 5, 0, 0, 0
L -169, 293, 5, -187, 293, 5, 0, 0, 0
L -169, 303, 5, -169, 293, 5, 0, 0, 0
L -143, 303, 1, -169, 303, 5, 0, 0, 0
L -143, 309, 1, -143, 303, 1, 0, 0, 0
L 15, -1051, 3, -15, -1051, 3, 127, 127, 127
L 15, -1055, 3, -15, -1055, 3, 127, 127, 127
L -15, -504, 3, -15, -536, 3, 0, 0, 0
L -21, -504, -1, -15, -504, -1, 0, 0, 0
L -21, -511, 3, -21, -504, -1, 0, 0, 0
L -47, -511, 3, -21, -511, 3, 0, 0, 0
L -47, -423, 5, -47, -511, 3, 0, 0, 0
L -37, -423, 5, -47, -423, 5, 0, 0, 0
L -37, -405, 5, -37, -423, 5, 0, 0, 0
L -55, -405, 5, -37, -405, 5, 0, 0, 0
L -55, -415, 5, -55, -405, 5, 0, 0, 0
L -161, -415, 1, -55, -415, 5, 0, 0, 0
L -161, -421, 1, -161, -415, 1, 0, 0, 0
L -101, -421, 4, -161, -421, 4, 0, 0, 0
L -101, -433, 4, -101, -421, 4, 0, 0, 0
L -91, -433, 1, -101, -433, 1, 0, 0, 0
L -91, -421, 1, -91, -433, 1, 0, 0, 0
L -53, -421, 1, -91, -421, 1, 0, 0, 0
L -53, -511, 3, -53, -421, 1, 0, 0, 0
L -91, -511, 3, -53, -511, 3, 0, 0, 0
L -91, -447, 1, -91, -511, 3, 0, 0, 0
L -101, -447, 1, -91, -447, 1, 0, 0, 0
L -101, -511, 4, -101, -447, 4, 0, 0, 0
L -235, -511, 4, -101, -511, 4, 0, 0, 0
L -235, -421, 4, -235, -511, 4, 0, 0, 0
L -175, -421, 4, -235, -421, 4, 0, 0, 0
L -175, -415, 1, -175, -421, 1, 0, 0, 0
L -233, -415, 5, -175, -415, 1, 0, 0, 0
L -233, -405, 5, -233, -415, 5, 0, 0, 0
L -251, -405, 5, -233, -405, 5, 0, 0, 0
L -251, -423, 5, -251, -405, 5, 0, 0, 0
L -241, -423, 5, -251, -423, 5, 0, 0, 0
L -241, -511, 3, -241, -423, 5, 0, 0, 0
L -479, -511, 3, -241, -511, 3, 0, 0, 0
L -479, -479, 3, -479, -511, 3, 0, 0, 0
L -511, -479, 3, -479, -479, 3, 0, 0, 0
L -511, -385, 3, -511, -479, 3, 0, 0, 0
L -495, -385, 1, -511, -385, 3, 0, 0, 0
L -495, -379, 1, -495, -385, 1, 0, 0, 0
L -511, -379, 4, -495, -379, 4, 0, 0, 0
L -511, -197, 4, -511, -379, 4, 0, 0, 0
L -421, -197, 4, -511, -197, 4, 0, 0, 0
L -421, -379, 4, -421, -197, 4, 0, 0, 0
L -481, -379, 4, -421, -379, 4, 0, 0, 0
L -481, -379, 1, -481, -385, 1, 0, 0, 0
L -415, -385, 1, -481, -385, 1, 0, 0, 0
L -415, -143, 1, -415, -385, 1, 0, 0, 0
L -421, -143, 1, -415, -143, 1, 0, 0, 0
L -421, -187, 4, -421, -143, 4, 0, 0, 0
L -511, -187, 4, -421, -187, 4, 0, 0, 0
L -511, -101, 4, -511, -187, 4, 0, 0, 0
L -421, -101, 4, -511, -101, 4, 0, 0, 0
L -421, -129, 4, -421, -101, 4, 0, 0, 0
L -415, -129, 1, -421, -129, 1, 0, 0, 0
L -415, -103, 5, -415, -129, 1, 0, 0, 0
L -405, -103, 5, -415, -103, 5, 0, 0, 0
L -405, -85, 5, -405, -103, 5, 0, 0, 0
L -423, -85, 5, -405, -85, 5, 0, 0, 0
L -423, -95, 5, -423, -85, 5, 0, 0, 0
L -511, -95, 3, -423, -95, 5, 0, 0, 0
L -511, -1, 3, -511, -95, 3, 0, 0, 0
L -375, -1, 5, -511, -1, 3, 0, 0, 0
L -375, -11, 5, -375, -1, 5, 0, 0, 0
L -357, -11, 5, -375, -11, 5, 0, 0, 0
L -357, 7, 5, -357, -11, 5, 0, 0, 0
L -367, 7, 5, -357, 7, 5, 0, 0, 0
L -367, 65, 1, -367, 7, 5, 0, 0, 0
L -373, 65, 1, -367, 65, 1, 0, 0, 0
L -373, 49, 1, -373, 65, 1, 0, 0, 0
L -385, 49, 1, -373, 49, 1, 0, 0, 0
L -385, 43, 1, -385, 49, 1, 0, 0, 0
L -373, 43, 1, -385, 43, 1, 0, 0, 0
L -373, 5, 1, -373, 43, 1, 0, 0, 0
L -411, 5, 1, -373, 5, 1, 0, 0, 0
L -411, 43, 1, -411, 5, 1, 0, 0, 0
L -399, 43, 1, -411, 43, 1, 0, 0, 0
L -399, 49, 1, -399, 43, 1, 0, 0, 0
L -433, 49, 1, -399, 49, 1, 0, 0, 0
L -433, 43, 1, -433, 49, 1, 0, 0, 0
L -421, 43, 1, -433, 43, 1, 0, 0, 0
L -421, 5, 1, -421, 43, 1, 0, 0, 0
L -459, 5, 1, -421, 5, 1, 0, 0, 0
L -459, 43, 1, -459, 5, 1, 0, 0, 0
L -447, 43, 1, -459, 43, 1, 0, 0, 0
L -447, 49, 1, -447, 43, 1, 0, 0, 0
L -481, 49, 1, -447, 49, 1, 0, 0, 0
L -481, 43, 1, -481, 49, 1, 0, 0, 0
L -469, 43, 1, -481, 43, 1, 0, 0, 0
L -469, 5, 1, -469, 43, 1, 0, 0, 0
L -511, 5, 3, -469, 5, 1, 0, 0, 0
L -511, 43, 3, -511, 5, 3, 0, 0, 0
L -495, 43, 1, -511, 43, 3, 0, 0, 0
L -495, 49, 1, -495, 43, 1, 0, 0, 0
L -511, 49, 3, -495, 49, 1, 0, 0, 0
L -511, 95, 3, -511, 49, 3, 0, 0, 0
L -463, 95, 1, -511, 95, 3, 0, 0, 0
L -463, 113, 1, -463, 95, 1, 0, 0, 0
L -469, 113, 1, -463, 113, 1, 0, 0, 0
L -469, 101, 1, -469, 113, 1, 0, 0, 0
L -511, 101, 3, -469, 101, 1, 0, 0, 0
L -511, 139, 3, -511, 101, 3, 0, 0, 0
L -469, 139, 1, -511, 139, 3, 0, 0, 0
L -469, 127, 1, -469, 139, 1, 0, 0, 0
L -463, 127, 1, -469, 127, 1, 0, 0, 0
L -463, 161, 1, -463, 127, 1, 0, 0, 0
L -469, 161, 1, -463, 161, 1, 0, 0, 0
L -469, 149, 1, -469, 161, 1, 0, 0, 0
L -511, 149, 3, -469, 149, 1, 0, 0, 0
L -511, 187, 3, -511, 149, 3, 0, 0, 0
L -469, 187, 1, -511, 187, 3, 0, 0, 0
L -469, 175, 1, -469, 187, 1, 0, 0, 0
L -463, 175, 1, -469, 175, 1, 0, 0, 0
L -463, 209, 1, -463, 175, 1, 0, 0, 0
L -469, 209, 1, -463, 209, 1, 0, 0, 0
L -469, 197, 1, -469, 209, 1, 0, 0, 0
L -511, 197, 3, -469, 197, 1, 0, 0, 0
L -511, 235, 3, -511, 197, 3, 0, 0, 0
L -469, 235, 1, -511, 235, 3, 0, 0, 0
L -469, 223, 1, -469, 235, 1, 0, 0, 0
L -463, 223, 1, -469, 223, 1, 0, 0, 0
L -463, 235, 1, -463, 223, 1, 0, 0, 0
L -421, 235, 1, -463, 235, 1, 0, 0, 0
L -421, 223, 1, -421, 235, 1, 0, 0, 0
L -415, 223, 1, -421, 223, 1, 0, 0, 0
L -415, 235, 1, -415, 223, 1, 0, 0, 0
L -373, 235, 1, -415, 235, 1, 0, 0, 0
L -373, 149, 1, -373, 235, 1, 0, 0, 0
L -415, 149, 1, -373, 149, 1, 0, 0, 0
L -415, 209, 1, -415, 149, 1, 0, 0, 0
L -421, 209, 1, -415, 209, 1, 0, 0, 0
L -421, 127, 1, -421, 209, 1, 0, 0, 0
L -415, 127, 1, -421, 127, 1, 0, 0, 0
L -415, 139, 1, -415, 127, 1, 0, 0, 0
L -373, 139, 1, -415, 139, 1, 0, 0, 0
L -373, 101, 1, -373, 139, 1, 0, 0, 0
L -415, 101, 1, -373, 101, 1, 0, 0, 0
L -415, 113, 1, -415, 101, 1, 0, 0, 0
L -421, 113, 1, -415, 113, 1, 0, 0, 0
L -421, 95, 1, -421, 113, 1, 0, 0, 0
L -373, 95, 1, -421, 95, 1, 0, 0, 0
L -373, 79, 1, -373, 95, 1, 0, 0, 0
L -367, 79, 1, -373, 79, 1, 0, 0, 0
L -367, 233, 5, -367, 79, 1, 0, 0, 0
L -357, 233, 5, -367, 233, 5, 0, 0, 0
L -357, 251, 5, -357, 233, 5, 0, 0, 0
L -375, 251, 5, -357, 251, 5, 0, 0, 0
L -375, 241, 5, -375, 251, 5, 0, 0, 0
L -511, 241, 3, -375, 241, 5, 0, 0, 0
L -511, 479, 3, -511, 241, 3, 0, 0, 0
L -479, 479, 3, -511, 479, 3, 0, 0, 0
L -479, 511, 3, -479, 479, 3, 0, 0, 0
L -385, 511, 3, -479, 511, 3, 0, 0, 0
L -385, 415, 1, -385, 511, 3, 0, 0, 0
L -271, 415, 1, -385, 415, 1, 0, 0, 0
L -271, 421, 1, -271, 415, 1, 0, 0, 0
L -379, 421, 4, -271, 421, 4, 0, 0, 0
L -379, 511, 4, -379, 421, 4, 0, 0, 0
L -197, 511, 4, -379, 511, 4, 0, 0, 0
L -197, 421, 4, -197, 511, 4, 0, 0, 0
L -257, 421, 4, -197, 421, 4, 0, 0, 0
L -257, 415, 1, -257, 421, 1, 0, 0, 0
L -191, 415, 1, -257, 415, 1, 0, 0, 0
L -191, 511, 3, -191, 415, 1, 0, 0, 0
L 479, 511, 3, -191, 511, 3, 0, 0, 0
L 479, 479, 3, 479, 511, 3, 0, 0, 0
L 511, 479, 3, 479, 479, 3, 0, 0, 0
L 511, 385, 3, 511, 479, 3, 0, 0, 0
L 495, 385, 1, 511, 385, 3, 0, 0, 0
L 495, 379, 1, 495, 385, 1, 0, 0, 0
L 511, 379, 4, 495, 379, 4, 0, 0, 0
L 511, 197, 4, 511, 379, 4, 0, 0, 0
L 421, 197, 4, 511, 197, 4, 0, 0, 0
L 421, 379, 4, 421, 197, 4, 0, 0, 0
L 481, 379, 4, 421, 379, 4, 0, 0, 0
L 481, 379, 1, 481, 385, 1, 0, 0, 0
L 423, 385, 5, 481, 385, 1, 0, 0, 0
L 423, 395, 5, 423, 385, 5, 0, 0, 0
L 405, 395, 5, 423, 395, 5, 0, 0, 0
L 405, 377, 5, 405, 395, 5, 0, 0, 0
L 415, 377, 5, 405, 377, 5, 0, 0, 0
L 415, 199, 5, 415, 377, 1, 0, 0, 0
L 405, 199, 5, 415, 199, 5, 0, 0, 0
L 405, 181, 5, 405, 199, 5, 0, 0, 0
L 423, 181, 5, 405, 181, 5, 0, 0, 0
L 423, 191, 5, 423, 181, 5, 0, 0, 0
L 511, 191, 3, 423, 191, 5, 0, 0, 0
L 511, 97, 3, 511, 191, 3, 0, 0, 0
L 423, 97, 1, 511, 97, 3, 0, 0, 0
L 423, 107, 5, 423, 97, 5, 0, 0, 0
L 405, 107, 5, 423, 107, 5, 0, 0, 0
L 405, 89, 5, 405, 107, 5, 0, 0, 0
L 415, 89, 5, 405, 89, 5, 0, 0, 0
L 415, 63, 1, 415, 89, 5, 0, 0, 0
L 421, 63, 1, 415, 63, 1, 0, 0, 0
L 421, 91, 4, 421, 63, 4, 0, 0, 0
L 511, 91, 4, 421, 91, 5, 0, 0, 0
L 511, 5, 4, 511, 91, 4, 0, 0, 0
L 421, 5, 4, 511, 5, 4, 0, 0, 0
L 421, 49, 4, 421, 5, 4, 0, 0, 0
L 415, 49, 1, 421, 49, 1, 0, 0, 0
L 415, 7, 5, 415, 49, 1, 0, 0, 0
L 405, 7, 5, 415, 7, 5, 0, 0, 0
L 405, -11, 5, 405, 7, 5, 0, 0, 0
L 423, -11, 5, 405, -11, 5, 0, 0, 0
L 423, -1, 5, 423, -11, 5, 0, 0, 0
L 511, -1, 3, 423, -1, 1, 0, 0, 0
L 511, -95, 3, 511, -1, 3, 0, 0, 0
L 423, -95, 5, 511, -95, 3, 0, 0, 0
L 423, -85, 5, 423, -95, 5, 0, 0, 0
L 405, -85, 5, 423, -85, 5, 0, 0, 0
L 405, -103, 5, 405, -85, 5, 0, 0, 0
L 415, -103, 5, 405, -103, 5, 0, 0, 0
L 415, -129, 1, 415, -103, 5, 0, 0, 0
L 421, -129, 1, 415, -129, 1, 0, 0, 0
L 421, -101, 4, 421, -129, 4, 0, 0, 0
L 511, -101, 4, 421, -101, 4, 0, 0, 0
L 511, -187, 4, 511, -101, 4, 0, 0, 0
L 421, -187, 4, 511, -187, 4, 0, 0, 0
L 421, -143, 4, 421, -187, 4, 0, 0, 0
L 415, -143, 1, 421, -143, 1, 0, 0, 0
L 415, -385, 1, 415, -143, 1, 0, 0, 0
L 481, -385, 1, 415, -385, 1, 0, 0, 0
L 481, -379, 1, 481, -385, 1, 0, 0, 0
L 421, -379, 4, 481, -379, 4, 0, 0, 0
L 421, -197, 4, 421, -379, 4, 0, 0, 0
L 511, -197, 4, 421, -197, 4, 0, 0, 0
L 511, -379, 4, 511, -197, 4, 0, 0, 0
L 495, -379, 4, 511, -379, 4, 0, 0, 0
L 495, -385, 1, 495, -379, 1, 0, 0, 0
L 511, -385, 3, 495, -385, 1, 0, 0, 0
L 511, -479, 3, 511, -385, 3, 0, 0, 0
L 479, -479, 3, 511, -479, 3, 0, 0, 0
L 479, -511, 3, 479, -479, 3, 0, 0, 0
L 385, -511, 3, 479, -511, 3, 0, 0, 0
L 385, -423, 1, 385, -511, 3, 0, 0, 0
L 395, -423, 5, 385, -423, 5, 0, 0, 0
L 395, -405, 5, 395, -423, 5, 0, 0, 0
L 377, -405, 5, 395, -405, 5, 0, 0, 0
L 377, -415, 5, 377, -405, 5, 0, 0, 0
L 271, -415, 1, 377, -415, 1, 0, 0, 0
L 271, -421, 1, 271, -415, 1, 0, 0, 0
L 379, -421, 4, 271, -421, 4, 0, 0, 0
L 379, -511, 4, 379, -421, 4, 0, 0, 0
L 197, -511, 4, 379, -511, 4, 0, 0, 0
L 197, -421, 4, 197, -511, 4, 0, 0, 0
L 257, -421, 4, 197, -421, 5, 0, 0, 0
L 257, -415, 1, 257, -421, 1, 0, 0, 0
L 199, -415, 5, 257, -415, 1, 0, 0, 0
L 199, -405, 5, 199, -415, 5, 0, 0, 0
L 181, -405, 5, 199, -405, 5, 0, 0, 0
L 181, -423, 5, 181, -405, 5, 0, 0, 0
L 191, -423, 5, 181, -423, 5, 0, 0, 0
L 191, -511, 3, 191, -423, 1, 0, 0, 0
L 97, -511, 3, 191, -511, 3, 0, 0, 0
L 97, -495, 1, 97, -511, 3, 0, 0, 0
L 91, -495, 1, 97, -495, 1, 0, 0, 0
L 91, -511, 4, 91, -495, 4, 0, 0, 0
L 53, -511, 4, 91, -511, 4, 0, 0, 0
L 53, -469, 4, 53, -511, 4, 0, 0, 0
L 91, -469, 4, 53, -469, 5, 0, 0, 0
L 91, -481, 4, 91, -469, 5, 0, 0, 0
L 97, -481, 1, 91, -481, 1, 0, 0, 0
L 97, -471, 5, 97, -481, 1, 0, 0, 0
L 107, -471, 5, 97, -471, 5, 0, 0, 0
L 107, -453, 5, 107, -471, 5, 0, 0, 0
L 89, -453, 5, 107, -453, 5, 0, 0, 0
L 89, -463, 5, 89, -453, 5, 0, 0, 0
L 55, -463, 5, 89, -463, 5, 0, 0, 0
L 55, -453, 5, 55, -463, 5, 0, 0, 0
L 37, -453, 5, 55, -453, 5, 0, 0, 0
L 37, -471, 5, 37, -453, 5, 0, 0, 0
L 47, -471, 5, 37, -471, 5, 0, 0, 0
L 47, -511, 3, 47, -471, 5, 0, 0, 0
L 21, -511, 3, 47, -511, 3, 0, 0, 0
L 21, -504, -1, 21, -511, 3, 0, 0, 0
L 15, -504, -1, 21, -504, -1, 0, 0, 0
L 15, -536, 3, 15, -504, 3, 0, 0, 0
L 21, -536, -1, 15, -536, -1, 0, 0, 0
L 21, -529, 3, 21, -536, -1, 0, 0, 0
L 191, -529, 3, 21, -529, 3, 0, 0, 0
L 191, -561, 3, 191, -529, 3, 0, 0, 0
L 223, -561, 3, 191, -561, 3, 0, 0, 0
L 223, -603, 3, 223, -561, 3, 0, 0, 0
L 216, -603, -1, 223, -603, 3, 0, 0, 0
L 216, -609, -1, 216, -603, -1, 0, 0, 0
L 248, -609, 3, 216, -609, 3, 0, 0, 0
L 26, 903, -0, 108, 903, -1, 0, 0, 0
L 30, 877, -1, 26, 903, -0, 0, 0, 0
L 30, 828, -1, 33, 846, -1, 0, 0, 0
L 33, 825, -1, 30, 828, -1, 0, 0, 0
L 100, 825, -1, 33, 825, -1, 0, 0, 0
L 103, 829, -1, 100, 825, -1, 0, 0, 0
L 103, 895, -1, 103, 829, -1, 0, 0, 0
L 99, 899, -1, 103, 895, -1, 0, 0, 0
L 33, 899, -1, 99, 899, -1, 0, 0, 0
L 30, 896, -1, 33, 899, -1, 0, 0, 0
L 34, 877, -1, 30, 896, -1, 0, 0, 0
L 655, 685, -1, 658, 685, -1, 0, 0, 0
L 653, 717, -1, 657, 717, -1, 0, 0, 0
L 650, 659, -1, 655, 685, -1, 0, 0, 0
L 734, 663, -1, 650, 659, -1, 0, 0, 0
L 730, 745, -1, 734, 663, -1, 0, 0, 0
L 648, 741, -1, 730, 745, -1, 0, 0, 0
L 653, 717, -1, 648, 741, -1, 0, 0, 0
L 655, 666, -1, 658, 685, -1, 0, 0, 0
L 659, 664, -1, 655, 666, -1, 0, 0, 0
L 726, 667, -1, 659, 664, -1, 0, 0, 0
L 729, 671, -1, 726, 667, -1, 0, 0, 0
L 726, 737, -1, 729, 671, -1, 0, 0, 0
L 722, 741, -1, 726, 737, -1, 0, 0, 0
L 656, 738, -1, 722, 741, -1, 0, 0, 0
L 653, 735, -1, 656, 738, -1, 0, 0, 0
L 657, 717, -1, 653, 735, -1, 0, 0, 0
L 816, -127, -1, 818, -129, -1, 0, 0, 0
L 794, -151, -1, 796, -153, -1, 0, 0, 0
L 774, -166, -1, 794, -151, -1, 0, 0, 0
L 835, -222, -1, 774, -166, -1, 0, 0, 0
L 890, -161, -1, 835, -222, -1, 0, 0, 0
L 830, -106, -1, 890, -161, -1, 0, 0, 0
L 816, -127, -1, 830, -106, -1, 0, 0, 0
L 782, -164, -1, 796, -153, -1, 0, 0, 0
L 782, -169, -1, 782, -164, -1, 0, 0, 0
L 831, -214, -1, 782, -169, -1, 0, 0, 0
L 837, -213, -1, 831, -214, -1, 0, 0, 0
L 882, -164, -1, 837, -213, -1, 0, 0, 0
L 881, -159, -1, 882, -164, -1, 0, 0, 0
L 832, -114, -1, 881, -159, -1, 0, 0, 0
L 828, -114, -1, 832, -114, -1, 0, 0, 0
L 818, -129, -1, 828, -114, -1, 0, 0, 0
L -797, -839, -1, -805, -839, -1, 0, 0, 0
L -805, -859, 2, -805, -839, 2, 0, 0, 0
L -805, -859, 2, -859, -859, 2, 0, 0, 0
L -859, -859, 2, -859, -805, 2, 0, 0, 0
L -859, -805, 2, -839, -805, 2, 0, 0, 0
L -805, -825, -1, -797, -825, -1, 0, 0, 0
L -805, -825, 2, -805, -805, 2, 0, 0, 0
L -805, -805, 2, -825, -805, 2, 0, 0, 0
L -839, -805, -1, -839, -797, -1, 0, 0, 0
L -825, -797, -1, -825, -805, -1, 0, 0, 0
L -797, -839, 2, -797, -845, 2, 0, 0, 0
L -797, -845, 2, -379, -845, 2, 0, 0, 0
L -379, -845, 2, -379, -839, 2, 0, 0, 0
L -379, -825, 2, -379, -819, 2, 0, 0, 0
L -379, -819, 2, -797, -819, 2, 0, 0, 0
L -797, -819, 2, -797, -825, 2, 0, 0, 0
L -839, -797, 2, -845, -797, 2, 0, 0, 0
L -845, -797, 2, -845, -379, 2, 0, 0, 0
L -845, -379, 2, -839, -379, 2, 0, 0, 0
L -825, -797, 2, -819, -797, 2, 0, 0, 0
L -819, -797, 2, -819, -379, 2, 0, 0, 0
L -819, -379, 2, -825, -379, 2, 0, 0, 0
L -839, -379, -1, -839, -371, -1, 0, 0, 0
L -825, -371, -1, -825, -379, -1, 0, 0, 0
L -839, -371, 2, -859, -371, 2, 0, 0, 0
L -859, -371, 2, -859, -344, 2, 0, 0, 0
L -859, -344, 2, -850, -336, 2, 0, 0, 0
L -850, -336, -1, -856, -330, -1, 0, 0, 0
L -856, -330, 2, -860, -335, 2, 0, 0, 0
L -860, -335, 2, -1167, -28, 2, 0, 0, 0
L -1167, -28, 2, -1162, -24, 2, 0, 0, 0
L -1162, -24, -1, -1168, -18, -1, 0, 0, 0
L -1168, -18, 2, -1176, -27, 2, 0, 0, 0
L -1176, -27, 2, -1203, -27, 2, 0, 0, 0
L -1203, -27, 2, -1203, 27, 2, 0, 0, 0
L -1203, 27, 2, -1176, 27, 2, 0, 0, 0
L -1176, 27, 2, -1168, 18, 2, 0, 0, 0
L -1168, 18, -1, -1162, 24, -1, 0, 0, 0
L -1162, 24, 2, -1167, 28, 2, 0, 0, 0
L -1167, 28, 2, -860, 335, 2, 0, 0, 0
L -860, 335, 2, -856, 330, 2, 0, 0, 0
L -856, 330, -1, -850, 336, -1, 0, 0, 0
L -850, 336, 2, -859, 344, 2, 0, 0, 0
L -859, 344, 2, -859, 371, 2, 0, 0, 0
L -859, 371, 2, -839, 371, 2, 0, 0, 0
L -839, 371, -1, -839, 379, -1, 0, 0, 0
L -839, 379, 2, -845, 379, 2, 0, 0, 0
L -845, 379, 2, -845, 797, 2, 0, 0, 0
L -845, 797, 2, -839, 797, 2, 0, 0, 0
L -839, 797, -1, -839, 805, -1, 0, 0, 0
L -839, 805, 2, -859, 805, 2, 0, 0, 0
L -859, 805, 2, -859, 859, 2, 0, 0, 0
L -859, 859, 2, -805, 859, 2, 0, 0, 0
L -805, 859, 2, -805, 839, 2, 0, 0, 0
L -805, 839, -1, -797, 839, -1, 0, 0, 0
L -797, 839, 2, -797, 845, 2, 0, 0, 0
L -797, 845, 2, -379, 845, 2, 0, 0, 0
L -379, 845, 2, -379, 839, 2, 0, 0, 0
L -379, 839, -1, -371, 839, -1, 0, 0, 0
L -371, 839, 2, -371, 859, 2, 0, 0, 0
L -371, 859, 2, -344, 859, 2, 0, 0, 0
L -344, 859, 2, -336, 850, 2, 0, 0, 0
L -336, 850, -1, -330, 856, -1, 0, 0, 0
L -330, 856, 2, -335, 860, 2, 0, 0, 0
L -335, 860, 2, -28, 1167, 2, 0, 0, 0
L -28, 1167, 2, -24, 1162, 2, 0, 0, 0
L -24, 1162, -1, -18, 1168, -1, 0, 0, 0
L -18, 1168, 2, -27, 1176, 2, 0, 0, 0
L -27, 1176, 2, -27, 1203, 2, 0, 0, 0
L -27, 1203, 2, 27, 1203, 2, 0, 0, 0
L 27, 1203, 2, 27, 1176, 2, 0, 0, 0
L 27, 1176, 2, 18, 1168, 2, 0, 0, 0
L 18, 1168, -1, 24, 1162, -1, 0, 0, 0
L 24, 1162, 2, 28, 1167, 2, 0, 0, 0
L 28, 1167, 2, 335, 860, 2, 0, 0, 0
L 335, 860, 2, 330, 856, 2, 0, 0, 0
L 330, 856, -1, 336, 850, -1, 0, 0, 0
L 336, 850, 2, 344, 859, 2, 0, 0, 0
L 344, 859, 2, 371, 859, 2, 0, 0, 0
L 371, 859, 2, 371, 839, 2, 0, 0, 0
L 371, 839, -1, 379, 839, -1, 0, 0, 0
L 379, 839, 2, 379, 845, 2, 0, 0, 0
L 379, 845, 2, 797, 845, 2, 0, 0, 0
L 797, 845, 2, 797, 839, 2, 0, 0, 0
L 797, 839, -1, 805, 839, -1, 0, 0, 0
L 805, 839, 2, 805, 859, 2, 0, 0, 0
L 805, 859, 2, 859, 859, 2, 0, 0, 0
L 859, 859, 2, 859, 805, 2, 0, 0, 0
L 859, 805, 2, 839, 805, 2, 0, 0, 0
L 839, 805, -1, 839, 797, -1, 0, 0, 0
L 839, 797, 2, 845, 797, 2, 0, 0, 0
L 845, 797, 2, 845, 379, 2, 0, 0, 0
L 845, 379, 2, 839, 379, 2, 0, 0, 0
L 839, 379, -1, 839, 371, -1, 0, 0, 0
L 839, 371, 2, 859, 371, 2, 0, 0, 0
L 859, 371, 2, 859, 344, 2, 0, 0, 0
L 859, 344, 2, 850, 336, 2, 0, 0, 0
L 850, 336, -1, 856, 330, -1, 0, 0, 0
L 856, 330, 2, 860, 335, 2, 0, 0, 0
L 860, 335, 2, 1167, 28, 2, 0, 0, 0
L 1167, 28, 2, 1162, 24, 2, 0, 0, 0
L 1162, 24, -1, 1168, 18, -1, 0, 0, 0
L 1168, 18, 2, 1176, 27, 2, 0, 0, 0
L 1176, 27, 2, 1203, 27, 2, 0, 0, 0
L 1203, 27, 2, 1203, -27, 2, 0, 0, 0
L 1203, -27, 2, 1176, -27, 2, 0, 0, 0
L 1176, -27, 2, 1168, -18, 2, 0, 0, 0
L 1168, -18, -1, 1162, -24, -1, 0, 0, 0
L 1162, -24, 2, 1167, -28, 2, 0, 0, 0
L 1167, -28, 2, 860, -335, 2, 0, 0, 0
L 860, -335, 2, 856, -330, 2, 0, 0, 0
L 856, -330, -1, 850, -336, -1, 0, 0, 0
L 850, -336, 2, 859, -344, 2, 0, 0, 0
L 859, -344, 2, 859, -371, 2, 0, 0, 0
L 859, -371, 2, 839, -371, 2, 0, 0, 0
L 839, -371, -1, 839, -379, -1, 0, 0, 0
L 839, -379, 2, 845, -379, 2, 0, 0, 0
L 845, -379, 2, 845, -797, 2, 0, 0, 0
L 845, -797, 2, 839, -797, 2, 0, 0, 0
L 839, -797, -1, 839, -805, -1, 0, 0, 0
L 839, -805, 2, 859, -805, 2, 0, 0, 0
L 859, -805, 2, 859, -859, 2, 0, 0, 0
L 859, -859, 2, 805, -859, 2, 0, 0, 0
L 805, -859, 2, 805, -839, 2, 0, 0, 0
L 805, -839, -1, 797, -839, -1, 0, 0, 0
L 797, -839, 2, 797, -845, 2, 0, 0, 0
L 797, -845, 2, 379, -845, 2, 0, 0, 0
L 379, -845, 2, 379, -839, 2, 0, 0, 0
L 379, -839, -1, 371, -839, -1, 0, 0, 0
L 371, -839, 2, 371, -859, 2, 0, 0, 0
L 371, -859, 2, 344, -859, 2, 0, 0, 0
L 344, -859, 2, 336, -850, 2, 0, 0, 0
L 336, -850, -1, 330, -856, -1, 0, 0, 0
L 330, -856, 2, 335, -860, 2, 0, 0, 0
L 335, -860, 2, 132, -1063, 2, 0, 0, 0
L 132, -1063, 2, 128, -1058, 2, 0, 0, 0
L 128, -1058, -1, 122, -1064, -1, 0, 0, 0
L 122, -1064, 2, 131, -1072, 2, 0, 0, 0
L 131, -1072, 2, 131, -1099, 2, 0, 0, 0
L 131, -1099, 2, 77, -1099, 2, 0, 0, 0
L 77, -1099, 2, 77, -1079, 2, 0, 0, 0
L 77, -1079, -1, 69, -1079, -1, 0, 0, 0
L 69, -1079, 2, 69, -1085, 2, 0, 0, 0
L 69, -1085, 2, 37, -1085, 2, 0, 0, 0
L 37, -1085, 2, 37, -1079, 2, 0, 0, 0
L 37, -1079, -1, 32, -1079, -1, 0, 0, 0
L 32, -1079, 2, 32, -1085, 3, 0, 0, 0
L 32, -1085, 3, 21, -1085, 3, 0, 0, 0
L 21, -1085, 3, 21, -1083, 3, 0, 0, 0
L -21, -1085, 3, -21, -1083, 3, 0, 0, 0
L -21, -1085, 3, -32, -1085, 3, 0, 0, 0
L -32, -1085, 3, -32, -1079, 2, 0, 0, 0
L -32, -1079, -1, -37, -1079, -1, 0, 0, 0
L -37, -1079, 2, -37, -1085, 2, 0, 0, 0
L -37, -1085, 2, -69, -1085, 2, 0, 0, 0
L -69, -1085, 2, -69, -1079, 2, 0, 0, 0
L -69, -1079, -1, -77, -1079, -1, 0, 0, 0
L -77, -1079, 2, -77, -1099, 2, 0, 0, 0
L -77, -1099, 2, -131, -1099, 2, 0, 0, 0
L -131, -1099, 2, -131, -1072, 2, 0, 0, 0
L -131, -1072, 2, -122, -1064, 2, 0, 0, 0
L -122, -1064, -1, -128, -1058, -1, 0, 0, 0
L -128, -1058, 2, -132, -1063, 2, 0, 0, 0
L -132, -1063, 2, -335, -860, 2, 0, 0, 0
L -335, -860, 2, -330, -856, 2, 0, 0, 0
L -330, -856, -1, -336, -850, -1, 0, 0, 0
L -336, -850, 2, -344, -859, 2, 0, 0, 0
L -344, -859, 2, -371, -859, 2, 0, 0, 0
L -371, -859, 2, -371, -839, 2, 0, 0, 0
L -371, -839, -1, -379, -839, -1, 0, 0, 0
L -379, -825, -1, -371, -825, -1, 0, 0, 0
L -371, -825, 2, -371, -805, 2, 0, 0, 0
L -351, -797, -1, -379, -797, -1, 0, 0, 0
L -379, -797, -1, -379, -813, -1, 0, 0, 0
L -351, -797, -1, -351, -805, -1, 0, 0, 0
L -351, -805, 2, -371, -805, 2, 0, 0, 0
L -379, -813, -1, -797, -813, -1, 0, 0, 0
L -797, -813, -1, -797, -797, -1, 0, 0, 0
L -797, -797, -1, -813, -797, -1, 0, 0, 0
L -813, -797, -1, -813, -379, -1, 0, 0, 0
L -813, -379, -1, -797, -379, -1, 0, 0, 0
L -797, -379, -1, -797, -351, -1, 0, 0, 0
L -797, -351, -1, -805, -351, -1, 0, 0, 0
L -805, -351, 2, -805, -371, 2, 0, 0, 0
L -805, -371, 2, -825, -371, 2, 0, 0, 0
L -846, -320, -1, -840, -326, -1, 0, 0, 0
L -840, -326, 2, -832, -317, 2, 0, 0, 0
L -832, -317, 2, -805, -317, 2, 0, 0, 0
L -805, -317, 2, -805, -337, 2, 0, 0, 0
L -805, -337, -1, -797, -337, -1, 0, 0, 0
L -797, -337, -1, -797, -309, -1, 0, 0, 0
L -797, -309, -1, -840, -309, -1, 0, 0, 0
L -840, -309, -1, -1141, -8, -1, 0, 0, 0
L -1141, -8, -1, -1141, 8, -1, 0, 0, 0
L -1141, 8, -1, -840, 309, -1, 0, 0, 0
L -840, 309, -1, -797, 309, -1, 0, 0, 0
L -797, 309, -1, -797, 337, -1, 0, 0, 0
L -797, 337, -1, -805, 337, -1, 0, 0, 0
L -805, 337, 2, -805, 317, 2, 0, 0, 0
L -805, 317, 2, -832, 317, 2, 0, 0, 0
L -832, 317, 2, -840, 326, 2, 0, 0, 0
L -840, 326, -1, -846, 320, -1, 0, 0, 0
L -846, 320, 2, -841, 316, 2, 0, 0, 0
L -841, 316, 2, -1148, 9, 2, 0, 0, 0
L -1148, 9, 2, -1152, 14, 2, 0, 0, 0
L -1152, 14, -1, -1158, 8, -1, 0, 0, 0
L -1158, 8, 2, -1149, 0, 2, 0, 0, 0
L -1149, 0, 2, -1158, -8, 2, 0, 0, 0
L -1158, -8, -1, -1152, -14, -1, 0, 0, 0
L -1152, -14, 2, -1148, -9, 2, 0, 0, 0
L -1148, -9, 2, -841, -316, 2, 0, 0, 0
L -841, -316, 2, -846, -320, 2, 0, 0, 0
L -825, 371, 2, -805, 371, 2, 0, 0, 0
L -805, 371, 2, -805, 351, 2, 0, 0, 0
L -805, 351, -1, -797, 351, -1, 0, 0, 0
L -797, 351, -1, -797, 379, -1, 0, 0, 0
L -797, 379, -1, -813, 379, -1, 0, 0, 0
L -813, 379, -1, -813, 797, -1, 0, 0, 0
L -813, 797, -1, -797, 797, -1, 0, 0, 0
L -797, 797, -1, -797, 813, -1, 0, 0, 0
L -797, 813, -1, -379, 813, -1, 0, 0, 0
L -379, 813, -1, -379, 797, -1, 0, 0, 0
L -379, 797, -1, -351, 797, -1, 0, 0, 0
L -351, 797, -1, -351, 805, -1, 0, 0, 0
L -351, 805, 2, -371, 805, 2, 0, 0, 0
L -371, 805, 2, -371, 825, 2, 0, 0, 0
L -371, 825, -1, -379, 825, -1, 0, 0, 0
L -379, 825, 2, -379, 819, 2, 0, 0, 0
L -379, 819, 2, -797, 819, 2, 0, 0, 0
L -797, 819, 2, -797, 825, 2, 0, 0, 0
L -797, 825, -1, -805, 825, -1, 0, 0, 0
L -805, 825, 2, -805, 805, 2, 0, 0, 0
L -805, 805, 2, -825, 805, 2, 0, 0, 0
L -825, 805, -1, -825, 797, -1, 0, 0, 0
L -825, 797, 2, -819, 797, 2, 0, 0, 0
L -819, 797, 2, -819, 379, 2, 0, 0, 0
L -819, 379, 2, -825, 379, 2, 0, 0, 0
L -825, 379, -1, -825, 371, -1, 0, 0, 0
L -337, 805, -1, -337, 797, -1, 0, 0, 0
L -337, 797, -1, -309, 797, -1, 0, 0, 0
L -309, 797, -1, -309, 840, -1, 0, 0, 0
L -309, 840, -1, -8, 1141, -1, 0, 0, 0
L -8, 1141, -1, 8, 1141, -1, 0, 0, 0
L 8, 1141, -1, 309, 840, -1, 0, 0, 0
L 309, 840, -1, 309, 797, -1, 0, 0, 0
L 309, 797, -1, 337, 797, -1, 0, 0, 0
L 337, 797, -1, 337, 805, -1, 0, 0, 0
L 337, 805, 2, 317, 805, 2, 0, 0, 0
L 317, 805, 2, 317, 832, 2, 0, 0, 0
L 317, 832, 2, 326, 840, 2, 0, 0, 0
L 326, 840, -1, 320, 846, -1, 0, 0, 0
L 320, 846, 2, 316, 841, 2, 0, 0, 0
L 316, 841, 2, 9, 1148, 2, 0, 0, 0
L 9, 1148, 2, 14, 1152, 2, 0, 0, 0
L 14, 1152, -1, 8, 1158, -1, 0, 0, 0
L 8, 1158, 2, 0, 1149, 2, 0, 0, 0
L 0, 1149, 2, -8, 1158, 2, 0, 0, 0
L -8, 1158, -1, -14, 1152, -1, 0, 0, 0
L -14, 1152, 2, -9, 1148, 2, 0, 0, 0
L -9, 1148, 2, -316, 841, 2, 0, 0, 0
L -316, 841, 2, -320, 846, 2, 0, 0, 0
L -320, 846, -1, -326, 840, -1, 0, 0, 0
L -326, 840, 2, -317, 832, 2, 0, 0, 0
L -317, 832, 2, -317, 805, 2, 0, 0, 0
L -317, 805, 2, -337, 805, 2, 0, 0, 0
L 351, 805, -1, 351, 797, -1, 0, 0, 0
L 351, 797, -1, 379, 797, -1, 0, 0, 0
L 379, 797, -1, 379, 813, -1, 0, 0, 0
L 379, 813, -1, 797, 813, -1, 0, 0, 0
L 797, 813, -1, 797, 797, -1, 0, 0, 0
L 797, 797, -1, 813, 797, -1, 0, 0, 0
L 813, 797, -1, 813, 379, -1, 0, 0, 0
L 813, 379, -1, 797, 379, -1, 0, 0, 0
L 797, 379, -1, 797, 351, -1, 0, 0, 0
L 797, 351, -1, 805, 351, -1, 0, 0, 0
L 805, 371, 2, 825, 371, 2, 0, 0, 0
L 825, 371, -1, 825, 379, -1, 0, 0, 0
L 825, 379, 2, 819, 379, 2, 0, 0, 0
L 819, 379, 2, 819, 797, 2, 0, 0, 0
L 819, 797, 2, 825, 797, 2, 0, 0, 0
L 825, 797, -1, 825, 805, -1, 0, 0, 0
L 825, 805, 2, 805, 805, 2, 0, 0, 0
L 805, 805, 2, 805, 825, 2, 0, 0, 0
L 805, 825, -1, 797, 825, -1, 0, 0, 0
L 797, 825, 2, 797, 819, 2, 0, 0, 0
L 797, 819, 2, 379, 819, 2, 0, 0, 0
L 379, 819, 2, 379, 825, 2, 0, 0, 0
L 379, 825, -1, 371, 825, -1, 0, 0, 0
L 371, 825, 2, 371, 805, 2, 0, 0, 0
L 371, 805, 2, 351, 805, 2, 0, 0, 0
L 805, 337, -1, 797, 337, -1, 0, 0, 0
L 797, 337, -1, 797, 309, -1, 0, 0, 0
L 797, 309, -1, 840, 309, -1, 0, 0, 0
L 840, 309, -1, 1141, 8, -1, 0, 0, 0
L 1141, 8, -1, 1141, -8, -1, 0, 0, 0
L 1141, -8, -1, 840, -309, -1, 0, 0, 0
L 840, -309, -1, 797, -309, -1, 0, 0, 0
L 797, -309, -1, 797, -337, -1, 0, 0, 0
L 797, -337, -1, 805, -337, -1, 0, 0, 0
L 805, -337, 2, 805, -317, 2, 0, 0, 0
L 805, -317, 2, 832, -317, 2, 0, 0, 0
L 832, -317, 2, 840, -326, 2, 0, 0, 0
L 840, -326, -1, 846, -320, -1, 0, 0, 0
L 846, -320, 2, 841, -316, 2, 0, 0, 0
L 841, -316, 2, 1148, -9, 2, 0, 0, 0
L 1148, -9, 2, 1152, -14, 2, 0, 0, 0
L 1152, -14, -1, 1157, -8, -1, 0, 0, 0
L 1157, -8, 2, 1149, 0, 2, 0, 0, 0
L 1149, 0, 2, 1158, 8, 2, 0, 0, 0
L 1158, 8, -1, 1152, 14, -1, 0, 0, 0
L 1152, 14, 2, 1148, 9, 2, 0, 0, 0
L 1148, 9, 2, 841, 316, 2, 0, 0, 0
L 841, 316, 2, 846, 320, 2, 0, 0, 0
L 846, 320, -1, 840, 326, -1, 0, 0, 0
L 840, 326, 2, 832, 317, 2, 0, 0, 0
L 832, 317, 2, 805, 317, 2, 0, 0, 0
L 805, 317, 2, 805, 337, 2, 0, 0, 0
L 805, 351, 2, 805, 371, 2, 0, 0, 0
L 805, -351, -1, 797, -351, -1, 0, 0, 0
L 797, -351, -1, 797, -379, -1, 0, 0, 0
L 797, -379, -1, 813, -379, -1, 0, 0, 0
L 813, -379, -1, 813, -797, -1, 0, 0, 0
L 813, -797, -1, 797, -797, -1, 0, 0, 0
L 797, -797, -1, 797, -813, -1, 0, 0, 0
L 797, -813, -1, 379, -813, -1, 0, 0, 0
L 379, -813, -1, 379, -797, -1, 0, 0, 0
L 379, -797, -1, 351, -797, -1, 0, 0, 0
L 351, -797, -1, 351, -805, -1, 0, 0, 0
L 351, -805, 2, 371, -805, 2, 0, 0, 0
L 371, -805, 2, 371, -825, 2, 0, 0, 0
L 371, -825, -1, 379, -825, -1, 0, 0, 0
L 379, -825, 2, 379, -819, 2, 0, 0, 0
L 379, -819, 2, 797, -819, 2, 0, 0, 0
L 797, -819, 2, 797, -825, 2, 0, 0, 0
L 797, -825, -1, 805, -825, -1, 0, 0, 0
L 805, -825, 2, 805, -805, 2, 0, 0, 0
L 805, -805, 2, 825, -805, 2, 0, 0, 0
L 825, -805, -1, 825, -797, -1, 0, 0, 0
L 825, -797, 2, 819, -797, 2, 0, 0, 0
L 819, -797, 2, 819, -379, 2, 0, 0, 0
L 819, -379, 2, 825, -379, 2, 0, 0, 0
L 825, -379, -1, 825, -371, -1, 0, 0, 0
L 825, -371, 2, 805, -371, 2, 0, 0, 0
L 805, -371, 2, 805, -351, 2, 0, 0, 0
L 337, -805, -1, 337, -797, -1, 0, 0, 0
L 337, -797, -1, 309, -797, -1, 0, 0, 0
L 309, -797, -1, 309, -840, -1, 0, 0, 0
L 309, -840, -1, 112, -1037, -1, 0, 0, 0
L 112, -1037, -1, 69, -1037, -1, 0, 0, 0
L 69, -1037, -1, 69, -1053, -1, 0, 0, 0
L 69, -1053, -1, 21, -1053, -1, 0, 0, 0
L 21, -1053, -1, 21, -1048, -1, 0, 0, 0
L 21, -1048, -1, 15, -1048, -1, 0, 0, 0
L -15, -1048, -1, -21, -1048, -1, 0, 0, 0
L -21, -1048, -1, -21, -1053, -1, 0, 0, 0
L -21, -1053, -1, -69, -1053, -1, 0, 0, 0
L -69, -1053, -1, -69, -1037, -1, 0, 0, 0
L -69, -1037, -1, -112, -1037, -1, 0, 0, 0
L -112, -1037, -1, -309, -840, -1, 0, 0, 0
L -309, -840, -1, -309, -797, -1, 0, 0, 0
L -309, -797, -1, -337, -797, -1, 0, 0, 0
L -337, -797, -1, -337, -805, -1, 0, 0, 0
L -337, -805, 2, -317, -805, 2, 0, 0, 0
L -317, -805, 2, -317, -832, 2, 0, 0, 0
L -317, -832, 2, -326, -840, 2, 0, 0, 0
L -326, -840, -1, -320, -846, -1, 0, 0, 0
L -320, -846, 2, -316, -841, 2, 0, 0, 0
L -316, -841, 2, -113, -1044, 2, 0, 0, 0
L -113, -1044, 2, -118, -1048, 2, 0, 0, 0
L -118, -1048, -1, -112, -1054, -1, 0, 0, 0
L -112, -1054, 2, -104, -1045, 2, 0, 0, 0
L -104, -1045, 2, -77, -1045, 2, 0, 0, 0
L -77, -1045, 2, -77, -1065, 2, 0, 0, 0
L -77, -1065, -1, -69, -1065, -1, 0, 0, 0
L -69, -1065, 2, -69, -1059, 2, 0, 0, 0
L -69, -1059, 2, -37, -1059, 2, 0, 0, 0
L -37, -1059, 2, -37, -1065, 2, 0, 0, 0
L -37, -1065, -1, -32, -1065, -1, 0, 0, 0
L -32, -1065, 2, -32, -1059, 3, 0, 0, 0
L -32, -1059, 3, -21, -1059, 3, 0, 0, 0
L -21, -1059, 3, -21, -1061, 3, 0, 0, 0
L -21, -1061, 3, -15, -1061, 3, 0, 0, 0
L -15, -1061, 3, -15, -1048, 3, 0, 0, 0
L 15, -1061, 3, 15, -1048, 3, 0, 0, 0
L 15, -1061, 3, 21, -1061, 3, 0, 0, 0
L 21, -1061, 3, 21, -1059, 3, 0, 0, 0
L 21, -1059, 3, 32, -1059, 3, 0, 0, 0
L 32, -1059, 3, 32, -1065, 2, 0, 0, 0
L 32, -1065, -1, 37, -1065, -1, 0, 0, 0
L 37, -1065, 2, 37, -1059, 2, 0, 0, 0
L 37, -1059, 2, 69, -1059, 2, 0, 0, 0
L 69, -1059, 2, 69, -1065, 2, 0, 0, 0
L 69, -1065, -1, 77, -1065, -1, 0, 0, 0
L 77, -1065, 2, 77, -1045, 2, 0, 0, 0
L 77, -1045, 2, 104, -1045, 2, 0, 0, 0
L 104, -1045, 2, 112, -1054, 2, 0, 0, 0
L 112, -1054, -1, 118, -1048, -1, 0, 0, 0
L 118, -1048, 2, 113, -1044, 2, 0, 0, 0
L 113, -1044, 2, 316, -841, 2, 0, 0, 0
L 316, -841, 2, 320, -846, 2, 0, 0, 0
L 320, -846, -1, 326, -840, -1, 0, 0, 0
L 326, -840, 2, 317, -832, 2, 0, 0, 0
L 317, -832, 2, 317, -805, 2, 0, 0, 0
L 317, -805, 2, 337, -805, 2, 0, 0, 0
L 248, -639, 3, 216, -639, 3, 0, 0, 0
L 216, -639, -1, 216, -645, -1, 0, 0, 0
L 216, -645, -1, 223, -645, -1, 0, 0, 0
L 223, -645, 3, 223, -671, 3, 0, 0, 0
L 223, -671, 3, 191, -671, 3, 0, 0, 0
L 191, -671, 3, 191, -703, 3, 0, 0, 0
L 191, -703, 3, -191, -703, 3, 0, 0, 0
L -191, -703, 3, -191, -671, 3, 0, 0, 0
L -191, -671, 3, -223, -671, 3, 0, 0, 0
L -223, -671, 3, -223, -645, 3, 0, 0, 0
L -223, -645, 3, -216, -645, -1, 0, 0, 0
L -216, -645, -1, -216, -639, -1, 0, 0, 0
L -216, -639, 3, -248, -639, 3, 0, 0, 0
L -248, -639, -1, -248, -645, -1, 0, 0, 0
L -248, -645, -1, -241, -645, -1, 0, 0, 0
L -241, -645, 3, -241, -663, 5, 0, 0, 0
L -241, -663, 5, -265, -663, 5, 0, 0, 0
L -265, -663, 5, -265, -681, 5, 0, 0, 0
L -265, -681, 5, -241, -681, 5, 0, 0, 0
L -241, -681, 5, -241, -721, 3, 0, 0, 0
L -241, -721, 3, -201, -721, 5, 0, 0, 0
L -201, -721, 5, -201, -745, 5, 0, 0, 0
L -201, -745, 5, -183, -745, 5, 0, 0, 0
L -183, -745, 5, -183, -721, 5, 0, 0, 0
L -183, -721, 5, -105, -721, 5, 0, 0, 0
L -105, -721, 5, -105, -745, 5, 0, 0, 0
L -105, -745, 5, -87, -745, 5, 0, 0, 0
L -87, -745, 5, -87, -721, 5, 0, 0, 0
L -87, -721, 5, -9, -721, 5, 0, 0, 0
L -9, -721, 5, -9, -745, 5, 0, 0, 0
L -9, -745, 5, 9, -745, 5, 0, 0, 0
L 9, -745, 5, 9, -721, 5, 0, 0, 0
L 9, -721, 5, 87, -721, 5, 0, 0, 0
L 87, -721, 5, 87, -745, 5, 0, 0, 0
L 87, -745, 5, 105, -745, 5, 0, 0, 0
L 105, -745, 5, 105, -721, 5, 0, 0, 0
L 105, -721, 5, 183, -721, 5, 0, 0, 0
L 183, -721, 5, 183, -745, 5, 0, 0, 0
L 183, -745, 5, 201, -745, 5, 0, 0, 0
L 201, -745, 5, 201, -721, 5, 0, 0, 0
L 201, -721, 5, 241, -721, 3, 0, 0, 0
L 241, -721, 3, 241, -681, 5, 0, 0, 0
L 241, -681, 5, 265, -681, 5, 0, 0, 0
L 265, -681, 5, 265, -663, 5, 0, 0, 0
L 265, -663, 5, 241, -663, 5, 0, 0, 0
L 241, -663, 5, 241, -645, 3, 0, 0, 0
L 241, -645, 3, 248, -645, -1, 0, 0, 0
L 248, -645, -1, 248, -639, -1, 0, 0, 0
L 479, -715, 4, 523, -715, 4, 0, 0, 0
L 523, -715, 4, 523, -629, 4, 0, 0, 0
L 523, -629, 4, 437, -629, 4, 0, 0, 0
L 437, -629, 4, 437, -715, 4, 0, 0, 0
L 437, -715, 4, 465, -715, 4, 0, 0, 0
L 479, -715, 1, 479, -721, 1, 0, 0, 0
L 465, -721, 1, 465, -715, 1, 0, 0, 0
L 479, -721, 1, 519, -721, 1, 0, 0, 0
L 519, -721, 1, 519, -733, -1, 0, 0, 0
L 519, -733, -1, 541, -733, -1, 0, 0, 0
L 541, -733, -1, 541, -711, -1, 0, 0, 0
L 541, -711, -1, 529, -711, 1, 0, 0, 0
L 529, -711, 1, 529, -633, 1, 0, 0, 0
L 529, -633, 1, 541, -633, -1, 0, 0, 0
L 541, -633, -1, 541, -611, -1, 0, 0, 0
L 541, -611, -1, 519, -611, -1, 0, 0, 0
L 519, -611, -1, 519, -623, 1, 0, 0, 0
L 519, -623, 1, 441, -623, 1, 0, 0, 0
L 441, -623, 1, 441, -611, -1, 0, 0, 0
L 441, -611, -1, 419, -611, -1, 0, 0, 0
L 419, -611, -1, 419, -633, -1, 0, 0, 0
L 419, -633, -1, 431, -633, 1, 0, 0, 0
L 431, -633, 1, 431, -711, 1, 0, 0, 0
L 431, -711, 1, 419, -711, -1, 0, 0, 0
L 419, -711, -1, 419, -733, -1, 0, 0, 0
L 419, -733, -1, 441, -733, -1, 0, 0, 0
L 441, -733, -1, 441, -721, 1, 0, 0, 0
L 441, -721, 1, 465, -721, 1, 0, 0, 0
L 715, -647, -1, 733, -643, -1, 0, 0, 0
L 733, -643, -1, 740, -643, -0, 0, 0, 0
L 740, -643, -0, 740, -724, -1, 0, 0, 0
L 740, -724, -1, 658, -724, -1, 0, 0, 0
L 658, -724, -1, 658, -642, -1, 0, 0, 0
L 658, -642, -1, 668, -643, -1, 0, 0, 0
L 668, -643, -1, 683, -648, -1, 0, 0, 0
L 662, -650, -1, 662, -717, -1, 0, 0, 0
L 662, -717, -1, 666, -720, -1, 0, 0, 0
L 666, -720, -1, 733, -720, -1, 0, 0, 0
L 733, -720, -1, 737, -716, -1, 0, 0, 0
L 737, -716, -1, 737, -650, -1, 0, 0, 0
L 737, -650, -1, 734, -647, -1, 0, 0, 0
L 734, -647, -1, 715, -650, -1, 0, 0, 0
L 665, -647, -1, 683, -650, -1, 0, 0, 0
L 665, -647, -1, 662, -650, -1, 0, 0, 0
L 715, -647, -1, 715, -650, -1, 0, 0, 0
L 683, -648, -1, 683, -650, -1, 0, 0, 0
L -481, -715, 1, -481, -721, 1, 0, 0, 0
L -481, -721, 1, -439, -721, 5, 0, 0, 0
L -439, -721, 5, -439, -731, 5, 0, 0, 0
L -439, -731, 5, -421, -731, 5, 0, 0, 0
L -421, -731, 5, -421, -713, 5, 0, 0, 0
L -421, -713, 5, -431, -713, 5, 0, 0, 0
L -431, -713, 5, -431, -631, 5, 0, 0, 0
L -431, -631, 5, -421, -631, 5, 0, 0, 0
L -421, -631, 5, -421, -613, 5, 0, 0, 0
L -421, -613, 5, -439, -613, 5, 0, 0, 0
L -439, -613, 5, -439, -623, 5, 0, 0, 0
L -439, -623, 5, -521, -623, 1, 0, 0, 0
L -521, -623, 5, -521, -613, 5, 0, 0, 0
L -521, -613, 5, -539, -613, 5, 0, 0, 0
L -539, -613, 5, -539, -631, 5, 0, 0, 0
L -539, -631, 5, -529, -631, 5, 0, 0, 0
L -529, -631, 5, -529, -713, 5, 0, 0, 0
L -529, -713, 5, -539, -713, 5, 0, 0, 0
L -539, -713, 5, -539, -731, 5, 0, 0, 0
L -539, -731, 5, -521, -731, 5, 0, 0, 0
L -521, -731, 5, -521, -721, 5, 0, 0, 0
L -521, -721, 5, -495, -721, 1, 0, 0, 0
L -495, -721, 1, -495, -715, 1, 0, 0, 0
L -495, -715, 4, -523, -715, 4, 0, 0, 0
L -523, -715, 4, -523, -629, 4, 0, 0, 0
L -523, -629, 4, -437, -629, 4, 0, 0, 0
L -437, -629, 4, -437, -715, 4, 0, 0, 0
L -437, -715, 4, -481, -715, 4, 0, 0, 0
L -656, -637, -1, -653, -640, -1, 0, 0, 0
L -653, -640, -1, -653, -707, -1, 0, 0, 0
L -653, -707, -1, -657, -711, -1, 0, 0, 0
L -657, -711, -1, -724, -711, -1, 0, 0, 0
L -724, -711, -1, -728, -707, -1, 0, 0, 0
L -728, -707, -1, -728, -640, -1, 0, 0, 0
L -728, -640, -1, -725, -637, -1, 0, 0, 0
L -725, -637, -1, -707, -641, -1, 0, 0, 0
L -656, -637, -1, -674, -640, -1, 0, 0, 0
L -674, -637, -1, -650, -632, -1, 0, 0, 0
L -650, -632, -1, -649, -714, -1, 0, 0, 0
L -649, -714, -1, -733, -714, -1, 0, 0, 0
L -733, -714, -1, -732, -631, -1, 0, 0, 0
L -732, -631, -1, -707, -638, -1, 0, 0, 0
L -707, -638, -1, -707, -641, -1, 0, 0, 0
L -674, -637, -1, -674, -640, -1, 0, 0, 0
L -942, 30, -1, -939, 46, -1, 0, 0, 0
L -939, 46, -1, -942, 50, -1, 0, 0, 0
L -942, 50, -1, -1009, 50, -1, 0, 0, 0
L -1009, 50, -1, -1013, 46, -1, 0, 0, 0
L -1013, 46, -1, -1013, -21, -1, 0, 0, 0
L -1013, -21, -1, -1009, -25, -1, 0, 0, 0
L -1009, -25, -1, -942, -25, -1, 0, 0, 0
L -942, -25, -1, -939, -22, -1, 0, 0, 0
L -939, -22, -1, -942, -4, -1, 0, 0, 0
L -939, -4, -1, -935, -29, -1, 0, 0, 0
L -1016, -29, -1, -1016, 54, -1, 0, 0, 0
L -1016, 54, -1, -933, 54, -1, 0, 0, 0
L -933, 54, -1, -939, 30, -1, 0, 0, 0
L -935, -29, -1, -1016, -29, -1, 0, 0, 0
L -939, 30, -1, -942, 30, 1, 0, 0, 0
L -939, -4, -1, -942, -4, -1, 0, 0, 0
L -21, -1083, 3, 21, -1083, 3, 255, 0, 255
L -368, 321, -1, -365, 303, -1, 0, 0, 0
L -365, 303, -1, -367, 300, -1, 0, 0, 0
L -367, 300, -1, -434, 300, -1, 0, 0, 0
L -434, 300, -1, -438, 304, -1, 0, 0, 0
L -438, 304, -1, -438, 371, -1, 0, 0, 0
L -438, 371, -1, -434, 375, -1, 0, 0, 0
L -434, 375, -1, -367, 374, -1, 0, 0, 0
L -367, 374, -1, -364, 371, -1, 0, 0, 0
L -364, 371, -1, -368, 354, -1, 0, 0, 0
L -365, 321, -0, -360, 296, -1, 0, 0, 0
L -360, 296, -1, -442, 296, -1, 0, 0, 0
L -442, 296, -1, -442, 379, -1, 0, 0, 0
L -442, 379, -1, -359, 379, -1, 0, 0, 0
L -359, 379, -1, -364, 354, -1, 0, 0, 0
L -364, 354, -1, -368, 354, -1, 0, 0, 0
L -365, 321, -1, -368, 321, -1, 0, 0, 0
L -129, 309, 1, -129, 303, 1, 0, 0, 0
L -129, 303, 1, -87, 303, 5, 0, 0, 0
L -87, 303, 5, -87, 293, 5, 0, 0, 0
L -87, 293, 5, -69, 293, 5, 0, 0, 0
