P 313.0518, -2330.6848, -197.1100,  240, 0, 255,  3,  Olgor_the_Finder_(Purveyor_of_Misplaced_Items)
P 1920.6439, -1771.8948, 15.2097,  0, 0, 0,  3,  From_Valley_of_Lunanyn
P -117.7050, -2884.3477, -333.4337,  255, 0, 255,  3,  Udgar_the_Brave_(Quests)
P 363.8019, -2137.0212, -336.4782,  255, 0, 255,  3,  Diviner_Url_(Quests)
P -319.9908, -2703.3064, -41.3988,  0, 0, 0,  3,  Nadja_Irespine_(Quests)
P -47.6823, -493.7629, 1.4561,  0, 0, 0,  3,  Vaericus_the_Vainglorious_(Quests)
P 464.8655, -2999.5012, -317.0966,  255, 0, 255,  3,  A_Decayed_Sentry_Stone
P -40.6440, -2384.3552, -256.0518,  255, 0, 255,  3,  Perfectionist_Naerys_(Quests)
P -17.9884, -2536.8386, -26.1852,  0, 0, 0,  3,  Surmo
P 15.5287, -1693.1506, -26.1548,  0, 0, 0,  3,  Chancellor_Corcelia_(Quests)
P 46.9401, -37.0094, 3.0062,  0, 0, 0,  3,  To_Sarith
P -207.9526, -1831.5002, 406.6801,  0, 240, 0,  3,  Sentry_Loesk
P 322.5583, -1877.0350, -23.0566,  0, 0, 0,  3,  Blademaster_Morje
P 186.5441, -1669.6534, -26.1547,  0, 0, 0,  3,  Lesir_the_Seer
P 106.2632, -1815.6025, 436.4100,  240, 240, 0,  3,  Reklor_Irespine_(Mission_&_Raid)
P 253.5935, -2181.1038, -41.2202,  0, 0, 0,  3,  Lumar_the_Traveled_(Merchant)
P 53.1175, -2304.1289, -116.1641,  240, 0, 0,  3,  Dead_Surmo
P 13.2286, -2211.6687, -337.5622,  255, 0, 255,  3,  Hoarder_Paoliq_(Quests)
P 406.6068, -2709.0066, -40.7557,  255, 0, 255,  3,  Enterance_to_the_Caves
P 1224.6660, -2155.1523, -38.8668,  0, 0, 0,  3,  A_Diseased_Recruit
P -426.1655, -2127.8535, -344.1712,  255, 0, 255,  3,  Plann_(Quests)
P -555.0336, -2675.8989, -42.0982,  255, 0, 255,  3,  Enterance_to_the_Caves
P -173.0000, -4038.0000, 576.2903,  240, 240, 0,  3,  To_Pillars_of_Alra
P -1773.0000, -4038.0000, 576.2903,  0, 0, 0,  3,  Map_By_Beimeith
P -1773.0000, -4038.0000, 576.2903,  0, 0, 0,  3,  Use_Height_Filter_Value_50/50
P -1930.0026, -1647.8123, 31.7263,  0, 0, 0,  3,  To_Erillion
P -1000.0000, 0.0000, 0.0000,  0, 0, 0,  1,  0
P -117.7050, -2884.3477, -333.4337,  0, 127, 127,  3,  Udgar_the_Brave
P -1500.0000, 0.0000, 0.0000,  0, 0, 0,  1,  0
P -170.3361, -2551.3511, -340.3736,  127, 0, 0,  3,  An_Animated_Servant
P -173.0000, -4038.0000, 576.2903,  0, 0, 240,  3,  Pillars_of_Alra
P -1849.9711, -1593.4012, 20.5098,  0, 0, 240,  3,  City_of_Bronze
P -2000.0000, 0.0000, 0.0000,  0, 0, 0,  1,  0
P -319.9908, -2703.3064, -41.3988,  0, 127, 127,  3,  Nadja_Irespine
P -40.6440, -2384.3552, -256.0518,  0, 127, 127,  3,  Perfectionist_Naerys
P -426.1655, -2127.8535, -344.1712,  0, 127, 127,  3,  Plann
P -47.6823, -493.7629, 1.4561,  0, 127, 127,  3,  Vaericus_the_Vainglorious
P -500.0000, 0.0000, 0.0000,  0, 0, 0,  1,  0
P -525.5184, -2296.7292, -344.8938,  127, 0, 0,  3,  Summoner_Sirqo
P 0.0000, -1000.0000, 0.0000,  0, 0, 0,  1,  1000
P 0.0000, -1500.0000, 0.0000,  0, 0, 0,  1,  1500
P 0.0000, -2000.0000, 0.0000,  0, 0, 0,  1,  2000
P 0.0000, -2500.0000, 0.0000,  0, 0, 0,  1,  2500
P 0.0000, -3000.0000, 0.0000,  0, 0, 0,  1,  3000
P 0.0000, -3500.0000, 0.0000,  0, 0, 0,  1,  3500
P 0.0000, -4000.0000, 0.0000,  0, 0, 0,  1,  4000
P 0.0000, -4500.0000, 0.0000,  0, 0, 0,  1,  4500
P 0.0000, -500.0000, 0.0000,  0, 0, 0,  1,  500
P 0.0000, -5000.0000, 0.0000,  0, 0, 0,  1,  5000
P 0.0000, 0.0000, 0.0000,  0, 0, 0,  1,  0
P 1000.0000, 0.0000, 0.0000,  0, 0, 0,  1,  0
P 106.2632, -1815.6025, 436.4100,  0, 127, 127,  3,  Reklor_Irespine
P 1183.7067, -2300.1094, -38.8707,  127, 0, 0,  3,  A_Prismatic_Selyrah
P 13.2286, -2211.6687, -337.5622,  0, 127, 127,  3,  Hoarder_Paoliq
P 15.5287, -1693.1506, -26.1548,  0, 127, 127,  3,  Chancellor_Corcelia
P 1500.0000, 0.0000, 0.0000,  0, 0, 0,  1,  0
P 1921.6632, -1771.7162, 16.8742,  0, 0, 240,  3,  Valley_of_Lunanyn
P 2000.0000, 0.0000, 0.0000,  0, 0, 0,  1,  0
P 244.7196, -2779.8540, 276.4627,  0, 127, 0,  2,  M_radiant_stone
P 253.5935, -2181.1038, -41.2202,  127, 0, 127,  3,  Lumar_the_Traveled
P 317.4456, -2339.6919, -195.9337,  127, 0, 127,  3,  Olgor_the_Finder_(t3_raid_gear)
P 363.8019, -2137.0212, -336.4782,  0, 127, 127,  3,  Diviner_Url
P 392.5236, -2406.4817, 262.7699,  127, 0, 0,  3,  Miggles
P 428.9669, -2867.8711, -315.1678,  0, 127, 0,  2,  M_decayed_stone
P 46.9401, -37.0094, 3.0062,  0, 0, 240,  3,  Sarith
P 500.0000, 0.0000, 0.0000,  0, 0, 0,  1,  0
P 61.7087, -2514.5925, -26.7944,  127, 0, 0,  3,  Pledgemaster_Oeslik
P 828.1874, -2598.2202, -153.0206,  0, 127, 0,  2,  Fire_flower
P 83.3772, -2686.7673, 261.8431,  0, 127, 0,  2,  M_radiant_stone
