P 1204.0000, 1159.0000, 25.0000,  0, 0, 0,  1,  ZL
P 78.0374, -900.4402, -16.6201,  0, 127, 0,  2,  Arulien's_Broken_Sword
P -236.8310, -74.1799, -8.8849,  0, 127, 0,  2,  Arulien's_room
P -327.6880, -114.6088, -8.8849,  0, 127, 0,  3,  Sergeant_Elvan
P -204.6615, 93.0142, -8.8849,  0, 127, 0,  3,  Prison_Warden_Tuley
P 154.9627, 238.9847, -7.8809,  0, 127, 0,  3,  Keekli_Syzen
P -127.2436, 706.7507, -28.8896,  0, 127, 0,  3,  Fisherman_Tayron
P 103.6152, 698.2929, -8.8771,  0, 127, 0,  3,  Tidalmage_Karith
P -23.7756, 320.9272, 18.7268,  0, 127, 0,  3,  Lieutenant_Arulien
P 704.8792, 180.8293, -9.2985,  0, 127, 0,  2,  counter_magic_scroll
P 101.6408, 477.6709, -7.4782,  0, 127, 0,  2,  Marinsi's_Notebook
P -344.0035, 710.9962, -8.3804,  0, 127, 0,  2,  city_park
P 644.4540, 196.4563, -8.8847,  0, 127, 0,  2,  docked_ships
P -837.9819, 682.1212, -0.2247,  127, 0, 0,  3,  Battlemage_Resk
P -478.4982, 859.7083, -6.6556,  127, 0, 0,  3,  Life_Knight_Jasul
P 688.1522, 541.9725, -7.0470,  127, 0, 0,  3,  Ocean_Mage_Rettun
P -657.7280, -608.8370, -6.0297,  0, 127, 127,  3,  Kayquon
P -685.3280, -310.4056, -6.4057,  0, 127, 0,  3,  Reqin
P -616.9183, -5.1599, -7.1860,  0, 127, 127,  3,  Guard_Captain_Naraind_Reles
P 335.3093, 109.7593, -8.1851,  0, 127, 127,  3,  Falthen_Berros
P 345.0051, 183.3878, -8.1851,  0, 127, 0,  3,  Captain_Ullas
P 300.7787, 72.5904, -8.1851,  0, 127, 0,  3,  Cartographer_Weken
P 451.5018, -90.8538, -7.1837,  0, 127, 127,  3,  Chef_Rolland
P 418.9694, -108.9767, -7.1837,  0, 127, 0,  3,  Ruthen_Sarros
P 848.3300, -150.4666, -8.2550,  0, 127, 127,  3,  Commander_Marrien_Kavus
P 848.4833, -163.1550, -8.2534,  0, 127, 127,  3,  Rebel_leader_Ain_Kavus
P 832.4321, 28.6129, -8.1904,  0, 127, 0,  3,  Dahrius_Lato
P 1063.0325, 78.0324, -9.3348,  0, 127, 127,  3,  Captain_Lonz_Duran
P -200.6028, 1102.1000, 7.6505,  0, 127, 127,  3,  General_Serobi
P -27.1295, 966.5283, -8.1772,  0, 127, 127,  3,  Coralin_Seagazer
P 63.0784, 874.4932, -8.1786,  0, 127, 127,  3,  Solphius_Kelprunner
P 168.6047, 757.6051, -8.1802,  0, 127, 127,  3,  Fisherman_Ludwigvon
P -28.4319, 759.4046, -8.1871,  0, 127, 127,  3,  Renarra
P -26.4602, 624.1580, -8.1857,  0, 127, 127,  3,  Aquarn_the_Tidalmaster
P -332.4913, 1011.0625, 1.8140,  0, 127, 127,  3,  Tiljin_of_the_Deep
P -284.8247, 660.1897, -8.1849,  0, 127, 0,  3,  Tide_Priest_Marinsi
P -479.2827, 621.3072, -7.8595,  0, 127, 0,  3,  Sergeant_Karus
P -627.6069, 636.7695, -1.3422,  0, 127, 0,  3,  Archon_Xenavia_Eries
P -688.2078, 585.6287, -1.3422,  0, 127, 127,  3,  Governor_Parrin_Wenst
P -834.1766, 635.3322, -1.3422,  0, 127, 0,  3,  Riago_Barthes
P -878.1740, 740.9180, -17.2799,  0, 127, 0,  3,  High_Priest_Vyers_Rinad
P 516.6948, 366.8179, -8.1856,  0, 127, 0,  3,  Sergeant_Larren
P -1000.0000, 0.0000, 0.0000,  0, 0, 0,  1,  0
P -122.7272, 0.3275, -6.6513,  127, 0, 0,  3,  Lieutenant_Vasko_(roam)
P -1500.0000, 0.0000, 0.0000,  0, 0, 0,  1,  0
P -170.9521, -848.7557, -6.2310,  127, 0, 0,  3,  Primal_Mage_Mollens
P -179.2029, -113.2568, -6.6458,  0, 127, 0,  2,  CoB_Equip
P -192.0078, -102.8067, -5.9906,  0, 127, 0,  3,  Quartermaster_Gilles
P -228.3917, 774.8917, -20.1724,  0, 127, 0,  2,  Heirloom
P -231.4202, -170.7760, -6.6560,  0, 127, 0,  2,  CoB_Equip
P -249.2775, -75.3616, -6.6532,  0, 127, 0,  2,  CoB_Equip
P -252.2725, 691.5020, -20.0699,  0, 127, 0,  2,  Heirloom
P -278.1463, 112.9286, -4.8606,  0, 127, 0,  2,  Sarith_Prison
P -322.2959, -155.0263, -6.6557,  0, 127, 0,  2,  CoB_Equip
P -330.2856, 435.4372, -6.6155,  127, 0, 0,  3,  Assassin_Thale
P -358.2381, -658.1795, -4.1496,  127, 0, 0,  3,  Master_Trainer_Ganelin
P -500.0000, 0.0000, 0.0000,  0, 0, 0,  1,  0
P -581.3402, -785.3492, 3.9472,  0, 0, 240,  3,  City_of_Bronze
P -627.1896, 856.5800, 0.2009,  127, 0, 0,  3,  Captain_Dahlena
P -65.1691, 536.8995, -18.1558,  0, 127, 0,  2,  Heirloom
P -727.8267, 914.1531, 0.2100,  127, 0, 0,  3,  Death_Knight_Sharris
P -831.1812, 850.1434, 0.1994,  127, 0, 0,  3,  Tactician_Perak
P -842.8249, 800.8392, 1.0881,  127, 0, 0,  3,  Bishop_Kyzer
P 0.0000, -1000.0000, 0.0000,  0, 0, 0,  1,  1000
P 0.0000, -1500.0000, 0.0000,  0, 0, 0,  1,  1500
P 0.0000, -500.0000, 0.0000,  0, 0, 0,  1,  500
P 0.0000, 0.0000, 0.0000,  0, 0, 0,  1,  0
P 0.0000, 1000.0000, 0.0000,  0, 0, 0,  1,  -1000
P 0.0000, 1500.0000, 0.0000,  0, 0, 0,  1,  -1500
P 0.0000, 2000.0000, 0.0000,  0, 0, 0,  1,  -2000
P 0.0000, 500.0000, 0.0000,  0, 0, 0,  1,  -500
P 1000.0000, 0.0000, 0.0000,  0, 0, 0,  1,  0
P 1035.4231, -8.0442, -6.1144,  0, 127, 127,  3,  General_Serobi
P 1100.4049, -34.1946, -7.0720,  0, 127, 127,  3,  Coralin_Seagazer
P 113.3777, 501.6740, -2.6611,  127, 0, 0,  3,  Dark_Mage_Naxin
P 1241.2046, 563.8124, -30.8090,  127, 0, 0,  3,  The_Megaladon_(roam)
P 1286.2183, 1469.1444, -210.5679,  0, 127, 0,  2,  Rune_Holder_2
P 1312.0748, 891.0350, -263.5438,  0, 127, 0,  2,  Rune_Holder_3
P 1403.9125, 1261.7531, -271.9139,  127, 0, 0,  3,  The_Giant_Crab_(roam)
P 147.7601, 286.3915, -6.0517,  0, 127, 0,  3,  Merchant_Stires
P 1500.0000, 0.0000, 0.0000,  0, 0, 0,  1,  0
P 2000.0000, 0.0000, 0.0000,  0, 0, 0,  1,  0
P 430.4314, 761.1388, -6.5572,  127, 0, 0,  3,  Sarith's_Guardian_(roam)
P 466.1609, -521.2472, -6.7514,  127, 0, 0,  3,  Kaneida
P 500.0000, 0.0000, 0.0000,  0, 0, 0,  1,  0
P 542.8613, 515.8701, 1.3638,  127, 0, 0,  3,  Sea_Ranger_Huren
P 606.0000, -913.0000, -5.3559,  0, 0, 240,  3,  Valley_of_Lunanyn
P 657.4868, 425.3459, 22.2740,  127, 0, 0,  3,  Tidalmage_Narens
P 66.6716, -980.2988, -13.6480,  0, 0, 240,  3,  Resplendent_Temple
P 814.0000, -461.0000, -3.2724,  0, 0, 240,  3,  Beasts'_Domain
P 818.4647, -59.9982, -7.0985,  127, 0, 127,  3,  Riallion_Cassand_(t2_raid_gear)
P 877.6304, 28.5627, -6.1248,  0, 127, 127,  3,  Aquarn_the_Tidalmaster
P 890.6913, 1236.8485, -33.6221,  127, 0, 0,  3,  The_Kraken_(roam?)
P 903.9597, 1191.9803, -97.1214,  0, 127, 0,  2,  Rune_Holder_1
P 938.2589, 1526.5763, -312.7626,  0, 127, 0,  2,  Rune_Holder_4
P 941.2322, 34.4982, -7.0720,  0, 127, 127,  3,  Solphius_Kelprunner
P 985.0676, 1193.7827, -25.0734,  127, 0, 0,  3,  Oseka`s_Chosen_Ikallis
