P -727.0000, -128.0000, 4.0000,  0, 0, 0,  2,  ZL-Sep_West
P -81.0000, 176.0000, -4.0000,  0, 0, 0,  1,  Infiltrator_Tesara
P 66.1878, -894.6585, 58.2133,  240, 0, 0,  2,  Relic_of_Alra
P 204.7546, -977.4483, 58.2346,  240, 0, 0,  2,  Relic_of_Kolos
P 192.6792, -816.2750, 58.2481,  240, 0, 0,  2,  Relic_of_Ladrys
P -65.9162, -894.6248, 58.2109,  240, 0, 0,  2,  Relic_of_Oseka
P -204.9380, -977.1746, 58.8690,  240, 0, 0,  2,  Relic_of_Lunanyn
P -191.3723, -817.4987, 58.4300,  240, 0, 0,  2,  Relic_of_Sholoth
P -0.2001, -910.4962, 58.3869,  240, 0, 0,  2,  Relic_of_Ryken
P -0.2816, -772.3137, 58.3865,  240, 0, 0,  2,  Relic_of_Illdaera
P -0.0160, -879.0341, 56.7973,  0, 0, 0,  3,  a_sentry_stone
P -0.2851, -182.9103, -5.7821,  0, 0, 0,  3,  a_worn_sentry_stone
P -0.7877, -333.8275, 7.3633,  0, 127, 127,  3,  Therin_the_Ancient
P -1.0000, 262.0000, -2.8792,  0, 127, 0,  3,  Succor_Point
P -1000.0000, 0.0000, 0.0000,  0, 0, 0,  1,  0
P -111.3495, -899.6563, 56.7977,  0, 127, 0,  2,  Thel_Dagger
P -151.5424, -1498.5376, 60.7330,  127, 0, 0,  3,  Eldanum_of_the_Ser_Alsa_(roam)
P -17.0591, -1535.8149, 60.7330,  0, 127, 0,  2,  Supply_Box_of_Sepulcher
P -2.0276, -1085.6027, 22.5008,  127, 0, 0,  3,  Champion_of_the_Triumverate
P -200.0000, 0.0000, 0.0000,  0, 0, 0,  1,  0
P -210.4821, -894.2294, 56.7977,  127, 0, 0,  3,  The_Exalted_Ser_Alsa_Thel
P -211.2644, -912.1367, 56.7973,  0, 0, 0,  3,  a_battered_sentry_stone
P -235.5558, -421.1616, 22.7873,  0, 127, 0,  2,  Thel_Dagger
P -400.0000, 0.0000, 0.0000,  0, 0, 0,  1,  0
P -401.6449, -463.8323, 7.3630,  0, 127, 127,  3,  Alchemist_Vaskerin
P -448.0817, -93.2056, 7.3463,  0, 127, 0,  2,  Thel_Dagger
P -48.4573, -365.2390, 7.3631,  0, 127, 0,  3,  Planner_Ulnos
P -497.7666, -949.1801, 7.3463,  0, 127, 0,  2,  Thel_Dagger
P -600.0000, 0.0000, 0.0000,  0, 0, 0,  1,  0
P -608.0218, -1219.8289, -5.4937,  127, 0, 0,  3,  Gleaming_Tricor
P -648.1808, -1327.5370, 3.8432,  0, 0, 240,  3,  Sepulcher_West
P -673.3095, -1216.0449, -4.2882,  0, 127, 0,  2,  Thel_Dagger
P -701.0590, -843.3300, -2.9739,  127, 0, 0,  3,  Primordial_Steel
P -703.6357, -527.3906, 2.7065,  127, 0, 0,  3,  Paleodontis_(Roam)
P -711.7784, -222.0822, -5.4937,  0, 127, 0,  2,  Thel_Dagger
P -723.1717, -139.5465, 3.8432,  0, 0, 240,  3,  Sepulcher_West
P -736.2880, -288.2812, -3.3064,  127, 0, 0,  3,  Bonemeal
P -74.9295, 171.2158, -5.7199,  0, 127, 127,  3,  Infiltrator_Tesara
P -750.5428, -902.4996, -3.0774,  0, 127, 0,  2,  Thel_Dagger
P -80.7107, -1069.8875, 86.3842,  0, 0, 0,  3,  a_sentry_stone
P -800.0000, 0.0000, 0.0000,  0, 0, 0,  1,  0
P -891.3252, -887.2228, 3.8432,  0, 0, 240,  3,  Sepulcher_West
P -894.8831, -532.1688, 3.8431,  0, 0, 240,  3,  Sepulcher_West
P 0.0000, -1000.0000, 0.0000,  0, 0, 0,  1,  1000
P 0.0000, -1200.0000, 0.0000,  0, 0, 0,  1,  1200
P 0.0000, -1400.0000, 0.0000,  0, 0, 0,  1,  1400
P 0.0000, -1600.0000, 0.0000,  0, 0, 0,  1,  1600
P 0.0000, -1800.0000, 0.0000,  0, 0, 0,  1,  1800
P 0.0000, -200.0000, 0.0000,  0, 0, 0,  1,  200
P 0.0000, -2000.0000, 0.0000,  0, 0, 0,  1,  2000
P 0.0000, -400.0000, 0.0000,  0, 0, 0,  1,  400
P 0.0000, -600.0000, 0.0000,  0, 0, 0,  1,  600
P 0.0000, -800.0000, 0.0000,  0, 0, 0,  1,  800
P 0.0000, 0.0000, 0.0000,  0, 0, 0,  1,  0
P 0.0000, 1000.0000, 0.0000,  0, 0, 0,  1,  -1000
P 0.0000, 200.0000, 0.0000,  0, 0, 0,  1,  -200
P 0.0000, 400.0000, 0.0000,  0, 0, 0,  1,  -400
P 0.0000, 600.0000, 0.0000,  0, 0, 0,  1,  -600
P 0.0000, 800.0000, 0.0000,  0, 0, 0,  1,  -800
P 0.3611, -1405.7927, 55.2977,  127, 0, 0,  3,  Alsara_the_Ansel_Ereth
P 1000.0000, 0.0000, 0.0000,  0, 0, 0,  1,  0
P 124.7201, -306.7480, 7.3630,  0, 127, 127,  3,  Planner_Vanseth
P 178.9441, -392.0742, 7.0745,  127, 0, 0,  3,  Tegleth
P 200.0000, 0.0000, 0.0000,  0, 0, 0,  1,  0
P 209.9358, -911.6164, 56.7973,  0, 0, 0,  3,  a_battered_sentry_stone
P 219.0234, -1165.5284, 22.7963,  0, 127, 0,  2,  Thel_Dagger
P 249.9781, -538.2207, 22.4988,  127, 0, 0,  3,  Excrucidator
P 310.8608, -369.2976, 8.9028,  0, 127, 0,  3,  captured_dragon_hatchling
P 328.3860, -1427.7931, 60.7330,  0, 127, 0,  2,  Thel_Dagger
P 347.9362, -454.3047, 7.3630,  0, 127, 0,  3,  Thelasa_Eselren
P 356.1308, -1122.3751, 22.7963,  0, 127, 127,  3,  Thado_Penn
P 400.0000, 0.0000, 0.0000,  0, 0, 0,  1,  0
P 42.2542, -971.7236, 22.7963,  0, 127, 0,  2,  Thel_Dagger
P 429.4796, -960.2833, 22.7819,  0, 127, 0,  2,  Thel_Dagger
P 432.0823, -1082.2606, 60.7330,  0, 127, 0,  2,  Thel_Dagger
P 440.1044, -768.5145, 7.3460,  127, 0, 0,  3,  Agralta
P 48.9835, -492.0191, 22.7873,  0, 127, 0,  2,  Thel_Dagger
P 58.6441, 186.5006, 1.4056,  0, 127, 127,  3,  an_embittered_presence
P 600.0000, 0.0000, 0.0000,  0, 0, 0,  1,  0
P 607.1164, -210.8679, -5.4937,  127, 0, 0,  3,  Tendros
P 638.9924, -1200.1710, 38.3797,  0, 127, 0,  2,  Thel_Dagger
P 640.6365, -1329.6411, 3.8432,  0, 0, 240,  3,  Sepulcher_East
P 693.1901, -1203.6200, -5.4937,  127, 0, 0,  3,  Spernal
P 714.9746, -1299.1959, -5.4937,  0, 127, 0,  2,  Punt_to_upper_pads
P 714.9988, -1208.1953, -10.6332,  0, 127, 0,  2,  Thel_Dagger
P 722.8726, -133.1274, 3.8421,  0, 0, 240,  3,  Sepulcher_East
P 723.1002, -579.3486, -5.7821,  127, 0, 0,  3,  Clampgrit
P 735.2308, -879.5669, -6.4937,  0, 127, 0,  2,  Thel_Dagger
P 760.6416, -888.4426, -8.0614,  127, 0, 0,  3,  The_Dark
P 800.0000, 0.0000, 0.0000,  0, 0, 0,  1,  0
P 877.1250, -533.0000, 3.5000,  0, 0, 240,  3,  Sepulcher_East
P 888.6417, -891.5359, 3.8432,  0, 0, 240,  3,  Sepulcher_East
P 18.4848, 901.5058, 101.6634,  127, 0, 0,  3,  To_Erillion
P 0.0000, -1151.0000, 86.1238,  127, 0, 0,  3,  From_Shard's_Landing
