P 1415.0000, 1084.0000, 2.0000,  240, 0, 0,  3,  jewelcraft
P 1478.0000, 1256.0000, 2.0000,  240, 0, 0,  3,  baking
P -334.0000, 1436.0000, 2.0000,  240, 0, 0,  3,  general_supplies
P -1639.0000, 1341.0000, 13.0000,  240, 0, 0,  3,  Druid_Ring
P -823.0000, 1467.0000, 2.0000,  240, 0, 0,  3,  smithing_molds
P -722.0000, 1287.0000, 2.0000,  240, 0, 0,  3,  tailoring
P -426.0000, 1238.0000, 2.0000,  240, 0, 0,  3,  baking_molds
P 2765.0000, -2084.0000, -58.0000,  0, 0, 240,  3,  Loping_Plains
P -945.0000, 1133.0000, 9.0000,  0, 0, 0,  3,  PoK_Book
P 565.0000, -112.0000, 1.0000,  240, 0, 0,  3,  fletching
P -1694.0000, -1673.0000, 12.0000,  240, 0, 0,  3,  Gorehorn
P -28.0000, -1713.0000, 3.0000,  0, 240, 240,  2,  moss_covered_drake_scale
P 1967.0000, -1654.0000, 28.0000,  240, 0, 0,  3,  Meldrath
P -421.2604, 1915.9777, -34.9794,  0, 0, 240,  2,  Ak'Anon
P -2186.6731, -414.4702, 9.1663,  0, 0, 240,  2,  Lesser_Faydark
P 2811.1208, -811.6675, 60.8730,  0, 0, 240,  2,  Dragonscale_Hills
P 1379.7366, 1217.4146, -0.8635,  0, 0, 255,  3,  Hobbs_(Rewards)
P 1194.0083, 1446.0767, 4.1081,  0, 0, 255,  3,  Chief_Wood_Engineer_Gilanspring_(Quests)
P -770.1177, 1593.3121, -0.7852,  0, 0, 255,  3,  Olim
P 1489.6506, 1422.2867, 1.4619,  0, 0, 255,  3,  Chief_Smithing_Engineer_Whistle_(Quests)
P 1497.2609, 1418.6379, 1.4251,  0, 0, 255,  3,  Mechanic_Elroy_Gearstripper_(Mission)
P 1055.7584, 1272.1691, -6.1357,  0, 0, 255,  3,  Chief_Engineer_Dougal_(Quests)
P 1263.6921, 1217.5388, -3.2228,  0, 0, 255,  3,  Watchman_Beld_(Quests)
P 1271.7139, 1200.5240, -3.1229,  0, 0, 255,  3,  Chief_Foreman_Salli_(Quests)
P 1392.4343, 1207.8741, -0.8634,  0, 0, 255,  3,  Chief_Textile_Engineer_Treddle_(Quests)
P 1378.0291, 1239.6953, 2.4336,  0, 0, 255,  3,  Phiz_Frugrin_(Quests)
P 1393.4197, 1101.9437, -0.8642,  0, 0, 255,  3,  Genda_Minyte_(Quests)
