P -1133.2450, -1624.3879, 96.8400,  240, 240, 0,  2,  Hill_Giants
P -1505.6040, -1802.6080, 79.1310,  240, 127, 0,  3,  Giant_Caves
P -818.3890, -1909.3149, 180.1620,  240, 240, 0,  2,  Old_Bones
P -626.0080, -1906.7550, 181.5680,  240, 240, 0,  2,  Cordagan_Boulderfist
P 270.5250, -1758.4390, 180.2280,  240, 127, 0,  3,  Darkfell_Valley
P 1601.2870, 1641.3710, 62.1800,  240, 127, 0,  3,  Spider_Caves_1
P 1325.9810, 944.2530, 1.9950,  240, 127, 0,  3,  Spider_Caves_2
P 115.7520, 1623.6390, 0.7830,  240, 240, 0,  2,  Stonemight_Golems
P -113.7320, 1721.6851, 0.7700,  240, 240, 0,  2,  Firebelly_the_Cook
P -326.2050, 1528.8199, 0.2790,  240, 240, 0,  2,  Sneaktalker_Gizdor
P -786.5070, 1622.1890, 1.0230,  240, 240, 0,  2,  Stonemight_Chieftain_Longtooth
P -534.2020, 628.0060, 90.5990,  240, 127, 0,  3,  Grove_Forest
P -823.9110, 402.7480, 89.4970,  240, 240, 0,  2,  Triants_and_Guardians
P -1578.3750, -349.7990, 89.2940,  240, 127, 0,  3,  Bear_Cave
P -579.7830, -159.0900, 119.9170,  240, 240, 0,  2,  Leopards
P -142.9750, 91.0210, 306.7870,  240, 127, 0,  3,  Central_Mountain
P 115.8610, 378.6630, 99.5010,  240, 240, 0,  2,  Elementals
P 622.0360, 616.6450, 89.3620,  240, 240, 0,  2,  Wolves
P 941.2310, -258.8800, 137.4230,  240, 127, 0,  3,  Yally's_Isle
P 727.0500, -397.5330, 90.9330,  0, 0, 255,  3,  Lake_Cattina
P 823.4960, -390.2290, 119.6610,  240, 240, 0,  2,  Lizards
P 1099.3680, -657.4520, 150.4880,  240, 127, 0,  3,  Druid_Ring
P 1855.8170, 1429.6219, 34.7120,  0, 0, 0,  2,  Yavia_(tasks)
P -256.5560, -1653.5140, 185.7760,  0, 0, 0,  2,  Bordan_the_Cursed_(tasks)
P -381.7180, -1503.5610, 208.6900,  0, 0, 0,  2,  Captain_Gul_(tasks)
P 133.0000, -631.0000, 151.0000,  0, 0, 0,  2,  toegnasher
P 986.0000, -909.0000, 151.0000,  0, 0, 0,  2,  chef_gudez_(sees_invis)
P 108.0000, -2806.0000, 152.0000,  0, 0, 0,  2,  felena_bellstone
P 100.0000, -2714.0000, 153.0000,  0, 0, 0,  2,  commander_zon`tak
P -633.0000, -2141.0000, 309.0000,  0, 0, 0,  2,  priest_ulkag
P -1224.0000, -606.0000, 271.0000,  0, 0, 0,  2,  orumot_uluntar
P -140.0000, 1673.0000, 2.0000,  0, 0, 0,  2,  goblins
P 300.0000, 474.0000, 91.0000,  0, 0, 0,  3,  Portal_of_War
P 570.0000, -2178.0000, 348.0000,  0, 240, 0,  3,  To_Icefall_Glacier
P -273.7840, 341.5230, 177.6500,  240, 240, 240,  2,  Druid_Spells
P -1297.0000, 714.0000, 92.0000,  240, 240, 240,  2,  Ranger_Spells
P 749.6770, 2288.5430, 0.5090,  0, 240, 0,  3,  To_Goru'kar_Mesa
P -767.0000, 1612.0000, 0.0000,  0, 240, 240,  2,  stonemight_chieftain_rockbottom
P -767.0000, 1612.0000, 0.0000,  0, 0, 0,  2,  Ancient_Ruins
P -1285.0000, 1140.0000, 119.0000,  0, 240, 240,  2,  carto._wyl'ard
P -1616.0000, -2054.0000, 64.0000,  0, 0, 0,  2,  Erdna_the_sleeping_giant_(raid)
P 1244.0000, -1896.0000, 181.0000,  0, 240, 240,  2,  giant_monument
P 922.0000, -229.0000, 137.0000,  0, 240, 240,  2,  sacrificial_altar
P -940.0000, 495.0000, 90.0000,  0, 240, 240,  2,  the_grove
P -1110.0000, 843.0000, 82.0000,  0, 127, 127,  2,  grove_camp_site
