P 82.0000, -189.0000, 37.0000,  0, 0, 0,  2,  scout_neauza
P 279.0000, 529.0000, -27.0000,  0, 0, 0,  2,  warwing_wendlez_(quests)
P 13.0000, 142.0000, 403.0000,  0, 0, 0,  2,  Neezzee
P 134.0000, -82.0000, 410.0000,  240, 0, 0,  2,  Queen_Pelzia
P -37.0000, 8.0000, 285.0000,  0, 0, 0,  2,  click_for_elevator
P 61.0000, -133.0000, 263.0000,  0, 0, 0,  1,  alchemist_krizzia
P -192.0000, 17.0000, 263.0000,  0, 0, 0,  2,  caged_drakkin
P -207.0000, 34.0000, 267.0000,  0, 0, 0,  2,  prunae
P -41.0000, -186.0000, 115.0000,  0, 0, 0,  2,  click_for_elevator
P 1225.0000, 1632.0000, 37.0000,  0, 240, 0,  3,  To_Blightfire_Moors
P 998.9910, -586.1510, 34.7990,  240, 240, 240,  2,  Enchanter_Spells
