L 219.6673, 2610.7229, 187.0000,  34.2726, 2588.7271, 180.0000,  240, 127, 0
L 34.2726, 2588.7271, 168.0000,  -125.5926, 2602.0493, 166.0000,  240, 127, 0
L -106.5147, 2529.3765, 164.0000,  239.1832, 2492.3376, 166.0000,  240, 127, 0
L -640.9996, 2605.0000, 165.0000,  -814.6666, 2605.0000, 164.0000,  240, 127, 0
L -814.6666, 2605.0000, 178.0000,  -874.0000, 2640.5999, 182.0000,  240, 127, 0
L -687.0000, 2553.0000, 166.0000,  -529.0000, 2553.0000, 164.0000,  240, 127, 0
L -529.0000, 2553.0000, 169.0000,  -506.0000, 2530.0000, 169.0000,  240, 127, 0
L -506.0000, 2530.0000, 174.0000,  -506.0000, 2503.0000, 181.0000,  240, 127, 0
L -506.0000, 2503.0000, 201.0000,  -442.0000, 2311.0000, 201.0000,  240, 127, 0
L -442.0000, 2311.0000, 146.0000,  -458.7439, 2160.3047, 141.0000,  240, 127, 0
L -458.7439, 2160.3047, 50.0000,  -296.9454, 2142.3274, 50.0000,  240, 127, 0
L -278.2273, 2254.6362, 141.0000,  -296.9454, 2142.3274, 137.0000,  240, 127, 0
L -278.2273, 2254.6362, 155.0000,  -106.5147, 2529.3765, 170.0000,  240, 127, 0
L -125.5926, 2602.0493, 188.0000,  -165.9474, 2696.2104, 188.0000,  240, 127, 0
L -165.9474, 2696.2104, 217.0000,  -67.0358, 3091.8567, 217.0000,  240, 127, 0
L -67.0358, 3091.8567, 165.0000,  11.7297, 3237.2703, 163.0000,  240, 127, 0
L 11.7297, 3237.2703, 165.0000,  -55.1470, 3304.1470, 164.0000,  240, 127, 0
L -55.1470, 3304.1470, 149.0000,  -196.1406, 3076.3882, 150.0000,  240, 127, 0
L -196.1406, 3076.3882, 214.0000,  -386.4999, 3022.0000, 214.0000,  240, 127, 0
L -386.4999, 3022.0000, 199.0000,  -579.6667, 2635.6663, 203.0000,  240, 127, 0
L -579.6667, 2635.6663, 175.0000,  -640.9996, 2605.0000, 175.0000,  240, 127, 0
L -874.0000, 2640.5999, 196.0000,  -874.0000, 2704.7500, 200.0000,  240, 127, 0
L -874.0000, 2704.7500, 221.0000,  -899.0436, 2714.1414, 233.0000,  240, 127, 0
L -899.0436, 2714.1414, 260.0000,  -1024.7799, 2709.6506, 255.0000,  240, 127, 0
L -1024.7799, 2709.6506, 243.0000,  -1076.7686, 2681.9233, 238.0000,  240, 127, 0
L -1076.7686, 2681.9233, 215.0000,  -1213.1879, 2632.8123, 211.0000,  240, 127, 0
L -1213.1879, 2632.8123, 201.0000,  -1297.0000, 2548.9998, 199.0000,  240, 127, 0
L -1297.0000, 2548.9998, 198.0000,  -1296.9999, 2476.5000, 198.0000,  240, 127, 0
L -1296.9999, 2476.5000, 196.0000,  -1227.3353, 2381.9551, 196.0000,  240, 127, 0
L -1227.3353, 2381.9551, 196.0000,  -1096.0587, 2305.0000, 196.0000,  240, 127, 0
L -1096.0587, 2305.0000, 194.0000,  -998.0004, 2305.0000, 194.0000,  240, 127, 0
L -998.0004, 2305.0000, 194.0000,  -923.0970, 2322.0232, 195.0000,  240, 127, 0
L -923.0970, 2322.0232, 194.0000,  -862.0000, 2391.2666, 193.0000,  240, 127, 0
L -862.0000, 2391.2666, 196.0000,  -861.9999, 2460.0000, 198.0000,  240, 127, 0
L -861.9999, 2460.0000, 204.0000,  -814.1249, 2531.8125, 202.0000,  240, 127, 0
L -814.1249, 2531.8125, 185.0000,  -687.0000, 2553.0000, 185.0000,  240, 127, 0
L 239.1832, 2492.3376, 254.0000,  361.6250, 2216.8438, 253.0000,  240, 127, 0
L 366.0000, 2216.0000, 266.0000,  369.0000, 2215.0000, 266.0000,  240, 127, 0
L 361.6250, 2216.8438, 266.0000,  391.3571, 2209.4104, 265.0000,  240, 127, 0
L 391.3571, 2209.4104, 228.0000,  330.9231, 2013.0000, 223.0000,  240, 127, 0
L 330.9231, 2013.0000, 215.0000,  313.6843, 1900.9475, 214.0000,  240, 127, 0
L 313.6843, 1900.9475, 218.0000,  284.4050, 1849.7087, 223.0000,  240, 127, 0
L 1060.1428, 1764.8571, 254.0000,  1063.2429, 1978.7615, 244.0000,  240, 127, 0
L 1063.2429, 1978.7615, 215.0000,  1277.4287, 2385.7148, 214.0000,  240, 127, 0
L 1277.4287, 2385.7148, 229.0000,  1329.4999, 2593.9998, 234.0000,  240, 127, 0
L 1329.4999, 2593.9998, 247.0000,  1314.1666, 2624.6667, 247.0000,  240, 127, 0
L 1314.1666, 2624.6667, 216.0000,  1374.4495, 2865.7981, 216.0000,  240, 127, 0
L 1374.4495, 2865.7981, 213.0000,  1246.9414, 3050.6848, 214.0000,  240, 127, 0
L 1246.9414, 3050.6848, 215.0000,  1137.8125, 3087.0625, 216.0000,  240, 127, 0
L 1137.8125, 3087.0625, 224.0000,  1093.2813, 3006.9063, 224.0000,  240, 127, 0
L 1093.2813, 3006.9063, 227.0000,  1032.4999, 3027.1665, 232.0000,  240, 127, 0
L 1032.4999, 3027.1665, 232.0000,  970.7142, 3006.5713, 231.0000,  240, 127, 0
L 957.0000, 3010.0000, 230.0000,  949.0000, 3012.0000, 229.0000,  240, 127, 0
L 970.7142, 3006.5713, 229.0000,  900.7469, 3024.0632, 225.0000,  240, 127, 0
L 900.7469, 3024.0632, 210.0000,  832.7856, 2951.5713, 210.0000,  240, 127, 0
L 832.9166, 2951.8333, 127.0000,  954.5000, 3194.9998, 124.0000,  240, 127, 0
L 782.0000, 3341.0000, 14.0000,  804.2850, 3322.4290, 14.0000,  240, 127, 0
L 804.2850, 3322.4290, 32.0000,  927.8572, 3248.2854, 46.0000,  240, 127, 0
L 927.8572, 3248.2854, 68.0000,  954.5000, 3194.9998, 69.0000,  240, 127, 0
L 777.0000, 3258.0000, 19.0000,  825.0001, 3225.9998, 21.0000,  240, 127, 0
L 825.0001, 3225.9998, 71.0000,  851.5454, 3172.9092, 73.0000,  240, 127, 0
L 851.5454, 3172.9092, 89.0000,  848.1270, 3104.5415, 101.0000,  240, 127, 0
L 848.1270, 3104.5415, 150.0000,  553.8292, 2776.6096, 167.0000,  240, 127, 0
L 438.0000, 2738.0000, 218.0000,  429.0000, 2735.0000, 225.0000,  240, 127, 0
L 553.8292, 2776.6096, 225.0000,  328.6668, 2701.5554, 242.0000,  240, 127, 0
L 328.6668, 2701.5554, 230.0000,  219.6673, 2610.7229, 227.0000,  240, 127, 0
L -400.0000, 1791.0000, 7.0000,  -412.5000, 1766.0000, 7.0000,  0, 0, 240
L -626.1176, 1803.8235, 6.0000,  -712.0000, 1894.0000, 6.0000,  0, 0, 240
L -712.0000, 1894.0000, 4.0000,  -745.0222, 1960.0444, 4.0000,  0, 0, 240
L -745.0222, 1960.0444, 5.0000,  -781.5530, 2267.9470, 4.0000,  0, 0, 240
L -781.5530, 2267.9470, 6.0000,  -779.2441, 2422.6394, 5.0000,  0, 0, 240
L -779.2441, 2422.6394, 4.0000,  -761.9310, 2589.9998, 6.0000,  0, 0, 240
L -761.9310, 2589.9998, 5.0000,  -796.9999, 2793.3994, 4.0000,  0, 0, 240
L -796.9999, 2793.3994, 4.0000,  -796.9999, 3657.7141, 5.0000,  0, 0, 240
L -796.9999, 3657.7141, 5.0000,  -414.9367, 3821.4553, 5.0000,  0, 0, 240
L -395.4286, 3756.4285, 5.0000,  -480.5619, 3692.5781, 5.0000,  0, 0, 240
L -480.5619, 3692.5781, 6.0000,  -542.7600, 3501.1997, 5.0000,  0, 0, 240
L -542.7600, 3501.1997, 4.0000,  -595.0000, 3239.9985, 6.0000,  0, 0, 240
L -595.0000, 3239.9985, 6.0000,  -595.0000, 2807.0000, 6.0000,  0, 0, 240
L -595.0000, 2807.0000, 4.0000,  -642.7011, 2616.1953, 5.0000,  0, 0, 240
L -642.7011, 2616.1953, 4.0000,  -588.6874, 2160.9373, 5.0000,  0, 0, 240
L -588.6874, 2160.9373, 6.0000,  -559.9383, 2093.8560, 6.0000,  0, 0, 240
L -559.9383, 2093.8560, 5.0000,  -427.3274, 2006.9733, 4.0000,  0, 0, 240
L -427.3274, 2006.9733, 6.0000,  -400.0000, 1884.0000, 5.0000,  0, 0, 240
L -400.0000, 1884.0000, 4.0000,  -400.0000, 1791.0000, 5.0000,  0, 0, 240
L -236.0000, 1820.0000, 7.0000,  -204.0000, 1816.0000, 10.0000,  240, 127, 0
L -204.0000, 1816.0000, 17.0000,  -143.0003, 1816.0000, 24.0000,  240, 127, 0
L -143.0003, 1816.0000, 31.0000,  -90.4983, 1823.0001, 36.0000,  240, 127, 0
L -90.4983, 1823.0001, 88.0000,  48.0004, 1822.9999, 101.0000,  240, 127, 0
L 48.0004, 1822.9999, 142.0000,  101.4286, 1796.2856, 143.0000,  240, 127, 0
L 66.7552, 1729.2245, 163.0000,  14.6549, 1706.0688, 163.0000,  240, 127, 0
L 14.6549, 1706.0688, 178.0000,  -30.6967, 1701.2950, 185.0000,  240, 127, 0
L -30.6967, 1701.2950, 189.0000,  -104.0000, 1662.2000, 197.0000,  240, 127, 0
L -104.0000, 1662.2000, 209.0000,  -104.0000, 1632.5453, 210.0000,  240, 127, 0
L -104.0000, 1632.5453, 215.0000,  -48.1667, 1663.0000, 219.0000,  240, 127, 0
L -13.0000, 1663.0000, 239.0000,  15.0000, 1663.0000, 250.0000,  240, 127, 0
L -48.1667, 1663.0000, 250.0000,  43.2222, 1663.0000, 265.0000,  240, 127, 0
L -259.0000, 1758.0000, 13.0000,  -248.5000, 1758.0000, 14.0000,  240, 127, 0
L -248.5000, 1758.0000, 16.0000,  -197.5000, 1764.0000, 19.0000,  240, 127, 0
L -165.0000, 1764.0000, 34.0000,  -136.0000, 1764.0000, 44.0000,  240, 127, 0
L -197.5000, 1764.0000, 44.0000,  -143.0000, 1764.0000, 47.0000,  240, 127, 0
L -143.0000, 1764.0000, 71.0000,  26.3333, 1778.1111, 77.0000,  240, 127, 0
L 26.3333, 1778.1111, 128.0000,  57.4000, 1757.3999, 130.0000,  240, 127, 0
L 57.4000, 1757.3999, 142.0000,  49.0000, 1748.9999, 143.0000,  240, 127, 0
L 49.0000, 1748.9999, 143.0000,  -63.9991, 1723.8892, 151.0000,  240, 127, 0
L -63.9991, 1723.8892, 190.0000,  -168.8255, 1683.1235, 193.0000,  240, 127, 0
L -168.8255, 1683.1235, 200.0000,  -241.7777, 1675.4445, 200.0000,  240, 127, 0
L -241.7777, 1675.4445, 211.0000,  -254.0000, 1651.0000, 214.0000,  240, 127, 0
L -254.0000, 1651.0000, 223.0000,  -259.6923, 1608.3076, 222.0000,  240, 127, 0
L -259.6923, 1608.3076, 216.0000,  -310.0005, 1557.9998, 214.0000,  240, 127, 0
L -310.0005, 1557.9998, 240.0000,  -343.9999, 1541.0000, 239.0000,  240, 127, 0
L -343.9999, 1541.0000, 234.0000,  -360.6364, 1541.0000, 223.0000,  240, 127, 0
L -360.6364, 1541.0000, 228.0000,  -439.6666, 1649.6666, 228.0000,  240, 127, 0
L -439.6666, 1649.6666, 257.0000,  -471.0000, 1680.9999, 246.0000,  240, 127, 0
L -556.0000, 1628.5000, 208.0000,  -569.6511, 1662.6278, 212.0000,  240, 127, 0
L -569.6511, 1662.6278, 215.0000,  -687.6663, 1726.9996, 214.0000,  240, 127, 0
L -731.0000, 1848.0000, 13.0000,  -687.6538, 1823.2307, 15.0000,  240, 127, 0
L -687.6538, 1823.2307, 39.0000,  -617.0000, 1759.0000, 43.0000,  240, 127, 0
L -617.0000, 1759.0000, 91.0000,  -617.0000, 1723.2941, 105.0000,  240, 127, 0
L -617.0000, 1723.2941, 111.0000,  -646.4443, 1730.2222, 110.0000,  240, 127, 0
L -646.4443, 1730.2222, 113.0000,  -710.0001, 1762.0000, 114.0000,  240, 127, 0
L -710.0001, 1762.0000, 131.0000,  -724.0000, 1761.9999, 135.0000,  240, 127, 0
L -724.0000, 1761.9999, 162.0000,  -730.2352, 1749.5294, 162.0000,  240, 127, 0
L -730.2352, 1749.5294, 170.0000,  -711.1707, 1747.1462, 173.0000,  240, 127, 0
L -711.1707, 1747.1462, 178.0000,  -687.6663, 1726.9996, 184.0000,  240, 127, 0
L -761.0000, 1830.0000, 15.0000,  -728.7057, 1815.6470, 23.0000,  240, 127, 0
L -728.7057, 1815.6470, 32.0000,  -702.2128, 1796.7234, 35.0000,  240, 127, 0
L -702.2128, 1796.7234, 42.0000,  -672.7142, 1788.8571, 42.0000,  240, 127, 0
L -672.7142, 1788.8571, 45.0000,  -658.7500, 1781.8750, 47.0000,  240, 127, 0
L -659.0000, 1782.0000, 47.0000,  -658.0000, 1781.0000, 47.0000,  240, 127, 0
L -658.7500, 1781.8750, 47.0000,  -637.0000, 1756.5000, 53.0000,  240, 127, 0
L -637.0000, 1756.5000, 72.0000,  -637.0000, 1744.0000, 77.0000,  240, 127, 0
L -637.0000, 1744.0000, 88.0000,  -647.4285, 1744.0000, 95.0000,  240, 127, 0
L -647.4285, 1744.0000, 100.0000,  -671.5000, 1765.0625, 104.0000,  240, 127, 0
L -671.5000, 1765.0625, 106.0000,  -708.5264, 1778.9474, 106.0000,  240, 127, 0
L -708.5264, 1778.9474, 129.0000,  -757.0000, 1784.3333, 135.0000,  240, 127, 0
L -757.0000, 1784.3333, 150.0000,  -756.9999, 1740.7694, 157.0000,  240, 127, 0
L -756.9999, 1740.7694, 218.0000,  -625.1666, 1649.4999, 218.0000,  240, 127, 0
L -967.3330, 1716.9999, 337.0000,  -1118.2926, 1749.3484, 328.0000,  240, 127, 0
L -1118.2926, 1749.3484, 322.0000,  -1167.1200, 1712.1466, 311.0000,  240, 127, 0
L -1167.1200, 1712.1466, 283.0000,  -1208.1682, 1534.2709, 265.0000,  240, 127, 0
L -1208.1682, 1534.2709, 225.0000,  -1223.0159, 1536.1270, 226.0000,  240, 127, 0
L -1223.0159, 1536.1270, 220.0000,  -1234.3484, 1626.7872, 219.0000,  240, 127, 0
L -1234.3484, 1626.7872, 215.0000,  -1232.6475, 1725.4451, 219.0000,  240, 127, 0
L -1232.6475, 1725.4451, 218.0000,  -1175.7255, 1774.2352, 217.0000,  240, 127, 0
L -1175.7255, 1774.2352, 218.0000,  -1221.4117, 1801.6470, 217.0000,  240, 127, 0
L -1221.4117, 1801.6470, 206.0000,  -1385.5000, 1860.2500, 210.0000,  240, 127, 0
L -1385.5000, 1860.2500, 208.0000,  -1652.7500, 1993.8750, 208.0000,  240, 127, 0
L -1652.7500, 1993.8750, 153.0000,  -1564.3265, 2008.6122, 143.0000,  240, 127, 0
L -1564.3265, 2008.6122, 26.0000,  -1410.0000, 1968.0000, 19.0000,  240, 127, 0
L -1419.0000, 2036.0000, 14.0000,  -1663.6617, 2083.0503, 19.0000,  240, 127, 0
L -1663.6617, 2083.0503, 183.0000,  -1707.4998, 2058.0000, 185.0000,  240, 127, 0
L -1170.9999, 1458.0016, 225.0000,  -1165.7435, 1573.6411, 230.0000,  240, 127, 0
L -1165.7435, 1573.6411, 260.0000,  -1146.7999, 1621.0000, 265.0000,  240, 127, 0
L -1146.7999, 1621.0000, 294.0000,  -1099.5999, 1660.3334, 298.0000,  240, 127, 0
L -1099.5999, 1660.3334, 313.0000,  -1027.1794, 1687.1556, 320.0000,  240, 127, 0
L -1027.1794, 1687.1556, 341.0000,  -980.4489, 1683.8177, 348.0000,  240, 127, 0
L -918.8049, 1362.2683, 385.0000,  -907.0000, 1438.9998, 387.0000,  127, 64, 0
L -909.0000, 1426.0000, 387.0000,  -908.0000, 1431.0000, 386.0000,  127, 64, 0
L -907.0000, 1438.9998, 383.0000,  -910.7999, 1473.2000, 383.0000,  127, 64, 0
L -910.7999, 1473.2000, 382.0000,  -919.4998, 1478.9999, 381.0000,  127, 64, 0
L -919.4998, 1478.9999, 372.0000,  -1059.6000, 1479.0000, 371.0000,  127, 64, 0
L -1059.6000, 1479.0000, 370.0000,  -1071.0768, 1536.3846, 370.0000,  127, 64, 0
L -1071.0768, 1536.3846, 365.0000,  -1043.6215, 1577.5676, 364.0000,  127, 64, 0
L -1043.6215, 1577.5676, 369.0000,  -965.6364, 1598.3635, 372.0000,  127, 64, 0
L -965.6364, 1598.3635, 371.0000,  -947.0000, 1617.0000, 370.0000,  127, 64, 0
L -947.0000, 1617.0000, 372.0000,  -947.0000, 1651.9016, 370.0000,  127, 64, 0
L -918.8049, 1362.2683, 397.0000,  -903.6000, 1357.2000, 393.0000,  127, 64, 0
L -903.6000, 1357.2000, 392.0000,  -898.0588, 1346.1176, 389.0000,  127, 64, 0
L -898.0588, 1346.1176, 389.0000,  -867.4706, 1336.9412, 389.0000,  127, 64, 0
L -867.4706, 1336.9412, 391.0000,  -838.1250, 1278.2500, 395.0000,  127, 64, 0
L -838.1250, 1278.2500, 410.0000,  -808.3333, 1262.0000, 402.0000,  127, 64, 0
L -808.3333, 1262.0000, 401.0000,  -776.4285, 1214.1427, 401.0000,  127, 64, 0
L -776.4285, 1214.1427, 406.0000,  -744.5000, 1203.5000, 400.0000,  127, 64, 0
L -744.5000, 1203.5000, 420.0000,  -713.9999, 1173.0000, 420.0000,  127, 64, 0
L -713.9999, 1173.0000, 423.0000,  -700.0000, 1173.0000, 426.0000,  127, 64, 0
L -700.0000, 1173.0000, 417.0000,  -687.9999, 1185.0000, 416.0000,  127, 64, 0
L -687.9999, 1185.0000, 411.0000,  -671.2000, 1190.6000, 410.0000,  127, 64, 0
L -671.2000, 1190.6000, 393.0000,  -648.6666, 1179.3333, 392.0000,  127, 64, 0
L -648.6666, 1179.3333, 391.0000,  -632.9091, 1147.8181, 391.0000,  127, 64, 0
L -632.9091, 1147.8181, 390.0000,  -619.8519, 1142.2222, 390.0000,  127, 64, 0
L -619.8519, 1142.2222, 390.0000,  -606.2142, 1125.8571, 392.0000,  127, 64, 0
L -606.2142, 1125.8571, 398.0000,  -603.0000, 1113.0000, 401.0000,  127, 64, 0
L -603.0000, 1113.0000, 405.0000,  -546.2857, 1113.0000, 402.0000,  127, 64, 0
L -546.2857, 1113.0000, 395.0000,  -504.3529, 1171.7058, 394.0000,  127, 64, 0
L -504.3529, 1171.7058, 395.0000,  -521.3334, 1205.6667, 393.0000,  127, 64, 0
L -521.3334, 1205.6667, 395.0000,  -538.1818, 1264.6362, 396.0000,  127, 64, 0
L -538.1818, 1264.6362, 397.0000,  -548.0144, 1288.2346, 398.0000,  127, 64, 0
L -548.0144, 1288.2346, 398.0000,  -613.5272, 1305.8727, 400.0000,  127, 64, 0
L -613.5272, 1305.8727, 387.0000,  -652.2499, 1327.9999, 387.0000,  127, 64, 0
L -652.2499, 1327.9999, 387.0000,  -716.8749, 1328.0001, 390.0000,  127, 64, 0
L -674.0000, 1328.0000, 390.0000,  -683.0000, 1328.0000, 392.0000,  127, 64, 0
L -716.8749, 1328.0001, 384.0000,  -684.0000, 1415.6666, 384.0000,  127, 64, 0
L -684.0000, 1415.6666, 385.0000,  -646.0000, 1441.0000, 385.0000,  127, 64, 0
L -646.0000, 1441.0000, 383.0000,  -680.1249, 1470.2499, 380.0000,  127, 64, 0
L -680.1249, 1470.2499, 375.0000,  -689.9999, 1489.9999, 375.0000,  127, 64, 0
L -689.9999, 1489.9999, 373.0000,  -690.0001, 1628.8000, 372.0000,  127, 64, 0
L -745.0000, 1669.0000, 375.0000,  -715.0000, 1657.0000, 381.0000,  127, 64, 0
L -715.0000, 1657.0000, 385.0000,  -706.0000, 1648.0000, 393.0000,  127, 64, 0
L -706.0000, 1648.0000, 393.0000,  -690.0001, 1628.8000, 397.0000,  127, 64, 0
L -745.0000, 1669.0000, 368.0000,  -780.9999, 1673.4999, 370.0000,  127, 64, 0
L -780.9999, 1673.4999, 394.0000,  -846.9995, 1689.9998, 391.0000,  127, 64, 0
L -846.9995, 1689.9998, 382.0000,  -909.5879, 1707.8822, 378.0000,  127, 64, 0
L -909.5879, 1707.8822, 349.0000,  -967.3330, 1716.9999, 345.0000,  127, 64, 0
L -703.5000, 682.0000, 204.0000,  -679.0000, 698.3333, 204.0000,  0, 0, 240
L -679.0000, 698.3333, 206.0000,  -679.0000, 712.0000, 206.0000,  0, 0, 240
L -679.0000, 712.0000, 206.0000,  -689.0000, 732.0000, 206.0000,  0, 0, 240
L -689.0000, 732.0000, 206.0000,  -703.0000, 746.0000, 205.0000,  0, 0, 240
L -703.0000, 746.0000, 204.0000,  -733.4000, 746.0000, 204.0000,  0, 0, 240
L -733.4000, 746.0000, 207.0000,  -742.6000, 722.9999, 207.0000,  0, 0, 240
L -742.6000, 722.9999, 206.0000,  -737.7499, 698.7499, 206.0000,  0, 0, 240
L -737.7499, 698.7499, 204.0000,  -720.9999, 682.0000, 204.0000,  0, 0, 240
L -720.9999, 682.0000, 205.0000,  -703.5000, 682.0000, 206.0000,  0, 0, 240
L -813.9999, 469.0000, 207.0000,  -775.9999, 488.0000, 207.0000,  0, 0, 240
L -775.9999, 488.0000, 205.0000,  -696.9999, 488.0000, 205.0000,  0, 0, 240
L -696.9999, 488.0000, 207.0000,  -677.0000, 468.0000, 207.0000,  0, 0, 240
L -677.0000, 468.0000, 205.0000,  -677.0000, 435.4000, 205.0000,  0, 0, 240
L -677.0000, 435.4000, 206.0000,  -709.8333, 396.0000, 207.0000,  0, 0, 240
L -709.8333, 396.0000, 205.0000,  -804.4000, 396.0000, 206.0000,  0, 0, 240
L -804.4000, 396.0000, 207.0000,  -814.0001, 428.0002, 207.0000,  0, 0, 240
L -814.0001, 428.0002, 205.0000,  -813.9999, 469.0000, 205.0000,  0, 0, 240
L -963.0000, 68.7778, 205.0000,  -963.0000, 90.0000, 205.0000,  0, 0, 240
L -963.0000, 90.0000, 205.0000,  -970.9999, 106.0000, 205.0000,  0, 0, 240
L -970.9999, 106.0000, 206.0000,  -996.5000, 106.0000, 206.0000,  0, 0, 240
L -996.5000, 106.0000, 205.0000,  -1023.4117, 88.0588, 205.0000,  0, 0, 240
L -1023.4117, 88.0588, 204.0000,  -1037.3043, 68.9565, 204.0000,  0, 0, 240
L -1037.3043, 68.9565, 204.0000,  -1115.8597, 64.7103, 206.0000,  0, 0, 240
L -1115.8597, 64.7103, 206.0000,  -1130.3333, 43.0000, 205.0000,  0, 0, 240
L -1130.3333, 43.0000, 204.0000,  -1120.3333, 28.0000, 204.0000,  0, 0, 240
L -1120.3333, 28.0000, 204.0000,  -1098.0000, 28.0000, 204.0000,  0, 0, 240
L -1098.0000, 28.0000, 204.0000,  -1071.0000, 34.0000, 204.0000,  0, 0, 240
L -1040.0000, 34.0000, 206.0000,  -1030.0000, 34.0000, 205.0000,  0, 0, 240
L -1071.0000, 34.0000, 205.0000,  -1002.1250, 34.0000, 205.0000,  0, 0, 240
L -1002.1250, 34.0000, 204.0000,  -963.0000, 68.7778, 205.0000,  0, 0, 240
L 268.0000, -1027.0000, 296.0000,  268.0000, -1053.5714, 308.0000,  240, 127, 0
L 268.0000, -1053.5714, 318.0000,  250.3793, -1086.2955, 328.0000,  240, 127, 0
L 250.3793, -1086.2955, 337.0000,  209.3333, -1077.5000, 344.0000,  240, 127, 0
L 209.3333, -1077.5000, 349.0000,  183.3333, -1058.0000, 359.0000,  240, 127, 0
L 183.3333, -1058.0000, 364.0000,  28.0000, -1058.0000, 363.0000,  240, 127, 0
L 28.0000, -1058.0000, 377.0000,  -56.3333, -1047.0000, 372.0000,  240, 127, 0
L -56.3333, -1047.0000, 371.0000,  -72.7273, -1047.0000, 370.0000,  240, 127, 0
L -587.0000, -840.0000, 200.0000,  -741.0000, -897.7500, 200.0000,  240, 127, 0
L -741.0000, -897.7500, 302.0000,  -893.3684, -935.8421, 305.0000,  240, 127, 0
L -893.3684, -935.8421, 351.0000,  -968.1058, -915.0817, 353.0000,  240, 127, 0
L -968.1058, -915.0817, 356.0000,  -1166.1449, -792.7634, 355.0000,  240, 127, 0
L -1166.1449, -792.7634, 355.0000,  -1397.1074, -684.7809, 362.0000,  240, 127, 0
L -551.0000, -940.0000, 211.0000,  -722.7689, -963.6922, 215.0000,  240, 127, 0
L -722.7689, -963.6922, 321.0000,  -829.7778, -990.4444, 327.0000,  240, 127, 0
L -829.7778, -990.4444, 335.0000,  -823.7142, -1002.5714, 337.0000,  240, 127, 0
L -823.7142, -1002.5714, 340.0000,  -796.7317, -1009.3170, 341.0000,  240, 127, 0
L -796.7317, -1009.3170, 349.0000,  -747.6666, -992.0000, 353.0000,  240, 127, 0
L -747.6666, -992.0000, 357.0000,  -647.0000, -992.0000, 360.0000,  240, 127, 0
L -647.0000, -992.0000, 363.0000,  -581.9999, -1005.0000, 363.0000,  240, 127, 0
L -571.0000, -1005.0000, 367.0000,  -536.0000, -1005.0000, 368.0000,  240, 127, 0
L -581.9999, -1005.0000, 368.0000,  -464.0000, -1005.0000, 368.0000,  240, 127, 0
L -464.0000, -1005.0000, 369.0000,  -391.2358, -990.4471, 377.0000,  240, 127, 0
L -391.2358, -990.4471, 404.0000,  -290.5428, -1027.9142, 405.0000,  240, 127, 0
L -290.5428, -1027.9142, 405.0000,  -251.0000, -1030.1111, 404.0000,  240, 127, 0
L -1305.0000, -595.0000, 200.0000,  -1275.0000, -580.0000, 200.0000,  240, 127, 0
L -1305.0000, -595.0000, 227.0000,  -1522.9977, -595.0000, 234.0000,  240, 127, 0
L -1522.9977, -595.0000, 292.0000,  -1632.4948, -611.8453, 293.0000,  240, 127, 0
L -1548.8619, -637.0345, 297.0000,  -1518.2003, -633.0000, 285.0000,  240, 127, 0
L -1518.2003, -633.0000, 244.0000,  -1311.0000, -633.0000, 244.0000,  240, 127, 0
L -1311.0000, -633.0000, 241.0000,  -1303.0000, -636.0000, 242.0000,  240, 127, 0
L -1548.8619, -637.0345, 322.0000,  -1412.7999, -671.0500, 324.0000,  240, 127, 0
L -1412.7999, -671.0500, 349.0000,  -1397.1074, -684.7809, 354.0000,  240, 127, 0
L 533.7499, -3109.0000, 372.0000,  32.2515, -3109.0000, 369.0000,  0, 0, 0
L 577.5438, -3144.0349, 393.0000,  533.7499, -3109.0000, 393.0000,  0, 0, 0
L 595.3793, -3259.9653, 393.0000,  577.5438, -3144.0349, 393.0000,  0, 0, 0
L 680.6678, -3330.4211, 392.0000,  595.3793, -3259.9653, 393.0000,  0, 0, 0
L 776.0000, -3353.0000, 380.0000,  680.6678, -3330.4211, 381.0000,  0, 0, 0
L 780.0000, -3353.0000, 380.0000,  776.0000, -3353.0000, 380.0000,  0, 0, 0
L 874.9999, -3409.9998, 379.0000,  780.0000, -3353.0000, 380.0000,  0, 0, 0
L 991.0878, -3398.9441, 366.0000,  874.9999, -3409.9998, 375.0000,  0, 0, 0
L 1068.0000, -3350.0000, 367.0000,  1043.0000, -3366.0000, 368.0000,  0, 0, 0
L 1088.7435, -3336.7993, 367.0000,  991.0878, -3398.9441, 367.0000,  0, 0, 0
L 1172.0754, -3401.9692, 378.0000,  1088.7435, -3336.7993, 369.0000,  0, 0, 0
L 1258.5327, -3366.7458, 392.0000,  1172.0754, -3401.9692, 379.0000,  0, 0, 0
L 1478.1378, -3187.0691, 406.0000,  1258.5327, -3366.7458, 404.0000,  0, 0, 0
L 1552.0000, -2866.9998, 395.0000,  1478.1378, -3187.0691, 395.0000,  0, 0, 0
L 1552.0000, -2802.0000, 385.0000,  1552.0000, -2866.9998, 384.0000,  0, 0, 0
L 1509.9999, -2780.9998, 388.0000,  1552.0000, -2802.0000, 384.0000,  0, 0, 0
L 1469.0000, -2740.0000, 397.0000,  1509.9999, -2780.9998, 396.0000,  0, 0, 0
L 1469.0000, -2689.9995, 378.0000,  1469.0000, -2740.0000, 378.0000,  0, 0, 0
L 1534.9999, -2624.0000, 387.0000,  1469.0000, -2689.9995, 387.0000,  0, 0, 0
L 1535.0000, -2526.6665, 388.0000,  1534.9999, -2624.0000, 387.0000,  0, 0, 0
L 1496.1613, -2500.7744, 389.0000,  1535.0000, -2526.6665, 389.0000,  0, 0, 0
L 1491.8239, -2453.0627, 397.0000,  1496.1613, -2500.7744, 393.0000,  0, 0, 0
L 1470.2911, -2430.1843, 397.0000,  1491.8239, -2453.0627, 398.0000,  0, 0, 0
L 1345.1273, -2412.3040, 409.0000,  1470.2911, -2430.1843, 397.0000,  0, 0, 0
L 1280.0984, -2440.9165, 414.0000,  1345.1273, -2412.3040, 410.0000,  0, 0, 0
L 1233.4568, -2480.3826, 421.0000,  1280.0984, -2440.9165, 419.0000,  0, 0, 0
L 1150.1188, -2495.2644, 431.0000,  1233.4568, -2480.3826, 425.0000,  0, 0, 0
L 945.9683, -2469.7458, 431.0000,  1150.1188, -2495.2644, 418.0000,  0, 0, 0
L 877.5991, -2419.7839, 471.0000,  945.9683, -2469.7458, 457.0000,  0, 0, 0
L 831.4202, -2356.5015, 504.0000,  877.5991, -2419.7839, 483.0000,  0, 0, 0
L 849.3843, -2299.6155, 575.0000,  831.4202, -2356.5015, 539.0000,  0, 0, 0
L 903.4003, -2245.6001, 587.0000,  849.3843, -2299.6155, 588.0000,  0, 0, 0
L 971.2351, -2290.8235, 580.0000,  903.4003, -2245.6001, 580.0000,  0, 0, 0
L 987.0000, -2279.0000, 587.0000,  971.2351, -2290.8235, 587.0000,  0, 0, 0
L 1033.2407, -2283.2036, 588.0000,  987.0000, -2279.0000, 587.0000,  0, 0, 0
L 1039.9777, -2316.8887, 585.0000,  1033.2407, -2283.2036, 586.0000,  0, 0, 0
L 1153.6039, -2303.9768, 585.0000,  1039.9777, -2316.8887, 574.0000,  0, 0, 0
L 1250.8997, -2282.3550, 618.0000,  1153.6039, -2303.9768, 617.0000,  0, 0, 0
L 1373.0000, -2154.1501, 627.0000,  1250.8997, -2282.3550, 616.0000,  0, 0, 0
L 1373.0000, -2012.0000, 590.0000,  1373.0000, -2154.1501, 593.0000,  0, 0, 0
L 1342.5000, -1920.5000, 584.0000,  1373.0000, -2012.0000, 584.0000,  0, 0, 0
L 1289.0000, -1866.9999, 577.0000,  1342.5000, -1920.5000, 578.0000,  0, 0, 0
L 1289.0000, -1740.7500, 595.0000,  1289.0000, -1866.9999, 583.0000,  0, 0, 0
L 1543.0232, -1634.9069, 398.0000,  1289.0000, -1740.7500, 398.0000,  0, 0, 0
L -806.2000, 183.0000, 205.0000,  -852.2040, 210.0612, 206.0000,  0, 0, 240
L -852.2040, 210.0612, 204.0000,  -866.0588, 191.5882, 206.0000,  0, 0, 240
L -866.0588, 191.5882, 206.0000,  -870.4590, 160.7869, 205.0000,  0, 0, 240
L -870.4590, 160.7869, 204.0000,  -843.6571, 156.0571, 205.0000,  0, 0, 240
L -843.6571, 156.0571, 206.0000,  -815.0715, 160.8214, 206.0000,  0, 0, 240
L -815.0715, 160.8214, 204.0000,  -806.2000, 183.0000, 204.0000,  0, 0, 240
L -951.0000, 716.2000, 205.0000,  -951.0000, 773.6666, 204.0000,  0, 0, 240
L -951.0000, 773.6666, 204.0000,  -983.6000, 828.0000, 204.0000,  0, 0, 240
L -983.6000, 828.0000, 206.0000,  -1032.9999, 828.0000, 206.0000,  0, 0, 240
L -1032.9999, 828.0000, 205.0000,  -1078.9999, 805.0001, 205.0000,  0, 0, 240
L -1078.9999, 805.0001, 204.0000,  -1079.0000, 728.0000, 204.0000,  0, 0, 240
L -1079.0000, 728.0000, 206.0000,  -1025.5714, 701.2857, 206.0000,  0, 0, 240
L -1025.5714, 701.2857, 204.0000,  -951.0000, 716.2000, 204.0000,  0, 0, 240
L -1114.0000, 963.4999, 206.0000,  -1114.0000, 951.0000, 206.0000,  0, 0, 240
L -1114.0000, 951.0000, 204.0000,  -1101.6666, 938.6666, 204.0000,  0, 0, 240
L -1101.6666, 938.6666, 204.0000,  -1067.0000, 955.9999, 205.0000,  0, 0, 240
L -1067.0000, 955.9999, 204.0000,  -1067.0000, 975.9999, 206.0000,  0, 0, 240
L -1067.0000, 975.9999, 204.0000,  -1088.9999, 976.0000, 204.0000,  0, 0, 240
L -1088.9999, 976.0000, 204.0000,  -1114.0000, 963.4999, 204.0000,  0, 0, 240
L -1275.3331, 693.0000, 206.0000,  -1352.0001, 660.1428, 206.0000,  0, 0, 240
L -1352.0001, 660.1428, 204.0000,  -1351.9999, 586.9230, 204.0000,  0, 0, 240
L -1351.9999, 586.9230, 204.0000,  -1314.5555, 561.0000, 204.0000,  0, 0, 240
L -1314.5555, 561.0000, 206.0000,  -1168.0000, 561.0000, 206.0000,  0, 0, 240
L -1168.0000, 561.0000, 205.0000,  -1124.0000, 582.9999, 204.0000,  0, 0, 240
L -1124.0000, 582.9999, 204.0000,  -1099.0000, 607.9999, 204.0000,  0, 0, 240
L -1099.0000, 607.9999, 204.0000,  -1104.3802, 651.0422, 204.0000,  0, 0, 240
L -1104.3802, 651.0422, 205.0000,  -1151.0000, 693.0000, 206.0000,  0, 0, 240
L -1151.0000, 693.0000, 206.0000,  -1275.3331, 693.0000, 206.0000,  0, 0, 240
L -1404.0000, 396.0000, 206.0000,  -1409.0000, 394.0000, 206.0000,  0, 0, 240
L -1397.7501, 399.6249, 206.0000,  -1420.3999, 388.3000, 206.0000,  0, 0, 240
L -1420.3999, 388.3000, 206.0000,  -1437.0769, 390.3846, 206.0000,  0, 0, 240
L -1437.0769, 390.3846, 204.0000,  -1463.4999, 408.0000, 204.0000,  0, 0, 240
L -1463.4999, 408.0000, 204.0000,  -1483.3333, 408.0000, 204.0000,  0, 0, 240
L -1483.3333, 408.0000, 205.0000,  -1492.1428, 381.5715, 206.0000,  0, 0, 240
L -1492.1428, 381.5715, 206.0000,  -1485.6666, 355.6667, 206.0000,  0, 0, 240
L -1485.6666, 355.6667, 206.0000,  -1459.9999, 330.0000, 205.0000,  0, 0, 240
L -1459.9999, 330.0000, 204.0000,  -1381.0000, 330.0000, 203.0000,  0, 0, 240
L -1381.0000, 330.0000, 205.0000,  -1338.0000, 373.0000, 205.0000,  0, 0, 240
L -1338.0000, 373.0000, 206.0000,  -1338.0000, 414.3333, 206.0000,  0, 0, 240
L -1338.0000, 414.3333, 204.0000,  -1361.4999, 430.0000, 204.0000,  0, 0, 240
L -1361.4999, 430.0000, 204.0000,  -1371.7142, 430.0000, 204.0000,  0, 0, 240
L -1371.7142, 430.0000, 205.0000,  -1397.7501, 399.6249, 206.0000,  0, 0, 240
L -1345.9333, 225.3335, 205.0000,  -1329.8000, 185.0000, 205.0000,  0, 0, 240
L -1329.8000, 185.0000, 205.0000,  -1242.0000, 185.0000, 204.0000,  0, 0, 240
L -1242.0000, 185.0000, 203.0000,  -1199.0000, 219.3999, 203.0000,  0, 0, 240
L -1199.0000, 219.3999, 204.0000,  -1199.0000, 244.0000, 205.0000,  0, 0, 240
L -1199.0000, 244.0000, 206.0000,  -1213.7272, 288.1818, 206.0000,  0, 0, 240
L -1213.7272, 288.1818, 204.0000,  -1256.9999, 299.0000, 204.0000,  0, 0, 240
L -1256.9999, 299.0000, 204.0000,  -1295.0000, 299.0000, 204.0000,  0, 0, 240
L -1295.0000, 299.0000, 206.0000,  -1340.2499, 253.7500, 206.0000,  0, 0, 240
L -1340.2499, 253.7500, 205.0000,  -1345.9333, 225.3335, 205.0000,  0, 0, 240
L -1050.5161, 329.9032, 207.0000,  -1026.0000, 325.0000, 208.0000,  240, 0, 0
L -1026.0000, 325.0000, 208.0000,  -1016.0000, 323.0000, 208.0000,  240, 0, 0
L -1016.0000, 323.0000, 208.0000,  -1004.0000, 323.0000, 208.0000,  240, 0, 0
L -1004.0000, 323.0000, 208.0000,  -998.0000, 323.0000, 209.0000,  240, 0, 0
L -998.0000, 323.0000, 209.0000,  -985.0000, 325.0000, 209.0000,  240, 0, 0
L -985.0000, 325.0000, 209.0000,  -974.0000, 327.0000, 209.0000,  240, 0, 0
L -974.0000, 327.0000, 209.0000,  -962.0000, 331.0000, 209.0000,  240, 0, 0
L -962.0000, 331.0000, 209.0000,  -944.8000, 339.6000, 209.0000,  240, 0, 0
L -944.8000, 339.6000, 209.0000,  -928.0000, 390.0000, 209.0000,  240, 0, 0
L -928.0000, 390.0000, 208.0000,  -928.0000, 429.7500, 208.0000,  240, 0, 0
L -928.0000, 429.7500, 210.0000,  -973.6666, 464.0000, 210.0000,  240, 0, 0
L -973.6666, 464.0000, 210.0000,  -1018.9999, 464.0000, 210.0000,  240, 0, 0
L -1018.9999, 464.0000, 209.0000,  -1064.0000, 430.2500, 208.0000,  240, 0, 0
L -1064.0000, 430.2500, 209.0000,  -1063.9999, 353.5000, 214.0000,  240, 0, 0
L -1063.9999, 353.5000, 214.0000,  -1050.5161, 329.9032, 213.0000,  240, 0, 0
L -846.7068, -124.5517, 204.0000,  -812.1667, -166.0000, 204.0000,  0, 0, 240
L -812.1667, -166.0000, 204.0000,  -756.0000, -166.0000, 205.0000,  0, 0, 240
L -756.0000, -166.0000, 205.0000,  -719.0000, -147.5000, 205.0000,  0, 0, 240
L -719.0000, -147.5000, 203.0000,  -719.0000, -88.5000, 203.0000,  0, 0, 240
L -719.0000, -88.5000, 203.0000,  -744.9999, -69.0000, 203.0000,  0, 0, 240
L -744.9999, -69.0000, 204.0000,  -784.0000, -69.0000, 204.0000,  0, 0, 240
L -784.0000, -69.0000, 205.0000,  -836.8947, -98.3860, 204.0000,  0, 0, 240
L -836.8947, -98.3860, 203.0000,  -846.7068, -124.5517, 203.0000,  0, 0, 240
L -591.0000, -535.0000, 210.0000,  -591.0000, -580.8718, 241.0000,  0, 0, 0
L -645.0000, -593.0000, 217.0000,  -590.8297, -591.8714, 242.0000,  0, 0, 0
L -590.8297, -591.8714, 244.0000,  -592.0000, -634.0000, 234.0000,  0, 0, 0
L -580.0000, -636.0000, 221.0000,  -582.2502, -589.8712, 238.0000,  0, 0, 0
L -582.2502, -589.8712, 242.0000,  -545.0000, -591.0000, 233.0000,  0, 0, 0
L -545.0000, -582.0000, 222.0000,  -579.8421, -582.0000, 243.0000,  0, 0, 0
L -579.8421, -582.0000, 243.0000,  -581.0000, -538.0000, 227.0000,  0, 0, 0
L -591.0000, -580.8718, 242.0000,  -635.0000, -582.0000, 218.0000,  0, 0, 0
L -1266.2903, -36.5161, 203.0000,  -1310.0000, -54.0000, 203.0000,  0, 0, 240
L -1310.0000, -54.0000, 203.0000,  -1310.0000, -84.0001, 203.0000,  0, 0, 240
L -1310.0000, -84.0001, 204.0000,  -1270.3076, -103.8461, 205.0000,  0, 0, 240
L -1270.3076, -103.8461, 204.0000,  -1208.9231, -77.5385, 204.0000,  0, 0, 240
L -1208.9231, -77.5385, 203.0000,  -1204.1428, -48.8572, 202.0000,  0, 0, 240
L -1204.1428, -48.8572, 202.0000,  -1219.1052, -33.8947, 202.0000,  0, 0, 240
L -1219.1052, -33.8947, 203.0000,  -1266.2903, -36.5161, 204.0000,  0, 0, 240
L -43.0000, -966.7472, 194.0000,  -43.0000, -790.8754, 196.0000,  0, 0, 240
L -43.0000, -790.8754, 196.0000,  -19.4798, -658.5740, 195.0000,  0, 0, 240
L -19.4798, -658.5740, 196.0000,  108.5625, -395.9231, 194.0000,  0, 0, 240
L 108.5625, -395.9231, 194.0000,  264.7118, -139.6780, 195.0000,  0, 0, 240
L 264.7118, -139.6780, 194.0000,  309.0000, 67.0000, 193.0000,  0, 0, 240
L 309.0000, 67.0000, 193.0000,  309.0000, 297.3333, 193.0000,  0, 0, 240
L 309.0000, 297.3333, 195.0000,  285.2532, 443.7721, 194.0000,  0, 0, 240
L 285.2532, 443.7721, 193.0000,  244.7961, 617.1597, 195.0000,  0, 0, 240
L 244.7961, 617.1597, 194.0000,  136.9314, 844.5500, 195.0000,  0, 0, 240
L 136.9314, 844.5500, 193.0000,  40.8230, 987.0555, 195.0000,  0, 0, 240
L 40.8230, 987.0555, 193.0000,  -152.6976, 1246.5491, 195.0000,  0, 0, 240
L -152.6976, 1246.5491, 194.0000,  -324.2655, 1429.1858, 193.0000,  0, 0, 240
L -217.0000, 1315.0000, 193.0000,  -278.0000, 1380.0000, 195.0000,  0, 0, 240
L -324.2655, 1429.1858, 195.0000,  -372.3750, 1488.7500, 194.0000,  0, 0, 240
L -372.3750, 1488.7500, 194.0000,  -411.0000, 1566.0000, 194.0000,  0, 0, 240
L -411.0000, 1566.0000, 193.0000,  -471.0000, 1626.0000, 195.0000,  0, 0, 240
L -471.0000, 1626.0000, 217.0000,  -471.0000, 1685.9999, 215.0000,  0, 0, 240
L -471.0000, 1685.9999, 160.0000,  -491.8571, 1748.5714, 5.0000,  0, 0, 240
L -491.8571, 1748.5714, 6.0000,  -457.0000, 1766.0000, 6.0000,  0, 0, 240
L -457.0000, 1766.0000, 8.0000,  -412.5000, 1766.0000, -13.0000,  0, 0, 240
L -553.6216, 1519.8107, 195.0000,  -573.9999, 1558.9999, 195.0000,  0, 0, 240
L -573.9999, 1558.9999, 195.0000,  -577.8780, 1574.5121, 195.0000,  0, 0, 240
L -577.8780, 1574.5121, 203.0000,  -556.0000, 1576.7000, 205.0000,  0, 0, 240
L -556.0000, 1576.7000, 207.0000,  -556.0000, 1686.9999, 207.0000,  0, 0, 240
L -556.0000, 1686.9999, 146.0000,  -586.7368, 1779.2104, 143.0000,  0, 0, 240
L -586.7368, 1779.2104, 45.0000,  -626.1176, 1803.8235, 39.0000,  0, 0, 240
L -553.6216, 1519.8107, 195.0000,  -382.0462, 1289.7437, 196.0000,  0, 0, 240
L -382.0462, 1289.7437, 195.0000,  -311.2857, 1171.8094, 195.0000,  0, 0, 240
L -311.2857, 1171.8094, 195.0000,  -270.8800, 1128.0367, 195.0000,  0, 0, 240
L -270.8800, 1128.0367, 197.0000,  -78.6933, 866.6629, 197.0000,  0, 0, 240
L -78.6933, 866.6629, 197.0000,  12.1316, 761.7445, 195.0000,  0, 0, 240
L 12.1316, 761.7445, 196.0000,  106.6372, 578.2926, 197.0000,  0, 0, 240
L 106.6372, 578.2926, 196.0000,  151.4875, 418.5133, 197.0000,  0, 0, 240
L 151.4875, 418.5133, 197.0000,  188.3908, 292.6080, 195.0000,  0, 0, 240
L 188.0000, 292.6080, 197.0000,  188.0000, 110.0000, 197.0000,  0, 0, 240
L 188.0000, 110.0000, 195.0000,  155.0588, -27.2549, 195.0000,  0, 0, 240
L 155.0588, -27.2549, 197.0000,  82.2000, -124.4001, 197.0000,  0, 0, 240
L 82.2000, -124.4001, 195.0000,  -28.2230, -317.6402, 197.0000,  0, 0, 240
L -28.2230, -317.6402, 197.0000,  -185.8130, -651.0676, 196.0000,  0, 0, 240
L -185.8130, -651.0676, 197.0000,  -279.0000, -789.2414, 197.0000,  0, 0, 240
L -279.0000, -789.2414, 196.0000,  -279.0000, -881.4000, 197.0000,  0, 0, 240
L -279.0000, -881.4000, 197.0000,  -251.0000, -959.8000, 195.0000,  0, 0, 240
L -299.0001, -1533.4008, 353.0000,  -299.0000, -1208.8181, 353.0000,  0, 0, 240
L -299.0000, -1208.8181, 354.0000,  -251.0000, -1121.5454, 353.0000,  0, 0, 240
L -251.0000, -1121.5454, 362.0000,  -251.0000, -959.8000, 365.0000,  0, 0, 240
L -118.4865, -1504.8743, 352.0000,  -99.5753, -1328.3698, 352.0000,  0, 0, 240
L -99.5753, -1328.3698, 352.0000,  -108.0576, -1201.1366, 353.0000,  0, 0, 240
L -108.0576, -1201.1366, 352.0000,  -81.0169, -1069.7965, 352.0000,  0, 0, 240
L -81.0169, -1069.7965, 350.0000,  -43.5444, -966.7472, 322.0000,  0, 0, 240
L -299.0001, -1533.4008, 352.0000,  -308.0000, -1603.6000, 352.0000,  0, 0, 240
L -308.0000, -1618.0000, 353.0000,  -308.0000, -1626.0000, 353.0000,  0, 0, 240
L -308.0000, -1603.6000, 353.0000,  -308.0000, -1841.9999, 354.0000,  0, 0, 240
L -308.0000, -1841.9999, 353.0000,  -379.1664, -2197.8328, 354.0000,  0, 0, 240
L -379.1664, -2197.8328, 353.0000,  -471.7093, -2397.5305, 352.0000,  0, 0, 240
L -471.7093, -2397.5305, 354.0000,  -515.6637, -2576.4878, 352.0000,  0, 0, 240
L -515.6637, -2576.4878, 352.0000,  -660.0722, -2815.0757, 352.0000,  0, 0, 240
L -225.9418, -2264.3491, 355.0000,  -198.5424, -1958.3898, 353.0000,  0, 0, 240
L -198.5424, -1958.3898, 353.0000,  -125.4402, -1655.5380, 354.0000,  0, 0, 240
L -125.4402, -1655.5380, 354.0000,  -118.4865, -1504.8743, 353.0000,  0, 0, 240
L -1175.8420, -985.4209, 378.0000,  -1120.2307, -1221.7692, 381.0000,  240, 127, 0
L -1120.2307, -1221.7692, 475.0000,  -994.8337, -1347.1665, 479.0000,  240, 127, 0
L -1427.0000, -1201.0000, 359.0000,  -1331.6670, -1169.2223, 359.0000,  240, 127, 0
L -1331.6670, -1169.2223, 422.0000,  -1242.8463, -1228.4357, 432.0000,  240, 127, 0
L -1242.8463, -1228.4357, 454.0000,  -1145.5470, -1377.6277, 465.0000,  240, 127, 0
L -1145.5470, -1377.6277, 527.0000,  -1119.6733, -1513.4648, 532.0000,  240, 127, 0
L -1119.6733, -1513.4648, 538.0000,  -1112.0829, -1617.1992, 539.0000,  240, 127, 0
L -1112.0829, -1617.1992, 540.0000,  -1089.5052, -1699.0431, 539.0000,  240, 127, 0
L -1089.5052, -1699.0431, 537.0000,  -1023.1107, -1785.3560, 537.0000,  240, 127, 0
L -1023.1107, -1785.3560, 531.0000,  -902.1279, -1888.1912, 531.0000,  240, 127, 0
L -902.1279, -1888.1912, 525.0000,  -793.3998, -2009.0001, 525.0000,  240, 127, 0
L -793.3998, -2009.0001, 524.0000,  -709.6666, -2008.9999, 524.0000,  240, 127, 0
L -709.6666, -2008.9999, 523.0000,  -639.1082, -1956.0811, 523.0000,  240, 127, 0
L -639.1082, -1956.0811, 530.0000,  -563.8159, -1760.3213, 530.0000,  240, 127, 0
L -563.8159, -1760.3213, 541.0000,  -539.5502, -1473.1777, 543.0000,  240, 127, 0
L -539.5502, -1473.1777, 551.0000,  -672.8729, -1354.6683, 551.0000,  240, 127, 0
L -672.8729, -1354.6683, 644.0000,  -817.7648, -1590.1177, 644.0000,  240, 127, 0
L -817.7648, -1590.1177, 631.0000,  -892.2501, -1552.8749, 631.0000,  240, 127, 0
L -892.2501, -1552.8749, 627.0000,  -874.0689, -1489.2413, 634.0000,  240, 127, 0
L -874.0689, -1489.2413, 636.0000,  -886.7498, -1472.3336, 636.0000,  240, 127, 0
L -886.7498, -1472.3336, 635.0000,  -966.1927, -1429.9637, 627.0000,  240, 127, 0
L -966.1927, -1429.9637, 594.0000,  -952.7353, -1362.6764, 591.0000,  240, 127, 0
L -952.7353, -1362.6764, 571.0000,  -994.8337, -1347.1665, 565.0000,  240, 127, 0
L -1129.9999, -2136.3999, 354.0000,  -1082.5554, -2145.8887, 354.0000,  0, 0, 240
L -1082.5554, -2145.8887, 356.0000,  -1052.0000, -2128.4285, 356.0000,  0, 0, 240
L -1052.0000, -2128.4285, 354.0000,  -1052.0000, -2101.0000, 354.0000,  0, 0, 240
L -1052.0000, -2101.0000, 354.0000,  -1053.0000, -2100.0000, 354.0000,  0, 0, 240
L -1053.0000, -2100.0000, 354.0000,  -1054.0000, -2098.0000, 354.0000,  0, 0, 240
L -1054.0000, -2098.0000, 354.0000,  -1055.0000, -2097.0000, 354.0000,  0, 0, 240
L -1055.0000, -2097.0000, 354.0000,  -1074.8181, -2077.1816, 355.0000,  0, 0, 240
L -1074.8181, -2077.1816, 355.0000,  -1130.0000, -2097.8750, 354.0000,  0, 0, 240
L -1130.0000, -2097.8750, 354.0000,  -1129.9999, -2136.3999, 355.0000,  0, 0, 240
L -1467.1578, -2259.3157, 356.0000,  -1427.9999, -2274.0000, 354.0000,  0, 0, 240
L -1427.9999, -2274.0000, 354.0000,  -1364.9999, -2273.9998, 355.0000,  0, 0, 240
L -1364.9999, -2273.9998, 353.0000,  -1326.7144, -2235.7144, 353.0000,  0, 0, 240
L -1326.7144, -2235.7144, 355.0000,  -1355.5573, -2214.0818, 355.0000,  0, 0, 240
L -1355.5573, -2214.0818, 353.0000,  -1451.6031, -2228.2063, 355.0000,  0, 0, 240
L -1451.6031, -2228.2063, 353.0000,  -1467.1578, -2259.3157, 353.0000,  0, 0, 240
L -1063.5000, -2414.0000, 353.0000,  -1050.8571, -2388.7141, 353.0000,  0, 0, 240
L -1050.8571, -2388.7141, 354.0000,  -1054.7222, -2369.3889, 354.0000,  0, 0, 240
L -1054.7222, -2369.3889, 354.0000,  -1077.6921, -2337.2307, 355.0000,  0, 0, 240
L -1077.6921, -2337.2307, 354.0000,  -1103.9999, -2345.9998, 353.0000,  0, 0, 240
L -1103.9999, -2345.9998, 352.0000,  -1132.3334, -2374.3333, 352.0000,  0, 0, 240
L -1132.3334, -2374.3333, 353.0000,  -1112.4999, -2414.0000, 353.0000,  0, 0, 240
L -1112.4999, -2414.0000, 354.0000,  -1063.5000, -2414.0000, 354.0000,  0, 0, 240
L -930.4631, -2520.9663, 352.0000,  -854.3103, -2516.2068, 352.0000,  0, 0, 240
L -854.3103, -2516.2068, 353.0000,  -833.0000, -2502.0000, 353.0000,  0, 0, 240
L -833.0000, -2502.0000, 354.0000,  -840.0882, -2480.7351, 354.0000,  0, 0, 240
L -840.0882, -2480.7351, 354.0000,  -888.8000, -2462.0000, 353.0000,  0, 0, 240
L -888.8000, -2462.0000, 352.0000,  -925.9999, -2462.0000, 352.0000,  0, 0, 240
L -925.9999, -2462.0000, 352.0000,  -952.2745, -2481.7058, 352.0000,  0, 0, 240
L -952.2745, -2481.7058, 354.0000,  -930.4631, -2520.9663, 354.0000,  0, 0, 240
L -1089.6000, -2600.5999, 353.0000,  -1130.8181, -2641.8181, 353.0000,  0, 0, 240
L -1130.8181, -2641.8181, 353.0000,  -1066.0286, -2666.1143, 354.0000,  0, 0, 240
L -1066.0286, -2666.1143, 352.0000,  -1051.4285, -2607.7141, 352.0000,  0, 0, 240
L -1051.4285, -2607.7141, 352.0000,  -1055.6842, -2594.9473, 353.0000,  0, 0, 240
L -1055.6842, -2594.9473, 354.0000,  -1089.6000, -2600.5999, 354.0000,  0, 0, 240
L -1239.0000, -2518.6667, 353.0000,  -1286.7142, -2486.8569, 353.0000,  0, 0, 240
L -1286.7142, -2486.8569, 353.0000,  -1311.7500, -2499.3750, 353.0000,  0, 0, 240
L -1311.7500, -2499.3750, 352.0000,  -1351.6923, -2599.2307, 352.0000,  0, 0, 240
L -1351.6923, -2599.2307, 351.0000,  -1343.2273, -2633.0906, 351.0000,  0, 0, 240
L -1343.2273, -2633.0906, 352.0000,  -1239.0000, -2591.3999, 351.0000,  0, 0, 240
L -1239.0000, -2591.3999, 352.0000,  -1239.0000, -2518.6667, 353.0000,  0, 0, 240
L -1453.8235, -2983.5884, 354.0000,  -1402.0587, -3009.4705, 354.0000,  0, 0, 240
L -1402.0587, -3009.4705, 354.0000,  -1360.0006, -2998.0000, 354.0000,  0, 0, 240
L -1360.0006, -2998.0000, 353.0000,  -1322.0000, -2979.0000, 352.0000,  0, 0, 240
L -1322.0000, -2979.0000, 352.0000,  -1322.0000, -2928.5000, 353.0000,  0, 0, 240
L -1422.3333, -2878.3333, 354.0000,  -1461.1998, -2917.1997, 354.0000,  0, 0, 240
L -1216.8571, -3165.0000, 352.0000,  -1192.0000, -3165.0000, 352.0000,  0, 0, 240
L -1192.0000, -3165.0000, 354.0000,  -1185.4285, -3138.7141, 354.0000,  0, 0, 240
L -1185.4285, -3138.7141, 355.0000,  -1192.3997, -3117.8008, 355.0000,  0, 0, 240
L -1192.3997, -3117.8008, 353.0000,  -1224.0000, -3101.9998, 353.0000,  0, 0, 240
L -1224.0000, -3101.9998, 353.0000,  -1247.8947, -3137.8420, 354.0000,  0, 0, 240
L -1247.8947, -3137.8420, 354.0000,  -1216.8571, -3165.0000, 353.0000,  0, 0, 240
L -1322.0000, -2928.5000, 352.0000,  -1422.3333, -2878.3333, 352.0000,  0, 0, 240
L -1461.1998, -2917.1997, 354.0000,  -1453.8235, -2983.5884, 352.0000,  0, 0, 240
L -1143.7500, -2828.2500, 356.0000,  -1109.0000, -2863.0000, 356.0000,  0, 0, 240
L -1109.0000, -2863.0000, 357.0000,  -1109.0000, -2877.0000, 356.0000,  0, 0, 240
L -1109.0000, -2877.0000, 355.0000,  -1147.5880, -2905.9409, 354.0000,  0, 0, 240
L -1147.5880, -2905.9409, 353.0000,  -1190.9999, -2901.6003, 354.0000,  0, 0, 240
L -1190.9999, -2901.6003, 353.0000,  -1191.0000, -2844.0000, 353.0000,  0, 0, 240
L -1191.0000, -2844.0000, 353.0000,  -1143.7500, -2828.2500, 353.0000,  0, 0, 240
L 1311.1489, -1731.5212, 593.0000,  1273.6194, -1600.1680, 592.0000,  240, 127, 0
L 1273.6194, -1600.1680, 557.0000,  1138.6364, -1509.0546, 547.0000,  240, 127, 0
L 1138.6364, -1509.0546, 536.0000,  857.3641, -1396.5455, 532.0000,  240, 127, 0
L 857.3641, -1396.5455, 461.0000,  715.7327, -1363.8613, 448.0000,  240, 127, 0
L 713.0000, -1363.0000, 419.0000,  707.0000, -1357.0000, 415.0000,  240, 127, 0
L 715.7327, -1363.8613, 415.0000,  693.0000, -1346.0000, 409.0000,  240, 127, 0
L 541.0000, -1624.0000, 376.0000,  572.2857, -1561.4285, 376.0000,  240, 127, 0
L 572.2857, -1561.4285, 388.0000,  718.5075, -1509.8208, 396.0000,  240, 127, 0
L 718.5075, -1509.8208, 487.0000,  967.1188, -1522.5702, 500.0000,  240, 127, 0
L 967.1188, -1522.5702, 530.0000,  1189.5049, -1653.9801, 528.0000,  240, 127, 0
L 1189.5049, -1653.9801, 549.0000,  1183.0000, -1680.0000, 552.0000,  240, 127, 0
L 1183.0000, -1680.0000, 562.0000,  992.4545, -1584.7272, 564.0000,  240, 127, 0
L 948.0000, -1581.0000, 600.0000,  931.0000, -1580.0000, 600.0000,  240, 127, 0
L 992.4545, -1584.7272, 600.0000,  861.4059, -1574.6466, 599.0000,  240, 127, 0
L 861.4059, -1574.6466, 595.0000,  733.5974, -1609.9042, 593.0000,  240, 127, 0
L 733.5974, -1609.9042, 583.0000,  656.6038, -1735.0188, 581.0000,  240, 127, 0
L 656.6038, -1735.0188, 593.0000,  674.4999, -1824.4999, 595.0000,  240, 127, 0
L 661.0000, -1890.0000, 616.0000,  653.0000, -1932.0000, 610.0000,  240, 127, 0
L 674.4999, -1824.4999, 610.0000,  639.9114, -1997.4429, 608.0000,  240, 127, 0
L 639.9114, -1997.4429, 578.0000,  440.3297, -2143.0837, 570.0000,  240, 127, 0
L 440.3297, -2143.0837, 563.0000,  384.9998, -2149.9998, 563.0000,  240, 127, 0
L 384.9998, -2149.9998, 595.0000,  264.0002, -2150.0000, 594.0000,  240, 127, 0
L 264.0002, -2150.0000, 602.0000,  209.2501, -2131.7500, 604.0000,  240, 127, 0
L 1326.4531, -205.2344, 219.0000,  1527.1975, -158.2516, 230.0000,  240, 127, 0
L 1527.1975, -158.2516, 265.0000,  1621.5731, -99.2667, 287.0000,  240, 127, 0
L 1617.7499, -1.7500, 325.0000,  1555.0000, 61.0000, 326.0000,  240, 127, 0
L 1557.0000, 59.0000, 330.0000,  1555.0000, 61.0000, 333.0000,  240, 127, 0
L 1555.0000, 61.0000, 333.0000,  1464.7129, 42.6986, 335.0000,  240, 127, 0
L 1464.7129, 42.6986, 336.0000,  1409.0587, 48.8824, 337.0000,  240, 127, 0
L 1409.0587, 48.8824, 342.0000,  1372.0004, 122.9991, 342.0000,  240, 127, 0
L 1306.0000, -64.7778, 337.0000,  1194.2400, -52.3600, 340.0000,  240, 127, 0
L 1306.0000, -64.7778, 334.0000,  1446.5599, -49.1600, 333.0000,  240, 127, 0
L 1446.5599, -49.1600, 323.0000,  1504.6060, -52.7879, 323.0000,  240, 127, 0
L 1504.6060, -52.7879, 324.0000,  1528.3529, -5.2941, 323.0000,  240, 127, 0
L 1528.3529, -5.2941, 319.0000,  1545.7368, -29.6315, 317.0000,  240, 127, 0
L 1545.7368, -29.6315, 306.0000,  1548.2092, -51.8837, 301.0000,  240, 127, 0
L 1548.2092, -51.8837, 293.0000,  1526.3104, -90.2068, 288.0000,  240, 127, 0
L 1526.3104, -90.2068, 256.0000,  1484.6595, -102.7021, 254.0000,  240, 127, 0
L 1484.6595, -102.7021, 233.0000,  1394.7684, -82.7263, 229.0000,  240, 127, 0
L 1394.7684, -82.7263, 225.0000,  1332.9148, -109.7872, 225.0000,  240, 127, 0
L 1332.9148, -109.7872, 223.0000,  1290.0908, -114.5455, 223.0000,  240, 127, 0
L 1283.0000, -111.0000, 224.0000,  1271.0000, -105.0000, 224.0000,  240, 127, 0
L 1290.0908, -114.5455, 225.0000,  1239.0000, -89.0000, 226.0000,  240, 127, 0
L 1239.0000, -89.0000, 232.0000,  1217.0000, -89.0000, 234.0000,  240, 127, 0
L 1194.2400, -52.3600, 341.0000,  1058.4600, -12.9400, 345.0000,  240, 127, 0
L 1058.4600, -12.9400, 358.0000,  866.4783, 90.4348, 359.0000,  240, 127, 0
L 866.4783, 90.4348, 369.0000,  774.3334, 103.0000, 369.0000,  240, 127, 0
L 774.3334, 103.0000, 373.0000,  622.2632, 71.8948, 373.0000,  240, 127, 0
L 622.2632, 71.8948, 372.0000,  504.2000, 35.0000, 372.0000,  240, 127, 0
L 504.2000, 35.0000, 374.0000,  452.2143, 35.0000, 374.0000,  240, 127, 0
L 452.2143, 35.0000, 373.0000,  416.8571, 134.0001, 374.0000,  240, 127, 0
L 416.8571, 134.0001, 388.0000,  399.8571, 253.0000, 387.0000,  240, 127, 0
L 399.8571, 253.0000, 385.0000,  353.0000, 253.0000, 383.0000,  240, 127, 0
L 353.0000, 253.0000, 381.0000,  218.0353, 264.2470, 378.0000,  240, 127, 0
L 218.0353, 264.2470, 375.0000,  150.8048, 254.4878, 377.0000,  240, 127, 0
L 150.8048, 254.4878, 375.0000,  116.4590, 276.3443, 375.0000,  240, 127, 0
L 116.4590, 276.3443, 383.0000,  72.9473, 287.9474, 382.0000,  240, 127, 0
L 336.5176, 330.4353, 376.0000,  387.1842, 349.7368, 375.0000,  240, 127, 0
L 387.1842, 349.7368, 381.0000,  397.5500, 391.2000, 381.0000,  240, 127, 0
L 397.5500, 391.2000, 385.0000,  369.0000, 467.3333, 387.0000,  240, 127, 0
L 369.0000, 467.3333, 395.0000,  369.0000, 507.8750, 397.0000,  240, 127, 0
L 369.0000, 507.8750, 395.0000,  351.0000, 559.6250, 395.0000,  240, 127, 0
L 351.0000, 559.6250, 397.0000,  351.0000, 598.6666, 403.0000,  240, 127, 0
L 351.0000, 598.6666, 409.0000,  385.0781, 613.8125, 414.0000,  240, 127, 0
L 385.0781, 613.8125, 414.0000,  418.0488, 649.7805, 410.0000,  240, 127, 0
L 418.0488, 649.7805, 405.0000,  442.2222, 664.8889, 404.0000,  240, 127, 0
L 442.2222, 664.8889, 401.0000,  452.3913, 705.5652, 400.0000,  240, 127, 0
L 452.3913, 705.5652, 373.0000,  552.5157, 850.1895, 370.0000,  240, 127, 0
L 552.5157, 850.1895, 356.0000,  635.8024, 918.7784, 353.0000,  240, 127, 0
L 635.8024, 918.7784, 329.0000,  716.8089, 941.2802, 326.0000,  240, 127, 0
L 716.8089, 941.2802, 283.0000,  859.0493, 945.3442, 265.0000,  240, 127, 0
L 859.0493, 945.3442, 231.0000,  910.8572, 956.8572, 229.0000,  240, 127, 0
L 910.8572, 956.8572, 222.0000,  942.0000, 988.0000, 218.0000,  240, 127, 0
L 931.0000, 868.0000, 213.0000,  853.1495, 875.7850, 212.0000,  240, 127, 0
L 853.1495, 875.7850, 237.0000,  780.0849, 837.1038, 248.0000,  240, 127, 0
L 780.0849, 837.1038, 302.0000,  713.4000, 755.6000, 313.0000,  240, 127, 0
L 713.4000, 755.6000, 356.0000,  694.5000, 680.0000, 357.0000,  240, 127, 0
L 694.5000, 680.0000, 365.0000,  703.9999, 661.0000, 366.0000,  240, 127, 0
L 703.9999, 661.0000, 366.0000,  715.2001, 621.7999, 368.0000,  240, 127, 0
L 715.2001, 621.7999, 370.0000,  731.4482, 605.5517, 371.0000,  240, 127, 0
L 1372.0004, 122.9991, 354.0000,  1343.5060, 197.0843, 351.0000,  240, 127, 0
L 910.7416, 235.5843, 386.0000,  981.4999, 227.7222, 386.0000,  240, 127, 0
L 981.4999, 227.7222, 395.0000,  1030.8571, 156.4286, 398.0000,  240, 127, 0
L 1030.8571, 156.4286, 381.0000,  1114.0000, 101.0000, 390.0000,  240, 127, 0
L 1114.0000, 101.0000, 396.0000,  1155.8181, 96.8182, 394.0000,  240, 127, 0
L 1155.8181, 96.8182, 358.0000,  1238.6000, 179.6000, 358.0000,  240, 127, 0
L 1238.6000, 179.6000, 357.0000,  1343.5060, 197.0843, 356.0000,  240, 127, 0
L 910.7416, 235.5843, 394.0000,  779.8956, 200.3565, 397.0000,  240, 127, 0
L 779.8956, 200.3565, 399.0000,  737.0869, 209.8696, 399.0000,  240, 127, 0
L 737.0869, 209.8696, 393.0000,  709.0000, 252.0000, 392.0000,  240, 127, 0
L 709.0000, 252.0000, 412.0000,  610.1500, 317.9000, 414.0000,  240, 127, 0
L 610.1500, 317.9000, 408.0000,  619.3043, 372.8260, 405.0000,  240, 127, 0
L 619.3043, 372.8260, 412.0000,  665.3750, 456.5909, 412.0000,  240, 127, 0
L 665.3750, 456.5909, 425.0000,  728.5912, 525.5541, 429.0000,  240, 127, 0
L 728.5912, 525.5541, 425.0000,  731.4482, 605.5517, 414.0000,  240, 127, 0
L 336.5176, 330.4353, 364.0000,  238.0000, 323.0000, 365.0000,  240, 127, 0
L 238.0000, 323.0000, 365.0000,  220.0000, 323.0000, 365.0000,  240, 127, 0
L 238.0000, 323.0000, 365.0000,  159.0000, 323.0000, 368.0000,  240, 127, 0
L 159.0000, 323.0000, 367.0000,  93.0000, 352.3333, 367.0000,  240, 127, 0
L 93.0000, 372.0000, 374.0000,  93.0000, 390.0000, 368.0000,  240, 127, 0
L 93.0000, 352.3333, 368.0000,  93.0000, 420.0000, 365.0000,  240, 127, 0
L 93.0000, 420.0000, 360.0000,  84.8710, 428.1290, 360.0000,  240, 127, 0
L 84.8710, 428.1290, 337.0000,  61.1739, 543.6522, 318.0000,  240, 127, 0
L 61.1739, 543.6522, 289.0000,  16.0000, 634.0000, 279.0000,  240, 127, 0
L 16.0000, 634.0000, 247.0000,  6.0000, 669.0000, 244.0000,  240, 127, 0
L -163.0000, 653.9999, 232.0000,  -116.1539, 607.1539, 238.0000,  240, 127, 0
L -116.1539, 607.1539, 314.0000,  -90.4848, 498.0606, 326.0000,  240, 127, 0
L -90.4848, 498.0606, 411.0000,  -144.0000, 284.0000, 414.0000,  240, 127, 0
L -144.0000, 284.0000, 483.0000,  -204.0001, 224.0000, 487.0000,  240, 127, 0
L 58.0000, 272.0000, 392.0000,  56.0000, 271.0000, 394.0000,  240, 127, 0
L 72.9473, 287.9474, 394.0000,  44.0000, 259.0000, 398.0000,  240, 127, 0
L 44.0000, 259.0000, 403.0000,  37.7361, 221.4167, 405.0000,  240, 127, 0
L 37.7361, 221.4167, 410.0000,  63.6087, 207.3043, 414.0000,  240, 127, 0
L 63.6087, 207.3043, 424.0000,  92.1487, 155.9324, 419.0000,  240, 127, 0
L 92.1487, 155.9324, 396.0000,  88.7011, 111.1141, 396.0000,  240, 127, 0
L 88.7011, 111.1141, 397.0000,  26.4916, -24.2829, 395.0000,  240, 127, 0
L 26.4916, -24.2829, 387.0000,  -140.4939, -89.3790, 383.0000,  240, 127, 0
L -140.4939, -89.3790, 381.0000,  -205.7627, -149.6271, 380.0000,  240, 127, 0
L -205.7627, -149.6271, 377.0000,  -261.7692, -158.9615, 376.0000,  240, 127, 0
L -261.7692, -158.9615, 374.0000,  -267.1087, -182.9891, 371.0000,  240, 127, 0
L -267.1087, -182.9891, 368.0000,  -230.5065, -186.6493, 366.0000,  240, 127, 0
L -230.5065, -186.6493, 357.0000,  -211.0701, -183.0500, 333.0000,  240, 127, 0
L -148.0000, -138.0000, 320.0000,  -141.0000, -133.0000, 318.0000,  240, 127, 0
L -211.0701, -183.0500, 318.0000,  -124.5085, -121.2203, 317.0000,  240, 127, 0
L -446.5821, -151.8507, 365.0000,  -442.0263, -215.6315, 366.0000,  240, 127, 0
L -442.0263, -215.6315, 365.0000,  -411.1837, -256.7551, 366.0000,  240, 127, 0
L -411.1837, -256.7551, 366.0000,  -271.9452, -267.4657, 366.0000,  240, 127, 0
L -250.0000, -254.0000, 363.0000,  -244.0000, -250.0000, 361.0000,  240, 127, 0
L -271.9452, -267.4657, 361.0000,  -185.8378, -213.6486, 361.0000,  240, 127, 0
L -185.8378, -213.6486, 319.0000,  -122.5610, -206.6179, 317.0000,  240, 127, 0
L -122.5610, -206.6179, 308.0000,  -36.2258, -140.8387, 309.0000,  240, 127, 0
L -36.2258, -140.8387, 310.0000,  -124.5085, -121.2203, 313.0000,  240, 127, 0
L -446.5821, -151.8507, 366.0000,  -393.8571, -6.8572, 366.0000,  240, 127, 0
L -393.8571, -6.8572, 375.0000,  -380.4304, 25.3671, 375.0000,  240, 127, 0
L -380.4304, 25.3671, 383.0000,  -319.2632, 91.6315, 388.0000,  240, 127, 0
L -319.2632, 91.6315, 409.0000,  -296.5000, 123.4999, 415.0000,  240, 127, 0
L -296.5000, 123.4999, 438.0000,  -249.0000, 171.0000, 444.0000,  240, 127, 0
L -249.0000, 171.0000, 475.0000,  -236.8000, 207.6000, 476.0000,  240, 127, 0
L -236.8000, 207.6000, 491.0000,  -204.0001, 224.0000, 500.0000,  240, 127, 0
L 473.7500, 3842.2500, 39.0000,  546.3346, 3859.0002, 43.0000,  0, 0, 0
L 425.8025, 3851.8394, 34.0000,  473.7500, 3842.2500, 34.0000,  0, 0, 0
L 371.5022, 3807.7205, 19.0000,  425.8025, 3851.8394, 23.0000,  0, 0, 0
L 300.3634, 3771.2837, 19.0000,  371.5022, 3807.7205, 18.0000,  0, 0, 0
L 92.4618, 3537.3955, 19.0000,  300.3634, 3771.2837, 17.0000,  0, 0, 0
L 18.9118, 3505.1367, 31.0000,  92.4618, 3537.3955, 36.0000,  0, 0, 0
L -94.8204, 3488.0769, 31.0000,  18.9118, 3505.1367, 31.0000,  0, 0, 0
L -198.9924, 3466.9609, 31.0000,  -94.8204, 3488.0769, 31.0000,  0, 0, 0
L -298.5371, 3420.3655, 29.0000,  -198.9924, 3466.9609, 27.0000,  0, 0, 0
L -419.6850, 3304.0000, 36.0000,  -298.5371, 3420.3655, 23.0000,  0, 0, 0
L -471.9999, 3304.0000, 79.0000,  -419.6850, 3304.0000, 77.0000,  0, 0, 0
L -563.8333, 3395.8330, 83.0000,  -471.9999, 3304.0000, 84.0000,  0, 0, 0
L -414.9367, 3821.4553, 5.0000,  -395.4286, 3756.4285, 6.0000,  0, 0, 240
L -902.6364, 3342.0000, 40.0000,  -797.0000, 3388.4797, 35.0000,  0, 0, 0
L -999.9999, 3342.0000, 46.0000,  -902.6364, 3342.0000, 46.0000,  0, 0, 0
L -1100.7048, 3403.9722, 67.0000,  -999.9999, 3342.0000, 70.0000,  0, 0, 0
L -1160.9989, 3383.0000, 52.0000,  -1100.7048, 3403.9722, 58.0000,  0, 0, 0
L -1256.0001, 3364.0000, 43.0000,  -1160.9989, 3383.0000, 44.0000,  0, 0, 0
L -1329.6666, 3364.0000, 46.0000,  -1256.0001, 3364.0000, 43.0000,  0, 0, 0
L -1369.1333, 3334.3999, 46.0000,  -1329.6666, 3364.0000, 44.0000,  0, 0, 0
L -1411.6980, 3314.7546, 47.0000,  -1369.1333, 3334.3999, 48.0000,  0, 0, 0
L -1410.0000, 3316.0000, 48.0000,  -1409.0000, 3316.0000, 47.0000,  0, 0, 0
L -1434.9403, 3297.7102, 51.0000,  -1411.6980, 3314.7546, 48.0000,  0, 0, 0
L -1485.2177, 3282.2407, 51.0000,  -1434.9403, 3297.7102, 51.0000,  0, 0, 0
L -1589.9474, 3073.1050, 50.0000,  -1485.0664, 3282.8669, 54.0000,  0, 0, 0
L -1630.9999, 3068.9995, 40.0000,  -1589.9474, 3073.1050, 42.0000,  0, 0, 0
L -1631.0001, 2968.7498, 44.0000,  -1630.9999, 3068.9995, 45.0000,  0, 0, 0
L -1675.3812, 2920.6697, 22.0000,  -1631.0001, 2968.7498, 24.0000,  0, 0, 0
L -1661.7457, 2825.2205, 29.0000,  -1675.3812, 2920.6697, 29.0000,  0, 0, 0
L -1628.1576, 2722.2163, 33.0000,  -1661.7457, 2825.2205, 28.0000,  0, 0, 0
L -1632.3816, 2620.8420, 27.0000,  -1628.1576, 2722.2163, 25.0000,  0, 0, 0
L -1614.6874, 2597.2500, 28.0000,  -1632.3816, 2620.8420, 28.0000,  0, 0, 0
L -1629.1316, 2539.4736, 25.0000,  -1614.6874, 2597.2500, 25.0000,  0, 0, 0
L -1609.5209, 2422.0142, 42.0000,  -1630.7418, 2436.1611, 42.0000,  0, 0, 0
L -1641.7301, 2138.5747, 150.0000,  -1609.5209, 2422.0142, 123.0000,  0, 0, 0
L -1696.6149, 2079.7700, 193.0000,  -1641.7301, 2138.5747, 164.0000,  0, 0, 0
L -1661.0000, 2118.0000, 194.0000,  -1660.0000, 2119.0000, 193.0000,  0, 0, 0
L -1725.0000, 2023.0000, 221.0000,  -1696.6149, 2079.7700, 222.0000,  0, 0, 0
L -1725.0000, 1924.3333, 229.0000,  -1725.0000, 2023.0000, 220.0000,  0, 0, 0
L -1714.0000, 1854.6667, 259.0000,  -1725.0000, 1924.3333, 256.0000,  0, 0, 0
L -1714.0000, 1793.0000, 229.0000,  -1714.0000, 1854.6667, 228.0000,  0, 0, 0
L -1658.8666, 1737.8666, 241.0000,  -1714.0000, 1793.0000, 228.0000,  0, 0, 0
L -1614.8051, 1611.1897, 272.0000,  -1658.8666, 1737.8666, 249.0000,  0, 0, 0
L -1675.3645, 1552.2240, 247.0000,  -1614.8051, 1611.1897, 241.0000,  0, 0, 0
L -1700.0000, 1466.0001, 251.0000,  -1675.3645, 1552.2240, 249.0000,  0, 0, 0
L -1694.0000, 1417.9999, 248.0000,  -1700.0000, 1466.0001, 248.0000,  0, 0, 0
L -1694.0000, 1387.5000, 241.0000,  -1694.0000, 1417.9999, 245.0000,  0, 0, 0
L -1673.3333, 1315.1666, 236.0000,  -1694.0000, 1387.5000, 237.0000,  0, 0, 0
L -1592.5428, 1274.7714, 233.0000,  -1673.3333, 1315.1666, 236.0000,  0, 0, 0
L -1573.6290, 1239.8538, 237.0000,  -1592.5428, 1274.7714, 229.0000,  0, 0, 0
L -1518.5216, 1177.1453, 245.0000,  -1573.6290, 1239.8538, 242.0000,  0, 0, 0
L -1448.9685, 1136.9349, 260.0000,  -1518.5216, 1177.1453, 244.0000,  0, 0, 0
L -1364.8503, 962.8974, 283.0000,  -1448.9685, 1136.9349, 263.0000,  0, 0, 0
L -1376.0753, 895.5491, 261.0000,  -1364.8503, 962.8974, 262.0000,  0, 0, 0
L -1426.9816, 854.5758, 251.0000,  -1376.0753, 895.5491, 254.0000,  0, 0, 0
L -1556.0671, 823.8411, 239.0000,  -1426.9816, 854.5758, 238.0000,  0, 0, 0
L -1617.7555, 764.0806, 246.0000,  -1556.0671, 823.8411, 240.0000,  0, 0, 0
L -1715.8180, 531.1824, 233.0000,  -1617.7555, 764.0806, 238.0000,  0, 0, 0
L -1730.6976, 407.1859, 248.0000,  -1715.8180, 531.1824, 246.0000,  0, 0, 0
L -1715.1935, 314.1611, 262.0000,  -1730.6976, 407.1859, 262.0000,  0, 0, 0
L -1712.8160, 226.1932, 292.0000,  -1715.1935, 314.1611, 277.0000,  0, 0, 0
L -1673.7472, 121.1957, 295.0000,  -1712.8160, 226.1932, 298.0000,  0, 0, 0
L -1636.1255, 61.0000, 283.0000,  -1673.7472, 121.1957, 285.0000,  0, 0, 0
L -1600.9999, 61.0000, 246.0000,  -1636.1255, 61.0000, 246.0000,  0, 0, 0
L -1589.0000, 48.9998, 241.0000,  -1600.9999, 61.0000, 242.0000,  0, 0, 0
L -1589.0000, -6.6667, 243.0000,  -1589.0000, 48.9998, 238.0000,  0, 0, 0
L -1504.2291, -58.4710, 227.0000,  -1589.0000, -6.6667, 227.0000,  0, 0, 0
L -1477.9231, -119.1775, 218.0000,  -1504.2291, -58.4710, 222.0000,  0, 0, 0
L -1427.2170, -134.7794, 222.0000,  -1477.9231, -119.1775, 220.0000,  0, 0, 0
L -1380.0656, -191.7541, 223.0000,  -1427.2170, -134.7794, 227.0000,  0, 0, 0
L -1360.0000, -223.2857, 249.0000,  -1380.0656, -191.7541, 228.0000,  0, 0, 0
L -1360.0000, -259.0000, 254.0000,  -1360.0000, -223.2857, 252.0000,  0, 0, 0
L -1416.0002, -287.0002, 257.0000,  -1360.0000, -259.0000, 257.0000,  0, 0, 0
L -1521.7142, -357.4762, 237.0000,  -1416.0002, -287.0002, 228.0000,  0, 0, 0
L -1537.0214, -421.2556, 230.0000,  -1521.7142, -357.4762, 229.0000,  0, 0, 0
L -1568.0188, -501.8491, 239.0000,  -1537.0214, -421.2556, 237.0000,  0, 0, 0
L -1633.9999, -556.8333, 250.0000,  -1568.0188, -501.8491, 240.0000,  0, 0, 0
L -1634.0005, -608.3320, 271.0000,  -1633.9999, -556.8333, 268.0000,  0, 0, 0
L -1624.4999, -630.5000, 315.0000,  -1634.0005, -608.3320, 313.0000,  0, 0, 0
L -1540.7999, -714.2001, 339.0000,  -1624.4999, -630.5000, 328.0000,  0, 0, 0
L -1544.5769, -729.3077, 390.0000,  -1540.7999, -714.2001, 377.0000,  0, 0, 0
L -1595.0875, -785.4306, 403.0000,  -1544.5769, -729.3077, 407.0000,  0, 0, 0
L -1587.2207, -836.5667, 395.0000,  -1595.0875, -785.4306, 393.0000,  0, 0, 0
L -1605.7482, -926.1162, 394.0000,  -1587.2207, -836.5667, 395.0000,  0, 0, 0
L -1643.0204, -971.2353, 392.0000,  -1605.7482, -926.1162, 386.0000,  0, 0, 0
L -1649.3622, -1044.1653, 386.0000,  -1643.0204, -971.2353, 388.0000,  0, 0, 0
L -1612.6880, -1088.1743, 384.0000,  -1649.3622, -1044.1653, 385.0000,  0, 0, 0
L -1617.5247, -1240.5247, 382.0000,  -1612.6880, -1088.1743, 380.0000,  0, 0, 0
L -1661.9999, -1284.9999, 391.0000,  -1617.5247, -1240.5247, 385.0000,  0, 0, 0
L -1681.9285, -1313.7856, 393.0000,  -1661.9999, -1284.9999, 392.0000,  0, 0, 0
L -1709.9999, -1397.9998, 394.0000,  -1681.9285, -1313.7856, 395.0000,  0, 0, 0
L -1710.0005, -1490.1240, 394.0000,  -1709.9999, -1397.9998, 390.0000,  0, 0, 0
L -1689.0000, -1524.2500, 415.0000,  -1710.0005, -1490.1240, 408.0000,  0, 0, 0
L -1688.9999, -1539.5000, 431.0000,  -1689.0000, -1524.2500, 416.0000,  0, 0, 0
L -1667.3333, -1550.3333, 430.0000,  -1688.9999, -1539.5000, 430.0000,  0, 0, 0
L -1663.3333, -1570.3334, 428.0000,  -1667.3333, -1550.3333, 429.0000,  0, 0, 0
L -1669.0000, -1593.0000, 424.0000,  -1663.3333, -1570.3334, 426.0000,  0, 0, 0
L -1683.6154, -1595.9230, 424.0000,  -1669.0000, -1593.0000, 424.0000,  0, 0, 0
L -1687.0000, -1601.0000, 414.0000,  -1683.6154, -1595.9230, 419.0000,  0, 0, 0
L -1676.1428, -1611.8571, 397.0000,  -1687.0000, -1601.0000, 401.0000,  0, 0, 0
L -1685.8318, -1636.0796, 401.0000,  -1676.1428, -1611.8571, 398.0000,  0, 0, 0
L -1673.0000, -1684.5555, 400.0000,  -1685.8318, -1636.0796, 399.0000,  0, 0, 0
L -1673.0000, -1793.9999, 398.0000,  -1673.0000, -1684.5555, 398.0000,  0, 0, 0
L -1652.9999, -1814.0000, 422.0000,  -1673.0000, -1793.9999, 430.0000,  0, 0, 0
L -1591.2439, -1865.4634, 395.0000,  -1652.9999, -1814.0000, 395.0000,  0, 0, 0
L -1569.0714, -1914.2428, 413.0000,  -1591.2439, -1865.4634, 413.0000,  0, 0, 0
L -1591.3912, -1990.1304, 422.0000,  -1569.0714, -1914.2428, 416.0000,  0, 0, 0
L -1601.3334, -2069.6667, 420.0000,  -1591.3912, -1990.1304, 422.0000,  0, 0, 0
L -1647.9999, -2163.0000, 389.0000,  -1601.3334, -2069.6667, 390.0000,  0, 0, 0
L -1630.6364, -2180.3635, 395.0000,  -1647.9999, -2163.0000, 394.0000,  0, 0, 0
L -1651.7356, -2236.6284, 382.0000,  -1630.6364, -2180.3635, 383.0000,  0, 0, 0
L -1614.0000, -2271.4617, 384.0000,  -1651.7356, -2236.6284, 383.0000,  0, 0, 0
L -1614.0000, -2396.1111, 379.0000,  -1614.0000, -2271.4617, 379.0000,  0, 0, 0
L -1638.5931, -2426.1694, 391.0000,  -1614.0000, -2396.1111, 390.0000,  0, 0, 0
L -1643.3636, -2447.6362, 392.0000,  -1638.5931, -2426.1694, 392.0000,  0, 0, 0
L -1614.9999, -2475.9998, 381.0000,  -1643.3636, -2447.6362, 381.0000,  0, 0, 0
L -1615.0000, -2541.0000, 376.0000,  -1614.9999, -2475.9998, 376.0000,  0, 0, 0
L -1643.9999, -2569.9998, 383.0000,  -1615.0000, -2541.0000, 377.0000,  0, 0, 0
L -1644.0000, -2608.2498, 383.0000,  -1643.9999, -2569.9998, 383.0000,  0, 0, 0
L -1592.5186, -2664.0217, 387.0000,  -1644.0000, -2608.2498, 387.0000,  0, 0, 0
L -1582.0000, -2708.2004, 406.0000,  -1592.5186, -2664.0217, 402.0000,  0, 0, 0
L -1582.0000, -2807.1428, 401.0000,  -1582.0000, -2708.2004, 402.0000,  0, 0, 0
L -1597.4740, -2833.6699, 381.0000,  -1582.0000, -2807.1428, 390.0000,  0, 0, 0
L -1662.0001, -2863.0000, 374.0000,  -1597.4740, -2833.6699, 373.0000,  0, 0, 0
L -1685.9999, -2882.2000, 373.0000,  -1662.0001, -2863.0000, 374.0000,  0, 0, 0
L -1686.0001, -2956.4001, 371.0000,  -1685.9999, -2882.2000, 370.0000,  0, 0, 0
L -1703.9999, -2988.7998, 375.0000,  -1686.0001, -2956.4001, 377.0000,  0, 0, 0
L -1704.0000, -3002.4998, 377.0000,  -1703.9999, -2988.7998, 375.0000,  0, 0, 0
L -1681.0000, -3044.6665, 379.0000,  -1704.0000, -3002.4998, 377.0000,  0, 0, 0
L -1681.0000, -3077.9998, 384.0000,  -1681.0000, -3044.6665, 380.0000,  0, 0, 0
L -1601.0016, -3317.9968, 392.0000,  -1681.0000, -3077.9998, 386.0000,  0, 0, 0
L -1559.0605, -3396.6362, 401.0000,  -1601.0016, -3317.9968, 398.0000,  0, 0, 0
L -1551.9797, -3439.1216, 406.0000,  -1559.0605, -3396.6362, 404.0000,  0, 0, 0
L -1519.5748, -3468.1741, 407.0000,  -1551.9797, -3439.1216, 405.0000,  0, 0, 0
L -1461.6235, -3483.1294, 398.0000,  -1519.5748, -3468.1741, 400.0000,  0, 0, 0
L -1273.9381, -3496.0730, 392.0000,  -1461.6235, -3483.1294, 398.0000,  0, 0, 0
L -1212.0000, -3512.0000, 391.0000,  -1273.9381, -3496.0730, 386.0000,  0, 0, 0
L -1211.0000, -3512.0000, 390.0000,  -1212.0000, -3512.0000, 391.0000,  0, 0, 0
L -1173.0000, -3493.0000, 389.0000,  -1211.0000, -3512.0000, 390.0000,  0, 0, 0
L -1086.3248, -3421.0432, 392.0000,  -1173.0000, -3493.0000, 389.0000,  0, 0, 0
L -1046.6718, -3377.2161, 388.0000,  -1086.3248, -3421.0432, 390.0000,  0, 0, 0
L -979.6064, -3339.6594, 386.0000,  -1046.6718, -3377.2161, 387.0000,  0, 0, 0
L -956.4069, -3276.1660, 389.0000,  -979.6064, -3339.6594, 386.0000,  0, 0, 0
L -958.3044, -3211.6497, 388.0000,  -956.4069, -3276.1660, 384.0000,  0, 0, 0
L -942.0000, -3180.0000, 391.0000,  -958.3044, -3211.6497, 389.0000,  0, 0, 0
L -924.0225, -3137.3032, 390.0000,  -942.0000, -3180.0000, 391.0000,  0, 0, 0
L -878.8255, -3075.6711, 380.0000,  -924.0225, -3137.3032, 381.0000,  0, 0, 0
L -864.4814, -3007.5369, 389.0000,  -878.8255, -3075.6711, 382.0000,  0, 0, 0
L -812.0000, -2949.0000, 391.0000,  -864.4814, -3007.5369, 391.0000,  0, 0, 0
L -663.4489, -2834.2104, 400.0000,  -812.0000, -2949.0000, 391.0000,  0, 0, 0
L -758.1940, -3371.0996, 355.0000,  -660.0722, -2815.0757, 358.0000,  0, 0, 240
L -591.5555, -3287.7776, 362.0000,  -758.1940, -3371.0996, 361.0000,  0, 0, 240
L -544.6296, -3053.1479, 381.0000,  -591.5555, -3287.7776, 380.0000,  0, 0, 240
L -506.4352, -2991.0823, 391.0000,  -544.6296, -3053.1479, 393.0000,  0, 0, 240
L -225.9418, -2264.3491, 441.0000,  -506.4352, -2991.0823, 404.0000,  0, 0, 240
L -208.7432, -2542.2212, 611.0000,  -360.4759, -2612.9148, 530.0000,  0, 0, 0
L 267.6842, -2592.1052, 593.0000,  282.0097, -2678.0581, 593.0000,  0, 0, 0
L 211.6147, -2522.0183, 587.0000,  267.6842, -2592.1052, 595.0000,  0, 0, 0
L 159.0711, -2513.6113, 562.0000,  211.6147, -2522.0183, 562.0000,  0, 0, 0
L 123.8571, -2541.0000, 573.0000,  159.0711, -2513.6113, 563.0000,  0, 0, 0
L 97.5001, -2541.0000, 574.0000,  123.8571, -2541.0000, 576.0000,  0, 0, 0
L 75.2666, -2585.4666, 585.0000,  97.5001, -2541.0000, 586.0000,  0, 0, 0
L -8.0407, -2581.6799, 567.0000,  75.2666, -2585.4666, 573.0000,  0, 0, 0
L -58.5880, -2598.5293, 573.0000,  -8.0407, -2581.6799, 573.0000,  0, 0, 0
L -208.7432, -2542.2212, 586.0000,  -58.5880, -2598.5293, 583.0000,  0, 0, 0
L 32.2515, -3109.0000, 392.0000,  -75.0000, -2925.0000, 387.0000,  255, 0, 255
L 1591.6305, -1440.4784, 396.0000,  1543.0232, -1634.9069, 396.0000,  0, 0, 0
L 1500.5823, -1339.3136, 392.0000,  1591.6305, -1440.4784, 392.0000,  0, 0, 0
L 1441.0743, -1293.3302, 383.0000,  1500.5823, -1339.3136, 394.0000,  0, 0, 0
L 1449.2500, -1219.7499, 377.0000,  1441.0743, -1293.3302, 377.0000,  0, 0, 0
L 1524.9999, -1204.6000, 380.0000,  1449.2500, -1219.7499, 380.0000,  0, 0, 0
L 1587.9999, -1040.8002, 383.0000,  1524.9999, -1204.6000, 381.0000,  0, 0, 0
L 1587.9999, -965.0003, 383.0000,  1587.9999, -1040.8002, 382.0000,  0, 0, 0
L 1528.0869, -695.3911, 379.0000,  1587.9999, -965.0003, 379.0000,  0, 0, 0
L 1484.7026, -599.9459, 389.0000,  1528.0869, -695.3911, 382.0000,  0, 0, 0
L 1428.8643, -548.9630, 404.0000,  1484.7026, -599.9459, 405.0000,  0, 0, 0
L 1412.5868, -493.1549, 403.0000,  1428.8643, -548.9630, 400.0000,  0, 0, 0
L 1425.7999, -488.2000, 433.0000,  1412.5868, -493.1549, 404.0000,  0, 0, 0
L 1442.2499, -471.7501, 431.0000,  1425.7999, -488.2000, 431.0000,  0, 0, 0
L 1491.6061, -461.8788, 423.0000,  1442.2499, -471.7501, 423.0000,  0, 0, 0
L 1510.8888, -394.3889, 379.0000,  1491.6061, -461.8788, 386.0000,  0, 0, 0
L 1528.5333, -372.3333, 323.0000,  1510.8888, -394.3889, 333.0000,  0, 0, 0
L 1532.7500, -351.2500, 290.0000,  1528.5333, -372.3333, 301.0000,  0, 0, 0
L 1585.8235, -298.1765, 267.0000,  1532.7500, -351.2500, 271.0000,  0, 0, 0
L 1616.0000, -228.5385, 237.0000,  1585.8235, -298.1765, 233.0000,  0, 0, 0
L 1616.0000, -155.0005, 260.0000,  1616.0000, -228.5385, 254.0000,  0, 0, 0
L 1623.6520, -78.4778, 299.0000,  1616.0000, -155.0005, 295.0000,  0, 0, 0
L 1616.6361, 12.7276, 319.0000,  1623.6520, -78.4778, 318.0000,  0, 0, 0
L 1567.0000, 111.9999, 442.0000,  1616.6361, 12.7276, 408.0000,  0, 0, 0
L 1567.0000, 206.6668, 451.0000,  1567.0000, 111.9999, 454.0000,  0, 0, 0
L 1533.3528, 251.5293, 412.0000,  1567.0000, 206.6668, 430.0000,  0, 0, 0
L 1618.4999, 379.2501, 448.0000,  1533.3528, 251.5293, 410.0000,  0, 0, 0
L 1646.9999, 479.0002, 409.0000,  1618.4999, 379.2501, 407.0000,  0, 0, 0
L 1647.0000, 571.0000, 235.0000,  1646.9999, 479.0002, 235.0000,  0, 0, 0
L 1654.0000, 606.0000, 236.0000,  1647.0000, 571.0000, 236.0000,  0, 0, 0
L 1653.9999, 715.4545, 232.0000,  1654.0000, 606.0000, 230.0000,  0, 0, 0
L 1612.7000, 753.0000, 232.0000,  1653.9999, 715.4545, 231.0000,  0, 0, 0
L 1579.5000, 753.0000, 234.0000,  1612.7000, 753.0000, 234.0000,  0, 0, 0
L 1546.8276, 766.0689, 240.0000,  1579.5000, 753.0000, 239.0000,  0, 0, 0
L 1533.7289, 796.6320, 246.0000,  1546.8276, 766.0689, 245.0000,  0, 0, 0
L 1632.9999, 866.7061, 255.0000,  1533.7289, 796.6320, 256.0000,  0, 0, 0
L 1633.0000, 945.9998, 213.0000,  1632.9999, 866.7061, 214.0000,  240, 0, 240
L 1609.3248, 969.6753, 214.0000,  1633.0000, 945.9998, 215.0000,  0, 0, 0
L 847.0000, 3726.9998, 16.0000,  847.0000, 3841.0000, 11.0000,  240, 0, 240
L 546.3346, 3859.0002, 21.0000,  578.1995, 3858.9998, 19.0000,  0, 0, 0
L 578.1995, 3858.9998, 9.0000,  679.0000, 3841.0000, 15.0000,  0, 0, 0
L 679.0000, 3841.0000, 13.0000,  847.0000, 3841.0000, 11.0000,  0, 0, 0
L 847.0000, 3726.9998, 42.0000,  661.5358, 3685.7856, 37.0000,  0, 0, 0
L 661.5358, 3685.7856, 29.0000,  582.4431, 3649.2813, 36.0000,  0, 0, 0
L 582.4431, 3649.2813, 49.0000,  517.0751, 3525.8091, 39.0000,  0, 0, 0
L 517.0751, 3525.8091, 45.0000,  560.6671, 3487.6665, 36.0000,  0, 0, 0
L 560.6671, 3487.6665, 19.0000,  785.1401, 3459.6074, 24.0000,  0, 0, 0
L 785.1401, 3459.6074, 16.0000,  846.3121, 3413.0002, 17.0000,  0, 0, 0
L 846.3121, 3413.0002, 16.0000,  944.6364, 3412.9998, 15.0000,  0, 0, 0
L 944.6364, 3412.9998, 15.0000,  978.9966, 3399.0012, 12.0000,  0, 0, 0
L 1323.0000, 3399.0000, 45.0000,  1332.0000, 3399.0000, 42.0000,  0, 0, 0
L 978.9966, 3399.0012, 42.0000,  1390.8589, 3398.9998, 12.0000,  0, 0, 0
L 1390.8589, 3398.9998, 13.0000,  1474.1266, 3375.6843, 18.0000,  0, 0, 0
L 1474.1266, 3375.6843, 19.0000,  1510.2347, 3306.0471, 36.0000,  0, 0, 0
L 1510.2347, 3306.0471, 21.0000,  1563.1786, 3270.2319, 10.0000,  0, 0, 0
L 1565.0000, 3269.0000, 10.0000,  1565.0000, 3268.0000, 11.0000,  0, 0, 0
L 1565.0000, 3268.0000, 11.0000,  1570.0000, 3260.0000, 12.0000,  0, 0, 0
L 1563.1786, 3270.2319, 12.0000,  1605.2000, 3207.1997, 20.0000,  0, 0, 0
L 1605.2000, 3207.1997, 20.0000,  1628.3635, 3114.5454, 19.0000,  0, 0, 0
L 1628.3635, 3114.5454, 24.0000,  1617.1666, 3036.1667, 23.0000,  0, 0, 0
L 1617.1666, 3036.1667, 28.0000,  1552.0000, 2970.9998, 28.0000,  0, 0, 0
L 1552.0000, 2970.9998, 43.0000,  1552.0000, 2888.5383, 44.0000,  0, 0, 0
L 1552.0000, 2888.5383, 14.0000,  1633.0000, 2723.4229, 17.0000,  0, 0, 0
L 1633.0000, 2723.4229, 31.0000,  1633.0000, 2423.5000, 32.0000,  0, 0, 0
L 1633.0000, 2423.5000, 14.0000,  1596.3043, 2299.6521, 14.0000,  0, 0, 0
L 1596.3043, 2299.6521, 25.0000,  1582.2999, 2131.5999, 24.0000,  0, 0, 0
L 1582.2999, 2131.5999, 28.0000,  1490.9272, 1948.8545, 29.0000,  0, 0, 0
L 1490.9272, 1948.8545, 60.0000,  1596.3334, 1797.3331, 36.0000,  0, 0, 0
L 1596.3334, 1797.3331, 50.0000,  1631.4177, 1516.6577, 54.0000,  0, 0, 0
L 1631.4177, 1516.6577, 59.0000,  1483.6965, 1511.3820, 54.0000,  0, 0, 0
L 1483.6965, 1511.3820, 34.0000,  1288.5017, 1628.4989, 29.0000,  0, 0, 0
L 1014.9999, 1731.0000, 268.0000,  1088.3334, 1786.0000, 266.0000,  0, 0, 0
L 1088.3334, 1786.0000, 265.0000,  1117.5261, 1799.4735, 263.0000,  0, 0, 0
L 1117.5261, 1799.4735, 256.0000,  1288.5017, 1628.4989, 246.0000,  0, 0, 0
L 1014.9999, 1731.0000, 247.0000,  859.0000, 1731.0000, 241.0000,  0, 0, 0
L 859.0000, 1731.0000, 221.0000,  809.8461, 1780.1538, 221.0000,  0, 0, 0
L 809.8461, 1780.1538, 232.0000,  756.0838, 1800.6346, 231.0000,  0, 0, 0
L 756.0838, 1800.6346, 220.0000,  579.6976, 1759.9302, 221.0000,  0, 0, 0
L 579.6976, 1759.9302, 246.0000,  560.9999, 1735.0000, 246.0000,  0, 0, 0
L 560.9999, 1735.0000, 254.0000,  323.0000, 1735.0000, 254.0000,  0, 0, 0
L 323.0000, 1735.0000, 248.0000,  323.0000, 1758.4000, 246.0000,  0, 0, 0
L 323.0000, 1758.4000, 246.0000,  285.0794, 1849.4091, 248.0000,  0, 0, 0
L 285.0794, 1849.4091, 249.0000,  257.6154, 1861.6154, 239.0000,  0, 0, 0
L 257.6154, 1861.6154, 238.0000,  231.1892, 1835.1891, 230.0000,  0, 0, 0
L 231.1892, 1835.1891, 188.0000,  104.0148, 1804.0444, 167.0000,  0, 0, 0
L 104.0148, 1804.0444, 165.0000,  86.4667, 1751.3999, 163.0000,  0, 0, 0
L 86.4667, 1751.3999, 201.0000,  31.4445, 1689.4999, 197.0000,  0, 0, 0
L 67.6667, 1608.0000, 284.0000,  31.4445, 1689.4999, 273.0000,  0, 0, 0
L 67.6667, 1608.0000, 299.0000,  118.1593, 1554.5372, 284.0000,  0, 0, 0
L 118.1593, 1554.5372, 284.0000,  354.0000, 1504.0000, 284.0000,  0, 0, 0
L 354.0000, 1504.0000, 284.0000,  403.0001, 1528.5000, 276.0000,  0, 0, 0
L 403.0001, 1528.5000, 246.0000,  504.9967, 1503.0007, 238.0000,  0, 0, 0
L 504.9967, 1503.0007, 231.0000,  638.2308, 1502.9999, 233.0000,  0, 0, 0
L 638.2308, 1502.9999, 236.0000,  672.6923, 1471.0000, 240.0000,  0, 0, 0
L 672.6923, 1471.0000, 242.0000,  703.1818, 1470.9999, 244.0000,  0, 0, 0
L 703.1818, 1470.9999, 251.0000,  848.6364, 1371.0000, 240.0000,  0, 0, 0
L 848.6364, 1371.0000, 236.0000,  897.2500, 1371.0000, 232.0000,  0, 0, 0
L 897.2500, 1371.0000, 232.0000,  951.5707, 1346.8573, 228.0000,  0, 0, 0
L 951.5707, 1346.8573, 233.0000,  1043.9231, 1323.7692, 237.0000,  0, 0, 0
L 1043.9231, 1323.7692, 238.0000,  1166.0790, 1372.6316, 238.0000,  0, 0, 0
L 1166.0790, 1372.6316, 238.0000,  1307.0001, 1309.9999, 239.0000,  0, 0, 0
L 1307.0001, 1309.9999, 253.0000,  1458.2706, 1225.2883, 245.0000,  0, 0, 0
L 1458.2706, 1225.2883, 232.0000,  1583.6295, 1109.5726, 232.0000,  0, 0, 0
L 1583.6295, 1109.5726, 227.0000,  1609.3248, 969.6753, 224.0000,  0, 0, 0
L 282.0097, -2678.0581, 534.0000,  173.8128, -2771.8289, 501.0000,  0, 0, 0
L 173.8128, -2771.8289, 407.0000,  -78.0000, -2926.0000, 399.0000,  0, 0, 0
L 209.2501, -2131.7500, 584.0000,  87.6316, -2103.6841, 578.0000,  240, 127, 0
L 87.6316, -2103.6841, 580.0000,  -10.4997, -2152.7498, 580.0000,  240, 127, 0
L -10.4997, -2152.7498, 588.0000,  -67.6501, -2174.9751, 594.0000,  240, 127, 0
L -67.6501, -2174.9751, 584.0000,  -109.0000, -2237.0000, 583.0000,  240, 127, 0
L -109.0000, -2237.0000, 579.0000,  -109.0000, -2292.8999, 581.0000,  240, 127, 0
L -109.0000, -2292.8999, 627.0000,  -195.1667, -2491.0835, 628.0000,  240, 127, 0
L -195.1667, -2491.0835, 619.0000,  -203.3454, -2544.2451, 617.0000,  240, 127, 0
L -77.0000, -2482.0000, 562.0000,  -74.0000, -2484.0000, 562.0000,  0, 0, 240
L -88.0000, -2462.9998, 562.0000,  -64.0001, -2499.0000, 562.0000,  0, 0, 240
L -64.0001, -2499.0000, 562.0000,  -33.2857, -2480.5713, 562.0000,  0, 0, 240
L -33.2857, -2480.5713, 564.0000,  -42.0000, -2436.9998, 564.0000,  0, 0, 240
L -42.0000, -2436.9998, 563.0000,  -42.0000, -2356.0000, 562.0000,  0, 0, 240
L -42.0000, -2356.0000, 564.0000,  -88.0000, -2424.9998, 564.0000,  0, 0, 240
L -88.0000, -2424.9998, 563.0000,  -88.0000, -2462.9998, 562.0000,  0, 0, 240
L 106.5664, -2269.2390, 564.0000,  72.0774, -2219.9675, 563.0000,  0, 0, 240
L 72.0774, -2219.9675, 563.0000,  6.0000, -2247.5000, 563.0000,  0, 0, 240
L 6.0000, -2247.5000, 563.0000,  47.9998, -2278.9998, 563.0000,  0, 0, 240
L 47.9998, -2278.9998, 563.0000,  106.5664, -2269.2390, 564.0000,  0, 0, 240
L 215.1349, -2384.3035, 568.0000,  233.4000, -2425.3999, 568.0000,  0, 0, 240
L 233.4000, -2425.3999, 570.0000,  218.6612, -2484.3552, 570.0000,  0, 0, 240
L 218.6612, -2484.3552, 568.0000,  157.2665, -2444.2126, 570.0000,  0, 0, 240
L 157.2665, -2444.2126, 568.0000,  145.5690, -2399.7622, 568.0000,  0, 0, 240
L 145.5690, -2399.7622, 569.0000,  215.1349, -2384.3035, 568.0000,  0, 0, 240
L 514.9096, -2169.5449, 557.0000,  400.9512, -2259.5120, 555.0000,  240, 127, 0
L 400.9512, -2259.5120, 568.0000,  356.9048, -2270.5237, 570.0000,  240, 127, 0
L 356.9048, -2270.5237, 578.0000,  351.6316, -2299.5261, 579.0000,  240, 127, 0
L 351.6316, -2299.5261, 579.0000,  366.5946, -2359.3782, 574.0000,  240, 127, 0
L 366.5946, -2359.3782, 566.0000,  341.9276, -2443.2466, 562.0000,  240, 127, 0
L 341.9276, -2443.2466, 558.0000,  353.5283, -2483.8489, 558.0000,  240, 127, 0
L 353.5283, -2483.8489, 558.0000,  373.0937, -2494.7188, 557.0000,  240, 127, 0
L 373.0937, -2494.7188, 546.0000,  384.0000, -2462.0000, 541.0000,  240, 127, 0
L 384.0000, -2462.0000, 535.0000,  384.0000, -2415.9998, 522.0000,  240, 127, 0
L 384.0000, -2415.9998, 502.0000,  398.0000, -2359.9998, 500.0000,  240, 127, 0
L 398.0000, -2359.9998, 498.0000,  431.0769, -2326.9229, 497.0000,  240, 127, 0
L 431.0769, -2326.9229, 479.0000,  486.3044, -2374.2607, 475.0000,  240, 127, 0
L 486.3044, -2374.2607, 464.0000,  510.4737, -2434.6843, 458.0000,  240, 127, 0
L 510.4737, -2434.6843, 403.0000,  524.7692, -2606.2307, 395.0000,  240, 127, 0
L 524.7692, -2606.2307, 351.0000,  539.0000, -2629.0000, 350.0000,  240, 127, 0
L 450.0000, -2583.0000, 370.0000,  462.0000, -2535.0000, 372.0000,  240, 127, 0
L 462.0000, -2535.0000, 407.0000,  462.0000, -2434.9998, 420.0000,  240, 127, 0
L 462.0000, -2434.9998, 463.0000,  426.7776, -2399.7776, 465.0000,  240, 127, 0
L 426.7776, -2399.7776, 529.0000,  420.0667, -2513.8665, 535.0000,  240, 127, 0
L 420.0667, -2513.8665, 542.0000,  398.6113, -2556.7773, 542.0000,  240, 127, 0
L 398.6113, -2556.7773, 556.0000,  275.9239, -2641.5435, 561.0000,  240, 127, 0
L 514.9096, -2169.5449, 562.0000,  644.0000, -2105.0000, 561.0000,  240, 127, 0
L 644.0000, -2105.0000, 561.0000,  696.0000, -2105.0000, 561.0000,  240, 127, 0
L 696.0000, -2105.0000, 614.0000,  776.1039, -2165.0779, 614.0000,  240, 127, 0
L 776.1039, -2165.0779, 599.0000,  787.9375, -2219.5125, 580.0000,  240, 127, 0
L 787.9375, -2219.5125, 573.0000,  826.5757, -2273.6060, 573.0000,  240, 127, 0
L 826.5757, -2273.6060, 571.0000,  891.6669, -2257.3333, 573.0000,  240, 127, 0
L 976.4364, -2138.2542, 565.0000,  1058.0000, -2144.2961, 566.0000,  0, 0, 240
L 1058.0000, -2144.2961, 566.0000,  1058.0000, -2113.0000, 566.0000,  0, 0, 240
L 1058.0000, -2113.0000, 565.0000,  1046.3600, -2089.7200, 566.0000,  0, 0, 240
L 1046.3600, -2089.7200, 567.0000,  989.6603, -2085.3584, 567.0000,  0, 0, 240
L 989.6603, -2085.3584, 565.0000,  976.4364, -2138.2542, 565.0000,  0, 0, 240
L 1095.7368, -2017.2631, 566.0000,  1108.0000, -2005.0000, 567.0000,  0, 0, 240
L 1108.0000, -2005.0000, 567.0000,  1108.0000, -1982.0000, 567.0000,  0, 0, 240
L 1108.0000, -1982.0000, 566.0000,  1084.0000, -1958.0000, 566.0000,  0, 0, 240
L 1084.0000, -1958.0000, 566.0000,  1052.7273, -1965.8181, 566.0000,  0, 0, 240
L 1052.7273, -1965.8181, 567.0000,  1057.4485, -2003.5887, 567.0000,  0, 0, 240
L 1057.4485, -2003.5887, 565.0000,  1095.7368, -2017.2631, 565.0000,  0, 0, 240
L 1183.6666, -1964.6666, 565.0000,  1195.2666, -2011.0667, 566.0000,  0, 0, 240
L 1195.2666, -2011.0667, 567.0000,  1244.9999, -2023.4999, 567.0000,  0, 0, 240
L 1244.9999, -2023.4999, 566.0000,  1245.0000, -1965.0000, 567.0000,  0, 0, 240
L 1245.0000, -1965.0000, 567.0000,  1231.2500, -1951.2500, 567.0000,  0, 0, 240
L 1231.2500, -1951.2500, 566.0000,  1214.2727, -1949.3635, 565.0000,  0, 0, 240
L 1214.2727, -1949.3635, 567.0000,  1183.6666, -1964.6666, 567.0000,  0, 0, 240
L 857.9999, -1952.0000, 566.0000,  820.0001, -1952.0000, 565.0000,  0, 0, 240
L 820.0001, -1952.0000, 566.0000,  800.4000, -1971.6000, 566.0000,  0, 0, 240
L 800.4000, -1971.6000, 567.0000,  795.4905, -2001.0565, 567.0000,  0, 0, 240
L 795.4905, -2001.0565, 566.0000,  816.1219, -2013.9512, 565.0000,  0, 0, 240
L 816.1219, -2013.9512, 565.0000,  858.0000, -1997.2000, 566.0000,  0, 0, 240
L 858.0000, -1997.2000, 567.0000,  857.9999, -1952.0000, 566.0000,  0, 0, 240
L 925.8749, -1869.9583, 568.0000,  955.0004, -1853.7775, 567.0000,  0, 0, 240
L 955.0004, -1853.7775, 569.0000,  954.9999, -1770.9999, 569.0000,  0, 0, 240
L 954.9999, -1770.9999, 568.0000,  935.5999, -1732.1998, 567.0000,  0, 0, 240
L 935.5999, -1732.1998, 568.0000,  905.9999, -1710.0000, 568.0000,  0, 0, 240
L 905.9999, -1710.0000, 569.0000,  873.8461, -1710.0000, 569.0000,  0, 0, 240
L 873.8461, -1710.0000, 568.0000,  837.9904, -1752.3749, 568.0000,  0, 0, 240
L 837.9904, -1752.3749, 568.0000,  828.2631, -1794.5262, 568.0000,  0, 0, 240
L 828.2631, -1794.5262, 569.0000,  854.0000, -1846.0000, 569.0000,  0, 0, 240
L 854.0000, -1846.0000, 567.0000,  925.8749, -1869.9583, 567.0000,  0, 0, 240
L 1121.1580, -1752.4209, 567.0000,  1104.7499, -1708.6666, 567.0000,  0, 0, 240
L 1104.7499, -1708.6666, 567.0000,  1065.4166, -1761.1111, 568.0000,  0, 0, 240
L 1065.4166, -1761.1111, 569.0000,  1090.4348, -1767.7826, 569.0000,  0, 0, 240
L 1090.4348, -1767.7826, 567.0000,  1121.1580, -1752.4209, 568.0000,  0, 0, 240
L 742.0000, -2864.0000, 356.0000,  767.0000, -2914.0000, 356.0000,  0, 0, 240
L 767.0000, -2914.0000, 354.0000,  791.0000, -2914.0000, 354.0000,  0, 0, 240
L 791.0000, -2914.0000, 354.0000,  823.8000, -2897.5999, 354.0000,  0, 0, 240
L 823.8000, -2897.5999, 355.0000,  843.8095, -2837.5713, 355.0000,  0, 0, 240
L 843.8095, -2837.5713, 356.0000,  838.0000, -2793.9998, 356.0000,  0, 0, 240
L 838.0000, -2793.9998, 355.0000,  786.9999, -2743.0000, 355.0000,  0, 0, 240
L 786.9999, -2743.0000, 354.0000,  745.0002, -2743.0000, 354.0000,  0, 0, 240
L 745.0002, -2743.0000, 355.0000,  736.2857, -2769.1426, 355.0000,  0, 0, 240
L 736.2857, -2769.1426, 355.0000,  742.0000, -2805.3333, 356.0000,  0, 0, 240
L 742.0000, -2805.3333, 356.0000,  742.0000, -2864.0000, 355.0000,  0, 0, 240
L 1097.6799, -2999.7200, 354.0000,  1070.0000, -3004.3333, 355.0000,  0, 0, 240
L 1070.0000, -3004.3333, 356.0000,  1070.0000, -3034.0000, 356.0000,  0, 0, 240
L 1070.0000, -3034.0000, 354.0000,  1090.5999, -3034.0000, 354.0000,  0, 0, 240
L 1090.5999, -3034.0000, 356.0000,  1100.2307, -3009.9231, 356.0000,  0, 0, 240
L 1100.2307, -3009.9231, 356.0000,  1097.6799, -2999.7200, 355.0000,  0, 0, 240
L 1116.9995, -2919.9998, 356.0000,  1168.9999, -2920.0000, 356.0000,  0, 0, 240
L 1168.9999, -2920.0000, 354.0000,  1169.0002, -2865.0002, 355.0000,  0, 0, 240
L 1169.0002, -2865.0002, 354.0000,  1150.4706, -2846.4705, 354.0000,  0, 0, 240
L 1150.4706, -2846.4705, 355.0000,  1099.1794, -2857.4614, 356.0000,  0, 0, 240
L 1099.1794, -2857.4614, 355.0000,  1080.0909, -2914.7271, 354.0000,  0, 0, 240
L 1080.0909, -2914.7271, 356.0000,  1116.9995, -2919.9998, 356.0000,  0, 0, 240
L 1225.0000, -2728.4443, 356.0000,  1285.5000, -2715.0000, 357.0000,  0, 0, 240
L 1285.5000, -2715.0000, 357.0000,  1317.9999, -2715.0000, 357.0000,  0, 0, 240
L 1317.9999, -2715.0000, 356.0000,  1353.9999, -2750.9998, 356.0000,  0, 0, 240
L 1353.9999, -2750.9998, 354.0000,  1354.0000, -2785.9998, 354.0000,  0, 0, 240
L 1354.0000, -2785.9998, 355.0000,  1240.0000, -2786.0000, 354.0000,  0, 0, 240
L 1240.0000, -2786.0000, 356.0000,  1225.0000, -2770.9998, 356.0000,  0, 0, 240
L 1225.0000, -2770.9998, 355.0000,  1225.0000, -2728.4443, 354.0000,  0, 0, 240
L 959.8511, -2706.5105, 356.0000,  935.8695, -2748.4780, 356.0000,  0, 0, 240
L 935.8695, -2748.4780, 356.0000,  943.6666, -2779.6665, 356.0000,  0, 0, 240
L 943.6666, -2779.6665, 354.0000,  979.6087, -2775.1738, 354.0000,  0, 0, 240
L 979.6087, -2775.1738, 356.0000,  991.9999, -2738.0000, 356.0000,  0, 0, 240
L 991.9999, -2738.0000, 356.0000,  983.2857, -2720.5713, 355.0000,  0, 0, 240
L 983.2857, -2720.5713, 354.0000,  959.8511, -2706.5105, 354.0000,  0, 0, 240
L 697.0000, -2300.0000, 406.0000,  699.0000, -2301.0000, 406.0000,  240, 127, 0
L 724.0000, -2312.0000, 408.0000,  725.0000, -2313.0000, 408.0000,  240, 127, 0
L 157.0000, -870.0000, 210.0000,  231.1622, -903.2972, 212.0000,  240, 127, 0
L 231.1622, -903.2972, 240.0000,  343.4186, -970.6512, 247.0000,  240, 127, 0
L 343.4186, -970.6512, 336.0000,  384.6987, -1034.8646, 350.0000,  240, 127, 0
L 384.6987, -1034.8646, 357.0000,  603.6665, -929.2223, 357.0000,  240, 127, 0
L 603.6665, -929.2223, 357.0000,  886.0001, -741.0000, 355.0000,  240, 127, 0
L 886.0001, -741.0000, 415.0000,  959.7021, -768.6382, 415.0000,  240, 127, 0
L 998.5334, -694.2666, 360.0000,  1170.1094, -552.9688, 360.0000,  240, 127, 0
L 1170.1094, -552.9688, 353.0000,  1218.9999, -539.0000, 354.0000,  240, 127, 0
L 1218.9999, -539.0000, 351.0000,  1340.6667, -466.0000, 348.0000,  240, 127, 0
L 1340.6667, -466.0000, 352.0000,  1471.0001, -466.0000, 352.0000,  240, 127, 0
L 998.5334, -694.2666, 384.0000,  991.5483, -743.1613, 384.0000,  240, 127, 0
L 991.5483, -743.1613, 394.0000,  959.7021, -768.6382, 393.0000,  240, 127, 0
L 77.0000, -951.0000, 207.0000,  98.8919, -961.2162, 207.0000,  240, 127, 0
L 98.8919, -961.2162, 208.0000,  180.3150, -965.7397, 209.0000,  240, 127, 0
L 180.3150, -965.7397, 227.0000,  247.2069, -985.4138, 236.0000,  240, 127, 0
L 247.2069, -985.4138, 265.0000,  268.0000, -1027.0000, 275.0000,  240, 127, 0
L 898.0000, 493.0000, 220.0000,  878.8529, 473.8529, 220.0000,  127, 64, 0
L 878.8529, 473.8529, 215.0000,  798.3066, 476.2937, 217.0000,  127, 64, 0
L 798.3066, 476.2937, 217.0000,  693.4216, 395.3824, 215.0000,  127, 64, 0
L 693.0000, 396.0000, 214.0000,  691.0000, 395.0000, 214.0000,  127, 64, 0
L 693.4216, 395.3824, 214.0000,  645.8251, 387.8671, 214.0000,  127, 64, 0
L 645.8251, 387.8671, 217.0000,  620.8571, 321.2857, 217.0000,  127, 64, 0
L 620.8571, 321.2857, 217.0000,  652.9230, 257.1539, 217.0000,  127, 64, 0
L 652.9230, 257.1539, 218.0000,  695.9999, 241.0000, 217.0000,  127, 64, 0
L 695.9999, 241.0000, 217.0000,  709.7778, 220.3333, 218.0000,  127, 64, 0
L 709.7778, 220.3333, 218.0000,  700.5185, 192.5555, 218.0000,  127, 64, 0
L 700.5185, 192.5555, 217.0000,  714.0000, 181.0000, 217.0000,  127, 64, 0
L 714.0000, 181.0000, 217.0000,  731.6666, 145.6667, 217.0000,  127, 64, 0
L 731.6666, 145.6667, 216.0000,  766.0526, 138.7895, 216.0000,  127, 64, 0
L 766.0526, 138.7895, 216.0000,  793.9630, 159.7222, 215.0000,  127, 64, 0
L 793.9630, 159.7222, 215.0000,  816.0000, 155.0000, 216.0000,  127, 64, 0
L 816.0000, 155.0000, 216.0000,  833.9259, 161.5185, 217.0000,  127, 64, 0
L 833.9259, 161.5185, 218.0000,  876.3529, 150.9118, 218.0000,  127, 64, 0
L 876.3529, 150.9118, 219.0000,  966.9999, 256.6666, 219.0000,  127, 64, 0
L 967.0000, 298.0000, 218.0000,  967.0000, 303.0000, 219.0000,  127, 64, 0
L 966.9999, 256.6666, 219.0000,  967.0000, 335.3333, 220.0000,  127, 64, 0
L 967.0000, 335.3333, 220.0000,  951.5811, 386.7297, 219.0000,  127, 64, 0
L 951.5811, 386.7297, 219.0000,  978.2999, 429.4800, 217.0000,  127, 64, 0
L 1218.0000, 321.0000, 217.0000,  1225.4912, 279.7982, 217.0000,  127, 64, 0
L 1225.4912, 279.7982, 218.0000,  1188.2000, 219.2000, 217.0000,  127, 64, 0
L 1188.2000, 219.2000, 214.0000,  1202.2000, 186.5333, 212.0000,  127, 64, 0
L 1202.2000, 186.5333, 211.0000,  1177.5881, 141.4118, 212.0000,  127, 64, 0
L 1177.5881, 141.4118, 215.0000,  1209.0833, 109.9167, 214.0000,  127, 64, 0
L 1209.0833, 109.9167, 216.0000,  1264.6666, 123.3333, 216.0000,  127, 64, 0
L 1264.6666, 123.3333, 215.0000,  1292.0000, 96.0000, 215.0000,  127, 64, 0
L 1292.0000, 96.0000, 213.0000,  1360.9999, 96.0000, 214.0000,  127, 64, 0
L 1360.9999, 96.0000, 213.0000,  1349.8823, 129.3530, 213.0000,  127, 64, 0
L 1349.8823, 129.3530, 212.0000,  1357.1111, 169.1111, 213.0000,  127, 64, 0
L 1357.1111, 169.1111, 213.0000,  1384.9999, 197.0000, 214.0000,  127, 64, 0
L 1384.9999, 197.0000, 214.0000,  1395.0339, 247.1694, 214.0000,  127, 64, 0
L 1395.0339, 247.1694, 215.0000,  1369.3750, 287.0833, 217.0000,  127, 64, 0
L 1369.3750, 287.0833, 219.0000,  1323.6521, 317.5652, 217.0000,  127, 64, 0
L 1323.6521, 317.5652, 213.0000,  1314.0000, 361.0000, 213.0000,  127, 64, 0
L -1630.7418, 2436.1611, 15.0000,  -1669.8057, 2438.4590, 22.0000,  127, 64, 0
L -1669.8057, 2438.4590, 24.0000,  -1704.7999, 2423.1499, 23.0000,  127, 64, 0
L -1704.7999, 2423.1499, 23.0000,  -1727.6666, 2406.0000, 23.0000,  127, 64, 0
L -1727.6666, 2406.0000, 23.0000,  -1844.0000, 2406.0000, 23.0000,  127, 64, 0
L -1844.0000, 2406.0000, 22.0000,  -1880.9999, 2403.8235, 22.0000,  127, 64, 0
L -1861.0000, 2405.0000, 22.0000,  -1867.0000, 2405.0000, 22.0000,  127, 64, 0
L -1880.9999, 2403.8235, 22.0000,  -1945.5002, 2419.0000, 22.0000,  127, 64, 0
L -1945.5002, 2419.0000, 20.0000,  -1986.0000, 2418.9998, 19.0000,  127, 64, 0
L -1986.0000, 2418.9998, 12.0000,  -2012.9999, 2371.7500, 11.0000,  127, 64, 0
L -2012.9999, 2371.7500, 5.0000,  -2043.9011, 2348.5740, 2.0000,  127, 64, 0
L -2043.9011, 2348.5740, -8.0000,  -2211.6489, 2379.6387, -8.0000,  127, 64, 0
L -2211.6489, 2379.6387, -8.0000,  -2233.7502, 2415.0002, -8.0000,  127, 64, 0
L -2233.7502, 2415.0002, -8.0000,  -2240.9031, 2443.6128, -8.0000,  127, 64, 0
L -2240.9031, 2443.6128, -8.0000,  -2210.7671, 2466.7944, -8.0000,  127, 64, 0
L -2210.7671, 2466.7944, -8.0000,  -2207.4810, 2506.2263, -8.0000,  127, 64, 0
L -2207.4810, 2506.2263, -8.0000,  -2170.7686, 2514.3845, -8.0000,  127, 64, 0
L -2170.7686, 2514.3845, -6.0000,  -2091.9231, 2495.4614, -7.0000,  127, 64, 0
L -2091.9231, 2495.4614, -7.0000,  -2020.9999, 2460.0000, -6.0000,  127, 64, 0
L -2020.9999, 2460.0000, 6.0000,  -1972.7500, 2460.0000, 8.0000,  127, 64, 0
L -1972.7500, 2460.0000, 20.0000,  -1950.0000, 2478.2000, 21.0000,  127, 64, 0
L -1950.0000, 2478.2000, 25.0000,  -1950.0000, 2523.5000, 25.0000,  127, 64, 0
L -1950.0000, 2523.5000, 23.0000,  -1968.7080, 2570.2700, 23.0000,  127, 64, 0
L -1968.7080, 2570.2700, 22.0000,  -1939.0776, 2592.8452, 22.0000,  127, 64, 0
L -1939.0776, 2592.8452, 29.0000,  -1915.6000, 2639.7998, 30.0000,  127, 64, 0
L -1915.6000, 2639.7998, 32.0000,  -1945.2727, 2654.6362, 32.0000,  127, 64, 0
L -1945.2727, 2654.6362, 37.0000,  -1964.0000, 2698.3333, 39.0000,  127, 64, 0
L -1964.0000, 2698.3333, 40.0000,  -1963.9999, 2771.6177, 41.0000,  127, 64, 0
L -1963.9999, 2771.6177, 42.0000,  -1868.4381, 2791.2920, 40.0000,  127, 64, 0
L -1868.4381, 2791.2920, 40.0000,  -1836.0000, 2769.6665, 40.0000,  127, 64, 0
L -1836.0000, 2769.6665, 39.0000,  -1836.0000, 2743.0000, 39.0000,  127, 64, 0
L -1836.0000, 2743.0000, 39.0000,  -1858.4285, 2630.8569, 38.0000,  127, 64, 0
L -1858.4285, 2630.8569, 23.0000,  -1849.5000, 2613.0000, 22.0000,  127, 64, 0
L -1849.5000, 2613.0000, 23.0000,  -1749.1333, 2612.9998, 23.0000,  127, 64, 0
L -1749.1333, 2612.9998, 22.0000,  -1683.6213, 2551.5825, 21.0000,  127, 64, 0
L -1683.6213, 2551.5825, 22.0000,  -1629.1316, 2539.4736, 20.0000,  127, 64, 0
L -625.1666, 1649.4999, 219.0000,  -586.9999, 1534.9998, 218.0000,  240, 127, 0
L -586.9999, 1534.9998, 185.0000,  -519.9383, 1474.6444, 185.0000,  240, 127, 0
L -980.4489, 1683.8177, 364.4417,  -947.0000, 1651.9016, 365.8118,  127, 64, 0
