P -1437.0000, 1275.0000, 0.0000,  0, 240, 0,  2,  Western_Wastes
P 1836.0000, -1199.0000, 0.0000,  0, 240, 0,  2,  Western_Wastes
P 1670.0000, 615.0000, 0.0000,  0, 240, 0,  2,  Western_Wastes
P 499.0000, 2086.0000, 0.0000,  0, 240, 0,  2,  Succor_Point
P 207.6637, 1351.1488, -19.9980,  127, 0, 0,  2,  Telkorenar
P 1283.0126, 1081.0422, -19.9980,  127, 0, 0,  2,  Dozekar_the_Cursed
P 211.4231, 687.2637, -19.9980,  127, 0, 0,  2,  Gozzerm
P -1132.1737, 1073.4861, -139.9355,  127, 0, 0,  2,  Lendiniara_the_Keeper
P 1782.5370, -1622.3179, 169.9394,  127, 0, 0,  2,  Jorlleag
P 1268.5465, 57.1502, 69.9707,  127, 0, 0,  2,  Lord_Feshlak
P 1643.9873, -1621.1262, 169.9394,  127, 0, 0,  2,  Lady_Nevederia
P 742.1181, -519.4059, 117.9395,  127, 0, 0,  2,  Vulak`Aerr
P 739.5110, -941.1097, 119.9394,  127, 0, 0,  2,  Thylex_of_Veeshan
P 44.9661, -753.8853, 98.8248,  127, 0, 0,  2,  Lord_Koi'Doken
P 150.0000, -974.0000, 109.9910,  127, 0, 0,  2,  Lady_Mirenilla
P 1248.7615, -1969.8097, 159.9394,  127, 0, 0,  2,  Cekenar
P 475.0851, 389.1268, 0.0020,  127, 0, 0,  2,  Eashen_of_the_Sky
P 773.0855, -195.5172, 79.9707,  127, 0, 0,  2,  Aaryonar
P 705.5562, -1275.1672, 126.4197,  127, 0, 0,  2,  Plane_of_Mischief
P 1426.5862, -1806.3519, 159.9394,  127, 0, 0,  2,  Zlexak
P 1258.5846, -1641.9004, 159.9394,  127, 0, 0,  2,  Sevalak
P 1356.7766, -227.6592, 113.3061,  127, 0, 0,  2,  Dagarn_the_Destroyer
P 48.6055, 280.9507, 20.0020,  127, 0, 0,  2,  Lord_Vyemm
P 1692.2399, -201.5649, 59.9707,  127, 0, 0,  2,  Lord_Kreizenn
P 754.9935, 568.3329, 0.0020,  127, 0, 0,  2,  Ikatiar_the_Venom
P 501.2908, 965.1862, 0.0020,  127, 0, 0,  2,  Arreken_Skyward
P 1417.7084, 1030.2397, -19.9980,  127, 0, 0,  2,  Tavekalem
P 1420.3186, 1123.7910, -19.9980,  127, 0, 0,  2,  Lepethida
P 1679.5146, 1029.2865, -19.9980,  127, 0, 0,  2,  Krigara
P 1910.9003, 1042.9348, -19.9980,  127, 0, 0,  2,  Ymmeln
P 1079.2428, 1325.4194, -19.9980,  127, 0, 0,  2,  Essedera
P 1433.4052, 1321.0996, -19.9980,  127, 0, 0,  2,  Casalen
P 1591.0979, 1340.5457, -19.9980,  127, 0, 0,  2,  Grozzmel
P 1700.7953, 652.0299, -19.9980,  127, 0, 0,  2,  Midayor
