P 79.0000, 158.0000, 26.7575,  0, 240, 0,  3,  Plane_of_Time
P -86.0000, -333.0000, 36.6813,  0, 240, 0,  3,  Oceangreen_Hills
P 82.0629, 29.8541, 5.5423,  0, 240, 0,  3,  Bloody_Kithicor
P -307.1292, -88.2152, -25.4716,  0, 240, 0,  3,  Bloodfields
P 283.0000, -181.0000, -8.0000,  0, 240, 0,  2,  Field_of_Scale
P -267.0000, 150.0000, -61.0000,  0, 240, 0,  2,  Toskirakk
P -143.0000, 197.0000, -61.0000,  0, 240, 0,  2,  Korafax
P -80.7204, -56.3046, 1.8202,  240, 240, 0,  2,  Portal_3
P -173.7275, -94.3185, -23.8723,  240, 240, 0,  2,  Portal_3
P 58.3613, -104.8055, 2.9630,  240, 240, 0,  2,  Portal_1
P 149.5848, -185.6688, -8.9535,  240, 240, 0,  2,  Portal_1
P -60.0759, -206.6848, 38.3047,  240, 240, 0,  2,  Portal_2
P -33.9571, -111.6651, 4.4594,  240, 240, 0,  2,  Portal_2
P -86.9326, 54.0413, 2.2443,  240, 240, 0,  2,  Portal_4
P -156.9253, 113.1744, -61.6034,  240, 240, 0,  2,  Portal_4
P -2.0812, -13.9265, 2.0000,  240, 0, 0,  2,  Zebuxoruk
