P -1947.8916, 80.2387, 35.5629,  0, 0, 0,  3,  Shazda_Asad
P -2137.2087, -111.1362, 20.2647,  0, 0, 0,  3,  Marl_Kastane
P -2300.1477, -0.9935, -2.6638,  0, 0, 0,  3,  Maugarim
P -2343.3083, 4.4203, -2.6639,  0, 0, 0,  3,  Banished_Kerran
P -2251.0908, -717.6801, 50.5143,  0, 0, 0,  3,  Lord_Gongo
P 1813.4943, -1908.0308, 121.5584,  240, 240, 240,  3,  Plane_of_Knowledge_Book
P 1627.0663, -1961.7762, 82.4005,  0, 0, 0,  3,  Xylania_Rainsparkle
P -255.4500, 1690.8406, 33.5064,  240, 240, 240,  3,  Plane_of_Knowledge_Book
P 1238.2725, 1610.6058, 31.3400,  240, 0, 0,  2,  Kobald_Camp_2
P 1320.0365, 1119.1338, 29.5340,  240, 0, 0,  2,  Kobald_Camp_1
P 1377.0166, -2017.0928, 109.7774,  0, 0, 240,  2,  Dovon_Traical_(Emissary_of_Shadowrest)
P 1657.3816, 1501.0071, 67.5894,  0, 0, 240,  2,  Nexus_Scion
P -1578.6588, 35.9829, 54.5693,  0, 0, 0,  3,  Roary_Fishpouncer
P -1925.2145, 370.6088, 19.5921,  0, 0, 0,  3,  Feren
P -2122.6333, 301.1267, 21.8391,  0, 0, 0,  3,  Drunken_Ghulam
P -2090.1650, 251.0370, 19.5693,  0, 0, 0,  3,  Dozing_Ghulam
P -1966.7015, 201.6155, 54.5693,  0, 0, 0,  3,  Urkath_Greyface
P -2131.8586, 257.0493, 19.5693,  0, 0, 0,  3,  Falthrik_Lothoro
P -2152.1479, 282.4220, 19.5732,  0, 0, 0,  3,  Erfer_Longclaw
P -568.2729, -2163.9915, 77.8850,  0, 0, 0,  3,  Win_Kernam_(Armor_Molds)
P 1697.0929, 1387.5911, 63.6238,  0, 0, 0,  3,  Lanivon_Baxer
P 1153.0560, -953.6821, 24.8302,  0, 0, 0,  3,  Martyn_Firechaser_(Druid_Port_Spells)
P -2102.3679, 355.6346, 19.0483,  0, 0, 0,  3,  Wislen_Mamluk
P 1259.7019, -966.9287, 24.3412,  0, 0, 0,  3,  Illsiv_Gantrau
P -323.7620, 560.5336, 42.3890,  0, 0, 0,  3,  Knarthenne_Skurl
P -334.4277, 374.3100, 14.7457,  0, 0, 0,  3,  Elial_Brook
P -431.7395, 407.5696, 16.8843,  0, 127, 0,  3,  Dock
P -2224.3853, 373.0218, 19.5723,  0, 0, 0,  3,  Graalf_Sharpclaw
P -2208.7476, 382.5384, 19.5693,  0, 0, 0,  3,  Allix
P -535.5333, -2152.3835, 71.8850,  0, 0, 0,  3,  Islan_Hetston_(Merchant_and_Taskmaster)
P 1258.0000, -1957.0000, 90.0000,  240, 0, 0,  3,  Ricandrow_Starbourne
P 1373.0000, -2010.0000, 107.0000,  0, 240, 0,  3,  To_Shadowrest
P -325.0000, 754.0000, 21.0000,  240, 0, 0,  3,  Sanidella_Syllvic
P 198.0000, 1996.0000, 48.0000,  0, 240, 0,  3,  To_Paineel
P 920.0000, -2303.0000, 40.0000,  0, 240, 0,  3,  To_Erudin
P 1147.0000, -941.0000, 25.0000,  0, 240, 240,  3,  Druid_Ring
P -1208.0000, 519.0000, 20.0000,  127, 127, 0,  2,  row_boat
P -1961.0000, 415.0000, 20.0000,  240, 0, 0,  3,  Thalith_Mumluk
P -2121.0000, 277.0000, 22.0000,  240, 0, 0,  3,  Iffir_Soulcaller
P -2158.0000, 280.0000, 19.0000,  240, 0, 0,  3,  Raarrk_(Booze)
P -2109.0000, 292.0000, 47.0000,  240, 0, 0,  3,  Feskr_Drinkmaker
P -2220.0000, 361.0000, 19.0000,  240, 0, 0,  3,  Errrak_Thickshank
P -2053.0000, -624.0000, 56.0000,  240, 0, 0,  3,  Melixis_(fish+alchemy)
P 2175.0000, 1124.0000, 132.0000,  0, 240, 0,  3,  To_The_Barren_Coast
P 2131.5977, 1084.1259, 125.9606,  0, 0, 0,  3,  BARREN_SEA
P -1627.6382, 210.4634, 21.7028,  0, 0, 0,  1,  KERRAN
P -332.0062, 403.6012, 17.7449,  0, 0, 0,  3,  dock
P 1474.9572, -196.7226, 88.6876,  0, 0, 0,  3,  Bridge
P -2230.5703, 746.9216, -32.5992,  0, 0, 0,  3,  tigar_pit
P -391.3590, 1873.2737, 85.0607,  0, 0, 0,  1,  Rungupp
P -970.4487, -2162.6675, 38.8765,  0, 0, 0,  1,  Assistant_T'os
P 1366.9757, 352.6772, 35.2943,  0, 0, 0,  1,  Poacher_Willa
P 709.5178, 767.7959, 42.8837,  0, 0, 0,  1,  Fittorin_Bladespur
P 1664.8918, 1500.9128, 67.8189,  127, 64, 0,  3,  Wizard_Spires
P 1675.0447, -377.3671, 14.3916,  0, 0, 0,  2,  Agithin_Dasmore
P -1177.2329, -2166.3621, 14.6793,  127, 64, 0,  3,  Boat
P 1594.0275, -1199.2982, 45.0582,  0, 0, 0,  3,  Abandoned_Heritic_Pets
P 1771.2914, -450.2685, 14.7129,  0, 0, 0,  3,  Shintar_Vinlail
P 892.4153, -2304.8840, 40.1823,  240, 0, 0,  3,  To_Erudin
P 1251.8082, 1594.7925, 28.3834,  0, 0, 0,  3,  Kobold_Camp
P 1666.7009, -364.0983, 15.3303,  0, 0, 0,  3,  Aglthin_Dasmore
P 1550.8820, -371.9708, 15.4568,  0, 0, 0,  3,  Friedalla_Dawncrest
P 1539.5902, 1535.4087, 60.4789,  0, 0, 0,  3,  Kellkoan_Rishta
P 1902.8058, -1152.2235, 45.1043,  0, 0, 0,  3,  Verogone_Wayfinder
P 1181.7234, -1404.0780, 34.2723,  0, 0, 0,  3,  Tran_Lilspin_(Reagent_Merchant)
P 1164.7556, -1413.8118, 28.2723,  0, 0, 0,  3,  Cyria_Lorewhisper_(Gem_Merchant)
P 672.4820, -2000.2081, 32.7109,  0, 0, 0,  3,  Stylla_Parsini_(Bag_Merchant)
P 709.1165, -1996.2778, 26.7109,  0, 0, 0,  3,  Emil_Parsini_(Bag_Merchant)
P 859.0844, -2229.0361, 41.5571,  0, 0, 0,  3,  Sentinel_Flavius
P 841.2618, -2235.1580, 41.5571,  0, 0, 0,  3,  Sentinel_Drom
P 1125.9910, -826.2148, 26.9578,  0, 0, 0,  3,  Telanku_Trailrunner
P 1638.8596, -1980.1532, 88.4005,  0, 0, 0,  3,  Quana_Rainsparkle_(Merchant)
P 1580.0520, -1532.0286, 76.0494,  0, 0, 0,  3,  Jalen_Goldsinger
P 1674.5137, -1124.9321, 40.8046,  0, 0, 0,  3,  Terago_Omath_(Task_Master(
P -2196.4360, -715.1758, 50.3770,  0, 0, 0,  3,  Jo_Jo
P 1560.4225, -374.5154, 14.7156,  0, 0, 0,  3,  Friedalla_Dawncrest
P -563.2796, -2166.2549, 77.7888,  0, 0, 0,  3,  Win_Karnam
P -525.6032, -2149.0010, 71.7888,  0, 0, 0,  3,  Islan_Hetston_(Task_Master)
P 1143.6306, -963.0951, 25.5475,  240, 0, 0,  3,  Druid_Ring
P 721.1085, -1995.5635, 26.6147,  0, 0, 0,  3,  Emil_Parsini
P 680.6277, -2004.4937, 32.6147,  0, 0, 0,  3,  Stylla_Parsini
P 1170.9716, -1415.3878, 28.1762,  0, 0, 0,  3,  Cyria_Lorewhisper
P -2236.1321, 664.3491, -30.2144,  0, 0, 0,  3,  Tiger_Pit
P 1671.6779, -1116.5583, 39.6607,  0, 0, 0,  3,  Terago_Omath_(Task_Master)
P 1589.1445, -1185.8357, 42.1834,  0, 0, 0,  3,  Heretic_pet_house
P 1642.4946, -1978.6238, 88.1841,  0, 0, 0,  3,  Quana_Rainsparkle
P 1622.7295, -1962.6121, 82.1842,  0, 0, 0,  3,  Xyrlania_Rainsparkle
P 1185.5948, -1405.9781, 34.1762,  0, 0, 0,  3,  Tran_Lilspin
P -2150.1108, 333.0002, 19.2808,  0, 0, 0,  3,  Kerran_Outpost
P -324.3403, 766.8184, 14.3096,  0, 0, 0,  3,  Sanidella_Syllvic
P -974.6547, -2163.4924, 35.5733,  0, 0, 0,  3,  Assistant_T`os
P -332.1255, 367.3562, 15.2386,  0, 0, 0,  3,  Elial_Brook
P -321.0934, 547.3930, 40.9429,  0, 0, 0,  3,  Knarthenne_Skurl
P 1417.0359, -343.9662, 62.2739,  0, 0, 0,  3,  Erudin_Emissary
P 1481.5637, -163.0317, 87.3103,  0, 0, 0,  3,  Erudin_Emissary
P 718.0000, -2102.0000, 21.8374,  240, 0, 0,  3,  Succor
P 229.0000, 1976.0000, 46.4485,  240, 0, 0,  3,  To_Paineel
P -253.6483, 1692.3406, 29.7910,  240, 0, 0,  3,  P.O.K._Book
P 1643.5935, 1501.3479, 68.8189,  240, 0, 0,  3,  Nexus_Spires
P 2125.0000, 1083.0000, 125.7926,  240, 0, 0,  3,  Barren_coast
P -1308.2394, 197.9565, 49.2808,  240, 0, 0,  3,  Kerra_Ridge
