L -64, -1841, 78, -63, -1845, 84, 0, 0, 0
L -64, -1839, 77, -64, -1841, 78, 0, 0, 0
L -65, -1836, 74, -64, -1839, 77, 0, 0, 0
L -65, -1834, 73, -65, -1836, 74, 0, 0, 0
L -66, -1833, 73, -65, -1834, 73, 0, 0, 0
L -66, -1831, 73, -66, -1833, 73, 0, 0, 0
L -67, -1829, 73, -66, -1831, 73, 0, 0, 0
L -67, -1827, 73, -67, -1829, 73, 0, 0, 0
L -68, -1825, 73, -67, -1827, 73, 0, 0, 0
L -68, -1824, 73, -68, -1825, 73, 0, 0, 0
L -69, -1822, 73, -68, -1824, 73, 0, 0, 0
L -69, -1820, 73, -69, -1822, 73, 0, 0, 0
L -70, -1818, 73, -69, -1820, 73, 0, 0, 0
L -71, -1817, 73, -70, -1818, 73, 0, 0, 0
L -71, -1812, 73, -71, -1817, 73, 0, 0, 0
L -70, -1804, 73, -71, -1812, 73, 0, 0, 0
L -70, -1802, 73, -70, -1804, 73, 0, 0, 0
L -69, -1798, 73, -70, -1802, 73, 0, 0, 0
L -68, -1796, 73, -69, -1798, 73, 0, 0, 0
L -67, -1795, 73, -68, -1796, 73, 0, 0, 0
L -42, -1785, 73, -67, -1795, 73, 0, 0, 0
L -40, -1785, 73, -42, -1785, 73, 0, 0, 0
L -33, -1782, 73, -40, -1785, 73, 0, 0, 0
L -24, -1779, 73, -33, -1782, 73, 0, 0, 0
L -19, -1778, 73, -24, -1779, 73, 0, 0, 0
L -18, -1777, 71, -19, -1778, 73, 0, 0, 0
L -16, -1777, 68, -18, -1777, 71, 0, 0, 0
L -13, -1775, 68, -16, -1777, 68, 0, 0, 0
L -11, -1774, 68, -13, -1775, 68, 0, 0, 0
L -10, -1773, 69, -11, -1774, 68, 0, 0, 0
L -8, -1769, 69, -10, -1773, 69, 0, 0, 0
L -7, -1766, 69, -8, -1769, 69, 0, 0, 0
L -6, -1764, 69, -7, -1766, 69, 0, 0, 0
L -5, -1756, 71, -6, -1764, 69, 0, 0, 0
L -7, -1752, 71, -5, -1756, 71, 0, 0, 0
L -7, -1750, 72, -7, -1752, 71, 0, 0, 0
L -8, -1748, 73, -7, -1750, 72, 0, 0, 0
L -8, -1747, 73, -8, -1748, 73, 0, 0, 0
L -10, -1743, 73, -8, -1747, 73, 0, 0, 0
L -14, -1743, 73, -10, -1743, 73, 0, 0, 0
L -17, -1742, 73, -14, -1743, 73, 0, 0, 0
L -19, -1742, 72, -17, -1742, 73, 0, 0, 0
L -29, -1747, 78, -19, -1742, 72, 0, 0, 0
L -31, -1747, 78, -29, -1747, 78, 0, 0, 0
L -32, -1748, 79, -31, -1747, 78, 0, 0, 0
L -33, -1749, 79, -32, -1748, 79, 0, 0, 0
L -43, -1753, 79, -33, -1749, 79, 0, 0, 0
L -45, -1754, 78, -43, -1753, 79, 0, 0, 0
L -46, -1754, 78, -45, -1754, 78, 0, 0, 0
L -48, -1755, 78, -46, -1754, 78, 0, 0, 0
L -50, -1755, 77, -48, -1755, 78, 0, 0, 0
L -51, -1755, 77, -50, -1755, 77, 0, 0, 0
L -61, -1756, 74, -51, -1755, 77, 0, 0, 0
L -63, -1755, 74, -61, -1756, 74, 0, 0, 0
L -64, -1755, 74, -63, -1755, 74, 0, 0, 0
L -66, -1755, 73, -64, -1755, 74, 0, 0, 0
L -68, -1753, 73, -66, -1755, 73, 0, 0, 0
L -70, -1752, 73, -68, -1753, 73, 0, 0, 0
L -78, -1746, 74, -70, -1752, 73, 0, 0, 0
L -80, -1745, 74, -78, -1746, 74, 0, 0, 0
L -81, -1744, 75, -80, -1745, 74, 0, 0, 0
L -82, -1743, 75, -81, -1744, 75, 0, 0, 0
L -82, -1742, 76, -82, -1743, 75, 0, 0, 0
L -83, -1741, 76, -82, -1742, 76, 0, 0, 0
L -84, -1739, 77, -83, -1741, 76, 0, 0, 0
L -85, -1738, 77, -84, -1739, 77, 0, 0, 0
L -89, -1729, 81, -85, -1738, 77, 0, 0, 0
L -90, -1728, 81, -89, -1729, 81, 0, 0, 0
L -100, -1715, 98, -90, -1728, 81, 0, 0, 0
L -103, -1712, 98, -100, -1715, 98, 0, 0, 0
L -105, -1711, 96, -103, -1712, 98, 0, 0, 0
L -106, -1711, 95, -105, -1711, 96, 0, 0, 0
L -108, -1710, 92, -106, -1711, 95, 0, 0, 0
L -109, -1709, 89, -108, -1710, 92, 0, 0, 0
L -110, -1707, 87, -109, -1709, 89, 0, 0, 0
L -113, -1708, 89, -110, -1707, 87, 0, 0, 0
L -123, -1710, 92, -113, -1708, 89, 0, 0, 0
L -124, -1710, 92, -123, -1710, 92, 0, 0, 0
L -126, -1710, 91, -124, -1710, 92, 0, 0, 0
L -127, -1709, 89, -126, -1710, 91, 0, 0, 0
L -129, -1707, 87, -127, -1709, 89, 0, 0, 0
L -136, -1699, 84, -129, -1707, 87, 0, 0, 0
L -138, -1697, 84, -136, -1699, 84, 0, 0, 0
L -139, -1695, 84, -138, -1697, 84, 0, 0, 0
L -140, -1694, 84, -139, -1695, 84, 0, 0, 0
L -141, -1692, 84, -140, -1694, 84, 0, 0, 0
L -141, -1686, 83, -141, -1692, 84, 0, 0, 0
L -141, -1684, 82, -141, -1686, 83, 0, 0, 0
L -140, -1682, 82, -141, -1684, 82, 0, 0, 0
L -140, -1681, 82, -140, -1682, 82, 0, 0, 0
L -138, -1677, 81, -140, -1681, 82, 0, 0, 0
L -131, -1665, 79, -138, -1677, 81, 0, 0, 0
L -126, -1657, 80, -131, -1665, 79, 0, 0, 0
L -125, -1654, 81, -126, -1657, 80, 0, 0, 0
L -124, -1652, 81, -125, -1654, 81, 0, 0, 0
L -123, -1650, 82, -124, -1652, 81, 0, 0, 0
L -123, -1649, 82, -123, -1650, 82, 0, 0, 0
L -122, -1643, 83, -123, -1649, 82, 0, 0, 0
L -123, -1641, 83, -122, -1643, 83, 0, 0, 0
L -123, -1639, 83, -123, -1641, 83, 0, 0, 0
L -124, -1637, 83, -123, -1639, 83, 0, 0, 0
L -125, -1636, 82, -124, -1637, 83, 0, 0, 0
L -130, -1629, 80, -125, -1636, 82, 0, 0, 0
L -132, -1627, 80, -130, -1629, 80, 0, 0, 0
L -134, -1625, 82, -132, -1627, 80, 0, 0, 0
L -136, -1627, 84, -134, -1625, 82, 0, 0, 0
L -137, -1628, 84, -136, -1627, 84, 0, 0, 0
L -145, -1619, 82, -137, -1628, 84, 0, 0, 0
L -147, -1617, 81, -145, -1619, 82, 0, 0, 0
L -148, -1616, 81, -147, -1617, 81, 0, 0, 0
L -149, -1613, 80, -148, -1616, 81, 0, 0, 0
L -153, -1605, 78, -149, -1613, 80, 0, 0, 0
L -154, -1602, 78, -153, -1605, 78, 0, 0, 0
L -154, -1595, 77, -154, -1602, 78, 0, 0, 0
L -154, -1593, 77, -154, -1595, 77, 0, 0, 0
L -154, -1592, 78, -154, -1593, 77, 0, 0, 0
L -153, -1591, 78, -154, -1592, 78, 0, 0, 0
L -152, -1588, 78, -153, -1591, 78, 0, 0, 0
L -149, -1583, 77, -152, -1588, 78, 0, 0, 0
L -147, -1579, 77, -149, -1583, 77, 0, 0, 0
L -144, -1576, 77, -147, -1579, 77, 0, 0, 0
L -142, -1575, 77, -144, -1576, 77, 0, 0, 0
L -141, -1574, 77, -142, -1575, 77, 0, 0, 0
L -139, -1573, 77, -141, -1574, 77, 0, 0, 0
L -137, -1573, 76, -139, -1573, 77, 0, 0, 0
L -133, -1573, 76, -137, -1573, 76, 0, 0, 0
L -113, -1573, 77, -133, -1573, 76, 0, 0, 0
L -110, -1572, 77, -113, -1573, 77, 0, 0, 0
L -108, -1572, 78, -110, -1572, 77, 0, 0, 0
L -106, -1572, 78, -108, -1572, 78, 0, 0, 0
L -104, -1571, 78, -106, -1572, 78, 0, 0, 0
L -102, -1571, 78, -104, -1571, 78, 0, 0, 0
L -96, -1568, 79, -102, -1571, 78, 0, 0, 0
L -94, -1567, 79, -96, -1568, 79, 0, 0, 0
L -93, -1567, 79, -94, -1567, 79, 0, 0, 0
L -92, -1566, 80, -93, -1567, 79, 0, 0, 0
L -89, -1563, 80, -92, -1566, 80, 0, 0, 0
L -88, -1562, 81, -89, -1563, 80, 0, 0, 0
L -85, -1559, 81, -88, -1562, 81, 0, 0, 0
L -84, -1558, 82, -85, -1559, 81, 0, 0, 0
L -83, -1556, 82, -84, -1558, 82, 0, 0, 0
L -83, -1554, 83, -83, -1556, 82, 0, 0, 0
L -82, -1547, 85, -83, -1554, 83, 0, 0, 0
L -82, -1546, 86, -82, -1547, 85, 0, 0, 0
L -83, -1544, 87, -82, -1546, 86, 0, 0, 0
L -83, -1543, 88, -83, -1544, 87, 0, 0, 0
L -83, -1539, 89, -83, -1543, 88, 0, 0, 0
L -84, -1538, 90, -83, -1539, 89, 0, 0, 0
L -84, -1536, 90, -84, -1538, 90, 0, 0, 0
L -84, -1534, 89, -84, -1536, 90, 0, 0, 0
L -85, -1531, 88, -84, -1534, 89, 0, 0, 0
L -85, -1529, 88, -85, -1531, 88, 0, 0, 0
L -85, -1524, 89, -85, -1529, 88, 0, 0, 0
L -85, -1523, 89, -85, -1524, 89, 0, 0, 0
L -81, -1519, 83, -85, -1523, 89, 0, 0, 0
L -73, -1513, 82, -81, -1519, 83, 0, 0, 0
L -71, -1512, 82, -73, -1513, 82, 0, 0, 0
L -70, -1511, 82, -71, -1512, 82, 0, 0, 0
L -69, -1511, 82, -70, -1511, 82, 0, 0, 0
L -67, -1510, 82, -69, -1511, 82, 0, 0, 0
L -65, -1510, 82, -67, -1510, 82, 0, 0, 0
L -62, -1509, 81, -65, -1510, 82, 0, 0, 0
L -61, -1509, 81, -62, -1509, 81, 0, 0, 0
L -59, -1510, 81, -61, -1509, 81, 0, 0, 0
L -58, -1510, 80, -59, -1510, 81, 0, 0, 0
L -55, -1511, 80, -58, -1510, 80, 0, 0, 0
L -46, -1515, 78, -55, -1511, 80, 0, 0, 0
L -37, -1519, 77, -46, -1515, 78, 0, 0, 0
L -36, -1520, 77, -37, -1519, 77, 0, 0, 0
L -35, -1520, 77, -36, -1520, 77, 0, 0, 0
L -33, -1521, 77, -35, -1520, 77, 0, 0, 0
L -30, -1521, 78, -33, -1521, 77, 0, 0, 0
L -28, -1521, 77, -30, -1521, 78, 0, 0, 0
L -26, -1520, 75, -28, -1521, 77, 0, 0, 0
L -24, -1520, 74, -26, -1520, 75, 0, 0, 0
L -22, -1519, 73, -24, -1520, 74, 0, 0, 0
L -17, -1517, 72, -22, -1519, 73, 0, 0, 0
L -15, -1517, 71, -17, -1517, 72, 0, 0, 0
L -11, -1514, 71, -15, -1517, 71, 0, 0, 0
L -9, -1513, 71, -11, -1514, 71, 0, 0, 0
L -9, -1501, 71, -9, -1513, 71, 0, 0, 0
L -9, -1499, 70, -9, -1501, 71, 0, 0, 0
L -8, -1497, 70, -9, -1499, 70, 0, 0, 0
L -8, -1495, 70, -8, -1497, 70, 0, 0, 0
L -6, -1492, 70, -8, -1495, 70, 0, 0, 0
L -6, -1490, 70, -6, -1492, 70, 0, 0, 0
L -5, -1484, 70, -6, -1490, 70, 0, 0, 0
L -5, -1478, 69, -5, -1484, 70, 0, 0, 0
L 20, -1487, 71, 21, -1487, 70, 0, 0, 0
L 19, -1489, 71, 20, -1487, 71, 0, 0, 0
L 19, -1497, 72, 19, -1489, 71, 0, 0, 0
L 19, -1499, 72, 19, -1497, 72, 0, 0, 0
L 20, -1500, 72, 19, -1499, 72, 0, 0, 0
L 21, -1502, 73, 20, -1500, 72, 0, 0, 0
L 25, -1506, 73, 21, -1502, 73, 0, 0, 0
L 31, -1509, 73, 25, -1506, 73, 0, 0, 0
L 32, -1510, 73, 31, -1509, 73, 0, 0, 0
L 39, -1511, 73, 32, -1510, 73, 0, 0, 0
L 48, -1510, 75, 39, -1511, 73, 0, 0, 0
L 63, -1512, 75, 48, -1510, 75, 0, 0, 0
L 64, -1512, 75, 63, -1512, 75, 0, 0, 0
L 92, -1516, 80, 64, -1512, 75, 0, 0, 0
L 93, -1517, 80, 92, -1516, 80, 0, 0, 0
L 94, -1517, 78, 93, -1517, 80, 0, 0, 0
L 95, -1519, 75, 94, -1517, 78, 0, 0, 0
L 96, -1521, 74, 95, -1519, 75, 0, 0, 0
L 97, -1522, 73, 96, -1521, 74, 0, 0, 0
L 99, -1523, 73, 97, -1522, 73, 0, 0, 0
L 100, -1525, 73, 99, -1523, 73, 0, 0, 0
L 100, -1526, 73, 100, -1525, 73, 0, 0, 0
L 102, -1534, 73, 100, -1526, 73, 0, 0, 0
L 103, -1539, 73, 102, -1534, 73, 0, 0, 0
L 103, -1541, 73, 103, -1539, 73, 0, 0, 0
L 104, -1542, 73, 103, -1541, 73, 0, 0, 0
L 104, -1547, 75, 104, -1542, 73, 0, 0, 0
L 105, -1549, 76, 104, -1547, 75, 0, 0, 0
L 105, -1561, 79, 105, -1549, 76, 0, 0, 0
L 105, -1562, 78, 105, -1561, 79, 0, 0, 0
L 106, -1567, 73, 105, -1562, 78, 0, 0, 0
L 110, -1593, 73, 106, -1567, 73, 0, 0, 0
L 112, -1600, 73, 110, -1593, 73, 0, 0, 0
L 112, -1604, 76, 112, -1600, 73, 0, 0, 0
L 113, -1605, 77, 112, -1604, 76, 0, 0, 0
L 113, -1607, 78, 113, -1605, 77, 0, 0, 0
L 114, -1610, 78, 113, -1607, 78, 0, 0, 0
L 114, -1614, 76, 114, -1610, 78, 0, 0, 0
L 115, -1616, 76, 114, -1614, 76, 0, 0, 0
L 115, -1621, 73, 115, -1616, 76, 0, 0, 0
L 113, -1626, 73, 115, -1621, 73, 0, 0, 0
L 113, -1627, 73, 113, -1626, 73, 0, 0, 0
L 111, -1632, 73, 113, -1627, 73, 0, 0, 0
L 109, -1636, 73, 111, -1632, 73, 0, 0, 0
L 108, -1637, 73, 109, -1636, 73, 0, 0, 0
L 106, -1641, 73, 108, -1637, 73, 0, 0, 0
L 105, -1644, 73, 106, -1641, 73, 0, 0, 0
L 102, -1649, 73, 105, -1644, 73, 0, 0, 0
L 100, -1652, 73, 102, -1649, 73, 0, 0, 0
L 99, -1653, 73, 100, -1652, 73, 0, 0, 0
L 99, -1657, 73, 99, -1653, 73, 0, 0, 0
L 101, -1664, 73, 99, -1657, 73, 0, 0, 0
L 105, -1682, 72, 101, -1664, 73, 0, 0, 0
L 106, -1684, 71, 105, -1682, 72, 0, 0, 0
L 106, -1686, 71, 106, -1684, 71, 0, 0, 0
L 107, -1687, 71, 106, -1686, 71, 0, 0, 0
L 107, -1689, 69, 107, -1687, 71, 0, 0, 0
L 107, -1706, 68, 107, -1689, 69, 0, 0, 0
L 106, -1709, 68, 107, -1706, 68, 0, 0, 0
L 105, -1711, 68, 106, -1709, 68, 0, 0, 0
L 100, -1718, 71, 105, -1711, 68, 0, 0, 0
L 98, -1720, 71, 100, -1718, 71, 0, 0, 0
L 98, -1721, 72, 98, -1720, 71, 0, 0, 0
L 95, -1724, 72, 98, -1721, 72, 0, 0, 0
L 95, -1726, 73, 95, -1724, 72, 0, 0, 0
L 90, -1732, 73, 95, -1726, 73, 0, 0, 0
L 87, -1734, 73, 90, -1732, 73, 0, 0, 0
L 76, -1740, 73, 87, -1734, 73, 0, 0, 0
L 65, -1744, 76, 76, -1740, 73, 0, 0, 0
L 63, -1744, 76, 65, -1744, 76, 0, 0, 0
L 53, -1745, 75, 63, -1744, 76, 0, 0, 0
L 43, -1745, 73, 53, -1745, 75, 0, 0, 0
L 39, -1745, 73, 43, -1745, 73, 0, 0, 0
L 36, -1746, 73, 39, -1745, 73, 0, 0, 0
L 29, -1750, 71, 36, -1746, 73, 0, 0, 0
L 27, -1751, 69, 29, -1750, 71, 0, 0, 0
L 25, -1752, 68, 27, -1751, 69, 0, 0, 0
L 24, -1753, 66, 25, -1752, 68, 0, 0, 0
L 22, -1754, 63, 24, -1753, 66, 0, 0, 0
L 21, -1755, 60, 22, -1754, 63, 0, 0, 0
L 19, -1757, 60, 21, -1755, 60, 0, 0, 0
L 18, -1759, 60, 19, -1757, 60, 0, 0, 0
L 18, -1761, 61, 18, -1759, 60, 0, 0, 0
L 17, -1762, 61, 18, -1761, 61, 0, 0, 0
L 16, -1764, 62, 17, -1762, 61, 0, 0, 0
L 16, -1768, 63, 16, -1764, 62, 0, 0, 0
L 16, -1770, 64, 16, -1768, 63, 0, 0, 0
L 15, -1776, 66, 16, -1770, 64, 0, 0, 0
L 15, -1778, 67, 15, -1776, 66, 0, 0, 0
L 16, -1780, 68, 15, -1778, 67, 0, 0, 0
L 18, -1782, 68, 16, -1780, 68, 0, 0, 0
L 19, -1783, 69, 18, -1782, 68, 0, 0, 0
L 23, -1788, 71, 19, -1783, 69, 0, 0, 0
L 24, -1789, 72, 23, -1788, 71, 0, 0, 0
L 27, -1790, 73, 24, -1789, 72, 0, 0, 0
L 29, -1790, 73, 27, -1790, 73, 0, 0, 0
L 31, -1791, 73, 29, -1790, 73, 0, 0, 0
L 35, -1792, 73, 31, -1791, 73, 0, 0, 0
L 36, -1793, 73, 35, -1792, 73, 0, 0, 0
L 38, -1793, 73, 36, -1793, 73, 0, 0, 0
L 45, -1791, 73, 38, -1793, 73, 0, 0, 0
L 56, -1787, 73, 45, -1791, 73, 0, 0, 0
L 60, -1787, 73, 56, -1787, 73, 0, 0, 0
L 65, -1789, 73, 60, -1787, 73, 0, 0, 0
L 66, -1790, 73, 65, -1789, 73, 0, 0, 0
L 68, -1791, 73, 66, -1790, 73, 0, 0, 0
L 70, -1793, 73, 68, -1791, 73, 0, 0, 0
L 72, -1797, 73, 70, -1793, 73, 0, 0, 0
L 73, -1798, 73, 72, -1797, 73, 0, 0, 0
L 74, -1800, 73, 73, -1798, 73, 0, 0, 0
L 74, -1802, 73, 74, -1800, 73, 0, 0, 0
L 75, -1804, 73, 74, -1802, 73, 0, 0, 0
L 75, -1814, 73, 75, -1804, 73, 0, 0, 0
L 74, -1816, 73, 75, -1814, 73, 0, 0, 0
L 73, -1817, 73, 74, -1816, 73, 0, 0, 0
L 72, -1819, 73, 73, -1817, 73, 0, 0, 0
L 71, -1820, 73, 72, -1819, 73, 0, 0, 0
L 70, -1822, 73, 71, -1820, 73, 0, 0, 0
L 67, -1824, 73, 70, -1822, 73, 0, 0, 0
L 66, -1825, 73, 67, -1824, 73, 0, 0, 0
L 60, -1828, 73, 66, -1825, 73, 0, 0, 0
L 56, -1832, 73, 60, -1828, 73, 0, 0, 0
L 55, -1834, 73, 56, -1832, 73, 0, 0, 0
L 55, -1837, 73, 55, -1834, 73, 0, 0, 0
L 65, -1856, 81, 55, -1837, 73, 0, 0, 0
L 70, -1864, 79, 65, -1856, 81, 0, 0, 0
L 70, -1865, 79, 70, -1864, 79, 0, 0, 0
L 71, -1867, 79, 70, -1865, 79, 0, 0, 0
L 72, -1868, 78, 71, -1867, 79, 0, 0, 0
L 73, -1871, 77, 72, -1868, 78, 0, 0, 0
L 76, -1879, 75, 73, -1871, 77, 0, 0, 0
L 77, -1883, 74, 76, -1879, 75, 0, 0, 0
L 77, -1891, 73, 77, -1883, 74, 0, 0, 0
L 77, -1892, 73, 77, -1891, 73, 0, 0, 0
L 76, -1894, 73, 77, -1892, 73, 0, 0, 0
L 75, -1895, 73, 76, -1894, 73, 0, 0, 0
L 75, -1897, 73, 75, -1895, 73, 0, 0, 0
L 69, -1903, 73, 75, -1897, 73, 0, 0, 0
L 66, -1905, 73, 69, -1903, 73, 0, 0, 0
L 65, -1906, 73, 66, -1905, 73, 0, 0, 0
L 57, -1910, 73, 65, -1906, 73, 0, 0, 0
L 56, -1911, 73, 57, -1910, 73, 0, 0, 0
L 54, -1912, 73, 56, -1911, 73, 0, 0, 0
L 51, -1912, 73, 54, -1912, 73, 0, 0, 0
L 48, -1913, 73, 51, -1912, 73, 0, 0, 0
L 43, -1913, 73, 48, -1913, 73, 0, 0, 0
L 39, -1911, 73, 43, -1913, 73, 0, 0, 0
L 38, -1911, 73, 39, -1911, 73, 0, 0, 0
L 36, -1910, 73, 38, -1911, 73, 0, 0, 0
L 34, -1910, 73, 36, -1910, 73, 0, 0, 0
L 23, -1903, 73, 34, -1910, 73, 0, 0, 0
L 22, -1902, 73, 23, -1903, 73, 0, 0, 0
L 20, -1901, 73, 22, -1902, 73, 0, 0, 0
L 19, -1900, 73, 20, -1901, 73, 0, 0, 0
L 17, -1899, 73, 19, -1900, 73, 0, 0, 0
L 16, -1898, 73, 17, -1899, 73, 0, 0, 0
L 14, -1898, 73, 16, -1898, 73, 0, 0, 0
L 8, -1899, 73, 14, -1898, 73, 0, 0, 0
L 6, -1899, 73, 8, -1899, 73, 0, 0, 0
L 2, -1901, 73, 6, -1899, 73, 0, 0, 0
L -7, -1904, 73, 2, -1901, 73, 0, 0, 0
L -9, -1904, 73, -7, -1904, 73, 0, 0, 0
L -14, -1905, 73, -9, -1904, 73, 0, 0, 0
L -18, -1907, 73, -14, -1905, 73, 0, 0, 0
L -27, -1909, 79, -18, -1907, 73, 0, 0, 0
L -28, -1909, 79, -27, -1909, 79, 0, 0, 0
L -30, -1910, 78, -28, -1909, 79, 0, 0, 0
L -34, -1908, 74, -30, -1910, 78, 0, 0, 0
L -35, -1908, 73, -34, -1908, 74, 0, 0, 0
L -37, -1906, 73, -35, -1908, 73, 0, 0, 0
L -37, -1888, 73, -37, -1906, 73, 0, 0, 0
L -38, -1883, 73, -37, -1888, 73, 0, 0, 0
L -38, -1880, 73, -38, -1883, 73, 0, 0, 0
L -39, -1878, 73, -38, -1880, 73, 0, 0, 0
L -40, -1874, 73, -39, -1878, 73, 0, 0, 0
L -43, -1869, 73, -40, -1874, 73, 0, 0, 0
L -45, -1866, 73, -43, -1869, 73, 0, 0, 0
L -46, -1864, 73, -45, -1866, 73, 0, 0, 0
L -55, -1854, 83, -46, -1864, 73, 0, 0, 0
L -56, -1853, 83, -55, -1854, 83, 0, 0, 0
L -65, -1841, 81, -56, -1853, 83, 0, 0, 0
L 178, -1942, 51, 180, -1941, 52, 0, 0, 127
L 177, -1944, 51, 178, -1942, 51, 0, 0, 127
L 173, -1945, 46, 177, -1944, 51, 0, 0, 127
L 171, -1946, 44, 173, -1945, 46, 0, 0, 127
L 169, -1946, 42, 171, -1946, 44, 0, 0, 127
L 159, -1945, 36, 169, -1946, 42, 0, 0, 127
L 155, -1945, 32, 159, -1945, 36, 0, 0, 127
L 153, -1944, 32, 155, -1945, 32, 0, 0, 127
L 145, -1939, 29, 153, -1944, 32, 0, 0, 127
L 140, -1936, 26, 145, -1939, 29, 0, 0, 127
L 137, -1934, 24, 140, -1936, 26, 0, 0, 127
L 135, -1932, 22, 137, -1934, 24, 0, 0, 127
L 132, -1930, 20, 135, -1932, 22, 0, 0, 127
L 130, -1927, 18, 132, -1930, 20, 0, 0, 127
L 129, -1925, 17, 130, -1927, 18, 0, 0, 127
L 126, -1920, 14, 129, -1925, 17, 0, 0, 127
L 115, -1897, -1, 126, -1920, 14, 0, 0, 127
L 111, -1887, -7, 115, -1897, -1, 0, 0, 127
L 108, -1884, -9, 111, -1887, -7, 0, 0, 127
L 106, -1882, -11, 108, -1884, -9, 0, 0, 127
L 100, -1876, -16, 106, -1882, -11, 0, 0, 127
L 97, -1874, -18, 100, -1876, -16, 0, 0, 127
L 94, -1871, -20, 97, -1874, -18, 0, 0, 127
L 91, -1870, -22, 94, -1871, -20, 0, 0, 127
L 85, -1867, -26, 91, -1870, -22, 0, 0, 127
L 81, -1866, -28, 85, -1867, -26, 0, 0, 127
L 79, -1865, -29, 81, -1866, -28, 0, 0, 127
L 66, -1863, -35, 79, -1865, -29, 0, 0, 127
L 64, -1862, -35, 66, -1863, -35, 0, 0, 127
L 62, -1862, -36, 64, -1862, -35, 0, 0, 127
L 61, -1861, -36, 62, -1862, -36, 0, 0, 127
L 59, -1860, -36, 61, -1861, -36, 0, 0, 127
L 58, -1860, -36, 59, -1860, -36, 0, 0, 127
L 50, -1857, -35, 58, -1860, -36, 0, 0, 127
L 47, -1857, -34, 50, -1857, -35, 0, 0, 127
L 41, -1856, -33, 47, -1857, -34, 0, 0, 127
L 32, -1855, -30, 41, -1856, -33, 0, 0, 127
L 30, -1855, -30, 32, -1855, -30, 0, 0, 127
L 20, -1853, -30, 30, -1855, -30, 0, 0, 127
L 9, -1851, -8, 20, -1853, -30, 0, 0, 127
L 7, -1851, 1, 9, -1851, -8, 0, 0, 127
L -6, -1848, 18, 7, -1851, 1, 0, 0, 127
L -8, -1847, 18, -6, -1848, 18, 0, 0, 127
L -10, -1848, 19, -8, -1847, 18, 0, 0, 127
L -17, -1846, 29, -10, -1848, 19, 0, 0, 127
L -5, -1818, 23, -14, -1815, 29, 0, 0, 127
L -3, -1818, 17, -5, -1818, 23, 0, 0, 127
L -1, -1818, 17, -3, -1818, 17, 0, 0, 127
L 1, -1818, 16, -1, -1818, 17, 0, 0, 127
L 3, -1818, 12, 1, -1818, 16, 0, 0, 127
L 5, -1817, 12, 3, -1818, 12, 0, 0, 127
L 6, -1816, 10, 5, -1817, 12, 0, 0, 127
L 16, -1816, 5, 6, -1816, 10, 0, 0, 127
L 18, -1816, 3, 16, -1816, 5, 0, 0, 127
L 22, -1816, 0, 18, -1816, 3, 0, 0, 127
L 24, -1816, -1, 22, -1816, 0, 0, 0, 127
L 34, -1815, -7, 24, -1816, -1, 0, 0, 127
L 43, -1814, -11, 34, -1815, -7, 0, 0, 127
L 57, -1813, -12, 43, -1814, -11, 0, 0, 127
L 64, -1813, -12, 57, -1813, -12, 0, 0, 127
L 74, -1814, -12, 64, -1813, -12, 0, 0, 127
L 78, -1815, -12, 74, -1814, -12, 0, 0, 127
L 80, -1815, -12, 78, -1815, -12, 0, 0, 127
L 88, -1814, -12, 80, -1815, -12, 0, 0, 127
L 90, -1813, -15, 88, -1814, -12, 0, 0, 127
L 92, -1814, -21, 90, -1813, -15, 0, 0, 127
L 93, -1817, -23, 92, -1814, -21, 0, 0, 127
L 95, -1822, -25, 93, -1817, -23, 0, 0, 127
L 96, -1824, -25, 95, -1822, -25, 0, 0, 127
L 97, -1827, -25, 96, -1824, -25, 0, 0, 127
L 97, -1829, -26, 97, -1827, -25, 0, 0, 127
L 98, -1831, -27, 97, -1829, -26, 0, 0, 127
L 99, -1837, -26, 98, -1831, -27, 0, 0, 127
L 100, -1841, -26, 99, -1837, -26, 0, 0, 127
L 100, -1842, -26, 100, -1841, -26, 0, 0, 127
L 101, -1844, -25, 100, -1842, -26, 0, 0, 127
L 102, -1846, -25, 101, -1844, -25, 0, 0, 127
L 104, -1849, -24, 102, -1846, -25, 0, 0, 127
L 106, -1852, -24, 104, -1849, -24, 0, 0, 127
L 113, -1859, -21, 106, -1852, -24, 0, 0, 127
L 120, -1866, -17, 113, -1859, -21, 0, 0, 127
L 121, -1867, -16, 120, -1866, -17, 0, 0, 127
L 128, -1874, -10, 121, -1867, -16, 0, 0, 127
L 132, -1878, -4, 128, -1874, -10, 0, 0, 127
L 137, -1884, 7, 132, -1878, -4, 0, 0, 127
L 139, -1886, 11, 137, -1884, 7, 0, 0, 127
L 150, -1900, 33, 139, -1886, 11, 0, 0, 127
L 155, -1906, 45, 150, -1900, 33, 0, 0, 127
L 158, -1909, 51, 155, -1906, 45, 0, 0, 127
L 160, -1910, 55, 158, -1909, 51, 0, 0, 127
L 161, -1911, 62, 160, -1910, 55, 0, 0, 127
L 167, -1911, 62, 161, -1911, 62, 0, 0, 127
L 176, -1909, 71, 167, -1911, 62, 0, 0, 127
L 186, -1907, 77, 176, -1909, 71, 0, 0, 127
L 187, -1907, 78, 186, -1907, 77, 0, 0, 127
L 192, -1906, 81, 187, -1907, 78, 0, 0, 127
L 194, -1906, 82, 192, -1906, 81, 0, 0, 127
L 197, -1907, 82, 194, -1906, 82, 0, 0, 127
L 198, -1907, 82, 197, -1907, 82, 0, 0, 127
L 205, -1909, 80, 198, -1907, 82, 0, 0, 127
L 209, -1911, 80, 205, -1909, 80, 0, 0, 127
L 218, -1917, 77, 209, -1911, 80, 0, 0, 127
L 232, -1927, 78, 218, -1917, 77, 0, 0, 127
L 232, -1930, 77, 232, -1927, 78, 0, 0, 127
L 232, -1932, 76, 232, -1930, 77, 0, 0, 127
L 231, -1934, 76, 232, -1932, 76, 0, 0, 127
L 230, -1937, 76, 231, -1934, 76, 0, 0, 127
L 223, -1951, 76, 230, -1937, 76, 0, 0, 127
L 221, -1952, 76, 223, -1951, 76, 0, 0, 127
L 220, -1952, 76, 221, -1952, 76, 0, 0, 127
L 218, -1953, 76, 220, -1952, 76, 0, 0, 127
L 214, -1953, 75, 218, -1953, 76, 0, 0, 127
L 211, -1953, 74, 214, -1953, 75, 0, 0, 127
L 190, -1948, 69, 211, -1953, 74, 0, 0, 127
L 180, -1947, 70, 190, -1948, 69, 0, 0, 127
L -35, -1269, -27, -37, -1262, -25, 0, 0, 127
L -34, -1275, -27, -35, -1269, -27, 0, 0, 127
L -33, -1279, -27, -34, -1275, -27, 0, 0, 127
L -33, -1281, -28, -33, -1279, -27, 0, 0, 127
L -31, -1290, -28, -33, -1281, -28, 0, 0, 127
L -31, -1291, -29, -31, -1290, -28, 0, 0, 127
L -30, -1302, -31, -31, -1291, -29, 0, 0, 127
L -30, -1304, -31, -30, -1302, -31, 0, 0, 127
L -30, -1309, -32, -30, -1304, -31, 0, 0, 127
L -27, -1316, -35, -30, -1309, -32, 0, 0, 127
L -25, -1319, -35, -27, -1316, -35, 0, 0, 127
L -25, -1321, -36, -25, -1319, -35, 0, 0, 127
L -22, -1325, -36, -25, -1321, -36, 0, 0, 127
L -21, -1328, -37, -22, -1325, -36, 0, 0, 127
L -15, -1336, -38, -21, -1328, -37, 0, 0, 127
L -12, -1342, -38, -15, -1336, -38, 0, 0, 127
L -10, -1344, -37, -12, -1342, -38, 0, 0, 127
L -9, -1345, -36, -10, -1344, -37, 0, 0, 127
L -8, -1347, -34, -9, -1345, -36, 0, 0, 127
L -7, -1348, -32, -8, -1347, -34, 0, 0, 127
L -3, -1350, -31, -7, -1348, -32, 0, 0, 127
L -2, -1351, -31, -3, -1350, -31, 0, 0, 127
L 2, -1353, -29, -2, -1351, -31, 0, 0, 127
L 3, -1353, -30, 2, -1353, -29, 0, 0, 127
L 9, -1350, -35, 3, -1353, -30, 0, 0, 127
L 11, -1349, -36, 9, -1350, -35, 0, 0, 127
L 13, -1349, -37, 11, -1349, -36, 0, 0, 127
L 15, -1348, -37, 13, -1349, -37, 0, 0, 127
L 16, -1347, -38, 15, -1348, -37, 0, 0, 127
L 18, -1347, -38, 16, -1347, -38, 0, 0, 127
L 22, -1347, -37, 18, -1347, -38, 0, 0, 127
L 25, -1347, -36, 22, -1347, -37, 0, 0, 127
L 28, -1347, -36, 25, -1347, -36, 0, 0, 127
L 30, -1347, -35, 28, -1347, -36, 0, 0, 127
L 34, -1348, -33, 30, -1347, -35, 0, 0, 127
L 38, -1350, -31, 34, -1348, -33, 0, 0, 127
L 42, -1352, -30, 38, -1350, -31, 0, 0, 127
L 44, -1353, -29, 42, -1352, -30, 0, 0, 127
L 46, -1355, -27, 44, -1353, -29, 0, 0, 127
L 48, -1356, -25, 46, -1355, -27, 0, 0, 127
L 52, -1357, -22, 48, -1356, -25, 0, 0, 127
L 53, -1358, -20, 52, -1357, -22, 0, 0, 127
L 55, -1363, -19, 53, -1358, -20, 0, 0, 127
L 56, -1364, -19, 55, -1363, -19, 0, 0, 127
L 57, -1366, -18, 56, -1364, -19, 0, 0, 127
L 57, -1367, -17, 57, -1366, -18, 0, 0, 127
L 58, -1369, -15, 57, -1367, -17, 0, 0, 127
L 58, -1374, -12, 58, -1369, -15, 0, 0, 127
L 58, -1376, -11, 58, -1374, -12, 0, 0, 127
L 58, -1379, -10, 58, -1376, -11, 0, 0, 127
L 58, -1381, -9, 58, -1379, -10, 0, 0, 127
L 58, -1387, -7, 58, -1381, -9, 0, 0, 127
L 58, -1389, -6, 58, -1387, -7, 0, 0, 127
L 59, -1393, -7, 58, -1389, -6, 0, 0, 127
L 60, -1395, -7, 59, -1393, -7, 0, 0, 127
L 60, -1397, -4, 60, -1395, -7, 0, 0, 127
L 57, -1401, -2, 60, -1397, -4, 0, 0, 127
L 56, -1403, -2, 57, -1401, -2, 0, 0, 127
L 54, -1404, -1, 56, -1403, -2, 0, 0, 127
L 51, -1407, 5, 54, -1404, -1, 0, 0, 127
L 49, -1408, 6, 51, -1407, 5, 0, 0, 127
L 45, -1410, 13, 49, -1408, 6, 0, 0, 127
L 43, -1411, 15, 45, -1410, 13, 0, 0, 127
L 35, -1414, 25, 43, -1411, 15, 0, 0, 127
L 33, -1414, 27, 35, -1414, 25, 0, 0, 127
L 32, -1415, 27, 33, -1414, 27, 0, 0, 127
L 27, -1419, 28, 32, -1415, 27, 0, 0, 127
L 23, -1422, 29, 27, -1419, 28, 0, 0, 127
L 18, -1427, 30, 23, -1422, 29, 0, 0, 127
L 16, -1429, 30, 18, -1427, 30, 0, 0, 127
L 10, -1438, 30, 16, -1429, 30, 0, 0, 127
L 10, -1439, 31, 10, -1438, 30, 0, 0, 127
L 9, -1440, 31, 10, -1439, 31, 0, 0, 127
L 6, -1446, 33, 9, -1440, 31, 0, 0, 127
L 5, -1450, 35, 6, -1446, 33, 0, 0, 127
L -1, -1467, 45, 5, -1450, 35, 0, 0, 127
L -5, -1478, 52, -1, -1467, 45, 0, 0, 127
L -7, -1479, 57, -5, -1478, 52, 0, 0, 127
L 24, -1486, 46, 21, -1490, 46, 0, 0, 127
L 25, -1484, 45, 24, -1486, 46, 0, 0, 127
L 26, -1483, 43, 25, -1484, 45, 0, 0, 127
L 29, -1480, 43, 26, -1483, 43, 0, 0, 127
L 30, -1480, 43, 29, -1480, 43, 0, 0, 127
L 32, -1478, 43, 30, -1480, 43, 0, 0, 127
L 33, -1477, 42, 32, -1478, 43, 0, 0, 127
L 39, -1474, 40, 33, -1477, 42, 0, 0, 127
L 45, -1468, 37, 39, -1474, 40, 0, 0, 127
L 46, -1467, 36, 45, -1468, 37, 0, 0, 127
L 48, -1464, 33, 46, -1467, 36, 0, 0, 127
L 49, -1462, 32, 48, -1464, 33, 0, 0, 127
L 55, -1451, 28, 49, -1462, 32, 0, 0, 127
L 56, -1449, 27, 55, -1451, 28, 0, 0, 127
L 59, -1447, 26, 56, -1449, 27, 0, 0, 127
L 60, -1446, 25, 59, -1447, 26, 0, 0, 127
L 62, -1442, 22, 60, -1446, 25, 0, 0, 127
L 63, -1441, 20, 62, -1442, 22, 0, 0, 127
L 68, -1436, 14, 63, -1441, 20, 0, 0, 127
L 69, -1435, 13, 68, -1436, 14, 0, 0, 127
L 70, -1434, 11, 69, -1435, 13, 0, 0, 127
L 71, -1432, 10, 70, -1434, 11, 0, 0, 127
L 72, -1431, 8, 71, -1432, 10, 0, 0, 127
L 77, -1426, 8, 72, -1431, 8, 0, 0, 127
L 79, -1425, 7, 77, -1426, 8, 0, 0, 127
L 85, -1419, 6, 79, -1425, 7, 0, 0, 127
L 88, -1416, 5, 85, -1419, 6, 0, 0, 127
L 90, -1415, 5, 88, -1416, 5, 0, 0, 127
L 94, -1411, 2, 90, -1415, 5, 0, 0, 127
L 97, -1407, 0, 94, -1411, 2, 0, 0, 127
L 99, -1405, -0, 97, -1407, 0, 0, 0, 127
L 106, -1397, -0, 99, -1405, -0, 0, 0, 127
L 111, -1389, -2, 106, -1397, -0, 0, 0, 127
L 117, -1381, -6, 111, -1389, -2, 0, 0, 127
L 118, -1379, -9, 117, -1381, -6, 0, 0, 127
L 119, -1378, -10, 118, -1379, -9, 0, 0, 127
L 119, -1376, -10, 119, -1378, -10, 0, 0, 127
L 120, -1374, -10, 119, -1376, -10, 0, 0, 127
L 120, -1372, -11, 120, -1374, -10, 0, 0, 127
L 122, -1364, -10, 120, -1372, -11, 0, 0, 127
L 123, -1362, -10, 122, -1364, -10, 0, 0, 127
L 123, -1360, -11, 123, -1362, -10, 0, 0, 127
L 123, -1358, -11, 123, -1360, -11, 0, 0, 127
L 122, -1352, -10, 123, -1358, -11, 0, 0, 127
L 121, -1348, -10, 122, -1352, -10, 0, 0, 127
L 119, -1344, -9, 121, -1348, -10, 0, 0, 127
L 119, -1342, -10, 119, -1344, -9, 0, 0, 127
L 118, -1341, -12, 119, -1342, -10, 0, 0, 127
L 113, -1337, -17, 118, -1341, -12, 0, 0, 127
L 109, -1336, -19, 113, -1337, -17, 0, 0, 127
L 97, -1333, -23, 109, -1336, -19, 0, 0, 127
L 79, -1327, -23, 97, -1333, -23, 0, 0, 127
L 77, -1326, -23, 79, -1327, -23, 0, 0, 127
L 73, -1323, -22, 77, -1326, -23, 0, 0, 127
L 72, -1321, -23, 73, -1323, -22, 0, 0, 127
L 70, -1320, -23, 72, -1321, -23, 0, 0, 127
L 66, -1318, -25, 70, -1320, -23, 0, 0, 127
L 58, -1313, -27, 66, -1318, -25, 0, 0, 127
L 56, -1313, -28, 58, -1313, -27, 0, 0, 127
L 55, -1312, -29, 56, -1313, -28, 0, 0, 127
L 45, -1311, -32, 55, -1312, -29, 0, 0, 127
L 41, -1311, -32, 45, -1311, -32, 0, 0, 127
L 34, -1310, -33, 41, -1311, -32, 0, 0, 127
L 30, -1309, -33, 34, -1310, -33, 0, 0, 127
L 25, -1307, -32, 30, -1309, -33, 0, 0, 127
L 24, -1307, -31, 25, -1307, -32, 0, 0, 127
L 18, -1305, -28, 24, -1307, -31, 0, 0, 127
L 16, -1304, -27, 18, -1305, -28, 0, 0, 127
L 14, -1303, -25, 16, -1304, -27, 0, 0, 127
L 13, -1302, -23, 14, -1303, -25, 0, 0, 127
L 7, -1294, -23, 13, -1302, -23, 0, 0, 127
L 3, -1288, -25, 7, -1294, -23, 0, 0, 127
L 3, -1287, -25, 3, -1288, -25, 0, 0, 127
L -1, -1280, -28, 3, -1287, -25, 0, 0, 127
L 19, -239, 80, 18, -231, 78, 0, 0, 127
L 19, -241, 80, 19, -239, 80, 0, 0, 127
L 19, -243, 79, 19, -241, 80, 0, 0, 127
L 20, -245, 78, 19, -243, 79, 0, 0, 127
L 21, -247, 78, 20, -245, 78, 0, 0, 127
L 22, -248, 78, 21, -247, 78, 0, 0, 127
L 22, -250, 78, 22, -248, 78, 0, 0, 127
L 23, -251, 78, 22, -250, 78, 0, 0, 127
L 27, -254, 77, 23, -251, 78, 0, 0, 127
L 28, -255, 77, 27, -254, 77, 0, 0, 127
L 30, -256, 77, 28, -255, 77, 0, 0, 127
L 32, -255, 77, 30, -256, 77, 0, 0, 127
L 33, -255, 78, 32, -255, 77, 0, 0, 127
L 35, -254, 78, 33, -255, 78, 0, 0, 127
L 46, -249, 81, 35, -254, 78, 0, 0, 127
L 47, -248, 81, 46, -249, 81, 0, 0, 127
L 51, -243, 82, 47, -248, 81, 0, 0, 127
L 52, -242, 83, 51, -243, 82, 0, 0, 127
L 54, -245, 83, 55, -247, 87, 0, 0, 0
L 50, -241, 75, 54, -245, 83, 0, 0, 0
L 50, -237, 72, 50, -241, 75, 0, 0, 0
L 50, -236, 70, 50, -237, 72, 0, 0, 0
L 51, -234, 70, 50, -236, 70, 0, 0, 0
L 52, -232, 68, 51, -234, 70, 0, 0, 0
L 53, -231, 67, 52, -232, 68, 0, 0, 0
L 54, -229, 67, 53, -231, 67, 0, 0, 0
L 57, -225, 66, 54, -229, 67, 0, 0, 0
L 58, -224, 66, 57, -225, 66, 0, 0, 0
L 59, -222, 66, 58, -224, 66, 0, 0, 0
L 66, -215, 66, 59, -222, 66, 0, 0, 0
L 68, -214, 66, 66, -215, 66, 0, 0, 0
L 69, -212, 66, 68, -214, 66, 0, 0, 0
L 73, -208, 66, 69, -212, 66, 0, 0, 0
L 74, -206, 66, 73, -208, 66, 0, 0, 0
L 75, -205, 66, 74, -206, 66, 0, 0, 0
L 75, -203, 66, 75, -205, 66, 0, 0, 0
L 76, -201, 66, 75, -203, 66, 0, 0, 0
L 76, -200, 67, 76, -201, 66, 0, 0, 0
L 77, -198, 67, 76, -200, 67, 0, 0, 0
L 77, -196, 67, 77, -198, 67, 0, 0, 0
L 77, -194, 68, 77, -196, 67, 0, 0, 0
L 77, -193, 68, 77, -194, 68, 0, 0, 0
L 76, -191, 68, 77, -193, 68, 0, 0, 0
L 76, -189, 68, 76, -191, 68, 0, 0, 0
L 75, -188, 68, 76, -189, 68, 0, 0, 0
L 74, -186, 69, 75, -188, 68, 0, 0, 0
L 69, -181, 69, 74, -186, 69, 0, 0, 0
L 67, -180, 69, 69, -181, 69, 0, 0, 0
L 65, -179, 70, 67, -180, 69, 0, 0, 0
L 57, -175, 70, 65, -179, 70, 0, 0, 0
L 49, -175, 70, 57, -175, 70, 0, 0, 0
L 44, -176, 73, 49, -175, 70, 0, 0, 0
L 41, -179, 73, 44, -176, 73, 0, 0, 0
L 38, -183, 73, 41, -179, 73, 0, 0, 0
L 37, -187, 73, 38, -183, 73, 0, 0, 0
L 35, -188, 73, 37, -187, 73, 0, 0, 0
L 30, -198, 76, 35, -188, 73, 0, 0, 0
L 26, -204, 78, 30, -198, 76, 0, 0, 0
L 26, -206, 78, 26, -204, 78, 0, 0, 0
L 25, -213, 84, 26, -206, 78, 0, 0, 0
L 26, -215, 85, 25, -213, 84, 0, 0, 0
L 26, -216, 87, 26, -215, 85, 0, 0, 0
L 27, -218, 89, 26, -216, 87, 0, 0, 0
L 28, -219, 92, 27, -218, 89, 0, 0, 0
L 29, -220, 94, 28, -219, 92, 0, 0, 0
L 30, -222, 95, 29, -220, 94, 0, 0, 0
L 31, -223, 97, 30, -222, 95, 0, 0, 0
L 32, -227, 101, 31, -223, 97, 0, 0, 0
L 32, -228, 104, 32, -227, 101, 0, 0, 0
L 31, -230, 106, 32, -228, 104, 0, 0, 0
L 30, -231, 108, 31, -230, 106, 0, 0, 0
L 28, -232, 110, 30, -231, 108, 0, 0, 0
L 27, -232, 112, 28, -232, 110, 0, 0, 0
L 26, -233, 114, 27, -232, 112, 0, 0, 0
L 24, -234, 115, 26, -233, 114, 0, 0, 0
L 23, -233, 115, 24, -234, 115, 0, 0, 0
L 21, -232, 116, 23, -233, 115, 0, 0, 0
L 19, -233, 117, 21, -232, 116, 0, 0, 0
L 18, -233, 116, 19, -233, 117, 0, 0, 0
L 16, -234, 114, 18, -233, 116, 0, 0, 0
L 15, -236, 111, 16, -234, 114, 0, 0, 0
L 14, -237, 109, 15, -236, 111, 0, 0, 0
L 13, -239, 107, 14, -237, 109, 0, 0, 0
L 11, -241, 105, 13, -239, 107, 0, 0, 0
L 11, -242, 104, 11, -241, 105, 0, 0, 0
L 9, -243, 104, 11, -242, 104, 0, 0, 0
L 8, -245, 104, 9, -243, 104, 0, 0, 0
L 7, -246, 102, 8, -245, 104, 0, 0, 0
L 6, -247, 102, 7, -246, 102, 0, 0, 0
L 3, -250, 99, 6, -247, 102, 0, 0, 0
L 2, -251, 97, 3, -250, 99, 0, 0, 0
L 1, -252, 96, 2, -251, 97, 0, 0, 0
L -1, -254, 98, 1, -252, 96, 0, 0, 0
L -3, -254, 98, -1, -254, 98, 0, 0, 0
L -5, -255, 98, -3, -254, 98, 0, 0, 0
L -6, -255, 99, -5, -255, 98, 0, 0, 0
L -11, -257, 100, -6, -255, 99, 0, 0, 0
L -12, -258, 101, -11, -257, 100, 0, 0, 0
L -14, -259, 101, -12, -258, 101, 0, 0, 0
L -15, -260, 101, -14, -259, 101, 0, 0, 0
L -28, -277, 102, -15, -260, 101, 0, 0, 0
L -35, -287, 101, -28, -277, 102, 0, 0, 0
L -36, -288, 102, -35, -287, 101, 0, 0, 0
L -37, -289, 101, -36, -288, 102, 0, 0, 0
L -37, -291, 101, -37, -289, 101, 0, 0, 0
L -38, -292, 100, -37, -291, 101, 0, 0, 0
L -38, -294, 99, -38, -292, 100, 0, 0, 0
L -39, -297, 97, -38, -294, 99, 0, 0, 0
L -40, -301, 95, -39, -297, 97, 0, 0, 0
L -40, -314, 93, -40, -301, 95, 0, 0, 0
L -39, -319, 93, -40, -314, 93, 0, 0, 0
L -38, -327, 93, -39, -319, 93, 0, 0, 0
L -35, -338, 93, -38, -327, 93, 0, 0, 0
L -35, -340, 93, -35, -338, 93, 0, 0, 0
L -34, -344, 92, -35, -340, 93, 0, 0, 0
L -33, -349, 91, -34, -344, 92, 0, 0, 0
L -31, -354, 91, -33, -349, 91, 0, 0, 0
L -30, -356, 91, -31, -354, 91, 0, 0, 0
L -30, -358, 90, -30, -356, 91, 0, 0, 0
L -28, -361, 89, -30, -358, 90, 0, 0, 0
L -27, -364, 88, -28, -361, 89, 0, 0, 0
L -22, -374, 89, -27, -364, 88, 0, 0, 0
L -20, -377, 89, -22, -374, 89, 0, 0, 0
L -19, -379, 89, -20, -377, 89, 0, 0, 0
L -18, -380, 89, -19, -379, 89, 0, 0, 0
L -16, -384, 91, -18, -380, 89, 0, 0, 0
L -15, -384, 92, -16, -384, 91, 0, 0, 0
L -13, -386, 93, -15, -384, 92, 0, 0, 0
L -10, -386, 96, -13, -386, 93, 0, 0, 0
L 5, -386, 104, -10, -386, 96, 0, 0, 0
L 6, -386, 105, 5, -386, 104, 0, 0, 0
L 18, -388, 112, 6, -386, 105, 0, 0, 0
L 23, -391, 115, 18, -388, 112, 0, 0, 0
L 25, -391, 116, 23, -391, 115, 0, 0, 0
L 26, -393, 116, 25, -391, 116, 0, 0, 0
L 27, -394, 116, 26, -393, 116, 0, 0, 0
L 28, -396, 116, 27, -394, 116, 0, 0, 0
L 28, -398, 117, 28, -396, 116, 0, 0, 0
L 29, -400, 114, 28, -398, 117, 0, 0, 0
L 29, -402, 113, 29, -400, 114, 0, 0, 0
L 27, -405, 112, 29, -402, 113, 0, 0, 0
L 27, -406, 111, 27, -405, 112, 0, 0, 0
L 24, -411, 106, 27, -406, 111, 0, 0, 0
L 23, -412, 104, 24, -411, 106, 0, 0, 0
L 21, -413, 102, 23, -412, 104, 0, 0, 0
L 20, -416, 98, 21, -413, 102, 0, 0, 0
L 18, -417, 94, 20, -416, 98, 0, 0, 0
L 15, -420, 89, 18, -417, 94, 0, 0, 0
L 14, -421, 86, 15, -420, 89, 0, 0, 0
L 10, -422, 83, 14, -421, 86, 0, 0, 0
L 8, -422, 81, 10, -422, 83, 0, 0, 0
L 6, -422, 81, 8, -422, 81, 0, 0, 0
L 1, -424, 77, 6, -422, 81, 0, 0, 0
L 41, -600, 74, 44, -613, 74, 0, 0, 127
L 41, -574, 73, 41, -600, 74, 0, 0, 127
L 40, -569, 73, 41, -574, 73, 0, 0, 127
L 39, -567, 73, 40, -569, 73, 0, 0, 127
L 39, -565, 73, 39, -567, 73, 0, 0, 127
L 39, -564, 72, 39, -565, 73, 0, 0, 127
L 36, -558, 72, 39, -564, 72, 0, 0, 127
L 35, -556, 71, 36, -558, 72, 0, 0, 127
L 34, -555, 69, 35, -556, 71, 0, 0, 127
L 33, -553, 68, 34, -555, 69, 0, 0, 127
L 32, -552, 67, 33, -553, 68, 0, 0, 127
L 30, -548, 63, 32, -552, 67, 0, 0, 127
L 29, -547, 61, 30, -548, 63, 0, 0, 127
L 28, -545, 59, 29, -547, 61, 0, 0, 127
L 21, -540, 49, 28, -545, 59, 0, 0, 127
L -3, -523, 12, 21, -540, 49, 0, 0, 127
L -9, -519, 5, -3, -523, 12, 0, 0, 127
L -11, -518, 3, -9, -519, 5, 0, 0, 127
L -16, -512, 3, -11, -518, 3, 0, 0, 127
L -19, -508, 8, -16, -512, 3, 0, 0, 127
L -21, -505, 11, -19, -508, 8, 0, 0, 127
L -24, -500, 17, -21, -505, 11, 0, 0, 127
L -26, -497, 21, -24, -500, 17, 0, 0, 127
L -27, -493, 25, -26, -497, 21, 0, 0, 127
L -28, -490, 30, -27, -493, 25, 0, 0, 127
L -29, -487, 31, -28, -490, 30, 0, 0, 127
L -29, -484, 36, -29, -487, 31, 0, 0, 127
L -31, -473, 49, -29, -484, 36, 0, 0, 127
L -32, -469, 55, -31, -473, 49, 0, 0, 127
L -32, -467, 59, -32, -469, 55, 0, 0, 127
L -30, -467, 59, -32, -467, 59, 0, 0, 127
L -20, -466, 63, -30, -467, 59, 0, 0, 127
L -18, -466, 64, -20, -466, 63, 0, 0, 127
L -8, -466, 71, -18, -466, 64, 0, 0, 127
L -6, -466, 71, -8, -466, 71, 0, 0, 127
L -3, -465, 73, -6, -466, 71, 0, 0, 127
L 1, -465, 75, -3, -465, 73, 0, 0, 127
L 7, -461, 77, 1, -465, 75, 0, 0, 127
L 8, -460, 78, 7, -461, 77, 0, 0, 127
L 10, -459, 78, 8, -460, 78, 0, 0, 127
L 20, -450, 82, 10, -459, 78, 0, 0, 127
L 20, -448, 81, 20, -450, 82, 0, 0, 127
L 21, -442, 75, 20, -448, 81, 0, 0, 127
L 20, -432, 77, 21, -442, 75, 0, 0, 127
L 20, -430, 78, 20, -432, 77, 0, 0, 127
L 18, -429, 76, 20, -430, 78, 0, 0, 127
L 17, -429, 76, 18, -429, 76, 0, 0, 127
L 6, -424, 78, 17, -429, 76, 0, 0, 127
L 4, -423, 78, 6, -424, 78, 0, 0, 127
L 3, -423, 78, 4, -423, 78, 0, 0, 127
L -0, -424, 75, 3, -423, 78, 0, 0, 127
L -2, -425, 73, -0, -424, 75, 0, 0, 127
L -4, -426, 73, -2, -425, 73, 0, 0, 127
L -13, -429, 70, -4, -426, 73, 0, 0, 127
L -15, -429, 69, -13, -429, 70, 0, 0, 127
L -21, -432, 66, -15, -429, 69, 0, 0, 127
L -24, -434, 65, -21, -432, 66, 0, 0, 127
L -29, -437, 62, -24, -434, 65, 0, 0, 127
L -31, -438, 61, -29, -437, 62, 0, 0, 127
L -35, -441, 59, -31, -438, 61, 0, 0, 127
L -39, -445, 56, -35, -441, 59, 0, 0, 127
L -42, -448, 55, -39, -445, 56, 0, 0, 127
L -44, -451, 53, -42, -448, 55, 0, 0, 127
L -48, -456, 50, -44, -451, 53, 0, 0, 127
L -53, -462, 47, -48, -456, 50, 0, 0, 127
L -54, -465, 46, -53, -462, 47, 0, 0, 127
L -56, -468, 44, -54, -465, 46, 0, 0, 127
L -56, -470, 44, -56, -468, 44, 0, 0, 127
L -57, -473, 42, -56, -470, 44, 0, 0, 127
L -58, -483, 38, -57, -473, 42, 0, 0, 127
L -59, -489, 36, -58, -483, 38, 0, 0, 127
L -59, -495, 33, -59, -489, 36, 0, 0, 127
L -61, -507, 28, -59, -495, 33, 0, 0, 127
L -61, -516, 26, -61, -507, 28, 0, 0, 127
L -61, -518, 26, -61, -516, 26, 0, 0, 127
L -59, -523, 27, -61, -518, 26, 0, 0, 127
L -58, -525, 27, -59, -523, 27, 0, 0, 127
L -56, -528, 27, -58, -525, 27, 0, 0, 127
L -53, -530, 28, -56, -528, 27, 0, 0, 127
L -51, -532, 29, -53, -530, 28, 0, 0, 127
L -40, -541, 32, -51, -532, 29, 0, 0, 127
L -35, -545, 33, -40, -541, 32, 0, 0, 127
L -31, -548, 33, -35, -545, 33, 0, 0, 127
L -30, -550, 33, -31, -548, 33, 0, 0, 127
L -29, -551, 33, -30, -550, 33, 0, 0, 127
L -28, -553, 33, -29, -551, 33, 0, 0, 127
L -27, -554, 32, -28, -553, 33, 0, 0, 127
L -25, -557, 32, -27, -554, 32, 0, 0, 127
L -19, -565, 34, -25, -557, 32, 0, 0, 127
L -14, -570, 37, -19, -565, 34, 0, 0, 127
L -12, -572, 38, -14, -570, 37, 0, 0, 127
L -5, -581, 44, -12, -572, 38, 0, 0, 127
L -3, -583, 46, -5, -581, 44, 0, 0, 127
L -3, -584, 47, -3, -583, 46, 0, 0, 127
L 5, -590, 57, -3, -584, 47, 0, 0, 127
L 7, -592, 61, 5, -590, 57, 0, 0, 127
L 8, -595, 61, 7, -592, 61, 0, 0, 127
L 9, -596, 61, 8, -595, 61, 0, 0, 127
L 9, -598, 62, 9, -596, 61, 0, 0, 127
L 10, -606, 62, 9, -598, 62, 0, 0, 127
L 10, -608, 59, 10, -606, 62, 0, 0, 127
L 8, -609, 58, 10, -608, 59, 0, 0, 127
L -60, -1015, -22, -60, -1046, -19, 0, 0, 127
L -60, -1013, -22, -60, -1015, -22, 0, 0, 127
L -59, -1008, -23, -60, -1013, -22, 0, 0, 127
L -59, -976, -24, -59, -1008, -23, 0, 0, 127
L -60, -969, -23, -59, -976, -24, 0, 0, 127
L -61, -961, -23, -60, -969, -23, 0, 0, 127
L -63, -953, -23, -61, -961, -23, 0, 0, 127
L -65, -947, -23, -63, -953, -23, 0, 0, 127
L -67, -943, -22, -65, -947, -23, 0, 0, 127
L -69, -938, -22, -67, -943, -22, 0, 0, 127
L -71, -935, -22, -69, -938, -22, 0, 0, 127
L -71, -933, -22, -71, -935, -22, 0, 0, 127
L -77, -924, -19, -71, -933, -22, 0, 0, 127
L -80, -920, -18, -77, -924, -19, 0, 0, 127
L -82, -917, -17, -80, -920, -18, 0, 0, 127
L -85, -913, -16, -82, -917, -17, 0, 0, 127
L -98, -898, -7, -85, -913, -16, 0, 0, 127
L -117, -876, 14, -98, -898, -7, 0, 0, 127
L -118, -874, 17, -117, -876, 14, 0, 0, 127
L -119, -873, 21, -118, -874, 17, 0, 0, 127
L -120, -871, 21, -119, -873, 21, 0, 0, 127
L -120, -865, 25, -120, -871, 21, 0, 0, 127
L -120, -863, 25, -120, -865, 25, 0, 0, 127
L -119, -861, 26, -120, -863, 25, 0, 0, 127
L -119, -860, 26, -119, -861, 26, 0, 0, 127
L -118, -858, 27, -119, -860, 26, 0, 0, 127
L -116, -857, 28, -118, -858, 27, 0, 0, 127
L -116, -842, 40, -116, -857, 28, 0, 0, 127
L -116, -840, 45, -116, -842, 40, 0, 0, 127
L -120, -826, 67, -116, -840, 45, 0, 0, 127
L -120, -826, 68, -120, -826, 67, 0, 0, 127
L -118, -826, 70, -120, -826, 68, 0, 0, 127
L -115, -829, 72, -118, -826, 70, 0, 0, 127
L -114, -830, 72, -115, -829, 72, 0, 0, 127
L -113, -831, 73, -114, -830, 72, 0, 0, 127
L -102, -833, 73, -113, -831, 73, 0, 0, 127
L -100, -833, 73, -102, -833, 73, 0, 0, 127
L -99, -834, 73, -100, -833, 73, 0, 0, 127
L -97, -834, 73, -99, -834, 73, 0, 0, 127
L -86, -835, 73, -97, -834, 73, 0, 0, 127
L -82, -834, 73, -86, -835, 73, 0, 0, 127
L -74, -833, 73, -82, -834, 73, 0, 0, 127
L -70, -832, 73, -74, -833, 73, 0, 0, 127
L -48, -824, 74, -70, -832, 73, 0, 0, 127
L -37, -820, 73, -48, -824, 74, 0, 0, 127
L -36, -819, 73, -37, -820, 73, 0, 0, 127
L -35, -817, 73, -36, -819, 73, 0, 0, 127
L -32, -814, 73, -35, -817, 73, 0, 0, 127
L -31, -812, 73, -32, -814, 73, 0, 0, 127
L -29, -811, 73, -31, -812, 73, 0, 0, 127
L -26, -808, 73, -29, -811, 73, 0, 0, 127
L -24, -807, 72, -26, -808, 73, 0, 0, 127
L -21, -806, 70, -24, -807, 72, 0, 0, 127
L -19, -805, 69, -21, -806, 70, 0, 0, 127
L -18, -803, 69, -19, -805, 69, 0, 0, 127
L -15, -800, 69, -18, -803, 69, 0, 0, 127
L -14, -799, 70, -15, -800, 69, 0, 0, 127
L -12, -798, 70, -14, -799, 70, 0, 0, 127
L -11, -798, 70, -12, -798, 70, 0, 0, 127
L -9, -797, 69, -11, -798, 70, 0, 0, 127
L -1, -790, 66, -9, -797, 69, 0, 0, 127
L 2, -787, 63, -1, -790, 66, 0, 0, 127
L 4, -784, 60, 2, -787, 63, 0, 0, 127
L 7, -780, 56, 4, -784, 60, 0, 0, 127
L 9, -775, 53, 7, -780, 56, 0, 0, 127
L 12, -766, 45, 9, -775, 53, 0, 0, 127
L 13, -763, 42, 12, -766, 45, 0, 0, 127
L 14, -761, 41, 13, -763, 42, 0, 0, 127
L 14, -759, 39, 14, -761, 41, 0, 0, 127
L 15, -758, 37, 14, -759, 39, 0, 0, 127
L 15, -756, 34, 15, -758, 37, 0, 0, 127
L 16, -754, 31, 15, -756, 34, 0, 0, 127
L 16, -751, 26, 16, -754, 31, 0, 0, 127
L 16, -749, 19, 16, -751, 26, 0, 0, 127
L 20, -749, 18, 16, -749, 19, 0, 0, 127
L 22, -748, 18, 20, -749, 18, 0, 0, 127
L 32, -748, 22, 22, -748, 18, 0, 0, 127
L 42, -748, 25, 32, -748, 22, 0, 0, 127
L 44, -748, 26, 42, -748, 25, 0, 0, 127
L 45, -748, 27, 44, -748, 26, 0, 0, 127
L 47, -748, 28, 45, -748, 27, 0, 0, 127
L 52, -748, 28, 47, -748, 28, 0, 0, 127
L 54, -747, 28, 52, -748, 28, 0, 0, 127
L 57, -741, 20, 54, -747, 28, 0, 0, 127
L 57, -740, 17, 57, -741, 20, 0, 0, 127
L 58, -738, 17, 57, -740, 17, 0, 0, 127
L 59, -736, 15, 58, -738, 17, 0, 0, 127
L 60, -735, 13, 59, -736, 15, 0, 0, 127
L 60, -733, 12, 60, -735, 13, 0, 0, 127
L 61, -724, 2, 60, -733, 12, 0, 0, 127
L 61, -722, 0, 61, -724, 2, 0, 0, 127
L 62, -720, -1, 61, -722, 0, 0, 0, 127
L 62, -719, -2, 62, -720, -1, 0, 0, 127
L 64, -715, -2, 62, -719, -2, 0, 0, 127
L 64, -713, -2, 64, -715, -2, 0, 0, 127
L 65, -711, -3, 64, -713, -2, 0, 0, 127
L 65, -704, -1, 65, -711, -3, 0, 0, 127
L 65, -700, 1, 65, -704, -1, 0, 0, 127
L 67, -695, 3, 65, -700, 1, 0, 0, 127
L 67, -692, 4, 67, -695, 3, 0, 0, 127
L 67, -690, 6, 67, -692, 4, 0, 0, 127
L 67, -687, 8, 67, -690, 6, 0, 0, 127
L 67, -685, 9, 67, -687, 8, 0, 0, 127
L 67, -682, 9, 67, -685, 9, 0, 0, 127
L 68, -680, 9, 67, -682, 9, 0, 0, 127
L 68, -678, 10, 68, -680, 9, 0, 0, 127
L 69, -677, 11, 68, -678, 10, 0, 0, 127
L 72, -673, 14, 69, -677, 11, 0, 0, 127
L 74, -670, 15, 72, -673, 14, 0, 0, 127
L 75, -669, 15, 74, -670, 15, 0, 0, 127
L 76, -667, 15, 75, -669, 15, 0, 0, 127
L 77, -666, 14, 76, -667, 15, 0, 0, 127
L 79, -660, 11, 77, -666, 14, 0, 0, 127
L 80, -655, 9, 79, -660, 11, 0, 0, 127
L 80, -653, 8, 80, -655, 9, 0, 0, 127
L 81, -646, 7, 80, -653, 8, 0, 0, 127
L 81, -634, 10, 81, -646, 7, 0, 0, 127
L 81, -632, 11, 81, -634, 10, 0, 0, 127
L 81, -631, 10, 81, -632, 11, 0, 0, 127
L 79, -629, 8, 81, -631, 10, 0, 0, 127
L 77, -626, 7, 79, -629, 8, 0, 0, 127
L 75, -623, 5, 77, -626, 7, 0, 0, 127
L 68, -617, 1, 75, -623, 5, 0, 0, 127
L 66, -616, 1, 68, -617, 1, 0, 0, 127
L 65, -615, 2, 66, -616, 1, 0, 0, 127
L 64, -614, 2, 65, -615, 2, 0, 0, 127
L 63, -612, 3, 64, -614, 2, 0, 0, 127
L 61, -611, 3, 63, -612, 3, 0, 0, 127
L 58, -608, 4, 61, -611, 3, 0, 0, 127
L 56, -607, 4, 58, -608, 4, 0, 0, 127
L 49, -605, 7, 56, -607, 4, 0, 0, 127
L 47, -604, 7, 49, -605, 7, 0, 0, 127
L 45, -604, 8, 47, -604, 7, 0, 0, 127
L 43, -604, 8, 45, -604, 8, 0, 0, 127
L 37, -605, 10, 43, -604, 8, 0, 0, 127
L 18, -610, 16, 37, -605, 10, 0, 0, 127
L 16, -610, 17, 18, -610, 16, 0, 0, 127
L 14, -611, 18, 16, -610, 17, 0, 0, 127
L 12, -611, 19, 14, -611, 18, 0, 0, 127
L 8, -612, 21, 12, -611, 19, 0, 0, 127
L -2, -614, 26, 8, -612, 21, 0, 0, 127
L -13, -615, 32, -2, -614, 26, 0, 0, 127
L -17, -616, 34, -13, -615, 32, 0, 0, 127
L -26, -619, 38, -17, -616, 34, 0, 0, 127
L -32, -621, 39, -26, -619, 38, 0, 0, 127
L -37, -624, 38, -32, -621, 39, 0, 0, 127
L -40, -625, 38, -37, -624, 38, 0, 0, 127
L -41, -627, 37, -40, -625, 38, 0, 0, 127
L -44, -629, 37, -41, -627, 37, 0, 0, 127
L -46, -630, 36, -44, -629, 37, 0, 0, 127
L -47, -632, 36, -46, -630, 36, 0, 0, 127
L -49, -635, 35, -47, -632, 36, 0, 0, 127
L -51, -638, 35, -49, -635, 35, 0, 0, 127
L -53, -641, 34, -51, -638, 35, 0, 0, 127
L -54, -643, 34, -53, -641, 34, 0, 0, 127
L -55, -644, 33, -54, -643, 34, 0, 0, 127
L -56, -648, 33, -55, -644, 33, 0, 0, 127
L -56, -653, 32, -56, -648, 33, 0, 0, 127
L -57, -655, 31, -56, -653, 32, 0, 0, 127
L -57, -669, 29, -57, -655, 31, 0, 0, 127
L -57, -671, 29, -57, -669, 29, 0, 0, 127
L -57, -675, 28, -57, -671, 29, 0, 0, 127
L -56, -678, 27, -57, -675, 28, 0, 0, 127
L -55, -681, 27, -56, -678, 27, 0, 0, 127
L -54, -683, 26, -55, -681, 27, 0, 0, 127
L -52, -687, 25, -54, -683, 26, 0, 0, 127
L -51, -692, 24, -52, -687, 25, 0, 0, 127
L -48, -698, 23, -51, -692, 24, 0, 0, 127
L -46, -704, 21, -48, -698, 23, 0, 0, 127
L -45, -706, 21, -46, -704, 21, 0, 0, 127
L -43, -712, 21, -45, -706, 21, 0, 0, 127
L -42, -714, 21, -43, -712, 21, 0, 0, 127
L -41, -715, 21, -42, -714, 21, 0, 0, 127
L -41, -717, 21, -41, -715, 21, 0, 0, 127
L -39, -722, 22, -41, -717, 21, 0, 0, 127
L -38, -723, 22, -39, -722, 22, 0, 0, 127
L -36, -724, 22, -38, -723, 22, 0, 0, 127
L -29, -731, 26, -36, -724, 22, 0, 0, 127
L -25, -736, 28, -29, -731, 26, 0, 0, 127
L -21, -740, 30, -25, -736, 28, 0, 0, 127
L -20, -742, 30, -21, -740, 30, 0, 0, 127
L -17, -746, 29, -20, -742, 30, 0, 0, 127
L -17, -748, 29, -17, -746, 29, 0, 0, 127
L -10, -755, 31, -17, -748, 29, 0, 0, 127
L -9, -756, 32, -10, -755, 31, 0, 0, 127
L -8, -758, 34, -9, -756, 32, 0, 0, 127
L -16, -762, 34, -8, -758, 34, 0, 0, 127
L -18, -763, 35, -16, -762, 34, 0, 0, 127
L -26, -765, 41, -18, -763, 35, 0, 0, 127
L -27, -766, 42, -26, -765, 41, 0, 0, 127
L -32, -767, 45, -27, -766, 42, 0, 0, 127
L -42, -767, 46, -32, -767, 45, 0, 0, 127
L -44, -767, 47, -42, -767, 46, 0, 0, 127
L -51, -767, 47, -44, -767, 47, 0, 0, 127
L -53, -767, 46, -51, -767, 47, 0, 0, 127
L -62, -767, 44, -53, -767, 46, 0, 0, 127
L -67, -768, 42, -62, -767, 44, 0, 0, 127
L -70, -769, 42, -67, -768, 42, 0, 0, 127
L -72, -769, 42, -70, -769, 42, 0, 0, 127
L -73, -770, 42, -72, -769, 42, 0, 0, 127
L -75, -770, 41, -73, -770, 42, 0, 0, 127
L -84, -774, 40, -75, -770, 41, 0, 0, 127
L -90, -777, 40, -84, -774, 40, 0, 0, 127
L -98, -783, 40, -90, -777, 40, 0, 0, 127
L -111, -794, 41, -98, -783, 40, 0, 0, 127
L -116, -798, 40, -111, -794, 41, 0, 0, 127
L -119, -801, 40, -116, -798, 40, 0, 0, 127
L -124, -805, 38, -119, -801, 40, 0, 0, 127
L -127, -809, 37, -124, -805, 38, 0, 0, 127
L -129, -811, 37, -127, -809, 37, 0, 0, 127
L -134, -817, 34, -129, -811, 37, 0, 0, 127
L -138, -824, 33, -134, -817, 34, 0, 0, 127
L -140, -827, 32, -138, -824, 33, 0, 0, 127
L -142, -831, 31, -140, -827, 32, 0, 0, 127
L -144, -836, 30, -142, -831, 31, 0, 0, 127
L -146, -845, 28, -144, -836, 30, 0, 0, 127
L -148, -850, 27, -146, -845, 28, 0, 0, 127
L -148, -854, 26, -148, -850, 27, 0, 0, 127
L -149, -864, 24, -148, -854, 26, 0, 0, 127
L -149, -866, 23, -149, -864, 24, 0, 0, 127
L -148, -872, 22, -149, -866, 23, 0, 0, 127
L -147, -877, 21, -148, -872, 22, 0, 0, 127
L -146, -883, 20, -147, -877, 21, 0, 0, 127
L -145, -886, 19, -146, -883, 20, 0, 0, 127
L -143, -892, 18, -145, -886, 19, 0, 0, 127
L -142, -894, 18, -143, -892, 18, 0, 0, 127
L -141, -896, 17, -142, -894, 18, 0, 0, 127
L -139, -900, 17, -141, -896, 17, 0, 0, 127
L -138, -901, 16, -139, -900, 17, 0, 0, 127
L -130, -915, 11, -138, -901, 16, 0, 0, 127
L -125, -923, 7, -130, -915, 11, 0, 0, 127
L -124, -925, 6, -125, -923, 7, 0, 0, 127
L -124, -926, 5, -124, -925, 6, 0, 0, 127
L -116, -940, -9, -124, -926, 5, 0, 0, 127
L -109, -954, -16, -116, -940, -9, 0, 0, 127
L -109, -955, -16, -109, -954, -16, 0, 0, 127
L -105, -961, -16, -109, -955, -16, 0, 0, 127
L -102, -966, -16, -105, -961, -16, 0, 0, 127
L -99, -970, -16, -102, -966, -16, 0, 0, 127
L -97, -973, -16, -99, -970, -16, 0, 0, 127
L -95, -979, -16, -97, -973, -16, 0, 0, 127
L -93, -986, -15, -95, -979, -16, 0, 0, 127
L -92, -987, -15, -93, -986, -15, 0, 0, 127
L -92, -1011, -8, -92, -987, -15, 0, 0, 127
L -93, -1017, -7, -92, -1011, -8, 0, 0, 127
L -93, -1019, -7, -93, -1017, -7, 0, 0, 127
L -93, -1021, -6, -93, -1019, -7, 0, 0, 127
L -94, -1023, -5, -93, -1021, -6, 0, 0, 127
L -306, -1302, 81, -303, -1302, 81, 0, 0, 127
L -309, -1301, 81, -306, -1302, 81, 0, 0, 127
L -325, -1304, 79, -309, -1301, 81, 0, 0, 127
L -327, -1305, 79, -325, -1304, 79, 0, 0, 127
L -329, -1305, 79, -327, -1305, 79, 0, 0, 127
L -329, -1307, 78, -329, -1305, 79, 0, 0, 127
L -330, -1309, 78, -329, -1307, 78, 0, 0, 127
L -330, -1311, 77, -330, -1309, 78, 0, 0, 127
L -332, -1322, 77, -330, -1311, 77, 0, 0, 127
L -328, -1325, 77, -332, -1322, 77, 0, 0, 127
L -309, -1344, 83, -328, -1325, 77, 0, 0, 127
L -319, -1346, 88, -322, -1344, 88, 0, 0, 0
L -317, -1346, 88, -319, -1346, 88, 0, 0, 0
L -315, -1347, 88, -317, -1346, 88, 0, 0, 0
L -310, -1346, 86, -315, -1347, 88, 0, 0, 0
L -301, -1344, 85, -310, -1346, 86, 0, 0, 0
L -300, -1343, 85, -301, -1344, 85, 0, 0, 0
L -286, -1336, 85, -300, -1343, 85, 0, 0, 0
L -284, -1336, 85, -286, -1336, 85, 0, 0, 0
L -261, -1321, 84, -284, -1336, 85, 0, 0, 0
L -252, -1315, 84, -261, -1321, 84, 0, 0, 0
L -246, -1313, 84, -252, -1315, 84, 0, 0, 0
L -245, -1312, 84, -246, -1313, 84, 0, 0, 0
L -243, -1311, 84, -245, -1312, 84, 0, 0, 0
L -242, -1310, 84, -243, -1311, 84, 0, 0, 0
L -242, -1308, 83, -242, -1310, 84, 0, 0, 0
L -242, -1307, 83, -242, -1308, 83, 0, 0, 0
L -244, -1303, 83, -242, -1307, 83, 0, 0, 0
L -245, -1302, 83, -244, -1303, 83, 0, 0, 0
L -246, -1300, 83, -245, -1302, 83, 0, 0, 0
L -244, -1297, 83, -246, -1300, 83, 0, 0, 0
L -243, -1296, 83, -244, -1297, 83, 0, 0, 0
L -242, -1294, 83, -243, -1296, 83, 0, 0, 0
L -236, -1267, 83, -242, -1294, 83, 0, 0, 0
L -235, -1266, 83, -236, -1267, 83, 0, 0, 0
L -227, -1254, 83, -235, -1266, 83, 0, 0, 0
L -225, -1252, 83, -227, -1254, 83, 0, 0, 0
L -223, -1251, 83, -225, -1252, 83, 0, 0, 0
L -222, -1250, 83, -223, -1251, 83, 0, 0, 0
L -220, -1250, 84, -222, -1250, 83, 0, 0, 0
L -215, -1245, 84, -220, -1250, 84, 0, 0, 0
L -213, -1244, 85, -215, -1245, 84, 0, 0, 0
L -209, -1242, 85, -213, -1244, 85, 0, 0, 0
L -205, -1241, 86, -209, -1242, 85, 0, 0, 0
L -203, -1240, 87, -205, -1241, 86, 0, 0, 0
L -202, -1239, 88, -203, -1240, 87, 0, 0, 0
L -197, -1235, 89, -202, -1239, 88, 0, 0, 0
L -195, -1235, 90, -197, -1235, 89, 0, 0, 0
L -194, -1236, 91, -195, -1235, 90, 0, 0, 0
L -192, -1236, 91, -194, -1236, 91, 0, 0, 0
L -190, -1237, 92, -192, -1236, 91, 0, 0, 0
L -189, -1238, 92, -190, -1237, 92, 0, 0, 0
L -187, -1239, 93, -189, -1238, 92, 0, 0, 0
L -182, -1244, 95, -187, -1239, 93, 0, 0, 0
L -182, -1245, 96, -182, -1244, 95, 0, 0, 0
L -182, -1247, 96, -182, -1245, 96, 0, 0, 0
L -181, -1248, 97, -182, -1247, 96, 0, 0, 0
L -178, -1251, 97, -181, -1248, 97, 0, 0, 0
L -177, -1252, 98, -178, -1251, 97, 0, 0, 0
L -179, -1255, 98, -177, -1252, 98, 0, 0, 0
L -180, -1257, 98, -179, -1255, 98, 0, 0, 0
L -177, -1260, 96, -180, -1257, 98, 0, 0, 0
L -168, -1267, 91, -177, -1260, 96, 0, 0, 0
L -167, -1268, 90, -168, -1267, 91, 0, 0, 0
L -161, -1271, 87, -167, -1268, 90, 0, 0, 0
L -157, -1273, 84, -161, -1271, 87, 0, 0, 0
L -153, -1275, 82, -157, -1273, 84, 0, 0, 0
L -149, -1275, 80, -153, -1275, 82, 0, 0, 0
L -148, -1276, 80, -149, -1275, 80, 0, 0, 0
L -144, -1276, 80, -148, -1276, 80, 0, 0, 0
L -140, -1276, 81, -144, -1276, 80, 0, 0, 0
L -138, -1276, 81, -140, -1276, 81, 0, 0, 0
L -134, -1274, 79, -138, -1276, 81, 0, 0, 0
L -133, -1273, 79, -134, -1274, 79, 0, 0, 0
L -131, -1273, 79, -133, -1273, 79, 0, 0, 0
L -127, -1272, 80, -131, -1273, 79, 0, 0, 0
L -126, -1272, 80, -127, -1272, 80, 0, 0, 0
L -122, -1271, 80, -126, -1272, 80, 0, 0, 0
L -113, -1269, 81, -122, -1271, 80, 0, 0, 0
L -111, -1269, 81, -113, -1269, 81, 0, 0, 0
L -102, -1270, 81, -111, -1269, 81, 0, 0, 0
L -94, -1270, 81, -102, -1270, 81, 0, 0, 0
L -92, -1269, 81, -94, -1270, 81, 0, 0, 0
L -84, -1266, 81, -92, -1269, 81, 0, 0, 0
L -83, -1265, 81, -84, -1266, 81, 0, 0, 0
L -81, -1265, 81, -83, -1265, 81, 0, 0, 0
L -80, -1264, 80, -81, -1265, 81, 0, 0, 0
L -75, -1261, 80, -80, -1264, 80, 0, 0, 0
L -74, -1260, 80, -75, -1261, 80, 0, 0, 0
L -72, -1259, 80, -74, -1260, 80, 0, 0, 0
L -71, -1258, 80, -72, -1259, 80, 0, 0, 0
L -69, -1257, 80, -71, -1258, 80, 0, 0, 0
L -68, -1256, 80, -69, -1257, 80, 0, 0, 0
L -64, -1255, 80, -68, -1256, 80, 0, 0, 0
L -60, -1255, 80, -64, -1255, 80, 0, 0, 0
L -58, -1256, 80, -60, -1255, 80, 0, 0, 0
L -56, -1256, 80, -58, -1256, 80, 0, 0, 0
L -54, -1256, 81, -56, -1256, 80, 0, 0, 0
L -49, -1257, 81, -54, -1256, 81, 0, 0, 0
L -42, -1260, 82, -49, -1257, 81, 0, 0, 0
L -41, -1261, 82, -42, -1260, 82, 0, 0, 0
L -39, -1263, 83, -41, -1261, 82, 0, 0, 0
L -37, -1264, 84, -39, -1263, 83, 0, 0, 0
L -36, -1266, 84, -37, -1264, 84, 0, 0, 0
L -32, -1269, 85, -36, -1266, 84, 0, 0, 0
L -31, -1271, 86, -32, -1269, 85, 0, 0, 0
L -27, -1274, 86, -31, -1271, 86, 0, 0, 0
L -25, -1275, 86, -27, -1274, 86, 0, 0, 0
L -24, -1275, 87, -25, -1275, 86, 0, 0, 0
L -16, -1278, 89, -24, -1275, 87, 0, 0, 0
L -2, -1281, 92, -16, -1278, 89, 0, 0, 0
L -1, -1282, 92, -2, -1281, 92, 0, 0, 0
L 0, -1282, 92, -1, -1282, 92, 0, 0, 0
L 9, -1281, 92, 0, -1282, 92, 0, 0, 0
L 17, -1276, 92, 9, -1281, 92, 0, 0, 0
L 19, -1275, 92, 17, -1276, 92, 0, 0, 0
L 22, -1272, 92, 19, -1275, 92, 0, 0, 0
L 23, -1271, 91, 22, -1272, 92, 0, 0, 0
L 24, -1269, 91, 23, -1271, 91, 0, 0, 0
L 25, -1268, 90, 24, -1269, 91, 0, 0, 0
L 25, -1266, 89, 25, -1268, 90, 0, 0, 0
L 27, -1259, 87, 25, -1266, 89, 0, 0, 0
L 27, -1257, 86, 27, -1259, 87, 0, 0, 0
L 28, -1256, 86, 27, -1257, 86, 0, 0, 0
L 28, -1249, 85, 28, -1256, 86, 0, 0, 0
L 28, -1248, 84, 28, -1249, 85, 0, 0, 0
L 27, -1234, 81, 28, -1248, 84, 0, 0, 0
L 26, -1233, 80, 27, -1234, 81, 0, 0, 0
L 26, -1231, 79, 26, -1233, 80, 0, 0, 0
L 25, -1230, 79, 26, -1231, 79, 0, 0, 0
L 22, -1223, 76, 25, -1230, 79, 0, 0, 0
L 20, -1219, 74, 22, -1223, 76, 0, 0, 0
L 19, -1218, 73, 20, -1219, 74, 0, 0, 0
L 19, -1216, 73, 19, -1218, 73, 0, 0, 0
L 18, -1215, 73, 19, -1216, 73, 0, 0, 0
L 18, -1206, 73, 18, -1215, 73, 0, 0, 0
L 19, -1202, 73, 18, -1206, 73, 0, 0, 0
L 19, -1200, 73, 19, -1202, 73, 0, 0, 0
L 20, -1198, 73, 19, -1200, 73, 0, 0, 0
L 22, -1195, 73, 20, -1198, 73, 0, 0, 0
L 23, -1194, 73, 22, -1195, 73, 0, 0, 0
L 24, -1192, 73, 23, -1194, 73, 0, 0, 0
L 26, -1190, 73, 24, -1192, 73, 0, 0, 0
L 26, -1188, 73, 26, -1190, 73, 0, 0, 0
L 28, -1187, 73, 26, -1188, 73, 0, 0, 0
L 28, -1186, 73, 28, -1187, 73, 0, 0, 0
L 29, -1184, 73, 28, -1186, 73, 0, 0, 0
L 30, -1183, 73, 29, -1184, 73, 0, 0, 0
L 31, -1181, 74, 30, -1183, 73, 0, 0, 0
L 34, -1175, 74, 31, -1181, 74, 0, 0, 0
L 36, -1172, 75, 34, -1175, 74, 0, 0, 0
L 37, -1163, 76, 36, -1172, 75, 0, 0, 0
L 39, -1154, 78, 37, -1163, 76, 0, 0, 0
L 39, -1150, 78, 39, -1154, 78, 0, 0, 0
L 40, -1145, 80, 39, -1150, 78, 0, 0, 0
L 41, -1141, 80, 40, -1145, 80, 0, 0, 0
L 41, -1139, 80, 41, -1141, 80, 0, 0, 0
L 39, -1134, 81, 41, -1139, 80, 0, 0, 0
L 36, -1128, 83, 39, -1134, 81, 0, 0, 0
L 35, -1127, 83, 36, -1128, 83, 0, 0, 0
L 34, -1125, 83, 35, -1127, 83, 0, 0, 0
L 29, -1120, 84, 34, -1125, 83, 0, 0, 0
L 28, -1119, 84, 29, -1120, 84, 0, 0, 0
L 20, -1113, 83, 28, -1119, 84, 0, 0, 0
L 19, -1113, 83, 20, -1113, 83, 0, 0, 0
L 13, -1106, 84, 19, -1113, 83, 0, 0, 0
L 12, -1105, 84, 13, -1106, 84, 0, 0, 0
L 10, -1104, 83, 12, -1105, 84, 0, 0, 0
L 10, -1102, 83, 10, -1104, 83, 0, 0, 0
L 8, -1095, 84, 10, -1102, 83, 0, 0, 0
L 8, -1093, 84, 8, -1095, 84, 0, 0, 0
L 8, -1091, 85, 8, -1093, 84, 0, 0, 0
L 9, -1082, 86, 8, -1091, 85, 0, 0, 0
L 10, -1081, 86, 9, -1082, 86, 0, 0, 0
L 12, -1076, 87, 10, -1081, 86, 0, 0, 0
L 12, -1074, 87, 12, -1076, 87, 0, 0, 0
L 13, -1072, 88, 12, -1074, 87, 0, 0, 0
L 15, -1068, 88, 13, -1072, 88, 0, 0, 0
L 19, -1058, 89, 15, -1068, 88, 0, 0, 0
L 22, -1050, 90, 19, -1058, 89, 0, 0, 0
L 22, -1047, 90, 22, -1050, 90, 0, 0, 0
L 22, -1045, 89, 22, -1047, 90, 0, 0, 0
L 21, -1044, 88, 22, -1045, 89, 0, 0, 0
L 19, -1040, 89, 21, -1044, 88, 0, 0, 0
L 13, -1028, 90, 19, -1040, 89, 0, 0, 0
L 11, -1026, 90, 13, -1028, 90, 0, 0, 0
L 9, -1025, 88, 11, -1026, 90, 0, 0, 0
L 6, -1025, 85, 9, -1025, 88, 0, 0, 0
L 4, -1025, 84, 6, -1025, 85, 0, 0, 0
L 3, -1025, 83, 4, -1025, 84, 0, 0, 0
L -7, -1027, 79, 3, -1025, 83, 0, 0, 0
L -17, -1030, 77, -7, -1027, 79, 0, 0, 0
L -18, -1030, 77, -17, -1030, 77, 0, 0, 0
L -29, -1034, 77, -18, -1030, 77, 0, 0, 0
L -33, -1037, 78, -29, -1034, 77, 0, 0, 0
L -42, -1043, 78, -33, -1037, 78, 0, 0, 0
L -44, -1043, 79, -42, -1043, 78, 0, 0, 0
L -54, -1043, 81, -44, -1043, 79, 0, 0, 0
L -59, -1041, 83, -54, -1043, 81, 0, 0, 0
L -62, -1039, 84, -59, -1041, 83, 0, 0, 0
L -64, -1038, 84, -62, -1039, 84, 0, 0, 0
L -65, -1037, 84, -64, -1038, 84, 0, 0, 0
L -67, -1036, 84, -65, -1037, 84, 0, 0, 0
L -70, -1034, 82, -67, -1036, 84, 0, 0, 0
L -72, -1033, 80, -70, -1034, 82, 0, 0, 0
L -73, -1032, 80, -72, -1033, 80, 0, 0, 0
L -77, -1029, 80, -73, -1032, 80, 0, 0, 0
L -81, -1026, 79, -77, -1029, 80, 0, 0, 0
L -88, -1020, 79, -81, -1026, 79, 0, 0, 0
L -90, -1019, 79, -88, -1020, 79, 0, 0, 0
L -97, -1015, 80, -90, -1019, 79, 0, 0, 0
L -103, -1013, 81, -97, -1015, 80, 0, 0, 0
L -104, -1014, 84, -103, -1013, 81, 0, 0, 0
L -105, -1017, 85, -104, -1014, 84, 0, 0, 0
L -106, -1023, 89, -105, -1017, 85, 0, 0, 0
L -107, -1029, 92, -106, -1023, 89, 0, 0, 0
L -113, -1032, 95, -107, -1029, 92, 0, 0, 0
L -114, -1033, 96, -113, -1032, 95, 0, 0, 0
L -116, -1033, 96, -114, -1033, 96, 0, 0, 0
L -121, -1033, 97, -116, -1033, 96, 0, 0, 0
L -123, -1033, 97, -121, -1033, 97, 0, 0, 0
L -125, -1034, 95, -123, -1033, 97, 0, 0, 0
L -137, -1036, 91, -125, -1034, 95, 0, 0, 0
L -144, -1038, 88, -137, -1036, 91, 0, 0, 0
L -146, -1038, 87, -144, -1038, 88, 0, 0, 0
L -156, -1038, 85, -146, -1038, 87, 0, 0, 0
L -165, -1038, 84, -156, -1038, 85, 0, 0, 0
L -167, -1038, 84, -165, -1038, 84, 0, 0, 0
L -168, -1038, 83, -167, -1038, 84, 0, 0, 0
L -170, -1039, 83, -168, -1038, 83, 0, 0, 0
L -172, -1039, 82, -170, -1039, 83, 0, 0, 0
L -173, -1040, 81, -172, -1039, 82, 0, 0, 0
L -175, -1041, 81, -173, -1040, 81, 0, 0, 0
L -197, -1056, 82, -175, -1041, 81, 0, 0, 0
L -198, -1057, 82, -197, -1056, 82, 0, 0, 0
L -200, -1058, 82, -198, -1057, 82, 0, 0, 0
L -201, -1060, 82, -200, -1058, 82, 0, 0, 0
L -202, -1061, 82, -201, -1060, 82, 0, 0, 0
L -202, -1062, 83, -202, -1061, 82, 0, 0, 0
L -203, -1064, 83, -202, -1062, 83, 0, 0, 0
L -205, -1070, 83, -203, -1064, 83, 0, 0, 0
L -206, -1076, 79, -205, -1070, 83, 0, 0, 0
L -206, -1078, 78, -206, -1076, 79, 0, 0, 0
L -207, -1081, 78, -206, -1078, 78, 0, 0, 0
L -208, -1093, 79, -207, -1081, 78, 0, 0, 0
L -207, -1095, 79, -208, -1093, 79, 0, 0, 0
L -207, -1097, 79, -207, -1095, 79, 0, 0, 0
L -202, -1107, 79, -207, -1097, 79, 0, 0, 0
L -199, -1111, 80, -202, -1107, 79, 0, 0, 0
L -192, -1120, 81, -199, -1111, 80, 0, 0, 0
L -188, -1127, 82, -192, -1120, 81, 0, 0, 0
L -187, -1128, 82, -188, -1127, 82, 0, 0, 0
L -183, -1135, 83, -187, -1128, 82, 0, 0, 0
L -180, -1142, 84, -183, -1135, 83, 0, 0, 0
L -179, -1150, 84, -180, -1142, 84, 0, 0, 0
L -178, -1163, 85, -179, -1150, 84, 0, 0, 0
L -178, -1165, 84, -178, -1163, 85, 0, 0, 0
L -180, -1173, 84, -178, -1165, 84, 0, 0, 0
L -182, -1178, 84, -180, -1173, 84, 0, 0, 0
L -184, -1182, 84, -182, -1178, 84, 0, 0, 0
L -184, -1183, 84, -184, -1182, 84, 0, 0, 0
L -186, -1186, 84, -184, -1183, 84, 0, 0, 0
L -187, -1187, 83, -186, -1186, 84, 0, 0, 0
L -187, -1189, 81, -187, -1187, 83, 0, 0, 0
L -187, -1191, 81, -187, -1189, 81, 0, 0, 0
L -189, -1192, 80, -187, -1191, 81, 0, 0, 0
L -190, -1194, 79, -189, -1192, 80, 0, 0, 0
L -192, -1198, 79, -190, -1194, 79, 0, 0, 0
L -194, -1198, 79, -192, -1198, 79, 0, 0, 0
L -195, -1200, 77, -194, -1198, 79, 0, 0, 0
L -197, -1201, 76, -195, -1200, 77, 0, 0, 0
L -202, -1204, 76, -197, -1201, 76, 0, 0, 0
L -204, -1205, 75, -202, -1204, 76, 0, 0, 0
L -213, -1207, 74, -204, -1205, 75, 0, 0, 0
L -215, -1208, 74, -213, -1207, 74, 0, 0, 0
L -216, -1208, 74, -215, -1208, 74, 0, 0, 0
L -224, -1209, 75, -216, -1208, 74, 0, 0, 0
L -226, -1208, 75, -224, -1209, 75, 0, 0, 0
L -230, -1209, 75, -226, -1208, 75, 0, 0, 0
L -241, -1211, 75, -230, -1209, 75, 0, 0, 0
L -243, -1211, 75, -241, -1211, 75, 0, 0, 0
L -245, -1213, 75, -243, -1211, 75, 0, 0, 0
L -246, -1213, 75, -245, -1213, 75, 0, 0, 0
L -248, -1214, 75, -246, -1213, 75, 0, 0, 0
L -252, -1218, 75, -248, -1214, 75, 0, 0, 0
L -256, -1224, 76, -252, -1218, 75, 0, 0, 0
L -259, -1231, 77, -256, -1224, 76, 0, 0, 0
L -260, -1233, 77, -259, -1231, 77, 0, 0, 0
L -260, -1241, 77, -260, -1233, 77, 0, 0, 0
L -261, -1247, 77, -260, -1241, 77, 0, 0, 0
L -263, -1254, 79, -261, -1247, 77, 0, 0, 0
L -264, -1255, 79, -263, -1254, 79, 0, 0, 0
L -264, -1257, 79, -264, -1255, 79, 0, 0, 0
L -266, -1258, 79, -264, -1257, 79, 0, 0, 0
L -268, -1261, 80, -266, -1258, 79, 0, 0, 0
L -269, -1262, 80, -268, -1261, 80, 0, 0, 0
L -275, -1274, 83, -269, -1262, 80, 0, 0, 0
L -275, -1278, 83, -275, -1274, 83, 0, 0, 0
L -276, -1282, 83, -275, -1278, 83, 0, 0, 0
L -277, -1284, 83, -276, -1282, 83, 0, 0, 0
L -278, -1285, 84, -277, -1284, 83, 0, 0, 0
L -282, -1290, 86, -278, -1285, 84, 0, 0, 0
L -283, -1292, 86, -282, -1290, 86, 0, 0, 0
L -284, -1293, 87, -283, -1292, 86, 0, 0, 0
L -286, -1294, 87, -284, -1293, 87, 0, 0, 0
L -289, -1297, 88, -286, -1294, 87, 0, 0, 0
L -296, -1302, 91, -289, -1297, 88, 0, 0, 0
L -298, -1302, 92, -296, -1302, 91, 0, 0, 0
L -301, -1305, 93, -298, -1302, 92, 0, 0, 0
L -306, -1304, 98, -301, -1305, 93, 0, 0, 0
L -307, -1303, 99, -306, -1304, 98, 0, 0, 0
L -311, -1302, 103, -307, -1303, 99, 0, 0, 0
L -313, -1301, 104, -311, -1302, 103, 0, 0, 0
L -314, -1299, 106, -313, -1301, 104, 0, 0, 0
L -316, -1297, 110, -314, -1299, 106, 0, 0, 0
L -318, -1296, 111, -316, -1297, 110, 0, 0, 0
L -319, -1295, 113, -318, -1296, 111, 0, 0, 0
L -323, -1293, 117, -319, -1295, 113, 0, 0, 0
L -331, -1288, 124, -323, -1293, 117, 0, 0, 0
L -332, -1287, 125, -331, -1288, 124, 0, 0, 0
L -333, -1285, 127, -332, -1287, 125, 0, 0, 0
L -338, -1274, 134, -333, -1285, 127, 0, 0, 0
L -338, -1273, 134, -338, -1274, 134, 0, 0, 0
L -339, -1271, 134, -338, -1273, 134, 0, 0, 0
L -341, -1270, 132, -339, -1271, 134, 0, 0, 0
L -343, -1269, 131, -341, -1270, 132, 0, 0, 0
L -344, -1267, 130, -343, -1269, 131, 0, 0, 0
L -346, -1266, 130, -344, -1267, 130, 0, 0, 0
L -348, -1264, 128, -346, -1266, 130, 0, 0, 0
L -349, -1263, 128, -348, -1264, 128, 0, 0, 0
L -352, -1259, 129, -349, -1263, 128, 0, 0, 0
L -353, -1258, 130, -352, -1259, 129, 0, 0, 0
L -355, -1257, 129, -353, -1258, 130, 0, 0, 0
L -361, -1253, 124, -355, -1257, 129, 0, 0, 0
L -365, -1251, 123, -361, -1253, 124, 0, 0, 0
L -368, -1250, 124, -365, -1251, 123, 0, 0, 0
L -373, -1248, 126, -368, -1250, 124, 0, 0, 0
L -377, -1246, 127, -373, -1248, 126, 0, 0, 0
L -387, -1244, 130, -377, -1246, 127, 0, 0, 0
L -396, -1241, 132, -387, -1244, 130, 0, 0, 0
L -405, -1239, 134, -396, -1241, 132, 0, 0, 0
L -415, -1237, 137, -405, -1239, 134, 0, 0, 0
L -425, -1235, 137, -415, -1237, 137, 0, 0, 0
L -427, -1235, 137, -425, -1235, 137, 0, 0, 0
L -431, -1233, 137, -427, -1235, 137, 0, 0, 0
L -437, -1231, 136, -431, -1233, 137, 0, 0, 0
L -438, -1230, 136, -437, -1231, 136, 0, 0, 0
L -439, -1229, 137, -438, -1230, 136, 0, 0, 0
L -440, -1218, 139, -439, -1229, 137, 0, 0, 0
L -439, -1217, 139, -440, -1218, 139, 0, 0, 0
L -439, -1214, 139, -439, -1217, 139, 0, 0, 0
L -439, -1213, 138, -439, -1214, 139, 0, 0, 0
L -438, -1211, 139, -439, -1213, 138, 0, 0, 0
L -438, -1203, 139, -438, -1211, 139, 0, 0, 0
L -438, -1202, 138, -438, -1203, 139, 0, 0, 0
L -440, -1198, 139, -438, -1202, 138, 0, 0, 0
L -440, -1196, 140, -440, -1198, 139, 0, 0, 0
L -441, -1195, 141, -440, -1196, 140, 0, 0, 0
L -450, -1192, 146, -441, -1195, 141, 0, 0, 0
L -458, -1188, 151, -450, -1192, 146, 0, 0, 0
L -460, -1187, 152, -458, -1188, 151, 0, 0, 0
L -463, -1184, 153, -460, -1187, 152, 0, 0, 0
L -465, -1183, 154, -463, -1184, 153, 0, 0, 0
L -473, -1181, 150, -465, -1183, 154, 0, 0, 0
L -475, -1181, 149, -473, -1181, 150, 0, 0, 0
L -485, -1180, 142, -475, -1181, 149, 0, 0, 0
L -490, -1181, 143, -485, -1180, 142, 0, 0, 0
L -494, -1181, 144, -490, -1181, 143, 0, 0, 0
L -503, -1184, 145, -494, -1181, 144, 0, 0, 0
L -505, -1185, 146, -503, -1184, 145, 0, 0, 0
L -506, -1185, 146, -505, -1185, 146, 0, 0, 0
L -515, -1192, 148, -506, -1185, 146, 0, 0, 0
L -521, -1194, 150, -515, -1192, 148, 0, 0, 0
L -526, -1196, 152, -521, -1194, 150, 0, 0, 0
L -529, -1196, 153, -526, -1196, 152, 0, 0, 0
L -539, -1197, 155, -529, -1196, 153, 0, 0, 0
L -540, -1197, 156, -539, -1197, 155, 0, 0, 0
L -545, -1197, 158, -540, -1197, 156, 0, 0, 0
L -547, -1197, 158, -545, -1197, 158, 0, 0, 0
L -548, -1196, 158, -547, -1197, 158, 0, 0, 0
L -553, -1196, 159, -548, -1196, 158, 0, 0, 0
L -555, -1196, 159, -553, -1196, 159, 0, 0, 0
L -558, -1197, 160, -555, -1196, 159, 0, 0, 0
L -566, -1201, 160, -558, -1197, 160, 0, 0, 0
L -568, -1202, 161, -566, -1201, 160, 0, 0, 0
L -573, -1207, 161, -568, -1202, 161, 0, 0, 0
L -574, -1209, 161, -573, -1207, 161, 0, 0, 0
L -574, -1211, 161, -574, -1209, 161, 0, 0, 0
L -575, -1215, 161, -574, -1211, 161, 0, 0, 0
L -574, -1217, 161, -575, -1215, 161, 0, 0, 0
L -574, -1219, 161, -574, -1217, 161, 0, 0, 0
L -573, -1220, 161, -574, -1219, 161, 0, 0, 0
L -572, -1222, 161, -573, -1220, 161, 0, 0, 0
L -572, -1224, 161, -572, -1222, 161, 0, 0, 0
L -571, -1226, 161, -572, -1224, 161, 0, 0, 0
L -569, -1228, 159, -571, -1226, 161, 0, 0, 0
L -565, -1230, 157, -569, -1228, 159, 0, 0, 0
L -555, -1231, 157, -565, -1230, 157, 0, 0, 0
L -553, -1231, 157, -555, -1231, 157, 0, 0, 0
L -553, -1233, 157, -553, -1231, 157, 0, 0, 0
L -552, -1239, 157, -553, -1233, 157, 0, 0, 0
L -552, -1246, 158, -552, -1239, 157, 0, 0, 0
L -551, -1254, 158, -552, -1246, 158, 0, 0, 0
L -552, -1261, 159, -551, -1254, 158, 0, 0, 0
L -552, -1263, 159, -552, -1261, 159, 0, 0, 0
L -553, -1265, 159, -552, -1263, 159, 0, 0, 0
L -553, -1268, 159, -553, -1265, 159, 0, 0, 0
L -557, -1278, 160, -553, -1268, 159, 0, 0, 0
L -559, -1282, 161, -557, -1278, 160, 0, 0, 0
L -561, -1287, 161, -559, -1282, 161, 0, 0, 0
L -562, -1290, 162, -561, -1287, 161, 0, 0, 0
L -558, -1301, 162, -562, -1290, 162, 0, 0, 0
L -556, -1305, 162, -558, -1301, 162, 0, 0, 0
L -556, -1307, 162, -556, -1305, 162, 0, 0, 0
L -553, -1310, 162, -556, -1307, 162, 0, 0, 0
L -551, -1311, 163, -553, -1310, 162, 0, 0, 0
L -549, -1313, 163, -551, -1311, 163, 0, 0, 0
L -535, -1319, 163, -549, -1313, 163, 0, 0, 0
L -526, -1322, 163, -535, -1319, 163, 0, 0, 0
L -524, -1323, 163, -526, -1322, 163, 0, 0, 0
L -521, -1323, 163, -524, -1323, 163, 0, 0, 0
L -520, -1324, 162, -521, -1323, 163, 0, 0, 0
L -494, -1325, 147, -520, -1324, 162, 0, 0, 0
L -492, -1325, 146, -494, -1325, 147, 0, 0, 0
L -486, -1327, 145, -492, -1325, 146, 0, 0, 0
L -484, -1327, 145, -486, -1327, 145, 0, 0, 0
L -482, -1328, 144, -484, -1327, 145, 0, 0, 0
L -480, -1327, 143, -482, -1328, 144, 0, 0, 0
L -477, -1327, 139, -480, -1327, 143, 0, 0, 0
L -475, -1327, 139, -477, -1327, 139, 0, 0, 0
L -473, -1326, 139, -475, -1327, 139, 0, 0, 0
L -471, -1326, 139, -473, -1326, 139, 0, 0, 0
L -465, -1320, 138, -471, -1326, 139, 0, 0, 0
L -463, -1317, 139, -465, -1320, 138, 0, 0, 0
L -458, -1312, 139, -463, -1317, 139, 0, 0, 0
L -455, -1308, 139, -458, -1312, 139, 0, 0, 0
L -452, -1302, 139, -455, -1308, 139, 0, 0, 0
L -451, -1301, 139, -452, -1302, 139, 0, 0, 0
L -446, -1281, 139, -451, -1301, 139, 0, 0, 0
L -445, -1279, 139, -446, -1281, 139, 0, 0, 0
L -442, -1275, 139, -445, -1279, 139, 0, 0, 0
L -441, -1273, 139, -442, -1275, 139, 0, 0, 0
L -439, -1271, 139, -441, -1273, 139, 0, 0, 0
L -437, -1270, 139, -439, -1271, 139, 0, 0, 0
L -436, -1270, 139, -437, -1270, 139, 0, 0, 0
L -435, -1269, 139, -436, -1270, 139, 0, 0, 0
L -427, -1269, 139, -435, -1269, 139, 0, 0, 0
L -417, -1269, 137, -427, -1269, 139, 0, 0, 0
L -416, -1269, 137, -417, -1269, 137, 0, 0, 0
L -414, -1270, 136, -416, -1269, 137, 0, 0, 0
L -411, -1270, 134, -414, -1270, 136, 0, 0, 0
L -410, -1270, 133, -411, -1270, 134, 0, 0, 0
L -405, -1270, 133, -410, -1270, 133, 0, 0, 0
L -404, -1274, 133, -405, -1270, 133, 0, 0, 0
L -403, -1275, 133, -404, -1274, 133, 0, 0, 0
L -400, -1276, 131, -403, -1275, 133, 0, 0, 0
L -398, -1276, 131, -400, -1276, 131, 0, 0, 0
L -397, -1276, 129, -398, -1276, 131, 0, 0, 0
L -395, -1276, 128, -397, -1276, 129, 0, 0, 0
L -390, -1280, 123, -395, -1276, 128, 0, 0, 0
L -389, -1280, 123, -390, -1280, 123, 0, 0, 0
L -386, -1283, 121, -389, -1280, 123, 0, 0, 0
L -385, -1284, 120, -386, -1283, 121, 0, 0, 0
L -382, -1286, 117, -385, -1284, 120, 0, 0, 0
L -381, -1286, 117, -382, -1286, 117, 0, 0, 0
L -380, -1288, 117, -381, -1286, 117, 0, 0, 0
L -380, -1289, 117, -380, -1288, 117, 0, 0, 0
L -377, -1294, 115, -380, -1289, 117, 0, 0, 0
L -376, -1295, 114, -377, -1294, 115, 0, 0, 0
L -375, -1296, 112, -376, -1295, 114, 0, 0, 0
L -371, -1302, 110, -375, -1296, 112, 0, 0, 0
L -371, -1303, 109, -371, -1302, 110, 0, 0, 0
L -364, -1310, 101, -371, -1303, 109, 0, 0, 0
L -363, -1311, 100, -364, -1310, 101, 0, 0, 0
L -362, -1313, 99, -363, -1311, 100, 0, 0, 0
L -361, -1314, 98, -362, -1313, 99, 0, 0, 0
L -351, -1329, 97, -361, -1314, 98, 0, 0, 0
L -350, -1330, 97, -351, -1329, 97, 0, 0, 0
L -349, -1332, 97, -350, -1330, 97, 0, 0, 0
L -348, -1333, 97, -349, -1332, 97, 0, 0, 0
L -347, -1334, 96, -348, -1333, 97, 0, 0, 0
L -344, -1337, 96, -347, -1334, 96, 0, 0, 0
L -339, -1340, 96, -344, -1337, 96, 0, 0, 0
L -337, -1340, 95, -339, -1340, 96, 0, 0, 0
L -331, -1342, 92, -337, -1340, 95, 0, 0, 0
L -329, -1342, 91, -331, -1342, 92, 0, 0, 0
L -321, -1345, 88, -329, -1342, 91, 0, 0, 0
L -318, -1346, 88, -321, -1345, 88, 0, 0, 0
L -316, -1347, 87, -318, -1346, 88, 0, 0, 0
L -305, -1346, 86, -316, -1347, 87, 0, 0, 0
L -303, -1346, 85, -305, -1346, 86, 0, 0, 0
L -291, -1338, 86, -303, -1346, 85, 0, 0, 0
L -288, -1337, 86, -291, -1338, 86, 0, 0, 0
L -287, -1336, 87, -288, -1337, 86, 0, 0, 0
L -277, -1333, 87, -287, -1336, 87, 0, 0, 0
L 54, -242, 83, 54, -244, 84, 0, 0, 0
L 54, -244, 84, 55, -246, 85, 0, 0, 0
L 55, -246, 85, 55, -247, 86, 0, 0, 0
L 55, -247, 86, 57, -249, 87, 0, 0, 0
L 57, -249, 87, 60, -253, 88, 0, 0, 0
L 60, -253, 88, 61, -254, 88, 0, 0, 0
L 61, -254, 88, 82, -261, 88, 0, 0, 0
L 82, -261, 88, 84, -262, 88, 0, 0, 0
L 84, -262, 88, 85, -263, 88, 0, 0, 0
L 85, -263, 88, 94, -271, 88, 0, 0, 0
L 94, -271, 88, 95, -272, 88, 0, 0, 0
L 95, -272, 88, 118, -308, 88, 0, 0, 0
L 118, -308, 88, 124, -319, 88, 0, 0, 0
L 124, -319, 88, 127, -325, 87, 0, 0, 0
L 127, -325, 87, 128, -330, 87, 0, 0, 0
L 128, -330, 87, 130, -335, 86, 0, 0, 0
L 130, -335, 86, 130, -337, 86, 0, 0, 0
L 130, -337, 86, 130, -346, 84, 0, 0, 0
L 130, -346, 84, 128, -352, 84, 0, 0, 0
L 128, -352, 84, 128, -354, 83, 0, 0, 0
L 128, -354, 83, 128, -356, 83, 0, 0, 0
L 128, -356, 83, 127, -357, 83, 0, 0, 0
L 127, -357, 83, 126, -359, 82, 0, 0, 0
L 126, -359, 82, 124, -362, 82, 0, 0, 0
L 124, -362, 82, 121, -367, 84, 0, 0, 0
L 121, -367, 84, 119, -369, 88, 0, 0, 0
L 119, -369, 88, 117, -371, 90, 0, 0, 0
L 117, -371, 90, 115, -372, 91, 0, 0, 0
L 115, -372, 91, 114, -373, 92, 0, 0, 0
L 114, -373, 92, 112, -374, 94, 0, 0, 0
L 112, -374, 94, 110, -374, 94, 0, 0, 0
L 110, -374, 94, 88, -376, 96, 0, 0, 0
L 88, -376, 96, 86, -376, 96, 0, 0, 0
L 86, -376, 96, 85, -377, 97, 0, 0, 0
L 85, -377, 97, 83, -377, 97, 0, 0, 0
L 83, -377, 97, 82, -378, 98, 0, 0, 0
L 82, -378, 98, 80, -379, 99, 0, 0, 0
L 80, -379, 99, 79, -380, 100, 0, 0, 0
L 79, -380, 100, 70, -390, 111, 0, 0, 0
L 70, -390, 111, 69, -391, 112, 0, 0, 0
L 69, -391, 112, 65, -396, 112, 0, 0, 0
L 65, -396, 112, 64, -397, 113, 0, 0, 0
L 64, -397, 113, 64, -399, 114, 0, 0, 0
L 64, -399, 114, 63, -401, 116, 0, 0, 0
L 63, -401, 116, 62, -404, 117, 0, 0, 0
L 62, -404, 117, 62, -406, 117, 0, 0, 0
L 62, -406, 117, 61, -408, 117, 0, 0, 0
L 61, -408, 117, 59, -411, 116, 0, 0, 0
L 59, -411, 116, 58, -412, 116, 0, 0, 0
L 58, -412, 116, 50, -423, 110, 0, 0, 0
L 50, -423, 110, 49, -424, 110, 0, 0, 0
L 49, -424, 110, 43, -431, 105, 0, 0, 0
L 43, -431, 105, 40, -434, 103, 0, 0, 0
L 40, -434, 103, 14, -457, 85, 0, 0, 0
L 14, -457, 85, 12, -458, 85, 0, 0, 0
L 12, -458, 85, 12, -459, 84, 0, 0, 0
L 546, -1964, 121, 522, -1952, 114, 0, 0, 0
L 522, -1952, 114, 513, -1949, 111, 0, 0, 0
L 513, -1949, 111, 497, -1943, 106, 0, 0, 0
L 497, -1943, 106, 495, -1942, 105, 0, 0, 0
L 495, -1942, 105, 490, -1939, 105, 0, 0, 0
L 490, -1939, 105, 487, -1936, 105, 0, 0, 0
L 487, -1936, 105, 482, -1931, 107, 0, 0, 0
L 482, -1931, 107, 481, -1930, 107, 0, 0, 0
L 481, -1930, 107, 479, -1929, 106, 0, 0, 0
L 479, -1929, 106, 478, -1928, 106, 0, 0, 0
L 478, -1928, 106, 475, -1928, 106, 0, 0, 0
L 475, -1928, 106, 472, -1927, 105, 0, 0, 0
L 472, -1927, 105, 462, -1926, 103, 0, 0, 0
L 462, -1926, 103, 455, -1925, 101, 0, 0, 0
L 455, -1925, 101, 453, -1925, 100, 0, 0, 0
L 453, -1925, 100, 443, -1925, 98, 0, 0, 0
L 443, -1925, 98, 423, -1925, 95, 0, 0, 0
L 423, -1925, 95, 412, -1925, 96, 0, 0, 0
L 412, -1925, 96, 402, -1926, 97, 0, 0, 0
L 402, -1926, 97, 400, -1925, 97, 0, 0, 0
L 400, -1925, 97, 391, -1925, 97, 0, 0, 0
L 391, -1925, 97, 390, -1926, 97, 0, 0, 0
L 390, -1926, 97, 384, -1926, 95, 0, 0, 0
L 384, -1926, 95, 374, -1924, 92, 0, 0, 0
L 374, -1924, 92, 372, -1922, 92, 0, 0, 0
L 372, -1922, 92, 371, -1921, 91, 0, 0, 0
L 371, -1921, 91, 369, -1920, 91, 0, 0, 0
L 369, -1920, 91, 368, -1918, 90, 0, 0, 0
L 368, -1918, 90, 365, -1916, 89, 0, 0, 0
L 365, -1916, 89, 357, -1907, 86, 0, 0, 0
L 357, -1907, 86, 357, -1905, 86, 0, 0, 0
L 357, -1905, 86, 359, -1902, 86, 0, 0, 0
L 359, -1902, 86, 358, -1900, 85, 0, 0, 0
L 358, -1900, 85, 357, -1899, 84, 0, 0, 0
L 357, -1899, 84, 355, -1898, 84, 0, 0, 0
L 355, -1898, 84, 353, -1895, 83, 0, 0, 0
L 353, -1895, 83, 351, -1894, 83, 0, 0, 0
L 351, -1894, 83, 350, -1893, 82, 0, 0, 0
L 350, -1893, 82, 347, -1892, 82, 0, 0, 0
L 347, -1892, 82, 346, -1892, 82, 0, 0, 0
L 346, -1892, 82, 341, -1890, 83, 0, 0, 0
L 341, -1890, 83, 337, -1889, 84, 0, 0, 0
L 337, -1889, 84, 328, -1886, 87, 0, 0, 0
L 328, -1886, 87, 322, -1882, 89, 0, 0, 0
L 322, -1882, 89, 321, -1881, 89, 0, 0, 0
L 321, -1881, 89, 319, -1881, 89, 0, 0, 0
L 319, -1881, 89, 316, -1880, 89, 0, 0, 0
L 316, -1880, 89, 309, -1879, 87, 0, 0, 0
L 309, -1879, 87, 304, -1879, 87, 0, 0, 0
L 304, -1879, 87, 302, -1879, 86, 0, 0, 0
L 302, -1879, 86, 301, -1880, 86, 0, 0, 0
L 301, -1880, 86, 292, -1883, 86, 0, 0, 0
L 292, -1883, 86, 288, -1885, 86, 0, 0, 0
L 288, -1885, 86, 287, -1886, 87, 0, 0, 0
L 287, -1886, 87, 286, -1887, 87, 0, 0, 0
L 286, -1887, 87, 285, -1888, 88, 0, 0, 0
L 285, -1888, 88, 284, -1890, 88, 0, 0, 0
L 284, -1890, 88, 283, -1891, 88, 0, 0, 0
L 283, -1891, 88, 282, -1893, 89, 0, 0, 0
L 282, -1893, 89, 282, -1895, 89, 0, 0, 0
L 282, -1895, 89, 281, -1897, 89, 0, 0, 0
L 281, -1897, 89, 280, -1904, 91, 0, 0, 0
L 280, -1904, 91, 280, -1908, 92, 0, 0, 0
L 280, -1908, 92, 279, -1910, 92, 0, 0, 0
L 279, -1910, 92, 279, -1917, 93, 0, 0, 0
L 279, -1917, 93, 277, -1918, 93, 0, 0, 0
L 277, -1918, 93, 276, -1919, 93, 0, 0, 0
L 276, -1919, 93, 267, -1923, 93, 0, 0, 0
L 267, -1923, 93, 266, -1923, 93, 0, 0, 0
L 266, -1923, 93, 258, -1925, 93, 0, 0, 0
L 258, -1925, 93, 252, -1924, 93, 0, 0, 0
L 252, -1924, 93, 248, -1924, 93, 0, 0, 0
L 248, -1924, 93, 236, -1922, 91, 0, 0, 0
L 236, -1922, 91, 223, -1916, 88, 0, 0, 0
L 223, -1916, 88, 217, -1913, 87, 0, 0, 0
L 217, -1913, 87, 215, -1912, 87, 0, 0, 0
L 215, -1912, 87, 214, -1912, 86, 0, 0, 0
L 214, -1912, 86, 208, -1909, 85, 0, 0, 0
L 208, -1909, 85, 206, -1909, 85, 0, 0, 0
L 206, -1909, 85, 205, -1909, 84, 0, 0, 0
L 205, -1909, 84, 201, -1909, 84, 0, 0, 0
L 201, -1909, 84, 199, -1909, 83, 0, 0, 0
L 199, -1909, 83, 198, -1910, 83, 0, 0, 0
L 198, -1910, 83, 188, -1913, 81, 0, 0, 0
L 188, -1913, 81, 187, -1914, 81, 0, 0, 0
L 187, -1914, 81, 185, -1915, 80, 0, 0, 0
L 185, -1915, 80, 184, -1916, 80, 0, 0, 0
L 184, -1916, 80, 182, -1917, 80, 0, 0, 0
L 182, -1917, 80, 181, -1918, 80, 0, 0, 0
L 181, -1918, 80, 174, -1926, 77, 0, 0, 0
L 174, -1926, 77, 172, -1928, 77, 0, 0, 0
L 172, -1928, 77, 171, -1930, 76, 0, 0, 0
L 171, -1930, 76, 170, -1931, 76, 0, 0, 0
L 170, -1931, 76, 170, -1933, 76, 0, 0, 0
L 170, -1933, 76, 170, -1935, 75, 0, 0, 0
L 170, -1935, 75, 170, -1940, 74, 0, 0, 0
L 170, -1940, 74, 171, -1941, 74, 0, 0, 0
L 171, -1941, 74, 171, -1943, 74, 0, 0, 0
L 171, -1943, 74, 172, -1944, 73, 0, 0, 0
L 172, -1944, 73, 173, -1946, 73, 0, 0, 0
L 173, -1946, 73, 175, -1946, 72, 0, 0, 0
L 175, -1946, 72, 176, -1947, 72, 0, 0, 0
L 176, -1947, 72, 179, -1947, 71, 0, 0, 0
L 179, -1947, 71, 181, -1947, 70, 0, 0, 0
L 181, -1947, 70, 187, -1948, 69, 0, 0, 0
L 187, -1948, 69, 192, -1951, 73, 0, 0, 0
L 192, -1951, 73, 193, -1951, 73, 0, 0, 0
L 193, -1951, 73, 223, -1951, 76, 0, 0, 0
L 223, -1951, 76, 225, -1951, 77, 0, 0, 0
L 225, -1951, 77, 227, -1952, 77, 0, 0, 0
L 227, -1952, 77, 228, -1952, 78, 0, 0, 0
L 228, -1952, 78, 238, -1955, 82, 0, 0, 0
L 238, -1955, 82, 254, -1961, 86, 0, 0, 0
L 254, -1961, 86, 256, -1962, 86, 0, 0, 0
L 256, -1962, 86, 257, -1963, 86, 0, 0, 0
L 257, -1963, 86, 258, -1965, 89, 0, 0, 0
L 258, -1965, 89, 258, -1967, 90, 0, 0, 0
L 258, -1967, 90, 259, -1971, 90, 0, 0, 0
L 259, -1971, 90, 259, -1973, 91, 0, 0, 0
L 259, -1973, 91, 260, -1975, 91, 0, 0, 0
L 260, -1975, 91, 262, -1988, 88, 0, 0, 0
L 262, -1988, 88, 263, -1992, 88, 0, 0, 0
L 263, -1992, 88, 263, -1994, 88, 0, 0, 0
L 263, -1994, 88, 264, -1998, 89, 0, 0, 0
L 264, -1998, 89, 265, -2002, 91, 0, 0, 0
L 265, -2002, 91, 266, -2004, 92, 0, 0, 0
L 266, -2004, 92, 268, -2006, 92, 0, 0, 0
L 268, -2006, 92, 270, -2007, 91, 0, 0, 0
L 270, -2007, 91, 271, -2008, 91, 0, 0, 0
L 271, -2008, 91, 274, -2010, 90, 0, 0, 0
L 274, -2010, 90, 284, -2012, 88, 0, 0, 0
L 284, -2012, 88, 292, -2015, 87, 0, 0, 0
L 292, -2015, 87, 294, -2015, 86, 0, 0, 0
L 294, -2015, 86, 298, -2015, 86, 0, 0, 0
L 298, -2015, 86, 299, -2014, 85, 0, 0, 0
L 299, -2014, 85, 301, -2013, 85, 0, 0, 0
L 301, -2013, 85, 308, -2011, 83, 0, 0, 0
L 308, -2011, 83, 309, -2010, 83, 0, 0, 0
L 309, -2010, 83, 311, -2009, 83, 0, 0, 0
L 311, -2009, 83, 312, -2007, 84, 0, 0, 0
L 312, -2007, 84, 321, -1997, 87, 0, 0, 0
L 321, -1997, 87, 323, -1995, 88, 0, 0, 0
L 323, -1995, 88, 324, -1994, 89, 0, 0, 0
L 324, -1994, 89, 326, -1992, 90, 0, 0, 0
L 326, -1992, 90, 330, -1990, 92, 0, 0, 0
L 330, -1990, 92, 332, -1990, 92, 0, 0, 0
L 332, -1990, 92, 333, -1989, 93, 0, 0, 0
L 333, -1989, 93, 334, -1989, 93, 0, 0, 0
L 334, -1989, 93, 344, -1990, 95, 0, 0, 0
L 344, -1990, 95, 347, -1990, 95, 0, 0, 0
L 347, -1990, 95, 349, -1991, 95, 0, 0, 0
L 349, -1991, 95, 351, -1991, 95, 0, 0, 0
L 351, -1991, 95, 352, -1992, 94, 0, 0, 0
L 352, -1992, 94, 354, -1993, 94, 0, 0, 0
L 354, -1993, 94, 362, -1998, 95, 0, 0, 0
L 362, -1998, 95, 368, -2001, 97, 0, 0, 0
L 368, -2001, 97, 370, -2002, 97, 0, 0, 0
L 370, -2002, 97, 371, -2002, 98, 0, 0, 0
L 371, -2002, 98, 373, -2003, 100, 0, 0, 0
L 373, -2003, 100, 375, -2003, 100, 0, 0, 0
L 375, -2003, 100, 376, -2002, 101, 0, 0, 0
L 376, -2002, 101, 379, -2002, 101, 0, 0, 0
L 379, -2002, 101, 381, -2001, 102, 0, 0, 0
L 381, -2001, 102, 382, -2000, 102, 0, 0, 0
L 382, -2000, 102, 384, -1999, 103, 0, 0, 0
L 384, -1999, 103, 386, -1997, 103, 0, 0, 0
L 386, -1997, 103, 387, -1995, 103, 0, 0, 0
L 387, -1995, 103, 388, -1994, 104, 0, 0, 0
L 388, -1994, 104, 389, -1992, 104, 0, 0, 0
L 389, -1992, 104, 389, -1990, 105, 0, 0, 0
L 389, -1990, 105, 389, -1988, 107, 0, 0, 0
L 389, -1988, 107, 390, -1987, 108, 0, 0, 0
L 390, -1987, 108, 393, -1977, 116, 0, 0, 0
L 393, -1977, 116, 394, -1972, 116, 0, 0, 0
L 394, -1972, 116, 396, -1965, 115, 0, 0, 0
L 396, -1965, 115, 397, -1963, 115, 0, 0, 0
L 397, -1963, 115, 397, -1961, 114, 0, 0, 0
L 397, -1961, 114, 399, -1961, 113, 0, 0, 0
L 399, -1961, 113, 405, -1960, 112, 0, 0, 0
L 405, -1960, 112, 407, -1959, 112, 0, 0, 0
L 407, -1959, 112, 423, -1957, 108, 0, 0, 0
L 423, -1957, 108, 425, -1956, 108, 0, 0, 0
L 425, -1956, 108, 427, -1957, 107, 0, 0, 0
L 427, -1957, 107, 429, -1957, 107, 0, 0, 0
L 429, -1957, 107, 440, -1960, 104, 0, 0, 0
L 440, -1960, 104, 450, -1964, 102, 0, 0, 0
L 450, -1964, 102, 451, -1965, 102, 0, 0, 0
L 451, -1965, 102, 459, -1969, 104, 0, 0, 0
L 459, -1969, 104, 474, -1977, 112, 0, 0, 0
L 474, -1977, 112, 475, -1978, 112, 0, 0, 0
L 475, -1978, 112, 477, -1978, 113, 0, 0, 0
L 477, -1978, 113, 479, -1979, 113, 0, 0, 0
L 479, -1979, 113, 488, -1980, 112, 0, 0, 0
L 488, -1980, 112, 497, -1982, 112, 0, 0, 0
L 497, -1982, 112, 499, -1983, 113, 0, 0, 0
L 499, -1983, 113, 518, -1989, 119, 0, 0, 0
L 518, -1989, 119, 537, -1995, 130, 0, 0, 0
L 537, -1995, 130, 542, -1997, 132, 0, 0, 0
L 542, -1997, 132, 542, -1995, 132, 0, 0, 0
L 542, -1995, 132, 550, -1964, 126, 0, 0, 0
L 550, -1964, 126, 550, -1964, 125, 0, 0, 0
L 550, -1964, 125, 541, -1978, 122, 0, 0, 0
L 541, -1978, 122, 537, -1986, 120, 0, 0, 0
L 537, -1986, 120, 532, -1995, 128, 0, 0, 0
L 532, -1995, 128, 530, -1995, 129, 0, 0, 0
