L -274, 134, 95, -305, 134, 95, 0, 0, 0
L -274, 117, 95, -274, 134, 95, 0, 0, 0
L -274, 87, 95, -274, 104, 95, 0, 0, 0
L -305, 87, 95, -274, 87, 95, 0, 0, 0
L -305, 134, 95, -305, 87, 95, 0, 0, 0
L -271, 104, 95, -274, 104, 95, 0, 0, 0
L -271, 117, 95, -274, 117, 95, 0, 0, 0
L -271, 154, 95, -271, 117, 95, 0, 0, 0
L -249, 154, 95, -249, 17, 95, 0, 0, 0
L -246, 167, 95, -246, 184, 95, 0, 0, 0
L -249, 154, 95, -246, 154, 95, 0, 0, 0
L -246, 137, 95, -246, 154, 95, 0, 0, 0
L -188, 137, 95, -246, 137, 95, 0, 0, 0
L -188, 184, 95, -188, 137, 95, 0, 0, 0
L -246, 184, 95, -188, 184, 95, 0, 0, 0
L -249, 167, 95, -246, 167, 95, 0, 0, 0
L -249, 204, 95, -249, 167, 95, 0, 0, 0
L -246, 187, 95, -188, 187, 95, 0, 0, 0
L -246, 197, 95, -246, 187, 95, 0, 0, 0
L -248, 204, 95, -246, 204, 95, 0, 0, 0
L -274, 137, 95, -274, 154, 95, 0, 0, 0
L -305, 137, 95, -274, 137, 95, 0, 0, 0
L -302, 184, 95, -305, 137, 95, 0, 0, 0
L -274, 184, 95, -302, 184, 95, 0, 0, 0
L -274, 167, 95, -274, 184, 95, 0, 0, 0
L -271, 167, 95, -274, 167, 95, 0, 0, 0
L -271, 154, 95, -274, 154, 95, 0, 0, 0
L -271, 204, 95, -271, 167, 95, 0, 0, 0
L -271, 217, 95, -274, 217, 95, 0, 0, 0
L -274, 204, 95, -271, 204, 95, 0, 0, 0
L -274, 187, 95, -274, 204, 95, 0, 0, 0
L -302, 187, 95, -274, 187, 95, 0, 0, 0
L -297, 263, 95, -302, 187, 95, 0, 0, 0
L -274, 263, 95, -297, 263, 95, 0, 0, 0
L -274, 217, 95, -274, 263, 95, 0, 0, 0
L -246, 187, 95, -246, 204, 95, 0, 0, 0
L -188, 187, 95, -246, 187, 95, 0, 0, 0
L -188, 263, 95, -188, 187, 95, 0, 0, 0
L -246, 263, 95, -188, 263, 95, 0, 0, 0
L -246, 217, 95, -246, 263, 95, 0, 0, 0
L -246, 217, 95, -249, 217, 95, 0, 0, 0
L -249, 204, 95, -246, 204, 95, 0, 0, 0
L -249, 217, 95, -249, 263, 95, 0, 0, 0
L -271, 263, 95, -271, 217, 95, 0, 0, 0
L -267, 263, 95, -271, 263, 95, 0, 0, 0
L -249, 263, 95, -253, 263, 95, 0, 0, 0
L -267, 266, 95, -267, 263, 95, 0, 0, 0
L -279, 266, 95, -267, 266, 95, 0, 0, 0
L -253, 263, 95, -253, 266, 95, 0, 0, 0
L -244, 266, 95, -253, 266, 95, 0, 0, 0
L -238, 326, 95, -244, 266, 95, 0, 0, 0
L -192, 326, 96, -238, 326, 96, 0, 0, 0
L -187, 266, 95, -192, 326, 95, 0, 0, 0
L 59, 129, 95, -59, 129, 95, 0, 0, 0
L -59, 132, 95, -63, 132, 95, 0, 0, 0
L -59, 129, 95, -59, 132, 95, 0, 0, 0
L -60, 145, 95, -63, 145, 95, 0, 0, 0
L -60, 195, 95, -60, 145, 95, 0, 0, 0
L 60, 195, 95, -60, 195, 95, 0, 0, 0
L 60, 145, 95, 60, 195, 95, 0, 0, 0
L 59, 129, 95, 59, 132, 95, 0, 0, 0
L 63, 145, 95, 60, 145, 95, 0, 0, 0
L 63, 132, 95, 59, 132, 95, 0, 0, 0
L 63, 145, 95, 63, 247, 95, 0, 0, 0
L 63, 129, 95, 63, 132, 95, 0, 0, 0
L 167, 129, 95, 63, 129, 95, 0, 0, 0
L 167, 129, 95, 167, 126, 95, 0, 0, 0
L 181, 129, 95, 181, 125, 95, 0, 0, 0
L 185, 129, 95, 181, 129, 95, 0, 0, 0
L 186, 177, 95, 186, 129, 95, 0, 0, 0
L 163, 177, 95, 186, 177, 95, 0, 0, 0
L 163, 213, 95, 163, 177, 95, 0, 0, 0
L 186, 213, 95, 163, 213, 95, 0, 0, 0
L 186, 263, 95, 186, 213, 95, 0, 0, 0
L 177, 266, 95, 187, 266, 95, 0, 0, 0
L 177, 263, 95, 177, 266, 95, 0, 0, 0
L 185, 263, 95, 177, 263, 95, 0, 0, 0
L 164, 266, 95, 152, 266, 95, 0, 0, 0
L 164, 266, 95, 164, 263, 95, 0, 0, 0
L 63, 263, 95, 164, 263, 95, 0, 0, 0
L 63, 261, 95, 63, 263, 95, 0, 0, 0
L 59, 263, 95, -59, 263, 95, 0, 0, 0
L 59, 261, 95, 59, 263, 95, 0, 0, 0
L 63, 261, 95, 59, 261, 95, 0, 0, 0
L 60, 247, 95, 63, 247, 95, 0, 0, 0
L 60, 197, 95, 60, 247, 95, 0, 0, 0
L -60, 197, 95, 60, 197, 95, 0, 0, 0
L -60, 247, 95, -60, 197, 95, 0, 0, 0
L -63, 247, 95, -60, 247, 95, 0, 0, 0
L -59, 261, 95, -63, 261, 95, 0, 0, 0
L -59, 263, 95, -59, 261, 95, 0, 0, 0
L -164, 263, 95, -63, 263, 95, 0, 0, 0
L -186, 263, 95, -186, 219, 95, 0, 0, 0
L -177, 263, 95, -186, 263, 95, 0, 0, 0
L -164, 266, 95, -152, 266, 95, 0, 0, 0
L -177, 266, 95, -187, 266, 95, 0, 0, 0
L -163, 219, 95, -186, 219, 95, 0, 0, 0
L -186, 183, 95, -186, 130, 95, 0, 0, 0
L -163, 183, 95, -186, 183, 95, 0, 0, 0
L -163, 219, 95, -163, 183, 95, 0, 0, 0
L -167, 130, 95, -63, 130, 95, 0, 0, 0
L -167, 125, 95, -167, 130, 95, 0, 0, 0
L -163, 125, 95, -167, 125, 95, 0, 0, 0
L -181, 125, 95, -186, 125, 95, 0, 0, 0
L -186, 130, 95, -181, 130, 95, 0, 0, 0
L -181, 125, 95, -181, 130, 95, 0, 0, 0
L -63, 130, 95, -63, 132, 95, 0, 0, 0
L -63, 247, 95, -63, 145, 95, 0, 0, 0
L -63, 261, 95, -63, 263, 95, 0, 0, 0
L -164, 266, 95, -164, 263, 95, 0, 0, 0
L -177, 263, 95, -177, 266, 95, 0, 0, 0
L 14, 39, 153, -14, 39, 153, 0, 0, 0
L -14, 64, 141, 14, 64, 141, 0, 0, 0
L 14, 65, 140, -14, 65, 140, 0, 0, 0
L -17, 76, 137, 17, 76, 137, 0, 0, 0
L 17, 74, 138, -17, 74, 138, 0, 0, 0
L -17, 72, 138, 17, 72, 138, 0, 0, 0
L 17, 70, 139, -17, 70, 139, 0, 0, 0
L -14, 67, 139, 14, 67, 139, 0, 0, 0
L 14, 66, 140, -14, 66, 140, 0, 0, 0
L -14, 62, 142, 14, 62, 142, 0, 0, 0
L 14, 57, 144, -14, 57, 144, 0, 0, 0
L -14, 53, 146, 14, 53, 146, 0, 0, 0
L -14, 48, 149, 14, 48, 149, 0, 0, 0
L 14, 43, 151, -14, 43, 151, 0, 0, 0
L -14, 38, 154, 14, 38, 154, 0, 0, 0
L 14, 37, 154, -14, 37, 154, 0, 0, 0
L -14, 36, 155, 14, 36, 155, 0, 0, 0
L -14, 70, 139, -14, 33, 155, 0, 0, 0
L -17, 70, 139, -14, 70, 139, 0, 0, 0
L 14, 70, 139, 16, 70, 139, 0, 0, 0
L 14, 33, 155, 14, 70, 139, 0, 0, 0
L -17, 33, 155, -14, 33, 155, 0, 0, 0
L 17, 33, 155, 14, 33, 155, 0, 0, 0
L 55, 65, 137, 19, 65, 137, 0, 0, 0
L 19, 17, 137, 71, 17, 137, 0, 0, 0
L 19, 65, 137, 19, 17, 137, 0, 0, 0
L 71, 65, 137, 71, 17, 137, 0, 0, 0
L 68, 65, 137, 71, 65, 137, 0, 0, 0
L 68, 65, 137, 68, 69, 137, 0, 0, 0
L 55, 68, 137, 55, 65, 137, 0, 0, 0
L 71, 69, 137, 68, 69, 137, 0, 0, 0
L 19, 68, 137, 19, 94, 137, 0, 0, 0
L 55, 68, 137, 19, 68, 137, 0, 0, 0
L 71, 116, 137, 71, 69, 137, 0, 0, 0
L 19, 116, 137, 71, 116, 137, 0, 0, 0
L 19, 108, 137, 19, 116, 137, 0, 0, 0
L -19, 65, 137, -19, 17, 137, 0, 0, 0
L -55, 65, 137, -19, 65, 137, 0, 0, 0
L -55, 68, 137, -55, 65, 137, 0, 0, 0
L -19, 68, 137, -55, 68, 137, 0, 0, 0
L -19, 94, 137, -19, 68, 137, 0, 0, 0
L -71, 17, 137, -19, 17, 137, 0, 0, 0
L -71, 116, 137, -71, 17, 137, 0, 0, 0
L -19, 116, 137, -71, 116, 137, 0, 0, 0
L -19, 108, 137, -19, 116, 137, 0, 0, 0
L 262, -407, 95, 248, -407, 95, 0, 0, 0
L 248, -408, 94, 262, -408, 94, 0, 0, 0
L 262, -410, 93, 248, -410, 93, 0, 0, 0
L 248, -412, 92, 262, -412, 92, 0, 0, 0
L 262, -414, 91, 248, -414, 91, 0, 0, 0
L 248, -418, 89, 262, -418, 89, 0, 0, 0
L 262, -420, 88, 248, -420, 88, 0, 0, 0
L 248, -424, 86, 262, -424, 86, 0, 0, 0
L 262, -428, 84, 248, -428, 84, 0, 0, 0
L 248, -429, 84, 262, -429, 84, 0, 0, 0
L 262, -430, 83, 248, -430, 83, 0, 0, 0
L 262, -404, 95, 262, -433, 83, 0, 0, 0
L 265, -404, 95, 262, -404, 95, 0, 0, 0
L 265, -433, 83, 265, -404, 95, 0, 0, 0
L 262, -433, 83, 265, -433, 83, 0, 0, 0
L 279, -407, 83, 265, -407, 83, 0, 0, 0
L 248, -433, 83, 245, -433, 83, 0, 0, 0
L 248, -404, 95, 248, -433, 83, 0, 0, 0
L 245, -404, 95, 248, -404, 95, 0, 0, 0
L 245, -433, 83, 245, -404, 95, 0, 0, 0
L 183, -407, 95, 168, -407, 95, 0, 0, 0
L 168, -408, 94, 183, -408, 94, 0, 0, 0
L 183, -411, 93, 168, -411, 93, 0, 0, 0
L 168, -413, 92, 183, -413, 92, 0, 0, 0
L 183, -416, 90, 168, -416, 90, 0, 0, 0
L 168, -419, 89, 183, -419, 89, 0, 0, 0
L 183, -422, 87, 168, -422, 87, 0, 0, 0
L 168, -425, 86, 183, -425, 86, 0, 0, 0
L 168, -428, 84, 183, -428, 84, 0, 0, 0
L 183, -429, 84, 168, -429, 84, 0, 0, 0
L 168, -430, 83, 183, -430, 83, 0, 0, 0
L 183, -404, 95, 183, -433, 83, 0, 0, 0
L 185, -404, 96, 183, -404, 95, 0, 0, 0
L 185, -433, 83, 185, -404, 95, 0, 0, 0
L 185, -433, 83, 183, -433, 83, 0, 0, 0
L 185, -407, 83, 245, -407, 83, 0, 0, 0
L 151, -407, 83, 166, -407, 83, 0, 0, 0
L 168, -404, 95, 168, -433, 83, 0, 0, 0
L 166, -404, 95, 168, -404, 95, 0, 0, 0
L 166, -433, 83, 166, -404, 95, 0, 0, 0
L 166, -433, 83, 168, -433, 83, 0, 0, 0
L -183, -409, 94, -168, -409, 94, 0, 0, 0
L -168, -430, 83, -183, -430, 83, 0, 0, 0
L -183, -429, 84, -168, -429, 84, 0, 0, 0
L -168, -428, 84, -183, -428, 84, 0, 0, 0
L -183, -424, 86, -168, -424, 86, 0, 0, 0
L -168, -420, 88, -183, -420, 88, 0, 0, 0
L -183, -416, 90, -168, -416, 90, 0, 0, 0
L -168, -412, 92, -183, -412, 92, 0, 0, 0
L -183, -408, 94, -168, -408, 94, 0, 0, 0
L -168, -407, 95, -183, -407, 95, 0, 0, 0
L -262, -407, 95, -248, -407, 95, 0, 0, 0
L -262, -408, 94, -248, -408, 94, 0, 0, 0
L -262, -409, 94, -248, -409, 94, 0, 0, 0
L -248, -412, 92, -262, -412, 92, 0, 0, 0
L -262, -416, 90, -248, -416, 90, 0, 0, 0
L -248, -420, 88, -262, -420, 88, 0, 0, 0
L -262, -425, 86, -248, -425, 86, 0, 0, 0
L -248, -429, 84, -262, -429, 84, 0, 0, 0
L -262, -430, 83, -248, -430, 83, 0, 0, 0
L -262, -433, 83, -265, -433, 83, 0, 0, 0
L -262, -404, 95, -262, -433, 83, 0, 0, 0
L -248, -433, 83, -248, -404, 95, 0, 0, 0
L -245, -433, 83, -248, -433, 83, 0, 0, 0
L -245, -404, 95, -245, -433, 83, 0, 0, 0
L -248, -404, 95, -245, -404, 95, 0, 0, 0
L -265, -404, 95, -262, -404, 95, 0, 0, 0
L -265, -433, 83, -265, -404, 95, 0, 0, 0
L -265, -407, 83, -278, -407, 83, 0, 0, 0
L -233, -407, 83, -245, -407, 83, 0, 0, 0
L -233, -421, 83, -233, -407, 83, 0, 0, 0
L -197, -421, 83, -233, -421, 83, 0, 0, 0
L -197, -407, 83, -197, -421, 83, 0, 0, 0
L -185, -407, 83, -197, -407, 83, 0, 0, 0
L -152, -407, 83, -166, -407, 83, 0, 0, 0
L -166, -433, 83, -166, -404, 95, 0, 0, 0
L -168, -433, 83, -166, -433, 83, 0, 0, 0
L -168, -404, 95, -168, -433, 83, 0, 0, 0
L -168, -404, 95, -166, -404, 95, 0, 0, 0
L -183, -404, 95, -185, -404, 95, 0, 0, 0
L -185, -433, 83, -185, -404, 95, 0, 0, 0
L -183, -433, 83, -185, -433, 83, 0, 0, 0
L -183, -404, 95, -183, -433, 83, 0, 0, 0
L -241, 383, 79, -254, 383, 79, 0, 0, 0
L -255, 380, 81, -242, 380, 81, 0, 0, 0
L -244, 376, 83, -257, 376, 83, 0, 0, 0
L -258, 374, 84, -245, 374, 84, 0, 0, 0
L -255, 352, 95, -268, 352, 95, 0, 0, 0
L -254, 353, 94, -268, 353, 94, 0, 0, 0
L -253, 355, 93, -267, 355, 93, 0, 0, 0
L -252, 358, 92, -265, 358, 92, 0, 0, 0
L -251, 361, 90, -264, 361, 90, 0, 0, 0
L -249, 365, 88, -262, 365, 88, 0, 0, 0
L -260, 370, 86, -247, 370, 86, 0, 0, 0
L -256, 378, 82, -243, 378, 82, 0, 0, 0
L -241, 382, 80, -255, 382, 80, 0, 0, 0
L -271, 352, 79, -287, 352, 79, 0, 0, 0
L -241, 352, 79, -252, 352, 79, 0, 0, 0
L -237, 386, 79, -253, 349, 95, 0, 0, 0
L -239, 386, 79, -237, 386, 79, 0, 0, 0
L -256, 349, 95, -239, 386, 79, 0, 0, 0
L -254, 349, 95, -255, 349, 95, 0, 0, 0
L -253, 349, 95, -256, 349, 95, 0, 0, 0
L -272, 349, 95, -269, 349, 95, 0, 0, 0
L -255, 386, 79, -272, 349, 95, 0, 0, 0
L -253, 386, 79, -255, 386, 79, 0, 0, 0
L -269, 349, 95, -253, 386, 79, 0, 0, 0
L -163, 353, 94, -176, 353, 94, 0, 0, 0
L -175, 352, 95, -162, 352, 95, 0, 0, 0
L -167, 361, 90, -180, 361, 90, 0, 0, 0
L -177, 356, 93, -164, 356, 93, 0, 0, 0
L -165, 359, 91, -178, 359, 91, 0, 0, 0
L -181, 364, 89, -168, 364, 89, 0, 0, 0
L -169, 366, 87, -182, 366, 87, 0, 0, 0
L -184, 370, 86, -171, 370, 86, 0, 0, 0
L -173, 374, 84, -186, 374, 84, 0, 0, 0
L -188, 378, 82, -174, 378, 82, 0, 0, 0
L -176, 382, 80, -189, 382, 80, 0, 0, 0
L -190, 383, 79, -177, 383, 79, 0, 0, 0
L -160, 352, 79, -143, 352, 79, 0, 0, 0
L -189, 352, 79, -178, 352, 79, 0, 0, 0
L -161, 349, 95, -158, 349, 95, 0, 0, 0
L -176, 349, 95, -177, 349, 95, 0, 0, 0
L -191, 386, 79, -174, 349, 95, 0, 0, 0
L -161, 349, 95, -178, 386, 79, 0, 0, 0
L -175, 386, 79, -158, 349, 95, 0, 0, 0
L -178, 386, 79, -175, 386, 79, 0, 0, 0
L -194, 386, 79, -191, 386, 79, 0, 0, 0
L -177, 349, 95, -194, 386, 79, 0, 0, 0
L -177, 349, 95, -174, 349, 95, 0, 0, 0
L -18, -10, 120, -127, -10, 111, 0, 0, 0
L -18, -27, 120, -18, -10, 120, 0, 0, 0
L 6, -27, 121, -8, -27, 121, 0, 0, 0
L 18, -11, 120, 18, -18, 120, 0, 0, 0
L 126, -10, 111, 18, -10, 120, 0, 0, 0
L 17, 94, 137, 19, 94, 137, 0, 0, 0
L 17, 108, 137, 19, 108, 137, 0, 0, 0
L 17, 94, 137, 17, 14, 137, 0, 0, 0
L -17, 94, 137, -17, 14, 137, 0, 0, 0
L -19, 94, 137, -17, 94, 137, 0, 0, 0
L -17, 108, 137, -19, 108, 137, 0, 0, 0
L -17, 119, 137, -17, 108, 137, 0, 0, 0
L 17, 119, 137, 17, 108, 137, 0, 0, 0
L -48, 183, 137, -73, 183, 137, 0, 0, 0
L -7, 183, 137, -35, 183, 137, 0, 0, 0
L 7, 183, 137, 35, 183, 137, 0, 0, 0
L 71, 181, 137, 48, 181, 137, 0, 0, 0
L 71, 119, 137, 71, 181, 137, 0, 0, 0
L 17, 119, 137, 71, 119, 137, 0, 0, 0
L -71, 119, 137, -17, 119, 137, 0, 0, 0
L -71, 181, 137, -71, 119, 137, 0, 0, 0
L -48, 181, 137, -71, 181, 137, 0, 0, 0
L -7, 181, 137, -35, 181, 137, 0, 0, 0
L 35, 181, 137, 7, 181, 137, 0, 0, 0
L 48, 183, 137, 48, 181, 137, 0, 0, 0
L 35, 181, 137, 35, 183, 137, 0, 0, 0
L 7, 183, 137, 7, 181, 137, 0, 0, 0
L -7, 181, 137, -7, 183, 137, 0, 0, 0
L -35, 181, 137, -35, 183, 137, 0, 0, 0
L -48, 183, 137, -48, 181, 137, 0, 0, 0
L -73, 14, 137, -73, 183, 137, 0, 0, 0
L 73, 14, 137, -73, 14, 137, 0, 0, 0
L 73, 183, 137, 73, 14, 137, 0, 0, 0
L 48, 183, 137, 73, 183, 137, 0, 0, 0
L 53, 206, 139, 61, 200, 139, 0, 0, 0
L 29, 225, 139, 36, 220, 139, 0, 0, 0
L -29, 225, 139, 29, 225, 139, 0, 0, 0
L -35, 221, 139, -29, 225, 139, 0, 0, 0
L -61, 200, 139, -52, 207, 139, 0, 0, 0
L -61, 200, 139, -92, 200, 139, 0, 0, 0
L 92, 200, 139, 61, 200, 139, 0, 0, 0
L 92, -1, 139, 92, 200, 139, 0, 0, 0
L -92, -1, 139, 92, -1, 139, 0, 0, 0
L -92, 200, 139, -92, -1, 139, 0, 0, 0
L -209, 364, 95, -206, 372, 95, 0, 0, 0
L -221, 364, 95, -225, 372, 95, 0, 0, 0
L -215, 361, 95, -221, 364, 95, 0, 0, 0
L -209, 364, 95, -215, 361, 95, 0, 0, 0
L 205, 273, 111, 208, 267, 111, 0, 0, 0
L 208, 281, 111, 205, 273, 111, 0, 0, 0
L 215, 284, 111, 208, 281, 111, 0, 0, 0
L 222, 281, 111, 215, 284, 111, 0, 0, 0
L 225, 274, 111, 222, 281, 111, 0, 0, 0
L 222, 267, 111, 225, 274, 111, 0, 0, 0
L 215, 264, 111, 222, 267, 111, 0, 0, 0
L 208, 267, 111, 215, 264, 111, 0, 0, 0
L 205, -621, 83, 188, -621, 83, 0, 0, 0
L 225, -621, 83, 242, -621, 83, 0, 0, 0
L 208, -598, 83, 222, -598, 83, 0, 0, 0
L 222, -599, 84, 208, -599, 84, 0, 0, 0
L 208, -600, 84, 222, -600, 84, 0, 0, 0
L 222, -603, 86, 208, -603, 86, 0, 0, 0
L 208, -605, 87, 222, -605, 87, 0, 0, 0
L 222, -609, 89, 208, -609, 89, 0, 0, 0
L 208, -612, 90, 222, -612, 90, 0, 0, 0
L 208, -616, 92, 222, -616, 92, 0, 0, 0
L 222, -620, 94, 208, -620, 94, 0, 0, 0
L 208, -621, 95, 222, -621, 95, 0, 0, 0
L 208, -595, 83, 208, -624, 95, 0, 0, 0
L 222, -624, 95, 222, -595, 83, 0, 0, 0
L 225, -596, 83, 225, -624, 95, 0, 0, 0
L 222, -595, 83, 224, -595, 83, 0, 0, 0
L 205, -595, 83, 208, -595, 83, 0, 0, 0
L 205, -624, 95, 205, -595, 83, 0, 0, 0
L 208, -624, 95, 205, -624, 95, 0, 0, 0
L 222, -624, 95, 225, -624, 95, 0, 0, 0
L 225, -719, 95, 261, -719, 95, 0, 0, 0
L 205, -719, 95, 169, -719, 95, 0, 0, 0
L 222, -719, 111, 208, -719, 111, 0, 0, 0
L 208, -718, 110, 222, -718, 110, 0, 0, 0
L 222, -716, 109, 208, -716, 109, 0, 0, 0
L 208, -713, 108, 222, -713, 108, 0, 0, 0
L 222, -710, 106, 208, -710, 106, 0, 0, 0
L 208, -707, 105, 222, -707, 105, 0, 0, 0
L 222, -704, 103, 208, -704, 103, 0, 0, 0
L 208, -701, 102, 222, -701, 102, 0, 0, 0
L 222, -698, 100, 208, -698, 100, 0, 0, 0
L 208, -695, 99, 222, -695, 99, 0, 0, 0
L 222, -692, 97, 208, -692, 97, 0, 0, 0
L 208, -689, 96, 222, -689, 96, 0, 0, 0
L 222, -688, 95, 208, -688, 95, 0, 0, 0
L 225, -685, 95, 222, -685, 95, 0, 0, 0
L 225, -722, 111, 225, -685, 95, 0, 0, 0
L 205, -685, 95, 205, -722, 111, 0, 0, 0
L 208, -685, 95, 205, -685, 95, 0, 0, 0
L 208, -722, 111, 208, -685, 95, 0, 0, 0
L 205, -722, 111, 208, -722, 111, 0, 0, 0
L 222, -685, 95, 222, -722, 111, 0, 0, 0
L 225, -722, 111, 222, -722, 111, 0, 0, 0
L 210, -733, 111, 215, -731, 111, 0, 0, 0
L 208, -738, 111, 210, -733, 111, 0, 0, 0
L 210, -743, 111, 208, -738, 111, 0, 0, 0
L 215, -745, 111, 210, -743, 111, 0, 0, 0
L 220, -743, 111, 215, -745, 111, 0, 0, 0
L 222, -738, 111, 220, -743, 111, 0, 0, 0
L 220, -733, 111, 222, -738, 111, 0, 0, 0
L 215, -731, 111, 220, -733, 111, 0, 0, 0
L 210, -656, 95, 216, -654, 95, 0, 0, 0
L 207, -662, 95, 210, -656, 95, 0, 0, 0
L 209, -667, 95, 207, -662, 95, 0, 0, 0
L 215, -670, 95, 209, -667, 95, 0, 0, 0
L 221, -668, 95, 215, -670, 95, 0, 0, 0
L 220, -668, 95, 219, -669, 95, 0, 0, 0
L 223, -662, 95, 221, -668, 95, 0, 0, 0
L 221, -657, 95, 223, -662, 95, 0, 0, 0
L 216, -654, 95, 221, -657, 95, 0, 0, 0
L 215, -453, 83, 208, -456, 83, 0, 0, 0
L 222, -455, 83, 215, -453, 83, 0, 0, 0
L 225, -463, 83, 222, -455, 83, 0, 0, 0
L 223, -470, 83, 225, -463, 83, 0, 0, 0
L 215, -473, 83, 223, -470, 83, 0, 0, 0
L 208, -470, 83, 215, -473, 83, 0, 0, 0
L 205, -463, 83, 208, -470, 83, 0, 0, 0
L 208, -456, 83, 205, -463, 83, 0, 0, 0
L 205, -284, 95, 208, -276, 95, 0, 0, 0
L 208, -292, 95, 205, -284, 95, 0, 0, 0
L 215, -294, 95, 208, -292, 95, 0, 0, 0
L 222, -291, 95, 215, -294, 95, 0, 0, 0
L 225, -284, 95, 222, -291, 95, 0, 0, 0
L 222, -277, 95, 225, -284, 95, 0, 0, 0
L 216, -275, 95, 222, -277, 95, 0, 0, 0
L 208, -276, 95, 216, -275, 95, 0, 0, 0
L -223, 513, 83, -208, 513, 83, 0, 0, 0
L -208, 513, 89, -192, 440, 88, 0, 0, 0
L -239, 441, 88, -223, 514, 89, 0, 0, 0
L -191, 440, 88, -240, 441, 88, 0, 0, 0
L -191, 440, 88, -169, 405, 94, 0, 0, 0
L -142, 350, 92, -169, 405, 84, 0, 0, 0
L -132, 263, 111, -142, 350, 101, 0, 0, 0
L -278, 297, 95, -291, 297, 95, 0, 0, 0
L -291, 296, 96, -278, 296, 96, 0, 0, 0
L -278, 295, 96, -291, 295, 96, 0, 0, 0
L -292, 293, 97, -278, 293, 97, 0, 0, 0
L -279, 291, 98, -292, 291, 98, 0, 0, 0
L -279, 287, 100, -292, 287, 100, 0, 0, 0
L -293, 284, 102, -279, 284, 102, 0, 0, 0
L -280, 281, 103, -293, 281, 103, 0, 0, 0
L -293, 278, 105, -280, 278, 105, 0, 0, 0
L -281, 275, 106, -294, 275, 106, 0, 0, 0
L -294, 272, 108, -281, 272, 108, 0, 0, 0
L -295, 268, 110, -281, 268, 110, 0, 0, 0
L -282, 267, 110, -295, 267, 110, 0, 0, 0
L -282, 266, 111, -295, 266, 111, 0, 0, 0
L -295, 263, 111, -297, 263, 111, 0, 0, 0
L -287, 352, 95, -301, 263, 95, 0, 0, 0
L -240, 441, 79, -286, 352, 79, 0, 0, 0
L -235, 420, 79, -256, 411, 79, 0, 0, 0
L -232, 420, 79, -235, 420, 79, 0, 0, 0
L -232, 408, 79, -232, 420, 79, 0, 0, 0
L -199, 407, 79, -232, 408, 79, 0, 0, 0
L -195, 419, 79, -171, 408, 79, 0, 0, 0
L -199, 419, 79, -195, 419, 79, 0, 0, 0
L -199, 419, 79, -199, 407, 79, 0, 0, 0
L -195, 419, 79, -197, 419, 79, 0, 0, 0
L -197, 370, 79, -189, 352, 79, 0, 0, 0
L -207, 374, 79, -197, 370, 79, 0, 0, 0
L -208, 377, 79, -206, 372, 79, 0, 0, 0
L -215, 380, 79, -208, 377, 79, 0, 0, 0
L -222, 377, 79, -215, 380, 79, 0, 0, 0
L -225, 372, 79, -222, 377, 79, 0, 0, 0
L -234, 370, 79, -224, 374, 79, 0, 0, 0
L -241, 352, 79, -234, 370, 79, 0, 0, 0
L -280, 263, 111, -281, 263, 111, 0, 0, 0
L -275, 300, 95, -279, 266, 111, 0, 0, 0
L -278, 300, 95, -275, 300, 95, 0, 0, 0
L -282, 264, 111, -278, 300, 95, 0, 0, 0
L -293, 300, 95, -297, 263, 111, 0, 0, 0
L -291, 300, 95, -293, 300, 95, 0, 0, 0
L -295, 263, 111, -291, 300, 95, 0, 0, 0
L -292, -75, 111, -292, -186, 111, 0, 0, 0
L -295, -151, 116, -295, 263, 116, 0, 0, 0
L -301, 263, 111, -295, 263, 111, 0, 0, 0
L -149, 263, 111, -151, 263, 111, 0, 0, 0
L -137, 300, 95, -133, 263, 111, 0, 0, 0
L -151, 263, 111, -156, 300, 95, 0, 0, 0
L -60, 245, 117, -71, 237, 116, 0, 0, 0
L -71, 236, 116, -59, 245, 117, 0, 0, 0
L -59, 244, 118, -70, 235, 117, 0, 0, 0
L -68, 233, 119, -57, 242, 120, 0, 0, 0
L -55, 239, 123, -66, 230, 122, 0, 0, 0
L -64, 227, 124, -53, 236, 125, 0, 0, 0
L -50, 233, 127, -61, 224, 127, 0, 0, 0
L -60, 222, 129, -48, 231, 129, 0, 0, 0
L -46, 228, 131, -58, 219, 131, 0, 0, 0
L -56, 217, 133, -45, 226, 133, 0, 0, 0
L -42, 223, 136, -53, 214, 136, 0, 0, 0
L -53, 213, 136, -42, 222, 136, 0, 0, 0
L -41, 221, 137, -52, 212, 137, 0, 0, 0
L -37, 221, 137, -39, 219, 137, 0, 0, 0
L -60, 250, 117, -37, 221, 137, 0, 0, 0
L -62, 248, 117, -60, 250, 117, 0, 0, 0
L -39, 219, 137, -62, 248, 117, 0, 0, 0
L -73, 239, 116, -50, 210, 137, 0, 0, 0
L -75, 237, 116, -73, 239, 116, 0, 0, 0
L -53, 208, 137, -75, 237, 116, 0, 0, 0
L -50, 210, 137, -53, 208, 137, 0, 0, 0
L 41, 226, 118, 30, 234, 119, 0, 0, 0
L 63, 209, 116, 57, 213, 117, 0, 0, 0
L 70, 235, 117, 59, 244, 118, 0, 0, 0
L 60, 246, 117, 71, 237, 116, 0, 0, 0
L 71, 236, 116, 59, 245, 117, 0, 0, 0
L 58, 243, 119, 69, 234, 118, 0, 0, 0
L 68, 232, 120, 56, 241, 121, 0, 0, 0
L 53, 237, 124, 64, 228, 124, 0, 0, 0
L 61, 224, 127, 50, 233, 127, 0, 0, 0
L 48, 231, 129, 60, 222, 129, 0, 0, 0
L 57, 219, 132, 46, 227, 132, 0, 0, 0
L 44, 225, 134, 55, 216, 134, 0, 0, 0
L 53, 214, 136, 42, 223, 136, 0, 0, 0
L 41, 221, 137, 52, 212, 137, 0, 0, 0
L 60, 250, 117, 37, 221, 137, 0, 0, 0
L 39, 219, 137, 37, 221, 137, 0, 0, 0
L 53, 208, 137, 50, 210, 137, 0, 0, 0
L 74, 236, 116, 53, 208, 137, 0, 0, 0
L 50, 210, 137, 73, 239, 116, 0, 0, 0
L 62, 248, 117, 39, 219, 137, 0, 0, 0
L 60, 250, 117, 62, 248, 117, 0, 0, 0
L 75, 237, 116, 73, 239, 116, 0, 0, 0
L 74, 236, 116, 75, 237, 116, 0, 0, 0
L 297, 263, 112, 293, 300, 95, 0, 0, 0
L 281, 267, 110, 295, 267, 110, 0, 0, 0
L 281, 270, 109, 294, 270, 109, 0, 0, 0
L 294, 273, 107, 281, 273, 107, 0, 0, 0
L 280, 275, 106, 294, 275, 106, 0, 0, 0
L 293, 278, 105, 280, 278, 105, 0, 0, 0
L 280, 280, 104, 293, 280, 104, 0, 0, 0
L 293, 283, 102, 280, 283, 102, 0, 0, 0
L 279, 286, 101, 292, 286, 101, 0, 0, 0
L 279, 289, 99, 292, 289, 99, 0, 0, 0
L 292, 292, 98, 278, 292, 98, 0, 0, 0
L 278, 295, 96, 291, 295, 96, 0, 0, 0
L 291, 296, 96, 278, 296, 96, 0, 0, 0
L 278, 297, 95, 291, 297, 95, 0, 0, 0
L 256, 378, 82, 243, 378, 82, 0, 0, 0
L 261, 367, 87, 248, 367, 87, 0, 0, 0
L 272, 349, 95, 269, 349, 95, 0, 0, 0
L 291, 341, 111, 300, 249, 111, 0, 0, 0
L 296, -184, 116, 300, 249, 117, 0, 0, 0
L 295, -187, 116, 296, -184, 116, 0, 0, 0
L 295, 263, 111, 297, 263, 111, 0, 0, 0
L 291, 300, 95, 295, 263, 111, 0, 0, 0
L 291, 300, 95, 293, 300, 95, 0, 0, 0
L 279, 263, 112, 275, 300, 96, 0, 0, 0
L 282, 263, 111, 279, 263, 112, 0, 0, 0
L 277, 300, 95, 282, 263, 111, 0, 0, 0
L 277, 300, 95, 275, 300, 95, 0, 0, 0
L 209, 364, 95, 206, 372, 95, 0, 0, 0
L 215, 361, 95, 209, 364, 95, 0, 0, 0
L 221, 364, 95, 215, 361, 95, 0, 0, 0
L 221, 364, 95, 225, 371, 95, 0, 0, 0
L 145, 350, 97, 139, 300, 97, 0, 0, 0
L 264, 352, 95, 257, 352, 95, 0, 0, 0
L 254, 353, 94, 268, 353, 94, 0, 0, 0
L 267, 354, 94, 254, 354, 94, 0, 0, 0
L 253, 356, 93, 266, 356, 93, 0, 0, 0
L 252, 358, 92, 265, 358, 92, 0, 0, 0
L 264, 361, 90, 251, 361, 90, 0, 0, 0
L 249, 364, 89, 263, 364, 89, 0, 0, 0
L 247, 369, 86, 260, 369, 86, 0, 0, 0
L 246, 372, 85, 259, 372, 85, 0, 0, 0
L 258, 375, 83, 245, 375, 83, 0, 0, 0
L 255, 381, 80, 242, 381, 80, 0, 0, 0
L 241, 382, 80, 255, 382, 80, 0, 0, 0
L 241, 383, 79, 254, 383, 79, 0, 0, 0
L 269, 349, 96, 253, 386, 79, 0, 0, 0
L 255, 386, 79, 272, 349, 95, 0, 0, 0
L 255, 386, 79, 253, 386, 79, 0, 0, 0
L 253, 349, 96, 237, 386, 79, 0, 0, 0
L 256, 349, 95, 253, 349, 95, 0, 0, 0
L 240, 386, 79, 256, 349, 95, 0, 0, 0
L 237, 386, 79, 240, 386, 79, 0, 0, 0
L 214, 570, 95, 214, 571, 95, 0, 0, 0
L 174, 349, 95, 177, 349, 95, 0, 0, 0
L 176, 353, 95, 163, 353, 94, 0, 0, 0
L 163, 354, 94, 176, 354, 94, 0, 0, 0
L 178, 357, 92, 165, 357, 93, 0, 0, 0
L 166, 359, 91, 179, 359, 91, 0, 0, 0
L 180, 362, 90, 167, 362, 90, 0, 0, 0
L 168, 365, 88, 182, 365, 88, 0, 0, 0
L 183, 368, 87, 170, 368, 87, 0, 0, 0
L 171, 371, 85, 184, 371, 85, 0, 0, 0
L 185, 373, 84, 172, 373, 84, 0, 0, 0
L 173, 375, 83, 186, 375, 83, 0, 0, 0
L 187, 378, 82, 174, 378, 82, 0, 0, 0
L 175, 381, 80, 189, 381, 80, 0, 0, 0
L 189, 382, 80, 176, 382, 80, 0, 0, 0
L 191, 386, 79, 194, 386, 79, 0, 0, 0
L 176, 383, 79, 190, 383, 79, 0, 0, 0
L 161, 349, 95, 178, 386, 79, 0, 0, 0
L 191, 386, 79, 174, 349, 95, 0, 0, 0
L 177, 349, 95, 194, 386, 79, 0, 0, 0
L 159, 349, 95, 161, 349, 95, 0, 0, 0
L 175, 386, 79, 159, 349, 95, 0, 0, 0
L 178, 386, 79, 175, 386, 79, 0, 0, 0
L 237, 440, 85, 256, 410, 85, 0, 0, 0
L 194, 440, 85, 175, 412, 85, 0, 0, 0
L 223, 377, 79, 225, 371, 79, 0, 0, 0
L 223, 377, 79, 215, 380, 79, 0, 0, 0
L 189, 352, 79, 146, 352, 79, 0, 0, 0
L 197, 370, 80, 189, 352, 80, 0, 0, 0
L 207, 374, 79, 197, 370, 79, 0, 0, 0
L 206, 372, 79, 208, 377, 79, 0, 0, 0
L 208, 377, 79, 215, 380, 79, 0, 0, 0
L 234, 370, 79, 224, 374, 79, 0, 0, 0
L 241, 352, 79, 234, 370, 79, 0, 0, 0
L 286, 352, 79, 241, 352, 79, 0, 0, 0
L 199, 419, 79, 199, 405, 79, 0, 0, 0
L 175, 412, 79, 145, 350, 79, 0, 0, 0
L 195, 419, 79, 174, 409, 79, 0, 0, 0
L 199, 419, 79, 195, 419, 79, 0, 0, 0
L 232, 405, 79, 199, 405, 79, 0, 0, 0
L 232, 420, 79, 232, 405, 79, 0, 0, 0
L 234, 420, 79, 232, 420, 79, 0, 0, 0
L 256, 411, 79, 234, 420, 79, 0, 0, 0
L 291, 341, 79, 256, 410, 79, 0, 0, 0
L 236, 442, 85, 194, 442, 85, 0, 0, 0
L 221, 514, 85, 237, 440, 85, 0, 0, 0
L 210, 513, 83, 221, 514, 83, 0, 0, 0
L 210, 513, 85, 194, 440, 85, 0, 0, 0
L 135, 263, 111, 133, 263, 111, 0, 0, 0
L 151, 263, 111, 156, 300, 95, 0, 0, 0
L 137, 300, 96, 133, 263, 111, 0, 0, 0
L 140, 300, 95, 135, 263, 111, 0, 0, 0
L 149, 263, 111, 153, 300, 95, 0, 0, 0
L 149, 263, 111, 151, 263, 111, 0, 0, 0
L 156, 300, 95, 153, 300, 95, 0, 0, 0
L 149, 268, 110, 136, 268, 110, 0, 0, 0
L 136, 269, 109, 149, 269, 109, 0, 0, 0
L 150, 272, 108, 136, 272, 108, 0, 0, 0
L 137, 276, 106, 150, 276, 106, 0, 0, 0
L 151, 281, 103, 137, 281, 103, 0, 0, 0
L 138, 286, 101, 151, 286, 101, 0, 0, 0
L 152, 289, 99, 138, 289, 99, 0, 0, 0
L 139, 292, 98, 152, 292, 98, 0, 0, 0
L 152, 295, 96, 139, 295, 96, 0, 0, 0
L 153, 297, 95, 139, 297, 95, 0, 0, 0
L 137, 300, 95, 140, 300, 95, 0, 0, 0
L 252, 208, 127, 178, 208, 127, 0, 0, 0
L 252, 164, 127, 252, 208, 127, 0, 0, 0
L 252, 102, 127, 252, 146, 127, 0, 0, 0
L 178, 102, 127, 252, 102, 127, 0, 0, 0
L 178, 208, 127, 178, 102, 127, 0, 0, 0
L 219, 146, 127, 219, 148, 127, 0, 0, 0
L 219, 164, 127, 219, 162, 127, 0, 0, 0
L 222, 148, 127, 222, 162, 127, 0, 0, 0
L 223, 148, 126, 223, 162, 126, 0, 0, 0
L 224, 162, 126, 224, 148, 126, 0, 0, 0
L 226, 148, 125, 226, 162, 125, 0, 0, 0
L -222, -601, 85, -208, -601, 85, 0, 0, 0
L -222, -618, 93, -208, -618, 93, 0, 0, 0
L -163, -621, 83, -268, -621, 83, 0, 0, 0
L -208, -625, 97, -163, -625, 97, 0, 0, 0
L -222, -625, 97, -267, -625, 97, 0, 0, 0
L -222, -622, 95, -222, -623, 95, 0, 0, 0
L -208, -595, 95, -208, -625, 95, 0, 0, 0
L -220, -621, 95, -211, -621, 95, 0, 0, 0
L -208, -620, 94, -222, -620, 94, 0, 0, 0
L -222, -616, 92, -208, -616, 92, 0, 0, 0
L -222, -614, 91, -208, -614, 91, 0, 0, 0
L -208, -612, 90, -222, -612, 90, 0, 0, 0
L -222, -609, 89, -208, -609, 89, 0, 0, 0
L -208, -606, 87, -222, -606, 87, 0, 0, 0
L -222, -603, 86, -208, -603, 86, 0, 0, 0
L -208, -599, 84, -222, -599, 84, 0, 0, 0
L -222, -598, 83, -208, -598, 83, 0, 0, 0
L -222, -595, 83, -222, -625, 83, 0, 0, 0
L -225, -595, 83, -222, -595, 83, 0, 0, 0
L -225, -625, 83, -225, -595, 83, 0, 0, 0
L -205, -595, 83, -208, -595, 83, 0, 0, 0
L -205, -595, 83, -205, -625, 83, 0, 0, 0
L -205, -685, 95, -205, -719, 95, 0, 0, 0
L -225, -685, 95, -225, -719, 95, 0, 0, 0
L -222, -685, 95, -222, -719, 95, 0, 0, 0
L -208, -719, 95, -208, -685, 95, 0, 0, 0
L -208, -685, 95, -205, -685, 95, 0, 0, 0
L -225, -685, 95, -222, -685, 95, 0, 0, 0
L -222, -688, 95, -208, -688, 95, 0, 0, 0
L -208, -689, 96, -222, -689, 96, 0, 0, 0
L -208, -690, 96, -222, -690, 96, 0, 0, 0
L -222, -691, 97, -208, -691, 97, 0, 0, 0
L -208, -693, 98, -222, -693, 98, 0, 0, 0
L -222, -696, 99, -208, -696, 99, 0, 0, 0
L -222, -701, 102, -208, -701, 102, 0, 0, 0
L -222, -705, 104, -208, -705, 104, 0, 0, 0
L -222, -709, 106, -208, -709, 106, 0, 0, 0
L -208, -713, 108, -222, -713, 108, 0, 0, 0
L -208, -716, 109, -222, -716, 109, 0, 0, 0
L -208, -718, 110, -222, -718, 110, 0, 0, 0
L -212, -719, 111, -218, -719, 111, 0, 0, 0
L -219, -732, 111, -216, -731, 111, 0, 0, 0
L -222, -738, 111, -220, -733, 111, 0, 0, 0
L -220, -743, 111, -222, -738, 111, 0, 0, 0
L -215, -745, 111, -220, -743, 111, 0, 0, 0
L -210, -743, 111, -215, -745, 111, 0, 0, 0
L -208, -738, 111, -210, -743, 111, 0, 0, 0
L -210, -733, 111, -208, -738, 111, 0, 0, 0
L -215, -731, 111, -210, -733, 111, 0, 0, 0
L -220, -733, 111, -215, -731, 111, 0, 0, 0
L -254, -809, 114, -177, -809, 114, 0, 0, 0
L -254, -765, 111, -254, -800, 111, 0, 0, 0
L -177, -765, 111, -177, -809, 111, 0, 0, 0
L -254, -765, 111, -177, -765, 111, 0, 0, 0
L -163, -625, 97, -176, -809, 97, 0, 0, 0
L -267, -625, 97, -254, -809, 97, 0, 0, 0
L -261, -719, 95, -170, -719, 95, 0, 0, 0
L -215, -654, 95, -221, -656, 95, 0, 0, 0
L -223, -662, 95, -221, -656, 95, 0, 0, 0
L -221, -667, 95, -223, -662, 95, 0, 0, 0
L -216, -670, 95, -221, -667, 95, 0, 0, 0
L -210, -668, 95, -216, -670, 95, 0, 0, 0
L -207, -662, 95, -210, -668, 95, 0, 0, 0
L -209, -657, 95, -207, -662, 95, 0, 0, 0
L -215, -654, 95, -209, -657, 95, 0, 0, 0
L -225, -463, 83, -223, -456, 84, 0, 0, 0
L -222, -470, 84, -225, -463, 83, 0, 0, 0
L -215, -473, 83, -222, -470, 83, 0, 0, 0
L -208, -470, 83, -215, -473, 83, 0, 0, 0
L -205, -463, 83, -208, -470, 83, 0, 0, 0
L -208, -455, 83, -205, -463, 83, 0, 0, 0
L -215, -453, 83, -208, -455, 83, 0, 0, 0
L -223, -456, 83, -215, -453, 83, 0, 0, 0
L -208, -621, 83, -268, -621, 83, 0, 0, 0
L -195, -561, 83, -235, -561, 83, 0, 0, 0
L -195, -493, 83, -195, -561, 83, 0, 0, 0
L -209, -493, 83, -195, -493, 83, 0, 0, 0
L -209, -489, 83, -209, -493, 83, 0, 0, 0
L -222, -489, 83, -209, -489, 83, 0, 0, 0
L -222, -493, 83, -222, -489, 83, 0, 0, 0
L -222, -493, 83, -235, -493, 83, 0, 0, 0
L -235, -561, 83, -235, -493, 83, 0, 0, 0
L -268, -621, 85, -278, -425, 85, 0, 0, 0
L -152, -418, 85, -163, -621, 85, 0, 0, 0
L -138, -188, 97, -152, -418, 97, 0, 0, 0
L -226, -326, 95, -199, -329, 95, 0, 0, 0
L -227, -346, 95, -226, -326, 95, 0, 0, 0
L -201, -348, 95, -227, -346, 95, 0, 0, 0
L -199, -329, 95, -201, -348, 95, 0, 0, 0
L -157, -252, 95, -189, -252, 95, 0, 0, 0
L -157, -307, 95, -157, -252, 95, 0, 0, 0
L -189, -307, 95, -157, -307, 95, 0, 0, 0
L -189, -252, 95, -189, -307, 95, 0, 0, 0
L -246, -259, 95, -277, -259, 95, 0, 0, 0
L -246, -314, 95, -246, -259, 95, 0, 0, 0
L -277, -314, 95, -246, -314, 95, 0, 0, 0
L -277, -259, 95, -277, -314, 95, 0, 0, 0
L -295, -151, 97, -278, -425, 97, 0, 0, 0
L -205, -224, 95, -205, -188, 95, 0, 0, 0
L -208, -224, 95, -205, -224, 95, 0, 0, 0
L -208, -222, 95, -208, -224, 95, 0, 0, 0
L -225, -224, 95, -225, -186, 95, 0, 0, 0
L -222, -224, 95, -225, -224, 95, 0, 0, 0
L -222, -223, 95, -222, -224, 95, 0, 0, 0
L -208, -221, 95, -222, -221, 95, 0, 0, 0
L -222, -220, 96, -208, -220, 96, 0, 0, 0
L -208, -219, 96, -222, -219, 96, 0, 0, 0
L -208, -218, 97, -222, -218, 97, 0, 0, 0
L -222, -216, 98, -208, -216, 98, 0, 0, 0
L -208, -212, 100, -222, -212, 100, 0, 0, 0
L -222, -208, 102, -208, -208, 102, 0, 0, 0
L -208, -205, 103, -222, -205, 103, 0, 0, 0
L -208, -202, 105, -222, -202, 105, 0, 0, 0
L -208, -199, 106, -222, -199, 106, 0, 0, 0
L -222, -196, 108, -208, -196, 108, 0, 0, 0
L -222, -193, 109, -208, -193, 109, 0, 0, 0
L -208, -191, 110, -222, -191, 110, 0, 0, 0
L -222, -190, 111, -208, -190, 111, 0, 0, 0
L 7, -187, 121, 7, -189, 121, 0, 0, 0
L 7, -187, 121, 208, -187, 120, 0, 0, 0
L -8, -188, 121, -9, -188, 121, 0, 0, 0
L -7, -189, 121, -7, -188, 121, 0, 0, 0
L -222, -224, 111, -222, -188, 111, 0, 0, 0
L -208, -224, 111, -208, -188, 111, 0, 0, 0
L -7, -188, 111, -205, -188, 111, 0, 0, 0
L 229, 148, 123, 229, 162, 123, 0, 0, 0
L 234, 162, 121, 234, 148, 121, 0, 0, 0
L 238, 148, 119, 238, 162, 119, 0, 0, 0
L 242, 162, 117, 242, 148, 117, 0, 0, 0
L 247, 148, 114, 247, 162, 114, 0, 0, 0
L 250, 162, 113, 250, 148, 113, 0, 0, 0
L 252, 148, 112, 252, 162, 112, 0, 0, 0
L 253, 162, 111, 253, 148, 111, 0, 0, 0
L 256, 164, 111, 219, 164, 111, 0, 0, 0
L 256, 164, 111, 256, 162, 111, 0, 0, 0
L 256, 148, 111, 219, 148, 111, 0, 0, 0
L 219, 162, 111, 256, 162, 111, 0, 0, 0
L 256, 146, 111, 219, 146, 111, 0, 0, 0
L 256, 148, 111, 256, 146, 111, 0, 0, 0
L 247, 110, 111, 244, 110, 111, 0, 0, 0
L 247, 106, 111, 247, 110, 111, 0, 0, 0
L 244, 106, 111, 247, 106, 111, 0, 0, 0
L 244, 110, 111, 244, 106, 111, 0, 0, 0
L 187, 106, 111, 187, 110, 111, 0, 0, 0
L 183, 106, 111, 187, 106, 111, 0, 0, 0
L 183, 110, 111, 183, 106, 111, 0, 0, 0
L 187, 110, 111, 183, 110, 111, 0, 0, 0
L 186, 155, 111, 190, 155, 111, 0, 0, 0
L 186, 158, 111, 186, 155, 111, 0, 0, 0
L 190, 158, 111, 186, 158, 111, 0, 0, 0
L 190, 155, 111, 190, 158, 111, 0, 0, 0
L 183, 204, 111, 187, 204, 111, 0, 0, 0
L 183, 200, 111, 183, 204, 111, 0, 0, 0
L 187, 200, 111, 183, 200, 111, 0, 0, 0
L 187, 204, 111, 187, 200, 111, 0, 0, 0
L 247, 200, 111, 247, 204, 111, 0, 0, 0
L 247, 204, 111, 244, 204, 111, 0, 0, 0
L 244, 204, 111, 244, 200, 111, 0, 0, 0
L 247, 200, 111, 244, 200, 111, 0, 0, 0
L 270, 226, 111, 222, 226, 111, 0, 0, 0
L 270, 84, 111, 270, 226, 111, 0, 0, 0
L 160, 84, 111, 270, 84, 111, 0, 0, 0
L 160, 226, 111, 160, 84, 111, 0, 0, 0
L 209, 226, 111, 160, 226, 111, 0, 0, 0
L 209, 229, 111, 209, 226, 111, 0, 0, 0
L 222, 226, 111, 222, 229, 111, 0, 0, 0
L 209, 229, 111, 157, 229, 111, 0, 0, 0
L 273, 229, 111, 222, 229, 111, 0, 0, 0
L 273, 81, 112, 273, 229, 112, 0, 0, 0
L 157, 81, 111, 273, 81, 111, 0, 0, 0
L 157, 229, 112, 157, 81, 112, 0, 0, 0
L -6, 249, 121, -0, 251, 121, 0, 0, 0
L -8, 243, 121, -6, 249, 121, 0, 0, 0
L -5, 237, 121, -8, 243, 121, 0, 0, 0
L 0, 235, 121, -5, 237, 121, 0, 0, 0
L 6, 238, 121, 0, 235, 121, 0, 0, 0
L 8, 244, 121, 6, 238, 121, 0, 0, 0
L 5, 249, 121, 8, 244, 121, 0, 0, 0
L -0, 251, 121, 5, 249, 121, 0, 0, 0
L 43, 266, 104, -43, 266, 104, 0, 0, 0
L -7, 300, 104, -7, 263, 104, 0, 0, 0
L -7, 263, 121, -10, 263, 121, 0, 0, 0
L 7, 263, 121, 10, 263, 121, 0, 0, 0
L -7, 266, 120, 7, 266, 120, 0, 0, 0
L 7, 267, 119, -7, 267, 119, 0, 0, 0
L -7, 268, 119, 7, 268, 119, 0, 0, 0
L 7, 269, 118, -7, 269, 118, 0, 0, 0
L -7, 272, 117, 7, 272, 117, 0, 0, 0
L 7, 276, 115, -7, 276, 115, 0, 0, 0
L -7, 279, 113, 7, 279, 113, 0, 0, 0
L 7, 282, 112, -7, 282, 112, 0, 0, 0
L -7, 285, 110, 7, 285, 110, 0, 0, 0
L 7, 288, 109, -7, 288, 109, 0, 0, 0
L -7, 291, 107, 7, 291, 107, 0, 0, 0
L 7, 295, 105, -7, 295, 105, 0, 0, 0
L -7, 296, 105, 7, 296, 105, 0, 0, 0
L 7, 297, 104, -7, 297, 104, 0, 0, 0
L 10, 263, 104, 10, 300, 104, 0, 0, 0
L 7, 300, 104, 10, 300, 104, 0, 0, 0
L 7, 263, 104, 7, 300, 104, 0, 0, 0
L -10, 300, 104, -10, 263, 104, 0, 0, 0
L -7, 300, 104, -10, 300, 104, 0, 0, 0
L 32, 287, 106, 45, 262, 106, 0, 0, 0
L 23, 298, 106, 32, 287, 106, 0, 0, 0
L 13, 306, 106, 23, 298, 106, 0, 0, 0
L 0, 310, 106, 13, 306, 106, 0, 0, 0
L -13, 306, 106, 0, 310, 106, 0, 0, 0
L -23, 298, 106, -13, 306, 106, 0, 0, 0
L -32, 287, 106, -23, 298, 106, 0, 0, 0
L -45, 262, 106, -32, 287, 106, 0, 0, 0
L -149, 263, 111, -153, 300, 95, 0, 0, 0
L -135, 263, 111, -140, 300, 95, 0, 0, 0
L -134, 263, 111, -133, 263, 111, 0, 0, 0
L -149, 266, 111, -136, 266, 111, 0, 0, 0
L -149, 267, 110, -136, 267, 110, 0, 0, 0
L -136, 268, 110, -149, 268, 110, 0, 0, 0
L -150, 271, 109, -136, 271, 108, 0, 0, 0
L -137, 274, 107, -150, 274, 107, 0, 0, 0
L -150, 277, 106, -137, 277, 105, 0, 0, 0
L -137, 280, 104, -151, 280, 104, 0, 0, 0
L -151, 283, 102, -138, 283, 102, 0, 0, 0
L -138, 287, 101, -151, 287, 100, 0, 0, 0
L -138, 289, 100, -152, 289, 100, 0, 0, 0
L -152, 293, 97, -139, 293, 97, 0, 0, 0
L -153, 300, 95, -156, 300, 95, 0, 0, 0
L -139, 297, 96, -153, 297, 95, 0, 0, 0
L -137, 300, 95, -140, 300, 95, 0, 0, 0
L -208, 267, 111, -215, 264, 111, 0, 0, 0
L -222, 281, 111, -215, 284, 111, 0, 0, 0
L -225, 274, 111, -222, 281, 111, 0, 0, 0
L -222, 267, 111, -225, 274, 111, 0, 0, 0
L -215, 264, 111, -222, 267, 111, 0, 0, 0
L -205, 274, 111, -208, 267, 111, 0, 0, 0
L -208, 281, 111, -205, 274, 111, 0, 0, 0
L -215, 284, 111, -208, 281, 111, 0, 0, 0
L -255, 131, 127, -255, 179, 127, 0, 0, 0
L -241, 99, 127, -255, 99, 127, 0, 0, 0
L -241, 88, 127, -241, 99, 127, 0, 0, 0
L -238, 88, 127, -241, 88, 127, 0, 0, 0
L -238, 99, 127, -238, 88, 127, 0, 0, 0
L -193, 99, 127, -238, 99, 127, 0, 0, 0
L -193, 88, 127, -193, 99, 127, 0, 0, 0
L -190, 88, 127, -193, 88, 127, 0, 0, 0
L -190, 99, 127, -190, 88, 127, 0, 0, 0
L -175, 99, 127, -190, 99, 127, 0, 0, 0
L -175, 128, 127, -175, 99, 127, 0, 0, 0
L -164, 128, 127, -175, 128, 127, 0, 0, 0
L -164, 131, 127, -164, 128, 127, 0, 0, 0
L -175, 131, 127, -164, 131, 127, 0, 0, 0
L -175, 179, 127, -175, 131, 127, 0, 0, 0
L -164, 179, 127, -175, 179, 127, 0, 0, 0
L -164, 182, 127, -164, 179, 127, 0, 0, 0
L -175, 182, 127, -164, 182, 127, 0, 0, 0
L -175, 211, 127, -175, 182, 127, 0, 0, 0
L -190, 211, 127, -175, 211, 127, 0, 0, 0
L -190, 222, 127, -190, 211, 127, 0, 0, 0
L -193, 222, 127, -190, 222, 127, 0, 0, 0
L -193, 211, 127, -193, 222, 127, 0, 0, 0
L -238, 211, 127, -193, 211, 127, 0, 0, 0
L -238, 222, 127, -238, 211, 127, 0, 0, 0
L -241, 222, 127, -238, 222, 127, 0, 0, 0
L -241, 211, 127, -241, 222, 127, 0, 0, 0
L -255, 211, 127, -241, 211, 127, 0, 0, 0
L -255, 182, 127, -255, 211, 127, 0, 0, 0
L -266, 182, 127, -255, 182, 127, 0, 0, 0
L -267, 179, 127, -266, 182, 127, 0, 0, 0
L -255, 179, 127, -267, 179, 127, 0, 0, 0
L -255, 139, 127, -255, 161, 127, 0, 0, 0
L -267, 131, 127, -255, 131, 127, 0, 0, 0
L -267, 128, 127, -267, 131, 127, 0, 0, 0
L -255, 128, 127, -267, 128, 127, 0, 0, 0
L -255, 99, 127, -255, 128, 127, 0, 0, 0
L -225, 84, 127, -225, 83, 127, 0, 0, 0
L -224, 84, 127, -225, 84, 127, 0, 0, 0
L -222, 81, 127, -222, 84, 127, 0, 0, 0
L -208, 84, 127, -208, 47, 127, 0, 0, 0
L -205, 84, 127, -205, 47, 127, 0, 0, 0
L -222, 80, 127, -208, 80, 127, 0, 0, 0
L -222, 79, 126, -208, 79, 126, 0, 0, 0
L -222, 77, 125, -208, 77, 125, 0, 0, 0
L -208, 75, 124, -222, 75, 124, 0, 0, 0
L -222, 72, 122, -208, 72, 122, 0, 0, 0
L -208, 69, 121, -222, 69, 121, 0, 0, 0
L -222, 66, 120, -208, 66, 119, 0, 0, 0
L -208, 63, 118, -222, 63, 118, 0, 0, 0
L -222, 60, 116, -208, 60, 116, 0, 0, 0
L -222, 57, 115, -208, 57, 115, 0, 0, 0
L -208, 54, 113, -222, 54, 113, 0, 0, 0
L -222, 53, 113, -208, 53, 113, 0, 0, 0
L -208, 52, 112, -222, 52, 112, 0, 0, 0
L -222, 51, 112, -208, 51, 112, 0, 0, 0
L -208, 50, 111, -222, 50, 111, 0, 0, 0
L -205, 47, 111, -205, 49, 111, 0, 0, 0
L -208, 47, 111, -205, 47, 111, 0, 0, 0
L -208, 52, 111, -208, 47, 111, 0, 0, 0
L -222, 47, 111, -222, 80, 111, 0, 0, 0
L -225, 47, 111, -222, 47, 111, 0, 0, 0
L -225, 84, 111, -225, 47, 111, 0, 0, 0
L -253, 162, 111, -253, 148, 111, 0, 0, 0
L -219, 164, 127, -256, 164, 127, 0, 0, 0
L -219, 162, 127, -219, 164, 127, 0, 0, 0
L -256, 162, 127, -219, 162, 127, 0, 0, 0
L -219, 146, 127, -256, 146, 127, 0, 0, 0
L -219, 148, 127, -219, 146, 127, 0, 0, 0
L -256, 148, 127, -219, 148, 127, 0, 0, 0
L -222, 162, 127, -222, 148, 127, 0, 0, 0
L -223, 148, 126, -223, 162, 126, 0, 0, 0
L -224, 161, 126, -224, 148, 126, 0, 0, 0
L -227, 148, 124, -227, 162, 124, 0, 0, 0
L -230, 162, 123, -230, 148, 123, 0, 0, 0
L -233, 148, 121, -233, 162, 121, 0, 0, 0
L -236, 148, 120, -236, 162, 120, 0, 0, 0
L -239, 162, 118, -239, 148, 118, 0, 0, 0
L -242, 148, 117, -242, 162, 117, 0, 0, 0
L -245, 162, 115, -245, 148, 115, 0, 0, 0
L -248, 148, 114, -248, 162, 114, 0, 0, 0
L -250, 162, 113, -250, 148, 113, 0, 0, 0
L -256, 162, 111, -256, 164, 111, 0, 0, 0
L -256, 146, 111, -256, 148, 111, 0, 0, 0
L -207, 85, 111, -187, 85, 111, 0, 0, 0
L -187, 95, 111, -207, 95, 111, 0, 0, 0
L -207, 85, 111, -207, 95, 111, 0, 0, 0
L -187, 95, 111, -187, 85, 111, 0, 0, 0
L -183, 182, 111, -183, 172, 111, 0, 0, 0
L -187, 182, 111, -183, 182, 111, 0, 0, 0
L -187, 172, 111, -187, 182, 111, 0, 0, 0
L -183, 172, 111, -187, 172, 111, 0, 0, 0
L -183, 162, 111, -183, 152, 111, 0, 0, 0
L -187, 162, 111, -183, 162, 111, 0, 0, 0
L -187, 152, 111, -187, 162, 111, 0, 0, 0
L -183, 152, 111, -187, 152, 111, 0, 0, 0
L -187, 132, 111, -187, 143, 111, 0, 0, 0
L -184, 132, 111, -187, 132, 111, 0, 0, 0
L -182, 142, 111, -184, 132, 111, 0, 0, 0
L -187, 143, 111, -182, 142, 111, 0, 0, 0
L -273, 81, 111, -157, 81, 111, 0, 0, 0
L -273, 229, 112, -273, 81, 112, 0, 0, 0
L -222, 229, 111, -273, 229, 111, 0, 0, 0
L -222, 226, 111, -222, 229, 111, 0, 0, 0
L -270, 226, 111, -222, 226, 111, 0, 0, 0
L -270, 84, 111, -270, 226, 111, 0, 0, 0
L -160, 84, 111, -270, 84, 111, 0, 0, 0
L -160, 226, 111, -160, 84, 111, 0, 0, 0
L -209, 226, 111, -160, 226, 111, 0, 0, 0
L -209, 226, 111, -209, 229, 111, 0, 0, 0
L -157, 229, 111, -209, 229, 111, 0, 0, 0
L -157, 81, 112, -157, 229, 112, 0, 0, 0
L 134, -104, 111, 132, -78, 111, 0, 0, 0
L 137, -104, 111, 134, -104, 111, 0, 0, 0
L 135, -78, 111, 137, -104, 111, 0, 0, 0
L 135, -78, 111, 132, -78, 111, 0, 0, 0
L 159, -70, 113, 159, -20, 113, 0, 0, 0
L 155, -82, 113, 158, -82, 113, 0, 0, 0
L 155, -129, 113, 155, -82, 113, 0, 0, 0
L 113, -129, 113, 155, -129, 113, 0, 0, 0
L 113, -24, 114, 113, -129, 114, 0, 0, 0
L 132, -24, 113, 113, -24, 113, 0, 0, 0
L 132, -50, 113, 132, -24, 113, 0, 0, 0
L 137, -50, 113, 132, -50, 113, 0, 0, 0
L 136, -24, 113, 137, -50, 113, 0, 0, 0
L 155, -24, 113, 136, -24, 113, 0, 0, 0
L 155, -70, 113, 155, -24, 113, 0, 0, 0
L 159, -70, 113, 155, -70, 113, 0, 0, 0
L 109, -20, 113, 159, -20, 113, 0, 0, 0
L 109, -132, 114, 109, -20, 114, 0, 0, 0
L 159, -132, 112, 109, -132, 113, 0, 0, 0
L 158, -82, 112, 159, -132, 112, 0, 0, 0
L 285, -190, 95, 294, -190, 95, 0, 0, 0
L 132, 238, 111, 133, 263, 111, 0, 0, 0
L 130, 238, 111, 132, 238, 111, 0, 0, 0
L 129, 262, 112, 130, 238, 111, 0, 0, 0
L 45, 262, 121, 133, 262, 114, 0, 0, 0
L -129, 262, 115, -45, 262, 121, 0, 0, 0
L -133, 237, 113, -128, 237, 113, 0, 0, 0
L -133, 237, 113, -134, 263, 113, 0, 0, 0
L -128, 237, 113, -129, 262, 113, 0, 0, 0
L -196, 320, 113, -190, 266, 113, 0, 0, 0
L -235, 320, 113, -196, 320, 113, 0, 0, 0
L -240, 262, 113, -235, 320, 113, 0, 0, 0
L -240, 262, 113, -295, 262, 113, 0, 0, 0
L -292, -186, 111, -225, -186, 111, 0, 0, 0
L -243, -75, 111, -292, -75, 111, 0, 0, 0
L -243, -124, 111, -243, -75, 111, 0, 0, 0
L -243, -124, 111, -246, -124, 111, 0, 0, 0
L -246, -77, 111, -246, -124, 111, 0, 0, 0
L -289, -77, 111, -246, -77, 111, 0, 0, 0
L -289, -111, 111, -289, -77, 111, 0, 0, 0
L -263, -111, 111, -289, -111, 111, 0, 0, 0
L -263, -114, 111, -263, -111, 111, 0, 0, 0
L -289, -114, 111, -263, -114, 111, 0, 0, 0
L -289, -153, 111, -289, -114, 111, 0, 0, 0
L -263, -153, 111, -289, -153, 111, 0, 0, 0
L -263, -156, 111, -263, -153, 111, 0, 0, 0
L -289, -156, 111, -263, -156, 111, 0, 0, 0
L -289, -184, 111, -289, -156, 111, 0, 0, 0
L -246, -184, 111, -289, -184, 111, 0, 0, 0
L -246, -137, 111, -246, -184, 111, 0, 0, 0
L -246, -137, 111, -243, -137, 111, 0, 0, 0
L -243, -186, 111, -243, -137, 111, 0, 0, 0
L -213, -139, 111, -214, -90, 111, 0, 0, 0
L -213, -139, 111, -185, -138, 111, 0, 0, 0
L -186, -90, 111, -185, -138, 111, 0, 0, 0
L -214, -90, 111, -186, -90, 111, 0, 0, 0
L -158, -83, 111, -158, -132, 111, 0, 0, 0
L -156, -70, 111, -158, -70, 111, 0, 0, 0
L -156, -70, 111, -156, -23, 111, 0, 0, 0
L -158, -70, 111, -158, -18, 111, 0, 0, 0
L -158, -83, 111, -156, -83, 111, 0, 0, 0
L -113, -23, 112, -156, -23, 111, 0, 0, 0
L -113, -129, 113, -113, -23, 113, 0, 0, 0
L -156, -129, 111, -113, -129, 111, 0, 0, 0
L -156, -83, 111, -156, -129, 111, 0, 0, 0
L -158, -132, 111, -108, -132, 113, 0, 0, 0
L -108, -18, 115, -158, -18, 115, 0, 0, 0
L -108, -132, 116, -108, -18, 116, 0, 0, 0
L 34, -434, -5, 54, -432, -5, 0, 0, 0
L 54, -432, -5, 54, -494, -5, 0, 0, 0
L 54, -494, -5, -55, -494, -5, 0, 0, 0
L -55, -494, -5, -55, -432, -5, 0, 0, 0
L -55, -432, -5, 17, -433, -5, 0, 0, 0
L 17, -396, -24, 34, -396, -24, 0, 0, 127
L 34, -396, -24, 34, -434, -5, 0, 0, 0
L 17, -432, -5, 17, -396, -24, 0, 0, 0
L -55, -433, -5, -54, -326, 71, 0, 0, 0
L -54, -326, 71, -54, -308, 70, 0, 0, 0
L -54, -308, 70, -38, -308, 71, 0, 0, 0
L -37, -376, 45, -38, -432, -5, 0, 0, 0
L -37, -325, 71, -42, -278, 71, 0, 0, 0
L -23, -278, 71, -16, -294, 71, 0, 0, 0
L 42, -278, 71, 34, -350, 71, 0, 0, 0
L 37, -324, 71, 28, -325, 72, 0, 0, 0
L 28, -325, 72, 25, -311, 71, 0, 0, 0
L 25, -311, 71, 13, -311, 71, 0, 0, 0
L 13, -311, 71, 9, -325, 71, 0, 0, 0
L 9, -325, 71, -9, -325, 71, 0, 0, 0
L -9, -325, 71, -13, -311, 71, 0, 0, 0
L -13, -311, 71, -24, -311, 71, 0, 0, 0
L -24, -311, 71, -28, -325, 71, 0, 0, 0
L -37, -326, 71, -38, -432, -5, 0, 0, 0
L 24, -311, 71, 24, -326, 83, 0, 0, 0
L 24, -326, 83, 13, -326, 83, 0, 0, 0
L 13, -311, 71, 13, -326, 83, 0, 0, 0
L -13, -311, 71, -13, -326, 83, 0, 0, 0
L -13, -326, 83, -37, -326, 83, 0, 0, 0
L -24, -326, 83, -24, -311, 71, 0, 0, 0
L -24, -311, 71, -13, -311, 71, 0, 0, 0
L -9, -325, 71, -13, -326, 83, 0, 0, 0
L 13, -326, 83, 9, -325, 71, 0, 0, 0
L 28, -325, 71, 22, -325, 83, 0, 0, 0
L 37, -324, 84, 33, -382, 83, 0, 0, 0
L 33, -382, 83, 29, -382, 83, 0, 0, 0
L 29, -382, 83, 29, -346, 84, 0, 0, 0
L 29, -346, 84, -30, -346, 84, 0, 0, 0
L -30, -346, 84, -29, -381, 83, 0, 0, 0
L -29, -381, 83, -33, -380, 84, 0, 0, 0
L -33, -380, 84, -37, -325, 84, 0, 0, 0
L -16, -278, 84, -16, -294, 74, 0, 0, 0
L -16, -294, 74, 11, -294, 74, 0, 0, 0
L 10, -294, 74, 11, -278, 85, 0, 0, 0
L 19, -278, 71, 11, -294, 72, 0, 0, 0
L -28, -348, 90, 27, -348, 90, 0, 0, 0
L 27, -348, 90, 28, -384, 90, 0, 0, 0
L 28, -384, 90, -28, -384, 90, 0, 0, 0
L -28, -384, 90, -28, -348, 91, 0, 0, 0
L -24, -380, 96, 23, -380, 96, 0, 0, 0
L 23, -380, 98, 23, -352, 95, 0, 0, 0
L 23, -352, 95, -22, -353, 96, 0, 0, 0
L -22, -353, 96, -24, -380, 96, 0, 0, 0
L 42, -278, 84, -42, -278, 84, 0, 0, 0
L -42, -278, 84, -50, -190, 83, 0, 0, 0
L -50, -190, 83, -33, -191, 83, 0, 0, 0
L -33, -191, 83, -33, -272, 83, 0, 0, 0
L -33, -272, 83, 29, -272, 84, 0, 0, 0
L 29, -272, 84, 30, -190, 83, 0, 0, 0
L 30, -190, 83, 51, -190, 78, 0, 0, 0
L 51, -190, 78, 50, -191, 83, 0, 0, 0
L 50, -191, 83, 42, -278, 84, 0, 0, 0
L -32, -272, 83, -30, -266, 88, 0, 0, 0
L 7, -267, 88, 28, -267, 88, 0, 0, 0
L 28, -267, 88, 30, -272, 84, 0, 0, 0
L 26, -264, 88, 10, -264, 88, 0, 0, 0
L 10, -264, 88, 10, -236, 88, 0, 0, 0
L 10, -236, 88, 26, -236, 88, 0, 0, 0
L 26, -236, 88, 25, -264, 88, 0, 0, 0
L -7, -266, 88, -30, -266, 88, 0, 0, 0
L -27, -266, 88, -27, -238, 88, 0, 0, 0
L -27, -238, 88, -11, -238, 88, 0, 0, 0
L -11, -238, 88, -11, -266, 88, 0, 0, 0
L 7, -232, 104, -7, -232, 104, 0, 0, 0
L -7, -235, 103, 7, -235, 103, 0, 0, 0
L -7, -241, 100, 7, -241, 100, 0, 0, 0
L 7, -242, 100, -7, -242, 100, 0, 0, 0
L -7, -243, 99, 7, -243, 99, 0, 0, 0
L 7, -233, 104, -7, -233, 104, 0, 0, 0
L 7, -234, 103, -7, -234, 103, 0, 0, 0
L -7, -236, 102, 7, -236, 102, 0, 0, 0
L 7, -237, 102, -7, -237, 102, 0, 0, 0
L -7, -238, 101, 7, -238, 101, 0, 0, 0
L 7, -239, 101, -7, -239, 101, 0, 0, 0
L -7, -240, 100, 7, -240, 100, 0, 0, 0
L 7, -244, 98, -7, -244, 98, 0, 0, 0
L -7, -245, 98, 7, -245, 98, 0, 0, 0
L 7, -246, 97, -7, -246, 97, 0, 0, 0
L -7, -247, 97, 7, -247, 97, 0, 0, 0
L 7, -248, 96, -7, -248, 96, 0, 0, 0
L -7, -249, 96, 7, -249, 96, 0, 0, 0
L 7, -250, 95, -7, -250, 95, 0, 0, 0
L -7, -251, 95, 7, -251, 95, 0, 0, 0
L 7, -252, 94, -7, -252, 94, 0, 0, 0
L -7, -253, 94, 7, -253, 94, 0, 0, 0
L 7, -254, 93, -7, -254, 93, 0, 0, 0
L -7, -255, 93, 7, -255, 93, 0, 0, 0
L 7, -256, 92, -7, -256, 92, 0, 0, 0
L -7, -257, 92, 7, -257, 92, 0, 0, 0
L 7, -258, 91, -7, -258, 91, 0, 0, 0
L -7, -259, 91, 7, -259, 91, 0, 0, 0
L 7, -260, 90, -7, -260, 90, 0, 0, 0
L -7, -261, 90, 7, -261, 90, 0, 0, 0
L 7, -262, 89, -7, -262, 89, 0, 0, 0
L -7, -263, 89, 7, -263, 89, 0, 0, 0
L 7, -264, 88, -7, -264, 88, 0, 0, 0
L -7, -266, 88, -7, -232, 104, 0, 0, 0
L 7, -232, 104, 7, -267, 88, 0, 0, 0
L 22, -190, 104, 22, -233, 106, 0, 0, 0
L 7, -233, 105, 22, -233, 104, 0, 0, 0
L -7, -233, 106, -25, -233, 104, 0, 0, 0
L -25, -233, 104, -25, -190, 104, 0, 0, 0
L -25, -190, 104, -17, -190, 104, 0, 0, 0
L -17, -190, 104, -17, -212, 104, 0, 0, 0
L -17, -212, 104, 17, -212, 104, 0, 0, 0
L 17, -212, 104, 17, -190, 104, 0, 0, 0
L 17, -190, 104, 22, -190, 104, 0, 0, 0
L 7, -191, 123, -7, -191, 123, 0, 0, 0
L -7, -190, 124, 7, -190, 124, 0, 0, 0
L -7, -192, 119, 7, -192, 119, 0, 0, 0
L 7, -193, 118, -7, -193, 118, 0, 0, 0
L -7, -194, 118, 7, -194, 118, 0, 0, 0
L 7, -195, 117, -7, -195, 117, 0, 0, 0
L -7, -196, 117, 7, -196, 117, 0, 0, 0
L 7, -197, 116, -7, -197, 116, 0, 0, 0
L -7, -198, 116, 7, -198, 116, 0, 0, 0
L 7, -199, 115, -7, -199, 115, 0, 0, 0
L -7, -200, 115, 7, -200, 115, 0, 0, 0
L 7, -201, 114, -7, -201, 114, 0, 0, 0
L -7, -202, 114, 7, -202, 114, 0, 0, 0
L 7, -203, 113, -7, -203, 113, 0, 0, 0
L -7, -204, 113, 7, -204, 113, 0, 0, 0
L 7, -205, 112, -7, -205, 112, 0, 0, 0
L -7, -206, 112, 7, -206, 112, 0, 0, 0
L 7, -207, 111, -7, -207, 111, 0, 0, 0
L -7, -208, 111, 7, -208, 111, 0, 0, 0
L 7, -209, 110, -7, -209, 110, 0, 0, 0
L -7, -210, 110, 7, -210, 110, 0, 0, 0
L 7, -211, 109, -7, -211, 109, 0, 0, 0
L -7, -212, 109, 7, -212, 109, 0, 0, 0
L 7, -213, 108, -7, -213, 108, 0, 0, 0
L -7, -214, 108, 7, -214, 108, 0, 0, 0
L 7, -215, 107, -7, -215, 107, 0, 0, 0
L -7, -216, 107, 7, -216, 107, 0, 0, 0
L 7, -217, 106, -7, -217, 107, 0, 0, 0
L -7, -218, 106, 7, -218, 106, 0, 0, 0
L 7, -219, 105, -7, -219, 105, 0, 0, 0
L -7, -220, 105, 7, -220, 105, 0, 0, 0
L 7, -221, 104, -7, -221, 104, 0, 0, 0
L -7, -221, 104, -7, -190, 121, 0, 0, 0
L 7, -190, 121, 7, -221, 104, 0, 0, 0
L 222, -187, 114, 243, -187, 114, 0, 0, 0
L 243, -137, 111, 246, -137, 111, 0, 0, 0
L 246, -137, 111, 246, -184, 111, 0, 0, 0
L 246, -184, 111, 289, -184, 111, 0, 0, 0
L 289, -184, 111, 289, -159, 111, 0, 0, 0
L 289, -159, 111, 264, -159, 111, 0, 0, 0
L 264, -159, 111, 264, -156, 111, 0, 0, 0
L 264, -156, 111, 289, -156, 111, 0, 0, 0
L 289, -156, 111, 289, -132, 111, 0, 0, 0
L 289, -132, 111, 266, -132, 111, 0, 0, 0
L 266, -132, 111, 266, -129, 111, 0, 0, 0
L 266, -129, 111, 289, -129, 111, 0, 0, 0
L 289, -129, 111, 289, -97, 111, 0, 0, 0
L 289, -97, 111, 265, -98, 111, 0, 0, 0
L 265, -98, 111, 265, -95, 111, 0, 0, 0
L 265, -95, 111, 289, -94, 111, 0, 0, 0
L 289, -94, 111, 289, -77, 111, 0, 0, 0
L 289, -77, 111, 246, -77, 111, 0, 0, 0
L 246, -77, 111, 246, -124, 111, 0, 0, 0
L 246, -124, 111, 243, -124, 111, 0, 0, 0
L 292, -186, 111, 243, -186, 111, 0, 0, 0
L 243, -186, 111, 243, -137, 111, 0, 0, 0
L 243, -124, 111, 243, -75, 111, 0, 0, 0
L 243, -75, 111, 292, -75, 111, 0, 0, 0
L 222, -190, 111, 208, -190, 111, 0, 0, 0
L 208, -191, 110, 222, -191, 110, 0, 0, 0
L 222, -192, 110, 208, -192, 110, 0, 0, 0
L 208, -193, 109, 222, -193, 109, 0, 0, 0
L 222, -194, 109, 208, -194, 109, 0, 0, 0
L 208, -195, 108, 222, -195, 108, 0, 0, 0
L 222, -196, 108, 208, -196, 108, 0, 0, 0
L 208, -197, 107, 222, -197, 107, 0, 0, 0
L 222, -198, 107, 208, -198, 107, 0, 0, 0
L 208, -199, 106, 222, -199, 106, 0, 0, 0
L 222, -200, 106, 208, -200, 106, 0, 0, 0
L 208, -201, 105, 222, -201, 105, 0, 0, 0
L 222, -202, 105, 208, -202, 105, 0, 0, 0
L 208, -203, 104, 222, -203, 104, 0, 0, 0
L 222, -204, 104, 208, -204, 104, 0, 0, 0
L 208, -205, 103, 222, -205, 103, 0, 0, 0
L 222, -206, 103, 208, -206, 103, 0, 0, 0
L 208, -207, 102, 222, -207, 102, 0, 0, 0
L 222, -208, 102, 208, -208, 102, 0, 0, 0
L 208, -209, 101, 222, -209, 101, 0, 0, 0
L 222, -210, 101, 208, -210, 101, 0, 0, 0
L 208, -211, 100, 222, -211, 100, 0, 0, 0
L 222, -212, 100, 208, -212, 100, 0, 0, 0
L 208, -213, 99, 222, -213, 100, 0, 0, 0
L 222, -214, 99, 208, -214, 99, 0, 0, 0
L 208, -215, 98, 222, -215, 98, 0, 0, 0
L 222, -216, 98, 208, -216, 98, 0, 0, 0
L 208, -217, 97, 222, -217, 98, 0, 0, 0
L 222, -218, 97, 208, -218, 97, 0, 0, 0
L 208, -219, 97, 222, -219, 97, 0, 0, 0
L 222, -220, 96, 208, -220, 96, 0, 0, 0
L 208, -221, 96, 222, -221, 96, 0, 0, 0
L 222, -187, 109, 222, -221, 100, 0, 0, 0
L 208, -221, 100, 208, -187, 107, 0, 0, 0
L 181, -200, 95, 180, -249, 95, 0, 0, 0
L 180, -249, 95, 152, -249, 95, 0, 0, 0
L 152, -249, 95, 153, -200, 95, 0, 0, 0
L 153, -200, 95, 181, -200, 95, 0, 0, 0
L 137, -188, 97, 156, -493, 97, 0, 0, 0
L 276, -458, 97, 294, -190, 97, 0, 0, 0
L 285, -190, 97, 285, -194, 97, 0, 0, 0
L 285, -194, 97, 275, -194, 97, 0, 0, 0
L 275, -194, 97, 275, -190, 97, 0, 0, 0
L 275, -190, 95, 267, -190, 95, 0, 0, 0
L 267, -190, 97, 267, -194, 97, 0, 0, 0
L 267, -194, 97, 257, -194, 97, 0, 0, 0
L 244, -190, 97, 244, -194, 97, 0, 0, 0
L 244, -194, 97, 234, -194, 97, 0, 0, 0
L 234, -190, 97, 234, -194, 97, 0, 0, 0
L 234, -190, 95, 196, -190, 95, 0, 0, 0
L 196, -190, 97, 196, -194, 97, 0, 0, 0
L 196, -194, 97, 186, -194, 97, 0, 0, 0
L 186, -194, 97, 186, -190, 97, 0, 0, 0
L 186, -190, 95, 175, -190, 95, 0, 0, 0
L 175, -190, 97, 175, -194, 97, 0, 0, 0
L 175, -194, 97, 166, -194, 97, 0, 0, 0
L 166, -194, 97, 166, -190, 97, 0, 0, 0
L 166, -190, 95, 152, -190, 95, 0, 0, 0
L 152, -190, 97, 152, -194, 97, 0, 0, 0
L 152, -194, 97, 143, -194, 97, 0, 0, 0
L 143, -194, 97, 143, -190, 97, 0, 0, 0
L 143, -190, 95, 137, -190, 95, 0, 0, 0
L 244, -190, 95, 257, -190, 95, 0, 0, 0
L 257, -194, 97, 257, -190, 97, 0, 0, 0
L 244, -191, 97, 244, -192, 97, 0, 0, 0
L 250, -238, 95, 250, -201, 95, 0, 0, 0
L 250, -201, 95, 274, -201, 95, 0, 0, 0
L 274, -201, 95, 274, -238, 95, 0, 0, 0
L 274, -238, 95, 250, -238, 95, 0, 0, 0
L 268, -320, 95, 244, -320, 95, 0, 0, 0
L 244, -296, 95, 244, -320, 95, 0, 0, 0
L 244, -296, 95, 268, -296, 95, 0, 0, 0
L 268, -296, 95, 268, -320, 95, 0, 0, 0
L 230, -338, 95, 200, -338, 95, 0, 0, 0
L 200, -338, 95, 200, -389, 95, 0, 0, 0
L 200, -389, 95, 230, -389, 95, 0, 0, 0
L 230, -389, 95, 230, -338, 95, 0, 0, 0
L 192, -312, 95, 192, -287, 95, 0, 0, 0
L 192, -287, 95, 167, -287, 95, 0, 0, 0
L 167, -287, 95, 167, -312, 95, 0, 0, 0
L 167, -312, 95, 192, -312, 95, 0, 0, 0
L 215, -167, 111, 187, -169, 111, 0, 0, 0
L 187, -169, 111, 184, -120, 111, 0, 0, 0
L 212, -119, 111, 184, -120, 111, 0, 0, 0
L 212, -119, 111, 215, -167, 111, 0, 0, 0
L 77, -112, 116, 77, -148, 116, 0, 0, 0
L 77, -148, 116, 23, -148, 118, 0, 0, 0
L 23, -148, 120, 23, -112, 120, 0, 0, 0
L 23, -112, 119, 77, -112, 117, 0, 0, 0
L -23, -148, 120, -23, -112, 120, 0, 0, 0
L -23, -112, 119, -77, -112, 118, 0, 0, 0
L -77, -112, 116, -77, -148, 116, 0, 0, 0
L -77, -148, 116, -23, -148, 118, 0, 0, 0
L -18, -27, 121, 18, -27, 121, 0, 0, 0
L 18, -27, 120, 18, -10, 120, 0, 0, 0
L 127, 209, 111, 127, -10, 111, 0, 0, 0
L 127, 209, 112, 63, 209, 116, 0, 0, 0
L 30, 234, 119, 1, 234, 121, 0, 0, 0
L 1, 234, 121, -30, 234, 119, 0, 0, 0
L -30, 234, 119, -63, 209, 118, 0, 0, 0
L -63, 209, 116, -127, 209, 112, 0, 0, 0
L -127, 209, 112, -127, -10, 111, 0, 0, 0
L 156, -493, 85, 163, -621, 85, 0, 0, 0
L 268, -621, 85, 276, -458, 85, 0, 0, 0
L 187, -618, 85, 179, -618, 85, 0, 0, 0
L 250, -618, 85, 241, -618, 85, 0, 0, 0
L 242, -621, 85, 241, -618, 85, 0, 0, 0
L 188, -621, 85, 187, -618, 85, 0, 0, 0
L 178, -621, 85, 179, -618, 85, 0, 0, 0
L 178, -621, 83, 162, -621, 83, 0, 0, 0
L 250, -621, 83, 269, -621, 83, 0, 0, 0
L 250, -618, 84, 250, -621, 84, 0, 0, 0
L 201, -645, 96, 201, -673, 96, 0, 0, 0
L 201, -673, 96, 183, -673, 96, 0, 0, 0
L 183, -673, 96, 183, -645, 96, 0, 0, 0
L 183, -645, 96, 201, -645, 96, 0, 0, 0
L 232, -644, 95, 248, -644, 95, 0, 0, 0
L 248, -644, 95, 248, -672, 95, 0, 0, 0
L 248, -672, 95, 232, -672, 95, 0, 0, 0
L 232, -672, 95, 232, -644, 95, 0, 0, 0
L 169, -719, 97, 162, -621, 97, 0, 0, 0
L 261, -719, 97, 269, -621, 97, 0, 0, 0
L 169, -719, 113, 175, -803, 113, 0, 0, 0
L 179, -813, 113, 179, -767, 113, 0, 0, 0
L 179, -767, 113, 256, -767, 113, 0, 0, 0
L 257, -779, 113, 257, -771, 113, 0, 0, 0
L 257, -771, 113, 261, -719, 113, 0, 0, 0
L 256, -767, 111, 256, -813, 111, 0, 0, 0
L 256, -813, 123, 179, -813, 126, 0, 0, 0
L 175, -803, 113, 179, -803, 113, 0, 0, 0
L 237, -531, 83, 239, -476, 83, 0, 0, 0
L 239, -476, 83, 271, -477, 83, 0, 0, 0
L 271, -477, 83, 269, -532, 83, 0, 0, 0
L 269, -532, 83, 260, -532, 83, 0, 0, 0
L 260, -532, 83, 260, -540, 83, 0, 0, 0
L 260, -540, 83, 246, -539, 83, 0, 0, 0
L 246, -539, 83, 246, -531, 83, 0, 0, 0
L 246, -531, 83, 237, -531, 83, 0, 0, 0
L 192, -539, 83, 160, -540, 83, 0, 0, 0
L 160, -540, 83, 157, -485, 83, 0, 0, 0
L 157, -485, 83, 189, -483, 83, 0, 0, 0
L 189, -483, 83, 192, -539, 83, 0, 0, 0
L 196, -439, 83, 232, -439, 83, 0, 0, 0
L 232, -439, 83, 232, -415, 83, 0, 0, 0
L 232, -415, 83, 196, -415, 83, 0, 0, 0
L 196, -415, 83, 196, -439, 83, 0, 0, 0
L 181, 125, 95, 185, 125, 95, 0, 0, 0
L 185, 125, 95, 185, 117, 95, 0, 0, 0
L 185, 117, 95, 188, 117, 95, 0, 0, 0
L 186, 104, 95, 188, 104, 95, 0, 0, 0
L 186, 104, 95, 186, 67, 95, 0, 0, 0
L 186, 67, 95, 188, 67, 95, 0, 0, 0
L 186, 54, 95, 188, 54, 95, 0, 0, 0
L 186, 54, 95, 186, 22, 95, 0, 0, 0
L 186, 22, 95, 246, 22, 95, 0, 0, 0
L 246, 22, 95, 246, 17, 95, 0, 0, 0
L 245, 4, 95, 245, -1, 95, 0, 0, 0
L 246, 17, 95, 249, 17, 95, 0, 0, 0
L 245, 4, 95, 249, 4, 95, 0, 0, 0
L 237, -1, 96, 237, 2, 96, 0, 0, 0
L 237, 2, 96, 189, 2, 96, 0, 0, 0
L 189, -1, 97, 189, 2, 96, 0, 0, 0
L 189, -1, 95, 163, -1, 95, 0, 0, 0
L 163, -1, 95, 163, 54, 95, 0, 0, 0
L 160, 54, 95, 163, 54, 95, 0, 0, 0
L 163, 67, 95, 160, 67, 95, 0, 0, 0
L 163, 126, 95, 163, 67, 95, 0, 0, 0
L 163, 126, 95, 167, 126, 95, 0, 0, 0
L 188, 134, 95, 246, 134, 95, 0, 0, 0
L 246, 134, 95, 246, 87, 95, 0, 0, 0
L 246, 87, 95, 188, 87, 95, 0, 0, 0
L 188, 87, 95, 188, 104, 95, 0, 0, 0
L 188, 117, 95, 188, 134, 95, 0, 0, 0
L 188, 54, 95, 188, 37, 95, 0, 0, 0
L 188, 37, 95, 246, 37, 95, 0, 0, 0
L 246, 37, 95, 246, 85, 95, 0, 0, 0
L 246, 85, 95, 188, 85, 95, 0, 0, 0
L 188, 85, 95, 188, 67, 95, 0, 0, 0
L 160, 67, 95, 160, 126, 95, 0, 0, 0
L 160, 126, 95, 125, 126, 95, 0, 0, 0
L 125, 126, 95, 127, -1, 95, 0, 0, 0
L 127, -1, 95, 160, -1, 95, 0, 0, 0
L 160, -1, 95, 160, 54, 95, 0, 0, 0
L 249, 17, 95, 249, 154, 95, 0, 0, 0
L 249, 167, 95, 249, 204, 95, 0, 0, 0
L 249, 217, 95, 249, 263, 95, 0, 0, 0
L 271, 263, 95, 271, 217, 95, 0, 0, 0
L 271, 204, 95, 271, 167, 95, 0, 0, 0
L 271, 154, 95, 271, 117, 95, 0, 0, 0
L 271, 104, 95, 271, 67, 95, 0, 0, 0
L 271, 54, 95, 271, 17, 95, 0, 0, 0
L 271, 4, 95, 271, -9, 95, 0, 0, 0
L 249, 4, 95, 249, -9, 95, 0, 0, 0
L 249, -9, 95, 253, -9, 95, 0, 0, 0
L 267, -9, 95, 267, -46, 95, 0, 0, 0
L 253, -9, 95, 253, -46, 95, 0, 0, 0
L 267, -9, 95, 271, -9, 95, 0, 0, 0
L 271, 4, 95, 274, 4, 95, 0, 0, 0
L 274, 17, 95, 271, 17, 95, 0, 0, 0
L 271, 67, 95, 274, 67, 95, 0, 0, 0
L 271, 54, 95, 274, 54, 95, 0, 0, 0
L 274, 117, 95, 271, 117, 95, 0, 0, 0
L 271, 104, 95, 274, 104, 95, 0, 0, 0
L 240, -1, 95, 245, -1, 95, 0, 0, 0
L 271, 154, 95, 274, 154, 95, 0, 0, 0
L 274, 167, 95, 271, 167, 95, 0, 0, 0
L 249, 167, 95, 246, 167, 95, 0, 0, 0
L 246, 154, 95, 249, 154, 95, 0, 0, 0
L 271, 204, 95, 274, 204, 95, 0, 0, 0
L 271, 217, 95, 274, 217, 95, 0, 0, 0
L 249, 217, 95, 246, 217, 95, 0, 0, 0
L 246, 204, 95, 249, 204, 95, 0, 0, 0
L 267, 263, 95, 267, 266, 95, 0, 0, 0
L 253, 266, 95, 253, 263, 95, 0, 0, 0
L 249, 263, 95, 253, 263, 95, 0, 0, 0
L 271, 263, 95, 267, 263, 95, 0, 0, 0
L 279, 266, 95, 267, 266, 95, 0, 0, 0
L 253, 266, 95, 244, 266, 95, 0, 0, 0
L 244, 266, 95, 238, 326, 95, 0, 0, 0
L 238, 326, 95, 192, 326, 95, 0, 0, 0
L 192, 326, 95, 187, 266, 95, 0, 0, 0
L 274, -9, 95, 304, -9, 95, 0, 0, 0
L 304, 34, 95, 274, 34, 95, 0, 0, 0
L 274, 34, 95, 274, 17, 95, 0, 0, 0
L 274, 4, 95, 274, -9, 95, 0, 0, 0
L 304, -9, 95, 304, 35, 95, 0, 0, 0
L 274, 54, 95, 274, 37, 95, 0, 0, 0
L 274, 37, 95, 304, 37, 95, 0, 0, 0
L 304, 37, 95, 305, 84, 95, 0, 0, 0
L 305, 84, 95, 274, 84, 95, 0, 0, 0
L 274, 84, 95, 274, 67, 95, 0, 0, 0
L 274, 87, 95, 305, 87, 95, 0, 0, 0
L 305, 87, 95, 305, 134, 95, 0, 0, 0
L 274, 134, 95, 305, 134, 95, 0, 0, 0
L 274, 134, 95, 274, 117, 95, 0, 0, 0
L 274, 104, 95, 274, 87, 95, 0, 0, 0
L 274, 138, 95, 274, 137, 95, 0, 0, 0
L 274, 137, 95, 305, 137, 95, 0, 0, 0
L 274, 137, 95, 274, 154, 95, 0, 0, 0
L 274, 167, 95, 274, 184, 95, 0, 0, 0
L 274, 184, 95, 302, 184, 95, 0, 0, 0
L 302, 184, 95, 305, 137, 95, 0, 0, 0
L 274, 187, 95, 302, 187, 95, 0, 0, 0
L 302, 187, 95, 297, 263, 95, 0, 0, 0
L 297, 263, 95, 274, 263, 95, 0, 0, 0
L 274, 263, 95, 274, 217, 95, 0, 0, 0
L 274, 204, 95, 274, 187, 95, 0, 0, 0
L 246, 217, 95, 246, 263, 95, 0, 0, 0
L 246, 263, 95, 188, 263, 95, 0, 0, 0
L 188, 263, 95, 188, 187, 95, 0, 0, 0
L 246, 187, 95, 188, 187, 95, 0, 0, 0
L 246, 204, 95, 246, 187, 95, 0, 0, 0
L 246, 184, 95, 188, 184, 95, 0, 0, 0
L 188, 184, 95, 188, 137, 95, 0, 0, 0
L 188, 137, 95, 246, 137, 95, 0, 0, 0
L 246, 137, 95, 246, 154, 95, 0, 0, 0
L 246, 184, 95, 246, 167, 95, 0, 0, 0
L 303, -12, 79, 240, -12, 79, 0, 0, 0
L 240, -12, 79, 238, -74, 79, 0, 0, 0
L 238, -74, 79, 185, -72, 79, 0, 0, 0
L 185, -72, 79, 188, -12, 79, 0, 0, 0
L 188, -12, 79, 127, -12, 79, 0, 0, 0
L 127, -12, 79, 131, -83, 79, 0, 0, 0
L 209, -188, 79, 209, -164, 79, 0, 0, 0
L 209, -164, 79, 246, -164, 79, 0, 0, 0
L 246, -164, 79, 246, -188, 79, 0, 0, 0
L 137, -188, 79, 294, -188, 79, 0, 0, 0
L 132, -103, 79, 137, -188, 79, 0, 0, 0
L 253, -43, 79, 267, -43, 79, 0, 0, 0
L 267, -42, 80, 253, -42, 80, 0, 0, 0
L 253, -41, 80, 267, -41, 80, 0, 0, 0
L 267, -37, 82, 253, -37, 82, 0, 0, 0
L 267, -32, 85, 253, -32, 85, 0, 0, 0
L 253, -26, 88, 267, -26, 88, 0, 0, 0
L 267, -22, 90, 253, -22, 90, 0, 0, 0
L 253, -19, 91, 267, -19, 91, 0, 0, 0
L 267, -16, 93, 253, -16, 93, 0, 0, 0
L 253, -14, 94, 267, -14, 94, 0, 0, 0
L 253, -13, 94, 267, -13, 94, 0, 0, 0
L 267, -12, 95, 253, -12, 95, 0, 0, 0
L 253, -46, 79, 250, -46, 79, 0, 0, 0
L 250, -46, 79, 250, -9, 79, 0, 0, 0
L 267, -46, 79, 270, -46, 79, 0, 0, 0
L 269, -46, 79, 268, -46, 79, 0, 0, 0
L 270, -46, 79, 270, -9, 79, 0, 0, 0
L 303, -12, 79, 294, -188, 79, 0, 0, 0
L 166, -83, 79, 166, -86, 79, 0, 0, 0
L 166, -100, 79, 166, -103, 79, 0, 0, 0
L 166, -103, 79, 128, -103, 95, 0, 0, 0
L 129, -103, 95, 129, -100, 95, 0, 0, 0
L 128, -86, 95, 128, -83, 95, 0, 0, 0
L 128, -86, 95, 166, -86, 79, 0, 0, 0
L 166, -83, 79, 127, -83, 95, 0, 0, 0
L 129, -100, 95, 166, -100, 79, 0, 0, 0
L 163, -100, 79, 163, -86, 79, 0, 0, 0
L 162, -86, 80, 162, -100, 80, 0, 0, 0
L 161, -100, 80, 161, -86, 80, 0, 0, 0
L 158, -86, 82, 158, -100, 82, 0, 0, 0
L 154, -100, 84, 154, -86, 84, 0, 0, 0
L 150, -86, 86, 150, -100, 86, 0, 0, 0
L 146, -100, 88, 146, -86, 88, 0, 0, 0
L 142, -86, 90, 142, -100, 90, 0, 0, 0
L 138, -100, 92, 138, -86, 92, 0, 0, 0
L 135, -86, 93, 135, -100, 93, 0, 0, 0
L 134, -86, 94, 134, -100, 94, 0, 0, 0
L 133, -100, 94, 133, -86, 94, 0, 0, 0
L 132, -100, 95, 131, -86, 95, 0, 0, 0
L 63, -28, 95, 63, -172, 95, 0, 0, 0
L 63, -188, 95, 137, -188, 95, 0, 0, 0
L 133, -188, 97, 128, -103, 97, 0, 0, 0
L 127, -83, 97, 123, -13, 97, 0, 0, 0
L 125, -12, 95, 63, -12, 95, 0, 0, 0
L 60, -28, 95, 63, -28, 95, 0, 0, 0
L 63, -15, 95, 59, -15, 95, 0, 0, 0
L 63, -15, 95, 63, -12, 95, 0, 0, 0
L 59, -185, 95, 63, -185, 95, 0, 0, 0
L 63, -172, 95, 60, -172, 95, 0, 0, 0
L 60, -172, 95, 60, -101, 95, 0, 0, 0
L 60, -101, 95, -60, -101, 95, 0, 0, 0
L -60, -101, 95, -60, -172, 95, 0, 0, 0
L -19, -149, 95, 17, -149, 95, 0, 0, 0
L 17, -149, 95, 17, -125, 95, 0, 0, 0
L 17, -125, 95, -19, -125, 95, 0, 0, 0
L -19, -125, 95, -19, -149, 95, 0, 0, 0
L 63, -188, 95, 63, -185, 95, 0, 0, 0
L 59, -188, 95, -59, -188, 95, 0, 0, 0
L 59, -188, 95, 59, -185, 95, 0, 0, 0
L -60, -172, 95, -63, -172, 95, 0, 0, 0
L -63, -185, 95, -59, -185, 95, 0, 0, 0
L -59, -185, 95, -59, -188, 95, 0, 0, 0
L -63, -172, 95, -63, -75, 95, 0, 0, 0
L -63, -111, 95, -86, -111, 95, 0, 0, 0
L -86, -111, 95, -86, -75, 95, 0, 0, 0
L -86, -75, 95, -63, -75, 95, 0, 0, 0
L -63, -75, 95, -63, -28, 95, 0, 0, 0
L -60, -28, 95, -63, -28, 95, 0, 0, 0
L -63, -15, 95, -59, -15, 95, 0, 0, 0
L -63, -15, 95, -63, -12, 95, 0, 0, 0
L -63, -12, 95, -123, -12, 95, 0, 0, 0
L -63, -188, 95, -138, -188, 95, 0, 0, 0
L -63, -185, 95, -63, -188, 95, 0, 0, 0
L -133, -188, 97, -128, -103, 97, 0, 0, 0
L -127, -83, 97, -123, -12, 97, 0, 0, 0
L -59, -28, 97, -59, -97, 97, 0, 0, 0
L -59, -97, 97, 59, -97, 97, 0, 0, 0
L 59, -97, 97, 59, -28, 97, 0, 0, 0
L 59, -15, 95, 59, -12, 95, 0, 0, 0
L 59, -12, 95, -59, -12, 95, 0, 0, 0
L -59, -12, 95, -59, -15, 95, 0, 0, 0
L -128, -103, 95, -166, -103, 79, 0, 0, 0
L -166, -103, 79, -166, -100, 79, 0, 0, 0
L -166, -86, 79, -166, -83, 79, 0, 0, 0
L -166, -86, 79, -128, -86, 79, 0, 0, 0
L -163, -86, 79, -163, -100, 79, 0, 0, 0
L -162, -100, 80, -162, -86, 80, 0, 0, 0
L -161, -86, 80, -161, -100, 80, 0, 0, 0
L -157, -100, 82, -157, -86, 82, 0, 0, 0
L -152, -86, 85, -152, -100, 85, 0, 0, 0
L -147, -100, 87, -147, -86, 87, 0, 0, 0
L -143, -86, 89, -143, -100, 89, 0, 0, 0
L -139, -100, 91, -139, -86, 91, 0, 0, 0
L -135, -86, 93, -135, -100, 93, 0, 0, 0
L -133, -100, 94, -133, -86, 94, 0, 0, 0
L -134, -86, 94, -134, -100, 94, 0, 0, 0
L -132, -100, 95, -131, -86, 95, 0, 0, 0
L -129, -100, 95, -129, -103, 95, 0, 0, 0
L -128, -83, 95, -128, -86, 95, 0, 0, 0
L -127, -83, 95, -166, -83, 95, 0, 0, 0
L -129, -100, 95, -166, -100, 95, 0, 0, 0
L -132, -113, 79, -137, -188, 79, 0, 0, 0
L -133, -116, 79, -132, -102, 79, 0, 0, 0
L -131, -84, 79, -127, -12, 79, 0, 0, 0
L -127, -12, 79, -189, -12, 79, 0, 0, 0
L -189, -12, 79, -189, -71, 79, 0, 0, 0
L -189, -71, 79, -241, -71, 79, 0, 0, 0
L -241, -71, 79, -241, -12, 79, 0, 0, 0
L -303, -12, 79, -294, -188, 79, 0, 0, 0
L -294, -188, 79, -197, -188, 79, 0, 0, 0
L -251, -188, 79, -251, -152, 79, 0, 0, 0
L -251, -152, 79, -197, -152, 79, 0, 0, 0
L -197, -152, 79, -197, -188, 79, 0, 0, 0
L -197, -188, 79, -137, -188, 79, 0, 0, 0
L -270, -46, 79, -267, -46, 79, 0, 0, 0
L -253, -46, 79, -250, -46, 79, 0, 0, 0
L -253, -43, 79, -267, -43, 79, 0, 0, 0
L -267, -42, 80, -253, -42, 80, 0, 0, 0
L -253, -41, 80, -267, -41, 80, 0, 0, 0
L -267, -37, 82, -253, -37, 82, 0, 0, 0
L -253, -33, 84, -267, -33, 84, 0, 0, 0
L -267, -29, 86, -253, -29, 86, 0, 0, 0
L -253, -26, 88, -267, -26, 88, 0, 0, 0
L -267, -23, 89, -253, -23, 89, 0, 0, 0
L -253, -19, 91, -267, -19, 91, 0, 0, 0
L -267, -16, 93, -253, -16, 93, 0, 0, 0
L -253, -14, 94, -267, -14, 94, 0, 0, 0
L -267, -13, 94, -253, -13, 94, 0, 0, 0
L -253, -12, 95, -267, -12, 95, 0, 0, 0
L -267, -9, 95, -270, -9, 95, 0, 0, 0
L -253, -9, 95, -250, -9, 95, 0, 0, 0
L -270, -46, 79, -270, -9, 95, 0, 0, 0
L -267, -9, 95, -267, -46, 79, 0, 0, 0
L -253, -46, 79, -253, -9, 95, 0, 0, 0
L -250, -9, 95, -250, -46, 79, 0, 0, 0
L -241, -12, 79, -250, -12, 79, 0, 0, 0
L -270, -12, 79, -303, -12, 79, 0, 0, 0
L -249, -9, 95, -249, 4, 95, 0, 0, 0
L -246, 17, 95, -249, 17, 95, 0, 0, 0
L -249, 4, 95, -246, 4, 95, 0, 0, 0
L -271, -9, 95, -271, 4, 95, 0, 0, 0
L -271, 17, 95, -271, 54, 95, 0, 0, 0
L -271, 67, 95, -271, 104, 95, 0, 0, 0
L -271, 54, 95, -274, 54, 95, 0, 0, 0
L -271, 67, 95, -274, 67, 95, 0, 0, 0
L -274, 4, 95, -271, 4, 95, 0, 0, 0
L -271, 17, 95, -274, 17, 95, 0, 0, 0
L -274, 34, 95, -274, 17, 95, 0, 0, 0
L -274, 34, 95, -304, 35, 95, 0, 0, 0
L -304, 35, 95, -304, -9, 95, 0, 0, 0
L -304, -9, 95, -274, -9, 95, 0, 0, 0
L -274, -9, 95, -274, 4, 95, 0, 0, 0
L -274, 67, 95, -274, 84, 95, 0, 0, 0
L -274, 84, 95, -305, 84, 95, 0, 0, 0
L -305, 84, 95, -304, 37, 95, 0, 0, 0
L -304, 37, 95, -274, 37, 95, 0, 0, 0
L -274, 37, 95, -274, 54, 95, 0, 0, 0
L -163, -1, 95, -190, -1, 95, 0, 0, 0
L -190, -1, 95, -189, 5, 95, 0, 0, 0
L -189, 5, 95, -241, 5, 95, 0, 0, 0
L -241, 5, 95, -241, -1, 95, 0, 0, 0
L -241, -1, 95, -246, -1, 95, 0, 0, 0
L -246, -1, 95, -246, 4, 95, 0, 0, 0
L -186, 22, 95, -246, 22, 95, 0, 0, 0
L -246, 22, 95, -246, 17, 95, 0, 0, 0
L -163, 54, 95, -163, -1, 95, 0, 0, 0
L -186, 22, 95, -186, 54, 95, 0, 0, 0
L -186, 104, 95, -186, 67, 95, 0, 0, 0
L -163, 125, 95, -163, 67, 95, 0, 0, 0
L -186, 117, 95, -188, 117, 95, 0, 0, 0
L -188, 104, 95, -186, 104, 95, 0, 0, 0
L -186, 117, 95, -186, 125, 95, 0, 0, 0
L -186, 54, 95, -188, 54, 95, 0, 0, 0
L -186, 67, 95, -188, 67, 95, 0, 0, 0
L -163, 54, 95, -160, 54, 95, 0, 0, 0
L -160, 67, 95, -163, 67, 95, 0, 0, 0
L -160, 54, 95, -160, -1, 95, 0, 0, 0
L -160, -1, 95, -127, -1, 95, 0, 0, 0
L -125, 126, 95, -127, -1, 95, 0, 0, 0
L -125, 126, 95, -160, 126, 95, 0, 0, 0
L -160, 67, 95, -160, 126, 95, 0, 0, 0
L -188, 54, 95, -188, 37, 95, 0, 0, 0
L -188, 37, 95, -246, 37, 95, 0, 0, 0
L -246, 37, 95, -246, 85, 95, 0, 0, 0
L -246, 85, 95, -188, 85, 95, 0, 0, 0
L -188, 85, 95, -188, 67, 95, 0, 0, 0
L -188, 117, 95, -188, 134, 95, 0, 0, 0
L -188, 134, 95, -246, 134, 95, 0, 0, 0
L -246, 134, 95, -246, 87, 95, 0, 0, 0
L -246, 87, 95, -188, 87, 95, 0, 0, 0
L -188, 87, 95, -188, 104, 95, 0, 0, 0
L 240, -1, 95, 241, 4, 95, 0, 0, 0
L 241, 4, 95, 188, 6, 95, 0, 0, 0
L 188, 6, 95, 188, -1, 95, 0, 0, 0
L 188, -1, 95, 188, 4, 95, 0, 0, 0
L 190, 6, 95, 202, 5, 95, 0, 0, 0
L -60, -28, 95, -60, -98, 95, 0, 0, 0
L -60, -98, 95, 60, -98, 95, 0, 0, 0
L 60, -98, 95, 60, -28, 95, 0, 0, 0
L 157, -21, -20, 164, -179, -20, 0, 0, 0
L 164, -179, -20, 267, -179, -20, 0, 0, 0
L 267, -179, -20, 274, -21, -20, 0, 0, 0
L 274, -21, -20, 157, -21, -20, 0, 0, 0
L -267, -179, -20, -164, -179, -20, 0, 0, 0
L -164, -179, -20, -157, -21, -20, 0, 0, 0
L -157, -21, -20, -274, -21, -20, 0, 0, 0
L -274, -21, -20, -267, -179, -20, 0, 0, 0
