P 2127.0000, -3445.0000, 65.0000,  127, 0, 0,  3,  To_Argath
P -730.0000, 1508.0000, -39.8855,  127, 0, 0,  3,  To_Sarith
P -544.1755, -3766.4185, 51.7665,  127, 0, 0,  3,  To_Resplendent_Temple
P 1964.0000, -3512.0000, 129.2711,  127, 0, 0,  3,  Succor_Point
P -2150.0000, -2000.0000, 0.0000,  0, 0, 0,  3,  Map_By:_Caudyr
P -2000.0000, -2000.0000, 0.0000,  0, 0, 0,  3,  Labels_By:_Jyve
P -2000.0000, -2000.0000, 0.0000,  0, 0, 0,  3,  Labels_Edited_By:_Caudyr
P 1709.0892, -2295.0737, 42.8761,  240, 0, 0,  3,  Geirdan_Ath
P 1130.9738, -1888.3075, -50.3105,  240, 0, 0,  3,  Captain_Gre_Metkal
P 1135.0543, -1723.2668, -50.3105,  240, 0, 0,  3,  Kallik_the_Cook
P 409.9308, -1390.5709, -50.7420,  240, 0, 0,  3,  Grave_Digger_Undros
P 526.7130, 161.5473, -48.5267,  240, 0, 0,  3,  Aedros
P 217.6444, -2538.6694, 11.2226,  240, 0, 0,  3,  Mabus
P -195.3363, -3927.0007, 129.8091,  150, 0, 150,  3,  Egot_Mek
P -576.8519, -3317.2827, 129.7788,  150, 0, 150,  3,  Algot_Yor
P -175.7855, -2886.8049, 72.8760,  150, 0, 150,  3,  Hemot_Talas
P 520.2011, -2565.6665, -80.3104,  150, 0, 150,  3,  Avatar_of_Sol_Ro
P 1198.8896, -1897.2899, -46.6106,  150, 0, 150,  3,  Rallos_Zek
P 1154.9553, -1707.7325, -50.3105,  150, 0, 150,  3,  Hallay
P 1214.3477, -1671.1741, -50.3105,  150, 0, 150,  3,  Vallon_Zek
P 1127.7876, -1759.1965, -50.3105,  150, 0, 150,  3,  Sergeant_Ayhvik
P 1098.8683, -1833.2026, -50.3105,  150, 0, 150,  3,  Zarbak
P 375.1989, 73.7251, -48.4387,  150, 0, 150,  3,  Taleg
P -231.9216, 121.4674, -47.4845,  150, 0, 150,  3,  Scout_IX_Leader
P -84.0901, -727.4074, -49.1796,  150, 0, 150,  3,  Scout_XII_Leader
P 583.9345, -1086.9197, -49.0866,  150, 0, 150,  3,  Scout_VI_Leader
P -1304.5557, 1088.4979, 53.8321,  150, 0, 150,  3,  Pika
P -508.5259, 1270.5251, -47.6714,  150, 0, 150,  3,  Prophet_of_the_Orator
P -578.3287, 1219.1898, -49.1658,  150, 0, 150,  3,  Battlemaster_Arginotu
P 1432.8002, 369.1486, 62.2944,  150, 0, 150,  3,  The_Daevan
P -191.6442, 1061.6509, -50.9827,  150, 0, 150,  2,  missing_soldier
P -249.6578, 1136.9164, -49.3470,  150, 0, 150,  2,  missing_soldier
P -302.2971, 1207.9215, -49.6545,  150, 0, 150,  2,  missing_soldier
P -424.5774, 1184.3275, -51.0076,  150, 0, 150,  2,  missing_soldier
P -467.3844, 1000.7380, -51.0076,  25, 0, 25,  2,  Orator_Camp
P -968.1354, 791.1235, -49.4974,  25, 0, 25,  2,  Rallosian_Scout_Camp
P -84.0901, -727.4074, -49.1796,  150, 0, 150,  3,  Scout_VII_Leader
P -191.0145, -3068.8472, 74.4242,  127, 0, 0,  3,  Archon_Haerin
P -281.9517, -1234.7057, -0.4242,  127, 0, 0,  3,  Battle-gorged_Huntsman
P -360.2461, 1255.9409, -49.1869,  127, 0, 0,  3,  Supply_Archon_Tergat
P -460.8493, -104.4154, -48.9771,  127, 0, 0,  3,  Elsha_the_Mournful
P -543.7330, -3762.1636, 54.3360,  0, 0, 240,  3,  Resplendent_Temple
P -730.0000, 1508.0000, -39.4769,  0, 0, 240,  3,  Sarith
P 104.2692, -2966.7029, 10.8749,  127, 0, 0,  3,  Overgrown_Dung_Beetle
P 131.2888, -961.1157, -50.5831,  127, 0, 0,  3,  The_Battlesteel_Dead
P 1471.1906, -2606.9238, 10.8284,  127, 0, 0,  3,  Enraged_Fertility_Spirit
P 1507.9127, -3692.3135, 24.8384,  127, 0, 0,  3,  Hungry_Spirit_(Roam)
P 1795.7074, -479.4217, 7.5087,  127, 0, 0,  3,  Ker_Reega
P 2079.6365, -3461.9043, 82.5211,  0, 0, 240,  3,  Argath
P 637.6208, 975.4221, 91.0132,  127, 0, 0,  3,  Lor_Reega
P 656.0237, -3791.1140, 69.6895,  127, 0, 0,  3,  Lancer_Archon_Gaoril
P 788.2220, 140.1561, 24.5751,  127, 0, 0,  3,  Aggrieved_Fertility_Spirit
P 806.9927, -340.6553, -0.3105,  127, 0, 0,  3,  Aggrieved_Fertility_Spirit
P 836.6362, -1095.4412, -50.8391,  127, 0, 0,  3,  Oashim_Progenitor
P 950.8018, 766.4787, 77.1889,  127, 0, 0,  3,  Taer_Reega
