L 14, 546, 15, 14, 543, 15, 0, 0, 0
L 33, 538, -2, 30, 541, -2, 0, 0, 0
L 38, 497, -2, 38, 505, -2, 0, 0, 0
L 38, 497, -0, 40, 497, 0, 0, 0, 0
L 28, 455, -3, 14, 455, -1, 0, 0, 0
L 31, 458, -3, 28, 455, -3, 0, 0, 0
L 30, 460, -3, 31, 458, -3, 0, 0, 0
L 33, 463, -2, 30, 460, -2, 0, 0, 0
L 35, 462, 0, 33, 463, -6, 0, 0, 0
L 40, 467, 0, 35, 462, 0, 0, 0, 0
L 40, 474, -0, 40, 467, -0, 0, 0, 0
L 37, 474, -0, 40, 474, -0, 0, 0, 0
L 37, 474, 1, 37, 479, 1, 0, 0, 0
L 37, 479, 2, 40, 479, 2, 0, 0, 0
L 40, 497, 2, 40, 479, 2, 0, 0, 0
L 38, 505, 3, 40, 505, 3, 0, 0, 0
L 40, 523, 3, 40, 505, 4, 0, 0, 0
L 38, 523, 3, 40, 523, 3, 0, 0, 0
L 38, 527, -2, 38, 523, -2, 0, 0, 0
L 40, 527, 1, 38, 527, 1, 0, 0, 0
L 40, 535, -0, 40, 527, 1, 0, 0, 0
L 35, 540, -0, 40, 535, -0, 0, 0, 0
L 33, 538, -0, 35, 540, -0, 0, 0, 0
L 31, 543, 2, 30, 541, 2, 0, 0, 0
L 28, 546, 2, 31, 543, 2, 0, 0, 0
L 14, 546, 2, 28, 546, 2, 0, 0, 0
L -13, 543, 3, 14, 543, 3, 0, 0, 0
L -13, 542, -1, -13, 543, 3, 0, 0, 0
L -14, 541, -2, -13, 542, -1, 0, 0, 0
L -16, 541, -3, -14, 541, -2, 0, 0, 0
L -18, 541, -3, -16, 541, -3, 0, 0, 0
L -19, 542, -2, -18, 541, -3, 0, 0, 0
L -20, 544, -2, -19, 542, -2, 0, 0, 0
L -20, 546, -2, -20, 544, -2, 0, 0, 0
L -28, 546, -2, -20, 546, -2, 0, 0, 0
L -31, 543, -2, -28, 546, -2, 0, 0, 0
L -30, 541, -2, -31, 543, -2, 0, 0, 0
L -33, 538, -2, -30, 541, -2, 0, 0, 0
L -35, 540, -5, -33, 538, -5, 0, 0, 0
L -40, 535, -2, -35, 540, -5, 0, 0, 0
L -40, 527, -2, -40, 535, -2, 0, 0, 0
L -38, 527, -2, -40, 527, -2, 0, 0, 0
L -38, 523, -2, -38, 527, -2, 0, 0, 0
L -40, 523, 7, -38, 523, 5, 0, 0, 0
L -40, 505, 7, -40, 523, 7, 0, 0, 0
L -40, 505, 5, -38, 505, 5, 0, 0, 0
L -38, 497, -2, -38, 505, -2, 0, 0, 0
L -40, 497, 4, -38, 497, 4, 0, 0, 0
L -40, 479, 1, -40, 497, -0, 0, 0, 0
L -38, 479, 1, -40, 479, 1, 0, 0, 0
L -38, 474, -2, -38, 479, -2, 0, 0, 0
L -40, 474, -3, -38, 474, -3, 0, 0, 0
L -40, 467, -4, -40, 474, -3, 0, 0, 0
L -40, 467, -4, -35, 462, -4, 0, 0, 0
L -35, 462, -2, -33, 463, -2, 0, 0, 0
L -30, 460, -2, -33, 463, -2, 0, 0, 0
L -31, 458, -1, -30, 460, -1, 0, 0, 0
L -28, 455, -1, -31, 458, -1, 0, 0, 0
L -14, 455, -1, -28, 455, -1, 0, 0, 0
L 14, 455, -1, 14, 458, -1, 0, 0, 0
L 10, 458, -1, 14, 458, -0, 0, 0, 0
L 10, 450, -1, 10, 458, -1, 0, 0, 0
L 12, 450, -5, 12, 427, -5, 0, 0, 0
L 12, 450, -5, 10, 450, -5, 0, 0, 0
L -14, 458, -0, -14, 455, -0, 0, 0, 0
L -10, 458, -4, -14, 458, -4, 0, 0, 0
L -10, 450, -1, -10, 458, -1, 0, 0, 0
L -12, 450, -2, -10, 450, -1, 0, 0, 0
L -12, 427, -12, -12, 450, -2, 0, 0, 0
L -46, 281, -12, -73, 298, -12, 0, 0, 0
L 41, 416, -12, 39, 414, -12, 0, 0, 0
L 46, 411, -12, 46, 403, -12, 0, 0, 0
L 41, 416, -14, 46, 411, -14, 0, 0, 0
L -34, 207, -11, -14, 207, -10, 0, 0, 0
L -37, 211, -14, -34, 207, -14, 0, 0, 0
L -36, 212, -15, -37, 211, -14, 0, 0, 0
L -39, 215, -15, -36, 212, -15, 0, 0, 0
L -41, 214, -15, -39, 215, -16, 0, 0, 0
L -46, 219, -13, -41, 214, -15, 0, 0, 0
L -46, 226, -14, -46, 219, -13, 0, 0, 0
L -44, 226, -14, -46, 226, -14, 0, 0, 0
L -44, 226, -14, -44, 231, -14, 0, 0, 0
L -46, 231, -10, -44, 231, -10, 0, 0, 0
L -46, 249, -11, -44, 249, -11, 0, 0, 0
L -46, 249, -11, -46, 231, -11, 0, 0, 0
L -44, 257, -14, -44, 249, -14, 0, 0, 0
L -44, 257, -10, -46, 257, -10, 0, 0, 0
L -46, 273, -11, -46, 257, -10, 0, 0, 0
L -46, 273, -12, -44, 273, -11, 0, 0, 0
L -44, 281, -14, -44, 273, -14, 0, 0, 0
L -46, 281, -10, -44, 281, -10, 0, 0, 0
L -73, 324, -14, -73, 298, -11, 0, 0, 0
L -71, 324, -14, -73, 324, -14, 0, 0, 0
L -71, 332, -14, -71, 324, -14, 0, 0, 0
L -73, 332, -11, -71, 332, -11, 0, 0, 0
L -73, 348, -11, -73, 332, -11, 0, 0, 0
L -71, 348, -11, -73, 348, -11, 0, 0, 0
L -71, 356, -14, -71, 348, -14, 0, 0, 0
L -73, 356, -10, -71, 356, -10, 0, 0, 0
L -73, 382, -10, -73, 356, -10, 0, 0, 0
L -46, 399, -12, -73, 382, -12, 0, 0, 0
L -44, 399, -11, -46, 399, -11, 0, 0, 0
L -44, 403, -15, -44, 399, -15, 0, 0, 0
L -46, 403, -11, -44, 403, -11, 0, 0, 0
L -46, 411, -11, -46, 403, -11, 0, 0, 0
L -41, 416, -11, -46, 411, -11, 0, 0, 0
L -39, 414, -11, -41, 416, -11, 0, 0, 0
L -36, 417, -14, -39, 414, -14, 0, 0, 0
L -37, 419, -11, -36, 417, -11, 0, 0, 0
L -34, 422, -11, -37, 419, -11, 0, 0, 0
L -14, 422, -11, -34, 422, -11, 0, 0, 0
L -14, 419, -11, -14, 422, -11, 0, 0, 0
L -14, 419, -14, -10, 419, -14, 0, 0, 0
L -10, 427, -13, -10, 419, -13, 0, 0, 0
L -12, 427, -13, -10, 427, -13, 0, 0, 0
L 12, 427, -17, 10, 427, -17, 0, 0, 0
L 10, 419, -12, 14, 419, -12, 0, 0, 0
L 10, 427, -13, 10, 419, -13, 0, 0, 0
L 14, 422, -12, 14, 419, -12, 0, 0, 0
L 34, 422, -12, 14, 422, -12, 0, 0, 0
L 37, 419, -15, 34, 422, -14, 0, 0, 0
L 36, 417, -12, 37, 419, -12, 0, 0, 0
L 39, 414, -14, 36, 417, -14, 0, 0, 0
L 44, 403, -17, 46, 403, -17, 0, 0, 0
L 44, 399, -14, 44, 403, -14, 0, 0, 0
L 46, 399, -11, 44, 399, -11, 0, 0, 0
L 73, 382, -11, 46, 399, -11, 0, 0, 0
L 73, 356, -12, 73, 382, -12, 0, 0, 0
L 71, 356, -12, 73, 356, -12, 0, 0, 0
L 71, 348, -14, 71, 356, -14, 0, 0, 0
L 73, 348, -14, 71, 348, -14, 0, 0, 0
L 73, 332, -14, 73, 348, -14, 0, 0, 0
L 71, 332, -14, 73, 332, -14, 0, 0, 0
L 71, 324, -14, 71, 332, -14, 0, 0, 0
L 73, 324, -7, 71, 324, -7, 0, 0, 0
L 73, 298, -6, 73, 324, -7, 0, 0, 0
L 46, 281, -4, 73, 298, -4, 0, 0, 0
L 44, 281, -7, 46, 281, -7, 0, 0, 0
L 44, 273, -14, 44, 281, -14, 0, 0, 0
L 46, 273, -5, 44, 273, -5, 0, 0, 0
L 46, 257, -14, 46, 273, -12, 0, 0, 0
L 46, 257, -14, 44, 257, -14, 0, 0, 0
L 44, 249, -14, 44, 257, -14, 0, 0, 0
L 46, 249, -7, 44, 249, -7, 0, 0, 0
L 46, 231, -12, 46, 249, -11, 0, 0, 0
L 44, 231, -12, 46, 231, -12, 0, 0, 0
L 44, 226, -14, 44, 231, -14, 0, 0, 0
L 46, 226, -13, 44, 226, -13, 0, 0, 0
L 46, 219, -13, 46, 226, -13, 0, 0, 0
L 41, 214, -13, 46, 219, -13, 0, 0, 0
L 39, 215, -13, 41, 214, -13, 0, 0, 0
L 36, 212, -14, 39, 215, -14, 0, 0, 0
L 37, 211, -13, 36, 212, -13, 0, 0, 0
L 34, 207, -13, 37, 211, -13, 0, 0, 0
L 14, 207, -13, 34, 207, -13, 0, 0, 0
L 36, 129, -5, 36, 112, -5, 0, 0, 0
L 38, 129, -5, 36, 129, -5, 0, 0, 0
L 38, 136, -8, 38, 129, -8, 0, 0, 0
L 38, 136, -5, 36, 136, -5, 0, 0, 0
L 24, 148, -6, 36, 136, -5, 0, 0, 0
L 19, 148, -8, 24, 148, -8, 0, 0, 0
L 19, 150, -8, 19, 148, -8, 0, 0, 0
L 12, 150, -8, 19, 150, -8, 0, 0, 0
L 12, 148, -8, 12, 150, -8, 0, 0, 0
L -5, 148, -5, 12, 148, -8, 0, 0, 0
L -12, 155, -5, -5, 148, -5, 0, 0, 0
L -12, 172, -5, -12, 155, -5, 0, 0, 0
L -10, 172, -6, -12, 172, -5, 0, 0, 0
L -10, 179, -8, -10, 172, -8, 0, 0, 0
L -12, 179, -7, -10, 179, -7, 0, 0, 0
L -12, 203, -10, -12, 179, -7, 0, 0, 0
L -10, 203, -10, -12, 203, -10, 0, 0, 0
L -10, 210, -11, -10, 203, -11, 0, 0, 0
L -14, 210, -14, -10, 210, -14, 0, 0, 0
L -14, 207, -11, -14, 210, -11, 0, 0, 0
L 14, 210, -13, 14, 207, -13, 0, 0, 0
L 10, 210, -14, 14, 210, -12, 0, 0, 0
L 10, 203, -13, 10, 210, -13, 0, 0, 0
L 12, 203, -7, 10, 203, -7, 0, 0, 0
L 12, 179, -8, 12, 203, -7, 0, 0, 0
L 10, 179, -8, 12, 179, -8, 0, 0, 0
L 10, 172, -8, 10, 179, -8, 0, 0, 0
L 12, 172, -11, 10, 172, -11, 0, 0, 0
L 12, 170, -11, 12, 172, -11, 0, 0, 0
L 19, 170, -8, 12, 170, -8, 0, 0, 0
L 19, 172, -4, 19, 170, -4, 0, 0, 0
L 32, 172, -4, 19, 172, -4, 0, 0, 0
L 60, 143, -6, 32, 172, -5, 0, 0, 0
L 60, 136, -7, 60, 143, -7, 0, 0, 0
L 58, 136, -7, 60, 136, -7, 0, 0, 0
L 58, 129, -8, 58, 136, -8, 0, 0, 0
L 60, 129, -5, 58, 129, -5, 0, 0, 0
L 60, 112, -5, 60, 129, -5, 0, 0, 0
L 7, 50, -1, 5, 50, -1, 0, 0, 0
L 5, 74, -6, 5, 50, -1, 0, 0, 0
L 7, 74, -6, 5, 74, -6, 0, 0, 0
L 7, 74, -8, 7, 81, -8, 0, 0, 0
L 5, 81, -5, 7, 81, -5, 0, 0, 0
L 5, 98, -6, 5, 81, -5, 0, 0, 0
L 12, 105, -7, 5, 98, -7, 0, 0, 0
L 29, 105, -6, 12, 105, -6, 0, 0, 0
L 29, 103, -6, 29, 105, -6, 0, 0, 0
L 36, 103, -8, 29, 103, -8, 0, 0, 0
L 36, 105, -7, 36, 103, -7, 0, 0, 0
L 38, 105, -7, 36, 105, -7, 0, 0, 0
L 38, 112, -8, 38, 105, -8, 0, 0, 0
L 58, 112, -8, 58, 105, -8, 0, 0, 0
L 36, 112, -6, 38, 112, -6, 0, 0, 0
L 60, 112, -5, 58, 112, -5, 0, 0, 0
L 60, 105, -5, 58, 105, -5, 0, 0, 0
L 60, 103, -5, 60, 105, -5, 0, 0, 0
L 67, 103, -8, 60, 103, -8, 0, 0, 0
L 67, 105, -7, 67, 103, -7, 0, 0, 0
L 108, 105, -11, 67, 105, -7, 0, 0, 0
L 108, 105, -13, 108, 103, -13, 0, 0, 0
L 115, 103, -13, 108, 103, -13, 0, 0, 0
L 115, 107, -13, 115, 103, -13, 0, 0, 0
L 112, 107, -10, 115, 107, -10, 0, 0, 0
L 112, 121, -13, 112, 107, -10, 0, 0, 0
L 116, 124, -13, 112, 121, -13, 0, 0, 0
L 118, 123, -13, 116, 124, -13, 0, 0, 0
L 118, 123, -13, 121, 126, -13, 0, 0, 0
L 119, 128, -11, 121, 126, -11, 0, 0, 0
L 124, 133, -11, 119, 128, -11, 0, 0, 0
L 131, 133, -12, 124, 133, -11, 0, 0, 0
L 131, 131, -12, 131, 133, -12, 0, 0, 0
L 136, 131, -14, 131, 131, -14, 0, 0, 0
L 136, 133, -11, 136, 131, -11, 0, 0, 0
L 154, 133, -12, 136, 133, -11, 0, 0, 0
L 154, 133, -11, 154, 131, -10, 0, 0, 0
L 154, 131, -14, 162, 131, -14, 0, 0, 0
L 162, 133, -11, 162, 131, -11, 0, 0, 0
L 180, 133, -11, 162, 133, -11, 0, 0, 0
L 180, 131, -11, 180, 133, -11, 0, 0, 0
L 185, 131, -14, 180, 131, -14, 0, 0, 0
L 185, 133, -12, 185, 131, -12, 0, 0, 0
L 192, 133, -12, 185, 133, -12, 0, 0, 0
L 197, 128, -12, 192, 133, -12, 0, 0, 0
L 196, 126, -12, 197, 128, -12, 0, 0, 0
L 199, 123, -14, 196, 126, -14, 0, 0, 0
L 200, 124, -12, 199, 123, -12, 0, 0, 0
L 204, 121, -12, 200, 124, -12, 0, 0, 0
L 204, 107, -12, 204, 121, -12, 0, 0, 0
L 201, 107, -12, 204, 107, -12, 0, 0, 0
L 201, 79, -12, 201, 107, -11, 0, 0, 0
L 204, 79, -11, 201, 79, -11, 0, 0, 0
L 204, 65, -12, 204, 79, -11, 0, 0, 0
L 200, 62, -12, 204, 65, -12, 0, 0, 0
L 199, 63, -13, 200, 62, -13, 0, 0, 0
L 196, 60, -14, 199, 63, -14, 0, 0, 0
L 197, 58, -16, 196, 60, -17, 0, 0, 0
L 192, 53, -13, 197, 58, -16, 0, 0, 0
L 185, 53, -14, 192, 53, -14, 0, 0, 0
L 185, 55, -14, 185, 53, -14, 0, 0, 0
L 180, 55, -14, 185, 55, -14, 0, 0, 0
L 180, 53, -10, 180, 55, -10, 0, 0, 0
L 162, 53, -10, 180, 53, -10, 0, 0, 0
L 162, 55, -11, 162, 53, -10, 0, 0, 0
L 154, 55, -14, 162, 55, -14, 0, 0, 0
L 154, 55, -10, 154, 53, -10, 0, 0, 0
L 136, 53, -11, 154, 53, -10, 0, 0, 0
L 136, 56, -11, 136, 53, -11, 0, 0, 0
L 131, 56, -13, 136, 56, -13, 0, 0, 0
L 131, 53, -11, 131, 56, -11, 0, 0, 0
L 124, 53, -11, 131, 53, -11, 0, 0, 0
L 119, 58, -11, 124, 53, -11, 0, 0, 0
L 121, 60, -11, 119, 58, -11, 0, 0, 0
L 117, 63, -14, 121, 60, -14, 0, 0, 0
L 116, 62, -12, 117, 63, -12, 0, 0, 0
L 112, 65, -12, 116, 62, -12, 0, 0, 0
L 112, 79, -12, 112, 65, -12, 0, 0, 0
L 115, 79, -12, 112, 79, -12, 0, 0, 0
L 115, 83, -12, 115, 79, -12, 0, 0, 0
L 108, 83, -10, 115, 83, -10, 0, 0, 0
L 108, 81, -7, 108, 83, -10, 0, 0, 0
L 67, 81, -6, 108, 81, -7, 0, 0, 0
L 67, 83, -6, 67, 81, -6, 0, 0, 0
L 60, 83, -8, 67, 83, -8, 0, 0, 0
L 60, 81, -5, 60, 83, -5, 0, 0, 0
L 36, 81, -6, 60, 81, -5, 0, 0, 0
L 36, 83, -6, 36, 81, -6, 0, 0, 0
L 29, 81, -0, 27, 81, -0, 0, 0, 0
L 29, 83, -0, 29, 81, -0, 0, 0, 0
L 36, 83, -8, 29, 83, -8, 0, 0, 0
L 27, 74, -8, 27, 81, -8, 0, 0, 0
L 29, 74, -2, 27, 74, -4, 0, 0, 0
L 29, 50, -3, 29, 74, -2, 0, 0, 0
L 27, 50, -3, 29, 50, -3, 0, 0, 0
L -190, 185, -14, -185, 185, -14, 0, 0, 0
L -29, 50, -1, -27, 50, -1, 0, 0, 0
L -29, 74, -7, -29, 50, -1, 0, 0, 0
L -29, 74, -7, -27, 74, -7, 0, 0, 0
L -27, 81, -8, -27, 74, -8, 0, 0, 0
L -29, 81, -4, -27, 81, -4, 0, 0, 0
L -29, 105, -4, -29, 81, -4, 0, 0, 0
L -41, 117, -3, -29, 105, -4, 0, 0, 0
L -58, 117, -2, -41, 117, -1, 0, 0, 0
L -58, 117, -2, -58, 119, -2, 0, 0, 0
L -58, 119, -8, -65, 119, -8, 0, 0, 0
L -65, 117, -6, -65, 119, -6, 0, 0, 0
L -89, 117, -10, -65, 117, -6, 0, 0, 0
L -89, 119, -10, -89, 117, -10, 0, 0, 0
L -96, 119, -13, -89, 119, -13, 0, 0, 0
L -96, 115, -12, -96, 119, -12, 0, 0, 0
L -93, 115, -10, -96, 115, -10, 0, 0, 0
L -93, 89, -11, -93, 115, -11, 0, 0, 0
L -97, 86, -11, -93, 89, -11, 0, 0, 0
L -98, 87, -11, -97, 86, -11, 0, 0, 0
L -102, 84, -14, -98, 87, -14, 0, 0, 0
L -100, 82, -11, -102, 84, -11, 0, 0, 0
L -105, 77, -15, -100, 82, -11, 0, 0, 0
L -112, 77, -15, -105, 77, -15, 0, 0, 0
L -112, 79, -15, -112, 77, -15, 0, 0, 0
L -117, 79, -14, -112, 79, -14, 0, 0, 0
L -117, 77, -10, -117, 79, -10, 0, 0, 0
L -135, 77, -10, -117, 77, -10, 0, 0, 0
L -135, 77, -11, -135, 79, -11, 0, 0, 0
L -143, 79, -14, -135, 79, -14, 0, 0, 0
L -143, 77, -10, -143, 79, -9, 0, 0, 0
L -159, 77, -10, -143, 77, -10, 0, 0, 0
L -159, 77, -10, -159, 79, -10, 0, 0, 0
L -167, 79, -14, -159, 79, -14, 0, 0, 0
L -167, 77, -8, -167, 79, -8, 0, 0, 0
L -185, 77, -13, -167, 77, -11, 0, 0, 0
L -185, 79, -13, -185, 77, -13, 0, 0, 0
L -190, 79, -14, -185, 79, -14, 0, 0, 0
L -190, 77, -12, -190, 79, -12, 0, 0, 0
L -197, 77, -12, -190, 77, -12, 0, 0, 0
L -202, 82, -12, -197, 77, -12, 0, 0, 0
L -201, 84, -12, -202, 82, -12, 0, 0, 0
L -204, 87, -14, -201, 84, -14, 0, 0, 0
L -205, 86, -7, -204, 87, -7, 0, 0, 0
L -209, 89, -7, -205, 86, -7, 0, 0, 0
L -209, 115, -10, -209, 89, -5, 0, 0, 0
L -206, 115, -10, -209, 115, -10, 0, 0, 0
L -206, 143, -9, -206, 115, -9, 0, 0, 0
L -209, 143, -9, -206, 143, -9, 0, 0, 0
L -209, 175, -12, -209, 143, -11, 0, 0, 0
L -205, 178, -15, -209, 175, -15, 0, 0, 0
L -204, 177, -15, -205, 178, -15, 0, 0, 0
L -201, 180, -14, -204, 177, -14, 0, 0, 0
L -202, 182, -11, -201, 180, -11, 0, 0, 0
L -197, 187, -11, -202, 182, -11, 0, 0, 0
L -190, 187, -14, -197, 187, -13, 0, 0, 0
L -190, 185, -14, -190, 187, -14, 0, 0, 0
L -185, 187, -11, -185, 185, -11, 0, 0, 0
L -167, 187, -12, -185, 187, -11, 0, 0, 0
L -167, 187, -12, -167, 185, -12, 0, 0, 0
L -159, 185, -14, -167, 185, -14, 0, 0, 0
L -159, 187, -3, -159, 185, -3, 0, 0, 0
L -143, 187, -10, -159, 187, -10, 0, 0, 0
L -143, 185, -10, -143, 187, -10, 0, 0, 0
L -135, 185, -14, -143, 185, -14, 0, 0, 0
L -135, 187, -14, -135, 185, -13, 0, 0, 0
L -117, 187, -11, -135, 187, -10, 0, 0, 0
L -117, 184, -11, -117, 187, -11, 0, 0, 0
L -112, 184, -13, -117, 184, -13, 0, 0, 0
L -112, 187, -12, -112, 184, -12, 0, 0, 0
L -105, 187, -12, -112, 187, -12, 0, 0, 0
L -100, 182, -13, -105, 187, -12, 0, 0, 0
L -101, 180, -13, -100, 182, -13, 0, 0, 0
L -98, 177, -14, -101, 180, -14, 0, 0, 0
L -97, 178, -10, -98, 177, -10, 0, 0, 0
L -93, 175, -10, -97, 178, -10, 0, 0, 0
L -93, 143, -11, -93, 175, -11, 0, 0, 0
L -96, 143, -11, -93, 143, -11, 0, 0, 0
L -96, 139, -17, -96, 143, -17, 0, 0, 0
L -89, 139, -7, -96, 139, -7, 0, 0, 0
L -89, 141, -6, -89, 139, -7, 0, 0, 0
L -65, 141, -7, -89, 141, -6, 0, 0, 0
L -65, 139, -7, -65, 141, -7, 0, 0, 0
L -58, 139, -8, -65, 139, -8, 0, 0, 0
L -58, 141, -3, -58, 139, -3, 0, 0, 0
L -33, 141, -3, -58, 141, -3, 0, 0, 0
L -5, 112, -5, -33, 141, -5, 0, 0, 0
L -5, 105, -6, -5, 112, -5, 0, 0, 0
L -7, 105, -6, -5, 105, -6, 0, 0, 0
L -7, 98, -8, -7, 105, -8, 0, 0, 0
L -5, 98, -5, -7, 98, -5, 0, 0, 0
L -5, 81, -6, -5, 98, -5, 0, 0, 0
L -7, 81, -6, -5, 81, -6, 0, 0, 0
L -7, 74, -8, -7, 81, -8, 0, 0, 0
L -5, 74, -2, -7, 74, -4, 0, 0, 0
L -5, 50, -2, -5, 74, -2, 0, 0, 0
L -7, 50, -2, -5, 50, -2, 0, 0, 0
L 204, -18, -6, 211, -18, -6, 0, 0, 0
L 204, -16, -7, 204, -18, -6, 0, 0, 0
L 232, -70, -3, 227, -70, -4, 0, 0, 0
L 214, -61, 10, 213, -63, 12, 0, 0, 0
L 213, -60, 10, 214, -61, 10, 0, 0, 0
L 211, -60, 9, 213, -60, 10, 0, 0, 0
L 210, -60, 5, 211, -60, 9, 0, 0, 0
L 209, -62, 5, 210, -60, 5, 0, 0, 0
L 204, -39, -10, 204, -37, -10, 0, 0, 0
L 204, -37, -6, 211, -37, -6, 0, 0, 0
L 208, -42, -2, 211, -42, -2, 0, 0, 0
L 211, -42, -2, 211, -37, -2, 0, 0, 0
L 208, -61, 5, 208, -42, 2, 0, 0, 0
L 209, -62, 5, 208, -61, 5, 0, 0, 0
L 217, -66, -8, 213, -63, -8, 0, 0, 0
L 215, -68, -5, 217, -66, -5, 0, 0, 0
L 220, -73, -5, 215, -68, -5, 0, 0, 0
L 227, -73, -6, 220, -73, -6, 0, 0, 0
L 227, -70, -6, 227, -73, -6, 0, 0, 0
L 232, -73, 2, 232, -70, 2, 0, 0, 0
L 250, -73, -3, 232, -73, -3, 0, 0, 0
L 250, -73, -4, 250, -71, -4, 0, 0, 0
L 258, -71, -8, 250, -71, -8, 0, 0, 0
L 258, -73, -4, 258, -71, -4, 0, 0, 0
L 274, -73, -2, 258, -73, -2, 0, 0, 0
L 274, -73, -4, 274, -71, -3, 0, 0, 0
L 274, -71, -8, 282, -71, -8, 0, 0, 0
L 282, -73, -2, 282, -71, -1, 0, 0, 0
L 300, -73, -2, 282, -73, -2, 0, 0, 0
L 300, -71, -2, 300, -73, -2, 0, 0, 0
L 305, -71, -8, 300, -71, -8, 0, 0, 0
L 305, -73, -5, 305, -71, -5, 0, 0, 0
L 312, -73, -5, 305, -73, -5, 0, 0, 0
L 317, -68, -5, 312, -73, -5, 0, 0, 0
L 315, -66, -5, 317, -68, -5, 0, 0, 0
L 319, -63, -8, 315, -66, -8, 0, 0, 0
L 320, -65, -4, 319, -63, -4, 0, 0, 0
L 320, -65, -4, 324, -61, -4, 0, 0, 0
L 321, -42, -1, 324, -42, -1, 0, 0, 0
L 324, -42, -3, 324, -61, -4, 0, 0, 0
L 319, -15, -2, 321, -15, 4, 0, 0, 0
L 318, -14, -2, 319, -15, -2, 0, 0, 0
L 318, -12, -3, 318, -14, -2, 0, 0, 0
L 320, -11, -2, 318, -12, -3, 0, 0, 0
L 321, -10, -3, 320, -11, -2, 0, 0, 0
L 324, -9, -1, 321, -10, -3, 0, 0, 0
L 321, -15, -2, 321, -42, -2, 0, 0, 0
L 324, 7, -8, 324, -9, -4, 0, 0, 0
L 320, 10, -8, 324, 7, -8, 0, 0, 0
L 319, 9, -8, 320, 10, -8, 0, 0, 0
L 315, 12, -8, 319, 9, -8, 0, 0, 0
L 317, 13, -7, 315, 12, -7, 0, 0, 0
L 312, 18, -6, 317, 13, -7, 0, 0, 0
L 305, 18, -6, 312, 18, -6, 0, 0, 0
L 305, 16, -6, 305, 18, -6, 0, 0, 0
L 305, 16, -8, 300, 16, -8, 0, 0, 0
L 300, 18, -2, 300, 16, -2, 0, 0, 0
L 282, 18, -2, 300, 18, -2, 0, 0, 0
L 282, 16, -3, 282, 18, -3, 0, 0, 0
L 274, 16, -8, 282, 16, -8, 0, 0, 0
L 274, 18, 1, 274, 16, 1, 0, 0, 0
L 258, 18, -4, 274, 18, 1, 0, 0, 0
L 258, 18, -5, 258, 16, -5, 0, 0, 0
L 250, 16, -8, 258, 16, -8, 0, 0, 0
L 250, 18, -6, 250, 16, -5, 0, 0, 0
L 232, 18, 8, 250, 18, 6, 0, 0, 0
L 232, 18, 8, 232, 16, 8, 0, 0, 0
L 227, 16, -8, 232, 16, -8, 0, 0, 0
L 227, 18, -6, 227, 16, -6, 0, 0, 0
L 220, 18, -6, 227, 18, -6, 0, 0, 0
L 215, 13, -7, 220, 18, -7, 0, 0, 0
L 216, 12, -7, 215, 13, -7, 0, 0, 0
L 213, 9, -8, 216, 12, -8, 0, 0, 0
L 212, 10, -4, 213, 9, -4, 0, 0, 0
L 208, 7, -4, 212, 10, -4, 0, 0, 0
L 208, -13, -4, 208, 7, -4, 0, 0, 0
L 211, -13, -4, 208, -13, -4, 0, 0, 0
L 211, -18, -8, 211, -13, -8, 0, 0, 0
L 122, -85, -2, 122, -75, -2, 0, 0, 0
L 53, -111, 5, 44, -111, 5, 0, 0, 0
L 82, -83, 2, 53, -111, 2, 0, 0, 0
L 89, -83, 0, 82, -83, 1, 0, 0, 0
L 89, -85, 0, 89, -83, 0, 0, 0, 0
L 96, -85, -2, 89, -85, -2, 0, 0, 0
L 96, -83, 2, 96, -85, 2, 0, 0, 0
L 113, -83, -0, 96, -83, 2, 0, 0, 0
L 113, -85, -0, 113, -83, -0, 0, 0, 0
L 122, -85, -2, 113, -85, -2, 0, 0, 0
L 120, -75, 1, 122, -75, 1, 0, 0, 0
L 120, -59, -0, 120, -75, 1, 0, 0, 0
L 122, -59, -0, 120, -59, -0, 0, 0, 0
L 122, -51, -2, 122, -59, -2, 0, 0, 0
L 120, -51, -0, 122, -51, -0, 0, 0, 0
L 120, -44, -0, 120, -51, -0, 0, 0, 0
L 148, -16, -3, 120, -44, -3, 0, 0, 0
L 148, -16, -2, 173, -16, -2, 0, 0, 0
L 173, -18, -8, 173, -16, -8, 0, 0, 0
L 180, -18, -8, 173, -18, -8, 0, 0, 0
L 180, -16, -1, 180, -18, -2, 0, 0, 0
L 204, -16, -6, 180, -16, -1, 0, 0, 0
L 180, -37, -7, 173, -37, -7, 0, 0, 0
L 180, -39, -5, 180, -37, -5, 0, 0, 0
L 204, -39, -8, 180, -39, -5, 0, 0, 0
L 173, -39, -1, 173, -37, -1, 0, 0, 0
L 156, -39, -1, 173, -39, -1, 0, 0, 0
L 144, -51, 0, 156, -39, 0, 0, 0, 0
L 142, -51, 0, 144, -51, 0, 0, 0, 0
L 142, -59, -2, 142, -51, -2, 0, 0, 0
L 144, -59, -2, 142, -59, -2, 0, 0, 0
L 144, -75, -2, 142, -75, -2, 0, 0, 0
L 144, -75, -2, 144, -59, -2, 0, 0, 0
L 142, -83, -2, 142, -75, -2, 0, 0, 0
L 144, -83, 2, 142, -83, 2, 0, 0, 0
L 144, -83, 2, 144, -85, 2, 0, 0, 0
L 151, -85, -2, 144, -85, -2, 0, 0, 0
L 151, -83, 2, 151, -85, 2, 0, 0, 0
L 168, -83, 1, 151, -83, 2, 0, 0, 0
L 168, -83, 1, 168, -85, 1, 0, 0, 0
L 175, -85, -2, 168, -85, -2, 0, 0, 0
L 175, -83, -1, 175, -85, -1, 0, 0, 0
L 175, -83, -1, 182, -83, -1, 0, 0, 0
L 211, -110, -4, 182, -83, -4, 0, 0, 0
L 211, -135, -6, 211, -110, -5, 0, 0, 0
L 209, -135, -6, 211, -135, -6, 0, 0, 0
L 209, -143, -6, 209, -135, -6, 0, 0, 0
L 213, -143, -6, 209, -143, -6, 0, 0, 0
L 213, -140, -6, 213, -143, -6, 0, 0, 0
L 224, -140, -8, 213, -140, -6, 0, 0, 0
L 257, -140, -8, 224, -140, -8, 0, 0, 0
L 260, -143, -8, 257, -140, -8, 0, 0, 0
L 259, -145, -8, 260, -143, -8, 0, 0, 0
L 262, -148, -8, 259, -145, -8, 0, 0, 0
L 264, -146, -8, 262, -148, -8, 0, 0, 0
L 269, -151, -8, 264, -146, -8, 0, 0, 0
L 269, -159, -8, 269, -151, -8, 0, 0, 0
L 267, -159, -8, 269, -159, -8, 0, 0, 0
L 267, -163, -8, 267, -159, -8, 0, 0, 0
L 269, -163, -6, 267, -163, -6, 0, 0, 0
L 269, -170, -6, 269, -163, -6, 0, 0, 0
L 266, -170, -7, 269, -170, -6, 0, 0, 0
L 266, -177, -9, 266, -170, -10, 0, 0, 0
L 264, -177, -9, 266, -177, -9, 0, 0, 0
L 264, -179, -11, 264, -177, -11, 0, 0, 0
L 268, -179, -8, 264, -179, -8, 0, 0, 0
L 268, -178, -8, 268, -179, -8, 0, 0, 0
L 289, -178, -8, 268, -178, -8, 0, 0, 0
L 292, -182, -8, 289, -178, -8, 0, 0, 0
L 292, -187, -8, 292, -182, -8, 0, 0, 0
L 289, -190, -8, 292, -187, -8, 0, 0, 0
L 268, -190, -11, 289, -190, -8, 0, 0, 0
L 268, -189, -11, 268, -190, -11, 0, 0, 0
L 264, -189, -9, 268, -189, -9, 0, 0, 0
L 264, -193, -11, 264, -189, -11, 0, 0, 0
L 268, -193, -9, 264, -193, -9, 0, 0, 0
L 268, -192, -8, 268, -193, -8, 0, 0, 0
L 289, -192, -8, 268, -192, -8, 0, 0, 0
L 292, -195, -8, 289, -192, -8, 0, 0, 0
L 292, -201, -8, 292, -195, -8, 0, 0, 0
L 289, -204, -8, 292, -201, -8, 0, 0, 0
L 268, -204, -9, 289, -204, -8, 0, 0, 0
L 268, -203, -9, 268, -204, -9, 0, 0, 0
L 264, -203, -9, 268, -203, -9, 0, 0, 0
L 264, -207, -11, 264, -203, -11, 0, 0, 0
L 268, -207, -9, 264, -207, -9, 0, 0, 0
L 268, -206, -11, 268, -207, -11, 0, 0, 0
L 289, -206, -9, 268, -206, -11, 0, 0, 0
L 292, -209, -9, 289, -206, -9, 0, 0, 0
L 292, -215, -9, 292, -209, -8, 0, 0, 0
L 289, -218, -10, 292, -215, -10, 0, 0, 0
L 268, -218, -11, 289, -218, -8, 0, 0, 0
L 268, -217, -11, 268, -218, -11, 0, 0, 0
L 264, -217, -9, 268, -217, -9, 0, 0, 0
L 264, -221, -11, 264, -217, -11, 0, 0, 0
L 268, -221, -9, 264, -221, -9, 0, 0, 0
L 268, -220, -8, 268, -221, -8, 0, 0, 0
L 289, -220, -8, 268, -220, -8, 0, 0, 0
L 292, -223, -8, 289, -220, -8, 0, 0, 0
L 292, -229, -8, 292, -223, -8, 0, 0, 0
L 289, -232, -8, 292, -229, -8, 0, 0, 0
L 268, -232, -11, 289, -232, -11, 0, 0, 0
L 268, -231, -11, 268, -232, -11, 0, 0, 0
L 265, -231, -9, 267, -231, -9, 0, 0, 0
L 264, -235, -11, 264, -231, -11, 0, 0, 0
L 268, -235, -9, 264, -235, -9, 0, 0, 0
L 268, -234, -10, 268, -235, -10, 0, 0, 0
L 289, -234, -9, 268, -234, -9, 0, 0, 0
L 292, -237, -9, 289, -234, -9, 0, 0, 0
L 292, -237, -9, 292, -242, -9, 0, 0, 0
L 292, -242, -9, 289, -245, -9, 0, 0, 0
L 268, -246, -11, 289, -245, -11, 0, 0, 0
L 268, -245, -11, 268, -246, -11, 0, 0, 0
L 264, -245, -9, 268, -245, -9, 0, 0, 0
L 264, -247, -9, 264, -245, -9, 0, 0, 0
L 266, -247, -8, 264, -247, -8, 0, 0, 0
L 266, -254, -8, 266, -247, -8, 0, 0, 0
L 269, -254, -6, 266, -254, -6, 0, 0, 0
L 269, -261, -11, 269, -254, -6, 0, 0, 0
L 269, -261, -11, 267, -261, -11, 0, 0, 0
L 267, -265, -8, 267, -261, -8, 0, 0, 0
L 269, -265, -10, 267, -265, -10, 0, 0, 0
L 269, -272, -10, 269, -265, -10, 0, 0, 0
L 264, -278, -9, 269, -272, -9, 0, 0, 0
L 262, -276, -9, 264, -278, -9, 0, 0, 0
L 262, -276, -8, 259, -279, -8, 0, 0, 0
L 260, -281, -11, 259, -279, -11, 0, 0, 0
L 256, -285, -11, 260, -281, -11, 0, 0, 0
L 256, -288, -11, 256, -285, -11, 0, 0, 0
L 259, -291, -9, 256, -288, -9, 0, 0, 0
L 260, -290, -10, 259, -291, -10, 0, 0, 0
L 266, -296, -10, 260, -290, -10, 0, 0, 0
L 266, -300, -10, 266, -296, -10, 0, 0, 0
L 262, -304, -10, 266, -300, -10, 0, 0, 0
L 258, -304, -10, 262, -304, -10, 0, 0, 0
L 252, -298, -10, 258, -304, -10, 0, 0, 0
L 252, -297, -10, 252, -298, -10, 0, 0, 0
L 249, -294, -9, 252, -297, -9, 0, 0, 0
L 246, -294, -11, 249, -294, -11, 0, 0, 0
L 246, -298, -11, 246, -294, -11, 0, 0, 0
L 249, -300, -9, 246, -298, -9, 0, 0, 0
L 250, -300, -12, 249, -300, -12, 0, 0, 0
L 256, -306, -11, 250, -300, -11, 0, 0, 0
L 256, -310, -11, 256, -306, -11, 0, 0, 0
L 252, -314, -11, 256, -310, -11, 0, 0, 0
L 248, -314, -11, 252, -314, -11, 0, 0, 0
L 242, -308, -11, 248, -314, -11, 0, 0, 0
L 243, -307, -11, 242, -308, -11, 0, 0, 0
L 240, -304, -9, 243, -307, -9, 0, 0, 0
L 237, -304, -11, 240, -304, -10, 0, 0, 0
L 237, -307, -11, 237, -304, -11, 0, 0, 0
L 239, -310, -9, 237, -307, -9, 0, 0, 0
L 240, -309, -10, 239, -310, -10, 0, 0, 0
L 246, -316, -10, 240, -309, -10, 0, 0, 0
L 246, -320, -10, 246, -316, -10, 0, 0, 0
L 242, -324, -10, 246, -320, -10, 0, 0, 0
L 238, -324, -10, 242, -324, -10, 0, 0, 0
L 232, -318, -11, 238, -324, -10, 0, 0, 0
L 233, -317, -11, 232, -318, -11, 0, 0, 0
L 230, -314, -9, 233, -317, -9, 0, 0, 0
L 230, -314, -11, 227, -314, -11, 0, 0, 0
L 227, -317, -11, 227, -314, -11, 0, 0, 0
L 230, -320, -9, 227, -317, -9, 0, 0, 0
L 230, -319, -10, 230, -320, -10, 0, 0, 0
L 230, -319, -10, 236, -325, -10, 0, 0, 0
L 236, -330, -10, 236, -325, -10, 0, 0, 0
L 232, -333, -10, 236, -330, -10, 0, 0, 0
L 228, -333, -10, 232, -333, -10, 0, 0, 0
L 222, -327, -10, 228, -333, -10, 0, 0, 0
L 223, -327, -10, 222, -327, -10, 0, 0, 0
L 217, -324, -11, 220, -324, -11, 0, 0, 0
L 220, -324, -7, 223, -327, -7, 0, 0, 0
L 213, -328, -7, 217, -324, -7, 0, 0, 0
L 213, -328, -7, 213, -325, -7, 0, 0, 0
L 209, -325, -11, 213, -325, -11, 0, 0, 0
L 209, -333, -6, 209, -325, -6, 0, 0, 0
L 211, -333, -5, 209, -333, -5, 0, 0, 0
L 211, -356, -5, 211, -333, -5, 0, 0, 0
L 187, -333, -8, 187, -356, -4, 0, 0, 0
L 189, -333, -8, 187, -333, -8, 0, 0, 0
L 183, -327, -11, 185, -328, -11, 0, 0, 0
L 181, -324, -11, 183, -327, -11, 0, 0, 0
L 189, -325, -7, 189, -333, -7, 0, 0, 0
L 185, -325, -12, 189, -325, -12, 0, 0, 0
L 185, -328, -8, 185, -325, -8, 0, 0, 0
L 142, -288, -12, 142, -285, -12, 0, 0, 0
L 178, -324, -12, 181, -324, -12, 0, 0, 0
L 175, -327, -9, 178, -324, -9, 0, 0, 0
L 176, -327, -10, 175, -327, -10, 0, 0, 0
L 170, -333, -10, 176, -327, -10, 0, 0, 0
L 166, -333, -10, 170, -333, -10, 0, 0, 0
L 162, -330, -10, 166, -333, -10, 0, 0, 0
L 162, -325, -10, 162, -330, -10, 0, 0, 0
L 168, -319, -10, 162, -325, -10, 0, 0, 0
L 168, -319, -10, 168, -320, -10, 0, 0, 0
L 171, -317, -9, 168, -320, -9, 0, 0, 0
L 171, -314, -11, 171, -317, -11, 0, 0, 0
L 168, -314, -11, 171, -314, -11, 0, 0, 0
L 165, -317, -9, 168, -314, -9, 0, 0, 0
L 166, -318, -11, 165, -317, -11, 0, 0, 0
L 160, -324, -11, 166, -318, -11, 0, 0, 0
L 156, -324, -11, 160, -324, -11, 0, 0, 0
L 152, -320, -11, 156, -324, -11, 0, 0, 0
L 152, -316, -10, 152, -320, -11, 0, 0, 0
L 158, -309, -10, 152, -316, -10, 0, 0, 0
L 158, -309, -11, 159, -310, -11, 0, 0, 0
L 159, -310, -9, 161, -307, -9, 0, 0, 0
L 161, -307, -11, 161, -304, -11, 0, 0, 0
L 158, -304, -11, 161, -304, -11, 0, 0, 0
L 155, -307, -9, 158, -304, -9, 0, 0, 0
L 156, -308, -11, 155, -307, -11, 0, 0, 0
L 150, -314, -11, 156, -308, -11, 0, 0, 0
L 146, -314, -11, 150, -314, -11, 0, 0, 0
L 142, -310, -11, 146, -314, -11, 0, 0, 0
L 142, -306, -11, 142, -310, -11, 0, 0, 0
L 148, -300, -11, 142, -306, -11, 0, 0, 0
L 148, -300, -11, 149, -300, -11, 0, 0, 0
L 146, -297, -9, 149, -294, -9, 0, 0, 0
L 149, -294, -11, 152, -294, -11, 0, 0, 0
L 152, -298, -11, 152, -294, -11, 0, 0, 0
L 152, -298, -9, 149, -300, -9, 0, 0, 0
L 146, -298, -11, 146, -297, -11, 0, 0, 0
L 140, -304, -11, 146, -298, -11, 0, 0, 0
L 136, -304, -11, 140, -304, -11, 0, 0, 0
L 132, -300, -11, 136, -304, -11, 0, 0, 0
L 132, -296, -11, 132, -300, -11, 0, 0, 0
L 138, -290, -11, 132, -296, -11, 0, 0, 0
L 139, -291, -11, 138, -290, -11, 0, 0, 0
L 142, -288, -9, 139, -291, -9, 0, 0, 0
L 138, -281, -11, 142, -285, -11, 0, 0, 0
L 139, -279, -11, 138, -281, -11, 0, 0, 0
L 136, -276, -8, 139, -279, -8, 0, 0, 0
L 134, -278, -11, 136, -276, -11, 0, 0, 0
L 129, -272, -11, 134, -278, -11, 0, 0, 0
L 129, -265, -11, 129, -272, -11, 0, 0, 0
L 131, -265, -11, 129, -265, -11, 0, 0, 0
L 131, -261, -8, 131, -265, -8, 0, 0, 0
L 129, -261, -6, 131, -261, -6, 0, 0, 0
L 129, -254, -7, 129, -261, -6, 0, 0, 0
L 132, -254, -7, 129, -254, -7, 0, 0, 0
L 132, -247, -8, 132, -254, -8, 0, 0, 0
L 134, -247, -8, 132, -247, -8, 0, 0, 0
L 134, -245, -11, 134, -247, -11, 0, 0, 0
L 130, -245, -8, 134, -245, -8, 0, 0, 0
L 109, -246, -11, 130, -245, -8, 0, 0, 0
L 106, -242, -11, 109, -246, -11, 0, 0, 0
L 106, -242, -11, 106, -237, -11, 0, 0, 0
L 106, -237, -11, 109, -234, -11, 0, 0, 0
L 130, -234, -11, 109, -234, -11, 0, 0, 0
L 130, -234, -11, 130, -235, -11, 0, 0, 0
L 134, -235, -9, 130, -235, -9, 0, 0, 0
L 134, -231, -11, 134, -235, -11, 0, 0, 0
L 130, -232, -11, 130, -231, -11, 0, 0, 0
L 130, -231, -9, 134, -231, -9, 0, 0, 0
L 109, -232, -8, 130, -232, -8, 0, 0, 0
L 106, -229, -8, 109, -232, -8, 0, 0, 0
L 106, -223, -8, 106, -229, -8, 0, 0, 0
L 109, -220, -8, 106, -223, -8, 0, 0, 0
L 130, -220, -9, 109, -220, -8, 0, 0, 0
L 130, -220, -9, 130, -221, -9, 0, 0, 0
L 134, -221, -9, 130, -221, -9, 0, 0, 0
L 134, -217, -10, 134, -221, -10, 0, 0, 0
L 130, -217, -9, 134, -217, -9, 0, 0, 0
L 130, -218, -12, 130, -217, -12, 0, 0, 0
L 109, -218, -12, 130, -218, -12, 0, 0, 0
L 106, -215, -12, 109, -218, -12, 0, 0, 0
L 106, -209, -12, 106, -215, -12, 0, 0, 0
L 109, -206, -12, 106, -209, -12, 0, 0, 0
L 130, -206, -12, 109, -206, -12, 0, 0, 0
L 130, -206, -11, 130, -207, -11, 0, 0, 0
L 134, -207, -9, 130, -207, -9, 0, 0, 0
L 134, -203, -9, 130, -203, -9, 0, 0, 0
L 134, -207, -11, 134, -203, -11, 0, 0, 0
L 130, -204, -12, 130, -203, -12, 0, 0, 0
L 134, -179, -11, 134, -177, -11, 0, 0, 0
L 132, -177, -9, 134, -177, -9, 0, 0, 0
L 109, -204, -10, 130, -204, -10, 0, 0, 0
L 106, -201, -10, 109, -204, -10, 0, 0, 0
L 106, -195, -10, 106, -201, -10, 0, 0, 0
L 106, -195, -10, 109, -192, -10, 0, 0, 0
L 130, -192, -10, 109, -192, -10, 0, 0, 0
L 130, -193, -10, 130, -192, -10, 0, 0, 0
L 134, -193, -9, 130, -193, -9, 0, 0, 0
L 134, -189, -9, 134, -193, -9, 0, 0, 0
L 130, -189, -9, 134, -189, -9, 0, 0, 0
L 106, -182, -11, 109, -178, -11, 0, 0, 0
L 130, -190, -11, 130, -189, -11, 0, 0, 0
L 109, -190, -11, 130, -190, -11, 0, 0, 0
L 106, -187, -11, 109, -190, -11, 0, 0, 0
L 106, -182, -10, 106, -187, -10, 0, 0, 0
L 109, -178, -9, 110, -178, -10, 0, 0, 0
L 130, -178, -11, 109, -178, -9, 0, 0, 0
L 130, -178, -11, 130, -179, -11, 0, 0, 0
L 130, -179, -9, 134, -179, -9, 0, 0, 0
L 132, -170, -11, 132, -177, -11, 0, 0, 0
L 113, -104, -2, 117, -104, -2, 0, 0, 0
L 144, -106, 1, 125, -106, 1, 0, 0, 0
L 113, -106, -2, 113, -104, -2, 0, 0, 0
L 96, -106, -2, 113, -106, -2, 0, 0, 0
L 96, -104, -2, 96, -106, -2, 0, 0, 0
L 89, -104, -2, 96, -104, -2, 0, 0, 0
L 89, -104, -3, 89, -106, -3, 0, 0, 0
L 76, -119, 10, 89, -106, 6, 0, 0, 0
L 61, -135, 10, 76, -119, 10, 0, 0, 0
L 44, -135, 6, 61, -135, 7, 0, 0, 0
L -37, -136, 4, -40, -135, 5, 0, 0, 0
L -37, -136, 5, -37, -133, 5, 0, 0, 0
L 40, -137, 5, 37, -137, 5, 0, 0, 0
L 37, -133, 1, 37, -137, 1, 0, 0, 0
L 12, -50, 4, 10, -50, 4, 0, 0, 0
L 12, -74, 3, 12, -50, 4, 0, 0, 0
L 12, -74, 3, 10, -74, 3, 0, 0, 0
L 10, -81, 5, 10, -74, 5, 0, 0, 0
L 15, -81, 0, 15, -78, 0, 0, 0, 0
L 15, -81, 1, 10, -81, 1, 0, 0, 0
L 28, -78, 7, 15, -78, 7, 0, 0, 0
L 31, -82, 7, 28, -78, 7, 0, 0, 0
L 31, -82, 7, 30, -83, 7, 0, 0, 0
L 33, -86, 4, 30, -83, 4, 0, 0, 0
L 35, -85, 5, 33, -86, 5, 0, 0, 0
L 40, -90, 5, 35, -85, 5, 0, 0, 0
L 40, -97, 5, 40, -90, 5, 0, 0, 0
L 38, -97, 5, 40, -97, 5, 0, 0, 0
L 38, -102, 4, 38, -97, 4, 0, 0, 0
L 40, -102, 6, 38, -102, 6, 0, 0, 0
L 40, -109, 6, 40, -102, 6, 0, 0, 0
L 37, -109, 6, 40, -109, 6, 0, 0, 0
L 37, -113, 5, 37, -109, 5, 0, 0, 0
L 44, -113, 6, 37, -113, 6, 0, 0, 0
L 44, -111, 9, 44, -113, 9, 0, 0, 0
L 44, -133, 5, 37, -133, 5, 0, 0, 0
L 44, -135, 6, 44, -133, 6, 0, 0, 0
L 40, -144, 6, 40, -137, 7, 0, 0, 0
L 40, -144, 5, 38, -144, 5, 0, 0, 0
L 38, -152, 4, 38, -144, 4, 0, 0, 0
L 40, -152, 12, 38, -152, 12, 0, 0, 0
L 40, -168, 13, 40, -152, 13, 0, 0, 0
L 38, -168, 10, 40, -168, 11, 0, 0, 0
L 38, -168, 7, 38, -176, 7, 0, 0, 0
L 40, -176, 7, 38, -176, 7, 0, 0, 0
L 40, -176, 6, 40, -176, 7, 0, 0, 0
L 40, -192, 14, 40, -176, 16, 0, 0, 0
L 38, -192, 13, 40, -192, 14, 0, 0, 0
L 38, -200, 10, 38, -192, 10, 0, 0, 0
L 40, -200, 12, 38, -200, 12, 0, 0, 0
L 40, -218, 14, 40, -200, 14, 0, 0, 0
L 37, -218, 14, 37, -223, 14, 0, 0, 0
L 37, -218, 14, 40, -218, 14, 0, 0, 0
L 40, -223, 14, 37, -223, 14, 0, 0, 0
L 40, -230, 14, 40, -223, 14, 0, 0, 0
L 35, -235, 14, 40, -230, 14, 0, 0, 0
L 33, -234, 14, 35, -235, 14, 0, 0, 0
L 30, -237, 13, 33, -234, 13, 0, 0, 0
L 31, -238, 14, 28, -242, 13, 0, 0, 0
L 30, -237, 14, 31, -238, 14, 0, 0, 0
L 14, -242, 14, 28, -242, 14, 0, 0, 0
L 14, -242, 14, 14, -239, 14, 0, 0, 0
L 10, -239, 10, 14, -239, 10, 0, 0, 0
L 10, -246, 14, 10, -239, 14, 0, 0, 0
L 12, -246, 19, 10, -246, 15, 0, 0, 0
L 12, -270, 19, 12, -246, 19, 0, 0, 0
L 10, -270, 19, 12, -270, 19, 0, 0, 0
L 10, -277, 19, 10, -270, 19, 0, 0, 0
L 12, -277, 18, 10, -277, 18, 0, 0, 0
L 12, -294, 18, 12, -277, 18, 0, 0, 0
L 65, -305, 17, 63, -307, 17, 0, 0, 0
L 12, -294, 18, 10, -294, 18, 0, 0, 0
L 10, -301, 20, 10, -294, 20, 0, 0, 0
L 39, -301, 21, 39, -298, 21, 0, 0, 0
L 10, -301, 20, 39, -301, 22, 0, 0, 0
L 58, -298, 20, 39, -298, 23, 0, 0, 0
L 61, -302, 20, 58, -298, 20, 0, 0, 0
L 60, -303, 20, 61, -302, 20, 0, 0, 0
L 63, -307, 19, 60, -303, 19, 0, 0, 0
L 70, -310, 19, 65, -305, 19, 0, 0, 0
L 70, -317, 19, 70, -310, 19, 0, 0, 0
L 68, -317, 19, 70, -317, 19, 0, 0, 0
L 68, -322, 19, 68, -317, 19, 0, 0, 0
L 70, -322, 22, 68, -322, 22, 0, 0, 0
L 70, -340, 22, 70, -322, 22, 0, 0, 0
L 68, -340, 21, 70, -340, 22, 0, 0, 0
L 68, -348, 19, 68, -340, 19, 0, 0, 0
L 70, -348, 21, 68, -348, 21, 0, 0, 0
L 70, -364, 17, 70, -348, 21, 0, 0, 0
L 68, -364, 17, 70, -364, 17, 0, 0, 0
L 68, -372, 19, 68, -364, 19, 0, 0, 0
L 70, -372, 22, 68, -372, 22, 0, 0, 0
L 78, -378, 23, 70, -372, 22, 0, 0, 0
L 97, -389, 22, 78, -378, 23, 0, 0, 0
L 97, -415, 21, 97, -389, 22, 0, 0, 0
L 95, -415, 21, 97, -415, 21, 0, 0, 0
L 95, -423, 19, 95, -415, 19, 0, 0, 0
L 97, -423, 23, 95, -423, 23, 0, 0, 0
L 97, -439, 21, 97, -423, 23, 0, 0, 0
L 95, -439, 21, 97, -439, 21, 0, 0, 0
L 95, -447, 19, 95, -439, 19, 0, 0, 0
L 97, -447, 25, 95, -447, 21, 0, 0, 0
L 82, -459, 31, 97, -447, 31, 0, 0, 0
L 76, -461, 31, 82, -459, 31, 0, 0, 0
L 76, -465, 32, 76, -461, 32, 0, 0, 0
L 211, -356, -2, 209, -356, -2, 0, 0, 0
L 189, -356, -1, 187, -356, -1, 0, 0, 0
L 23, -563, 33, 52, -563, 34, 0, 0, 0
L 7, -560, 28, 23, -560, 28, 0, 0, 0
L 82, -467, 32, 76, -465, 30, 0, 0, 0
L 70, -479, 32, 82, -467, 32, 0, 0, 0
L 70, -479, 32, 63, -481, 32, 0, 0, 0
L 63, -485, 38, 63, -481, 38, 0, 0, 0
L 70, -487, 37, 63, -485, 36, 0, 0, 0
L 70, -487, 38, 70, -487, 37, 0, 0, 0
L 67, -490, 38, 70, -487, 38, 0, 0, 0
L 57, -499, 39, 67, -490, 38, 0, 0, 0
L 50, -501, 39, 57, -499, 39, 0, 0, 0
L 50, -545, 38, 50, -501, 38, 0, 0, 0
L 57, -547, 35, 50, -545, 35, 0, 0, 0
L 52, -563, 35, 57, -547, 35, 0, 0, 0
L 23, -560, 38, 23, -563, 38, 0, 0, 0
L -23, -560, 33, -7, -559, 34, 0, 0, 0
L -23, -560, 38, -23, -563, 38, 0, 0, 0
L -52, -563, 39, -23, -563, 38, 0, 0, 0
L -57, -547, 38, -52, -563, 39, 0, 0, 0
L -50, -545, 34, -57, -547, 38, 0, 0, 0
L -50, -501, 38, -50, -545, 38, 0, 0, 0
L -56, -499, 37, -50, -501, 37, 0, 0, 0
L -62, -494, 38, -56, -499, 37, 0, 0, 0
L -70, -487, 37, -62, -494, 38, 0, 0, 0
L -63, -485, 38, -70, -487, 37, 0, 0, 0
L -63, -481, 38, -63, -485, 38, 0, 0, 0
L -70, -479, 32, -63, -481, 33, 0, 0, 0
L -73, -476, 31, -70, -479, 32, 0, 0, 0
L -75, -474, 29, -73, -476, 31, 0, 0, 0
L -82, -467, 27, -75, -474, 29, 0, 0, 0
L -76, -465, 28, -82, -467, 27, 0, 0, 0
L -76, -461, 27, -82, -459, 26, 0, 0, 0
L -76, -461, 32, -76, -465, 32, 0, 0, 0
L -96, -447, 19, -82, -459, 26, 0, 0, 0
L -95, -447, 19, -96, -447, 19, 0, 0, 0
L -95, -447, 19, -95, -439, 19, 0, 0, 0
L -97, -439, 22, -95, -439, 22, 0, 0, 0
L -97, -423, 21, -97, -439, 22, 0, 0, 0
L -95, -423, 21, -97, -423, 21, 0, 0, 0
L -97, -415, 19, -95, -415, 19, 0, 0, 0
L -95, -415, 19, -95, -423, 19, 0, 0, 0
L -97, -389, 22, -97, -415, 22, 0, 0, 0
L -70, -372, 20, -97, -389, 20, 0, 0, 0
L -68, -372, 19, -70, -372, 20, 0, 0, 0
L -68, -372, 19, -68, -364, 19, 0, 0, 0
L -70, -364, 22, -68, -364, 23, 0, 0, 0
L -70, -348, 29, -70, -364, 22, 0, 0, 0
L -70, -348, 29, -68, -348, 29, 0, 0, 0
L -68, -340, 19, -68, -348, 19, 0, 0, 0
L -70, -340, 23, -68, -340, 23, 0, 0, 0
L -70, -340, 22, -70, -340, 23, 0, 0, 0
L -70, -322, 28, -70, -340, 22, 0, 0, 0
L -68, -322, 28, -70, -322, 28, 0, 0, 0
L -68, -317, 19, -68, -322, 19, 0, 0, 0
L -70, -317, 19, -68, -317, 19, 0, 0, 0
L -70, -310, 19, -70, -317, 19, 0, 0, 0
L -65, -305, 19, -70, -310, 19, 0, 0, 0
L -65, -305, 19, -63, -306, 19, 0, 0, 0
L -63, -306, 19, -60, -303, 19, 0, 0, 0
L -61, -302, 22, -60, -303, 22, 0, 0, 0
L -36, -301, 17, -36, -298, 17, 0, 0, 0
L -58, -298, 26, -36, -298, 26, 0, 0, 0
L -58, -298, 26, -61, -302, 26, 0, 0, 0
L -10, -301, 19, -36, -301, 19, 0, 0, 0
L -10, -294, 22, -10, -301, 22, 0, 0, 0
L -12, -294, 22, -10, -294, 22, 0, 0, 0
L -12, -277, 20, -12, -294, 22, 0, 0, 0
L -10, -277, 20, -12, -277, 20, 0, 0, 0
L -10, -270, 19, -10, -277, 19, 0, 0, 0
L -12, -270, 20, -10, -270, 20, 0, 0, 0
L -12, -246, 17, -12, -270, 20, 0, 0, 0
L -10, -246, 17, -12, -246, 17, 0, 0, 0
L -10, -239, 14, -10, -246, 14, 0, 0, 0
L -10, -239, 14, -14, -239, 14, 0, 0, 0
L -14, -242, 14, -14, -239, 14, 0, 0, 0
L -28, -242, 13, -14, -242, 14, 0, 0, 0
L -31, -238, 13, -28, -242, 13, 0, 0, 0
L -30, -237, 13, -31, -238, 13, 0, 0, 0
L -33, -233, 13, -30, -237, 13, 0, 0, 0
L -35, -235, 12, -33, -233, 12, 0, 0, 0
L -40, -230, 12, -35, -235, 12, 0, 0, 0
L -40, -223, 13, -40, -230, 13, 0, 0, 0
L -40, -223, 13, -38, -223, 13, 0, 0, 0
L -38, -223, 13, -38, -218, 13, 0, 0, 0
L -40, -218, 19, -38, -218, 19, 0, 0, 0
L -40, -200, 12, -40, -218, 12, 0, 0, 0
L -40, -200, 11, -38, -200, 11, 0, 0, 0
L -38, -192, 10, -38, -200, 10, 0, 0, 0
L -40, -192, 13, -38, -192, 13, 0, 0, 0
L -40, -176, 10, -40, -192, 12, 0, 0, 0
L -38, -176, 8, -40, -176, 10, 0, 0, 0
L -38, -168, 7, -38, -176, 7, 0, 0, 0
L -40, -152, 9, -38, -152, 9, 0, 0, 0
L -40, -168, 8, -40, -152, 8, 0, 0, 0
L -38, -168, 8, -40, -168, 8, 0, 0, 0
L -38, -152, 4, -38, -144, 4, 0, 0, 0
L -39, -144, 6, -38, -144, 7, 0, 0, 0
L -40, -144, 6, -39, -144, 6, 0, 0, 0
L -40, -135, 5, -40, -144, 5, 0, 0, 0
L -201, -217, 17, -198, -217, 17, 0, 0, 0
L -198, -246, 17, -198, -217, 17, 0, 0, 0
L -201, -246, 17, -198, -246, 17, 0, 0, 0
L -201, -259, 13, -201, -246, 13, 0, 0, 0
L -197, -263, 13, -201, -259, 13, 0, 0, 0
L -196, -261, 13, -197, -263, 13, 0, 0, 0
L -196, -261, 16, -192, -265, 16, 0, 0, 0
L -194, -266, 16, -192, -265, 16, 0, 0, 0
L -189, -271, 16, -194, -266, 16, 0, 0, 0
L -182, -271, 16, -189, -271, 16, 0, 0, 0
L -182, -269, 16, -182, -271, 16, 0, 0, 0
L -177, -269, 16, -182, -269, 16, 0, 0, 0
L -177, -271, 18, -177, -269, 18, 0, 0, 0
L -170, -271, 17, -177, -271, 18, 0, 0, 0
L -170, -268, 17, -170, -271, 17, 0, 0, 0
L -161, -268, 13, -170, -268, 13, 0, 0, 0
L -161, -276, 13, -161, -268, 13, 0, 0, 0
L -151, -268, 13, -151, -276, 13, 0, 0, 0
L -142, -268, 17, -151, -268, 17, 0, 0, 0
L -142, -271, 17, -142, -268, 17, 0, 0, 0
L -135, -271, 15, -142, -271, 14, 0, 0, 0
L -135, -269, 13, -135, -271, 13, 0, 0, 0
L -135, -269, 16, -127, -269, 16, 0, 0, 0
L -127, -271, 14, -127, -269, 14, 0, 0, 0
L -111, -271, 14, -127, -271, 14, 0, 0, 0
L -111, -271, 20, -111, -269, 20, 0, 0, 0
L -103, -269, 16, -111, -269, 16, 0, 0, 0
L -103, -269, 18, -103, -271, 18, 0, 0, 0
L -85, -271, 17, -103, -271, 18, 0, 0, 0
L -85, -269, 17, -85, -271, 17, 0, 0, 0
L -80, -269, 16, -85, -269, 16, 0, 0, 0
L -80, -271, 15, -80, -269, 15, 0, 0, 0
L -73, -271, 15, -80, -271, 15, 0, 0, 0
L -68, -266, 15, -73, -271, 15, 0, 0, 0
L -69, -265, 15, -68, -266, 15, 0, 0, 0
L -66, -261, 16, -69, -265, 16, 0, 0, 0
L -64, -246, 13, -64, -217, 13, 0, 0, 0
L -61, -246, 17, -64, -246, 17, 0, 0, 0
L -61, -246, 13, -61, -259, 13, 0, 0, 0
L -61, -259, 13, -65, -263, 13, 0, 0, 0
L -65, -263, 13, -66, -261, 13, 0, 0, 0
L -61, -217, 17, -64, -217, 17, 0, 0, 0
L -61, -217, 13, -61, -204, 13, 0, 0, 0
L -65, -200, 13, -61, -204, 13, 0, 0, 0
L -66, -202, 13, -65, -200, 13, 0, 0, 0
L -66, -202, 16, -69, -198, 16, 0, 0, 0
L -68, -197, 14, -69, -198, 14, 0, 0, 0
L -73, -192, 14, -68, -197, 14, 0, 0, 0
L -80, -192, 14, -73, -192, 14, 0, 0, 0
L -80, -194, 16, -80, -192, 16, 0, 0, 0
L -85, -194, 16, -80, -194, 16, 0, 0, 0
L -85, -192, 13, -85, -194, 13, 0, 0, 0
L -103, -192, 13, -85, -192, 13, 0, 0, 0
L -103, -194, 13, -103, -192, 13, 0, 0, 0
L -111, -194, 16, -103, -194, 16, 0, 0, 0
L -111, -192, 13, -111, -194, 13, 0, 0, 0
L -201, -204, 20, -201, -217, 19, 0, 0, 0
L -197, -200, 20, -201, -204, 20, 0, 0, 0
L -196, -202, 20, -197, -200, 20, 0, 0, 0
L -196, -202, 16, -192, -198, 16, 0, 0, 0
L -194, -197, 13, -192, -198, 13, 0, 0, 0
L -189, -192, 13, -194, -197, 13, 0, 0, 0
L -182, -192, 13, -189, -192, 13, 0, 0, 0
L -182, -194, 13, -182, -192, 13, 0, 0, 0
L -182, -194, 16, -177, -194, 16, 0, 0, 0
L -177, -192, 17, -177, -194, 17, 0, 0, 0
L -170, -192, 17, -177, -192, 17, 0, 0, 0
L -170, -195, 17, -170, -192, 17, 0, 0, 0
L -166, -195, 13, -170, -195, 13, 0, 0, 0
L -166, -187, 17, -166, -195, 17, 0, 0, 0
L -168, -187, 16, -166, -187, 16, 0, 0, 0
L -168, -171, 16, -168, -187, 16, 0, 0, 0
L -168, -171, 16, -166, -171, 16, 0, 0, 0
L -166, -163, 16, -166, -171, 16, 0, 0, 0
L -168, -163, 15, -166, -163, 15, 0, 0, 0
L -168, -147, 15, -161, -140, 15, 0, 0, 0
L -168, -147, 16, -168, -163, 16, 0, 0, 0
L -144, -140, 16, -161, -140, 16, 0, 0, 0
L -144, -140, 16, -144, -142, 16, 0, 0, 0
L -137, -142, 16, -144, -142, 16, 0, 0, 0
L -137, -140, 14, -137, -142, 14, 0, 0, 0
L -120, -140, 14, -137, -140, 14, 0, 0, 0
L -120, -140, 14, -120, -142, 14, 0, 0, 0
L -127, -192, 13, -111, -192, 13, 0, 0, 0
L -127, -192, 17, -127, -194, 18, 0, 0, 0
L -135, -194, 16, -127, -194, 16, 0, 0, 0
L -135, -192, 18, -135, -194, 19, 0, 0, 0
L -142, -192, 18, -135, -192, 18, 0, 0, 0
L -142, -195, 17, -142, -192, 17, 0, 0, 0
L -146, -195, 13, -142, -195, 13, 0, 0, 0
L -146, -187, 17, -146, -195, 17, 0, 0, 0
L -144, -187, 16, -146, -187, 16, 0, 0, 0
L -144, -171, 16, -144, -187, 16, 0, 0, 0
L -146, -171, 16, -144, -171, 16, 0, 0, 0
L -146, -163, 16, -146, -171, 16, 0, 0, 0
L -144, -163, 13, -146, -163, 13, 0, 0, 0
L -144, -161, 16, -144, -163, 16, 0, 0, 0
L -144, -161, 16, -137, -161, 16, 0, 0, 0
L -137, -163, 13, -137, -161, 13, 0, 0, 0
L -120, -163, 13, -137, -163, 13, 0, 0, 0
L -120, -161, 13, -120, -163, 13, 0, 0, 0
L -37, -133, 6, -44, -133, 6, 0, 0, 0
L -44, -135, 10, -44, -133, 10, 0, 0, 0
L -77, -135, 10, -44, -135, 10, 0, 0, 0
L -77, -135, 10, -106, -163, 10, 0, 0, 0
L -106, -163, 16, -113, -163, 16, 0, 0, 0
L -113, -161, 16, -113, -163, 16, 0, 0, 0
L -120, -161, 16, -113, -161, 16, 0, 0, 0
L -113, -142, 16, -120, -142, 16, 0, 0, 0
L -113, -140, 13, -113, -142, 13, 0, 0, 0
L -85, -111, 12, -113, -140, 12, 0, 0, 0
L -44, -111, 6, -85, -111, 7, 0, 0, 0
L -44, -113, 6, -44, -111, 6, 0, 0, 0
L -37, -113, 5, -44, -113, 5, 0, 0, 0
L -37, -109, 4, -37, -113, 4, 0, 0, 0
L -40, -109, 5, -37, -109, 5, 0, 0, 0
L -40, -102, 3, -40, -109, 3, 0, 0, 0
L -38, -102, 3, -40, -102, 3, 0, 0, 0
L -38, -102, 4, -38, -97, 4, 0, 0, 0
L -40, -97, 4, -38, -97, 5, 0, 0, 0
L -40, -90, 4, -40, -97, 4, 0, 0, 0
L -35, -85, 4, -40, -90, 4, 0, 0, 0
L -33, -87, 4, -35, -85, 4, 0, 0, 0
L -33, -87, 4, -30, -83, 4, 0, 0, 0
L -31, -82, 8, -30, -83, 8, 0, 0, 0
L -28, -78, 8, -31, -82, 8, 0, 0, 0
L -14, -78, 6, -28, -78, 7, 0, 0, 0
L -14, -78, 6, -14, -81, 6, 0, 0, 0
L -10, -81, 1, -14, -81, 1, 0, 0, 0
L -10, -74, 5, -10, -81, 5, 0, 0, 0
L -12, -74, 4, -10, -74, 4, 0, 0, 0
L -12, -50, -2, -12, -74, 4, 0, 0, 0
L -10, -50, -4, -12, -50, -2, 0, 0, 0
L 125, -106, 5, 124, -102, 4, 0, 0, 0
L 124, -102, 4, 123, -101, 3, 0, 0, 0
L 123, -101, 3, 121, -101, 2, 0, 0, 0
L 121, -101, 2, 119, -101, 2, 0, 0, 0
L 119, -101, 2, 117, -104, 2, 0, 0, 0
L 144, -106, 2, 144, -104, 1, 0, 0, 0
L 144, -104, -2, 151, -104, -2, 0, 0, 0
L 151, -106, -1, 151, -104, -1, 0, 0, 0
L 151, -106, -1, 168, -106, 1, 0, 0, 0
L 168, -106, 1, 168, -104, 1, 0, 0, 0
L 175, -104, -2, 168, -104, -2, 0, 0, 0
L 175, -106, -0, 175, -104, -0, 0, 0, 0
L 175, -106, -1, 187, -118, -1, 0, 0, 0
L 187, -118, -3, 187, -135, -4, 0, 0, 0
L 187, -135, -3, 189, -135, -3, 0, 0, 0
L 189, -135, -7, 189, -143, -7, 0, 0, 0
L 185, -140, -6, 185, -143, -6, 0, 0, 0
L 185, -143, -9, 189, -143, -5, 0, 0, 0
L 185, -140, -6, 141, -140, -5, 0, 0, 0
L 141, -140, -5, 138, -143, -11, 0, 0, 0
L 138, -143, -11, 139, -145, -12, 0, 0, 0
L 136, -148, -8, 139, -145, -8, 0, 0, 0
L 134, -146, -10, 136, -148, -10, 0, 0, 0
L 134, -146, -10, 129, -151, -10, 0, 0, 0
L 129, -151, -10, 129, -159, -10, 0, 0, 0
L 129, -159, -10, 131, -159, -10, 0, 0, 0
L 131, -159, -8, 131, -163, -8, 0, 0, 0
L 131, -163, -8, 129, -163, -8, 0, 0, 0
L 129, -163, -8, 129, -170, -6, 0, 0, 0
L 129, -170, -6, 132, -170, -6, 0, 0, 0
L 9, -563, 29, 7, -560, 30, 0, 128, 64
L 10, -564, 29, 9, -563, 29, 0, 128, 64
L 10, -566, 29, 10, -564, 29, 0, 128, 64
L 12, -567, 28, 10, -566, 29, 0, 128, 64
L 13, -569, 28, 12, -567, 28, 0, 128, 64
L 15, -570, 27, 13, -569, 28, 0, 128, 64
L 17, -572, 27, 15, -570, 27, 0, 128, 64
L 19, -573, 26, 17, -572, 27, 0, 128, 64
L 22, -576, 25, 19, -573, 26, 0, 128, 64
L 23, -577, 25, 22, -576, 25, 0, 128, 64
L 26, -577, 25, 23, -577, 25, 0, 128, 64
L 27, -578, 25, 26, -577, 25, 0, 128, 64
L 35, -580, 22, 27, -578, 25, 0, 128, 64
L 37, -580, 21, 35, -580, 22, 0, 128, 64
L 39, -581, 21, 37, -580, 21, 0, 128, 64
L 41, -582, 20, 39, -581, 21, 0, 128, 64
L 49, -583, 20, 41, -582, 20, 0, 128, 64
L 53, -583, 19, 49, -583, 20, 0, 128, 64
L 54, -584, 19, 53, -583, 19, 0, 128, 64
L 56, -584, 19, 54, -584, 19, 0, 128, 64
L 76, -580, 16, 56, -584, 19, 0, 128, 64
L 77, -579, 16, 76, -580, 16, 0, 128, 64
L 79, -578, 15, 77, -579, 16, 0, 128, 64
L 80, -578, 16, 79, -578, 15, 0, 128, 64
L 81, -577, 15, 80, -578, 16, 0, 128, 64
L 83, -577, 15, 81, -577, 15, 0, 128, 64
L 84, -576, 14, 83, -577, 15, 0, 128, 64
L 86, -575, 15, 84, -576, 14, 0, 128, 64
L 87, -574, 14, 86, -575, 15, 0, 128, 64
L 88, -574, 14, 87, -574, 14, 0, 128, 64
L 96, -570, 13, 88, -574, 14, 0, 128, 64
L 98, -570, 13, 96, -570, 13, 0, 128, 64
L 110, -569, 12, 98, -570, 13, 0, 128, 64
L 113, -570, 12, 110, -569, 12, 0, 128, 64
L 116, -569, 12, 113, -570, 12, 0, 128, 64
L 118, -569, 11, 116, -569, 12, 0, 128, 64
L 128, -573, 8, 118, -569, 11, 0, 128, 64
L 130, -574, 7, 128, -573, 8, 0, 128, 64
L 131, -575, 7, 130, -574, 7, 0, 128, 64
L 132, -575, 7, 131, -575, 7, 0, 128, 64
L 134, -576, 7, 132, -575, 7, 0, 128, 64
L 135, -575, 8, 134, -576, 7, 0, 128, 64
L 138, -575, 8, 135, -575, 8, 0, 128, 64
L 142, -574, 7, 138, -575, 8, 0, 128, 64
L 146, -572, 7, 142, -574, 7, 0, 128, 64
L 147, -571, 7, 146, -572, 7, 0, 128, 64
L 155, -564, 5, 147, -571, 7, 0, 128, 64
L 157, -563, 5, 155, -564, 5, 0, 128, 64
L 159, -561, 5, 157, -563, 5, 0, 128, 64
L 160, -559, 6, 159, -561, 5, 0, 128, 64
L 169, -545, 4, 160, -559, 6, 0, 128, 64
L 171, -544, 4, 169, -545, 4, 0, 128, 64
L 172, -543, 5, 171, -544, 4, 0, 128, 64
L 177, -541, 6, 172, -543, 5, 0, 128, 64
L 187, -536, 6, 177, -541, 6, 0, 128, 64
L 195, -531, 5, 187, -536, 6, 0, 128, 64
L 196, -530, 5, 195, -531, 5, 0, 128, 64
L 197, -529, 6, 196, -530, 5, 0, 128, 64
L 198, -525, 6, 197, -529, 6, 0, 128, 64
L 198, -520, 7, 198, -525, 6, 0, 128, 64
L 199, -519, 7, 198, -520, 7, 0, 128, 64
L 199, -486, 1, 199, -519, 7, 0, 128, 64
L 199, -482, 0, 199, -486, 1, 0, 128, 64
L 199, -480, -1, 199, -483, 0, 0, 128, 64
L 199, -473, -1, 199, -480, -1, 0, 128, 64
L 198, -473, 2, 199, -473, 2, 0, 128, 64
L 196, -471, 2, 198, -473, 2, 0, 128, 64
L 193, -471, -0, 196, -471, 2, 0, 128, 64
L 193, -470, -1, 193, -471, -0, 0, 128, 64
L 192, -468, -2, 193, -470, -1, 0, 128, 64
L 192, -466, -2, 192, -468, -2, 0, 128, 64
L 191, -464, -2, 192, -466, -2, 0, 128, 64
L 192, -463, -2, 191, -464, -2, 0, 128, 64
L 193, -461, -2, 192, -463, -2, 0, 128, 64
L 194, -459, -3, 193, -461, -2, 0, 128, 64
L 194, -458, -2, 194, -459, -3, 0, 128, 64
L 198, -454, -3, 194, -458, -2, 0, 128, 64
L 202, -450, -3, 198, -454, -3, 0, 128, 64
L 209, -445, -3, 202, -450, -3, 0, 128, 64
L 237, -435, -2, 237, -402, -2, 0, 128, 64
L 159, -435, -4, 159, -453, -4, 0, 128, 64
L 159, -435, -5, 162, -435, -5, 0, 128, 64
L 224, -443, 7, 225, -444, 9, 0, 128, 64
L 221, -442, 9, 224, -443, 7, 0, 128, 64
L 215, -441, 11, 221, -442, 9, 0, 128, 64
L 197, -442, -1, 208, -442, 1, 0, 128, 64
L 188, -473, 7, 185, -473, 6, 0, 128, 64
L 186, -472, 8, 188, -473, 7, 0, 128, 64
L 186, -470, 8, 186, -472, 8, 0, 128, 64
L 185, -468, 8, 186, -470, 8, 0, 128, 64
L 186, -466, 8, 185, -468, 8, 0, 128, 64
L 187, -465, 8, 186, -466, 8, 0, 128, 64
L 187, -450, 4, 187, -465, 8, 0, 128, 64
L 187, -448, 4, 187, -450, 4, 0, 128, 64
L 193, -444, 3, 187, -448, 4, 0, 128, 64
L 194, -443, -1, 193, -444, 3, 0, 128, 64
L 197, -442, -1, 194, -443, -1, 0, 128, 64
L 209, -445, -3, 208, -442, -3, 0, 128, 64
L 185, -476, -1, 185, -473, -1, 0, 128, 64
L 171, -476, -3, 185, -476, -1, 0, 128, 64
L 168, -473, -3, 171, -476, -3, 0, 128, 64
L 169, -471, -3, 168, -473, -3, 0, 128, 64
L 166, -468, -2, 169, -471, -2, 0, 128, 64
L 166, -468, -2, 164, -470, -2, 0, 128, 64
L 159, -464, -2, 164, -470, -2, 0, 128, 64
L 159, -457, -2, 159, -464, -2, 0, 128, 64
L 159, -457, -2, 161, -457, -2, 0, 128, 64
L 161, -453, -2, 161, -457, -2, 0, 128, 64
L 159, -453, -2, 161, -453, -2, 0, 128, 64
L 161, -402, -2, 162, -435, -2, 0, 128, 64
L 159, -402, -5, 161, -402, -5, 0, 128, 64
L 159, -384, -4, 159, -402, -5, 0, 128, 64
L 161, -384, -4, 159, -384, -4, 0, 128, 64
L 161, -380, -2, 161, -384, -2, 0, 128, 64
L 161, -380, -4, 159, -380, -4, 0, 128, 64
L 159, -373, -4, 159, -380, -4, 0, 128, 64
L 164, -367, -4, 159, -373, -4, 0, 128, 64
L 164, -367, -2, 166, -369, -2, 0, 128, 64
L 169, -366, -2, 166, -369, -2, 0, 128, 64
L 169, -366, -1, 168, -364, -1, 0, 128, 64
L 171, -361, -1, 168, -364, -1, 0, 128, 64
L 185, -361, -1, 171, -361, -1, 0, 128, 64
L 189, -364, -2, 189, -356, -2, 0, 128, 64
L 185, -364, -1, 189, -364, -1, 0, 128, 64
L 185, -361, -1, 185, -364, -1, 0, 128, 64
L 209, -356, -2, 209, -364, -2, 0, 128, 64
L 213, -364, -1, 209, -364, -1, 0, 128, 64
L 213, -361, -1, 213, -364, -1, 0, 128, 64
L 227, -361, -1, 213, -361, -1, 0, 128, 64
L 230, -364, -5, 227, -361, -5, 0, 128, 64
L 229, -366, -5, 230, -364, -5, 0, 128, 64
L 232, -369, -2, 229, -366, -2, 0, 128, 64
L 234, -367, -2, 232, -369, -2, 0, 128, 64
L 239, -373, -2, 234, -367, -2, 0, 128, 64
L 239, -380, -2, 239, -373, -2, 0, 128, 64
L 237, -380, -2, 239, -380, -2, 0, 128, 64
L 237, -384, -2, 237, -380, -2, 0, 128, 64
L 239, -384, -5, 237, -384, -5, 0, 128, 64
L 239, -402, -5, 239, -384, -5, 0, 128, 64
L 239, -402, -5, 237, -402, -5, 0, 128, 64
L 235, -451, 13, 236, -452, 12, 0, 128, 64
L 233, -450, 12, 235, -451, 13, 0, 128, 64
L 231, -450, 15, 233, -450, 12, 0, 128, 64
L 229, -449, 16, 231, -450, 15, 0, 128, 64
L 237, -453, 11, 236, -452, 13, 0, 128, 64
L 239, -451, 11, 237, -453, 11, 0, 128, 64
L 238, -450, 5, 239, -451, 11, 0, 128, 64
L 239, -435, 1, 238, -450, 5, 0, 128, 64
L 237, -435, 0, 239, -435, 1, 0, 128, 64
L 229, -447, 13, 229, -449, 15, 0, 128, 64
L 229, -445, 12, 229, -447, 13, 0, 128, 64
L 228, -444, 11, 229, -445, 12, 0, 128, 64
L 226, -443, 10, 228, -444, 11, 0, 128, 64
L 225, -444, 9, 226, -443, 10, 0, 128, 64
L 215, -441, -3, 215, -446, -3, 0, 128, 64
L 235, -465, -4, 235, -462, -4, 0, 128, 64
L 237, -467, -3, 235, -465, -4, 0, 128, 64
L 234, -470, -4, 237, -467, -3, 0, 128, 64
L 232, -468, -2, 229, -471, -2, 0, 128, 64
L 234, -470, -2, 232, -468, -2, 0, 128, 64
L 217, -446, -1, 215, -446, -2, 0, 128, 64
L 219, -447, -1, 217, -446, -1, 0, 128, 64
L 229, -451, -0, 219, -447, -1, 0, 128, 64
L 231, -451, 0, 229, -451, -0, 0, 128, 64
L 234, -454, 0, 231, -451, 0, 0, 128, 64
L 234, -456, 0, 234, -454, 0, 0, 128, 64
L 235, -458, 1, 234, -456, 0, 0, 128, 64
L 235, -460, 2, 235, -458, 1, 0, 128, 64
L 235, -462, 2, 235, -460, 2, 0, 128, 64
L 230, -473, -1, 229, -471, -1, 0, 128, 64
L 227, -476, -1, 230, -473, -1, 0, 128, 64
L 213, -476, -1, 227, -476, -1, 0, 128, 64
L 212, -517, 4, 213, -476, -2, 0, 128, 64
L 210, -529, 4, 212, -517, 4, 0, 128, 64
L 210, -530, 6, 210, -529, 4, 0, 128, 64
L 206, -537, 6, 210, -530, 6, 0, 128, 64
L 203, -543, 6, 206, -537, 6, 0, 128, 64
L 201, -546, 6, 203, -543, 6, 0, 128, 64
L 99, -583, 10, 109, -584, 10, 0, 128, 64
L 98, -583, 10, 99, -583, 10, 0, 128, 64
L 66, -596, 16, 69, -595, 15, 0, 128, 64
L 64, -596, 16, 66, -596, 16, 0, 128, 64
L 62, -597, 16, 64, -596, 16, 0, 128, 64
L 60, -597, 18, 62, -597, 16, 0, 128, 64
L 43, -595, 19, 60, -597, 18, 0, 128, 64
L 182, -553, 4, 180, -554, 4, 0, 128, 64
L 192, -552, 5, 182, -553, 4, 0, 128, 64
L 194, -551, 6, 192, -552, 5, 0, 128, 64
L 196, -551, 6, 194, -551, 6, 0, 128, 64
L 198, -550, 6, 196, -551, 6, 0, 128, 64
L 199, -549, 6, 198, -550, 6, 0, 128, 64
L 200, -546, 7, 199, -549, 6, 0, 128, 64
L 201, -545, 7, 200, -546, 7, 0, 128, 64
L 169, -569, 3, 180, -554, 5, 0, 128, 64
L 164, -574, 4, 169, -569, 3, 0, 128, 64
L 163, -575, 4, 164, -574, 4, 0, 128, 64
L 159, -579, 5, 163, -575, 4, 0, 128, 64
L 155, -582, 7, 159, -579, 5, 0, 128, 64
L 153, -583, 7, 155, -582, 7, 0, 128, 64
L 152, -584, 8, 153, -583, 7, 0, 128, 64
L 138, -589, 10, 152, -584, 8, 0, 128, 64
L 135, -589, 11, 138, -589, 10, 0, 128, 64
L 117, -584, 12, 135, -589, 11, 0, 128, 64
L 111, -583, 11, 117, -584, 12, 0, 128, 64
L 109, -584, 10, 111, -583, 11, 0, 128, 64
L 82, -591, 14, 98, -583, 12, 0, 128, 64
L 80, -592, 14, 82, -591, 14, 0, 128, 64
L 69, -595, 14, 80, -592, 14, 0, 128, 64
L 36, -594, 22, 43, -595, 21, 0, 128, 64
L 22, -591, 25, 36, -594, 22, 0, 128, 64
L 20, -590, 26, 22, -591, 25, 0, 128, 64
L 18, -589, 26, 20, -590, 26, 0, 128, 64
L 10, -582, 28, 18, -589, 26, 0, 128, 64
L 9, -581, 28, 10, -582, 28, 0, 128, 64
L 3, -577, 30, 9, -581, 28, 0, 128, 64
L 2, -575, 30, 3, -577, 30, 0, 128, 64
L 0, -573, 30, 2, -575, 30, 0, 128, 64
L -1, -571, 31, 0, -573, 30, 0, 128, 64
L -2, -569, 31, -1, -571, 31, 0, 128, 64
L -3, -567, 30, -2, -569, 31, 0, 128, 64
L -5, -563, 30, -3, -567, 30, 0, 128, 64
L -7, -559, 31, -5, -563, 30, 0, 128, 64
L -168, -299, 15, -168, -276, 15, 0, 128, 64
L -166, -299, 15, -168, -299, 15, 0, 128, 64
L -166, -307, 16, -166, -299, 16, 0, 128, 64
L -168, -307, 13, -166, -307, 13, 0, 128, 64
L -168, -323, 9, -168, -307, 13, 0, 128, 64
L -166, -323, 9, -168, -323, 9, 0, 128, 64
L -166, -331, 10, -166, -323, 10, 0, 128, 64
L -168, -331, 7, -166, -331, 7, 0, 128, 64
L -168, -347, 1, -168, -331, 7, 0, 128, 64
L -166, -347, 3, -168, -347, 3, 0, 128, 64
L -166, -355, 4, -166, -347, 4, 0, 128, 64
L -168, -355, 1, -166, -355, 1, 0, 128, 64
L -168, -371, -1, -168, -355, 1, 0, 128, 64
L -166, -371, -1, -168, -371, -1, 0, 128, 64
L -166, -379, -1, -166, -371, -1, 0, 128, 64
L -170, -379, -3, -166, -379, -3, 0, 128, 64
L -170, -379, -1, -170, -376, -1, 0, 128, 64
L -177, -376, -2, -170, -376, -2, 0, 128, 64
L -177, -378, -3, -177, -376, -3, 0, 128, 64
L -185, -378, -2, -177, -378, -2, 0, 128, 64
L -185, -376, -4, -185, -378, -4, 0, 128, 64
L -201, -376, -4, -185, -376, -4, 0, 128, 64
L -201, -378, -4, -201, -376, -4, 0, 128, 64
L -209, -378, -2, -201, -378, -2, 0, 128, 64
L -209, -376, -5, -209, -378, -5, 0, 128, 64
L -227, -376, -3, -209, -376, -3, 0, 128, 64
L -227, -378, -3, -227, -376, -3, 0, 128, 64
L -227, -378, -2, -232, -378, -2, 0, 128, 64
L -232, -376, -3, -232, -378, -3, 0, 128, 64
L -239, -376, -3, -232, -376, -3, 0, 128, 64
L -244, -381, -3, -239, -376, -3, 0, 128, 64
L -243, -382, -3, -244, -381, -3, 0, 128, 64
L -246, -386, -2, -243, -382, -2, 0, 128, 64
L -247, -384, -1, -246, -386, -1, 0, 128, 64
L -247, -384, -1, -251, -388, -1, 0, 128, 64
L -251, -401, -1, -251, -388, -1, 0, 128, 64
L -251, -401, -1, -248, -401, -1, 0, 128, 64
L -248, -430, -5, -248, -401, -5, 0, 128, 64
L -251, -430, -1, -248, -430, -1, 0, 128, 64
L -251, -443, -3, -251, -430, -1, 0, 128, 64
L -247, -447, -3, -251, -443, -3, 0, 128, 64
L -246, -445, -3, -247, -447, -3, 0, 128, 64
L -243, -449, -2, -246, -445, -2, 0, 128, 64
L -244, -450, -2, -243, -449, -2, 0, 128, 64
L -239, -455, -2, -244, -450, -2, 0, 128, 64
L -232, -455, -2, -239, -455, -2, 0, 128, 64
L -232, -453, -2, -232, -455, -2, 0, 128, 64
L -232, -453, -2, -227, -453, -2, 0, 128, 64
L -227, -455, -4, -227, -453, -4, 0, 128, 64
L -209, -455, -4, -227, -455, -4, 0, 128, 64
L -209, -455, -4, -209, -453, -4, 0, 128, 64
L -201, -453, -2, -209, -453, -2, 0, 128, 64
L -201, -455, -5, -201, -453, -5, 0, 128, 64
L -185, -455, -4, -201, -455, -4, 0, 128, 64
L -185, -453, -5, -185, -455, -4, 0, 128, 64
L -185, -453, -2, -177, -453, -2, 0, 128, 64
L -177, -455, 1, -177, -453, 1, 0, 128, 64
L -170, -455, -1, -177, -455, -0, 0, 128, 64
L -170, -455, -0, -170, -452, -0, 0, 128, 64
L -142, -452, -0, -170, -452, -0, 0, 128, 64
L -142, -455, -0, -142, -452, -0, 0, 128, 64
L -135, -455, -2, -142, -455, -2, 0, 128, 64
L -135, -453, -1, -135, -455, -2, 0, 128, 64
L -130, -453, -2, -135, -453, -2, 0, 128, 64
L -114, -430, -1, -114, -401, -1, 0, 128, 64
L -111, -430, -1, -114, -430, -1, 0, 128, 64
L -111, -443, 0, -115, -447, 0, 0, 128, 64
L -111, -430, 0, -111, -443, 0, 0, 128, 64
L -123, -455, -4, -130, -455, -4, 0, 128, 64
L -130, -455, -3, -130, -453, -3, 0, 128, 64
L -118, -450, -2, -123, -455, -2, 0, 128, 64
L -120, -449, -2, -118, -450, -2, 0, 128, 64
L -116, -445, -2, -120, -449, -2, 0, 128, 64
L -115, -447, -4, -116, -445, -4, 0, 128, 64
L -111, -401, -1, -114, -401, -1, 0, 128, 64
L -111, -388, -2, -111, -401, -1, 0, 128, 64
L -115, -384, -2, -111, -388, -2, 0, 128, 64
L -116, -386, -2, -115, -384, -2, 0, 128, 64
L -116, -386, -2, -120, -382, -2, 0, 128, 64
L -118, -381, -3, -120, -382, -3, 0, 128, 64
L -123, -376, -3, -118, -381, -3, 0, 128, 64
L -130, -376, -3, -123, -376, -3, 0, 128, 64
L -130, -378, -3, -130, -376, -3, 0, 128, 64
L -135, -378, -2, -130, -378, -2, 0, 128, 64
L -135, -376, -2, -135, -378, -2, 0, 128, 64
L -142, -376, -1, -135, -376, -1, 0, 128, 64
L -142, -376, -1, -142, -379, -1, 0, 128, 64
L -146, -379, -5, -142, -379, -5, 0, 128, 64
L -146, -371, -0, -146, -379, -0, 0, 128, 64
L -144, -371, 0, -146, -371, 0, 0, 128, 64
L -144, -355, 4, -144, -371, 0, 0, 128, 64
L -146, -355, 4, -144, -355, 4, 0, 128, 64
L -146, -347, 4, -146, -355, 4, 0, 128, 64
L -144, -347, 4, -146, -347, 4, 0, 128, 64
L -144, -331, 9, -144, -347, 4, 0, 128, 64
L -146, -331, 9, -144, -331, 9, 0, 128, 64
L -146, -323, 10, -146, -331, 10, 0, 128, 64
L -144, -323, 11, -146, -323, 11, 0, 128, 64
L -144, -307, 16, -144, -323, 11, 0, 128, 64
L -146, -307, 16, -144, -307, 16, 0, 128, 64
L -146, -299, 16, -146, -307, 16, 0, 128, 64
L -144, -299, 13, -146, -299, 13, 0, 128, 64
L -144, -276, 13, -144, -299, 13, 0, 128, 64
L -151, -276, 13, -144, -276, 13, 0, 128, 64
L -161, -276, 13, -168, -276, 13, 0, 128, 64
L -7, 43, -1, -7, 50, -1, 0, 0, 0
L -14, -46, -1, -14, -43, -1, 0, 0, 0
L -10, -43, -5, -14, -43, -5, 0, 0, 0
L -10, -50, -1, -10, -43, -1, 0, 0, 0
L 10, -43, -1, 10, -50, -1, 0, 0, 0
L 14, -43, -5, 10, -43, -5, 0, 0, 0
L 14, -46, 0, 14, -43, 0, 0, 0, 0
L 34, -46, -0, 14, -46, 0, 0, 0, 0
L 37, -42, 1, 34, -46, 1, 0, 0, 0
L 36, -41, 1, 37, -42, 1, 0, 0, 0
L 36, -41, -2, 39, -37, -2, 0, 0, 0
L 41, -39, 0, 39, -37, 0, 0, 0, 0
L 46, -34, 0, 41, -39, 0, 0, 0, 0
L 46, -27, 0, 46, -34, 0, 0, 0, 0
L 44, -27, 0, 46, -27, 0, 0, 0, 0
L 44, -27, -2, 44, -22, -2, 0, 0, 0
L 46, -22, -1, 44, -22, -1, 0, 0, 0
L 46, -4, 2, 46, -22, 2, 0, 0, 0
L 44, -4, 2, 46, -4, 2, 0, 0, 0
L 44, 4, -2, 44, -4, -2, 0, 0, 0
L 46, 4, 1, 44, 4, 1, 0, 0, 0
L 46, 22, -1, 46, 4, 0, 0, 0, 0
L 44, 22, -1, 46, 22, -1, 0, 0, 0
L 44, 27, -2, 44, 22, -2, 0, 0, 0
L 46, 27, -2, 44, 27, -2, 0, 0, 0
L 46, 34, -2, 46, 27, -2, 0, 0, 0
L 41, 39, -2, 46, 34, -2, 0, 0, 0
L 39, 37, -2, 41, 39, -2, 0, 0, 0
L 36, 41, -2, 39, 37, -2, 0, 0, 0
L 37, 42, -2, 36, 41, -6, 0, 0, 0
L 34, 46, -1, 37, 42, -1, 0, 0, 0
L 31, 46, -1, 34, 46, -1, 0, 0, 0
L 31, 46, -1, 31, 43, -1, 0, 0, 0
L 27, 43, -5, 31, 43, -5, 0, 0, 0
L 27, 50, -1, 27, 43, -1, 0, 0, 0
L 7, 50, -1, 7, 43, -1, 0, 0, 0
L -7, 43, 0, 7, 43, 0, 0, 0, 0
L -31, 43, -5, -27, 43, -5, 0, 0, 0
L -27, 50, -1, -27, 43, -1, 0, 0, 0
L -31, 46, 1, -31, 43, 1, 0, 0, 0
L -32, 46, 0, -31, 46, 1, 0, 0, 0
L -34, 46, -0, -32, 46, 0, 0, 0, 0
L -37, 42, -0, -34, 46, -0, 0, 0, 0
L -36, 41, -0, -37, 42, -0, 0, 0, 0
L -39, 37, -2, -36, 41, -2, 0, 0, 0
L -41, 39, 1, -39, 37, 1, 0, 0, 0
L -46, 34, 1, -41, 39, 1, 0, 0, 0
L -46, 27, 1, -46, 34, 1, 0, 0, 0
L -44, 27, 1, -46, 27, 1, 0, 0, 0
L -44, 22, -2, -44, 27, -2, 0, 0, 0
L -46, 22, -2, -44, 22, -1, 0, 0, 0
L -46, 4, 3, -46, 22, -1, 0, 0, 0
L -44, 4, 2, -46, 4, 3, 0, 0, 0
L -44, -4, -2, -44, 4, -2, 0, 0, 0
L -46, -4, -2, -44, -4, -1, 0, 0, 0
L -46, -22, -1, -46, -4, 0, 0, 0, 0
L -44, -22, -1, -46, -22, -1, 0, 0, 0
L -44, -27, -2, -44, -22, -2, 0, 0, 0
L -46, -27, -3, -44, -27, -4, 0, 0, 0
L -46, -34, 1, -46, -27, -3, 0, 0, 0
L -41, -39, -2, -46, -34, 0, 0, 0, 0
L -41, -39, -2, -39, -37, -2, 0, 0, 0
L -37, -42, -3, -36, -41, -3, 0, 0, 0
L -39, -37, -2, -36, -41, -2, 0, 0, 0
L -34, -46, 0, -37, -42, 0, 0, 0, 0
L -31, -46, 0, -14, -46, 1, 0, 0, 0
L -34, -46, -0, -31, -46, 0, 0, 0, 0
