P 32.0540, -307.7853, -141.9344,  0, 0, 127,  3,  a_dragon_egg
P -120.7380, -332.1247, -147.0982,  0, 0, 127,  3,  a_dragon_egg
P -117.2259, -480.0158, -146.9985,  0, 0, 127,  3,  a_dragon_egg
P -163.9065, -701.6235, -140.8903,  0, 0, 127,  3,  a_dragon_egg
P 5.6584, -773.9001, -140.9428,  0, 0, 127,  3,  a_dragon_egg
P -181.4895, -1011.4242, -48.1625,  0, 0, 0,  3,  a_dragon_egg
P -92.5507, -925.1824, -47.5821,  0, 0, 0,  3,  a_dragon_egg
P -687.6113, -710.7618, -32.7763,  0, 240, 240,  3,  a_dragon_egg
P -632.8239, -614.4458, -33.2901,  0, 240, 240,  3,  a_dragon_egg
P -441.3857, -713.3110, -33.4157,  0, 240, 240,  3,  a_dragon_egg
P -148.0334, -950.0858, -38.6220,  240, 0, 0,  3,  Geyser
P -196.9634, -1047.9354, -32.7978,  240, 0, 0,  3,  Geyser
P -79.1637, -1002.2535, -27.4210,  240, 0, 0,  3,  Geyser
P -74.1159, -909.2271, -36.1716,  240, 0, 0,  3,  Geyser
P 27.6101, -327.2837, -12.8923,  240, 0, 0,  3,  Geyser
P -70.2260, -270.6631, -13.0065,  240, 0, 0,  3,  Geyser
P -108.4019, -202.0524, -14.1348,  240, 0, 0,  3,  Geyser
P -28.8962, -210.2054, -14.1150,  240, 0, 0,  3,  Geyser
P 0.0000, 0.0000, -0.6344,  127, 0, 0,  3,  Succor_Point
P -6.4326, 31.8329, -0.3319,  127, 0, 0,  3,  To_Dragon_Necropolis
P -71.0689, -172.3941, -23.6341,  127, 0, 0,  3,  To_Shard's_Landing
P 3000.0000, 2000.0000, 0.0000,  0, 0, 0,  3,  Use_Height_Filter_30/30
P 3000.0000, 1750.0000, 0.0000,  0, 0, 0,  3,  Labels_by:_Caudyr
P 3000.0000, 1500.0000, 0.0000,  0, 0, 0,  3,  Map_by:_Caudyr
P 610.8492, -659.5424, -127.3603,  0, 240, 0,  3,  a_dragon_egg
P 556.1461, -866.6089, -125.8675,  0, 240, 0,  3,  a_dragon_egg
P 533.4717, -836.4168, -124.8626,  0, 240, 0,  3,  a_dragon_egg
P 608.5928, -815.5252, -60.9921,  127, 64, 0,  3,  a_dragon_egg
