P -899.1752, -396.2480, 184.9194,  150, 0, 150,  3,  Up
P -892.1281, -398.0024, 224.7656,  0, 0, 0,  3,  Down
P 2500.0000, 2000.0000, -0.0437,  0, 0, 0,  3,  Use_Height_Filter_25/25_for_Level_Viewing
P 2500.0000, 1750.0000, -0.0437,  0, 0, 0,  3,  Labels_by:_Caudyr
P 2500.0000, 1500.0000, -0.0437,  0, 0, 0,  3,  Map_by:_Caudyr
P -1329.1782, -1639.1832, 320.1564,  127, 0, 0,  3,  Up
P -1324.1310, -918.8225, 360.0473,  0, 0, 127,  3,  Down
P -1333.7485, -915.3344, 320.1443,  127, 0, 0,  3,  Up
P -1330.2605, -1363.7559, 359.7589,  0, 0, 127,  3,  Down
P -1332.0803, -1366.1581, 319.8558,  127, 0, 0,  3,  Up
P 527.3691, -281.8245, 184.9169,  150, 0, 150,  3,  Up
P 527.0047, -282.6886, 224.7643,  0, 0, 0,  3,  Down
P -570.5245, -302.8592, 184.9177,  150, 0, 150,  3,  Up
P -1444.5323, -1686.8185, 320.6913,  127, 64, 0,  3,  Teleporter_"C"
P 1024.2061, -1061.6826, 320.6913,  127, 64, 0,  3,  Teleporter_"D"
P 531.4392, -1510.5067, 142.1463,  0, 0, 127,  3,  Teleporter_"D"
P 489.2543, -545.8582, 224.7657,  0, 0, 0,  3,  Down
P 489.2000, -550.8618, 184.9194,  150, 0, 150,  3,  Up
P 844.2643, -489.4378, 224.8647,  0, 0, 0,  3,  Down
P 850.2283, -485.1728, 184.9181,  150, 0, 150,  3,  Up
P 415.4673, -58.9677, 224.7656,  0, 0, 0,  3,  Down
P 413.9094, -63.6913, 184.9194,  150, 0, 150,  3,  Up
P 250.4585, -893.9700, 320.6913,  127, 64, 0,  3,  Teleporter_"B"
P -624.3906, 22.6929, 184.9171,  150, 0, 150,  3,  Up
P -626.3013, 20.3222, 224.7645,  0, 0, 0,  3,  Down
P -531.7087, -1512.8158, 142.1463,  0, 0, 127,  3,  Teleporter_"C"
P -5.9399, -975.6438, 142.1463,  0, 0, 127,  3,  Teleporter_"B"
P -572.4100, -302.6599, 224.8643,  0, 0, 0,  3,  Down
P -125.2278, -2589.9009, 319.8150,  0, 0, 127,  3,  Canal_District_/\
P -1237.2662, -1143.9899, 321.2617,  0, 0, 127,  3,  Research_Labs_District
P 683.5241, -1264.6160, 319.4518,  0, 0, 127,  3,  Marketplace_District
P 568.2401, -2215.2126, 319.8018,  0, 0, 127,  3,  Residential_District
P -941.3182, -2172.2476, 319.8018,  0, 0, 127,  3,  Metalworking_District
P 2.0700, -404.2414, 266.3058,  0, 50, 0,  3,  Gladiator_Arena
P -231.3501, -2608.7407, 320.1563,  127, 64, 0,  3,  Teleporter_"A"
P 4.3233, -2041.7095, 141.9792,  0, 0, 127,  3,  Teleporter_"A"
P 0.0000, 598.0000, -2.6700,  127, 0, 0,  3,  Succor_Point
P 0.0000, 598.0000, -2.6700,  127, 0, 0,  3,  To_The_Grey
P 978.5061, 376.9872, -0.0437,  127, 0, 0,  3,  To_Shard's_Landing
P 1310.5583, -2212.7488, 320.5952,  127, 64, 0,  3,  Drop_into_Aqueducts
P 528.4011, -1267.0496, 360.1486,  0, 0, 127,  3,  Down
P 530.2842, -1253.8513, 320.2019,  127, 0, 0,  3,  Up
P 475.1568, -877.1262, 320.1991,  127, 0, 0,  3,  Up
P 473.0651, -877.0389, 360.0465,  0, 0, 127,  3,  Down
P -1087.3618, -2329.0056, 360.0474,  0, 0, 127,  3,  Down
P -1091.9307, -2332.1829, 320.1443,  127, 0, 0,  3,  Up
P -1269.8673, -2408.4832, 360.1486,  0, 0, 127,  3,  Down
P -1268.2690, -2420.5691, 320.2019,  127, 0, 0,  3,  Up
P -921.4885, -1953.0737, 360.1486,  0, 0, 127,  3,  Down
P -918.1514, -1954.6423, 320.2020,  127, 0, 0,  3,  Up
P -754.8640, -2054.9993, 360.0473,  0, 0, 127,  3,  Down
P -758.9906, -2056.7539, 320.1443,  127, 0, 0,  3,  Up
P -592.1401, -1681.2473, 360.1486,  0, 0, 127,  3,  Down
P -605.9318, -1682.5392, 320.2020,  127, 0, 0,  3,  Up
P -458.4190, -1949.9432, 360.1486,  0, 0, 127,  3,  Down
P -457.6958, -1950.6029, 320.2019,  127, 0, 0,  3,  Up
P 525.3860, -1962.3971, 360.1486,  0, 0, 127,  3,  Down
P 529.5750, -1962.3856, 320.2019,  127, 0, 0,  3,  Up
P 837.8956, -1918.2300, 360.1485,  0, 0, 127,  3,  Down
P 843.6805, -1923.3235, 320.2019,  127, 0, 0,  3,  Up
P 420.5374, -2400.2852, 320.1443,  127, 0, 0,  3,  Up
P 431.6952, -2400.7019, 360.0474,  0, 0, 127,  3,  Down
P 176.8284, -2291.7266, 359.9955,  0, 0, 127,  3,  Down
P 176.9987, -2291.7327, 320.1481,  127, 0, 0,  3,  Up
P -229.4395, -2412.6101, 360.1486,  0, 0, 127,  3,  Down
P -231.3094, -2423.9275, 320.2020,  127, 0, 0,  3,  Up
P -784.4209, -1174.9695, 317.8046,  0, 240, 0,  3,  Portal_"A"
