P 226.1210, 1239.0740, 129.3920,  0, 0, 0,  2,  Throne
P 1414.9080, 1377.0580, 109.2860,  0, 0, 240,  2,  Vunder_the_Dark_(Quests)
P 1576.9200, 1216.6541, 9.2130,  0, 0, 240,  2,  Jinkin_(Quests)
P 1482.4060, 1208.8160, 9.2000,  0, 0, 0,  2,  Potter_Subira
P 1454.4080, 1142.6770, 9.1190,  0, 0, 0,  2,  Smith_Azibo
P 1484.3140, 1105.8750, 9.1190,  0, 0, 0,  2,  Smith_Yahya
P 1499.9900, 1097.3220, 9.1190,  0, 0, 240,  2,  Smith_Wamukota_(Quests)
P 1514.8290, 1105.3230, 9.1190,  0, 0, 0,  2,  Smithy_Drawlyn
P 1529.5150, 1150.8060, 9.1190,  0, 0, 0,  2,  Merchant_Lassah
P 1557.8521, 1155.9240, 9.1190,  0, 0, 0,  2,  Merchant_Baruti
P 1557.0020, 1114.6219, 9.1190,  0, 0, 0,  2,  Smith_Nkosi
P 1505.2710, 1055.2820, 24.9840,  0, 0, 240,  2,  Smithy_Bronson_(Quests)
P 1497.1429, 1026.1920, 26.4320,  0, 0, 0,  2,  Smith_Fenyang
P 1492.1450, 1016.9790, 26.4320,  0, 0, 0,  2,  Smith_Kaphiri
P 1472.8340, 1021.3300, 26.4320,  0, 0, 240,  2,  Kimem_Saydel_(Quests)
P 1418.4790, 1114.1520, 9.1190,  0, 0, 0,  2,  Smith_Gyasi
P 1413.7040, 1136.8040, 9.1190,  0, 0, 0,  2,  Merchant_Mandisa
P 1361.0260, 1224.4940, 9.2000,  0, 0, 0,  2,  Poisoner_Salihah
P 1345.0551, 1231.0150, 9.1850,  0, 0, 240,  2,  Poisoner_Kamuzu_(Quests)
P 1486.8409, 1435.4000, 29.7660,  0, 0, 0,  2,  Tailor_Panya
P 1500.8090, 1448.1370, 29.7660,  0, 0, 0,  2,  Tailor_Meikolu
P 1481.9510, 1467.8630, 29.7660,  0, 0, 240,  2,  Skinner_Bezuth_(Quests)
P 1467.8850, 1471.7600, 29.7660,  0, 0, 240,  2,  Tailor_Nabirye_(Quests)
P 1501.4270, 1400.0190, 29.7760,  0, 0, 0,  2,  Merchant_Kalmu
P 1516.3450, 1409.0970, 29.7750,  0, 0, 240,  2,  Tailor_Ulen_(Quests)
P 1519.8571, 1438.6160, 29.7740,  0, 0, 240,  2,  Baker_Shivra_(Quests)
P 1530.8630, 1448.1010, 29.7720,  0, 0, 240,  2,  Baker_Sanura_(Quests)
P 1548.9290, 1450.9130, 29.7720,  0, 0, 0,  2,  Cook_Kosey
P 1562.6899, 1406.1169, 29.8750,  0, 0, 0,  2,  Merchant_Jhenner
P 1610.9280, 1403.4821, 29.7660,  0, 0, 0,  2,  Alchemist_Adeben
P 1602.6080, 1412.5940, 29.7660,  0, 0, 0,  2,  Alchemist_Mavin
P 1591.7670, 1418.4800, 29.7660,  0, 0, 0,  2,  Alchemist_Mensah
P 1580.8790, 1418.1760, 29.7660,  0, 0, 240,  2,  Alchemist_Garai_(Quests)
P 1589.9290, 1426.3600, 29.7660,  0, 0, 0,  2,  Alchemist_Naeema
P 1600.8459, 1431.3879, 29.7660,  0, 0, 0,  2,  Alchemist_Pili
P 1605.2360, 1424.5940, 29.7660,  0, 0, 0,  2,  Alchemist_Masika
P 1611.4950, 1420.8490, 29.7660,  0, 0, 0,  2,  Alchemist_Anum
P 1626.4390, 1415.2830, 29.7660,  0, 0, 0,  2,  Apothecary_Shelga
P 1624.0190, 1393.9430, 29.7660,  0, 0, 240,  2,  Terraxs_(Quests_75+)
P 1576.6060, 1362.7880, 29.7780,  0, 0, 240,  2,  Disgrunteld_Boawb_(Quests)
P 1565.7710, 1345.8571, 29.7800,  0, 0, 0,  2,  Merchant_Anji
P 1597.8480, 1356.4139, 29.7770,  0, 0, 240,  2,  Artisan_Moswin_(Quests)
P 1622.2440, 1364.1440, 29.8750,  0, 0, 240,  2,  Banker_Qeb_(Banker)
P 1713.4760, 1341.9000, 29.7660,  0, 0, 0,  2,  Butcher_Katorr
P 1729.6060, 1334.4130, 29.7660,  0, 0, 0,  2,  Butcher_Redloe
P 1712.1600, 1326.0470, 29.7660,  0, 0, 0,  2,  Butcher_Umi
P 1648.4580, 1230.5300, 29.7660,  0, 0, 0,  2,  Jeweler_Kamilah
P 1643.0200, 1235.3170, 29.7660,  0, 0, 240,  2,  Jeweler_Chuma_(Quests)
P 1648.4130, 1246.7780, 29.7660,  0, 0, 0,  2,  Jeweler_Nailah
P 1643.4139, 1267.0580, 29.7740,  0, 0, 0,  2,  Gemcrafter_Lentos
P 1613.0770, 1241.7700, 29.7780,  240, 127, 0,  2,  Augmentation_Sealer
P 1622.5740, 1233.4910, 29.7750,  0, 0, 240,  2,  Mbisi_(Solvents)
P 1111.0909, 1430.4010, 39.1000,  0, 0, 240,  2,  Guard_Captain_Minka_(Quests)
P 1114.1320, 1259.6870, 39.3490,  0, 0, 240,  2,  Warden_Jakar_(Quests)
P 1090.0460, 1307.0940, 41.5010,  0, 0, 0,  2,  Quartermaster_Thatun
P 1111.3350, 1352.7570, 39.4450,  0, 0, 0,  2,  Champion_Utenka
P 1119.9850, 1361.8550, 39.5450,  0, 0, 0,  2,  Training_Master_Nedd
P 1336.5880, 1360.6050, 9.3840,  0, 0, 240,  2,  Master_Vanguard_Regan_(Quests)
P 1363.6720, 1453.8170, 9.5470,  0, 0, 0,  2,  Herald_Nexeu
P 1321.4200, 1429.3010, 9.7690,  0, 0, 240,  2,  Council_Aide_Mystrana_(Quests)
P 1268.9821, 1477.0000, 9.8020,  0, 0, 240,  2,  Geniveve_(Tribute)
P 1275.1550, 1504.9050, 15.4570,  0, 0, 0,  2,  Councilmember_Reakash
P 1278.5649, 1520.5750, 15.2710,  0, 0, 0,  2,  Councilmember_Ithakis
P 1284.8300, 1528.0940, 18.3240,  0, 0, 0,  2,  Councilmember_Lizzrel
P 1293.6281, 1534.0110, 18.9450,  0, 0, 0,  2,  Councilmember_Vakk`dra
P 1308.0380, 1534.6110, 15.4090,  0, 0, 0,  2,  Councilmember_Myjinn
P 1317.4840, 1526.5320, 15.2780,  0, 0, 0,  2,  Councilmember_Heshyrr
P 1344.8390, 1520.7540, 9.2440,  0, 0, 240,  2,  Council_Aide_Shay
P 1408.7770, 1403.1370, 9.7550,  0, 0, 240,  2,  Fletcher_Fenuku_(Quests)
P 1414.8550, 1401.2920, 13.3330,  0, 0, 0,  2,  Fletcher_Tahirah
P 1765.8380, 165.0930, -110.5150,  0, 0, 0,  2,  One_of_Lize`s_Chests
P 1848.4301, 51.9500, -110.5210,  0, 0, 0,  2,  One_of_Lize`s_Chests
P 2020.2480, -492.0190, -105.3590,  0, 0, 0,  2,  One_of_Lize`s_Chests
P 1985.1910, -278.7180, -101.3190,  0, 0, 0,  2,  One_of_Lize`s_Chests
P 2790.0000, 974.0000, -56.1580,  0, 240, 0,  3,  to_Blightfire_Moors
P 47.7440, 26.4640, -2.3080,  0, 0, 240,  2,  Emissary_Tinnvin_(Quests)
P 532.4870, -19.0750, 129.7400,  0, 0, 240,  2,  Atathus_the_Red_Lord
P 910.8730, 192.6600, 68.3680,  0, 0, 240,  2,  Venesh_the_Greenblood
P 803.5950, 394.7140, 67.4160,  0, 0, 240,  2,  Osh`vir_the_Windspirit
P 557.9620, 417.5470, 76.1550,  0, 0, 240,  2,  Keikolin_the_Enlightened
P 1111.6320, 381.5630, -139.8320,  0, 0, 240,  2,  Spiritwatcher_Ahnkaul_(Shaman)
P 1121.4420, 373.1240, -139.8610,  0, 0, 240,  2,  Amilan_(Spells)
P 1136.7700, 373.3490, -139.7470,  0, 0, 240,  2,  Savageclaw_Uluanes_(Beastlord)
P 1145.0660, 371.6990, -139.8920,  0, 0, 240,  2,  Teabsrold_(Spells)
P 1180.1479, 394.6740, -140.3480,  0, 0, 240,  2,  Feisten_(Tomes)
P 1183.7729, 400.6450, -140.3580,  0, 0, 240,  2,  Ragefury_Qenushi_(Berserker)
P 1189.6920, 443.5640, -140.2790,  0, 0, 240,  2,  Clawstriker_Yusi`ru_(Monk)
P 1189.9550, 459.4380, -140.1040,  0, 0, 240,  2,  Whisperwalk_Maroline_(Rogue)
P 1198.1030, 488.1920, -139.9900,  0, 0, 240,  2,  Bloodreaver_Riza`farr_(Necromancer)
P 1175.0220, 519.5810, -140.1750,  0, 0, 240,  2,  Firetongue_Ethantis_(Wizard)
P 1134.1990, 532.6900, -140.3260,  0, 0, 240,  2,  Lavacaller_Aenda_(Magician)
P 1155.0560, 497.7740, -140.0680,  0, 0, 240,  2,  Silverwing_Elushar_(Cleric)
P 1132.9301, 493.8340, -140.2970,  0, 0, 240,  2,  Commander_Menaulus_(Warrior)
P 1136.4969, 480.1900, -139.9140,  0, 0, 240,  2,  Larthutri_(Tomes)
P 1168.4330, 462.2380, -140.0360,  0, 0, 240,  2,  Bedruin_(Tomes)
P 1151.8040, 458.5610, -140.3250,  0, 0, 240,  2,  Giddori_(Spells)
P 1151.8350, 449.3480, -140.3860,  0, 0, 240,  2,  Shimoon_(Tomes)
P 1168.4180, 441.9450, -140.3610,  0, 0, 240,  2,  Piljinn_(Tomes)
P 1141.7090, 442.3700, -140.4020,  0, 0, 240,  2,  Menzra_(Spells)
P 1135.5920, 445.3500, -139.6440,  0, 0, 240,  2,  Vilizon_(Spells)
P 1130.3540, 456.1200, -140.1810,  0, 0, 240,  2,  Quelor_(Spells)
P 1116.8810, 460.8150, -139.6440,  0, 0, 240,  2,  Yaomi_(Tomes)
P 1115.3500, 443.8190, -140.1090,  0, 0, 240,  2,  Windseed_(Tomes)
P 1129.4080, 429.7150, -140.3670,  0, 0, 240,  2,  Gesh`kru_(Tomes)
P 1072.1110, 473.0410, -140.3950,  0, 0, 240,  2,  Dreamseeker_Ellowind_(Enchanter)
P 1065.4520, 454.2970, -140.2110,  0, 0, 240,  2,  Weshlu_(Tomes)
P 1068.4449, 447.8760, -139.6820,  0, 0, 240,  2,  Scalesinger_Veshma_(Bard)
P 1584.6090, 1185.0370, -90.6770,  0, 0, 240,  2,  Brewer_Mesi_(Quests)
P 1622.7729, 1148.7419, -90.7870,  0, 0, 0,  2,  Brewmaster_Ishaq
P 1612.1689, 1192.5490, -90.4720,  0, 0, 0,  2,  Barkeep_Osaze
P 1626.8571, 1258.9860, -89.9280,  0, 0, 240,  2,  Daer`Lagar_(Quests)
P 1570.2581, 1289.5710, -90.8840,  0, 0, 0,  2,  Vanimakir_the_Poet
P 1608.9821, 1360.5760, -90.4870,  0, 0, 240,  2,  Initiate_Dakkan_(Quests)
P 1519.6000, 1404.9041, -86.8120,  0, 0, 0,  2,  Merchant_Wyn`las
P 1492.5710, 1439.2770, -90.3670,  0, 0, 0,  2,  Researcher_Kakra
P 1447.1300, 1431.5970, -90.6610,  0, 0, 0,  2,  Researcher_Layla
P 1463.2679, 1454.0760, -90.4800,  0, 0, 240,  2,  Librarian_Hemfar_(Quests)
P 1438.8630, 1400.6140, -58.4160,  0, 0, 240,  2,  Tenish_(Quests_75+)
P 1472.0900, 1433.5081, -57.4030,  0, 0, 240,  2,  Researcher_Akila_(Quests)
P 1473.0740, 1467.1730, -57.5550,  0, 0, 0,  2,  Assistant_Geejulin
P 1446.6830, 1448.6080, -57.8840,  0, 0, 0,  2,  Library_Assistant_Ginae
P 1622.7760, 1421.3879, -90.6010,  0, 0, 240,  2,  Historian_Pewdri_(Quests)
P 1613.4919, 1469.9840, -90.9110,  0, 0, 0,  2,  Merchant_Kaphiri
P 1587.4410, 1435.9690, -90.6550,  0, 0, 240,  2,  Jenn_Stalbath_(Quests)
P 1616.0720, 1447.5010, -53.0780,  0, 0, 0,  2,  Merchant_Oseye
P 1611.8130, 1183.6219, -57.4410,  0, 0, 240,  2,  Akins_(Quests)
P 1611.7170, 1166.9821, -53.9520,  0, 0, 0,  2,  Barkeep_Hasina
P 1632.1180, 1158.6990, -57.6410,  0, 0, 240,  2,  Brewmaster_Teremun_(Quests)
P 1446.9080, 1261.7371, -90.3370,  0, 0, 240,  2,  Priestess_Aelea_(Soulbinder)
P 1455.9640, 1201.3020, -90.4750,  0, 0, 0,  2,  Merchant_Panya
P 1452.5820, 1155.7860, -90.1010,  0, 0, 0,  2,  Halima
P 1486.0140, 1167.5601, -90.8330,  0, 0, 0,  2,  Merchant_Odimari
P 1453.9470, 1357.5341, -90.2410,  0, 0, 0,  2,  Merchant_Rehema
P 1305.6350, 1300.5081, -85.5820,  0, 0, 240,  2,  Banker_Slynth_(Banker)
P 1305.7581, 1308.4850, -88.2520,  0, 0, 240,  2,  Banker_Ozro_(Banker)
P 1303.0690, 1314.5341, -90.7260,  0, 0, 240,  2,  Banker_Jenzeth_(Banker)
P 1231.1710, 1312.3650, -90.8060,  0, 0, 0,  2,  Treasurer_Skithnik
P 1259.0940, 1269.9821, -90.8730,  0, 0, 0,  2,  Matrum_Geerlok
P 1267.2040, 1271.5200, -90.7900,  0, 0, 0,  2,  Geerlok_Clockwork
P 1563.2791, 1528.1830, -85.4480,  0, 0, 0,  2,  Innkeeper_Seltu
P 1515.5710, 1527.0220, -88.2520,  0, 0, 240,  2,  Innkeeper_Fathus_(Quests)
P 1516.6390, 1571.9340, -71.0500,  0, 0, 0,  2,  Balcoth
P 1518.2180, 1580.6010, -68.6570,  0, 0, 0,  2,  Bogar
P 1505.3300, 1626.9690, -70.7450,  240, 0, 0,  2,  Drakkin_Scale_(Ground_Spawn)
P 1596.0000, 1422.0000, 30.0000,  0, 0, 0,  2,  Naeema_(alchemy)
P 1453.0000, 1262.0000, -91.0000,  0, 0, 0,  2,  soulbinder
P 1116.0000, 1266.0000, 39.0000,  240, 0, 0,  2,  Jakar_(quests)
P 1594.0000, 1357.0000, 30.0000,  0, 0, 0,  2,  Moswin_(armor_quests)
P 1602.0000, 1427.0000, -58.0000,  240, 0, 0,  2,  Lawwe_quest_Arc_(70+_)
P 1468.0000, 1172.0000, -58.0000,  0, 0, 0,  2,  merchant_nizai
P 1562.0000, 1403.0000, 30.0000,  0, 0, 0,  2,  Jhenner_(sketches)
P 2102.0000, 134.0000, -116.0000,  240, 0, 0,  2,  bear_cave
P 770.0000, -12.0000, 69.0000,  0, 0, 240,  2,  Draton`ra_Master_of_the_Void
P 428.0000, 247.0000, 99.0000,  0, 0, 240,  2,  Mysaphar_Seeker_of_All
P 1136.6201, 449.5082, -140.5033,  0, 0, 240,  2,  Guildmasters
P 2790.0000, 974.0000, -56.1576,  0, 0, 240,  3,  Blightfire_Moors
P 770.1974, -12.3611, 68.7689,  0, 0, 240,  2,  Draton`ra
