L 3806, -3998, 299, 3808, -4009, 304, 240, 127, 0
L 3778, -3998, 300, 3806, -3998, 300, 240, 127, 0
L 3778, -4008, 301, 3778, -3998, 301, 240, 127, 0
L 3807, -4009, 300, 3778, -4008, 302, 240, 127, 0
L 2040, -5298, 311, 2050, -5434, 311, 0, 0, 240
L 2037, -4908, 311, 2039, -5259, 310, 0, 0, 240
L 2039, -4422, 310, 2038, -4882, 310, 0, 0, 240
L 2038, -4464, 310, 2033, -4062, 310, 0, 0, 240
L 2040, -3741, 311, 2032, -4090, 309, 0, 0, 240
L 2061, -3244, 309, 2041, -3715, 310, 0, 0, 240
L 2046, -3232, 310, 2062, -2900, 310, 0, 0, 240
L 2042, -2482, 311, 2062, -2939, 311, 0, 0, 240
L 2009, -2223, 309, 2039, -2463, 310, 0, 0, 240
L 1992, -2039, 311, 2007, -2207, 310, 0, 0, 240
L 1998, -1910, 310, 1992, -2032, 310, 0, 0, 240
L 1983, -1931, 310, 2118, -1770, 311, 0, 0, 240
L 2200, -1676, 311, 2097, -1795, 311, 0, 0, 240
L 2319, -1580, 310, 2211, -1663, 311, 0, 0, 240
L 2850, -1465, 308, 2326, -1576, 310, 0, 0, 240
L 3424, -1449, 308, 2869, -1464, 309, 0, 0, 240
L 3904, -1442, 308, 3445, -1449, 309, 0, 0, 240
L 4531, -1416, 308, 3915, -1442, 308, 0, 0, 240
L 4903, -1382, 308, 4547, -1415, 308, 0, 0, 240
L 5153, -1450, 309, 4922, -1380, 308, 0, 0, 240
L 5327, -1622, 309, 5174, -1458, 309, 0, 0, 240
L 5377, -1804, 310, 5328, -1624, 309, 0, 0, 240
L 5406, -2145, 309, 5380, -1833, 310, 0, 0, 240
L 5413, -2355, 309, 5407, -2160, 310, 0, 0, 240
L 5373, -2607, 310, 5412, -2360, 310, 0, 0, 240
L 5410, -3679, 309, 5370, -2626, 310, 0, 0, 240
L 5400, -5067, 310, 5410, -3684, 310, 0, 0, 240
L 5383, -5259, 311, 5398, -5086, 309, 0, 0, 240
L 5286, -5389, 310, 5382, -5264, 310, 0, 0, 240
L 5018, -5537, 309, 5271, -5399, 309, 0, 0, 240
L 4380, -5543, 308, 5031, -5536, 309, 0, 0, 240
L 3716, -5540, 310, 4366, -5542, 308, 0, 0, 240
L 3284, -5529, 308, 3716, -5540, 310, 0, 0, 240
L 3048, -5531, 309, 3282, -5529, 309, 0, 0, 240
L 2782, -5542, 309, 3032, -5532, 308, 0, 0, 240
L 2452, -5574, 308, 2761, -5543, 308, 0, 0, 240
L 2220, -5524, 309, 2447, -5575, 309, 0, 0, 240
L 2044, -5424, 311, 2217, -5522, 309, 0, 0, 240
L 3642, -2455, 502, 3641, -2456, 502, 240, 127, 0
L 3643, -2453, 502, 3642, -2455, 502, 240, 127, 0
L 3646, -2456, 502, 3643, -2453, 502, 240, 127, 0
L 3646, -2458, 503, 3646, -2456, 502, 240, 127, 0
L 3647, -2459, 500, 3646, -2458, 503, 240, 127, 0
L 3648, -2461, 500, 3647, -2459, 500, 240, 127, 0
L 3647, -2463, 501, 3648, -2461, 500, 240, 127, 0
L 3646, -2463, 501, 3647, -2463, 501, 240, 127, 0
L 3644, -2463, 502, 3646, -2463, 501, 240, 127, 0
L 3643, -2465, 501, 3644, -2463, 502, 240, 127, 0
L 3641, -2470, 500, 3643, -2465, 501, 240, 127, 0
L 3640, -2471, 500, 3641, -2470, 500, 240, 127, 0
L 3639, -2474, 500, 3640, -2471, 500, 240, 127, 0
L 3638, -2475, 500, 3639, -2474, 500, 240, 127, 0
L 3638, -2476, 499, 3638, -2475, 500, 240, 127, 0
L 3636, -2475, 499, 3638, -2476, 499, 240, 127, 0
L 3625, -2471, 499, 3636, -2475, 499, 240, 127, 0
L 3623, -2470, 500, 3625, -2471, 499, 240, 127, 0
L 3621, -2468, 500, 3623, -2470, 500, 240, 127, 0
L 3620, -2467, 501, 3621, -2468, 500, 240, 127, 0
L 3619, -2467, 501, 3620, -2467, 501, 240, 127, 0
L 3619, -2465, 501, 3619, -2467, 501, 240, 127, 0
L 3625, -2461, 500, 3619, -2465, 501, 240, 127, 0
L 3625, -2459, 499, 3625, -2461, 500, 240, 127, 0
L 3626, -2457, 499, 3625, -2459, 499, 240, 127, 0
L 3626, -2456, 499, 3626, -2457, 499, 240, 127, 0
L 3630, -2452, 499, 3626, -2456, 499, 240, 127, 0
L 3631, -2452, 499, 3630, -2452, 499, 240, 127, 0
L 3632, -2451, 499, 3631, -2452, 499, 240, 127, 0
L 3634, -2449, 501, 3632, -2451, 499, 240, 127, 0
L 3635, -2451, 501, 3634, -2449, 501, 240, 127, 0
L 3637, -2453, 501, 3635, -2451, 501, 240, 127, 0
L 3634, -2430, 504, 3635, -2429, 503, 240, 127, 0
L 3633, -2431, 502, 3634, -2430, 504, 240, 127, 0
L 3632, -2433, 502, 3633, -2431, 502, 240, 127, 0
L 3631, -2434, 500, 3632, -2433, 502, 240, 127, 0
L 3628, -2430, 501, 3631, -2434, 500, 240, 127, 0
L 3627, -2429, 501, 3628, -2430, 501, 240, 127, 0
L 3624, -2425, 501, 3627, -2429, 501, 240, 127, 0
L 3623, -2424, 501, 3624, -2425, 501, 240, 127, 0
L 3619, -2418, 500, 3623, -2424, 501, 240, 127, 0
L 3619, -2417, 500, 3619, -2418, 500, 240, 127, 0
L 3619, -2416, 499, 3619, -2417, 500, 240, 127, 0
L 3621, -2415, 500, 3619, -2416, 499, 240, 127, 0
L 3622, -2413, 500, 3621, -2415, 500, 240, 127, 0
L 3624, -2410, 500, 3622, -2413, 500, 240, 127, 0
L 3627, -2408, 501, 3624, -2410, 500, 240, 127, 0
L 3630, -2405, 501, 3627, -2408, 501, 240, 127, 0
L 3632, -2406, 501, 3630, -2405, 501, 240, 127, 0
L 3633, -2407, 501, 3632, -2406, 501, 240, 127, 0
L 3635, -2408, 501, 3633, -2407, 501, 240, 127, 0
L 3636, -2408, 500, 3635, -2408, 501, 240, 127, 0
L 3637, -2410, 500, 3636, -2408, 500, 240, 127, 0
L 3643, -2416, 499, 3637, -2410, 500, 240, 127, 0
L 3646, -2419, 499, 3643, -2416, 499, 240, 127, 0
L 3644, -2421, 500, 3646, -2419, 499, 240, 127, 0
L 3643, -2422, 500, 3644, -2421, 500, 240, 127, 0
L 3640, -2423, 501, 3643, -2422, 500, 240, 127, 0
L 3662, -2425, 500, 3663, -2426, 499, 240, 127, 0
L 3662, -2423, 500, 3662, -2425, 500, 240, 127, 0
L 3661, -2421, 500, 3662, -2423, 500, 240, 127, 0
L 3661, -2420, 500, 3661, -2421, 500, 240, 127, 0
L 3662, -2418, 500, 3661, -2420, 500, 240, 127, 0
L 3664, -2417, 499, 3662, -2418, 500, 240, 127, 0
L 3674, -2407, 501, 3664, -2417, 499, 240, 127, 0
L 3675, -2406, 501, 3674, -2407, 501, 240, 127, 0
L 3677, -2408, 499, 3675, -2406, 501, 240, 127, 0
L 3678, -2409, 499, 3677, -2408, 499, 240, 127, 0
L 3680, -2412, 499, 3678, -2409, 499, 240, 127, 0
L 3685, -2419, 500, 3680, -2412, 499, 240, 127, 0
L 3686, -2421, 501, 3685, -2419, 500, 240, 127, 0
L 3686, -2424, 501, 3686, -2421, 501, 240, 127, 0
L 3685, -2425, 500, 3686, -2424, 501, 240, 127, 0
L 3684, -2426, 500, 3685, -2425, 500, 240, 127, 0
L 3679, -2431, 502, 3684, -2426, 500, 240, 127, 0
L 3677, -2432, 503, 3679, -2431, 502, 240, 127, 0
L 3675, -2433, 500, 3677, -2432, 503, 240, 127, 0
L 3673, -2434, 500, 3675, -2433, 500, 240, 127, 0
L 3671, -2434, 499, 3673, -2434, 500, 240, 127, 0
L 3669, -2434, 499, 3671, -2434, 499, 240, 127, 0
L 3667, -2431, 501, 3669, -2434, 499, 240, 127, 0
L 3676, -2446, 500, 3671, -2450, 501, 240, 127, 0
L 3688, -2465, 500, 3676, -2446, 501, 240, 127, 0
L 3669, -2471, 501, 3688, -2465, 501, 240, 127, 0
L 3660, -2454, 500, 3669, -2471, 499, 240, 127, 0
L 3665, -2451, 500, 3660, -2454, 500, 240, 127, 0
L 4535, -2590, 490, 4538, -2586, 490, 0, 0, 240
L 4533, -2591, 490, 4535, -2590, 490, 0, 0, 240
L 4530, -2593, 491, 4533, -2591, 490, 0, 0, 240
L 4526, -2596, 491, 4530, -2593, 491, 0, 0, 240
L 4524, -2597, 491, 4526, -2596, 491, 0, 0, 240
L 4522, -2599, 491, 4524, -2597, 491, 0, 0, 240
L 4516, -2601, 491, 4522, -2599, 491, 0, 0, 240
L 4512, -2601, 491, 4516, -2601, 491, 0, 0, 240
L 4505, -2602, 490, 4512, -2601, 491, 0, 0, 240
L 4501, -2602, 490, 4505, -2602, 490, 0, 0, 240
L 4487, -2605, 489, 4501, -2602, 490, 0, 0, 240
L 4485, -2606, 489, 4487, -2605, 489, 0, 0, 240
L 4475, -2606, 489, 4485, -2606, 489, 0, 0, 240
L 4467, -2605, 489, 4475, -2606, 489, 0, 0, 240
L 4465, -2605, 489, 4467, -2605, 489, 0, 0, 240
L 4450, -2601, 490, 4465, -2605, 489, 0, 0, 240
L 4431, -2597, 491, 4450, -2601, 490, 0, 0, 240
L 4409, -2592, 491, 4431, -2597, 491, 0, 0, 240
L 4384, -2590, 490, 4409, -2592, 491, 0, 0, 240
L 4375, -2589, 489, 4384, -2590, 490, 0, 0, 240
L 4357, -2583, 489, 4375, -2589, 489, 0, 0, 240
L 4353, -2583, 489, 4357, -2583, 489, 0, 0, 240
L 4350, -2584, 489, 4353, -2583, 489, 0, 0, 240
L 4348, -2585, 490, 4350, -2584, 489, 0, 0, 240
L 4344, -2587, 490, 4348, -2585, 490, 0, 0, 240
L 4342, -2591, 490, 4344, -2587, 490, 0, 0, 240
L 4339, -2595, 491, 4342, -2591, 490, 0, 0, 240
L 4334, -2605, 491, 4339, -2595, 491, 0, 0, 240
L 4333, -2606, 491, 4334, -2605, 491, 0, 0, 240
L 4331, -2607, 491, 4333, -2606, 491, 0, 0, 240
L 4330, -2607, 491, 4331, -2607, 491, 0, 0, 240
L 4328, -2608, 490, 4330, -2607, 491, 0, 0, 240
L 4319, -2608, 490, 4328, -2608, 490, 0, 0, 240
L 4312, -2607, 489, 4319, -2608, 490, 0, 0, 240
L 4311, -2607, 489, 4312, -2607, 489, 0, 0, 240
L 4305, -2605, 489, 4311, -2607, 489, 0, 0, 240
L 4303, -2604, 489, 4305, -2605, 489, 0, 0, 240
L 4301, -2602, 489, 4303, -2604, 489, 0, 0, 240
L 4300, -2599, 489, 4301, -2602, 489, 0, 0, 240
L 4298, -2596, 489, 4300, -2599, 489, 0, 0, 240
L 4297, -2593, 489, 4298, -2596, 489, 0, 0, 240
L 4297, -2590, 489, 4297, -2593, 489, 0, 0, 240
L 4297, -2583, 490, 4297, -2590, 489, 0, 0, 240
L 4298, -2576, 490, 4297, -2583, 490, 0, 0, 240
L 4301, -2557, 491, 4298, -2576, 490, 0, 0, 240
L 4306, -2529, 491, 4301, -2557, 491, 0, 0, 240
L 4309, -2517, 490, 4306, -2529, 491, 0, 0, 240
L 4315, -2492, 489, 4309, -2517, 490, 0, 0, 240
L 4316, -2487, 489, 4315, -2492, 489, 0, 0, 240
L 4317, -2485, 489, 4316, -2487, 489, 0, 0, 240
L 4318, -2484, 489, 4317, -2485, 489, 0, 0, 240
L 4319, -2482, 489, 4318, -2484, 489, 0, 0, 240
L 4323, -2480, 489, 4319, -2482, 489, 0, 0, 240
L 4332, -2479, 490, 4323, -2480, 489, 0, 0, 240
L 4334, -2478, 490, 4332, -2479, 490, 0, 0, 240
L 4334, -2476, 491, 4334, -2478, 490, 0, 0, 240
L 4335, -2474, 491, 4334, -2476, 491, 0, 0, 240
L 4337, -2472, 491, 4335, -2474, 491, 0, 0, 240
L 4337, -2471, 491, 4337, -2472, 491, 0, 0, 240
L 4339, -2470, 490, 4337, -2471, 491, 0, 0, 240
L 4340, -2468, 490, 4339, -2470, 490, 0, 0, 240
L 4342, -2467, 490, 4340, -2468, 490, 0, 0, 240
L 4344, -2465, 490, 4342, -2467, 490, 0, 0, 240
L 4346, -2464, 490, 4344, -2465, 490, 0, 0, 240
L 4347, -2463, 489, 4346, -2464, 490, 0, 0, 240
L 4349, -2462, 489, 4347, -2463, 489, 0, 0, 240
L 4353, -2462, 489, 4349, -2462, 489, 0, 0, 240
L 4356, -2463, 489, 4353, -2462, 489, 0, 0, 240
L 4358, -2463, 489, 4356, -2463, 489, 0, 0, 240
L 4359, -2462, 489, 4358, -2463, 489, 0, 0, 240
L 4367, -2457, 491, 4359, -2462, 489, 0, 0, 240
L 4383, -2447, 491, 4367, -2457, 491, 0, 0, 240
L 4398, -2439, 490, 4383, -2447, 491, 0, 0, 240
L 4406, -2434, 490, 4398, -2439, 490, 0, 0, 240
L 4411, -2432, 489, 4406, -2434, 490, 0, 0, 240
L 4421, -2428, 489, 4411, -2432, 489, 0, 0, 240
L 4438, -2425, 489, 4421, -2428, 489, 0, 0, 240
L 4444, -2425, 489, 4438, -2425, 489, 0, 0, 240
L 4460, -2426, 489, 4444, -2425, 489, 0, 0, 240
L 4474, -2428, 489, 4460, -2426, 489, 0, 0, 240
L 4479, -2428, 490, 4474, -2428, 489, 0, 0, 240
L 4483, -2429, 490, 4479, -2428, 490, 0, 0, 240
L 4487, -2431, 490, 4483, -2429, 490, 0, 0, 240
L 4494, -2433, 490, 4487, -2431, 490, 0, 0, 240
L 4497, -2435, 491, 4494, -2433, 490, 0, 0, 240
L 4500, -2436, 491, 4497, -2435, 491, 0, 0, 240
L 4503, -2438, 491, 4500, -2436, 491, 0, 0, 240
L 4505, -2440, 491, 4503, -2438, 491, 0, 0, 240
L 4507, -2443, 491, 4505, -2440, 491, 0, 0, 240
L 4509, -2445, 491, 4507, -2443, 491, 0, 0, 240
L 4511, -2451, 491, 4509, -2445, 491, 0, 0, 240
L 4515, -2465, 490, 4511, -2451, 491, 0, 0, 240
L 4518, -2472, 490, 4515, -2465, 490, 0, 0, 240
L 4525, -2489, 489, 4518, -2472, 490, 0, 0, 240
L 4530, -2497, 489, 4525, -2489, 489, 0, 0, 240
L 4536, -2506, 489, 4530, -2497, 489, 0, 0, 240
L 4544, -2517, 489, 4536, -2506, 489, 0, 0, 240
L 4548, -2525, 489, 4544, -2517, 489, 0, 0, 240
L 4550, -2529, 490, 4548, -2525, 489, 0, 0, 240
L 4551, -2532, 490, 4550, -2529, 490, 0, 0, 240
L 4552, -2536, 490, 4551, -2532, 490, 0, 0, 240
L 4553, -2543, 490, 4552, -2536, 490, 0, 0, 240
L 4553, -2555, 491, 4553, -2543, 490, 0, 0, 240
L 4552, -2563, 491, 4553, -2555, 491, 0, 0, 240
L 4552, -2567, 492, 4552, -2563, 491, 0, 0, 240
L 3812, -3972, 309, 3811, -3976, 309, 0, 0, 240
L 3813, -3966, 308, 3812, -3972, 309, 0, 0, 240
L 3814, -3961, 308, 3813, -3966, 308, 0, 0, 240
L 3817, -3956, 307, 3814, -3961, 308, 0, 0, 240
L 3818, -3953, 307, 3817, -3956, 307, 0, 0, 240
L 3822, -3947, 307, 3818, -3953, 307, 0, 0, 240
L 3825, -3945, 307, 3822, -3947, 307, 0, 0, 240
L 3828, -3942, 307, 3825, -3945, 307, 0, 0, 240
L 3831, -3940, 307, 3828, -3942, 307, 0, 0, 240
L 3837, -3935, 307, 3831, -3940, 307, 0, 0, 240
L 3843, -3932, 307, 3837, -3935, 307, 0, 0, 240
L 3848, -3929, 307, 3843, -3932, 307, 0, 0, 240
L 3851, -3927, 308, 3848, -3929, 307, 0, 0, 240
L 3859, -3924, 308, 3851, -3927, 308, 0, 0, 240
L 3896, -3912, 309, 3859, -3924, 308, 0, 0, 240
L 3978, -3885, 307, 3896, -3912, 309, 0, 0, 240
L 4033, -3862, 307, 3978, -3885, 307, 0, 0, 240
L 4047, -3856, 308, 4033, -3862, 307, 0, 0, 240
L 4059, -3848, 308, 4047, -3856, 308, 0, 0, 240
L 4076, -3835, 309, 4059, -3848, 308, 0, 0, 240
L 4087, -3827, 309, 4076, -3835, 309, 0, 0, 240
L 4092, -3823, 309, 4087, -3827, 309, 0, 0, 240
L 4101, -3814, 309, 4092, -3823, 309, 0, 0, 240
L 4127, -3784, 308, 4101, -3814, 309, 0, 0, 240
L 4137, -3774, 308, 4127, -3784, 308, 0, 0, 240
L 4142, -3769, 307, 4137, -3774, 308, 0, 0, 240
L 4148, -3765, 307, 4142, -3769, 307, 0, 0, 240
L 4162, -3759, 307, 4148, -3765, 307, 0, 0, 240
L 4168, -3756, 307, 4162, -3759, 307, 0, 0, 240
L 4208, -3740, 307, 4168, -3756, 307, 0, 0, 240
L 4219, -3735, 307, 4208, -3740, 307, 0, 0, 240
L 4231, -3729, 308, 4219, -3735, 307, 0, 0, 240
L 4235, -3727, 308, 4231, -3729, 308, 0, 0, 240
L 4240, -3724, 308, 4235, -3727, 308, 0, 0, 240
L 4245, -3720, 308, 4240, -3724, 308, 0, 0, 240
L 4254, -3713, 309, 4245, -3720, 308, 0, 0, 240
L 4266, -3703, 309, 4254, -3713, 309, 0, 0, 240
L 4274, -3694, 309, 4266, -3703, 309, 0, 0, 240
L 4281, -3685, 309, 4274, -3694, 309, 0, 0, 240
L 4284, -3680, 309, 4281, -3685, 309, 0, 0, 240
L 4287, -3675, 308, 4284, -3680, 309, 0, 0, 240
L 4289, -3670, 308, 4287, -3675, 308, 0, 0, 240
L 4294, -3659, 308, 4289, -3670, 308, 0, 0, 240
L 4308, -3611, 307, 4294, -3659, 308, 0, 0, 240
L 4314, -3589, 307, 4308, -3611, 307, 0, 0, 240
L 4317, -3575, 307, 4314, -3589, 307, 0, 0, 240
L 4318, -3567, 307, 4317, -3575, 307, 0, 0, 240
L 4319, -3538, 308, 4318, -3567, 307, 0, 0, 240
L 4320, -3524, 308, 4319, -3538, 308, 0, 0, 240
L 4319, -3519, 308, 4320, -3524, 308, 0, 0, 240
L 4319, -3511, 309, 4319, -3519, 308, 0, 0, 240
L 4311, -3466, 309, 4319, -3511, 309, 0, 0, 240
L 4308, -3444, 308, 4311, -3466, 309, 0, 0, 240
L 4308, -3438, 308, 4308, -3444, 308, 0, 0, 240
L 4307, -3419, 307, 4308, -3438, 308, 0, 0, 240
L 4307, -3376, 307, 4307, -3419, 307, 0, 0, 240
L 4308, -3339, 308, 4307, -3376, 307, 0, 0, 240
L 4307, -3332, 308, 4308, -3339, 308, 0, 0, 240
L 4303, -3280, 309, 4307, -3332, 308, 0, 0, 240
L 4295, -3203, 307, 4303, -3280, 309, 0, 0, 240
L 4293, -3189, 307, 4295, -3203, 307, 0, 0, 240
L 4289, -3169, 307, 4293, -3189, 307, 0, 0, 240
L 4277, -3124, 309, 4289, -3169, 307, 0, 0, 240
L 4275, -3115, 309, 4277, -3124, 309, 0, 0, 240
L 4270, -3104, 309, 4275, -3115, 309, 0, 0, 240
L 4266, -3094, 308, 4270, -3104, 309, 0, 0, 240
L 4255, -3074, 307, 4266, -3094, 308, 0, 0, 240
L 4254, -3073, 307, 4255, -3074, 307, 0, 0, 240
L 4250, -3065, 308, 4254, -3073, 307, 0, 0, 240
L 4247, -3060, 309, 4250, -3065, 308, 0, 0, 240
L 4243, -3054, 309, 4247, -3060, 309, 0, 0, 240
L 4201, -2996, 307, 4243, -3054, 309, 0, 0, 240
L 4185, -2971, 307, 4201, -2996, 307, 0, 0, 240
L 4137, -2895, 309, 4185, -2971, 307, 0, 0, 240
L 4127, -2879, 309, 4137, -2895, 309, 0, 0, 240
L 4114, -2854, 308, 4127, -2879, 309, 0, 0, 240
L 4109, -2846, 307, 4114, -2854, 308, 0, 0, 240
L 4105, -2842, 307, 4109, -2846, 307, 0, 0, 240
L 4102, -2838, 307, 4105, -2842, 307, 0, 0, 240
L 4099, -2835, 307, 4102, -2838, 307, 0, 0, 240
L 4094, -2831, 307, 4099, -2835, 307, 0, 0, 240
L 4091, -2829, 307, 4094, -2831, 307, 0, 0, 240
L 4085, -2826, 307, 4091, -2829, 307, 0, 0, 240
L 4076, -2822, 307, 4085, -2826, 307, 0, 0, 240
L 4051, -2812, 308, 4076, -2822, 307, 0, 0, 240
L 4043, -2809, 308, 4051, -2812, 308, 0, 0, 240
L 4038, -2808, 308, 4043, -2809, 308, 0, 0, 240
L 4033, -2807, 309, 4038, -2808, 308, 0, 0, 240
L 4028, -2806, 309, 4033, -2807, 309, 0, 0, 240
L 4018, -2806, 309, 4028, -2806, 309, 0, 0, 240
L 4003, -2807, 309, 4018, -2806, 309, 0, 0, 240
L 3949, -2814, 307, 4003, -2807, 309, 0, 0, 240
L 3921, -2818, 307, 3949, -2814, 307, 0, 0, 240
L 3902, -2819, 308, 3921, -2818, 307, 0, 0, 240
L 3892, -2820, 308, 3902, -2819, 308, 0, 0, 240
L 3889, -2821, 308, 3892, -2820, 308, 0, 0, 240
L 3879, -2824, 309, 3889, -2821, 308, 0, 0, 240
L 3872, -2826, 309, 3879, -2824, 309, 0, 0, 240
L 3865, -2829, 309, 3872, -2826, 309, 0, 0, 240
L 3853, -2835, 309, 3865, -2829, 309, 0, 0, 240
L 3831, -2848, 307, 3853, -2835, 309, 0, 0, 240
L 3824, -2852, 307, 3831, -2848, 307, 0, 0, 240
L 3795, -2867, 307, 3824, -2852, 307, 0, 0, 240
L 3761, -2885, 309, 3795, -2867, 307, 0, 0, 240
L 3757, -2887, 309, 3761, -2885, 309, 0, 0, 240
L 3748, -2891, 308, 3757, -2887, 309, 0, 0, 240
L 3742, -2893, 307, 3748, -2891, 308, 0, 0, 240
L 3739, -2895, 307, 3742, -2893, 307, 0, 0, 240
L 3732, -2901, 307, 3739, -2895, 307, 0, 0, 240
L 3725, -2906, 307, 3732, -2901, 307, 0, 0, 240
L 3719, -2910, 308, 3725, -2906, 307, 0, 0, 240
L 3718, -2912, 309, 3719, -2910, 308, 0, 0, 240
L 3717, -2913, 308, 3718, -2912, 309, 0, 0, 240
L 3711, -2911, 307, 3717, -2913, 308, 0, 0, 240
L 3702, -2908, 307, 3711, -2911, 307, 0, 0, 240
L 3697, -2906, 308, 3702, -2908, 307, 0, 0, 240
L 3690, -2902, 308, 3697, -2906, 308, 0, 0, 240
L 3675, -2894, 309, 3690, -2902, 308, 0, 0, 240
L 3667, -2889, 307, 3675, -2894, 309, 0, 0, 240
L 3663, -2887, 307, 3667, -2889, 307, 0, 0, 240
L 3660, -2885, 307, 3663, -2887, 307, 0, 0, 240
L 3659, -2884, 307, 3660, -2885, 307, 0, 0, 240
L 3657, -2882, 309, 3659, -2884, 307, 0, 0, 240
L 3650, -2875, 307, 3657, -2882, 309, 0, 0, 240
L 3642, -2867, 307, 3650, -2875, 307, 0, 0, 240
L 3626, -2850, 307, 3642, -2867, 307, 0, 0, 240
L 3618, -2843, 308, 3626, -2850, 307, 0, 0, 240
L 3614, -2840, 308, 3618, -2843, 308, 0, 0, 240
L 3610, -2836, 308, 3614, -2840, 308, 0, 0, 240
L 3605, -2834, 308, 3610, -2836, 308, 0, 0, 240
L 3599, -2832, 308, 3605, -2834, 308, 0, 0, 240
L 3593, -2830, 309, 3599, -2832, 308, 0, 0, 240
L 3585, -2828, 309, 3593, -2830, 309, 0, 0, 240
L 3540, -2820, 309, 3585, -2828, 309, 0, 0, 240
L 3529, -2818, 308, 3540, -2820, 309, 0, 0, 240
L 3523, -2816, 308, 3529, -2818, 308, 0, 0, 240
L 3513, -2812, 308, 3523, -2816, 308, 0, 0, 240
L 3492, -2801, 307, 3513, -2812, 308, 0, 0, 240
L 3483, -2797, 307, 3492, -2801, 307, 0, 0, 240
L 3479, -2795, 307, 3483, -2797, 307, 0, 0, 240
L 3474, -2793, 307, 3479, -2795, 307, 0, 0, 240
L 3462, -2791, 307, 3474, -2793, 307, 0, 0, 240
L 3437, -2789, 308, 3462, -2791, 307, 0, 0, 240
L 3423, -2787, 308, 3437, -2789, 308, 0, 0, 240
L 3408, -2784, 308, 3423, -2787, 308, 0, 0, 240
L 3372, -2774, 309, 3408, -2784, 308, 0, 0, 240
L 3351, -2768, 309, 3372, -2774, 309, 0, 0, 240
L 3340, -2764, 309, 3351, -2768, 309, 0, 0, 240
L 3333, -2763, 309, 3340, -2764, 309, 0, 0, 240
L 3326, -2762, 308, 3333, -2763, 309, 0, 0, 240
L 3311, -2762, 308, 3326, -2762, 308, 0, 0, 240
L 3304, -2763, 308, 3311, -2762, 308, 0, 0, 240
L 3256, -2769, 307, 3304, -2763, 308, 0, 0, 240
L 3233, -2771, 307, 3256, -2769, 307, 0, 0, 240
L 3207, -2772, 308, 3233, -2771, 307, 0, 0, 240
L 3198, -2772, 308, 3207, -2772, 308, 0, 0, 240
L 3193, -2771, 308, 3198, -2772, 308, 0, 0, 240
L 3188, -2771, 309, 3193, -2771, 308, 0, 0, 240
L 3180, -2767, 309, 3188, -2771, 309, 0, 0, 240
L 3176, -2764, 309, 3180, -2767, 309, 0, 0, 240
L 3172, -2760, 309, 3176, -2764, 309, 0, 0, 240
L 3169, -2755, 309, 3172, -2760, 309, 0, 0, 240
L 3166, -2749, 309, 3169, -2755, 309, 0, 0, 240
L 3165, -2743, 309, 3166, -2749, 309, 0, 0, 240
L 3163, -2736, 309, 3165, -2743, 309, 0, 0, 240
L 3163, -2729, 309, 3163, -2736, 309, 0, 0, 240
L 3161, -2700, 308, 3163, -2729, 309, 0, 0, 240
L 3160, -2693, 308, 3161, -2700, 308, 0, 0, 240
L 3159, -2686, 307, 3160, -2693, 308, 0, 0, 240
L 3129, -2617, 307, 3159, -2686, 307, 0, 0, 240
L 3127, -2610, 307, 3129, -2617, 307, 0, 0, 240
L 3126, -2603, 307, 3127, -2610, 307, 0, 0, 240
L 3125, -2596, 308, 3126, -2603, 307, 0, 0, 240
L 3125, -2581, 308, 3125, -2596, 308, 0, 0, 240
L 3127, -2558, 309, 3125, -2581, 308, 0, 0, 240
L 3129, -2544, 309, 3127, -2558, 309, 0, 0, 240
L 3131, -2536, 309, 3129, -2544, 309, 0, 0, 240
L 3135, -2522, 309, 3131, -2536, 309, 0, 0, 240
L 3141, -2509, 309, 3135, -2522, 309, 0, 0, 240
L 3176, -2433, 307, 3141, -2509, 309, 0, 0, 240
L 3183, -2419, 307, 3176, -2433, 307, 0, 0, 240
L 3216, -2361, 308, 3183, -2419, 307, 0, 0, 240
L 3223, -2348, 308, 3216, -2361, 308, 0, 0, 240
L 3227, -2342, 308, 3223, -2348, 308, 0, 0, 240
L 3232, -2336, 309, 3227, -2342, 308, 0, 0, 240
L 3242, -2326, 309, 3232, -2336, 309, 0, 0, 240
L 3248, -2322, 309, 3242, -2326, 309, 0, 0, 240
L 3255, -2318, 309, 3248, -2322, 309, 0, 0, 240
L 3261, -2315, 309, 3255, -2318, 309, 0, 0, 240
L 3289, -2302, 309, 3261, -2315, 309, 0, 0, 240
L 3315, -2289, 308, 3289, -2302, 309, 0, 0, 240
L 3328, -2282, 307, 3315, -2289, 308, 0, 0, 240
L 3360, -2261, 307, 3328, -2282, 307, 0, 0, 240
L 3385, -2246, 307, 3360, -2261, 307, 0, 0, 240
L 3397, -2237, 307, 3385, -2246, 307, 0, 0, 240
L 3409, -2228, 308, 3397, -2237, 307, 0, 0, 240
L 3438, -2204, 309, 3409, -2228, 308, 0, 0, 240
L 3482, -2164, 309, 3438, -2204, 309, 0, 0, 240
L 3488, -2160, 309, 3482, -2164, 309, 0, 0, 240
L 3494, -2156, 308, 3488, -2160, 309, 0, 0, 240
L 3500, -2152, 308, 3494, -2156, 308, 0, 0, 240
L 3507, -2149, 308, 3500, -2152, 308, 0, 0, 240
L 3514, -2147, 308, 3507, -2149, 308, 0, 0, 240
L 3521, -2146, 308, 3514, -2147, 308, 0, 0, 240
L 3529, -2144, 307, 3521, -2146, 308, 0, 0, 240
L 3544, -2143, 307, 3529, -2144, 307, 0, 0, 240
L 3610, -2135, 307, 3544, -2143, 307, 0, 0, 240
L 3618, -2135, 307, 3610, -2135, 307, 0, 0, 240
L 3625, -2135, 308, 3618, -2135, 307, 0, 0, 240
L 3655, -2138, 308, 3625, -2135, 308, 0, 0, 240
L 3662, -2138, 309, 3655, -2138, 308, 0, 0, 240
L 3670, -2138, 309, 3662, -2138, 309, 0, 0, 240
L 3699, -2134, 309, 3670, -2138, 309, 0, 0, 240
L 3706, -2132, 309, 3699, -2134, 309, 0, 0, 240
L 3714, -2130, 309, 3706, -2132, 309, 0, 0, 240
L 3720, -2127, 309, 3714, -2130, 309, 0, 0, 240
L 3727, -2124, 309, 3720, -2127, 309, 0, 0, 240
L 3767, -2104, 307, 3727, -2124, 309, 0, 0, 240
L 3780, -2097, 307, 3767, -2104, 307, 0, 0, 240
L 3801, -2091, 307, 3780, -2097, 307, 0, 0, 240
L 3853, -2084, 307, 3801, -2091, 307, 0, 0, 240
L 3861, -2084, 308, 3853, -2084, 307, 0, 0, 240
L 3876, -2083, 308, 3861, -2084, 308, 0, 0, 240
L 3883, -2084, 308, 3876, -2083, 308, 0, 0, 240
L 3905, -2087, 309, 3883, -2084, 308, 0, 0, 240
L 3912, -2088, 309, 3905, -2087, 309, 0, 0, 240
L 3927, -2088, 309, 3912, -2088, 309, 0, 0, 240
L 3934, -2087, 309, 3927, -2088, 309, 0, 0, 240
L 3942, -2085, 309, 3934, -2087, 309, 0, 0, 240
L 3949, -2083, 309, 3942, -2085, 309, 0, 0, 240
L 4013, -2065, 307, 3949, -2083, 309, 0, 0, 240
L 4028, -2061, 307, 4013, -2065, 307, 0, 0, 240
L 4042, -2059, 307, 4028, -2061, 307, 0, 0, 240
L 4057, -2059, 307, 4042, -2059, 307, 0, 0, 240
L 4064, -2060, 307, 4057, -2059, 307, 0, 0, 240
L 4071, -2062, 307, 4064, -2060, 307, 0, 0, 240
L 4078, -2065, 307, 4071, -2062, 307, 0, 0, 240
L 4099, -2073, 308, 4078, -2065, 307, 0, 0, 240
L 4126, -2086, 308, 4099, -2073, 308, 0, 0, 240
L 4153, -2099, 309, 4126, -2086, 308, 0, 0, 240
L 4166, -2105, 309, 4153, -2099, 309, 0, 0, 240
L 4180, -2109, 309, 4166, -2105, 309, 0, 0, 240
L 4188, -2110, 309, 4180, -2109, 309, 0, 0, 240
L 4195, -2110, 309, 4188, -2110, 309, 0, 0, 240
L 4202, -2109, 308, 4195, -2110, 309, 0, 0, 240
L 4224, -2106, 308, 4202, -2109, 308, 0, 0, 240
L 4246, -2100, 307, 4224, -2106, 308, 0, 0, 240
L 4260, -2096, 307, 4246, -2100, 307, 0, 0, 240
L 4267, -2093, 307, 4260, -2096, 307, 0, 0, 240
L 4273, -2090, 307, 4267, -2093, 307, 0, 0, 240
L 4280, -2085, 307, 4273, -2090, 307, 0, 0, 240
L 4286, -2081, 307, 4280, -2085, 307, 0, 0, 240
L 4291, -2076, 307, 4286, -2081, 307, 0, 0, 240
L 4302, -2066, 307, 4291, -2076, 307, 0, 0, 240
L 4307, -2061, 307, 4302, -2066, 307, 0, 0, 240
L 4312, -2055, 307, 4307, -2061, 307, 0, 0, 240
L 4317, -2049, 308, 4312, -2055, 307, 0, 0, 240
L 4339, -2020, 309, 4317, -2049, 308, 0, 0, 240
L 4341, -2017, 309, 4339, -2020, 309, 0, 0, 240
L 4353, -2005, 309, 4341, -2017, 309, 0, 0, 240
L 4359, -2001, 309, 4353, -2005, 309, 0, 0, 240
L 4364, -1997, 309, 4359, -2001, 309, 0, 0, 240
L 4370, -1993, 309, 4364, -1997, 309, 0, 0, 240
L 4377, -1990, 309, 4370, -1993, 309, 0, 0, 240
L 4391, -1986, 309, 4377, -1990, 309, 0, 0, 240
L 4399, -1985, 308, 4391, -1986, 309, 0, 0, 240
L 4420, -1985, 308, 4399, -1985, 308, 0, 0, 240
L 4428, -1986, 308, 4420, -1985, 308, 0, 0, 240
L 4435, -1987, 307, 4428, -1986, 308, 0, 0, 240
L 4442, -1990, 307, 4435, -1987, 307, 0, 0, 240
L 4449, -1992, 307, 4442, -1990, 307, 0, 0, 240
L 4456, -1995, 307, 4449, -1992, 307, 0, 0, 240
L 4476, -2006, 307, 4456, -1995, 307, 0, 0, 240
L 4501, -2022, 307, 4476, -2006, 307, 0, 0, 240
L 4539, -2046, 308, 4501, -2022, 307, 0, 0, 240
L 4545, -2050, 308, 4539, -2046, 308, 0, 0, 240
L 4552, -2053, 309, 4545, -2050, 308, 0, 0, 240
L 4558, -2056, 309, 4552, -2053, 309, 0, 0, 240
L 4565, -2059, 309, 4558, -2056, 309, 0, 0, 240
L 4572, -2061, 309, 4565, -2059, 309, 0, 0, 240
L 4586, -2064, 309, 4572, -2061, 309, 0, 0, 240
L 4617, -2071, 308, 4586, -2064, 309, 0, 0, 240
L 4629, -2073, 308, 4617, -2071, 308, 0, 0, 240
L 4650, -2074, 307, 4629, -2073, 308, 0, 0, 240
L 4656, -2075, 307, 4650, -2074, 307, 0, 0, 240
L 4659, -2075, 307, 4656, -2075, 307, 0, 0, 240
L 4666, -2078, 307, 4659, -2075, 307, 0, 0, 240
L 4676, -2084, 307, 4666, -2078, 307, 0, 0, 240
L 4680, -2089, 307, 4676, -2084, 307, 0, 0, 240
L 4685, -2094, 307, 4680, -2089, 307, 0, 0, 240
L 4688, -2100, 307, 4685, -2094, 307, 0, 0, 240
L 4692, -2106, 307, 4688, -2100, 307, 0, 0, 240
L 4705, -2132, 308, 4692, -2106, 307, 0, 0, 240
L 4709, -2138, 308, 4705, -2132, 308, 0, 0, 240
L 4712, -2144, 308, 4709, -2138, 308, 0, 0, 240
L 4716, -2149, 308, 4712, -2144, 308, 0, 0, 240
L 4726, -2161, 309, 4716, -2149, 308, 0, 0, 240
L 4735, -2171, 309, 4726, -2161, 309, 0, 0, 240
L 4745, -2181, 309, 4735, -2171, 309, 0, 0, 240
L 4755, -2189, 309, 4745, -2181, 309, 0, 0, 240
L 4761, -2192, 309, 4755, -2189, 309, 0, 0, 240
L 4768, -2195, 308, 4761, -2192, 309, 0, 0, 240
L 4799, -2208, 307, 4768, -2195, 308, 0, 0, 240
L 4805, -2210, 307, 4799, -2208, 307, 0, 0, 240
L 4810, -2213, 307, 4805, -2210, 307, 0, 0, 240
L 4816, -2216, 307, 4810, -2213, 307, 0, 0, 240
L 4834, -2230, 307, 4816, -2216, 307, 0, 0, 240
L 4839, -2233, 307, 4834, -2230, 307, 0, 0, 240
L 4843, -2237, 307, 4839, -2233, 307, 0, 0, 240
L 4847, -2242, 307, 4843, -2237, 307, 0, 0, 240
L 4850, -2247, 307, 4847, -2242, 307, 0, 0, 240
L 4853, -2253, 307, 4850, -2247, 307, 0, 0, 240
L 4855, -2259, 307, 4853, -2253, 307, 0, 0, 240
L 4857, -2266, 307, 4855, -2259, 307, 0, 0, 240
L 4860, -2285, 308, 4857, -2266, 307, 0, 0, 240
L 4864, -2297, 308, 4860, -2285, 308, 0, 0, 240
L 4867, -2303, 309, 4864, -2297, 308, 0, 0, 240
L 4871, -2309, 309, 4867, -2303, 309, 0, 0, 240
L 4889, -2338, 309, 4871, -2309, 309, 0, 0, 240
L 4896, -2349, 308, 4889, -2338, 309, 0, 0, 240
L 4903, -2362, 308, 4896, -2349, 308, 0, 0, 240
L 4909, -2376, 308, 4903, -2362, 308, 0, 0, 240
L 4911, -2383, 307, 4909, -2376, 308, 0, 0, 240
L 4913, -2390, 307, 4911, -2383, 307, 0, 0, 240
L 4921, -2434, 307, 4913, -2390, 307, 0, 0, 240
L 4924, -2448, 307, 4921, -2434, 307, 0, 0, 240
L 4937, -2488, 308, 4924, -2448, 307, 0, 0, 240
L 4945, -2512, 308, 4937, -2488, 308, 0, 0, 240
L 4966, -2554, 309, 4945, -2512, 308, 0, 0, 240
L 4976, -2578, 308, 4966, -2554, 309, 0, 0, 240
L 4981, -2590, 308, 4976, -2578, 308, 0, 0, 240
L 4983, -2599, 307, 4981, -2590, 308, 0, 0, 240
L 4985, -2613, 307, 4983, -2599, 307, 0, 0, 240
L 4985, -2650, 307, 4985, -2613, 307, 0, 0, 240
L 4982, -2678, 307, 4985, -2650, 307, 0, 0, 240
L 4982, -2692, 307, 4982, -2678, 307, 0, 0, 240
L 4982, -2699, 308, 4982, -2692, 307, 0, 0, 240
L 4991, -2765, 309, 4982, -2699, 308, 0, 0, 240
L 4994, -2794, 308, 4991, -2765, 309, 0, 0, 240
L 4995, -2809, 308, 4994, -2794, 308, 0, 0, 240
L 4995, -2824, 307, 4995, -2809, 308, 0, 0, 240
L 4993, -2861, 307, 4995, -2824, 307, 0, 0, 240
L 4988, -2913, 307, 4993, -2861, 307, 0, 0, 240
L 4987, -2920, 307, 4988, -2913, 307, 0, 0, 240
L 4987, -2935, 308, 4987, -2920, 307, 0, 0, 240
L 4988, -2958, 308, 4987, -2935, 308, 0, 0, 240
L 4989, -2965, 308, 4988, -2958, 308, 0, 0, 240
L 4999, -3024, 309, 4989, -2965, 308, 0, 0, 240
L 5007, -3097, 307, 4999, -3024, 309, 0, 0, 240
L 5015, -3147, 307, 5007, -3097, 307, 0, 0, 240
L 5019, -3167, 308, 5015, -3147, 307, 0, 0, 240
L 5022, -3194, 309, 5019, -3167, 308, 0, 0, 240
L 5026, -3219, 308, 5022, -3194, 309, 0, 0, 240
L 5028, -3230, 308, 5026, -3219, 308, 0, 0, 240
L 5034, -3252, 307, 5028, -3230, 308, 0, 0, 240
L 5036, -3259, 307, 5034, -3252, 307, 0, 0, 240
L 5037, -3268, 307, 5036, -3259, 307, 0, 0, 240
L 5038, -3286, 307, 5037, -3268, 307, 0, 0, 240
L 5038, -3300, 308, 5038, -3286, 307, 0, 0, 240
L 5038, -3305, 308, 5038, -3300, 308, 0, 0, 240
L 5037, -3316, 308, 5038, -3305, 308, 0, 0, 240
L 5035, -3327, 309, 5037, -3316, 308, 0, 0, 240
L 5034, -3333, 309, 5035, -3327, 309, 0, 0, 240
L 5024, -3359, 309, 5034, -3333, 309, 0, 0, 240
L 5023, -3364, 309, 5024, -3359, 309, 0, 0, 240
L 5022, -3369, 308, 5023, -3364, 309, 0, 0, 240
L 5022, -3381, 308, 5022, -3369, 308, 0, 0, 240
L 5023, -3387, 308, 5022, -3381, 308, 0, 0, 240
L 5025, -3393, 308, 5023, -3387, 308, 0, 0, 240
L 5027, -3399, 307, 5025, -3393, 308, 0, 0, 240
L 5041, -3431, 307, 5027, -3399, 307, 0, 0, 240
L 5044, -3441, 307, 5041, -3431, 307, 0, 0, 240
L 5046, -3446, 307, 5044, -3441, 307, 0, 0, 240
L 5051, -3474, 307, 5046, -3446, 307, 0, 0, 240
L 5053, -3487, 308, 5051, -3474, 307, 0, 0, 240
L 5057, -3531, 309, 5053, -3487, 308, 0, 0, 240
L 5057, -3539, 309, 5057, -3531, 309, 0, 0, 240
L 5058, -3553, 309, 5057, -3539, 309, 0, 0, 240
L 5056, -3576, 308, 5058, -3553, 309, 0, 0, 240
L 5047, -3658, 307, 5056, -3576, 308, 0, 0, 240
L 5044, -3680, 307, 5047, -3658, 307, 0, 0, 240
L 5038, -3717, 307, 5044, -3680, 307, 0, 0, 240
L 5036, -3731, 308, 5038, -3717, 307, 0, 0, 240
L 5036, -3739, 308, 5036, -3731, 308, 0, 0, 240
L 5036, -3761, 309, 5036, -3739, 308, 0, 0, 240
L 5036, -3769, 309, 5036, -3761, 309, 0, 0, 240
L 5042, -3824, 308, 5036, -3769, 309, 0, 0, 240
L 5042, -3831, 308, 5042, -3824, 308, 0, 0, 240
L 5043, -3854, 307, 5042, -3831, 308, 0, 0, 240
L 5041, -3874, 307, 5043, -3854, 307, 0, 0, 240
L 5040, -3881, 307, 5041, -3874, 307, 0, 0, 240
L 5040, -3886, 307, 5040, -3881, 307, 0, 0, 240
L 5038, -3891, 307, 5040, -3886, 307, 0, 0, 240
L 5036, -3897, 307, 5038, -3891, 307, 0, 0, 240
L 5034, -3902, 307, 5036, -3897, 307, 0, 0, 240
L 5031, -3908, 307, 5034, -3902, 307, 0, 0, 240
L 5027, -3913, 307, 5031, -3908, 307, 0, 0, 240
L 4997, -3963, 309, 5027, -3913, 307, 0, 0, 240
L 4978, -3995, 309, 4997, -3963, 309, 0, 0, 240
L 4958, -4027, 308, 4978, -3995, 309, 0, 0, 240
L 4937, -4057, 307, 4958, -4027, 308, 0, 0, 240
L 4929, -4069, 307, 4937, -4057, 307, 0, 0, 240
L 4908, -4117, 307, 4929, -4069, 307, 0, 0, 240
L 4894, -4145, 308, 4908, -4117, 307, 0, 0, 240
L 4881, -4168, 309, 4894, -4145, 308, 0, 0, 240
L 4877, -4175, 309, 4881, -4168, 309, 0, 0, 240
L 4874, -4181, 308, 4877, -4175, 309, 0, 0, 240
L 4862, -4195, 307, 4874, -4181, 308, 0, 0, 240
L 4855, -4204, 307, 4862, -4195, 307, 0, 0, 240
L 4849, -4209, 307, 4855, -4204, 307, 0, 0, 240
L 4847, -4211, 307, 4849, -4209, 307, 0, 0, 240
L 4826, -4226, 307, 4847, -4211, 307, 0, 0, 240
L 4820, -4230, 307, 4826, -4226, 307, 0, 0, 240
L 4818, -4233, 308, 4820, -4230, 307, 0, 0, 240
L 4815, -4235, 308, 4818, -4233, 308, 0, 0, 240
L 4806, -4244, 309, 4815, -4235, 308, 0, 0, 240
L 4804, -4246, 309, 4806, -4244, 309, 0, 0, 240
L 4803, -4248, 309, 4804, -4246, 309, 0, 0, 240
L 4800, -4250, 309, 4803, -4248, 309, 0, 0, 240
L 4791, -4253, 309, 4800, -4250, 309, 0, 0, 240
L 4783, -4254, 308, 4791, -4253, 309, 0, 0, 240
L 4778, -4253, 308, 4783, -4254, 308, 0, 0, 240
L 4773, -4253, 308, 4778, -4253, 308, 0, 0, 240
L 4753, -4249, 307, 4773, -4253, 308, 0, 0, 240
L 4748, -4248, 307, 4753, -4249, 307, 0, 0, 240
L 4742, -4247, 306, 4748, -4248, 307, 0, 0, 240
L 4737, -4246, 304, 4742, -4247, 306, 0, 0, 240
L 4726, -4246, 304, 4737, -4246, 304, 0, 0, 240
L 4708, -4247, 304, 4726, -4246, 304, 0, 0, 240
L 4703, -4247, 304, 4708, -4247, 304, 0, 0, 240
L 4696, -4248, 304, 4703, -4247, 304, 0, 0, 240
L 4690, -4250, 304, 4696, -4248, 304, 0, 0, 240
L 4684, -4252, 305, 4690, -4250, 304, 0, 0, 240
L 4678, -4254, 305, 4684, -4252, 305, 0, 0, 240
L 4672, -4257, 305, 4678, -4254, 305, 0, 0, 240
L 4644, -4273, 306, 4672, -4257, 305, 0, 0, 240
L 4639, -4275, 306, 4644, -4273, 306, 0, 0, 240
L 4635, -4277, 306, 4639, -4275, 306, 0, 0, 240
L 4626, -4280, 306, 4635, -4277, 306, 0, 0, 240
L 4618, -4282, 306, 4626, -4280, 306, 0, 0, 240
L 4609, -4282, 306, 4618, -4282, 306, 0, 0, 240
L 4605, -4282, 305, 4609, -4282, 306, 0, 0, 240
L 4587, -4280, 305, 4605, -4282, 305, 0, 0, 240
L 4579, -4280, 304, 4587, -4280, 305, 0, 0, 240
L 4576, -4280, 304, 4579, -4280, 304, 0, 0, 240
L 4572, -4281, 304, 4576, -4280, 304, 0, 0, 240
L 4567, -4282, 304, 4572, -4281, 304, 0, 0, 240
L 4563, -4283, 304, 4567, -4282, 304, 0, 0, 240
L 4551, -4289, 304, 4563, -4283, 304, 0, 0, 240
L 4547, -4290, 304, 4551, -4289, 304, 0, 0, 240
L 4544, -4292, 304, 4547, -4290, 304, 0, 0, 240
L 4541, -4295, 305, 4544, -4292, 304, 0, 0, 240
L 4539, -4297, 305, 4541, -4295, 305, 0, 0, 240
L 4537, -4300, 305, 4539, -4297, 305, 0, 0, 240
L 4536, -4304, 305, 4537, -4300, 305, 0, 0, 240
L 4535, -4307, 305, 4536, -4304, 305, 0, 0, 240
L 4535, -4319, 306, 4535, -4307, 305, 0, 0, 240
L 4536, -4336, 306, 4535, -4319, 306, 0, 0, 240
L 4537, -4363, 305, 4536, -4336, 306, 0, 0, 240
L 4536, -4369, 305, 4537, -4363, 305, 0, 0, 240
L 4536, -4372, 305, 4536, -4369, 305, 0, 0, 240
L 4535, -4374, 304, 4536, -4372, 305, 0, 0, 240
L 4534, -4377, 304, 4535, -4374, 304, 0, 0, 240
L 4529, -4390, 304, 4534, -4377, 304, 0, 0, 240
L 4527, -4392, 304, 4529, -4390, 304, 0, 0, 240
L 4526, -4394, 304, 4527, -4392, 304, 0, 0, 240
L 4524, -4397, 304, 4526, -4394, 304, 0, 0, 240
L 4519, -4402, 305, 4524, -4397, 304, 0, 0, 240
L 4498, -4422, 306, 4519, -4402, 305, 0, 0, 240
L 4494, -4426, 306, 4498, -4422, 306, 0, 0, 240
L 4486, -4432, 306, 4494, -4426, 306, 0, 0, 240
L 4483, -4433, 306, 4486, -4432, 306, 0, 0, 240
L 4481, -4434, 306, 4483, -4433, 306, 0, 0, 240
L 4479, -4435, 305, 4481, -4434, 306, 0, 0, 240
L 4476, -4436, 305, 4479, -4435, 305, 0, 0, 240
L 4466, -4437, 305, 4476, -4436, 305, 0, 0, 240
L 4456, -4438, 304, 4466, -4437, 305, 0, 0, 240
L 4439, -4440, 304, 4456, -4438, 304, 0, 0, 240
L 4431, -4440, 305, 4439, -4440, 304, 0, 0, 240
L 4428, -4441, 305, 4431, -4440, 305, 0, 0, 240
L 4413, -4443, 306, 4428, -4441, 305, 0, 0, 240
L 4379, -4451, 306, 4413, -4443, 306, 0, 0, 240
L 4376, -4452, 306, 4379, -4451, 306, 0, 0, 240
L 4350, -4461, 304, 4376, -4452, 306, 0, 0, 240
L 4331, -4467, 306, 4350, -4461, 304, 0, 0, 240
L 4313, -4473, 305, 4331, -4467, 306, 0, 0, 240
L 4311, -4474, 305, 4313, -4473, 305, 0, 0, 240
L 4301, -4475, 306, 4311, -4474, 305, 0, 0, 240
L 4291, -4477, 306, 4301, -4475, 306, 0, 0, 240
L 4271, -4479, 304, 4291, -4477, 306, 0, 0, 240
L 4263, -4480, 304, 4271, -4479, 304, 0, 0, 240
L 4262, -4480, 304, 4263, -4480, 304, 0, 0, 240
L 4259, -4481, 304, 4262, -4480, 304, 0, 0, 240
L 4257, -4481, 305, 4259, -4481, 304, 0, 0, 240
L 4256, -4480, 305, 4257, -4481, 305, 0, 0, 240
L 4254, -4480, 305, 4256, -4480, 305, 0, 0, 240
L 4246, -4478, 306, 4254, -4480, 305, 0, 0, 240
L 4236, -4474, 306, 4246, -4478, 306, 0, 0, 240
L 4228, -4470, 306, 4236, -4474, 306, 0, 0, 240
L 4221, -4466, 305, 4228, -4470, 306, 0, 0, 240
L 4219, -4465, 305, 4221, -4466, 305, 0, 0, 240
L 4218, -4464, 304, 4219, -4465, 305, 0, 0, 240
L 4216, -4463, 304, 4218, -4464, 304, 0, 0, 240
L 4208, -4453, 304, 4216, -4463, 304, 0, 0, 240
L 4205, -4449, 305, 4208, -4453, 304, 0, 0, 240
L 4201, -4441, 305, 4205, -4449, 305, 0, 0, 240
L 4197, -4428, 306, 4201, -4441, 305, 0, 0, 240
L 4195, -4422, 306, 4197, -4428, 306, 0, 0, 240
L 4192, -4411, 306, 4195, -4422, 306, 0, 0, 240
L 4190, -4406, 305, 4192, -4411, 306, 0, 0, 240
L 4189, -4404, 305, 4190, -4406, 305, 0, 0, 240
L 4189, -4403, 304, 4189, -4404, 305, 0, 0, 240
L 4187, -4402, 303, 4189, -4403, 304, 0, 0, 240
L 4186, -4401, 303, 4187, -4402, 303, 0, 0, 240
L 4185, -4400, 302, 4186, -4401, 303, 0, 0, 240
L 4179, -4398, 302, 4185, -4400, 302, 0, 0, 240
L 4177, -4398, 302, 4179, -4398, 302, 0, 0, 240
L 4173, -4397, 303, 4177, -4398, 302, 0, 0, 240
L 4171, -4398, 303, 4173, -4397, 303, 0, 0, 240
L 4168, -4398, 303, 4171, -4398, 303, 0, 0, 240
L 4166, -4399, 303, 4168, -4398, 303, 0, 0, 240
L 4163, -4400, 303, 4166, -4399, 303, 0, 0, 240
L 4161, -4401, 304, 4163, -4400, 303, 0, 0, 240
L 4157, -4403, 304, 4161, -4401, 304, 0, 0, 240
L 4155, -4405, 304, 4157, -4403, 304, 0, 0, 240
L 4149, -4407, 304, 4155, -4405, 304, 0, 0, 240
L 4145, -4408, 304, 4149, -4407, 304, 0, 0, 240
L 4144, -4409, 304, 4145, -4408, 304, 0, 0, 240
L 4142, -4410, 304, 4144, -4409, 304, 0, 0, 240
L 4139, -4413, 304, 4142, -4410, 304, 0, 0, 240
L 4131, -4421, 303, 4139, -4413, 304, 0, 0, 240
L 4126, -4425, 302, 4131, -4421, 303, 0, 0, 240
L 4122, -4429, 302, 4126, -4425, 302, 0, 0, 240
L 4120, -4430, 302, 4122, -4429, 302, 0, 0, 240
L 4118, -4432, 302, 4120, -4430, 302, 0, 0, 240
L 4112, -4435, 303, 4118, -4432, 302, 0, 0, 240
L 4051, -4464, 303, 4112, -4435, 303, 0, 0, 240
L 4044, -4467, 302, 4051, -4464, 303, 0, 0, 240
L 4035, -4471, 304, 4044, -4467, 302, 0, 0, 240
L 4026, -4474, 304, 4035, -4471, 304, 0, 0, 240
L 4001, -4477, 304, 4026, -4474, 304, 0, 0, 240
L 3998, -4477, 304, 4001, -4477, 304, 0, 0, 240
L 3979, -4477, 302, 3998, -4477, 304, 0, 0, 240
L 3969, -4476, 302, 3979, -4477, 302, 0, 0, 240
L 3967, -4476, 302, 3969, -4476, 302, 0, 0, 240
L 3957, -4473, 303, 3967, -4476, 302, 0, 0, 240
L 3955, -4473, 304, 3957, -4473, 303, 0, 0, 240
L 3954, -4472, 304, 3955, -4473, 304, 0, 0, 240
L 3948, -4469, 304, 3954, -4472, 304, 0, 0, 240
L 3943, -4465, 303, 3948, -4469, 304, 0, 0, 240
L 3941, -4463, 303, 3943, -4465, 303, 0, 0, 240
L 3938, -4461, 303, 3941, -4463, 303, 0, 0, 240
L 3936, -4458, 302, 3938, -4461, 303, 0, 0, 240
L 3935, -4455, 302, 3936, -4458, 302, 0, 0, 240
L 3933, -4452, 302, 3935, -4455, 302, 0, 0, 240
L 3930, -4445, 302, 3933, -4452, 302, 0, 0, 240
L 3920, -4419, 303, 3930, -4445, 302, 0, 0, 240
L 3915, -4408, 303, 3920, -4419, 303, 0, 0, 240
L 3913, -4405, 304, 3915, -4408, 303, 0, 0, 240
L 3912, -4402, 304, 3913, -4405, 304, 0, 0, 240
L 3908, -4398, 304, 3912, -4402, 304, 0, 0, 240
L 3905, -4396, 304, 3908, -4398, 304, 0, 0, 240
L 3902, -4395, 304, 3905, -4396, 304, 0, 0, 240
L 3900, -4394, 304, 3902, -4395, 304, 0, 0, 240
L 3897, -4393, 304, 3900, -4394, 304, 0, 0, 240
L 3881, -4391, 304, 3897, -4393, 304, 0, 0, 240
L 3872, -4390, 303, 3881, -4391, 304, 0, 0, 240
L 3867, -4389, 303, 3872, -4390, 303, 0, 0, 240
L 3865, -4389, 303, 3867, -4389, 303, 0, 0, 240
L 3862, -4388, 302, 3865, -4389, 303, 0, 0, 240
L 3860, -4387, 302, 3862, -4388, 302, 0, 0, 240
L 3855, -4385, 302, 3860, -4387, 302, 0, 0, 240
L 3850, -4381, 302, 3855, -4385, 302, 0, 0, 240
L 3844, -4376, 303, 3850, -4381, 302, 0, 0, 240
L 3843, -4375, 304, 3844, -4376, 303, 0, 0, 240
L 3839, -4375, 304, 3843, -4375, 304, 0, 0, 240
L 3837, -4377, 304, 3839, -4375, 304, 0, 0, 240
L 3835, -4378, 304, 3837, -4377, 304, 0, 0, 240
L 3834, -4379, 304, 3835, -4378, 304, 0, 0, 240
L 3826, -4387, 303, 3834, -4379, 304, 0, 0, 240
L 3824, -4389, 303, 3826, -4387, 303, 0, 0, 240
L 3822, -4391, 302, 3824, -4389, 303, 0, 0, 240
L 3816, -4393, 302, 3822, -4391, 302, 0, 0, 240
L 3811, -4395, 301, 3816, -4393, 302, 0, 0, 240
L 3808, -4396, 301, 3811, -4395, 301, 0, 0, 240
L 3803, -4397, 301, 3808, -4396, 301, 0, 0, 240
L 3801, -4397, 301, 3803, -4397, 301, 0, 0, 240
L 3799, -4397, 302, 3801, -4397, 301, 0, 0, 240
L 3792, -4397, 302, 3799, -4397, 302, 0, 0, 240
L 3784, -4396, 303, 3792, -4397, 302, 0, 0, 240
L 3773, -4394, 303, 3784, -4396, 303, 0, 0, 240
L 3767, -4392, 303, 3773, -4394, 303, 0, 0, 240
L 3763, -4391, 303, 3767, -4392, 303, 0, 0, 240
L 3748, -4383, 302, 3763, -4391, 303, 0, 0, 240
L 3742, -4380, 302, 3748, -4383, 302, 0, 0, 240
L 3728, -4372, 301, 3742, -4380, 302, 0, 0, 240
L 3722, -4368, 301, 3728, -4372, 301, 0, 0, 240
L 3716, -4363, 302, 3722, -4368, 301, 0, 0, 240
L 3711, -4358, 302, 3716, -4363, 302, 0, 0, 240
L 3710, -4356, 302, 3711, -4358, 302, 0, 0, 240
L 3708, -4354, 302, 3710, -4356, 302, 0, 0, 240
L 3698, -4337, 302, 3708, -4354, 302, 0, 0, 240
L 3694, -4329, 302, 3698, -4337, 302, 0, 0, 240
L 3691, -4320, 302, 3694, -4329, 302, 0, 0, 240
L 3686, -4304, 301, 3691, -4320, 302, 0, 0, 240
L 3680, -4284, 301, 3686, -4304, 301, 0, 0, 240
L 3679, -4279, 301, 3680, -4284, 301, 0, 0, 240
L 3678, -4273, 300, 3679, -4279, 301, 0, 0, 240
L 3677, -4268, 300, 3678, -4273, 300, 0, 0, 240
L 3677, -4252, 300, 3677, -4268, 300, 0, 0, 240
L 3677, -4247, 301, 3677, -4252, 300, 0, 0, 240
L 3677, -4242, 301, 3677, -4247, 301, 0, 0, 240
L 3678, -4237, 301, 3677, -4242, 301, 0, 0, 240
L 3680, -4232, 301, 3678, -4237, 301, 0, 0, 240
L 3686, -4222, 301, 3680, -4232, 301, 0, 0, 240
L 3690, -4218, 302, 3686, -4222, 301, 0, 0, 240
L 3694, -4213, 302, 3690, -4218, 302, 0, 0, 240
L 3699, -4209, 302, 3694, -4213, 302, 0, 0, 240
L 3740, -4169, 302, 3699, -4209, 302, 0, 0, 240
L 3754, -4151, 302, 3740, -4169, 302, 0, 0, 240
L 3766, -4132, 301, 3754, -4151, 302, 0, 0, 240
L 3779, -4113, 300, 3766, -4132, 301, 0, 0, 240
L 3785, -4103, 301, 3779, -4113, 300, 0, 0, 240
L 3786, -4100, 301, 3785, -4103, 301, 0, 0, 240
L 3788, -4096, 302, 3786, -4100, 301, 0, 0, 240
L 3796, -4071, 302, 3788, -4096, 302, 0, 0, 240
