L 196, -2176, -8, 181, -2184, -4, 255, 0, 129
L 177, -2187, -11, 202, -2175, -6, 0, 0, 0
L 357, -2391, 3, 326, -2395, -0, 0, 0, 0
L 326, -2395, -0, 328, -2395, -0, 0, 0, 0
L 324, -2396, -2, 326, -2395, -0, 0, 0, 0
L 323, -2397, -2, 324, -2396, -2, 0, 0, 0
L 319, -2397, -4, 323, -2397, -2, 0, 0, 0
L 319, -2395, -4, 319, -2397, -4, 0, 0, 0
L 318, -2393, -4, 319, -2395, -4, 0, 0, 0
L 318, -2388, -4, 318, -2393, -4, 0, 0, 0
L 318, -2386, -3, 318, -2388, -4, 0, 0, 0
L 317, -2385, -2, 318, -2386, -3, 0, 0, 0
L 316, -2382, -1, 317, -2385, -2, 0, 0, 0
L 317, -2380, -1, 316, -2382, -1, 0, 0, 0
L 317, -2378, -0, 317, -2380, -1, 0, 0, 0
L 338, -2376, 0, 317, -2378, -0, 0, 0, 0
L 348, -2375, 2, 338, -2376, 0, 0, 0, 0
L 349, -2375, 2, 348, -2375, 2, 0, 0, 0
L 351, -2374, 2, 349, -2375, 2, 0, 0, 0
L 353, -2374, -0, 351, -2374, 2, 0, 0, 0
L 354, -2373, -2, 353, -2374, -0, 0, 0, 0
L 357, -2372, -2, 354, -2373, -2, 0, 0, 0
L 359, -2372, -1, 357, -2372, -2, 0, 0, 0
L 361, -2373, -3, 359, -2372, -1, 0, 0, 0
L 361, -2378, -3, 361, -2373, -3, 0, 0, 0
L 361, -2380, -2, 361, -2378, -3, 0, 0, 0
L 362, -2387, -1, 361, -2380, -2, 0, 0, 0
L 362, -2389, -0, 362, -2387, -1, 0, 0, 0
L 361, -2391, 0, 362, -2389, -0, 0, 0, 0
L 355, -2392, 0, 361, -2391, 0, 0, 0, 0
L 330, -2392, 4, 330, -2392, 5, 0, 0, 0
L 296, -2467, -3, 294, -2463, -4, 0, 0, 0
L 296, -2468, -3, 296, -2467, -3, 0, 0, 0
L 292, -2481, -6, 296, -2468, -3, 0, 0, 0
L 279, -2518, -4, 292, -2481, -6, 0, 0, 0
L 278, -2522, -3, 279, -2518, -4, 0, 0, 0
L 273, -2547, -0, 278, -2522, -3, 0, 0, 0
L 272, -2552, 1, 273, -2547, -0, 0, 0, 0
L 270, -2583, 8, 272, -2552, 1, 0, 0, 0
L 269, -2591, 10, 270, -2583, 8, 0, 0, 0
L 268, -2595, 11, 269, -2591, 10, 0, 0, 0
L 268, -2596, 11, 268, -2595, 11, 0, 0, 0
L 268, -2612, 13, 268, -2596, 11, 0, 0, 0
L 268, -2616, 13, 268, -2612, 13, 0, 0, 0
L 269, -2618, 13, 268, -2616, 13, 0, 0, 0
L 270, -2621, 14, 269, -2618, 13, 0, 0, 0
L 271, -2623, 14, 270, -2621, 14, 0, 0, 0
L 271, -2625, 14, 271, -2623, 14, 0, 0, 0
L 277, -2634, 20, 271, -2625, 14, 0, 0, 0
L 281, -2643, 25, 277, -2634, 20, 0, 0, 0
L 286, -2651, 26, 281, -2643, 25, 0, 0, 0
L 288, -2654, 25, 286, -2651, 26, 0, 0, 0
L 288, -2655, 25, 288, -2654, 25, 0, 0, 0
L 289, -2657, 25, 288, -2655, 25, 0, 0, 0
L 291, -2662, 26, 289, -2657, 25, 0, 0, 0
L 293, -2669, 28, 291, -2662, 26, 0, 0, 0
L 295, -2673, 30, 293, -2669, 28, 0, 0, 0
L 297, -2683, 34, 295, -2673, 30, 0, 0, 0
L 300, -2691, 38, 297, -2683, 34, 0, 0, 0
L 301, -2694, 39, 300, -2691, 38, 0, 0, 0
L 303, -2699, 42, 301, -2694, 39, 0, 0, 0
L 309, -2710, 48, 303, -2699, 42, 0, 0, 0
L 314, -2721, 53, 309, -2710, 48, 0, 0, 0
L 322, -2741, 61, 314, -2721, 53, 0, 0, 0
L 327, -2753, 65, 322, -2741, 61, 0, 0, 0
L 328, -2754, 65, 327, -2753, 65, 0, 0, 0
L 329, -2757, 67, 328, -2754, 65, 0, 0, 0
L 330, -2760, 68, 329, -2757, 67, 0, 0, 0
L 330, -2763, 70, 330, -2760, 68, 0, 0, 0
L 331, -2767, 72, 330, -2763, 70, 0, 0, 0
L 331, -2782, 78, 331, -2767, 72, 0, 0, 0
L 331, -2791, 82, 331, -2782, 78, 0, 0, 0
L 330, -2795, 84, 331, -2791, 82, 0, 0, 0
L 329, -2799, 85, 330, -2795, 84, 0, 0, 0
L 329, -2803, 87, 329, -2799, 85, 0, 0, 0
L 327, -2811, 89, 329, -2803, 87, 0, 0, 0
L 325, -2821, 90, 327, -2811, 89, 0, 0, 0
L 322, -2830, 91, 325, -2821, 90, 0, 0, 0
L 312, -2858, 95, 322, -2830, 91, 0, 0, 0
L 296, -2897, 98, 312, -2858, 95, 0, 0, 0
L 289, -2919, 100, 296, -2897, 98, 0, 0, 0
L 282, -2936, 101, 289, -2919, 100, 0, 0, 0
L 276, -2951, 101, 282, -2936, 101, 0, 0, 0
L 265, -2980, 99, 276, -2951, 101, 0, 0, 0
L 261, -2990, 98, 265, -2980, 99, 0, 0, 0
L 261, -2992, 98, 261, -2990, 98, 0, 0, 0
L 258, -2998, 97, 261, -2992, 98, 0, 0, 0
L 256, -3001, 97, 258, -2998, 97, 0, 0, 0
L 255, -3004, 96, 256, -3001, 97, 0, 0, 0
L 255, -3005, 96, 255, -3004, 96, 0, 0, 0
L 253, -3014, 95, 255, -3005, 96, 0, 0, 0
L 252, -3057, 88, 253, -3014, 95, 0, 0, 0
L 252, -3058, 87, 252, -3057, 88, 0, 0, 0
L 252, -3063, 86, 252, -3058, 87, 0, 0, 0
L 253, -3066, 85, 252, -3063, 86, 0, 0, 0
L 254, -3070, 85, 253, -3066, 85, 0, 0, 0
L 255, -3074, 84, 254, -3070, 85, 0, 0, 0
L 256, -3075, 84, 255, -3074, 84, 0, 0, 0
L 266, -3095, 77, 256, -3075, 84, 0, 0, 0
L 268, -3098, 77, 266, -3095, 77, 0, 0, 0
L 286, -3123, 70, 268, -3098, 77, 0, 0, 0
L 309, -3155, 58, 286, -3123, 70, 0, 0, 0
L 310, -3157, 58, 309, -3155, 58, 0, 0, 0
L 311, -3158, 57, 310, -3157, 58, 0, 0, 0
L 312, -3159, 57, 311, -3158, 57, 0, 0, 0
L 313, -3161, 57, 312, -3159, 57, 0, 0, 0
L 315, -3162, 57, 313, -3161, 57, 0, 0, 0
L 322, -3167, 56, 315, -3162, 57, 0, 0, 0
L 339, -3178, 52, 322, -3167, 56, 0, 0, 0
L 366, -3195, 44, 339, -3178, 52, 0, 0, 0
L 398, -3213, 37, 366, -3195, 44, 0, 0, 0
L 403, -3216, 36, 398, -3213, 37, 0, 0, 0
L 404, -3216, 35, 403, -3216, 36, 0, 0, 0
L 473, -3239, 33, 404, -3216, 35, 0, 0, 0
L 482, -3242, 33, 473, -3239, 33, 0, 0, 0
L 511, -3250, 33, 482, -3242, 33, 0, 0, 0
L 512, -3250, 32, 511, -3250, 33, 0, 0, 0
L 523, -3251, 32, 512, -3250, 32, 0, 0, 0
L 532, -3250, 33, 523, -3251, 32, 0, 0, 0
L 541, -3249, 33, 532, -3250, 33, 0, 0, 0
L 582, -3243, 32, 541, -3249, 33, 0, 0, 0
L 638, -3230, 32, 582, -3243, 32, 0, 0, 0
L 639, -3229, 32, 638, -3230, 32, 0, 0, 0
L 648, -3225, 32, 639, -3229, 32, 0, 0, 0
L 727, -3183, 37, 648, -3225, 32, 0, 0, 0
L 735, -3178, 37, 727, -3183, 37, 0, 0, 0
L 736, -3177, 37, 735, -3178, 37, 0, 0, 0
L 758, -3161, 36, 736, -3177, 37, 0, 0, 0
L 783, -3142, 35, 758, -3161, 36, 0, 0, 0
L 792, -3134, 37, 783, -3142, 35, 0, 0, 0
L 723, -3065, 35, 736, -3045, 38, 0, 0, 0
L 710, -3083, 37, 723, -3065, 35, 0, 0, 0
L 703, -3095, 38, 710, -3083, 37, 0, 0, 0
L 693, -3110, 39, 703, -3095, 38, 0, 0, 0
L 687, -3118, 39, 693, -3110, 39, 0, 0, 0
L 686, -3120, 39, 687, -3118, 39, 0, 0, 0
L 684, -3121, 39, 686, -3120, 39, 0, 0, 0
L 682, -3124, 39, 684, -3121, 39, 0, 0, 0
L 679, -3127, 39, 682, -3124, 39, 0, 0, 0
L 669, -3136, 38, 679, -3127, 39, 0, 0, 0
L 647, -3151, 37, 669, -3136, 38, 0, 0, 0
L 640, -3156, 36, 647, -3151, 37, 0, 0, 0
L 631, -3160, 34, 640, -3156, 36, 0, 0, 0
L 623, -3165, 34, 631, -3160, 34, 0, 0, 0
L 621, -3166, 34, 623, -3165, 34, 0, 0, 0
L 618, -3167, 33, 621, -3166, 34, 0, 0, 0
L 614, -3168, 32, 618, -3167, 33, 0, 0, 0
L 612, -3169, 32, 614, -3168, 32, 0, 0, 0
L 570, -3174, 23, 612, -3169, 32, 0, 0, 0
L 560, -3174, 22, 570, -3174, 23, 0, 0, 0
L 550, -3174, 19, 560, -3174, 22, 0, 0, 0
L 549, -3174, 19, 550, -3174, 19, 0, 0, 0
L 538, -3173, 14, 549, -3174, 19, 0, 0, 0
L 528, -3172, 12, 538, -3173, 14, 0, 0, 0
L 486, -3166, 10, 528, -3172, 12, 0, 0, 0
L 483, -3166, 10, 486, -3166, 10, 0, 0, 0
L 464, -3161, 7, 483, -3166, 10, 0, 0, 0
L 460, -3159, 6, 464, -3161, 7, 0, 0, 0
L 455, -3157, 5, 460, -3159, 6, 0, 0, 0
L 447, -3153, 8, 455, -3157, 5, 0, 0, 0
L 438, -3149, 11, 447, -3153, 8, 0, 0, 0
L 428, -3143, 13, 438, -3149, 11, 0, 0, 0
L 415, -3135, 17, 428, -3143, 13, 0, 0, 0
L 409, -3130, 19, 415, -3135, 17, 0, 0, 0
L 404, -3126, 20, 409, -3130, 19, 0, 0, 0
L 389, -3112, 26, 404, -3126, 20, 0, 0, 0
L 388, -3110, 27, 389, -3112, 26, 0, 0, 0
L 386, -3108, 29, 388, -3110, 27, 0, 0, 0
L 384, -3105, 31, 386, -3108, 29, 0, 0, 0
L 376, -3084, 45, 384, -3105, 31, 0, 0, 0
L 372, -3072, 52, 376, -3084, 45, 0, 0, 0
L 371, -3069, 54, 372, -3072, 52, 0, 0, 0
L 369, -3057, 62, 371, -3069, 54, 0, 0, 0
L 368, -3055, 63, 369, -3057, 62, 0, 0, 0
L 368, -3053, 63, 368, -3055, 63, 0, 0, 0
L 367, -3049, 66, 368, -3053, 63, 0, 0, 0
L 367, -3029, 79, 367, -3049, 66, 0, 0, 0
L 367, -3023, 82, 367, -3029, 79, 0, 0, 0
L 368, -3019, 86, 367, -3023, 82, 0, 0, 0
L 369, -3014, 89, 368, -3019, 86, 0, 0, 0
L 369, -3012, 90, 369, -3014, 89, 0, 0, 0
L 370, -3009, 93, 369, -3012, 90, 0, 0, 0
L 371, -3001, 99, 370, -3009, 93, 0, 0, 0
L 371, -2999, 99, 371, -3001, 99, 0, 0, 0
L 373, -2992, 105, 371, -2999, 99, 0, 0, 0
L 375, -2988, 107, 373, -2992, 105, 0, 0, 0
L 376, -2985, 109, 375, -2988, 107, 0, 0, 0
L 377, -2984, 111, 376, -2985, 109, 0, 0, 0
L 379, -2980, 113, 377, -2984, 111, 0, 0, 0
L 384, -2973, 116, 379, -2980, 113, 0, 0, 0
L 415, -2933, 128, 384, -2973, 116, 0, 0, 0
L 430, -2916, 134, 415, -2933, 128, 0, 0, 0
L 431, -2914, 134, 430, -2916, 134, 0, 0, 0
L 432, -2913, 135, 431, -2914, 134, 0, 0, 0
L 434, -2909, 135, 432, -2913, 135, 0, 0, 0
L 435, -2908, 135, 434, -2909, 135, 0, 0, 0
L 436, -2906, 135, 435, -2908, 135, 0, 0, 0
L 437, -2903, 136, 436, -2906, 135, 0, 0, 0
L 437, -2899, 137, 437, -2903, 136, 0, 0, 0
L 438, -2892, 137, 437, -2899, 137, 0, 0, 0
L 439, -2879, 137, 438, -2892, 137, 0, 0, 0
L 438, -2868, 137, 439, -2879, 137, 0, 0, 0
L 438, -2862, 136, 438, -2868, 137, 0, 0, 0
L 435, -2842, 133, 438, -2862, 136, 0, 0, 0
L 432, -2826, 129, 435, -2842, 133, 0, 0, 0
L 431, -2818, 128, 432, -2826, 129, 0, 0, 0
L 431, -2811, 126, 431, -2818, 128, 0, 0, 0
L 430, -2794, 118, 431, -2811, 126, 0, 0, 0
L 427, -2779, 111, 430, -2794, 118, 0, 0, 0
L 425, -2771, 107, 427, -2779, 111, 0, 0, 0
L 424, -2768, 105, 425, -2771, 107, 0, 0, 0
L 421, -2760, 100, 424, -2768, 105, 0, 0, 0
L 420, -2757, 98, 421, -2760, 100, 0, 0, 0
L 416, -2750, 92, 420, -2757, 98, 0, 0, 0
L 394, -2714, 58, 416, -2750, 92, 0, 0, 0
L 379, -2688, 38, 394, -2714, 58, 0, 0, 0
L 373, -2678, 31, 379, -2688, 38, 0, 0, 0
L 358, -2650, 13, 373, -2678, 31, 0, 0, 0
L 349, -2632, 11, 358, -2650, 13, 0, 0, 0
L 338, -2610, 8, 349, -2632, 11, 0, 0, 0
L 334, -2599, 8, 338, -2610, 8, 0, 0, 0
L 333, -2597, 8, 334, -2599, 8, 0, 0, 0
L 333, -2588, 5, 333, -2597, 8, 0, 0, 0
L 333, -2586, 5, 333, -2588, 5, 0, 0, 0
L 334, -2576, 5, 333, -2586, 5, 0, 0, 0
L 336, -2566, 4, 334, -2576, 5, 0, 0, 0
L 336, -2563, 4, 336, -2566, 4, 0, 0, 0
L 338, -2551, 3, 336, -2563, 4, 0, 0, 0
L 338, -2538, 1, 338, -2551, 3, 0, 0, 0
L 338, -2536, 1, 338, -2538, 1, 0, 0, 0
L 342, -2521, -0, 338, -2536, 1, 0, 0, 0
L 342, -2520, -0, 342, -2521, -0, 0, 0, 0
L 348, -2506, -2, 342, -2520, -0, 0, 0, 0
L 366, -2478, -3, 348, -2506, -2, 0, 0, 0
L 386, -2446, -3, 366, -2478, -3, 0, 0, 0
L 395, -2432, -4, 386, -2446, -3, 0, 0, 0
L 411, -2425, -3, 413, -2425, -3, 0, 0, 0
L 405, -2427, -4, 411, -2425, -3, 0, 0, 0
L 403, -2427, -3, 405, -2427, -4, 0, 0, 0
L 394, -2430, -3, 403, -2427, -3, 0, 0, 0
L 365, -2443, -3, 394, -2430, -3, 0, 0, 0
L 364, -2444, -3, 365, -2443, -3, 0, 0, 0
L 356, -2444, -3, 364, -2444, -3, 0, 0, 0
L 320, -2447, -3, 356, -2444, -3, 0, 0, 0
L 318, -2447, -3, 320, -2447, -3, 0, 0, 0
L 312, -2450, -3, 318, -2447, -3, 0, 0, 0
L 304, -2456, -4, 312, -2450, -3, 0, 0, 0
L 291, -2466, -4, 304, -2456, -4, 0, 0, 0
L 286, -2468, -3, 291, -2466, -4, 0, 0, 0
L 160, -2386, 0, 161, -2383, -4, 0, 0, 0
L 158, -2389, 4, 160, -2386, 0, 0, 0, 0
L 157, -2391, 6, 158, -2389, 4, 0, 0, 0
L 156, -2393, 9, 157, -2391, 6, 0, 0, 0
L 152, -2399, 17, 156, -2393, 9, 0, 0, 0
L 149, -2404, 25, 152, -2399, 17, 0, 0, 0
L 148, -2406, 27, 149, -2404, 25, 0, 0, 0
L 147, -2408, 28, 148, -2406, 27, 0, 0, 0
L 146, -2409, 30, 147, -2408, 28, 0, 0, 0
L 145, -2411, 32, 146, -2409, 30, 0, 0, 0
L 145, -2413, 33, 145, -2411, 32, 0, 0, 0
L 139, -2421, 34, 145, -2413, 33, 0, 0, 0
L 136, -2425, 36, 139, -2421, 34, 0, 0, 0
L 128, -2438, 41, 136, -2425, 36, 0, 0, 0
L 127, -2440, 41, 128, -2438, 41, 0, 0, 0
L 122, -2450, 40, 127, -2440, 41, 0, 0, 0
L 121, -2451, 39, 122, -2450, 40, 0, 0, 0
L 120, -2453, 37, 121, -2451, 39, 0, 0, 0
L 115, -2456, 31, 120, -2453, 37, 0, 0, 0
L 114, -2458, 26, 115, -2456, 31, 0, 0, 0
L 114, -2460, 23, 114, -2458, 26, 0, 0, 0
L 113, -2462, 21, 114, -2460, 23, 0, 0, 0
L 103, -2463, 12, 113, -2462, 21, 0, 0, 0
L 80, -2465, -18, 103, -2463, 12, 0, 0, 0
L 78, -2465, -20, 80, -2465, -18, 0, 0, 0
L 75, -2467, -32, 78, -2465, -20, 0, 0, 0
L 66, -2475, -32, 75, -2467, -32, 0, 0, 0
L 63, -2480, -32, 66, -2475, -32, 0, 0, 0
L 60, -2486, -32, 63, -2480, -32, 0, 0, 0
L 59, -2487, -32, 60, -2486, -32, 0, 0, 0
L 56, -2492, -32, 59, -2487, -32, 0, 0, 0
L 49, -2500, -31, 56, -2492, -32, 0, 0, 0
L 40, -2512, -31, 49, -2500, -31, 0, 0, 0
L 39, -2515, -31, 40, -2512, -31, 0, 0, 0
L 37, -2518, -31, 39, -2515, -31, 0, 0, 0
L 34, -2524, -31, 37, -2518, -31, 0, 0, 0
L 33, -2527, -31, 34, -2524, -31, 0, 0, 0
L 31, -2532, -31, 33, -2527, -31, 0, 0, 0
L 31, -2569, -31, 31, -2532, -31, 0, 0, 0
L 30, -2572, -31, 31, -2569, -31, 0, 0, 0
L 29, -2574, -31, 30, -2572, -31, 0, 0, 0
L 23, -2586, -30, 29, -2574, -31, 0, 0, 0
L 21, -2590, -30, 23, -2586, -30, 0, 0, 0
L 19, -2597, -30, 21, -2590, -30, 0, 0, 0
L 15, -2603, -30, 19, -2597, -30, 0, 0, 0
L 14, -2606, -30, 15, -2603, -30, 0, 0, 0
L 12, -2608, -29, 14, -2606, -30, 0, 0, 0
L -30, -2707, -29, 12, -2608, -29, 0, 0, 0
L -32, -2709, -29, -30, -2707, -29, 0, 0, 0
L -36, -2720, -29, -32, -2709, -29, 0, 0, 0
L -39, -2723, -29, -36, -2720, -29, 0, 0, 0
L -48, -2734, -28, -39, -2723, -29, 0, 0, 0
L -48, -2735, -28, -48, -2734, -28, 0, 0, 0
L -54, -2744, -28, -48, -2735, -28, 0, 0, 0
L -57, -2747, -28, -54, -2744, -28, 0, 0, 0
L -60, -2753, -28, -57, -2747, -28, 0, 0, 0
L -65, -2762, -28, -60, -2753, -28, 0, 0, 0
L -71, -2774, -28, -65, -2762, -28, 0, 0, 0
L -77, -2790, -28, -71, -2774, -28, 0, 0, 0
L -78, -2793, -27, -77, -2790, -28, 0, 0, 0
L -80, -2797, -27, -78, -2793, -27, 0, 0, 0
L -80, -2801, -27, -80, -2797, -27, 0, 0, 0
L -83, -2810, -27, -80, -2801, -27, 0, 0, 0
L -84, -2819, -27, -83, -2810, -27, 0, 0, 0
L -86, -2828, -27, -84, -2819, -27, 0, 0, 0
L -88, -2841, -26, -86, -2828, -27, 0, 0, 0
L -96, -2871, -26, -88, -2841, -26, 0, 0, 0
L -98, -2879, -25, -96, -2871, -26, 0, 0, 0
L -107, -2911, -25, -98, -2879, -25, 0, 0, 0
L -109, -2923, -25, -107, -2911, -25, 0, 0, 0
L -109, -2943, -25, -109, -2923, -25, 0, 0, 0
L -109, -2947, -24, -109, -2943, -25, 0, 0, 0
L -108, -2951, -24, -109, -2947, -24, 0, 0, 0
L -107, -2958, -24, -108, -2951, -24, 0, 0, 0
L -107, -2965, -24, -107, -2958, -24, 0, 0, 0
L -106, -2974, -24, -107, -2965, -24, 0, 0, 0
L -105, -2980, -24, -106, -2974, -24, 0, 0, 0
L -106, -2982, -23, -105, -2980, -24, 0, 0, 0
L -106, -2996, -23, -106, -2982, -23, 0, 0, 0
L -107, -3004, -22, -106, -2996, -23, 0, 0, 0
L -108, -3007, -21, -107, -3004, -22, 0, 0, 0
L -109, -3036, -20, -108, -3007, -21, 0, 0, 0
L -111, -3044, -20, -109, -3036, -20, 0, 0, 0
L -111, -3059, -20, -111, -3044, -20, 0, 0, 0
L -106, -3073, -20, -111, -3059, -20, 0, 0, 0
L -105, -3077, -20, -106, -3073, -20, 0, 0, 0
L -103, -3080, -19, -105, -3077, -20, 0, 0, 0
L -99, -3086, -20, -103, -3080, -19, 0, 0, 0
L -96, -3091, -19, -99, -3086, -20, 0, 0, 0
L -93, -3095, -19, -96, -3091, -19, 0, 0, 0
L -85, -3104, -19, -93, -3095, -19, 0, 0, 0
L -83, -3107, -19, -85, -3104, -19, 0, 0, 0
L -81, -3111, -19, -83, -3107, -19, 0, 0, 0
L -76, -3118, -19, -81, -3111, -19, 0, 0, 0
L -74, -3124, -19, -76, -3118, -19, 0, 0, 0
L -70, -3133, -18, -74, -3124, -19, 0, 0, 0
L -67, -3142, -18, -70, -3133, -18, 0, 0, 0
L -66, -3147, -18, -67, -3142, -18, 0, 0, 0
L -66, -3154, -17, -66, -3147, -18, 0, 0, 0
L -66, -3155, -17, -66, -3154, -17, 0, 0, 0
L -60, -3174, -16, -66, -3155, -17, 0, 0, 0
L -57, -3183, -16, -60, -3174, -16, 0, 0, 0
L -55, -3192, -16, -57, -3183, -16, 0, 0, 0
L -54, -3195, -16, -55, -3192, -16, 0, 0, 0
L -50, -3211, -16, -54, -3195, -16, 0, 0, 0
L -49, -3214, -16, -50, -3211, -16, 0, 0, 0
L -48, -3218, -15, -49, -3214, -16, 0, 0, 0
L -44, -3225, -16, -48, -3218, -15, 0, 0, 0
L -43, -3228, -15, -44, -3225, -16, 0, 0, 0
L -41, -3231, -15, -43, -3228, -15, 0, 0, 0
L -40, -3233, -15, -41, -3231, -15, 0, 0, 0
L -36, -3238, -15, -40, -3233, -15, 0, 0, 0
L -28, -3247, -15, -36, -3238, -15, 0, 0, 0
L -3, -3273, -14, -28, -3247, -15, 0, 0, 0
L -0, -3275, -14, -3, -3273, -14, 0, 0, 0
L 2, -3278, -14, -0, -3275, -14, 0, 0, 0
L 3, -3281, -14, 2, -3278, -14, 0, 0, 0
L 9, -3290, -14, 3, -3281, -14, 0, 0, 0
L 10, -3292, -14, 9, -3290, -14, 0, 0, 0
L 11, -3296, -13, 10, -3292, -14, 0, 0, 0
L 12, -3300, -13, 11, -3296, -13, 0, 0, 0
L 16, -3305, -13, 12, -3300, -13, 0, 0, 0
L 18, -3307, -13, 16, -3305, -13, 0, 0, 0
L 21, -3309, -12, 18, -3307, -13, 0, 0, 0
L 36, -3326, -11, 21, -3309, -12, 0, 0, 0
L 41, -3330, -10, 36, -3326, -11, 0, 0, 0
L 50, -3334, -10, 41, -3330, -10, 0, 0, 0
L 57, -3337, -9, 50, -3334, -10, 0, 0, 0
L 59, -3337, -9, 57, -3337, -9, 0, 0, 0
L 68, -3340, -9, 59, -3337, -9, 0, 0, 0
L 70, -3341, -9, 68, -3340, -9, 0, 0, 0
L 72, -3342, -8, 70, -3341, -9, 0, 0, 0
L 73, -3342, -8, 72, -3342, -8, 0, 0, 0
L 75, -3345, -8, 73, -3342, -8, 0, 0, 0
L 77, -3347, -8, 75, -3345, -8, 0, 0, 0
L 79, -3350, -8, 77, -3347, -8, 0, 0, 0
L 81, -3352, -8, 79, -3350, -8, 0, 0, 0
L 84, -3357, -8, 81, -3352, -8, 0, 0, 0
L 84, -3363, -7, 84, -3357, -8, 0, 0, 0
L 84, -3365, -7, 84, -3363, -7, 0, 0, 0
L 88, -3372, -6, 84, -3365, -7, 0, 0, 0
L 97, -3387, -6, 88, -3372, -6, 0, 0, 0
L 102, -3393, -5, 97, -3387, -6, 0, 0, 0
L 103, -3395, -5, 102, -3393, -5, 0, 0, 0
L 110, -3402, -5, 103, -3395, -5, 0, 0, 0
L 113, -3404, -4, 110, -3402, -5, 0, 0, 0
L 119, -3408, -4, 113, -3404, -4, 0, 0, 0
L 131, -3414, -4, 119, -3408, -4, 0, 0, 0
L 140, -3418, -3, 131, -3414, -4, 0, 0, 0
L 149, -3421, -3, 140, -3418, -3, 0, 0, 0
L 179, -3433, -2, 149, -3421, -3, 0, 0, 0
L 221, -3447, 0, 179, -3433, -2, 0, 0, 0
L 294, -3476, 3, 221, -3447, 0, 0, 0, 0
L 300, -3479, 4, 294, -3476, 3, 0, 0, 0
L 318, -3489, 4, 300, -3479, 4, 0, 0, 0
L 328, -3495, 5, 318, -3489, 4, 0, 0, 0
L 337, -3500, 5, 328, -3495, 5, 0, 0, 0
L 354, -3507, 6, 337, -3500, 5, 0, 0, 0
L 366, -3511, 6, 354, -3507, 6, 0, 0, 0
L 391, -3519, 8, 366, -3511, 6, 0, 0, 0
L 409, -3523, 8, 391, -3519, 8, 0, 0, 0
L 416, -3524, 9, 409, -3523, 8, 0, 0, 0
L 425, -3526, 9, 416, -3524, 9, 0, 0, 0
L 432, -3526, 9, 425, -3526, 9, 0, 0, 0
L 448, -3527, 10, 432, -3526, 9, 0, 0, 0
L 457, -3526, 10, 448, -3527, 10, 0, 0, 0
L 467, -3526, 11, 457, -3526, 10, 0, 0, 0
L 489, -3523, 11, 467, -3526, 11, 0, 0, 0
L 544, -3510, 14, 489, -3523, 11, 0, 0, 0
L 573, -3503, 14, 544, -3510, 14, 0, 0, 0
L 591, -3496, 15, 573, -3503, 14, 0, 0, 0
L 617, -3485, 15, 591, -3496, 15, 0, 0, 0
L 634, -3477, 16, 617, -3485, 15, 0, 0, 0
L 652, -3467, 17, 634, -3477, 16, 0, 0, 0
L 660, -3463, 17, 652, -3467, 17, 0, 0, 0
L 664, -3460, 17, 660, -3463, 17, 0, 0, 0
L 672, -3454, 18, 664, -3460, 17, 0, 0, 0
L 677, -3449, 18, 672, -3454, 18, 0, 0, 0
L 693, -3433, 20, 677, -3449, 18, 0, 0, 0
L 698, -3428, 20, 693, -3433, 20, 0, 0, 0
L 733, -3400, 22, 698, -3428, 20, 0, 0, 0
L 741, -3394, 24, 733, -3400, 22, 0, 0, 0
L 752, -3383, 24, 741, -3394, 24, 0, 0, 0
L 753, -3382, 25, 752, -3383, 24, 0, 0, 0
L 754, -3381, 25, 753, -3382, 25, 0, 0, 0
L 763, -3368, 25, 754, -3381, 25, 0, 0, 0
L 767, -3362, 26, 763, -3368, 25, 0, 0, 0
L 769, -3357, 26, 767, -3362, 26, 0, 0, 0
L 774, -3348, 27, 769, -3357, 26, 0, 0, 0
L 778, -3340, 27, 774, -3348, 27, 0, 0, 0
L 791, -3309, 29, 778, -3340, 27, 0, 0, 0
L 799, -3288, 30, 791, -3309, 29, 0, 0, 0
L 800, -3286, 31, 799, -3288, 30, 0, 0, 0
L 802, -3282, 31, 800, -3286, 31, 0, 0, 0
L 805, -3279, 32, 802, -3282, 31, 0, 0, 0
L 818, -3264, 33, 805, -3279, 32, 0, 0, 0
L 821, -3261, 33, 818, -3264, 33, 0, 0, 0
L 823, -3258, 33, 821, -3261, 33, 0, 0, 0
L 830, -3247, 34, 823, -3258, 33, 0, 0, 0
L 836, -3235, 36, 830, -3247, 34, 0, 0, 0
L 837, -3233, 36, 836, -3235, 36, 0, 0, 0
L 840, -3225, 37, 837, -3233, 36, 0, 0, 0
L 841, -3217, 37, 840, -3225, 37, 0, 0, 0
L 843, -3209, 38, 841, -3217, 37, 0, 0, 0
L 844, -3204, 38, 843, -3209, 38, 0, 0, 0
L 845, -3195, 39, 844, -3204, 38, 0, 0, 0
L 847, -3192, 39, 845, -3195, 39, 0, 0, 0
L 856, -3177, 44, 847, -3192, 39, 0, 0, 0
L 856, -3174, 44, 856, -3177, 44, 0, 0, 0
L 856, -3172, 46, 856, -3174, 44, 0, 0, 0
L 854, -3169, 44, 856, -3172, 46, 0, 0, 0
L 853, -3167, 43, 854, -3169, 44, 0, 0, 0
L 849, -3159, 37, 853, -3167, 43, 0, 0, 0
L 518, -2369, 20, 514, -2370, 14, 0, 0, 0
L 520, -2369, 21, 518, -2369, 20, 0, 0, 0
L 522, -2369, 23, 520, -2369, 21, 0, 0, 0
L 522, -2371, 24, 522, -2369, 23, 0, 0, 0
L 522, -2376, 27, 522, -2371, 24, 0, 0, 0
L 523, -2378, 28, 522, -2376, 27, 0, 0, 0
L 528, -2384, 33, 523, -2378, 28, 0, 0, 0
L 534, -2392, 38, 528, -2384, 33, 0, 0, 0
L 535, -2394, 39, 534, -2392, 38, 0, 0, 0
L 537, -2395, 39, 535, -2394, 39, 0, 0, 0
L 538, -2396, 40, 537, -2395, 39, 0, 0, 0
L 539, -2397, 40, 538, -2396, 40, 0, 0, 0
L 545, -2399, 34, 539, -2397, 40, 0, 0, 0
L 547, -2399, 32, 545, -2399, 34, 0, 0, 0
L 554, -2405, 20, 547, -2399, 32, 0, 0, 0
L 555, -2406, 20, 554, -2405, 20, 0, 0, 0
L 557, -2407, 20, 555, -2406, 20, 0, 0, 0
L 566, -2406, 9, 557, -2407, 20, 0, 0, 0
L 568, -2406, 6, 566, -2406, 9, 0, 0, 0
L 569, -2407, 5, 568, -2406, 6, 0, 0, 0
L 571, -2409, 5, 569, -2407, 5, 0, 0, 0
L 582, -2426, 6, 571, -2409, 5, 0, 0, 0
L 587, -2434, 6, 582, -2426, 6, 0, 0, 0
L 589, -2436, 6, 587, -2434, 6, 0, 0, 0
L 597, -2448, 8, 589, -2436, 6, 0, 0, 0
L 600, -2451, 8, 597, -2448, 8, 0, 0, 0
L 603, -2456, 9, 600, -2451, 8, 0, 0, 0
L 608, -2463, 10, 603, -2456, 9, 0, 0, 0
L 619, -2482, 11, 608, -2463, 10, 0, 0, 0
L 629, -2497, 14, 619, -2482, 11, 0, 0, 0
L 630, -2499, 14, 629, -2497, 14, 0, 0, 0
L 632, -2501, 14, 630, -2499, 14, 0, 0, 0
L 637, -2507, 15, 632, -2501, 14, 0, 0, 0
L 638, -2508, 15, 637, -2507, 15, 0, 0, 0
L 642, -2511, 16, 638, -2508, 15, 0, 0, 0
L 650, -2517, 19, 642, -2511, 16, 0, 0, 0
L 658, -2524, 21, 650, -2517, 19, 0, 0, 0
L 661, -2527, 22, 658, -2524, 21, 0, 0, 0
L 667, -2532, 24, 661, -2527, 22, 0, 0, 0
L 675, -2544, 25, 667, -2532, 24, 0, 0, 0
L 681, -2554, 26, 675, -2544, 25, 0, 0, 0
L 684, -2559, 26, 681, -2554, 26, 0, 0, 0
L 689, -2569, 27, 684, -2559, 26, 0, 0, 0
L 691, -2573, 27, 689, -2569, 27, 0, 0, 0
L 693, -2578, 28, 691, -2573, 27, 0, 0, 0
L 694, -2579, 28, 693, -2578, 28, 0, 0, 0
L 696, -2586, 28, 694, -2579, 28, 0, 0, 0
L 697, -2587, 29, 696, -2586, 28, 0, 0, 0
L 701, -2596, 31, 697, -2587, 29, 0, 0, 0
L 702, -2598, 31, 701, -2596, 31, 0, 0, 0
L 702, -2602, 31, 702, -2598, 31, 0, 0, 0
L 703, -2605, 31, 702, -2602, 31, 0, 0, 0
L 704, -2609, 31, 703, -2605, 31, 0, 0, 0
L 705, -2614, 32, 704, -2609, 31, 0, 0, 0
L 705, -2619, 32, 705, -2614, 32, 0, 0, 0
L 706, -2621, 32, 705, -2619, 32, 0, 0, 0
L 708, -2629, 33, 706, -2621, 32, 0, 0, 0
L 710, -2635, 33, 708, -2629, 33, 0, 0, 0
L 710, -2637, 33, 710, -2635, 33, 0, 0, 0
L 710, -2638, 34, 710, -2637, 33, 0, 0, 0
L 711, -2640, 34, 710, -2638, 34, 0, 0, 0
L 720, -2662, 38, 711, -2640, 34, 0, 0, 0
L 722, -2666, 39, 720, -2662, 38, 0, 0, 0
L 722, -2667, 39, 722, -2666, 39, 0, 0, 0
L 724, -2669, 40, 722, -2667, 39, 0, 0, 0
L 725, -2672, 40, 724, -2669, 40, 0, 0, 0
L 726, -2681, 38, 726, -2681, 37, 0, 0, 0
L 729, -2687, 38, 726, -2681, 38, 0, 0, 0
L 735, -2699, 39, 729, -2687, 38, 0, 0, 0
L 740, -2707, 39, 735, -2699, 39, 0, 0, 0
L 741, -2708, 39, 740, -2707, 39, 0, 0, 0
L 745, -2713, 40, 741, -2708, 39, 0, 0, 0
L 751, -2719, 41, 745, -2713, 40, 0, 0, 0
L 753, -2721, 41, 751, -2719, 41, 0, 0, 0
L 755, -2724, 41, 753, -2721, 41, 0, 0, 0
L 760, -2727, 41, 755, -2724, 41, 0, 0, 0
L 761, -2729, 41, 760, -2727, 41, 0, 0, 0
L 762, -2730, 41, 761, -2729, 41, 0, 0, 0
L 770, -2735, 41, 762, -2730, 41, 0, 0, 0
L 781, -2741, 41, 770, -2735, 41, 0, 0, 0
L 791, -2745, 39, 781, -2741, 41, 0, 0, 0
L 801, -2748, 39, 791, -2745, 39, 0, 0, 0
L 802, -2748, 38, 801, -2748, 39, 0, 0, 0
L 803, -2751, 38, 802, -2748, 38, 0, 0, 0
L 804, -2753, 38, 803, -2751, 38, 0, 0, 0
L 804, -2754, 38, 804, -2753, 38, 0, 0, 0
L 805, -2755, 38, 804, -2754, 38, 0, 0, 0
L 812, -2765, 38, 805, -2755, 38, 0, 0, 0
L 813, -2766, 38, 812, -2765, 38, 0, 0, 0
L 813, -2768, 38, 813, -2766, 38, 0, 0, 0
L 814, -2772, 38, 813, -2768, 38, 0, 0, 0
L 816, -2778, 38, 814, -2772, 38, 0, 0, 0
L 816, -2782, 38, 816, -2778, 38, 0, 0, 0
L 816, -2784, 39, 816, -2782, 38, 0, 0, 0
L 817, -2785, 39, 816, -2784, 39, 0, 0, 0
L 825, -2804, 39, 817, -2785, 39, 0, 0, 0
L 826, -2806, 39, 825, -2804, 39, 0, 0, 0
L 827, -2807, 39, 826, -2806, 39, 0, 0, 0
L 828, -2811, 39, 827, -2807, 39, 0, 0, 0
L 829, -2813, 39, 828, -2811, 39, 0, 0, 0
L 830, -2816, 39, 829, -2813, 39, 0, 0, 0
L 830, -2818, 39, 830, -2816, 39, 0, 0, 0
L 832, -2820, 39, 830, -2818, 39, 0, 0, 0
L 838, -2824, 39, 832, -2820, 39, 0, 0, 0
L 843, -2829, 39, 838, -2824, 39, 0, 0, 0
L 843, -2830, 39, 843, -2829, 39, 0, 0, 0
L 850, -2832, 39, 843, -2830, 39, 0, 0, 0
L 861, -2836, 38, 850, -2832, 39, 0, 0, 0
L 867, -2839, 38, 861, -2836, 38, 0, 0, 0
L 868, -2840, 38, 867, -2839, 38, 0, 0, 0
L 869, -2843, 38, 868, -2840, 38, 0, 0, 0
L 869, -2845, 38, 869, -2843, 38, 0, 0, 0
L 868, -2846, 39, 869, -2845, 38, 0, 0, 0
L 867, -2849, 39, 868, -2846, 39, 0, 0, 0
L 868, -2854, 39, 867, -2849, 39, 0, 0, 0
L 869, -2856, 38, 868, -2854, 39, 0, 0, 0
L 871, -2858, 39, 869, -2856, 38, 0, 0, 0
L 874, -2861, 39, 871, -2858, 39, 0, 0, 0
L 875, -2863, 39, 874, -2861, 39, 0, 0, 0
L 878, -2864, 39, 875, -2863, 39, 0, 0, 0
L 881, -2867, 39, 878, -2864, 39, 0, 0, 0
L 885, -2880, 39, 881, -2867, 39, 0, 0, 0
L 886, -2909, 39, 885, -2880, 39, 0, 0, 0
L 886, -2916, 39, 886, -2909, 39, 0, 0, 0
L 885, -2926, 39, 886, -2916, 39, 0, 0, 0
L 884, -2928, 39, 885, -2926, 39, 0, 0, 0
L 882, -2930, 39, 884, -2928, 39, 0, 0, 0
L 882, -2932, 39, 882, -2930, 39, 0, 0, 0
L 881, -2937, 39, 882, -2932, 39, 0, 0, 0
L 875, -2947, 39, 881, -2937, 39, 0, 0, 0
L 872, -2951, 39, 875, -2947, 39, 0, 0, 0
L 871, -2953, 39, 872, -2951, 39, 0, 0, 0
L 870, -2954, 39, 871, -2953, 39, 0, 0, 0
L 868, -2969, 39, 870, -2954, 39, 0, 0, 0
L 868, -2976, 39, 868, -2969, 39, 0, 0, 0
L 865, -2991, 39, 868, -2976, 39, 0, 0, 0
L 862, -2998, 39, 865, -2991, 39, 0, 0, 0
L 861, -3019, 39, 862, -2998, 39, 0, 0, 0
L 861, -3036, 39, 861, -3019, 39, 0, 0, 0
L 858, -3047, 37, 861, -3036, 39, 0, 0, 0
L 858, -3048, 37, 858, -3047, 37, 0, 0, 0
L 856, -3052, 37, 858, -3048, 37, 0, 0, 0
L 856, -3054, 37, 856, -3052, 37, 0, 0, 0
L 854, -3055, 36, 856, -3054, 37, 0, 0, 0
L 853, -3056, 36, 854, -3055, 36, 0, 0, 0
L 843, -3064, 37, 853, -3056, 36, 0, 0, 0
L 841, -3065, 37, 843, -3064, 37, 0, 0, 0
L 840, -3066, 37, 841, -3065, 37, 0, 0, 0
L 838, -3067, 37, 840, -3066, 37, 0, 0, 0
L 833, -3074, 38, 838, -3067, 37, 0, 0, 0
L 832, -3075, 38, 833, -3074, 38, 0, 0, 0
L 830, -3080, 39, 832, -3075, 38, 0, 0, 0
L 830, -3082, 39, 830, -3080, 39, 0, 0, 0
L 829, -3083, 39, 830, -3082, 39, 0, 0, 0
L 827, -3093, 39, 829, -3083, 39, 0, 0, 0
L 827, -3094, 39, 827, -3093, 39, 0, 0, 0
L 829, -3098, 39, 827, -3094, 39, 0, 0, 0
L 829, -3100, 39, 829, -3098, 39, 0, 0, 0
L 837, -3108, 39, 829, -3100, 39, 0, 0, 0
L 839, -3109, 39, 837, -3108, 39, 0, 0, 0
L 841, -3109, 39, 839, -3109, 39, 0, 0, 0
L 843, -3108, 39, 841, -3109, 39, 0, 0, 0
L 846, -3111, 40, 843, -3108, 39, 0, 0, 0
L 850, -3115, 40, 846, -3111, 40, 0, 0, 0
L 853, -3117, 40, 850, -3115, 40, 0, 0, 0
L 854, -3118, 40, 853, -3117, 40, 0, 0, 0
L 856, -3119, 40, 854, -3118, 40, 0, 0, 0
L 854, -3124, 40, 856, -3119, 40, 0, 0, 0
L 853, -3127, 40, 854, -3124, 40, 0, 0, 0
L 852, -3129, 40, 853, -3127, 40, 0, 0, 0
L 850, -3135, 39, 852, -3129, 40, 0, 0, 0
L 848, -3142, 39, 850, -3135, 39, 0, 0, 0
L 848, -3147, 39, 848, -3142, 39, 0, 0, 0
L 849, -3157, 41, 848, -3147, 39, 0, 0, 0
L 849, -3159, 43, 849, -3157, 41, 0, 0, 0
L 843, -3159, 43, 849, -3159, 43, 0, 0, 0
L 831, -3155, 43, 843, -3159, 43, 0, 0, 0
L 830, -3154, 43, 831, -3155, 43, 0, 0, 0
L 817, -3145, 43, 830, -3154, 43, 0, 0, 0
L 809, -3140, 43, 817, -3145, 43, 0, 0, 0
L 801, -3134, 43, 809, -3140, 43, 0, 0, 0
L 800, -3133, 43, 801, -3134, 43, 0, 0, 0
L 794, -3129, 43, 800, -3133, 43, 0, 0, 0
L 784, -3124, 43, 794, -3129, 43, 0, 0, 0
L 783, -3123, 43, 784, -3124, 43, 0, 0, 0
L 781, -3122, 43, 783, -3123, 43, 0, 0, 0
L 780, -3121, 43, 781, -3122, 43, 0, 0, 0
L 779, -3119, 43, 780, -3121, 43, 0, 0, 0
L 769, -3107, 43, 779, -3119, 43, 0, 0, 0
L 763, -3099, 43, 769, -3107, 43, 0, 0, 0
L 761, -3096, 43, 763, -3099, 43, 0, 0, 0
L 758, -3090, 43, 761, -3096, 43, 0, 0, 0
L 744, -3064, 43, 758, -3090, 43, 0, 0, 0
L 738, -3052, 42, 744, -3064, 43, 0, 0, 0
L 733, -3044, 42, 738, -3052, 42, 0, 0, 0
L 731, -3041, 43, 733, -3044, 42, 0, 0, 0
L 730, -3039, 43, 731, -3041, 43, 0, 0, 0
L 720, -3029, 42, 730, -3039, 43, 0, 0, 0
L 718, -3028, 42, 720, -3029, 42, 0, 0, 0
L 713, -3024, 43, 718, -3028, 42, 0, 0, 0
L 704, -3017, 42, 713, -3024, 43, 0, 0, 0
L 696, -3012, 43, 704, -3017, 42, 0, 0, 0
L 671, -2996, 42, 696, -3012, 43, 0, 0, 0
L 670, -2995, 42, 671, -2996, 42, 0, 0, 0
L 665, -2991, 42, 670, -2995, 42, 0, 0, 0
L 657, -2984, 43, 665, -2991, 42, 0, 0, 0
L 656, -2982, 42, 657, -2984, 43, 0, 0, 0
L 640, -2964, 42, 656, -2982, 42, 0, 0, 0
L 639, -2963, 42, 640, -2964, 42, 0, 0, 0
L 636, -2961, 43, 639, -2963, 42, 0, 0, 0
L 632, -2959, 43, 636, -2961, 43, 0, 0, 0
L 624, -2956, 42, 632, -2959, 43, 0, 0, 0
L 594, -2945, 43, 624, -2956, 42, 0, 0, 0
L 582, -2932, 44, 594, -2945, 43, 0, 0, 0
L 581, -2931, 44, 582, -2932, 44, 0, 0, 0
L 582, -2930, 44, 581, -2931, 44, 0, 0, 0
L 584, -2926, 44, 582, -2930, 44, 0, 0, 0
L 585, -2925, 44, 584, -2926, 44, 0, 0, 0
L 586, -2921, 44, 585, -2925, 44, 0, 0, 0
L 586, -2918, 44, 586, -2921, 44, 0, 0, 0
L 596, -2894, 43, 586, -2918, 44, 0, 0, 0
L 599, -2887, 44, 596, -2894, 43, 0, 0, 0
L 605, -2877, 43, 599, -2887, 44, 0, 0, 0
L 607, -2872, 43, 605, -2877, 43, 0, 0, 0
L 612, -2864, 44, 607, -2872, 43, 0, 0, 0
L 616, -2858, 43, 612, -2864, 44, 0, 0, 0
L 623, -2846, 44, 616, -2858, 43, 0, 0, 0
L 634, -2823, 44, 623, -2846, 44, 0, 0, 0
L 653, -2807, 44, 634, -2823, 44, 0, 0, 0
L 655, -2806, 43, 653, -2807, 44, 0, 0, 0
L 657, -2802, 43, 655, -2806, 43, 0, 0, 0
L 669, -2785, 43, 657, -2802, 43, 0, 0, 0
L 669, -2783, 44, 669, -2785, 43, 0, 0, 0
L 670, -2771, 43, 669, -2783, 44, 0, 0, 0
L 670, -2764, 44, 670, -2771, 43, 0, 0, 0
L 671, -2763, 44, 670, -2764, 44, 0, 0, 0
L 671, -2760, 43, 671, -2763, 44, 0, 0, 0
L 672, -2758, 43, 671, -2760, 43, 0, 0, 0
L 675, -2750, 43, 672, -2758, 43, 0, 0, 0
L 676, -2749, 43, 675, -2750, 43, 0, 0, 0
L 679, -2743, 44, 676, -2749, 43, 0, 0, 0
L 679, -2741, 43, 679, -2743, 44, 0, 0, 0
L 683, -2735, 43, 679, -2741, 43, 0, 0, 0
L 689, -2725, 43, 683, -2735, 43, 0, 0, 0
L 704, -2710, 43, 689, -2725, 43, 0, 0, 0
L 724, -2684, 43, 704, -2710, 43, 0, 0, 0
L 725, -2682, 43, 724, -2684, 43, 0, 0, 0
L 729, -2677, 43, 725, -2682, 43, 0, 0, 0
L 211, -440, 5, 209, -436, 7, 0, 0, 0
L 221, -440, 5, 211, -440, 5, 0, 0, 0
L 221, -436, 7, 221, -440, 5, 0, 0, 0
L 255, -435, 7, 221, -436, 7, 0, 0, 0
L 255, -403, 7, 255, -435, 7, 0, 0, 0
L 259, -402, 5, 255, -403, 7, 0, 0, 0
L 259, -392, 5, 259, -402, 5, 0, 0, 0
L 255, -391, 7, 259, -392, 5, 0, 0, 0
L 255, -360, 7, 255, -391, 7, 0, 0, 0
L 221, -359, 7, 255, -360, 7, 0, 0, 0
L 221, -356, 5, 221, -359, 7, 0, 0, 0
L 209, -356, 5, 221, -356, 5, 0, 0, 0
L 209, -359, 7, 209, -356, 5, 0, 0, 0
L 100, -359, 7, 209, -359, 7, 0, 0, 0
L 99, -355, 5, 100, -359, 7, 0, 0, 0
L 88, -355, 5, 99, -355, 5, 0, 0, 0
L 88, -359, 7, 88, -355, 5, 0, 0, 0
L 55, -358, 7, 88, -359, 7, 0, 0, 0
L 54, -391, 7, 55, -358, 7, 0, 0, 0
L 50, -393, 5, 54, -391, 7, 0, 0, 0
L 50, -403, 5, 50, -393, 5, 0, 0, 0
L 54, -403, 7, 50, -403, 5, 0, 0, 0
L 54, -436, 7, 54, -403, 7, 0, 0, 0
L 88, -436, 7, 54, -436, 7, 0, 0, 0
L 88, -439, 5, 88, -436, 7, 0, 0, 0
L 100, -439, 5, 88, -439, 5, 0, 0, 0
L 100, -436, 7, 100, -439, 5, 0, 0, 0
L 209, -436, 7, 100, -436, 7, 0, 0, 0
L 221, -1372, 7, 255, -1373, 7, 0, 0, 0
L 220, -1369, 5, 221, -1372, 7, 0, 0, 0
L 210, -1368, 5, 220, -1369, 5, 0, 0, 0
L 209, -1372, 7, 210, -1368, 5, 0, 0, 0
L 100, -1372, 7, 209, -1372, 7, 0, 0, 0
L 100, -1369, 5, 100, -1372, 7, 0, 0, 0
L 89, -1369, 5, 100, -1369, 5, 0, 0, 0
L 89, -1372, 7, 89, -1369, 5, 0, 0, 0
L 55, -1372, 7, 89, -1372, 7, 0, 0, 0
L 55, -1406, 7, 55, -1372, 7, 0, 0, 0
L 51, -1406, 5, 55, -1406, 7, 0, 0, 0
L 52, -1418, 5, 51, -1406, 5, 0, 0, 0
L 55, -1418, 7, 52, -1418, 5, 0, 0, 0
L 56, -1452, 7, 55, -1418, 7, 0, 0, 0
L 89, -1452, 7, 56, -1452, 7, 0, 0, 0
L 90, -1456, 5, 89, -1452, 7, 0, 0, 0
L 100, -1456, 5, 90, -1456, 5, 0, 0, 0
L 100, -1452, 7, 100, -1456, 5, 0, 0, 0
L 209, -1452, 7, 100, -1452, 7, 0, 0, 0
L 210, -1456, 5, 209, -1452, 7, 0, 0, 0
L 221, -1456, 5, 210, -1456, 5, 0, 0, 0
L 221, -1452, 7, 221, -1456, 5, 0, 0, 0
L 255, -1452, 7, 221, -1452, 7, 0, 0, 0
L 255, -1418, 7, 255, -1452, 7, 0, 0, 0
L 258, -1419, 5, 255, -1418, 7, 0, 0, 0
L 259, -1407, 5, 258, -1419, 5, 0, 0, 0
L 255, -1406, 7, 259, -1407, 5, 0, 0, 0
L 255, -1373, 7, 255, -1406, 7, 0, 0, 0
L 121, -865, -10, 122, -787, -10, 0, 0, 0
L 180, -865, -10, 121, -865, -10, 0, 0, 0
L 180, -787, -10, 180, -865, -10, 0, 0, 0
L 121, -787, -10, 180, -787, -10, 0, 0, 0
L 60, -644, -8, 60, -798, -8, 0, 0, 0
L 135, -643, 2, 60, -644, -8, 0, 0, 0
L 137, -637, 2, 135, -643, 2, 0, 0, 0
L 53, -636, 2, 137, -637, 2, 0, 0, 0
L 54, -799, 2, 53, -636, 2, 0, 0, 0
L 60, -798, -8, 54, -799, 2, 0, 0, 0
L 60, -994, -8, 134, -994, -8, 0, 0, 0
L 60, -839, 2, 60, -994, -8, 0, 0, 0
L 54, -839, 2, 60, -839, 2, 0, 0, 0
L 54, -999, 2, 54, -839, 2, 0, 0, 0
L 135, -1000, 2, 54, -999, 2, 0, 0, 0
L 135, -994, 2, 135, -1000, 2, 0, 0, 0
L 250, -994, -8, 250, -840, -8, 0, 0, 0
L 174, -995, 2, 250, -994, -8, 0, 0, 0
L 173, -1001, 2, 174, -995, 2, 0, 0, 0
L 255, -1003, 2, 173, -1001, 2, 0, 0, 0
L 255, -838, 2, 255, -1003, 2, 0, 0, 0
L 250, -838, 2, 255, -838, 2, 0, 0, 0
L 250, -798, -8, 256, -799, 2, 0, 0, 0
L 250, -644, -8, 250, -798, -8, 0, 0, 0
L 173, -644, 2, 250, -644, -8, 0, 0, 0
L 171, -638, 2, 173, -644, 2, 0, 0, 0
L 256, -638, 4, 171, -638, 2, 0, 0, 0
L 256, -798, 2, 256, -638, 4, 0, 0, 0
L 1053, -497, 7, 1065, -535, 8, 255, 0, 240
L 1006, -518, 4, 1053, -497, 7, 0, 0, 0
L 984, -541, 6, 1006, -518, 4, 0, 0, 0
L 959, -584, 7, 984, -541, 6, 0, 0, 0
L 938, -630, 7, 959, -584, 7, 0, 0, 0
L 905, -674, 4, 938, -630, 7, 0, 0, 0
L 868, -673, 14, 905, -674, 4, 0, 0, 0
L 854, -677, 12, 868, -673, 14, 0, 0, 0
L 850, -690, 4, 854, -677, 12, 0, 0, 0
L 844, -691, 4, 850, -690, 4, 0, 0, 0
L 829, -690, 4, 844, -691, 4, 0, 0, 0
L 830, -684, 5, 829, -690, 4, 0, 0, 0
L 823, -683, 5, 830, -684, 5, 0, 0, 0
L 824, -678, 5, 823, -683, 5, 0, 0, 0
L 825, -678, 7, 824, -678, 5, 0, 0, 0
L 825, -660, 7, 825, -678, 7, 0, 0, 0
L 807, -659, 7, 825, -660, 7, 0, 0, 0
L 807, -642, 7, 807, -659, 7, 0, 0, 0
L 789, -642, 7, 807, -642, 7, 0, 0, 0
L 789, -644, 5, 789, -642, 7, 0, 0, 0
L 783, -644, 5, 789, -644, 5, 0, 0, 0
L 783, -636, 5, 783, -644, 5, 0, 0, 0
L 754, -636, 5, 783, -636, 5, 0, 0, 0
L 753, -644, 5, 754, -636, 5, 0, 0, 0
L 748, -644, 5, 753, -644, 5, 0, 0, 0
L 747, -642, 7, 748, -644, 5, 0, 0, 0
L 730, -642, 7, 747, -642, 7, 0, 0, 0
L 730, -660, 7, 730, -642, 7, 0, 0, 0
L 711, -660, 7, 730, -660, 7, 0, 0, 0
L 711, -678, 7, 711, -660, 7, 0, 0, 0
L 714, -678, 5, 711, -678, 7, 0, 0, 0
L 713, -684, 5, 714, -678, 5, 0, 0, 0
L 705, -684, 5, 713, -684, 5, 0, 0, 0
L 705, -682, 5, 705, -684, 5, 0, 0, 0
L 700, -682, 5, 705, -682, 5, 0, 0, 0
L 700, -678, 7, 700, -682, 5, 0, 0, 0
L 671, -678, 7, 700, -678, 7, 0, 0, 0
L 671, -682, 5, 671, -678, 7, 0, 0, 0
L 666, -682, 5, 671, -682, 5, 0, 0, 0
L 665, -684, 5, 666, -682, 5, 0, 0, 0
L 657, -684, 5, 665, -684, 5, 0, 0, 0
L 657, -678, 5, 657, -684, 5, 0, 0, 0
L 659, -678, 7, 657, -678, 5, 0, 0, 0
L 659, -658, 7, 659, -678, 7, 0, 0, 0
L 642, -658, 7, 659, -658, 7, 0, 0, 0
L 641, -639, 7, 642, -658, 7, 0, 0, 0
L 622, -639, 7, 641, -639, 7, 0, 0, 0
L 621, -642, 5, 622, -639, 7, 0, 0, 0
L 616, -641, 5, 621, -642, 5, 0, 0, 0
L 616, -632, 2, 616, -641, 5, 0, 0, 0
L 618, -632, 5, 616, -632, 2, 0, 0, 0
L 617, -628, 5, 618, -632, 5, 0, 0, 0
L 622, -627, 7, 617, -628, 5, 0, 0, 0
L 622, -599, 7, 622, -627, 7, 0, 0, 0
L 618, -598, 5, 622, -599, 7, 0, 0, 0
L 616, -585, 5, 618, -598, 5, 0, 0, 0
L 622, -585, 5, 616, -585, 5, 0, 0, 0
L 622, -587, 7, 622, -585, 5, 0, 0, 0
L 654, -587, 7, 622, -587, 7, 0, 0, 0
L 654, -581, 5, 654, -587, 7, 0, 0, 0
L 661, -581, 7, 654, -581, 5, 0, 0, 0
L 661, -553, 7, 661, -581, 7, 0, 0, 0
L 657, -552, 5, 661, -553, 7, 0, 0, 0
L 658, -544, 5, 657, -552, 5, 0, 0, 0
L 666, -544, 5, 658, -544, 5, 0, 0, 0
L 666, -548, 7, 666, -544, 5, 0, 0, 0
L 676, -548, 7, 666, -548, 7, 0, 0, 0
L 676, -545, 5, 676, -548, 7, 0, 0, 0
L 680, -544, 7, 676, -545, 5, 0, 0, 0
L 680, -511, 7, 680, -544, 7, 0, 0, 0
L 676, -511, 5, 680, -511, 7, 0, 0, 0
L 676, -507, 7, 676, -511, 5, 0, 0, 0
L 666, -507, 7, 676, -507, 7, 0, 0, 0
L 665, -511, 5, 666, -507, 7, 0, 0, 0
L 657, -511, 5, 665, -511, 5, 0, 0, 0
L 657, -502, 5, 657, -511, 5, 0, 0, 0
L 661, -502, 7, 657, -502, 5, 0, 0, 0
L 661, -473, 7, 661, -502, 7, 0, 0, 0
L 655, -473, 5, 661, -473, 7, 0, 0, 0
L 654, -467, 7, 655, -473, 5, 0, 0, 0
L 627, -467, 7, 654, -467, 7, 0, 0, 0
L 627, -470, 5, 627, -467, 7, 0, 0, 0
L 618, -470, 5, 627, -470, 5, 0, 0, 0
L 618, -462, 5, 618, -470, 5, 0, 0, 0
L 622, -461, 7, 618, -462, 5, 0, 0, 0
L 622, -450, 7, 622, -461, 7, 0, 0, 0
L 618, -450, 5, 622, -450, 7, 0, 0, 0
L 618, -447, 7, 618, -450, 5, 0, 0, 0
L 584, -447, 7, 618, -447, 7, 0, 0, 0
L 584, -450, 5, 584, -447, 7, 0, 0, 0
L 581, -450, 7, 584, -450, 5, 0, 0, 0
L 581, -461, 7, 581, -450, 7, 0, 0, 0
L 584, -462, 5, 581, -461, 7, 0, 0, 0
L 584, -470, 5, 584, -462, 5, 0, 0, 0
L 575, -470, 5, 584, -470, 5, 0, 0, 0
L 575, -467, 7, 575, -470, 5, 0, 0, 0
L 547, -467, 7, 575, -467, 7, 0, 0, 0
L 546, -473, 5, 547, -467, 7, 0, 0, 0
L 540, -473, 7, 546, -473, 5, 0, 0, 0
L 540, -503, 7, 540, -473, 7, 0, 0, 0
L 545, -503, 5, 540, -503, 7, 0, 0, 0
L 545, -511, 5, 545, -503, 5, 0, 0, 0
L 537, -512, 5, 545, -511, 5, 0, 0, 0
L 536, -507, 7, 537, -512, 5, 0, 0, 0
L 524, -507, 7, 536, -507, 7, 0, 0, 0
L 524, -511, 5, 524, -507, 7, 0, 0, 0
L 520, -511, 7, 524, -511, 5, 0, 0, 0
L 520, -544, 7, 520, -511, 7, 0, 0, 0
L 524, -545, 5, 520, -544, 7, 0, 0, 0
L 524, -548, 7, 524, -545, 5, 0, 0, 0
L 536, -548, 7, 524, -548, 7, 0, 0, 0
L 536, -544, 5, 536, -548, 7, 0, 0, 0
L 545, -544, 5, 536, -544, 5, 0, 0, 0
L 545, -552, 5, 545, -544, 5, 0, 0, 0
L 540, -552, 7, 545, -552, 5, 0, 0, 0
L 540, -581, 7, 540, -552, 7, 0, 0, 0
L 547, -581, 5, 540, -581, 7, 0, 0, 0
L 547, -587, 7, 547, -581, 5, 0, 0, 0
L 580, -587, 7, 547, -587, 7, 0, 0, 0
L 581, -585, 5, 580, -587, 7, 0, 0, 0
L 587, -585, 5, 581, -585, 5, 0, 0, 0
L 587, -594, 2, 587, -585, 5, 0, 0, 0
L 584, -594, 5, 587, -594, 2, 0, 0, 0
L 584, -599, 5, 584, -594, 5, 0, 0, 0
L 581, -599, 7, 584, -599, 5, 0, 0, 0
L 581, -627, 7, 581, -599, 7, 0, 0, 0
L 584, -627, 5, 581, -627, 7, 0, 0, 0
L 584, -632, 5, 584, -627, 5, 0, 0, 0
L 587, -633, 5, 584, -632, 5, 0, 0, 0
L 586, -642, 5, 587, -633, 5, 0, 0, 0
L 580, -641, 5, 586, -642, 5, 0, 0, 0
L 580, -639, 7, 580, -641, 5, 0, 0, 0
L 562, -639, 7, 580, -639, 7, 0, 0, 0
L 561, -658, 7, 562, -639, 7, 0, 0, 0
L 543, -658, 7, 561, -658, 7, 0, 0, 0
L 543, -678, 7, 543, -658, 7, 0, 0, 0
L 545, -677, 5, 543, -678, 7, 0, 0, 0
L 544, -684, 5, 545, -677, 5, 0, 0, 0
L 536, -684, 2, 544, -684, 5, 0, 0, 0
L 536, -682, 5, 536, -684, 2, 0, 0, 0
L 531, -681, 5, 536, -682, 5, 0, 0, 0
L 531, -678, 7, 531, -681, 5, 0, 0, 0
L 456, -678, 7, 531, -678, 7, 0, 0, 0
L 456, -753, 7, 456, -678, 7, 0, 0, 0
L 460, -753, 5, 456, -753, 7, 0, 0, 0
L 460, -765, 5, 460, -753, 5, 0, 0, 0
L 456, -765, 7, 460, -765, 5, 0, 0, 0
L 455, -799, 7, 456, -765, 7, 0, 0, 0
L 422, -799, 7, 455, -799, 7, 0, 0, 0
L 422, -802, 5, 422, -799, 7, 0, 0, 0
L 411, -802, 5, 422, -802, 5, 0, 0, 0
L 411, -799, 7, 411, -802, 5, 0, 0, 0
L 342, -799, 7, 411, -799, 7, 0, 0, 0
L 342, -802, 5, 342, -799, 7, 0, 0, 0
L 330, -802, 5, 342, -802, 5, 0, 0, 0
L 330, -798, 7, 330, -802, 5, 0, 0, 0
L 297, -798, 7, 330, -798, 7, 0, 0, 0
L 296, -764, 7, 297, -798, 7, 0, 0, 0
L 292, -764, 5, 296, -764, 7, 0, 0, 0
L 292, -753, 5, 292, -764, 5, 0, 0, 0
L 296, -753, 7, 292, -753, 5, 0, 0, 0
L 296, -684, 7, 296, -753, 7, 0, 0, 0
L 293, -684, 5, 296, -684, 7, 0, 0, 0
L 292, -673, 5, 293, -684, 5, 0, 0, 0
L 296, -672, 7, 292, -673, 5, 0, 0, 0
L 296, -601, 7, 296, -672, 7, 0, 0, 0
L 292, -600, 5, 296, -601, 7, 0, 0, 0
L 292, -597, 7, 292, -600, 5, 0, 0, 0
L 221, -597, 7, 292, -597, 7, 0, 0, 0
L 221, -600, 5, 221, -597, 7, 0, 0, 0
L 209, -600, 5, 221, -600, 5, 0, 0, 0
L 209, -597, 7, 209, -600, 5, 0, 0, 0
L 176, -597, 7, 209, -597, 7, 0, 0, 0
L 175, -563, 7, 176, -597, 7, 0, 0, 0
L 172, -564, 5, 175, -563, 7, 0, 0, 0
L 171, -552, 5, 172, -564, 5, 0, 0, 0
L 175, -552, 7, 171, -552, 5, 0, 0, 0
L 175, -524, 7, 175, -552, 7, 0, 0, 0
L 171, -524, 5, 175, -524, 7, 0, 0, 0
L 171, -513, 5, 171, -524, 5, 0, 0, 0
L 175, -507, 7, 171, -513, 5, 0, 0, 0
L 176, -478, 7, 175, -507, 7, 0, 0, 0
L 209, -479, 7, 176, -478, 7, 0, 0, 0
L 210, -475, 5, 209, -479, 7, 0, 0, 0
L 221, -475, 5, 210, -475, 5, 0, 0, 0
L 221, -478, 7, 221, -475, 5, 0, 0, 0
L 292, -478, 7, 221, -478, 7, 0, 0, 0
L 292, -475, 5, 292, -478, 7, 0, 0, 0
L 296, -474, 7, 292, -475, 5, 0, 0, 0
L 296, -403, 7, 296, -474, 7, 0, 0, 0
L 293, -403, 5, 296, -403, 7, 0, 0, 0
L 292, -392, 5, 293, -403, 5, 0, 0, 0
L 296, -391, 7, 292, -392, 5, 0, 0, 0
L 296, -320, 7, 296, -391, 7, 0, 0, 0
L 292, -320, 5, 296, -320, 7, 0, 0, 0
L 292, -316, 7, 292, -320, 5, 0, 0, 0
L 221, -316, 7, 292, -316, 7, 0, 0, 0
L 220, -320, 5, 221, -316, 7, 0, 0, 0
L 210, -320, 5, 220, -320, 5, 0, 0, 0
L 209, -316, 7, 210, -320, 5, 0, 0, 0
L 176, -316, 7, 209, -316, 7, 0, 0, 0
L 175, -282, 7, 176, -316, 7, 0, 0, 0
L 172, -281, 5, 175, -282, 7, 0, 0, 0
L 172, -277, 5, 172, -281, 5, 0, 0, 0
L 169, -275, 5, 172, -277, 5, 0, 0, 0
L 170, -267, 5, 169, -275, 5, 0, 0, 0
L 175, -267, 5, 170, -267, 5, 0, 0, 0
L 176, -270, 7, 175, -267, 5, 0, 0, 0
L 190, -270, 7, 176, -270, 7, 0, 0, 0
L 191, -266, 5, 190, -270, 7, 0, 0, 0
L 194, -266, 7, 191, -266, 5, 0, 0, 0
L 194, -155, 7, 194, -266, 7, 0, 0, 0
L 191, -154, 5, 194, -155, 7, 0, 0, 0
L 190, -151, 7, 191, -154, 5, 0, 0, 0
L 176, -151, 7, 190, -151, 7, 0, 0, 0
L 176, -152, 5, 176, -151, 7, 0, 0, 0
L 169, -153, 5, 176, -152, 5, 0, 0, 0
L 169, -144, 2, 169, -153, 5, 0, 0, 0
L 172, -144, 5, 169, -144, 2, 0, 0, 0
L 172, -139, 5, 172, -144, 5, 0, 0, 0
L 175, -139, 7, 172, -139, 5, 0, 0, 0
L 175, -70, 7, 175, -139, 7, 0, 0, 0
L 172, -70, 5, 175, -70, 7, 0, 0, 0
L 172, -65, 5, 172, -70, 5, 0, 0, 0
L 169, -65, 5, 172, -65, 5, 0, 0, 0
L 169, -49, 5, 169, -65, 5, 0, 0, 0
L 175, -49, 5, 169, -49, 5, 0, 0, 0
L 176, -51, 5, 175, -49, 5, 0, 0, 0
L 192, -51, 6, 176, -51, 5, 0, 0, 0
L 193, -47, 6, 192, -51, 6, 0, 0, 0
L 198, -48, 6, 193, -47, 6, 0, 0, 0
L 198, -51, 6, 198, -48, 6, 0, 0, 0
L 214, -51, 5, 198, -51, 6, 0, 0, 0
L 214, -35, 6, 214, -51, 5, 0, 0, 0
L 213, -35, 6, 214, -35, 6, 0, 0, 0
L 212, -29, 6, 213, -35, 6, 0, 0, 0
L 218, -28, 6, 212, -29, 6, 0, 0, 0
L 218, -31, 6, 218, -28, 6, 0, 0, 0
L 231, -31, 6, 218, -31, 6, 0, 0, 0
L 231, -29, 6, 231, -31, 6, 0, 0, 0
L 237, -29, 6, 231, -29, 6, 0, 0, 0
L 237, -35, 6, 237, -29, 6, 0, 0, 0
L 235, -35, 6, 237, -35, 6, 0, 0, 0
L 235, -49, 6, 235, -35, 6, 0, 0, 0
L 237, -49, 6, 235, -49, 6, 0, 0, 0
L 237, -51, 6, 237, -49, 6, 0, 0, 0
L 331, -51, 6, 237, -51, 6, 0, 0, 0
L 332, -49, 6, 331, -51, 6, 0, 0, 0
L 334, -49, 6, 332, -49, 6, 0, 0, 0
L 334, -35, 6, 334, -49, 6, 0, 0, 0
L 332, -36, 6, 334, -35, 6, 0, 0, 0
L 332, -28, 6, 332, -36, 6, 0, 0, 0
L 338, -29, 6, 332, -28, 6, 0, 0, 0
L 338, -31, 6, 338, -29, 6, 0, 0, 0
L 351, -31, 6, 338, -31, 6, 0, 0, 0
L 352, -29, 6, 351, -31, 6, 0, 0, 0
L 357, -28, 6, 352, -29, 6, 0, 0, 0
L 358, -35, 6, 357, -28, 6, 0, 0, 0
L 355, -35, 6, 358, -35, 6, 0, 0, 0
L 355, -49, 6, 355, -35, 6, 0, 0, 0
L 358, -49, 6, 355, -49, 6, 0, 0, 0
L 358, -51, 6, 358, -49, 6, 0, 0, 0
L 437, -51, 5, 358, -51, 6, 0, 0, 0
L 434, -1, 28, 437, -51, 5, 0, 0, 0
L 431, 29, 25, 434, -1, 28, 0, 0, 0
L 428, 59, 19, 431, 29, 25, 0, 0, 0
L 415, 88, 38, 428, 59, 19, 0, 0, 0
L 399, 115, 37, 415, 88, 38, 0, 0, 0
L 380, 146, 37, 399, 115, 37, 0, 0, 0
L 355, 178, 32, 380, 146, 37, 0, 0, 0
L 310, 222, 29, 355, 178, 32, 0, 0, 0
L 259, 242, 31, 310, 222, 29, 0, 0, 0
L 234, 251, 30, 259, 242, 31, 0, 0, 0
L 224, 238, 23, 234, 251, 30, 0, 0, 0
L 206, 233, 8, 224, 238, 23, 0, 0, 0
L 192, 251, 10, 206, 233, 8, 0, 0, 0
L 181, 254, 11, 192, 251, 10, 0, 0, 0
L 178, 267, 14, 181, 254, 11, 0, 0, 0
L 171, 288, 18, 178, 267, 14, 0, 0, 0
L 185, 303, 29, 171, 288, 18, 0, 0, 0
L 173, 313, 28, 185, 303, 29, 0, 0, 0
L 166, 327, 30, 173, 313, 28, 0, 0, 0
L 150, 367, 30, 166, 327, 30, 0, 0, 0
L 116, 391, 30, 150, 367, 30, 0, 0, 0
L 80, 409, 32, 116, 391, 30, 0, 0, 0
L 71, 371, 25, 80, 409, 32, 0, 0, 0
L 95, 366, 23, 71, 371, 25, 0, 0, 0
L 115, 352, 23, 95, 366, 23, 0, 0, 0
L 130, 336, 20, 115, 352, 23, 0, 0, 0
L 134, 305, 21, 130, 336, 20, 0, 0, 0
L 134, 288, 19, 134, 305, 21, 0, 0, 0
L 125, 263, 28, 134, 288, 19, 0, 0, 0
L 109, 264, 27, 125, 263, 28, 0, 0, 0
L 70, 274, 33, 109, 264, 27, 0, 0, 0
L 45, 266, 25, 70, 274, 33, 0, 0, 0
L 14, 236, 21, 45, 266, 25, 0, 0, 0
L -25, 212, 15, 14, 236, 21, 0, 0, 0
L -65, 193, 18, -25, 212, 15, 0, 0, 0
L -84, 162, 22, -65, 193, 18, 0, 0, 0
L -96, 124, 25, -84, 162, 22, 0, 0, 0
L -111, 84, 24, -96, 124, 25, 0, 0, 0
L -131, 45, 18, -111, 84, 24, 0, 0, 0
L -149, -27, 12, -131, 45, 18, 0, 0, 0
L -143, -29, 6, -149, -27, 12, 0, 0, 0
L -143, -35, 6, -143, -29, 6, 0, 0, 0
L -145, -35, 6, -143, -35, 6, 0, 0, 0
L -145, -49, 6, -145, -35, 6, 0, 0, 0
L -142, -49, 6, -145, -49, 6, 0, 0, 0
L -142, -51, 6, -142, -49, 6, 0, 0, 0
L -48, -51, 6, -142, -51, 6, 0, 0, 0
L -48, -49, 6, -48, -51, 6, 0, 0, 0
L -46, -49, 6, -48, -49, 6, 0, 0, 0
L -46, -35, 6, -46, -49, 6, 0, 0, 0
L -48, -35, 6, -46, -35, 6, 0, 0, 0
L -48, -28, 6, -48, -35, 6, 0, 0, 0
L -42, -29, 6, -48, -28, 6, 0, 0, 0
L -42, -31, 6, -42, -29, 6, 0, 0, 0
L -28, -31, 6, -42, -31, 6, 0, 0, 0
L -28, -29, 6, -28, -31, 6, 0, 0, 0
L -22, -29, 6, -28, -29, 6, 0, 0, 0
L -22, -35, 6, -22, -29, 6, 0, 0, 0
L -24, -35, 6, -22, -35, 6, 0, 0, 0
L -24, -49, 6, -24, -35, 6, 0, 0, 0
L -22, -49, 6, -24, -49, 6, 0, 0, 0
L -22, -51, 6, -22, -49, 6, 0, 0, 0
L 71, -51, 6, -22, -51, 6, 0, 0, 0
L 71, -49, 6, 71, -51, 6, 0, 0, 0
L 73, -49, 6, 71, -49, 6, 0, 0, 0
L 73, -35, 6, 73, -49, 6, 0, 0, 0
L 71, -35, 6, 73, -35, 6, 0, 0, 0
L 71, -29, 6, 71, -35, 6, 0, 0, 0
L 77, -28, 6, 71, -29, 6, 0, 0, 0
L 78, -31, 6, 77, -28, 6, 0, 0, 0
L 92, -31, 6, 78, -31, 6, 0, 0, 0
L 91, -30, 6, 92, -31, 6, 0, 0, 0
L 98, -29, 6, 91, -30, 6, 0, 0, 0
L 98, -35, 6, 98, -29, 6, 0, 0, 0
L 96, -35, 6, 98, -35, 6, 0, 0, 0
L 96, -51, 5, 96, -35, 6, 0, 0, 0
L 111, -51, 6, 96, -51, 5, 0, 0, 0
L 112, -47, 6, 111, -51, 6, 0, 0, 0
L 117, -47, 6, 112, -47, 6, 0, 0, 0
L 118, -51, 6, 117, -47, 6, 0, 0, 0
L 134, -51, 5, 118, -51, 6, 0, 0, 0
L 135, -49, 5, 134, -51, 5, 0, 0, 0
L 139, -48, 2, 135, -49, 5, 0, 0, 0
L 140, -65, 2, 139, -48, 2, 0, 0, 0
L 138, -65, 5, 140, -65, 2, 0, 0, 0
L 138, -70, 5, 138, -65, 5, 0, 0, 0
L 134, -70, 7, 138, -70, 5, 0, 0, 0
L 134, -139, 7, 134, -70, 7, 0, 0, 0
L 138, -139, 5, 134, -139, 7, 0, 0, 0
L 138, -144, 5, 138, -139, 5, 0, 0, 0
L 140, -145, 5, 138, -144, 5, 0, 0, 0
L 140, -153, 5, 140, -145, 5, 0, 0, 0
L 134, -153, 5, 140, -153, 5, 0, 0, 0
L 134, -151, 7, 134, -153, 5, 0, 0, 0
L 119, -151, 7, 134, -151, 7, 0, 0, 0
L 119, -154, 5, 119, -151, 7, 0, 0, 0
L 115, -155, 7, 119, -154, 5, 0, 0, 0
L 116, -266, 7, 115, -155, 7, 0, 0, 0
L 119, -266, 5, 116, -266, 7, 0, 0, 0
L 119, -270, 7, 119, -266, 5, 0, 0, 0
L 134, -270, 7, 119, -270, 7, 0, 0, 0
L 134, -267, 5, 134, -270, 7, 0, 0, 0
L 140, -268, 5, 134, -267, 5, 0, 0, 0
L 140, -277, 2, 140, -268, 5, 0, 0, 0
L 138, -276, 5, 140, -277, 2, 0, 0, 0
L 137, -281, 5, 138, -276, 5, 0, 0, 0
L 134, -281, 7, 137, -281, 5, 0, 0, 0
L 134, -316, 7, 134, -281, 7, 0, 0, 0
L 100, -316, 7, 134, -316, 7, 0, 0, 0
L 99, -320, 5, 100, -316, 7, 0, 0, 0
L 89, -320, 5, 99, -320, 5, 0, 0, 0
L 88, -316, 7, 89, -320, 5, 0, 0, 0
L 17, -316, 7, 88, -316, 7, 0, 0, 0
L 17, -320, 5, 17, -316, 7, 0, 0, 0
L 13, -320, 7, 17, -320, 5, 0, 0, 0
L 13, -391, 7, 13, -320, 7, 0, 0, 0
L 17, -392, 5, 13, -391, 7, 0, 0, 0
L 17, -403, 5, 17, -392, 5, 0, 0, 0
L 13, -403, 7, 17, -403, 5, 0, 0, 0
L 13, -475, 7, 13, -403, 7, 0, 0, 0
L 17, -475, 5, 13, -475, 7, 0, 0, 0
L 17, -478, 7, 17, -475, 5, 0, 0, 0
L 88, -478, 7, 17, -478, 7, 0, 0, 0
L 89, -475, 5, 88, -478, 7, 0, 0, 0
L 100, -474, 5, 89, -475, 5, 0, 0, 0
L 100, -478, 7, 100, -474, 5, 0, 0, 0
L 134, -479, 7, 100, -478, 7, 0, 0, 0
L 137, -512, 5, 134, -479, 7, 0, 0, 0
L 137, -524, 5, 137, -512, 5, 0, 0, 0
L 134, -524, 7, 137, -524, 5, 0, 0, 0
L 134, -552, 7, 134, -524, 7, 0, 0, 0
L 138, -552, 5, 134, -552, 7, 0, 0, 0
L 138, -563, 5, 138, -552, 5, 0, 0, 0
L 134, -563, 7, 138, -563, 5, 0, 0, 0
L 134, -597, 7, 134, -563, 7, 0, 0, 0
L 100, -597, 7, 134, -597, 7, 0, 0, 0
L 100, -601, 5, 100, -597, 7, 0, 0, 0
L 90, -601, 5, 100, -601, 5, 0, 0, 0
L 89, -597, 7, 90, -601, 5, 0, 0, 0
L 17, -597, 7, 89, -597, 7, 0, 0, 0
L 18, -601, 5, 17, -597, 7, 0, 0, 0
L 13, -601, 7, 18, -601, 5, 0, 0, 0
L 13, -672, 7, 13, -601, 7, 0, 0, 0
L 17, -673, 5, 13, -672, 7, 0, 0, 0
L 17, -684, 5, 17, -673, 5, 0, 0, 0
L 13, -684, 7, 17, -684, 5, 0, 0, 0
L 13, -753, 7, 13, -684, 7, 0, 0, 0
L 17, -754, 5, 13, -753, 7, 0, 0, 0
L 17, -764, 5, 17, -754, 5, 0, 0, 0
L 13, -764, 7, 17, -764, 5, 0, 0, 0
L 14, -796, 7, 13, -764, 7, 0, 0, 0
L -20, -798, 7, 14, -796, 7, 0, 0, 0
L -20, -802, 5, -20, -798, 7, 0, 0, 0
L -32, -802, 5, -20, -802, 5, 0, 0, 0
L -32, -798, 7, -32, -802, 5, 0, 0, 0
L -104, -798, 7, -32, -798, 7, 0, 0, 0
L -104, -802, 5, -104, -798, 7, 0, 0, 0
L -107, -802, 7, -104, -802, 5, 0, 0, 0
L -107, -874, 7, -107, -802, 7, 0, 0, 0
L -103, -874, 5, -107, -874, 7, 0, 0, 0
L -104, -885, 5, -103, -874, 5, 0, 0, 0
L -107, -885, 7, -104, -885, 5, 0, 0, 0
L -108, -919, 7, -107, -885, 7, 0, 0, 0
L -141, -919, 7, -108, -919, 7, 0, 0, 0
L -142, -923, 5, -141, -919, 7, 0, 0, 0
L -153, -922, 5, -142, -923, 5, 0, 0, 0
L -153, -919, 7, -153, -922, 5, 0, 0, 0
L -222, -919, 7, -153, -919, 7, 0, 0, 0
L -222, -923, 5, -222, -919, 7, 0, 0, 0
L -227, -923, 5, -222, -923, 5, 0, 0, 0
L -228, -925, 5, -227, -923, 5, 0, 0, 0
L -236, -924, 5, -228, -925, 5, 0, 0, 0
L -235, -919, 5, -236, -924, 5, 0, 0, 0
L -233, -919, 7, -235, -919, 5, 0, 0, 0
L -233, -844, 7, -233, -919, 7, 0, 0, 0
L -237, -843, 5, -233, -844, 7, 0, 0, 0
L -237, -840, 7, -237, -843, 5, 0, 0, 0
L -272, -840, 7, -237, -840, 7, 0, 0, 0
L -273, -842, 5, -272, -840, 7, 0, 0, 0
L -279, -841, 5, -273, -842, 5, 0, 0, 0
L -278, -833, 2, -279, -841, 5, 0, 0, 0
L -276, -833, 5, -278, -833, 2, 0, 0, 0
L -276, -829, 5, -276, -833, 5, 0, 0, 0
L -272, -828, 7, -276, -829, 5, 0, 0, 0
L -272, -759, 7, -272, -828, 7, 0, 0, 0
L -276, -758, 5, -272, -759, 7, 0, 0, 0
L -276, -748, 5, -276, -758, 5, 0, 0, 0
L -272, -748, 7, -276, -748, 5, 0, 0, 0
L -271, -714, 7, -272, -748, 7, 0, 0, 0
L -238, -714, 7, -271, -714, 7, 0, 0, 0
L -238, -710, 5, -238, -714, 7, 0, 0, 0
L -233, -710, 5, -238, -710, 5, 0, 0, 0
L -233, -707, 5, -233, -710, 5, 0, 0, 0
L -224, -708, 5, -233, -707, 5, 0, 0, 0
L -225, -714, 5, -224, -708, 5, 0, 0, 0
L -227, -714, 7, -225, -714, 5, 0, 0, 0
L -227, -729, 7, -227, -714, 7, 0, 0, 0
L -223, -729, 5, -227, -729, 7, 0, 0, 0
L -223, -733, 7, -223, -729, 5, 0, 0, 0
L -172, -733, 7, -223, -733, 7, 0, 0, 0
L -171, -729, 5, -172, -733, 7, 0, 0, 0
L -168, -729, 7, -171, -729, 5, 0, 0, 0
L -168, -656, 7, -168, -729, 7, 0, 0, 0
L -171, -656, 5, -168, -656, 7, 0, 0, 0
L -172, -652, 7, -171, -656, 5, 0, 0, 0
L -223, -652, 7, -172, -652, 7, 0, 0, 0
L -223, -656, 5, -223, -652, 7, 0, 0, 0
L -227, -656, 7, -223, -656, 5, 0, 0, 0
L -227, -672, 7, -227, -656, 7, 0, 0, 0
L -224, -673, 5, -227, -672, 7, 0, 0, 0
L -224, -679, 5, -224, -673, 5, 0, 0, 0
L -233, -679, 2, -224, -679, 5, 0, 0, 0
L -233, -676, 5, -233, -679, 2, 0, 0, 0
L -238, -676, 5, -233, -676, 5, 0, 0, 0
L -238, -673, 7, -238, -676, 5, 0, 0, 0
L -347, -673, 7, -238, -673, 7, 0, 0, 0
L -348, -676, 5, -347, -673, 7, 0, 0, 0
L -358, -676, 5, -348, -676, 5, 0, 0, 0
L -359, -673, 7, -358, -676, 5, 0, 0, 0
L -393, -672, 7, -359, -673, 7, 0, 0, 0
L -393, -639, 7, -393, -672, 7, 0, 0, 0
L -397, -638, 5, -393, -639, 7, 0, 0, 0
L -397, -634, 5, -397, -638, 5, 0, 0, 0
L -399, -633, 5, -397, -634, 5, 0, 0, 0
L -399, -625, 5, -399, -633, 5, 0, 0, 0
L -393, -624, 5, -399, -625, 5, 0, 0, 0
L -393, -627, 7, -393, -624, 5, 0, 0, 0
L -358, -627, 7, -393, -627, 7, 0, 0, 0
L -357, -623, 5, -358, -627, 7, 0, 0, 0
L -354, -623, 7, -357, -623, 5, 0, 0, 0
L -354, -552, 7, -354, -623, 7, 0, 0, 0
L -358, -552, 5, -354, -552, 7, 0, 0, 0
L -358, -548, 7, -358, -552, 5, 0, 0, 0
L -510, -548, 7, -358, -548, 7, 0, 0, 0
L -510, -552, 5, -510, -548, 7, 0, 0, 0
L -513, -552, 7, -510, -552, 5, 0, 0, 0
L -513, -623, 7, -513, -552, 7, 0, 0, 0
L -510, -624, 5, -513, -623, 7, 0, 0, 0
L -510, -627, 7, -510, -624, 5, 0, 0, 0
L -434, -627, 7, -510, -627, 7, 0, 0, 0
L -433, -624, 5, -434, -627, 7, 0, 0, 0
L -428, -625, 5, -433, -624, 5, 0, 0, 0
L -428, -634, 2, -428, -625, 5, 0, 0, 0
L -430, -634, 5, -428, -634, 2, 0, 0, 0
L -430, -638, 5, -430, -634, 5, 0, 0, 0
L -434, -639, 7, -430, -638, 5, 0, 0, 0
L -434, -714, 7, -434, -639, 7, 0, 0, 0
L -359, -714, 7, -434, -714, 7, 0, 0, 0
L -358, -710, 5, -359, -714, 7, 0, 0, 0
L -347, -710, 5, -358, -710, 5, 0, 0, 0
L -347, -714, 7, -347, -710, 5, 0, 0, 0
L -314, -714, 7, -347, -714, 7, 0, 0, 0
L -313, -748, 7, -314, -714, 7, 0, 0, 0
L -311, -747, 5, -313, -748, 7, 0, 0, 0
L -310, -759, 5, -311, -747, 5, 0, 0, 0
L -313, -759, 7, -310, -759, 5, 0, 0, 0
L -313, -828, 7, -313, -759, 7, 0, 0, 0
L -309, -830, 5, -313, -828, 7, 0, 0, 0
L -307, -842, 5, -309, -830, 5, 0, 0, 0
L -313, -843, 2, -307, -842, 5, 0, 0, 0
L -314, -840, 7, -313, -843, 2, 0, 0, 0
L -349, -840, 7, -314, -840, 7, 0, 0, 0
L -349, -843, 5, -349, -840, 7, 0, 0, 0
L -352, -844, 7, -349, -843, 5, 0, 0, 0
L -352, -1036, 7, -352, -844, 7, 0, 0, 0
L -349, -1036, 5, -352, -1036, 7, 0, 0, 0
L -349, -1039, 7, -349, -1036, 5, 0, 0, 0
L -237, -1039, 7, -349, -1039, 7, 0, 0, 0
L -236, -1036, 5, -237, -1039, 7, 0, 0, 0
L -233, -1036, 7, -236, -1036, 5, 0, 0, 0
L -233, -960, 7, -233, -1036, 7, 0, 0, 0
L -236, -959, 5, -233, -960, 7, 0, 0, 0
L -235, -954, 5, -236, -959, 5, 0, 0, 0
L -227, -954, 2, -235, -954, 5, 0, 0, 0
L -227, -956, 5, -227, -954, 2, 0, 0, 0
L -222, -956, 5, -227, -956, 5, 0, 0, 0
L -222, -960, 7, -222, -956, 5, 0, 0, 0
L -153, -960, 7, -222, -960, 7, 0, 0, 0
L -152, -956, 5, -153, -960, 7, 0, 0, 0
L -141, -957, 5, -152, -956, 5, 0, 0, 0
L -141, -960, 7, -141, -957, 5, 0, 0, 0
L -66, -960, 7, -141, -960, 7, 0, 0, 0
L -66, -885, 7, -66, -960, 7, 0, 0, 0
L -70, -884, 5, -66, -885, 7, 0, 0, 0
L -70, -874, 5, -70, -884, 5, 0, 0, 0
L -66, -874, 7, -70, -874, 5, 0, 0, 0
L -66, -840, 7, -66, -874, 7, 0, 0, 0
L -32, -840, 7, -66, -840, 7, 0, 0, 0
L -32, -836, 5, -32, -840, 7, 0, 0, 0
L -21, -835, 5, -32, -836, 5, 0, 0, 0
L -20, -840, 7, -21, -835, 5, 0, 0, 0
L 14, -840, 7, -20, -840, 7, 0, 0, 0
L 13, -874, 7, 14, -840, 7, 0, 0, 0
L 17, -875, 5, 13, -874, 7, 0, 0, 0
L 17, -885, 5, 17, -875, 5, 0, 0, 0
L 13, -885, 7, 17, -885, 5, 0, 0, 0
L 13, -954, 7, 13, -885, 7, 0, 0, 0
L 17, -955, 5, 13, -954, 7, 0, 0, 0
L 16, -965, 5, 17, -955, 5, 0, 0, 0
L 13, -965, 7, 16, -965, 5, 0, 0, 0
L 13, -1037, 7, 13, -965, 7, 0, 0, 0
L 17, -1037, 5, 13, -1037, 7, 0, 0, 0
L 17, -1041, 7, 17, -1037, 5, 0, 0, 0
L 89, -1041, 7, 17, -1041, 7, 0, 0, 0
L 88, -1038, 5, 89, -1041, 7, 0, 0, 0
L 100, -1037, 5, 88, -1038, 5, 0, 0, 0
L 100, -1041, 7, 100, -1037, 5, 0, 0, 0
L 134, -1041, 7, 100, -1041, 7, 0, 0, 0
L 134, -1074, 7, 134, -1041, 7, 0, 0, 0
L 138, -1075, 5, 134, -1074, 7, 0, 0, 0
L 138, -1086, 5, 138, -1075, 5, 0, 0, 0
L 134, -1086, 7, 138, -1086, 5, 0, 0, 0
L 134, -1155, 7, 134, -1086, 7, 0, 0, 0
L 138, -1155, 5, 134, -1155, 7, 0, 0, 0
L 138, -1160, 5, 138, -1155, 5, 0, 0, 0
L 141, -1161, 5, 138, -1160, 5, 0, 0, 0
L 140, -1169, 5, 141, -1161, 5, 0, 0, 0
L 134, -1169, 5, 140, -1169, 5, 0, 0, 0
L 134, -1167, 7, 134, -1169, 5, 0, 0, 0
L 119, -1167, 7, 134, -1167, 7, 0, 0, 0
L 119, -1170, 5, 119, -1167, 7, 0, 0, 0
L 115, -1170, 7, 119, -1170, 5, 0, 0, 0
L 115, -1282, 7, 115, -1170, 7, 0, 0, 0
L 119, -1282, 5, 115, -1282, 7, 0, 0, 0
L 119, -1286, 7, 119, -1282, 5, 0, 0, 0
L 134, -1286, 7, 119, -1286, 7, 0, 0, 0
L 134, -1284, 4, 134, -1286, 7, 0, 0, 0
L 141, -1284, 5, 134, -1284, 4, 0, 0, 0
L 141, -1292, 4, 141, -1284, 5, 0, 0, 0
L 138, -1292, 5, 141, -1292, 4, 0, 0, 0
L 138, -1297, 5, 138, -1292, 5, 0, 0, 0
L 134, -1297, 7, 138, -1297, 5, 0, 0, 0
L 134, -1331, 7, 134, -1297, 7, 0, 0, 0
L 100, -1331, 7, 134, -1331, 7, 0, 0, 0
L 100, -1335, 5, 100, -1331, 7, 0, 0, 0
L 89, -1335, 5, 100, -1335, 5, 0, 0, 0
L 89, -1331, 7, 89, -1335, 5, 0, 0, 0
L 14, -1331, 7, 89, -1331, 7, 0, 0, 0
L 14, -1406, 7, 14, -1331, 7, 0, 0, 0
L 17, -1408, 5, 14, -1406, 7, 0, 0, 0
L 17, -1418, 5, 17, -1408, 5, 0, 0, 0
L 14, -1418, 7, 17, -1418, 5, 0, 0, 0
L 14, -1493, 7, 14, -1418, 7, 0, 0, 0
L 89, -1493, 7, 14, -1493, 7, 0, 0, 0
L 89, -1489, 5, 89, -1493, 7, 0, 0, 0
L 100, -1490, 5, 89, -1489, 5, 0, 0, 0
L 100, -1493, 7, 100, -1490, 5, 0, 0, 0
L 134, -1494, 7, 100, -1493, 7, 0, 0, 0
L 134, -1527, 7, 134, -1494, 7, 0, 0, 0
L 138, -1529, 5, 134, -1527, 7, 0, 0, 0
L 138, -1539, 5, 138, -1529, 5, 0, 0, 0
L 134, -1539, 7, 138, -1539, 5, 0, 0, 0
L 134, -1567, 7, 134, -1539, 7, 0, 0, 0
L 138, -1568, 5, 134, -1567, 7, 0, 0, 0
L 138, -1572, 5, 138, -1568, 5, 0, 0, 0
L 141, -1574, 5, 138, -1572, 5, 0, 0, 0
L 140, -1589, 5, 141, -1574, 5, 0, 0, 0
L 134, -1589, 5, 140, -1589, 5, 0, 0, 0
L 134, -1587, 5, 134, -1589, 5, 0, 0, 0
L 118, -1587, 6, 134, -1587, 5, 0, 0, 0
L 117, -1590, 6, 118, -1587, 6, 0, 0, 0
L 112, -1590, 6, 117, -1590, 6, 0, 0, 0
L 111, -1587, 6, 112, -1590, 6, 0, 0, 0
L 96, -1587, 5, 111, -1587, 6, 0, 0, 0
L 96, -1603, 6, 96, -1587, 5, 0, 0, 0
L 98, -1603, 6, 96, -1603, 6, 0, 0, 0
L 97, -1609, 6, 98, -1603, 6, 0, 0, 0
L 91, -1609, 6, 97, -1609, 6, 0, 0, 0
L 91, -1607, 6, 91, -1609, 6, 0, 0, 0
L 78, -1607, 6, 91, -1607, 6, 0, 0, 0
L 76, -1609, 6, 78, -1607, 6, 0, 0, 0
L 71, -1609, 6, 76, -1609, 6, 0, 0, 0
L 71, -1603, 6, 71, -1609, 6, 0, 0, 0
L 74, -1602, 6, 71, -1603, 6, 0, 0, 0
L 74, -1526, 6, 74, -1602, 6, 0, 0, 0
L 71, -1525, 6, 74, -1526, 6, 0, 0, 0
L 71, -1520, 6, 71, -1525, 6, 0, 0, 0
L 74, -1520, 6, 71, -1520, 6, 0, 0, 0
L 74, -1506, 6, 74, -1520, 6, 0, 0, 0
L 71, -1506, 6, 74, -1506, 6, 0, 0, 0
L 71, -1504, 6, 71, -1506, 6, 0, 0, 0
L -22, -1504, 6, 71, -1504, 6, 0, 0, 0
L -22, -1506, 6, -22, -1504, 6, 0, 0, 0
L -24, -1506, 6, -22, -1506, 6, 0, 0, 0
L -24, -1520, 6, -24, -1506, 6, 0, 0, 0
L -22, -1520, 6, -24, -1520, 6, 0, 0, 0
L -21, -1525, 6, -22, -1520, 6, 0, 0, 0
L -28, -1526, 6, -21, -1525, 6, 0, 0, 0
L -28, -1524, 6, -28, -1526, 6, 0, 0, 0
L -42, -1524, 6, -28, -1524, 6, 0, 0, 0
L -42, -1526, 6, -42, -1524, 6, 0, 0, 0
L -48, -1526, 6, -42, -1526, 6, 0, 0, 0
L -48, -1520, 6, -48, -1526, 6, 0, 0, 0
L -46, -1520, 6, -48, -1520, 6, 0, 0, 0
L -46, -1506, 6, -46, -1520, 6, 0, 0, 0
L -48, -1505, 6, -46, -1506, 6, 0, 0, 0
L -48, -1504, 6, -48, -1505, 6, 0, 0, 0
L -142, -1504, 6, -48, -1504, 6, 0, 0, 0
L -142, -1506, 6, -142, -1504, 6, 0, 0, 0
L -145, -1506, 6, -142, -1506, 6, 0, 0, 0
L -145, -1520, 6, -145, -1506, 6, 0, 0, 0
L -142, -1520, 6, -145, -1520, 6, 0, 0, 0
L -143, -1526, 6, -142, -1520, 6, 0, 0, 0
L -165, -1527, 14, -143, -1526, 6, 0, 0, 0
L -167, -1559, 18, -165, -1527, 14, 0, 0, 0
L -168, -1581, 14, -167, -1559, 18, 0, 0, 0
L -175, -1626, 12, -168, -1581, 14, 0, 0, 0
L -179, -1669, 12, -175, -1626, 12, 0, 0, 0
L -177, -1713, 19, -179, -1669, 12, 0, 0, 0
L -169, -1760, 19, -177, -1713, 19, 0, 0, 0
L -158, -1804, 24, -169, -1760, 19, 0, 0, 0
L -147, -1850, 19, -158, -1804, 24, 0, 0, 0
L -131, -1891, 26, -147, -1850, 19, 0, 0, 0
L -108, -1930, 28, -131, -1891, 26, 0, 0, 0
L -82, -1971, 22, -108, -1930, 28, 0, 0, 0
L -74, -1994, 18, -82, -1971, 22, 0, 0, 0
L -47, -2030, 15, -74, -1994, 18, 0, 0, 0
L -12, -2060, 16, -47, -2030, 15, 0, 0, 0
L 20, -2090, 10, -12, -2060, 16, 0, 0, 0
L 57, -2112, 4, 20, -2090, 10, 0, 0, 0
L 91, -2115, 7, 57, -2112, 4, 0, 0, 0
L 93, -2104, 0, 91, -2115, 7, 0, 0, 0
L 106, -2094, -4, 93, -2104, 0, 0, 0, 0
L 122, -2097, -4, 106, -2094, -4, 0, 0, 0
L 125, -2101, -3, 122, -2097, -4, 0, 0, 0
L 151, -2102, -6, 125, -2101, -3, 0, 0, 0
L 156, -2107, -5, 151, -2102, -6, 0, 0, 0
L 148, -2128, 11, 156, -2107, -5, 0, 0, 0
L 169, -2178, -1, 148, -2128, 11, 0, 0, 0
L 175, -2172, -6, 169, -2178, -1, 0, 0, 0
L 191, -2162, -6, 175, -2172, -6, 0, 0, 0
L 198, -2160, 2, 191, -2162, -6, 0, 0, 0
L 197, -2122, 1, 198, -2160, 2, 0, 0, 0
L 195, -2111, -9, 197, -2122, 1, 0, 0, 0
L 194, -2101, -9, 195, -2111, -9, 0, 0, 0
L 208, -2092, -10, 194, -2101, -9, 0, 0, 0
L 240, -2091, -2, 208, -2092, -10, 0, 0, 0
L 246, -2097, 7, 240, -2091, -2, 0, 0, 0
L 263, -2088, 4, 246, -2097, 7, 0, 0, 0
L 301, -2069, 5, 263, -2088, 4, 0, 0, 0
L 337, -2043, 11, 301, -2069, 5, 0, 0, 0
L 374, -2009, 16, 337, -2043, 11, 0, 0, 0
L 402, -1974, 15, 374, -2009, 16, 0, 0, 0
L 414, -1925, 24, 402, -1974, 15, 0, 0, 0
L 420, -1881, 19, 414, -1925, 24, 0, 0, 0
L 433, -1842, 20, 420, -1881, 19, 0, 0, 0
L 449, -1796, 20, 433, -1842, 20, 0, 0, 0
L 460, -1746, 22, 449, -1796, 20, 0, 0, 0
L 475, -1693, 16, 460, -1746, 22, 0, 0, 0
L 480, -1644, 15, 475, -1693, 16, 0, 0, 0
L 476, -1596, 18, 480, -1644, 15, 0, 0, 0
L 452, -1540, 12, 476, -1596, 18, 0, 0, 0
L 433, -1504, 9, 452, -1540, 12, 0, 0, 0
L 358, -1504, 6, 433, -1504, 9, 0, 0, 0
L 358, -1506, 6, 358, -1504, 6, 0, 0, 0
L 356, -1506, 6, 358, -1506, 6, 0, 0, 0
L 356, -1520, 6, 356, -1506, 6, 0, 0, 0
L 358, -1520, 6, 356, -1520, 6, 0, 0, 0
L 358, -1526, 6, 358, -1520, 6, 0, 0, 0
L 352, -1526, 6, 358, -1526, 6, 0, 0, 0
L 352, -1524, 6, 352, -1526, 6, 0, 0, 0
L 338, -1524, 6, 352, -1524, 6, 0, 0, 0
L 337, -1526, 6, 338, -1524, 6, 0, 0, 0
L 331, -1525, 6, 337, -1526, 6, 0, 0, 0
L 332, -1520, 6, 331, -1525, 6, 0, 0, 0
L 334, -1520, 6, 332, -1520, 6, 0, 0, 0
L 334, -1506, 6, 334, -1520, 6, 0, 0, 0
L 332, -1506, 6, 334, -1506, 6, 0, 0, 0
L 331, -1504, 6, 332, -1506, 6, 0, 0, 0
L 239, -1504, 6, 331, -1504, 6, 0, 0, 0
L 238, -1506, 6, 239, -1504, 6, 0, 0, 0
L 236, -1506, 6, 238, -1506, 6, 0, 0, 0
L 236, -1520, 6, 236, -1506, 6, 0, 0, 0
L 239, -1521, 6, 236, -1520, 6, 0, 0, 0
L 238, -1526, 6, 239, -1521, 6, 0, 0, 0
L 236, -1526, 6, 238, -1526, 6, 0, 0, 0
L 236, -1603, 6, 236, -1526, 6, 0, 0, 0
L 239, -1604, 6, 236, -1603, 6, 0, 0, 0
L 238, -1609, 6, 239, -1604, 6, 0, 0, 0
L 232, -1609, 6, 238, -1609, 6, 0, 0, 0
L 232, -1607, 6, 232, -1609, 6, 0, 0, 0
L 218, -1607, 6, 232, -1607, 6, 0, 0, 0
L 218, -1609, 6, 218, -1607, 6, 0, 0, 0
L 213, -1610, 6, 218, -1609, 6, 0, 0, 0
L 212, -1603, 6, 213, -1610, 6, 0, 0, 0
L 214, -1603, 6, 212, -1603, 6, 0, 0, 0
L 214, -1587, 5, 214, -1603, 6, 0, 0, 0
L 198, -1587, 6, 214, -1587, 5, 0, 0, 0
L 198, -1590, 6, 198, -1587, 6, 0, 0, 0
L 192, -1590, 6, 198, -1590, 6, 0, 0, 0
L 192, -1587, 6, 192, -1590, 6, 0, 0, 0
L 176, -1587, 5, 192, -1587, 6, 0, 0, 0
L 175, -1589, 5, 176, -1587, 5, 0, 0, 0
L 169, -1588, 5, 175, -1589, 5, 0, 0, 0
L 169, -1574, 5, 169, -1588, 5, 0, 0, 0
L 172, -1572, 5, 169, -1574, 5, 0, 0, 0
L 173, -1567, 5, 172, -1572, 5, 0, 0, 0
L 175, -1567, 7, 173, -1567, 5, 0, 0, 0
L 175, -1539, 7, 175, -1567, 7, 0, 0, 0
L 172, -1538, 5, 175, -1539, 7, 0, 0, 0
L 172, -1527, 5, 172, -1538, 5, 0, 0, 0
L 175, -1527, 7, 172, -1527, 5, 0, 0, 0
L 176, -1493, 7, 175, -1527, 7, 0, 0, 0
L 209, -1493, 7, 176, -1493, 7, 0, 0, 0
L 211, -1489, 5, 209, -1493, 7, 0, 0, 0
L 221, -1489, 5, 211, -1489, 5, 0, 0, 0
L 221, -1493, 7, 221, -1489, 5, 0, 0, 0
L 296, -1493, 7, 221, -1493, 7, 0, 0, 0
L 296, -1418, 7, 296, -1493, 7, 0, 0, 0
L 292, -1418, 5, 296, -1418, 7, 0, 0, 0
L 293, -1406, 5, 292, -1418, 5, 0, 0, 0
L 296, -1406, 7, 293, -1406, 5, 0, 0, 0
L 296, -1331, 7, 296, -1406, 7, 0, 0, 0
L 221, -1331, 7, 296, -1331, 7, 0, 0, 0
L 219, -1335, 5, 221, -1331, 7, 0, 0, 0
L 210, -1335, 5, 219, -1335, 5, 0, 0, 0
L 209, -1331, 7, 210, -1335, 5, 0, 0, 0
L 176, -1331, 7, 209, -1331, 7, 0, 0, 0
L 175, -1297, 7, 176, -1331, 7, 0, 0, 0
L 172, -1296, 5, 175, -1297, 7, 0, 0, 0
L 172, -1292, 5, 172, -1296, 5, 0, 0, 0
L 169, -1291, 5, 172, -1292, 5, 0, 0, 0
L 169, -1284, 4, 169, -1291, 5, 0, 0, 0
L 176, -1283, 5, 169, -1284, 4, 0, 0, 0
L 176, -1286, 7, 176, -1283, 5, 0, 0, 0
L 191, -1286, 7, 176, -1286, 7, 0, 0, 0
L 191, -1282, 5, 191, -1286, 7, 0, 0, 0
L 194, -1282, 7, 191, -1282, 5, 0, 0, 0
L 194, -1170, 7, 194, -1282, 7, 0, 0, 0
L 191, -1170, 5, 194, -1170, 7, 0, 0, 0
L 191, -1167, 7, 191, -1170, 5, 0, 0, 0
L 176, -1167, 7, 191, -1167, 7, 0, 0, 0
L 175, -1169, 5, 176, -1167, 7, 0, 0, 0
L 169, -1168, 5, 175, -1169, 5, 0, 0, 0
L 169, -1160, 2, 169, -1168, 5, 0, 0, 0
L 172, -1160, 5, 169, -1160, 2, 0, 0, 0
L 172, -1155, 5, 172, -1160, 5, 0, 0, 0
L 175, -1155, 7, 172, -1155, 5, 0, 0, 0
L 175, -1086, 7, 175, -1155, 7, 0, 0, 0
L 172, -1085, 5, 175, -1086, 7, 0, 0, 0
L 172, -1075, 5, 172, -1085, 5, 0, 0, 0
L 175, -1074, 7, 172, -1075, 5, 0, 0, 0
L 176, -1042, 7, 175, -1074, 7, 0, 0, 0
L 209, -1041, 7, 176, -1042, 7, 0, 0, 0
L 211, -1037, 5, 209, -1041, 7, 0, 0, 0
L 221, -1037, 5, 211, -1037, 5, 0, 0, 0
L 221, -1041, 7, 221, -1037, 5, 0, 0, 0
L 292, -1041, 7, 221, -1041, 7, 0, 0, 0
L 292, -1037, 5, 292, -1041, 7, 0, 0, 0
L 296, -1037, 7, 292, -1037, 5, 0, 0, 0
L 296, -965, 7, 296, -1037, 7, 0, 0, 0
L 292, -963, 5, 296, -965, 7, 0, 0, 0
L 292, -954, 5, 292, -963, 5, 0, 0, 0
L 296, -954, 7, 292, -954, 5, 0, 0, 0
L 296, -885, 7, 296, -954, 7, 0, 0, 0
L 292, -885, 5, 296, -885, 7, 0, 0, 0
L 293, -874, 5, 292, -885, 5, 0, 0, 0
L 296, -874, 7, 293, -874, 5, 0, 0, 0
L 295, -840, 7, 296, -874, 7, 0, 0, 0
L 330, -840, 7, 295, -840, 7, 0, 0, 0
L 329, -836, 5, 330, -840, 7, 0, 0, 0
L 342, -836, 5, 329, -836, 5, 0, 0, 0
L 342, -840, 7, 342, -836, 5, 0, 0, 0
L 411, -840, 7, 342, -840, 7, 0, 0, 0
L 412, -836, 5, 411, -840, 7, 0, 0, 0
L 422, -836, 5, 412, -836, 5, 0, 0, 0
L 422, -840, 7, 422, -836, 5, 0, 0, 0
L 456, -839, 7, 422, -840, 7, 0, 0, 0
L 456, -874, 7, 456, -839, 7, 0, 0, 0
L 459, -874, 5, 456, -874, 7, 0, 0, 0
L 460, -885, 5, 459, -874, 5, 0, 0, 0
L 456, -885, 7, 460, -885, 5, 0, 0, 0
L 456, -954, 7, 456, -885, 7, 0, 0, 0
L 460, -955, 5, 456, -954, 7, 0, 0, 0
L 460, -959, 5, 460, -955, 5, 0, 0, 0
L 462, -960, 4, 460, -959, 5, 0, 0, 0
L 463, -968, 5, 462, -960, 4, 0, 0, 0
L 456, -969, 5, 463, -968, 5, 0, 0, 0
L 456, -966, 7, 456, -969, 5, 0, 0, 0
L 423, -966, 7, 456, -966, 7, 0, 0, 0
L 422, -972, 5, 423, -966, 7, 0, 0, 0
L 417, -972, 7, 422, -972, 5, 0, 0, 0
L 417, -1079, 7, 417, -972, 7, 0, 0, 0
L 423, -1079, 5, 417, -1079, 7, 0, 0, 0
L 423, -1085, 7, 423, -1079, 5, 0, 0, 0
L 534, -1085, 7, 423, -1085, 7, 0, 0, 0
L 535, -1082, 5, 534, -1085, 7, 0, 0, 0
L 540, -1083, 5, 535, -1082, 5, 0, 0, 0
L 540, -1091, 5, 540, -1083, 5, 0, 0, 0
L 538, -1092, 5, 540, -1091, 5, 0, 0, 0
L 537, -1097, 5, 538, -1092, 5, 0, 0, 0
L 534, -1097, 7, 537, -1097, 5, 0, 0, 0
L 534, -1125, 7, 534, -1097, 7, 0, 0, 0
L 538, -1126, 5, 534, -1125, 7, 0, 0, 0
L 538, -1130, 5, 538, -1126, 5, 0, 0, 0
L 540, -1132, 5, 538, -1130, 5, 0, 0, 0
L 541, -1138, 2, 540, -1132, 5, 0, 0, 0
L 534, -1139, 5, 541, -1138, 2, 0, 0, 0
L 534, -1137, 7, 534, -1139, 5, 0, 0, 0
L 522, -1137, 7, 534, -1137, 7, 0, 0, 0
L 521, -1143, 5, 522, -1137, 7, 0, 0, 0
L 515, -1143, 7, 521, -1143, 5, 0, 0, 0
L 515, -1250, 7, 515, -1143, 7, 0, 0, 0
L 521, -1250, 5, 515, -1250, 7, 0, 0, 0
L 522, -1256, 7, 521, -1250, 5, 0, 0, 0
L 588, -1256, 7, 522, -1256, 7, 0, 0, 0
L 588, -1250, 5, 588, -1256, 7, 0, 0, 0
L 594, -1250, 7, 588, -1250, 5, 0, 0, 0
L 594, -1143, 7, 594, -1250, 7, 0, 0, 0
L 588, -1143, 5, 594, -1143, 7, 0, 0, 0
L 588, -1137, 7, 588, -1143, 5, 0, 0, 0
L 576, -1137, 7, 588, -1137, 7, 0, 0, 0
L 575, -1139, 5, 576, -1137, 7, 0, 0, 0
L 569, -1139, 5, 575, -1139, 5, 0, 0, 0
L 569, -1130, 2, 569, -1139, 5, 0, 0, 0
L 572, -1130, 5, 569, -1130, 2, 0, 0, 0
L 572, -1125, 5, 572, -1130, 5, 0, 0, 0
L 575, -1125, 7, 572, -1125, 5, 0, 0, 0
L 575, -1097, 7, 575, -1125, 7, 0, 0, 0
L 571, -1096, 5, 575, -1097, 7, 0, 0, 0
L 572, -1092, 4, 571, -1096, 5, 0, 0, 0
L 569, -1091, 4, 572, -1092, 4, 0, 0, 0
L 569, -1083, 5, 569, -1091, 4, 0, 0, 0
L 575, -1082, 5, 569, -1083, 5, 0, 0, 0
L 576, -1085, 7, 575, -1082, 5, 0, 0, 0
L 608, -1085, 7, 576, -1085, 7, 0, 0, 0
L 608, -1079, 5, 608, -1085, 7, 0, 0, 0
L 614, -1079, 7, 608, -1079, 5, 0, 0, 0
L 614, -1047, 7, 614, -1079, 7, 0, 0, 0
L 613, -1047, 5, 614, -1047, 7, 0, 0, 0
L 612, -1040, 5, 613, -1047, 5, 0, 0, 0
L 621, -1040, 2, 612, -1040, 5, 0, 0, 0
L 621, -1042, 5, 621, -1040, 2, 0, 0, 0
L 626, -1043, 5, 621, -1042, 5, 0, 0, 0
L 626, -1046, 7, 626, -1043, 5, 0, 0, 0
L 654, -1046, 7, 626, -1046, 7, 0, 0, 0
L 655, -1042, 5, 654, -1046, 7, 0, 0, 0
L 659, -1042, 5, 655, -1042, 5, 0, 0, 0
L 660, -1040, 5, 659, -1042, 5, 0, 0, 0
L 669, -1040, 5, 660, -1040, 5, 0, 0, 0
L 669, -1047, 2, 669, -1040, 5, 0, 0, 0
L 666, -1046, 7, 669, -1047, 2, 0, 0, 0
L 666, -1060, 7, 666, -1046, 7, 0, 0, 0
L 670, -1061, 5, 666, -1060, 7, 0, 0, 0
L 670, -1065, 7, 670, -1061, 5, 0, 0, 0
L 782, -1065, 7, 670, -1065, 7, 0, 0, 0
L 783, -1060, 5, 782, -1065, 7, 0, 0, 0
L 785, -1060, 7, 783, -1060, 5, 0, 0, 0
L 785, -1049, 7, 785, -1060, 7, 0, 0, 0
L 782, -1049, 5, 785, -1049, 7, 0, 0, 0
L 707, -1044, 3, 780, -1044, 3, 240, 127, 0
L 708, -1006, 3, 707, -1044, 3, 240, 127, 0
L 781, -1006, 5, 708, -1006, 3, 240, 127, 0
L 782, -1002, 5, 781, -1006, 5, 0, 0, 0
L 785, -1002, 7, 782, -1002, 5, 0, 0, 0
L 785, -989, 7, 785, -1002, 7, 0, 0, 0
L 782, -989, 5, 785, -989, 7, 0, 0, 0
L 782, -986, 7, 782, -989, 5, 0, 0, 0
L 670, -986, 7, 782, -986, 7, 0, 0, 0
L 670, -989, 5, 670, -986, 7, 0, 0, 0
L 666, -989, 7, 670, -989, 5, 0, 0, 0
L 666, -1004, 7, 666, -989, 7, 0, 0, 0
L 669, -1006, 5, 666, -1004, 7, 0, 0, 0
L 668, -1011, 5, 669, -1006, 5, 0, 0, 0
L 660, -1011, 5, 668, -1011, 5, 0, 0, 0
L 659, -1008, 5, 660, -1011, 5, 0, 0, 0
L 654, -1007, 5, 659, -1008, 5, 0, 0, 0
L 654, -1005, 7, 654, -1007, 5, 0, 0, 0
L 626, -1005, 7, 654, -1005, 7, 0, 0, 0
L 626, -1008, 5, 626, -1005, 7, 0, 0, 0
L 621, -1008, 5, 626, -1008, 5, 0, 0, 0
L 620, -1011, 5, 621, -1008, 5, 0, 0, 0
L 612, -1011, 5, 620, -1011, 5, 0, 0, 0
L 612, -1004, 5, 612, -1011, 5, 0, 0, 0
L 614, -1005, 7, 612, -1004, 5, 0, 0, 0
L 614, -972, 7, 614, -1005, 7, 0, 0, 0
L 608, -972, 5, 614, -972, 7, 0, 0, 0
L 608, -966, 7, 608, -972, 5, 0, 0, 0
L 498, -966, 7, 608, -966, 7, 0, 0, 0
L 497, -968, 5, 498, -966, 7, 0, 0, 0
L 491, -968, 5, 497, -968, 5, 0, 0, 0
L 491, -959, 2, 491, -968, 5, 0, 0, 0
L 494, -959, 5, 491, -959, 2, 0, 0, 0
L 494, -954, 5, 494, -959, 5, 0, 0, 0
L 497, -954, 7, 494, -954, 5, 0, 0, 0
L 497, -885, 7, 497, -954, 7, 0, 0, 0
L 494, -885, 5, 497, -885, 7, 0, 0, 0
L 494, -874, 5, 494, -885, 5, 0, 0, 0
L 497, -874, 7, 494, -874, 5, 0, 0, 0
L 497, -765, 7, 497, -874, 7, 0, 0, 0
L 494, -764, 5, 497, -765, 7, 0, 0, 0
L 494, -753, 5, 494, -764, 5, 0, 0, 0
L 497, -753, 7, 494, -753, 5, 0, 0, 0
L 497, -720, 7, 497, -753, 7, 0, 0, 0
L 531, -719, 7, 497, -720, 7, 0, 0, 0
L 532, -715, 5, 531, -719, 7, 0, 0, 0
L 536, -715, 5, 532, -715, 5, 0, 0, 0
L 537, -713, 5, 536, -715, 5, 0, 0, 0
L 545, -713, 5, 537, -713, 5, 0, 0, 0
L 545, -719, 5, 545, -713, 5, 0, 0, 0
L 543, -719, 7, 545, -719, 5, 0, 0, 0
L 543, -739, 7, 543, -719, 7, 0, 0, 0
L 562, -740, 7, 543, -739, 7, 0, 0, 0
L 562, -758, 7, 562, -740, 7, 0, 0, 0
L 580, -758, 7, 562, -758, 7, 0, 0, 0
L 581, -756, 5, 580, -758, 7, 0, 0, 0
L 586, -755, 4, 581, -756, 5, 0, 0, 0
L 587, -765, 2, 586, -755, 4, 0, 0, 0
L 584, -765, 5, 587, -765, 2, 0, 0, 0
L 584, -769, 5, 584, -765, 5, 0, 0, 0
L 581, -770, 7, 584, -769, 5, 0, 0, 0
L 581, -798, 7, 581, -770, 7, 0, 0, 0
L 584, -799, 5, 581, -798, 7, 0, 0, 0
L 584, -803, 5, 584, -799, 5, 0, 0, 0
L 585, -802, 4, 584, -803, 5, 0, 0, 0
L 586, -813, 5, 585, -802, 4, 0, 0, 0
L 581, -812, 5, 586, -813, 5, 0, 0, 0
L 580, -810, 7, 581, -812, 5, 0, 0, 0
L 566, -810, 7, 580, -810, 7, 0, 0, 0
L 566, -813, 5, 566, -810, 7, 0, 0, 0
L 562, -814, 7, 566, -813, 5, 0, 0, 0
L 562, -865, 7, 562, -814, 7, 0, 0, 0
L 566, -866, 9, 562, -865, 7, 0, 0, 0
L 566, -869, 8, 566, -866, 9, 0, 0, 0
L 638, -869, 7, 566, -869, 8, 0, 0, 0
L 638, -865, 6, 638, -869, 7, 0, 0, 0
L 642, -865, 7, 638, -865, 6, 0, 0, 0
L 642, -814, 7, 642, -865, 7, 0, 0, 0
L 639, -814, 5, 642, -814, 7, 0, 0, 0
L 638, -810, 7, 639, -814, 5, 0, 0, 0
L 622, -810, 7, 638, -810, 7, 0, 0, 0
L 622, -812, 5, 622, -810, 7, 0, 0, 0
L 616, -812, 5, 622, -812, 5, 0, 0, 0
L 616, -803, 2, 616, -812, 5, 0, 0, 0
L 618, -803, 5, 616, -803, 2, 0, 0, 0
L 618, -799, 5, 618, -803, 5, 0, 0, 0
L 622, -798, 7, 618, -799, 5, 0, 0, 0
L 622, -770, 7, 622, -798, 7, 0, 0, 0
L 619, -770, 5, 622, -770, 7, 0, 0, 0
L 618, -765, 5, 619, -770, 5, 0, 0, 0
L 615, -764, 5, 618, -765, 5, 0, 0, 0
L 615, -757, 2, 615, -764, 5, 0, 0, 0
L 622, -756, 5, 615, -757, 2, 0, 0, 0
L 622, -758, 7, 622, -756, 5, 0, 0, 0
L 641, -758, 7, 622, -758, 7, 0, 0, 0
L 642, -739, 7, 641, -758, 7, 0, 0, 0
L 659, -739, 7, 642, -739, 7, 0, 0, 0
L 659, -719, 7, 659, -739, 7, 0, 0, 0
L 657, -720, 5, 659, -719, 7, 0, 0, 0
L 657, -713, 5, 657, -720, 5, 0, 0, 0
L 666, -713, 2, 657, -713, 5, 0, 0, 0
L 666, -715, 5, 666, -713, 2, 0, 0, 0
L 671, -716, 5, 666, -715, 5, 0, 0, 0
L 671, -719, 7, 671, -716, 5, 0, 0, 0
L 700, -719, 7, 671, -719, 7, 0, 0, 0
L 700, -715, 5, 700, -719, 7, 0, 0, 0
L 705, -715, 5, 700, -715, 5, 0, 0, 0
L 706, -713, 5, 705, -715, 5, 0, 0, 0
L 714, -713, 5, 706, -713, 5, 0, 0, 0
L 713, -720, 2, 714, -713, 5, 0, 0, 0
L 713, -735, 2, 713, -720, 2, 0, 0, 0
L 731, -735, 2, 713, -735, 2, 0, 0, 0
L 731, -754, 2, 731, -735, 2, 0, 0, 0
L 755, -753, 4, 731, -754, 2, 0, 0, 0
L 754, -761, 5, 755, -753, 4, 0, 0, 0
L 783, -761, 5, 754, -761, 5, 0, 0, 0
L 789, -755, 7, 783, -761, 5, 0, 0, 0
L 805, -754, 2, 789, -755, 7, 0, 0, 0
L 805, -736, 2, 805, -754, 2, 0, 0, 0
L 824, -735, 2, 805, -736, 2, 0, 0, 0
L 822, -714, 2, 824, -735, 2, 0, 0, 0
L 830, -713, 5, 822, -714, 2, 0, 0, 0
L 829, -706, 4, 830, -713, 5, 0, 0, 0
L 848, -706, 3, 829, -706, 4, 0, 0, 0
L 851, -715, 9, 848, -706, 3, 0, 0, 0
L 924, -704, -1, 851, -715, 9, 0, 0, 0
L 947, -688, -4, 924, -704, -1, 0, 0, 0
L 990, -624, -5, 947, -688, -4, 0, 0, 0
L 1013, -564, -2, 990, -624, -5, 0, 0, 0
L 1035, -547, -1, 1013, -564, -2, 0, 0, 0
L 1057, -531, -5, 1035, -547, -1, 0, 0, 0
L 177, -2187, -12, 177, -2188, -12, 0, 0, 0
L 177, -2188, -12, 174, -2200, -7, 0, 0, 0
L 174, -2200, -7, 174, -2202, -6, 0, 0, 0
L 174, -2202, -6, 174, -2206, -6, 0, 0, 0
L 174, -2206, -6, 175, -2256, 5, 0, 0, 0
L 175, -2256, 5, 175, -2257, 5, 0, 0, 0
L 175, -2257, 5, 178, -2267, 4, 0, 0, 0
L 178, -2267, 4, 179, -2269, 4, 0, 0, 0
L 179, -2269, 4, 180, -2270, 4, 0, 0, 0
L 180, -2270, 4, 180, -2271, 4, 0, 0, 0
L 180, -2271, 4, 206, -2294, 7, 0, 0, 0
L 206, -2294, 7, 207, -2295, 7, 0, 0, 0
L 207, -2295, 7, 223, -2314, 13, 0, 0, 0
L 223, -2314, 13, 224, -2313, 13, 0, 0, 0
L 224, -2313, 13, 228, -2307, 14, 0, 0, 0
L 228, -2307, 14, 228, -2308, 14, 0, 0, 0
L 228, -2308, 14, 236, -2314, 19, 0, 0, 0
L 236, -2314, 19, 243, -2319, 17, 0, 0, 0
L 243, -2319, 17, 243, -2320, 17, 0, 0, 0
L 243, -2320, 17, 251, -2335, 30, 0, 0, 0
L 251, -2335, 30, 253, -2334, 29, 0, 0, 0
L 253, -2334, 29, 255, -2333, 27, 0, 0, 0
L 255, -2333, 27, 255, -2334, 26, 0, 0, 0
L 255, -2334, 26, 261, -2345, 9, 0, 0, 0
L 261, -2345, 9, 260, -2346, 8, 0, 0, 0
L 260, -2346, 8, 244, -2358, -8, 0, 0, 0
L 244, -2358, -8, 229, -2355, -9, 0, 0, 0
L 229, -2355, -9, 216, -2348, -9, 0, 0, 0
L 216, -2348, -9, 214, -2348, -9, 0, 0, 0
L 214, -2348, -9, 212, -2347, -9, 0, 0, 0
L 212, -2347, -9, 204, -2342, -7, 0, 0, 0
L 204, -2342, -7, 195, -2351, -7, 0, 0, 0
L 195, -2351, -7, 194, -2352, -6, 0, 0, 0
L 194, -2352, -6, 193, -2353, -6, 0, 0, 0
L 193, -2353, -6, 191, -2354, -6, 0, 0, 0
L 191, -2354, -6, 191, -2356, -7, 0, 0, 0
L 191, -2356, -7, 190, -2357, -4, 0, 0, 0
L 190, -2357, -4, 186, -2361, -4, 0, 0, 0
L 186, -2361, -4, 185, -2363, -4, 0, 0, 0
L 185, -2363, -4, 183, -2364, -3, 0, 0, 0
L 183, -2364, -3, 182, -2365, -4, 0, 0, 0
L 182, -2365, -4, 181, -2366, -4, 0, 0, 0
L 181, -2366, -4, 171, -2374, -6, 0, 0, 0
L 171, -2374, -6, 164, -2380, -6, 0, 0, 0
L 164, -2380, -6, 160, -2383, -6, 0, 0, 0
L 160, -2383, -6, 161, -2385, -6, 0, 0, 0
L 161, -2385, -6, 161, -2390, -6, 0, 0, 0
L 161, -2390, -6, 162, -2416, -1, 0, 0, 0
L 162, -2416, -1, 163, -2417, -0, 0, 0, 0
L 163, -2417, -0, 183, -2433, 15, 0, 0, 0
L 183, -2433, 15, 182, -2439, 15, 0, 0, 0
L 182, -2439, 15, 180, -2447, 15, 0, 0, 0
L 180, -2447, 15, 180, -2448, 15, 0, 0, 0
L 180, -2448, 15, 180, -2451, 16, 0, 0, 0
L 180, -2451, 16, 181, -2452, 15, 0, 0, 0
L 181, -2452, 15, 206, -2455, -5, 0, 0, 0
L 206, -2455, -5, 267, -2467, -4, 0, 0, 0
L 267, -2467, -4, 287, -2468, -4, 0, 0, 0
L 412, -2425, -2, 421, -2424, -3, 0, 0, 0
L 421, -2424, -3, 443, -2419, -3, 0, 0, 0
L 443, -2419, -3, 444, -2419, -3, 0, 0, 0
L 444, -2419, -3, 480, -2389, -2, 0, 0, 0
L 480, -2389, -2, 482, -2389, -3, 0, 0, 0
L 482, -2389, -3, 493, -2388, -2, 0, 0, 0
L 493, -2388, -2, 510, -2385, 3, 0, 0, 0
L 510, -2385, 3, 511, -2384, 2, 0, 0, 0
L 511, -2384, 2, 515, -2377, 4, 0, 0, 0
L 515, -2377, 4, 515, -2376, 4, 0, 0, 0
L 515, -2376, 4, 515, -2369, 2, 0, 0, 0
L 515, -2369, 2, 516, -2365, 5, 0, 0, 0
L 516, -2365, 5, 516, -2363, 6, 0, 0, 0
L 516, -2363, 6, 517, -2348, 4, 0, 0, 0
L 517, -2348, 4, 516, -2347, 3, 0, 0, 0
L 516, -2347, 3, 505, -2334, 1, 0, 0, 0
L 505, -2334, 1, 505, -2333, 0, 0, 0, 0
L 505, -2333, 0, 496, -2325, 6, 0, 0, 0
L 496, -2325, 6, 495, -2324, 6, 0, 0, 0
L 495, -2324, 6, 486, -2316, 14, 0, 0, 0
L 486, -2316, 14, 484, -2316, 15, 0, 0, 0
L 484, -2316, 15, 483, -2318, 14, 0, 0, 0
L 483, -2318, 14, 480, -2316, 12, 0, 0, 0
L 480, -2316, 12, 461, -2307, -3, 0, 0, 0
L 461, -2307, -3, 451, -2302, 0, 0, 0, 0
L 451, -2302, 0, 443, -2298, -4, 0, 0, 0
L 443, -2298, -4, 440, -2297, -4, 0, 0, 0
L 440, -2297, -4, 439, -2298, 0, 0, 0, 0
L 439, -2298, 0, 436, -2298, 1, 0, 0, 0
L 436, -2298, 1, 427, -2298, 0, 0, 0, 0
L 427, -2298, 0, 425, -2297, -2, 0, 0, 0
L 425, -2297, -2, 415, -2295, -5, 0, 0, 0
L 415, -2295, -5, 413, -2295, -5, 0, 0, 0
L 413, -2295, -5, 412, -2297, -5, 0, 0, 0
L 412, -2297, -5, 410, -2297, -5, 0, 0, 0
L 410, -2297, -5, 407, -2298, -4, 0, 0, 0
L 407, -2298, -4, 404, -2298, -4, 0, 0, 0
L 404, -2298, -4, 403, -2299, -3, 0, 0, 0
L 403, -2299, -3, 412, -2301, -3, 0, 0, 0
L 412, -2301, -3, 412, -2303, -3, 0, 0, 0
L 412, -2303, -3, 410, -2304, -4, 0, 0, 0
L 410, -2304, -4, 407, -2304, -4, 0, 0, 0
L 407, -2304, -4, 404, -2304, -3, 0, 0, 0
L 404, -2304, -3, 403, -2304, -3, 0, 0, 0
L 403, -2304, -3, 406, -2302, -1, 0, 0, 0
L 406, -2302, -1, 405, -2302, -1, 0, 0, 0
L 405, -2302, -1, 402, -2302, 0, 0, 0, 0
L 402, -2302, 0, 402, -2303, 3, 0, 0, 0
L 402, -2303, 3, 401, -2305, 4, 0, 0, 0
L 401, -2305, 4, 401, -2307, 3, 0, 0, 0
L 401, -2307, 3, 399, -2306, 2, 0, 0, 0
L 399, -2306, 2, 390, -2305, 2, 0, 0, 0
L 390, -2305, 2, 385, -2304, -2, 0, 0, 0
L 385, -2304, -2, 379, -2303, -3, 0, 0, 0
L 379, -2303, -3, 377, -2304, -3, 0, 0, 0
L 377, -2304, -3, 367, -2306, -4, 0, 0, 0
L 367, -2306, -4, 365, -2307, -4, 0, 0, 0
L 365, -2307, -4, 357, -2308, -5, 0, 0, 0
L 357, -2308, -5, 356, -2309, -4, 0, 0, 0
L 356, -2309, -4, 354, -2310, -4, 0, 0, 0
L 354, -2310, -4, 344, -2312, -5, 0, 0, 0
L 344, -2312, -5, 343, -2312, -5, 0, 0, 0
L 343, -2312, -5, 336, -2314, -5, 0, 0, 0
L 336, -2314, -5, 334, -2314, -5, 0, 0, 0
L 334, -2314, -5, 331, -2315, -5, 0, 0, 0
L 331, -2315, -5, 330, -2315, -5, 0, 0, 0
L 330, -2315, -5, 318, -2314, -4, 0, 0, 0
L 318, -2314, -4, 316, -2315, -5, 0, 0, 0
L 316, -2315, -5, 315, -2317, -5, 0, 0, 0
L 315, -2317, -5, 315, -2319, -5, 0, 0, 0
L 315, -2319, -5, 314, -2321, -4, 0, 0, 0
L 314, -2321, -4, 314, -2324, -4, 0, 0, 0
L 314, -2324, -4, 312, -2325, -5, 0, 0, 0
L 312, -2325, -5, 309, -2326, -5, 0, 0, 0
L 309, -2326, -5, 307, -2325, -5, 0, 0, 0
L 307, -2325, -5, 290, -2322, -4, 0, 0, 0
L 290, -2322, -4, 291, -2321, -6, 0, 0, 0
L 291, -2321, -6, 295, -2309, -9, 0, 0, 0
L 295, -2309, -9, 295, -2308, -10, 0, 0, 0
L 295, -2308, -10, 295, -2305, -9, 0, 0, 0
L 295, -2305, -9, 297, -2297, -9, 0, 0, 0
L 297, -2297, -9, 297, -2294, -9, 0, 0, 0
L 297, -2294, -9, 298, -2293, -9, 0, 0, 0
L 298, -2293, -9, 297, -2292, -9, 0, 0, 0
L 297, -2292, -9, 296, -2290, -10, 0, 0, 0
L 296, -2290, -10, 297, -2288, -9, 0, 0, 0
L 297, -2288, -9, 297, -2284, -9, 0, 0, 0
L 297, -2284, -9, 297, -2274, -7, 0, 0, 0
L 297, -2274, -7, 296, -2271, -7, 0, 0, 0
L 296, -2271, -7, 296, -2269, -7, 0, 0, 0
L 296, -2269, -7, 294, -2266, -7, 0, 0, 0
L 294, -2266, -7, 293, -2263, -6, 0, 0, 0
L 293, -2263, -6, 293, -2262, -7, 0, 0, 0
L 293, -2262, -7, 292, -2261, -7, 0, 0, 0
L 292, -2261, -7, 271, -2222, -12, 0, 0, 0
L 271, -2222, -12, 268, -2217, -11, 0, 0, 0
L 268, -2217, -11, 267, -2216, -11, 0, 0, 0
L 267, -2216, -11, 265, -2212, -11, 0, 0, 0
L 265, -2212, -11, 263, -2209, -11, 0, 0, 0
L 263, -2209, -11, 261, -2208, -11, 0, 0, 0
L 261, -2208, -11, 260, -2207, -11, 0, 0, 0
L 260, -2207, -11, 258, -2205, -12, 0, 0, 0
L 258, -2205, -12, 257, -2204, -12, 0, 0, 0
L 257, -2204, -12, 253, -2202, -12, 0, 0, 0
L 253, -2202, -12, 247, -2199, -10, 0, 0, 0
L 247, -2199, -10, 245, -2198, -10, 0, 0, 0
L 245, -2198, -10, 227, -2191, -5, 0, 0, 0
L 227, -2191, -5, 218, -2188, -4, 0, 0, 0
L 218, -2188, -4, 212, -2186, -3, 0, 0, 0
L 212, -2186, -3, 211, -2185, -4, 0, 0, 0
L 211, -2185, -4, 210, -2184, -6, 0, 0, 0
L 210, -2184, -6, 205, -2179, -6, 0, 0, 0
L 205, -2179, -6, 202, -2175, -7, 0, 0, 0
