P -500.0000, 3400.0000, 0.0000,  255, 255, 255,  2,  Orc_Fort
P -3300.0000, 1750.0000, 0.0000,  255, 255, 255,  2,  Giant_Fort
P -3230.0000, 8083.0000, 0.0000,  255, 255, 255,  2,  Icefang
P 2174.0000, 7859.0000, 0.0000,  255, 255, 255,  2,  Coldain
P 4296.0000, 5049.0000, 0.0000,  255, 255, 255,  2,  Succor_Point
P -1565.4150, 2461.1179, 304.9510,  0, 127, 127,  1,  Boridain
P -3476.8821, 6335.0112, 144.3630,  0, 0, 0,  2,  Tanik
P 2623.9260, 4926.7100, 142.9380,  0, 0, 0,  1,  Tain
P -3285.1189, 7938.1699, 142.9390,  0, 0, 0,  1,  Korrigan
P 1899.3900, 539.9870, 159.8400,  0, 0, 240,  2,  Corbin_1
P 3175.8721, 573.6350, 154.0650,  0, 0, 240,  2,  Corbin_2
P -78.5300, -215.0430, 29.8360,  0, 0, 240,  2,  Corbin
P 366.3540, -272.0400, 4.0320,  0, 0, 240,  2,  Warden
P 388.4470, 2708.9919, 178.0940,  0, 240, 0,  2,  Garadain
P 443.0870, 2631.2930, 174.7840,  0, 240, 0,  2,  Coldheart
P -2746.6160, 6412.2529, 142.9400,  0, 240, 0,  3,  Shinnng_Rock
P -3285.8521, 6151.1279, 169.3480,  240, 0, 0,  3,  Giant_Hill
P 3208.3049, 548.8660, 154.4820,  0, 240, 0,  3,  Coldain_Huts
P -4728.9502, 9133.8330, 258.4280,  240, 0, 0,  2,  Man_O_War_Hill
P -4213.4341, 9593.1191, 148.5590,  0, 0, 240,  2,  Walrus_Safe_Camp
P 2117.6841, -635.5590, 143.3290,  0, 0, 0,  3,  Safe_Tree
P -3425.8799, 6949.7500, 209.7770,  240, 0, 0,  2,  Safe_Ridge
P -480.4730, 4067.3210, 141.9490,  0, 0, 0,  3,  to_Crystal_Caverns
P -8.9600, 7252.7539, 158.7350,  0, 0, 0,  3,  to_Sleeper's_Tomb
P -6561.6182, 1791.3170, 120.3960,  0, 0, 0,  3,  to_The_Great_Divide
P -6993.1968, 6254.4761, -304.5300,  0, 0, 0,  3,  to_Kael_Drakkal
P 5905.0229, 4513.1050, 557.5190,  0, 0, 0,  3,  to_Iceclad
P 4191.0000, 9091.0000, 142.9385,  127, 0, 0,  3,  To_East_Wastes:_Zeixshi-Kar's_Awakening
P -7003.3438, 6248.8457, -304.5282,  127, 0, 0,  3,  To_Kael_Drakkel
P -6675.0000, 1769.0000, 188.1978,  127, 0, 0,  3,  To_Great_Divide
P -1067.0419, 3405.2732, 146.6491,  127, 0, 0,  3,  Secret_exit_from_Crystal_Caverns
P -478.3272, 4075.7485, 144.3555,  127, 0, 0,  3,  To_Crystal_Caverns
P 66.7706, -429.4952, -11.6761,  0, 0, 0,  3,  North-East_Ruins
P -436.4147, 3653.2974, 141.7519,  0, 0, 0,  3,  Orc_Fort
P -3407.3899, 1741.3477, 138.7892,  0, 0, 0,  3,  Giant_Fort
P 5905.0229, 4513.1050, 557.5190,  127, 0, 0,  3,  To_Iceclad_Ocean
P 10000.0000, 12000.0000, 142.9385,  0, 0, 0,  3,  Map_by:_Caudyr
P 10000.0000, 12250.0000, 142.9385,  0, 0, 0,  3,  Labels_by:_Caudyr
