L -1558, 1751, 123, -1616, 1751, 123, 150, 0, 200
L 895, -848, -32, 894, -825, -32, 150, 0, 200
L 936, -747, -32, 936, -706, -32, 64, 64, 64
L 898, -747, -32, 936, -747, -32, 64, 64, 64
L 897, -825, -32, 898, -747, -32, 64, 64, 64
L 837, -826, -32, 897, -825, -32, 64, 64, 64
L 837, -824, -32, 837, -826, -32, 64, 64, 64
L 829, -812, -31, 837, -824, -32, 64, 64, 64
L 819, -798, -25, 829, -812, -31, 64, 64, 64
L 756, -798, -25, 819, -798, -25, 64, 64, 64
L 749, -704, -25, 756, -798, -25, 64, 64, 64
L 738, -680, -25, 749, -704, -25, 64, 64, 64
L 721, -679, -32, 738, -680, -25, 64, 64, 64
L 696, -679, -31, 721, -679, -32, 64, 64, 64
L 671, -663, -32, 696, -679, -31, 64, 64, 64
L 657, -655, -32, 671, -663, -32, 64, 64, 64
L 636, -654, -32, 657, -655, -32, 64, 64, 64
L 634, -641, -32, 636, -654, -32, 64, 64, 64
L 596, -602, -32, 593, -587, -32, 64, 64, 64
L 575, -618, -32, 596, -602, -32, 64, 64, 64
L 567, -619, -32, 575, -618, -32, 64, 64, 64
L 555, -620, -33, 567, -619, -32, 64, 64, 64
L 546, -621, -34, 555, -620, -33, 64, 64, 64
L 535, -619, -38, 546, -621, -34, 64, 64, 64
L 519, -617, -38, 535, -619, -38, 64, 64, 64
L 507, -622, -37, 519, -617, -38, 64, 64, 64
L 498, -619, -32, 507, -622, -37, 64, 64, 64
L 493, -615, -37, 498, -619, -32, 64, 64, 64
L 491, -611, -38, 493, -615, -37, 64, 64, 64
L 473, -611, -39, 491, -611, -38, 64, 64, 64
L 457, -611, -39, 473, -611, -39, 64, 64, 64
L 444, -616, -39, 457, -611, -39, 64, 64, 64
L 431, -613, -38, 444, -616, -39, 64, 64, 64
L 417, -611, -38, 431, -613, -38, 64, 64, 64
L 402, -610, -38, 417, -611, -38, 64, 64, 64
L 384, -610, -38, 402, -610, -38, 64, 64, 64
L 369, -611, -38, 384, -610, -38, 64, 64, 64
L 369, -626, -38, 369, -611, -38, 64, 64, 64
L 380, -667, -38, 369, -671, -37, 64, 64, 64
L 399, -672, -38, 380, -667, -38, 64, 64, 64
L 413, -678, -38, 399, -672, -38, 64, 64, 64
L 428, -682, -40, 413, -678, -38, 64, 64, 64
L 435, -687, -39, 428, -682, -40, 64, 64, 64
L 429, -722, -38, 435, -687, -39, 64, 64, 64
L 420, -768, -38, 429, -722, -38, 64, 64, 64
L 421, -790, -46, 420, -768, -38, 64, 64, 64
L 420, -801, -48, 421, -790, -46, 64, 64, 64
L 418, -813, -48, 420, -801, -48, 64, 64, 64
L 408, -816, -47, 418, -813, -48, 64, 64, 64
L 404, -806, -47, 408, -816, -47, 64, 64, 64
L 395, -807, -46, 404, -806, -47, 64, 64, 64
L 396, -878, -46, 395, -807, -46, 64, 64, 64
L 463, -878, -46, 396, -878, -46, 64, 64, 64
L 471, -860, -45, 463, -878, -46, 64, 64, 64
L 468, -837, -47, 471, -860, -45, 64, 64, 64
L 464, -822, -47, 468, -837, -47, 64, 64, 64
L 453, -799, -47, 464, -822, -47, 64, 64, 64
L 454, -787, -46, 453, -799, -47, 64, 64, 64
L 455, -773, -39, 454, -787, -46, 64, 64, 64
L 463, -746, -38, 455, -773, -39, 64, 64, 64
L 469, -701, -38, 463, -746, -38, 64, 64, 64
L 475, -694, -38, 469, -701, -38, 64, 64, 64
L 480, -691, -38, 475, -694, -38, 64, 64, 64
L 484, -682, -38, 480, -691, -38, 64, 64, 64
L 524, -674, -38, 484, -682, -38, 64, 64, 64
L 537, -676, -38, 524, -674, -38, 64, 64, 64
L 565, -681, -32, 537, -676, -38, 64, 64, 64
L 574, -682, -32, 565, -681, -32, 64, 64, 64
L 607, -682, -32, 574, -682, -32, 64, 64, 64
L 661, -693, -32, 607, -682, -32, 64, 64, 64
L 687, -697, -30, 661, -693, -32, 64, 64, 64
L 693, -717, -31, 687, -697, -30, 64, 64, 64
L 697, -738, -30, 693, -717, -31, 64, 64, 64
L 698, -788, -25, 697, -738, -30, 64, 64, 64
L 697, -822, -25, 698, -788, -25, 64, 64, 64
L 699, -874, -26, 697, -822, -25, 64, 64, 64
L 699, -913, -26, 699, -874, -26, 64, 64, 64
L 697, -930, -25, 699, -913, -26, 64, 64, 64
L 703, -935, -30, 697, -930, -25, 64, 64, 64
L 707, -948, -30, 703, -935, -30, 64, 64, 64
L 712, -971, -30, 707, -948, -30, 64, 64, 64
L 723, -971, -31, 712, -971, -30, 64, 64, 64
L 725, -981, -32, 723, -971, -31, 64, 64, 64
L 716, -986, -32, 725, -981, -32, 64, 64, 64
L 716, -1098, -36, 716, -986, -32, 64, 64, 64
L 786, -1098, -42, 716, -1098, -36, 64, 64, 64
L 786, -1176, -35, 786, -1098, -42, 64, 64, 64
L 686, -1188, -40, 786, -1176, -35, 64, 64, 64
L 708, -1242, -72, 686, -1188, -40, 64, 64, 64
L 697, -1244, -73, 708, -1242, -72, 64, 64, 64
L 688, -1240, -75, 697, -1244, -73, 64, 64, 64
L 677, -1225, -76, 688, -1240, -75, 64, 64, 64
L 676, -1209, -76, 677, -1225, -76, 64, 64, 64
L 652, -1209, -79, 676, -1209, -76, 64, 64, 64
L 631, -1201, -60, 652, -1209, -79, 64, 64, 64
L 620, -1185, -55, 631, -1201, -60, 64, 64, 64
L 611, -1163, -48, 620, -1185, -55, 64, 64, 64
L 619, -1140, -41, 611, -1163, -48, 64, 64, 64
L 612, -1125, -35, 619, -1140, -41, 64, 64, 64
L 626, -1094, -26, 612, -1125, -35, 64, 64, 64
L 622, -1070, -18, 626, -1094, -26, 64, 64, 64
L 593, -1072, -19, 622, -1070, -18, 64, 64, 64
L 585, -1069, -18, 593, -1072, -19, 64, 64, 64
L 563, -1068, -17, 585, -1069, -18, 64, 64, 64
L 459, -1068, -17, 563, -1068, -17, 64, 64, 64
L 439, -1075, -19, 459, -1068, -17, 64, 64, 64
L 430, -1095, -48, 439, -1075, -19, 64, 64, 64
L 420, -1099, -48, 430, -1095, -48, 64, 64, 64
L 415, -1098, -48, 420, -1099, -48, 64, 64, 64
L 423, -1118, -48, 415, -1098, -48, 64, 64, 64
L 415, -1136, -48, 423, -1118, -48, 64, 64, 64
L 414, -1148, -48, 415, -1136, -48, 64, 64, 64
L 407, -1148, -48, 414, -1148, -48, 64, 64, 64
L 407, -1198, -48, 407, -1193, -48, 64, 64, 64
L 423, -1230, -48, 414, -1209, -48, 64, 64, 64
L 415, -1249, -48, 423, -1230, -48, 64, 64, 64
L 413, -1252, -48, 415, -1249, -48, 64, 64, 64
L 436, -1253, -77, 413, -1252, -48, 64, 64, 64
L 439, -1254, -77, 436, -1252, -76, 64, 64, 64
L 441, -1257, -78, 439, -1254, -77, 64, 64, 64
L 444, -1270, -81, 441, -1257, -78, 64, 64, 64
L 441, -1283, -81, 444, -1270, -81, 64, 64, 64
L 437, -1284, -80, 441, -1283, -81, 64, 64, 64
L 440, -1302, -81, 437, -1284, -80, 64, 64, 64
L 436, -1308, -82, 440, -1302, -81, 64, 64, 64
L 421, -1310, -85, 436, -1308, -82, 64, 64, 64
L 411, -1309, -88, 421, -1310, -85, 64, 64, 64
L 398, -1314, -90, 411, -1309, -88, 64, 64, 64
L 390, -1309, -92, 398, -1314, -90, 64, 64, 64
L 367, -1313, -97, 390, -1309, -92, 64, 64, 64
L 353, -1309, -98, 367, -1313, -97, 64, 64, 64
L 352, -1313, -99, 353, -1309, -98, 64, 64, 64
L 338, -1313, -102, 352, -1313, -99, 64, 64, 64
L 330, -1312, -104, 338, -1313, -102, 64, 64, 64
L 333, -1320, -105, 330, -1312, -104, 64, 64, 64
L 328, -1327, -108, 333, -1320, -105, 64, 64, 64
L 333, -1347, -111, 328, -1327, -108, 64, 64, 64
L 327, -1363, -116, 333, -1347, -111, 64, 64, 64
L 331, -1375, -117, 327, -1363, -116, 64, 64, 64
L 326, -1389, -118, 331, -1375, -117, 64, 64, 64
L 312, -1393, -118, 326, -1389, -118, 64, 64, 64
L 300, -1390, -118, 312, -1393, -118, 64, 64, 64
L 293, -1391, -118, 300, -1390, -118, 64, 64, 64
L 274, -1387, -118, 293, -1391, -118, 64, 64, 64
L 263, -1391, -118, 274, -1387, -118, 64, 64, 64
L 254, -1387, -118, 263, -1391, -118, 64, 64, 64
L 245, -1392, -118, 254, -1387, -118, 64, 64, 64
L 235, -1387, -118, 245, -1392, -118, 64, 64, 64
L 216, -1392, -118, 235, -1387, -118, 64, 64, 64
L 221, -1410, -118, 216, -1392, -118, 64, 64, 64
L 217, -1423, -118, 221, -1410, -118, 64, 64, 64
L 234, -1427, -118, 217, -1423, -118, 64, 64, 64
L 235, -1430, -118, 234, -1427, -118, 64, 64, 64
L 316, -1438, -118, 366, -1437, -118, 0, 0, 255
L 235, -1430, -118, 316, -1438, -118, 0, 0, 255
L 365, -1419, -118, 366, -1437, -118, 64, 64, 64
L 361, -1408, -118, 365, -1419, -118, 64, 64, 64
L 364, -1399, -118, 361, -1408, -118, 64, 64, 64
L 355, -1397, -118, 364, -1399, -118, 64, 64, 64
L 356, -1394, -118, 355, -1397, -118, 64, 64, 64
L 351, -1388, -115, 356, -1394, -118, 64, 64, 64
L 354, -1383, -113, 351, -1388, -115, 64, 64, 64
L 355, -1382, -112, 354, -1383, -113, 64, 64, 64
L 351, -1366, -110, 355, -1382, -112, 64, 64, 64
L 355, -1348, -105, 351, -1366, -110, 64, 64, 64
L 354, -1343, -104, 355, -1348, -105, 64, 64, 64
L 355, -1339, -100, 354, -1343, -104, 64, 64, 64
L 361, -1336, -98, 355, -1339, -100, 64, 64, 64
L 366, -1336, -97, 361, -1336, -98, 64, 64, 64
L 371, -1337, -96, 366, -1336, -97, 64, 64, 64
L 389, -1332, -92, 371, -1337, -96, 64, 64, 64
L 409, -1337, -88, 389, -1332, -92, 64, 64, 64
L 417, -1332, -86, 409, -1337, -88, 64, 64, 64
L 428, -1337, -84, 417, -1332, -86, 64, 64, 64
L 433, -1336, -83, 428, -1337, -84, 64, 64, 64
L 436, -1336, -81, 433, -1336, -83, 64, 64, 64
L 441, -1345, -81, 436, -1336, -81, 64, 64, 64
L 438, -1352, -81, 441, -1345, -81, 64, 64, 64
L 441, -1361, -81, 438, -1352, -81, 64, 64, 64
L 437, -1370, -81, 441, -1361, -81, 64, 64, 64
L 445, -1387, -81, 437, -1370, -81, 64, 64, 64
L 437, -1408, -81, 445, -1387, -81, 64, 64, 64
L 442, -1425, -81, 437, -1408, -81, 64, 64, 64
L 438, -1441, -81, 442, -1425, -81, 64, 64, 64
L 443, -1442, -80, 438, -1441, -81, 64, 64, 64
L 452, -1444, -80, 443, -1442, -80, 64, 64, 64
L 457, -1451, -81, 452, -1444, -80, 64, 64, 64
L 454, -1455, -81, 457, -1451, -81, 64, 64, 64
L 457, -1457, -81, 454, -1455, -81, 64, 64, 64
L 472, -1454, -81, 457, -1457, -81, 64, 64, 64
L 489, -1459, -81, 472, -1454, -81, 64, 64, 64
L 509, -1454, -81, 489, -1459, -81, 64, 64, 64
L 527, -1459, -81, 509, -1454, -81, 64, 64, 64
L 537, -1454, -81, 527, -1459, -81, 64, 64, 64
L 546, -1459, -81, 537, -1454, -81, 64, 64, 64
L 558, -1455, -81, 546, -1459, -81, 64, 64, 64
L 565, -1459, -81, 558, -1455, -81, 64, 64, 64
L 582, -1455, -81, 565, -1459, -81, 64, 64, 64
L 587, -1449, -81, 582, -1455, -81, 64, 64, 64
L 596, -1449, -81, 587, -1449, -81, 64, 64, 64
L 604, -1451, -81, 596, -1449, -81, 64, 64, 64
L 611, -1454, -81, 606, -1456, -81, 64, 64, 64
L 621, -1458, -81, 611, -1454, -81, 64, 64, 64
L 633, -1454, -81, 621, -1458, -81, 64, 64, 64
L 641, -1454, -74, 633, -1454, -81, 64, 64, 64
L 648, -1472, -67, 641, -1454, -74, 64, 64, 64
L 645, -1478, -66, 648, -1472, -67, 64, 64, 64
L 649, -1486, -64, 645, -1478, -66, 64, 64, 64
L 646, -1495, -60, 649, -1486, -64, 64, 64, 64
L 649, -1498, -59, 646, -1495, -60, 64, 64, 64
L 654, -1507, -55, 649, -1498, -59, 64, 64, 64
L 652, -1516, -53, 654, -1507, -55, 64, 64, 64
L 652, -1524, -51, 652, -1516, -53, 64, 64, 64
L 648, -1532, -52, 652, -1524, -51, 64, 64, 64
L 633, -1559, -42, 633, -1468, -27, 64, 64, 64
L 705, -1556, -40, 633, -1559, -42, 64, 64, 64
L 708, -1588, -41, 705, -1556, -40, 64, 64, 64
L 767, -1631, -41, 708, -1588, -41, 64, 64, 64
L 828, -1647, -42, 767, -1631, -41, 64, 64, 64
L 900, -1647, -42, 828, -1647, -42, 64, 64, 64
L 905, -1643, -42, 900, -1647, -42, 64, 64, 64
L 905, -1569, -42, 905, -1643, -42, 64, 64, 64
L 935, -1484, -68, 905, -1569, -42, 64, 64, 64
L 935, -1288, -68, 935, -1484, -68, 64, 64, 64
L 887, -1207, -47, 935, -1288, -68, 64, 64, 64
L 869, -1214, -49, 887, -1207, -47, 64, 64, 64
L 833, -1200, -46, 869, -1214, -49, 64, 64, 64
L 825, -1180, -41, 833, -1200, -46, 64, 64, 64
L 818, -1165, -42, 825, -1180, -41, 64, 64, 64
L 833, -1128, -42, 818, -1165, -42, 64, 64, 64
L 836, -1127, -42, 833, -1128, -42, 64, 64, 64
L 836, -1068, -38, 836, -1127, -42, 64, 64, 64
L 756, -1068, -32, 836, -1068, -38, 64, 64, 64
L 754, -996, -32, 756, -1068, -32, 64, 64, 64
L 748, -994, -32, 754, -996, -32, 64, 64, 64
L 747, -974, -26, 748, -994, -32, 64, 64, 64
L 760, -970, -24, 747, -974, -26, 64, 64, 64
L 766, -946, -23, 760, -970, -24, 64, 64, 64
L 772, -946, -23, 766, -946, -23, 64, 64, 64
L 771, -925, -22, 772, -946, -23, 64, 64, 64
L 769, -900, -23, 771, -925, -22, 64, 64, 64
L 755, -890, -29, 769, -900, -23, 64, 64, 64
L 762, -869, -25, 755, -890, -29, 64, 64, 64
L 773, -871, -28, 762, -869, -25, 64, 64, 64
L 783, -877, -25, 773, -871, -28, 64, 64, 64
L 825, -877, -25, 783, -877, -25, 64, 64, 64
L 837, -848, -32, 825, -877, -25, 64, 64, 64
L 916, -848, -32, 837, -848, -32, 64, 64, 64
L 917, -786, -32, 916, -848, -32, 64, 64, 64
L 959, -786, -32, 917, -786, -32, 64, 64, 64
L 974, -747, -32, 959, -786, -32, 64, 64, 64
L 975, -706, -32, 974, -747, -32, 64, 64, 64
L 593, -588, -32, 583, -536, -32, 64, 64, 64
L 583, -536, -32, 580, -522, -32, 64, 64, 64
L 580, -522, -32, 582, -511, -31, 64, 64, 64
L 582, -511, -31, 580, -488, -33, 64, 64, 64
L 580, -488, -33, 567, -463, -37, 64, 64, 64
L 567, -463, -37, 558, -454, -39, 64, 64, 64
L 558, -454, -39, 546, -439, -39, 64, 64, 64
L 546, -439, -39, 525, -438, -40, 64, 64, 64
L 525, -438, -40, 500, -438, -40, 64, 64, 64
L 500, -438, -40, 487, -435, -40, 64, 64, 64
L 487, -435, -40, 463, -440, -40, 64, 64, 64
L 463, -440, -40, 451, -434, -39, 64, 64, 64
L 451, -434, -39, 447, -433, -40, 64, 64, 64
L 447, -433, -40, 441, -426, -39, 64, 64, 64
L 441, -426, -39, 436, -420, -40, 64, 64, 64
L 436, -420, -40, 434, -410, -40, 64, 64, 64
L 434, -410, -40, 435, -403, -40, 64, 64, 64
L 435, -403, -40, 442, -393, -39, 64, 64, 64
L 442, -393, -39, 434, -365, -40, 64, 64, 64
L 434, -365, -40, 434, -357, -40, 64, 64, 64
L 434, -357, -40, 392, -332, -32, 64, 64, 64
L 392, -332, -32, 365, -333, -24, 64, 64, 64
L 365, -333, -24, 363, -327, -24, 64, 64, 64
L 363, -327, -24, 355, -330, -23, 64, 64, 64
L 355, -330, -23, 349, -333, -22, 64, 64, 64
L 349, -333, -22, 350, -340, -21, 64, 64, 64
L 350, -340, -21, 340, -344, -24, 64, 64, 64
L 340, -344, -24, 318, -344, -24, 64, 64, 64
L 318, -344, -24, 295, -343, -24, 64, 64, 64
L 295, -343, -24, 291, -339, -24, 64, 64, 64
L 291, -339, -24, 286, -328, -24, 64, 64, 64
L 286, -328, -24, 283, -324, -24, 64, 64, 64
L 283, -324, -24, 274, -320, -24, 64, 64, 64
L 274, -320, -24, 269, -319, -24, 64, 64, 64
L 269, -319, -24, 262, -310, -23, 64, 64, 64
L 262, -310, -23, 258, -309, -24, 64, 64, 64
L 258, -309, -24, 248, -304, -24, 64, 64, 64
L 248, -304, -24, 244, -301, -24, 64, 64, 64
L 244, -301, -24, 253, -280, -24, 64, 64, 64
L 253, -280, -24, 277, -286, -24, 64, 64, 64
L 277, -286, -24, 283, -282, -21, 64, 64, 64
L 283, -282, -21, 315, -273, -24, 64, 64, 64
L 315, -273, -24, 338, -273, -24, 64, 64, 64
L 338, -273, -24, 353, -279, -24, 64, 64, 64
L 353, -279, -24, 357, -285, -24, 64, 64, 64
L 357, -285, -24, 372, -294, -24, 64, 64, 64
L 372, -294, -24, 379, -293, -24, 64, 64, 64
L 379, -293, -24, 396, -302, -33, 64, 64, 64
L 396, -302, -33, 430, -320, -39, 64, 64, 64
L 430, -320, -39, 449, -323, -40, 64, 64, 64
L 449, -323, -40, 446, -312, -40, 64, 64, 64
L 446, -312, -40, 434, -312, -40, 64, 64, 64
L 434, -312, -40, 434, -283, -39, 64, 64, 64
L 434, -283, -39, 434, -259, -40, 64, 64, 64
L 434, -259, -40, 494, -253, -40, 64, 64, 64
L 494, -253, -40, 548, -217, -40, 64, 64, 64
L 548, -217, -40, 593, -217, -40, 64, 64, 64
L 593, -217, -40, 630, -205, -40, 64, 64, 64
L 630, -205, -40, 678, -212, -41, 64, 64, 64
L 678, -212, -41, 696, -213, -43, 64, 64, 64
L 696, -213, -43, 701, -215, -43, 64, 64, 64
L 701, -215, -43, 705, -218, -44, 64, 64, 64
L 705, -218, -44, 713, -227, -44, 64, 64, 64
L 713, -227, -44, 720, -228, -45, 64, 64, 64
L 720, -228, -45, 727, -226, -45, 64, 64, 64
L 727, -226, -45, 739, -226, -46, 64, 64, 64
L 739, -226, -46, 751, -218, -48, 64, 64, 64
L 751, -218, -48, 762, -211, -48, 64, 64, 64
L 762, -211, -48, 769, -214, -48, 64, 64, 64
L 769, -214, -48, 785, -219, -48, 64, 64, 64
L 785, -219, -48, 785, -242, -48, 64, 64, 64
L 785, -242, -48, 783, -267, -42, 64, 64, 64
L 783, -267, -42, 785, -298, -46, 64, 64, 64
L 785, -298, -46, 779, -303, -47, 64, 64, 64
L 779, -303, -47, 765, -310, -47, 64, 64, 64
L 765, -310, -47, 751, -310, -48, 64, 64, 64
L 751, -310, -48, 725, -310, -44, 64, 64, 64
L 725, -310, -44, 720, -305, -44, 64, 64, 64
L 720, -305, -44, 713, -289, -44, 64, 64, 64
L 713, -289, -44, 713, -287, -44, 64, 64, 64
L 713, -287, -44, 706, -281, -43, 64, 64, 64
L 706, -281, -43, 689, -271, -41, 64, 64, 64
L 689, -271, -41, 683, -267, -41, 64, 64, 64
L 683, -267, -41, 653, -246, -40, 64, 64, 64
L 653, -246, -40, 616, -238, -38, 64, 64, 64
L 616, -238, -38, 607, -244, -40, 64, 64, 64
L 607, -244, -40, 590, -250, -40, 64, 64, 64
L 590, -250, -40, 590, -267, -38, 64, 64, 64
L 590, -267, -38, 590, -282, -35, 64, 64, 64
L 590, -282, -35, 589, -305, -34, 64, 64, 64
L 589, -305, -34, 581, -319, -32, 64, 64, 64
L 581, -319, -32, 574, -320, -32, 64, 64, 64
L 574, -320, -32, 555, -317, -32, 64, 64, 64
L 555, -317, -32, 551, -314, -33, 64, 64, 64
L 551, -314, -33, 538, -310, -33, 64, 64, 64
L 538, -310, -33, 530, -340, -34, 64, 64, 64
L 530, -340, -34, 527, -369, -38, 64, 64, 64
L 527, -369, -38, 513, -410, -40, 64, 64, 64
L 513, -410, -40, 532, -416, -40, 64, 64, 64
L 532, -416, -40, 558, -416, -40, 64, 64, 64
L 558, -416, -40, 579, -438, -40, 64, 64, 64
L 579, -438, -40, 597, -465, -37, 64, 64, 64
L 597, -465, -37, 607, -484, -34, 64, 64, 64
L 607, -484, -34, 605, -512, -31, 64, 64, 64
L 605, -512, -31, 607, -521, -32, 64, 64, 64
L 607, -521, -32, 607, -529, -32, 64, 64, 64
L 607, -529, -32, 610, -527, -32, 64, 64, 64
L 610, -527, -32, 616, -530, -32, 64, 64, 64
L 616, -530, -32, 621, -532, -32, 64, 64, 64
L 621, -532, -32, 626, -536, -32, 64, 64, 64
L 626, -536, -32, 637, -536, -32, 64, 64, 64
L 637, -536, -32, 663, -531, -32, 64, 64, 64
L 663, -531, -32, 690, -519, -32, 64, 64, 64
L 690, -519, -32, 732, -521, -32, 64, 64, 64
L 732, -521, -32, 742, -533, -32, 64, 64, 64
L 742, -533, -32, 742, -534, -32, 64, 64, 64
L 742, -534, -32, 741, -538, -32, 64, 64, 64
L 741, -538, -32, 740, -596, -32, 64, 64, 64
L 740, -596, -32, 733, -601, -32, 64, 64, 64
L 733, -601, -32, 729, -599, -32, 64, 64, 64
L 729, -599, -32, 669, -592, -32, 64, 64, 64
L 669, -592, -32, 659, -564, -31, 64, 64, 64
L 659, -564, -31, 656, -569, -32, 64, 64, 64
L 656, -569, -32, 628, -569, -32, 64, 64, 64
L 628, -569, -32, 622, -563, -32, 64, 64, 64
L 622, -563, -32, 615, -566, -32, 64, 64, 64
L 615, -566, -32, 610, -572, -30, 64, 64, 64
L 610, -572, -30, 617, -579, -31, 64, 64, 64
L 617, -579, -31, 618, -591, -32, 64, 64, 64
L 618, -591, -32, 634, -641, -32, 64, 64, 64
L 369, -671, -37, 369, -656, -38, 64, 64, 64
L 365, -613, -38, 360, -615, -38, 64, 64, 64
L 360, -615, -38, 355, -615, -38, 64, 64, 64
L 355, -615, -38, 345, -618, -38, 64, 64, 64
L 345, -618, -38, 338, -618, -38, 64, 64, 64
L 338, -618, -38, 334, -619, -39, 64, 64, 64
L 334, -619, -39, 332, -620, -39, 64, 64, 64
L 332, -620, -39, 324, -624, -40, 64, 64, 64
L 324, -624, -40, 304, -627, -44, 64, 64, 64
L 304, -627, -44, 295, -626, -45, 64, 64, 64
L 295, -626, -45, 266, -611, -47, 64, 64, 64
L 266, -611, -47, 255, -603, -48, 64, 64, 64
L 255, -603, -48, 229, -578, -52, 64, 64, 64
L 229, -578, -52, 214, -562, -57, 64, 64, 64
L 214, -562, -57, 204, -560, -58, 64, 64, 64
L 204, -560, -58, 185, -557, -60, 64, 64, 64
L 185, -557, -60, 175, -554, -60, 64, 64, 64
L 175, -554, -60, 175, -545, -56, 64, 64, 64
L 175, -545, -56, 174, -532, -45, 64, 64, 64
L 174, -532, -45, 168, -509, -44, 64, 64, 64
L 168, -509, -44, 163, -508, -44, 64, 64, 64
L 163, -508, -44, 157, -504, -44, 64, 64, 64
L 157, -504, -44, 146, -502, -44, 64, 64, 64
L 146, -502, -44, 128, -501, -43, 64, 64, 64
L 128, -501, -43, 107, -504, -43, 64, 64, 64
L 107, -504, -43, 98, -505, -43, 64, 64, 64
L 98, -505, -43, 89, -521, -44, 64, 64, 64
L 89, -521, -44, 81, -533, -45, 64, 64, 64
L 81, -533, -45, 79, -537, -54, 64, 64, 64
L 79, -537, -54, 73, -548, -60, 64, 64, 64
L 73, -548, -60, 51, -563, -64, 64, 64, 64
L 51, -563, -64, 38, -570, -66, 64, 64, 64
L 38, -570, -66, 12, -571, -70, 64, 64, 64
L 12, -571, -70, -10, -572, -75, 64, 64, 64
L -10, -572, -75, -21, -571, -78, 64, 64, 64
L -21, -571, -78, -28, -567, -79, 64, 64, 64
L -28, -567, -79, -37, -567, -81, 64, 64, 64
L -37, -567, -81, -38, -571, -81, 64, 64, 64
L -38, -571, -81, -43, -570, -82, 64, 64, 64
L -43, -570, -82, -44, -567, -82, 64, 64, 64
L -44, -567, -82, -49, -572, -82, 64, 64, 64
L -49, -572, -82, -56, -568, -82, 64, 64, 64
L -56, -568, -82, -61, -570, -81, 64, 64, 64
L -61, -570, -81, -65, -571, -80, 64, 64, 64
L -65, -571, -80, -101, -588, -82, 64, 64, 64
L -101, -588, -82, -122, -594, -82, 64, 64, 64
L -122, -594, -82, -143, -601, -83, 64, 64, 64
L -143, -601, -83, -157, -603, -85, 64, 64, 64
L -157, -603, -85, -176, -605, -85, 64, 64, 64
L -176, -605, -85, -198, -610, -83, 64, 64, 64
L -198, -610, -83, -214, -618, -80, 64, 64, 64
L -214, -618, -80, -226, -620, -74, 64, 64, 64
L -226, -620, -74, -266, -612, -74, 64, 64, 64
L -266, -612, -74, -273, -584, -73, 64, 64, 64
L -273, -584, -73, -282, -530, -58, 64, 64, 64
L -282, -530, -58, -317, -521, -57, 64, 64, 64
L -317, -521, -57, -360, -507, -57, 64, 64, 64
L -360, -507, -57, -377, -528, -53, 64, 64, 64
L -377, -528, -53, -385, -537, -51, 64, 64, 64
L -385, -537, -51, -386, -540, -50, 64, 64, 64
L -386, -540, -50, -411, -534, -50, 64, 64, 64
L -411, -534, -50, -436, -527, -49, 64, 64, 64
L -436, -527, -49, -458, -518, -50, 64, 64, 64
L -458, -518, -50, -466, -516, -50, 64, 64, 64
L -466, -516, -50, -505, -501, -48, 64, 64, 64
L -505, -501, -48, -544, -516, -50, 64, 64, 64
L -544, -516, -50, -528, -554, -46, 64, 64, 64
L -528, -554, -46, -487, -564, -50, 64, 64, 64
L -487, -564, -50, -448, -572, -50, 64, 64, 64
L -448, -572, -50, -398, -600, -50, 64, 64, 64
L -398, -600, -50, -383, -616, -51, 64, 64, 64
L -383, -616, -51, -367, -628, -56, 64, 64, 64
L -367, -628, -56, -347, -634, -58, 64, 64, 64
L -347, -634, -58, -314, -641, -64, 64, 64, 64
L -314, -641, -64, -287, -651, -68, 64, 64, 64
L -287, -651, -68, -277, -649, -71, 64, 64, 64
L -277, -649, -71, -247, -644, -71, 64, 64, 64
L -247, -644, -71, -231, -648, -74, 64, 64, 64
L -231, -648, -74, -226, -653, -74, 64, 64, 64
L -226, -653, -74, -222, -652, -76, 64, 64, 64
L -222, -652, -76, -207, -661, -82, 64, 64, 64
L -207, -661, -82, -205, -677, -82, 64, 64, 64
L -205, -677, -82, -204, -688, -83, 64, 64, 64
L -204, -688, -83, -201, -705, -84, 64, 64, 64
L -201, -705, -84, -200, -727, -87, 64, 64, 64
L -200, -727, -87, -200, -733, -87, 64, 64, 64
L -200, -733, -87, -201, -748, -89, 64, 64, 64
L -201, -748, -89, -196, -773, -91, 64, 64, 64
L -196, -773, -91, -200, -785, -94, 64, 64, 64
L -200, -785, -94, -255, -801, -101, 64, 64, 64
L -255, -801, -101, -273, -807, -103, 64, 64, 64
L -273, -807, -103, -286, -809, -104, 64, 64, 64
L -286, -809, -104, -307, -825, -111, 64, 64, 64
L -307, -825, -111, -311, -827, -112, 64, 64, 64
L -311, -827, -112, -360, -853, -127, 64, 64, 64
L -360, -853, -127, -368, -857, -128, 64, 64, 64
L -368, -857, -128, -404, -841, -128, 64, 64, 64
L -404, -841, -128, -472, -881, -128, 64, 64, 64
L -472, -881, -128, -487, -889, -128, 64, 64, 64
L -487, -889, -128, -528, -897, -129, 64, 64, 64
L -528, -897, -129, -569, -913, -128, 64, 64, 64
L -569, -913, -128, -604, -912, -128, 64, 64, 64
L -604, -912, -128, -621, -903, -128, 64, 64, 64
L -621, -903, -128, -645, -880, -128, 64, 64, 64
L -645, -880, -128, -727, -864, -128, 64, 64, 64
L -727, -864, -128, -805, -833, -127, 64, 64, 64
L -805, -833, -127, -925, -880, -128, 64, 64, 64
L -925, -880, -128, -930, -896, -128, 64, 64, 64
L -930, -896, -128, -929, -1018, -128, 64, 64, 64
L -929, -1018, -128, -931, -1052, -128, 64, 64, 64
L -931, -1052, -128, -962, -1126, -128, 64, 64, 64
L -962, -1126, -128, -1123, -1129, -128, 64, 64, 64
L -1123, -1129, -128, -1179, -1168, -128, 64, 64, 64
L -1179, -1168, -128, -1219, -1250, -128, 64, 64, 64
L -1219, -1250, -128, -1219, -1328, -128, 64, 64, 64
L -1163, -1328, -128, -1163, -1250, -128, 64, 64, 64
L -1163, -1250, -128, -1146, -1206, -128, 64, 64, 64
L -1146, -1206, -128, -1122, -1164, -128, 64, 64, 64
L -1122, -1164, -128, -1108, -1163, -128, 64, 64, 64
L -1108, -1163, -128, -1103, -1158, -128, 64, 64, 64
L -1103, -1158, -128, -1064, -1165, -128, 64, 64, 64
L -1064, -1165, -128, -1036, -1165, -128, 64, 64, 64
L -1036, -1165, -128, -1010, -1164, -128, 64, 64, 64
L -1010, -1164, -128, -983, -1165, -128, 64, 64, 64
L -983, -1165, -128, -968, -1157, -127, 64, 64, 64
L -968, -1157, -127, -962, -1155, -127, 64, 64, 64
L -962, -1155, -127, -954, -1149, -128, 64, 64, 64
L -954, -1149, -128, -941, -1144, -128, 64, 64, 64
L -941, -1144, -128, -931, -1132, -128, 64, 64, 64
L -931, -1132, -128, -922, -1120, -128, 64, 64, 64
L -922, -1120, -128, -907, -1106, -128, 64, 64, 64
L -907, -1106, -128, -876, -1026, -128, 64, 64, 64
L -876, -1026, -128, -879, -944, -128, 64, 64, 64
L -879, -944, -128, -774, -943, -128, 64, 64, 64
L -774, -943, -128, -711, -944, -128, 64, 64, 64
L -711, -944, -128, -698, -948, -128, 64, 64, 64
L -698, -948, -128, -638, -960, -128, 64, 64, 64
L -638, -960, -128, -608, -978, -128, 64, 64, 64
L -608, -978, -128, -599, -983, -128, 64, 64, 64
L -599, -983, -128, -605, -1013, -128, 64, 64, 64
L -605, -1013, -128, -617, -1051, -128, 64, 64, 64
L -617, -1051, -128, -639, -1105, -128, 64, 64, 64
L -639, -1105, -128, -638, -1143, -128, 64, 64, 64
L -638, -1143, -128, -623, -1184, -127, 64, 64, 64
L -623, -1184, -127, -584, -1191, -128, 64, 64, 64
L -584, -1191, -128, -545, -1191, -128, 64, 64, 64
L -545, -1191, -128, -541, -1183, -128, 64, 64, 64
L -541, -1183, -128, -533, -1165, -128, 64, 64, 64
L -533, -1165, -128, -517, -1164, -127, 64, 64, 64
L -517, -1164, -127, -488, -1166, -122, 64, 64, 64
L -488, -1166, -122, -478, -1164, -122, 64, 64, 64
L -478, -1164, -122, -452, -1163, -122, 64, 64, 64
L -452, -1163, -122, -459, -1204, -122, 64, 64, 64
L -459, -1204, -122, -437, -1216, -120, 64, 64, 64
L -437, -1216, -120, -418, -1228, -111, 64, 64, 64
L -418, -1228, -111, -380, -1227, -111, 64, 64, 64
L -380, -1227, -111, -380, -1209, -121, 64, 64, 64
L -380, -1209, -121, -373, -1194, -119, 64, 64, 64
L -373, -1194, -119, -366, -1177, -116, 64, 64, 64
L -366, -1177, -116, -361, -1161, -116, 64, 64, 64
L -361, -1161, -116, -370, -1121, -119, 64, 64, 64
L -370, -1121, -119, -381, -1091, -122, 64, 64, 64
L -381, -1091, -122, -393, -1086, -122, 64, 64, 64
L -393, -1086, -122, -406, -1078, -119, 64, 64, 64
L -406, -1078, -119, -420, -1069, -111, 64, 64, 64
L -420, -1069, -111, -458, -1069, -111, 64, 64, 64
L -458, -1069, -111, -457, -1100, -122, 64, 64, 64
L -457, -1100, -122, -459, -1134, -122, 64, 64, 64
L -459, -1134, -122, -482, -1134, -122, 64, 64, 64
L -482, -1134, -122, -503, -1133, -123, 64, 64, 64
L -503, -1133, -123, -523, -1132, -128, 64, 64, 64
L -523, -1132, -128, -546, -1072, -128, 64, 64, 64
L -546, -1072, -128, -591, -1073, -128, 64, 64, 64
L -591, -1073, -128, -573, -990, -128, 64, 64, 64
L -573, -990, -128, -520, -977, -129, 64, 64, 64
L -520, -977, -129, -491, -973, -128, 64, 64, 64
L -491, -973, -128, -423, -970, -128, 64, 64, 64
L -423, -970, -128, -373, -962, -127, 64, 64, 64
L -373, -962, -127, -365, -923, -128, 64, 64, 64
L -365, -923, -128, -355, -912, -125, 64, 64, 64
L -355, -912, -125, -325, -888, -116, 64, 64, 64
L -325, -888, -116, -319, -887, -115, 64, 64, 64
L -319, -887, -115, -314, -886, -113, 64, 64, 64
L -314, -886, -113, -301, -887, -109, 64, 64, 64
L -301, -887, -109, -284, -887, -104, 64, 64, 64
L -284, -887, -104, -263, -880, -102, 64, 64, 64
L -263, -880, -102, -206, -864, -97, 64, 64, 64
L -206, -864, -97, -132, -864, -96, 64, 64, 64
L -132, -864, -96, -124, -846, -96, 64, 64, 64
L -124, -846, -96, -83, -863, -96, 64, 64, 64
L -83, -863, -96, -78, -877, -96, 64, 64, 64
L -78, -877, -96, -51, -877, -103, 64, 64, 64
L -51, -877, -103, -24, -879, -120, 64, 64, 64
L -24, -879, -120, -16, -888, -120, 64, 64, 64
L -16, -888, -120, -9, -897, -120, 64, 64, 64
L -9, -897, -120, -24, -936, -120, 64, 64, 64
L -24, -936, -120, 0, -958, -120, 64, 64, 64
L 0, -958, -120, 15, -963, -119, 64, 64, 64
L 15, -963, -119, 41, -974, -120, 64, 64, 64
L 41, -974, -120, 122, -971, -119, 64, 64, 64
L 122, -971, -119, 174, -944, -120, 64, 64, 64
L 174, -944, -120, 174, -828, -120, 64, 64, 64
L 174, -828, -120, 133, -806, -120, 64, 64, 64
L 133, -806, -120, 16, -807, -120, 64, 64, 64
L 16, -807, -120, -6, -798, -120, 64, 64, 64
L -6, -798, -120, -31, -800, -120, 64, 64, 64
L -31, -800, -120, -53, -799, -121, 64, 64, 64
L -53, -799, -121, -74, -798, -96, 64, 64, 64
L -74, -798, -96, -85, -798, -96, 64, 64, 64
L -85, -798, -96, -83, -812, -97, 64, 64, 64
L -83, -812, -97, -85, -825, -96, 64, 64, 64
L -85, -825, -96, -127, -807, -96, 64, 64, 64
L -127, -807, -96, -141, -766, -90, 64, 64, 64
L -141, -766, -90, -140, -753, -89, 64, 64, 64
L -140, -753, -89, -133, -726, -87, 64, 64, 64
L -133, -726, -87, -138, -704, -84, 64, 64, 64
L -138, -704, -84, -140, -700, -84, 64, 64, 64
L -140, -700, -84, -142, -687, -83, 64, 64, 64
L -142, -687, -83, -141, -642, -84, 64, 64, 64
L -141, -642, -84, -117, -648, -82, 64, 64, 64
L -117, -648, -82, -63, -632, -82, 64, 64, 64
L -63, -632, -82, -28, -630, -79, 64, 64, 64
L -28, -630, -79, 9, -626, -68, 64, 64, 64
L 9, -626, -68, 58, -616, -63, 64, 64, 64
L 58, -616, -63, 69, -655, -60, 64, 64, 64
L 69, -655, -60, 78, -658, -61, 64, 64, 64
L 78, -658, -61, 108, -671, -58, 64, 64, 64
L 108, -671, -58, 147, -673, -58, 64, 64, 64
L 147, -673, -58, 175, -678, -52, 64, 64, 64
L 175, -678, -52, 193, -667, -50, 64, 64, 64
L 193, -667, -50, 190, -635, -58, 64, 64, 64
L 190, -635, -58, 224, -629, -52, 64, 64, 64
L 224, -629, -52, 236, -631, -51, 64, 64, 64
L 236, -631, -51, 265, -645, -47, 64, 64, 64
L 265, -645, -47, 285, -655, -46, 64, 64, 64
L 285, -655, -46, 308, -654, -44, 64, 64, 64
L 308, -654, -44, 331, -658, -38, 64, 64, 64
L 331, -658, -38, 341, -665, -38, 64, 64, 64
L 341, -665, -38, 358, -671, -37, 64, 64, 64
L 358, -671, -37, 365, -671, -36, 64, 64, 64
L 365, -671, -36, 365, -656, -37, 64, 64, 64
L 365, -613, -38, 365, -626, -38, 64, 64, 64
L 369, -656, -36, 365, -656, -36, 64, 64, 64
L 365, -626, -36, 369, -626, -36, 64, 64, 64
L 239, -1458, -118, 239, -1463, -117, 64, 64, 64
L 239, -1463, -117, 253, -1467, -117, 64, 64, 64
L 253, -1467, -117, 262, -1463, -117, 64, 64, 64
L 262, -1463, -117, 273, -1467, -117, 64, 64, 64
L 273, -1467, -117, 292, -1462, -117, 64, 64, 64
L 292, -1462, -117, 312, -1467, -117, 64, 64, 64
L 312, -1467, -117, 328, -1463, -117, 64, 64, 64
L 328, -1463, -117, 348, -1467, -117, 64, 64, 64
L 348, -1467, -117, 357, -1462, -117, 64, 64, 64
L 357, -1462, -117, 364, -1465, -117, 64, 64, 64
L 364, -1465, -117, 366, -1458, -118, 64, 64, 64
L 366, -1458, -118, 239, -1458, -118, 0, 0, 255
L 366, -1437, -118, 366, -1458, -118, 64, 64, 64
L 366, -1438, -133, 366, -1458, -133, 0, 0, 255
L 366, -1458, -133, 236, -1458, -143, 0, 0, 255
L 236, -1458, -143, 236, -1469, -143, 0, 0, 255
L 236, -1469, -143, 236, -1504, -139, 0, 0, 255
L 236, -1504, -139, 235, -1513, -138, 0, 0, 255
L 235, -1513, -138, 233, -1524, -137, 0, 0, 255
L 233, -1524, -137, 235, -1544, -143, 0, 0, 255
L 235, -1544, -143, 230, -1563, -143, 0, 0, 255
L 230, -1563, -143, 231, -1567, -143, 0, 0, 255
L 231, -1567, -143, 225, -1570, -143, 0, 0, 255
L 225, -1570, -143, 226, -1578, -143, 0, 0, 255
L 226, -1578, -143, 205, -1639, -126, 0, 0, 255
L 205, -1639, -126, 197, -1688, -126, 0, 0, 255
L 197, -1688, -126, 194, -1690, -126, 0, 0, 255
L 194, -1690, -126, 192, -1699, -127, 0, 0, 255
L 192, -1699, -127, 192, -1698, -143, 0, 0, 255
L 192, -1698, -143, 192, -1703, -143, 0, 0, 255
L 192, -1703, -143, 195, -1713, -143, 0, 0, 255
L 195, -1713, -143, 199, -1714, -143, 0, 0, 255
L 199, -1714, -143, 201, -1725, -143, 0, 0, 255
L 201, -1725, -143, 197, -1742, -143, 0, 0, 255
L 197, -1742, -143, 202, -1761, -143, 0, 0, 255
L 202, -1761, -143, 196, -1781, -143, 0, 0, 255
L 196, -1781, -143, 185, -1785, -143, 0, 0, 255
L 185, -1785, -143, 185, -1793, -143, 0, 0, 255
L 185, -1793, -143, 174, -1791, -142, 0, 0, 255
L 174, -1791, -142, 156, -1796, -143, 0, 0, 255
L 156, -1796, -143, 148, -1793, -143, 0, 0, 255
L 148, -1793, -143, 152, -1779, -143, 0, 0, 255
L 152, -1779, -143, 147, -1760, -143, 0, 0, 255
L 147, -1760, -143, 152, -1743, -143, 0, 0, 255
L 152, -1743, -143, 148, -1722, -143, 0, 0, 255
L 148, -1722, -143, 149, -1713, -143, 0, 0, 255
L 149, -1713, -143, 151, -1712, -143, 0, 0, 255
L 151, -1712, -143, 161, -1709, -143, 0, 0, 255
L 161, -1709, -143, 164, -1698, -143, 0, 0, 255
L 164, -1698, -143, 161, -1686, -126, 0, 0, 255
L 161, -1686, -126, 169, -1637, -126, 0, 0, 255
L 169, -1637, -126, 188, -1582, -136, 0, 0, 255
L 188, -1582, -136, 200, -1582, -136, 0, 0, 255
L 200, -1582, -136, 198, -1570, -141, 0, 0, 255
L 198, -1570, -141, 179, -1566, -139, 0, 0, 255
L 179, -1566, -139, 161, -1572, -138, 0, 0, 255
L 161, -1572, -138, 141, -1567, -137, 0, 0, 255
L 141, -1567, -137, 140, -1565, -136, 0, 0, 255
L 140, -1565, -136, 135, -1548, -134, 0, 0, 255
L 135, -1548, -134, 140, -1538, -137, 0, 0, 255
L 140, -1538, -137, 136, -1529, -136, 0, 0, 255
L 136, -1529, -136, 140, -1519, -142, 0, 0, 255
L 140, -1519, -142, 142, -1511, -141, 0, 0, 255
L 142, -1511, -141, 137, -1496, -140, 0, 0, 255
L 137, -1496, -140, 142, -1486, -138, 0, 0, 255
L 142, -1486, -138, 136, -1477, -137, 0, 0, 255
L 136, -1477, -137, 139, -1473, -137, 0, 0, 255
L 139, -1473, -137, 142, -1473, -137, 0, 0, 255
L 142, -1473, -137, 161, -1469, -136, 0, 0, 255
L 161, -1469, -136, 181, -1473, -137, 0, 0, 255
L 181, -1473, -137, 201, -1470, -143, 0, 0, 255
L 201, -1470, -143, 207, -1468, -143, 0, 0, 255
L 207, -1468, -143, 206, -1428, -143, 0, 0, 255
L 206, -1428, -143, 366, -1438, -133, 0, 0, 255
L 143, -1709, -74, 141, -1698, -74, 64, 64, 64
L 141, -1698, -74, 143, -1690, -74, 64, 64, 64
L 143, -1690, -74, 137, -1694, -74, 64, 64, 64
L 137, -1694, -74, 126, -1689, -74, 64, 64, 64
L 126, -1689, -74, 117, -1694, -74, 64, 64, 64
L 117, -1694, -74, 108, -1689, -74, 64, 64, 64
L 108, -1689, -74, 98, -1694, -74, 64, 64, 64
L 98, -1694, -74, 88, -1689, -74, 64, 64, 64
L 88, -1689, -74, 88, -1684, -74, 64, 64, 64
L 88, -1684, -74, 80, -1689, -74, 64, 64, 64
L 80, -1689, -74, 73, -1686, -74, 64, 64, 64
L 73, -1686, -74, 68, -1692, -74, 64, 64, 64
L 68, -1692, -74, 74, -1711, -74, 64, 64, 64
L 74, -1711, -74, 69, -1729, -74, 64, 64, 64
L 69, -1729, -74, 73, -1737, -74, 64, 64, 64
L 73, -1737, -74, 68, -1750, -74, 64, 64, 64
L 68, -1750, -74, 73, -1759, -74, 64, 64, 64
L 73, -1759, -74, 69, -1766, -74, 64, 64, 64
L 69, -1766, -74, 72, -1767, -74, 64, 64, 64
L 72, -1767, -74, 79, -1777, -74, 64, 64, 64
L 79, -1777, -74, 73, -1786, -74, 64, 64, 64
L 73, -1786, -74, 78, -1798, -74, 64, 64, 64
L 78, -1798, -74, 101, -1795, -74, 64, 64, 64
L 101, -1795, -74, 105, -1797, -74, 64, 64, 64
L 105, -1797, -74, 112, -1779, -74, 64, 64, 64
L 112, -1779, -74, 125, -1782, -74, 64, 64, 64
L 125, -1782, -74, 138, -1779, -74, 64, 64, 64
L 138, -1779, -74, 146, -1788, -74, 64, 64, 64
L 143, -1784, -74, 144, -1780, -74, 0, 0, 255
L 144, -1780, -74, 139, -1760, -74, 0, 0, 255
L 139, -1760, -74, 144, -1741, -74, 0, 0, 255
L 144, -1741, -74, 139, -1723, -74, 0, 0, 255
L 139, -1723, -74, 143, -1709, -74, 0, 0, 255
L 125, -1783, -72, 125, -1799, -72, 64, 64, 64
L 125, -1799, -72, 105, -1797, -74, 64, 64, 64
L 146, -1788, -70, 144, -1798, -70, 64, 64, 64
L 144, -1798, -70, 125, -1799, -72, 64, 64, 64
L 168, -1789, -68, 164, -1799, -68, 64, 64, 64
L 164, -1799, -68, 144, -1798, -70, 64, 64, 64
L 176, -1789, -66, 180, -1795, -66, 64, 64, 64
L 180, -1795, -66, 180, -1798, -66, 64, 64, 64
L 180, -1798, -66, 173, -1797, -66, 64, 64, 64
L 173, -1797, -66, 164, -1799, -68, 64, 64, 64
L 178, -1784, -64, 180, -1784, -64, 64, 64, 64
L 180, -1784, -64, 182, -1789, -64, 64, 64, 64
L 182, -1789, -64, 180, -1794, -64, 64, 64, 64
L 180, -1794, -64, 180, -1798, -66, 64, 64, 64
L 182, -1780, -63, 186, -1781, -63, 64, 64, 64
L 186, -1781, -63, 186, -1791, -63, 64, 64, 64
L 186, -1791, -63, 185, -1792, -63, 64, 64, 64
L 185, -1792, -63, 185, -1800, -63, 64, 64, 64
L 185, -1800, -63, 180, -1798, -66, 64, 64, 64
L 178, -1776, -62, 182, -1780, -63, 64, 64, 64
L 186, -1769, -60, 186, -1781, -63, 64, 64, 64
L 193, -1771, -58, 194, -1781, -58, 64, 64, 64
L 194, -1781, -58, 199, -1781, -59, 64, 64, 64
L 199, -1781, -59, 202, -1768, -55, 64, 64, 64
L 202, -1768, -55, 206, -1769, -54, 64, 64, 64
L 206, -1769, -54, 207, -1761, -52, 64, 64, 64
L 207, -1761, -52, 210, -1761, -52, 64, 64, 64
L 210, -1761, -52, 208, -1756, -52, 64, 64, 64
L 208, -1756, -52, 195, -1755, -52, 64, 64, 64
L 203, -1768, -55, 194, -1760, -55, 64, 64, 64
L 202, -1769, -56, 193, -1771, -56, 64, 64, 64
L 212, -1728, -51, 211, -1728, -51, 64, 64, 64
L 211, -1728, -51, 208, -1723, -51, 64, 64, 64
L 210, -1761, -52, 212, -1748, -51, 64, 64, 64
L 146, -1790, -68, 154, -1783, -68, 64, 64, 64
L 154, -1783, -68, 168, -1789, -68, 64, 64, 64
L 166, -1788, -67, 176, -1788, -66, 64, 64, 64
L 176, -1788, -66, 177, -1783, -64, 64, 64, 64
L 177, -1783, -64, 178, -1776, -62, 64, 64, 64
L 178, -1776, -62, 179, -1771, -60, 64, 64, 64
L 179, -1771, -60, 186, -1768, -60, 64, 64, 64
L 186, -1768, -60, 193, -1771, -58, 64, 64, 64
L 193, -1771, -58, 191, -1763, -55, 64, 64, 64
L 191, -1763, -55, 194, -1760, -55, 64, 64, 64
L 194, -1760, -55, 195, -1755, -52, 64, 64, 64
L 195, -1755, -52, 195, -1750, -51, 64, 64, 64
L 195, -1750, -51, 203, -1742, -51, 64, 64, 64
L 203, -1742, -51, 200, -1728, -51, 64, 64, 64
L 200, -1728, -51, 200, -1724, -51, 64, 64, 64
L 200, -1724, -51, 208, -1723, -51, 64, 64, 64
L 195, -1789, -59, 199, -1781, -59, 64, 64, 64
L 195, -1789, -59, 185, -1792, -63, 64, 64, 64
L 211, -1748, -49, 235, -1748, -49, 64, 64, 64
L 235, -1748, -49, 241, -1745, -49, 64, 64, 64
L 241, -1745, -49, 249, -1749, -49, 64, 64, 64
L 249, -1749, -49, 251, -1764, -49, 64, 64, 64
L 251, -1764, -49, 256, -1761, -49, 64, 64, 64
L 256, -1761, -49, 265, -1766, -49, 64, 64, 64
L 265, -1766, -49, 274, -1762, -49, 64, 64, 64
L 274, -1762, -49, 284, -1766, -49, 64, 64, 64
L 284, -1766, -49, 287, -1761, -49, 64, 64, 64
L 287, -1761, -49, 291, -1752, -49, 64, 64, 64
L 291, -1752, -49, 286, -1740, -49, 64, 64, 64
L 286, -1740, -49, 291, -1732, -49, 64, 64, 64
L 291, -1732, -49, 287, -1724, -49, 64, 64, 64
L 287, -1724, -49, 276, -1714, -49, 64, 64, 64
L 276, -1714, -49, 269, -1712, -49, 64, 64, 64
L 269, -1712, -49, 260, -1717, -49, 64, 64, 64
L 260, -1717, -49, 254, -1713, -49, 64, 64, 64
L 254, -1713, -49, 256, -1718, -49, 64, 64, 64
L 256, -1718, -49, 253, -1729, -49, 64, 64, 64
L 253, -1729, -49, 244, -1733, -49, 64, 64, 64
L 244, -1733, -49, 237, -1730, -49, 64, 64, 64
L 237, -1730, -49, 231, -1734, -49, 64, 64, 64
L 231, -1734, -49, 219, -1728, -49, 64, 64, 64
L 219, -1728, -49, 212, -1728, -51, 64, 64, 64
L 394, -1148, -48, 394, -1135, -48, 64, 64, 64
L 394, -1135, -48, 413, -1135, -48, 64, 64, 64
L 413, -1135, -48, 421, -1117, -48, 64, 64, 64
L 421, -1117, -48, 413, -1099, -48, 64, 64, 64
L 413, -1099, -48, 394, -1099, -48, 64, 64, 64
L 394, -1099, -48, 373, -1086, -48, 64, 64, 64
L 373, -1086, -48, 308, -1086, -48, 64, 64, 64
L 308, -1086, -48, 297, -1097, -48, 64, 64, 64
L 297, -1097, -48, 298, -1237, -48, 64, 64, 64
L 298, -1237, -48, 308, -1248, -48, 64, 64, 64
L 308, -1248, -48, 413, -1248, -48, 64, 64, 64
L 413, -1248, -48, 420, -1230, -48, 64, 64, 64
L 420, -1230, -48, 413, -1212, -48, 64, 64, 64
L 413, -1212, -48, 394, -1212, -48, 64, 64, 64
L 394, -1212, -48, 394, -1198, -48, 64, 64, 64
L 394, -1198, -48, 401, -1198, -48, 64, 64, 64
L 401, -1198, -48, 401, -1193, -48, 64, 64, 64
L 401, -1193, -48, 406, -1193, -48, 64, 64, 64
L 407, -1198, -48, 414, -1198, -48, 64, 64, 64
L 414, -1198, -48, 414, -1210, -48, 64, 64, 64
L 394, -1148, -48, 401, -1148, -48, 64, 64, 64
L 401, -1148, -48, 401, -1153, -48, 64, 64, 64
L 401, -1153, -48, 407, -1153, -48, 64, 64, 64
L 407, -1153, -48, 407, -1148, -48, 64, 64, 64
L 366, -1205, -48, 342, -1205, -23, 100, 50, 0
L 342, -1205, -23, 342, -1138, -22, 100, 50, 0
L 342, -1138, -22, 345, -1109, -22, 100, 50, 0
L 345, -1109, -22, 372, -1109, -22, 100, 50, 0
L 372, -1109, -22, 373, -1086, -24, 100, 50, 0
L 373, -1086, -24, 327, -1086, -22, 100, 50, 0
L 327, -1086, -22, 327, -1159, -22, 100, 50, 0
L 327, -1159, -22, 313, -1158, -17, 100, 50, 0
L 313, -1158, -17, 313, -1144, -17, 100, 50, 0
L 313, -1144, -17, 297, -1143, -17, 100, 50, 0
L 297, -1143, -17, 297, -1190, -17, 100, 50, 0
L 297, -1190, -17, 315, -1190, -17, 100, 50, 0
L 315, -1190, -17, 315, -1177, -17, 100, 50, 0
L 315, -1177, -17, 328, -1177, -22, 100, 50, 0
L 328, -1177, -22, 326, -1205, -23, 100, 50, 0
L 326, -1205, -23, 326, -1240, -23, 100, 50, 0
L 326, -1240, -23, 369, -1240, 1, 100, 50, 0
L 369, -1240, 1, 385, -1240, 9, 100, 50, 0
L 385, -1240, 9, 384, -1226, 9, 100, 50, 0
L 384, -1226, 9, 341, -1226, -23, 100, 50, 0
L 341, -1226, -23, 341, -1223, -23, 100, 50, 0
L 341, -1223, -23, 366, -1223, -48, 100, 50, 0
L 366, -1223, -48, 366, -1205, -48, 100, 50, 0
L 364, -1205, -47, 364, -1222, -47, 100, 50, 0
L 363, -1205, -45, 362, -1223, -45, 100, 50, 0
L 360, -1222, -43, 360, -1205, -44, 100, 50, 0
L 358, -1205, -41, 358, -1223, -41, 100, 50, 0
L 356, -1222, -39, 356, -1205, -39, 100, 50, 0
L 354, -1205, -37, 354, -1223, -37, 100, 50, 0
L 352, -1223, -35, 352, -1205, -35, 100, 50, 0
L 350, -1205, -33, 350, -1223, -33, 100, 50, 0
L 348, -1223, -31, 348, -1205, -31, 100, 50, 0
L 346, -1205, -29, 346, -1223, -29, 100, 50, 0
L 344, -1223, -27, 344, -1205, -27, 100, 50, 0
L 342, -1205, -25, 342, -1223, -25, 100, 50, 0
L 325, -1177, -22, 325, -1159, -23, 100, 50, 0
L 322, -1159, -21, 322, -1177, -21, 100, 50, 0
L 319, -1177, -20, 319, -1159, -20, 100, 50, 0
L 316, -1159, -20, 316, -1177, -19, 100, 50, 0
L 314, -1177, -19, 314, -1158, -18, 100, 50, 0
L 341, -1226, -23, 341, -1240, -23, 100, 50, 0
L 343, -1240, -22, 343, -1226, -22, 100, 50, 0
L 345, -1240, -20, 345, -1226, -20, 100, 50, 0
L 347, -1226, -18, 347, -1240, -18, 100, 50, 0
L 349, -1240, -16, 349, -1226, -16, 100, 50, 0
L 351, -1240, -14, 351, -1226, -14, 100, 50, 0
L 353, -1240, -12, 353, -1226, -12, 100, 50, 0
L 355, -1226, -10, 355, -1240, -10, 100, 50, 0
L 357, -1240, -8, 357, -1226, -8, 100, 50, 0
L 359, -1240, -6, 359, -1226, -6, 100, 50, 0
L 361, -1226, -4, 361, -1240, -4, 100, 50, 0
L 363, -1240, -2, 363, -1226, -2, 100, 50, 0
L 378, -1226, 1, 378, -1240, 1, 100, 50, 0
L 380, -1240, 3, 380, -1226, 3, 100, 50, 0
L 382, -1226, 5, 382, -1240, 5, 100, 50, 0
L 384, -1240, 7, 384, -1226, 7, 100, 50, 0
L 414, -1248, 10, 423, -1229, 10, 64, 64, 64
L 423, -1229, 10, 414, -1210, 10, 64, 64, 64
L 414, -1210, 10, 414, -1193, 7, 64, 64, 64
L 414, -1193, 7, 413, -1188, 7, 64, 64, 64
L 413, -1188, 7, 410, -1182, 7, 64, 64, 64
L 410, -1182, 7, 407, -1178, 7, 64, 64, 64
L 407, -1178, 7, 408, -1168, 7, 64, 64, 64
L 408, -1168, 7, 411, -1163, 7, 64, 64, 64
L 411, -1163, 7, 412, -1157, 7, 64, 64, 64
L 412, -1157, 7, 413, -1154, 7, 64, 64, 64
L 413, -1154, 7, 414, -1137, 7, 64, 64, 64
L 414, -1137, 7, 414, -1137, 10, 64, 64, 64
L 414, -1137, 10, 422, -1118, 10, 64, 64, 64
L 422, -1118, 10, 414, -1098, 10, 64, 64, 64
L 414, -1098, 10, 396, -1098, 10, 64, 64, 64
L 396, -1098, 10, 386, -1116, 10, 64, 64, 64
L 386, -1116, 10, 394, -1135, 10, 64, 64, 64
L 394, -1135, 10, 395, -1210, 7, 64, 64, 64
L 395, -1210, 7, 386, -1230, 10, 64, 64, 64
L 386, -1230, 10, 394, -1248, 10, 64, 64, 64
L 394, -1248, 10, 414, -1248, 10, 64, 64, 64
L 648, -1532, -52, 659, -1532, -52, 64, 64, 64
L 659, -1532, -52, 663, -1542, -49, 64, 64, 64
L 663, -1542, -49, 662, -1545, -48, 64, 64, 64
L 645, -1537, -48, 654, -1536, -48, 64, 64, 64
L 654, -1536, -48, 660, -1547, -48, 64, 64, 64
L 644, -1547, -45, 653, -1547, -46, 64, 64, 64
L 653, -1547, -46, 657, -1554, -46, 64, 64, 64
L 647, -1547, -45, 653, -1557, -45, 64, 64, 64
L 643, -1557, -43, 647, -1551, -43, 64, 64, 64
L 647, -1551, -43, 644, -1547, -43, 64, 64, 64
L 633, -1554, -41, 638, -1554, -41, 64, 64, 64
L 638, -1554, -41, 643, -1547, -41, 64, 64, 64
L 633, -1545, -40, 637, -1545, -40, 64, 64, 64
L 637, -1545, -40, 640, -1541, -40, 64, 64, 64
L 633, -1541, -39, 639, -1541, -39, 64, 64, 64
L 633, -1535, -38, 641, -1535, -38, 64, 64, 64
L 641, -1535, -38, 642, -1534, -38, 64, 64, 64
L 633, -1530, -37, 640, -1530, -36, 64, 64, 64
L 640, -1530, -36, 643, -1525, -36, 64, 64, 64
L 636, -1513, -35, 636, -1526, -35, 64, 64, 64
L 636, -1526, -35, 644, -1525, -36, 64, 64, 64
L 644, -1525, -36, 647, -1521, -36, 64, 64, 64
L 636, -1513, -35, 642, -1513, -34, 64, 64, 64
L 642, -1513, -34, 644, -1510, -34, 64, 64, 64
L 633, -1511, -35, 634, -1504, -32, 64, 64, 64
L 634, -1504, -32, 634, -1509, -32, 64, 64, 64
L 634, -1509, -32, 644, -1510, -33, 64, 64, 64
L 633, -1467, -26, 640, -1468, -26, 64, 64, 64
L 640, -1468, -26, 641, -1460, -26, 64, 64, 64
L 641, -1460, -26, 633, -1456, -26, 64, 64, 64
L 633, -1456, -26, 623, -1460, -26, 64, 64, 64
L 623, -1460, -26, 614, -1456, -26, 64, 64, 64
L 614, -1456, -26, 603, -1461, -26, 64, 64, 64
L 603, -1461, -26, 585, -1455, -26, 64, 64, 64
L 585, -1455, -26, 566, -1460, -26, 64, 64, 64
L 566, -1460, -26, 566, -1508, -26, 64, 64, 64
L 566, -1508, -26, 568, -1508, -26, 64, 64, 64
L 568, -1508, -26, 568, -1510, -26, 64, 64, 64
L 568, -1510, -26, 566, -1510, -26, 64, 64, 64
L 566, -1510, -26, 566, -1512, -26, 64, 64, 64
L 566, -1512, -26, 563, -1511, -26, 64, 64, 64
L 563, -1511, -26, 562, -1511, -25, 64, 64, 64
L 562, -1511, -25, 562, -1464, -25, 64, 64, 64
L 562, -1464, -25, 522, -1464, -25, 64, 64, 64
L 522, -1464, -25, 518, -1466, -25, 64, 64, 64
L 518, -1466, -25, 518, -1474, -25, 64, 64, 64
L 518, -1474, -25, 514, -1474, -25, 64, 64, 64
L 514, -1474, -25, 514, -1471, -25, 64, 64, 64
L 514, -1471, -25, 511, -1472, -25, 64, 64, 64
L 511, -1472, -25, 512, -1468, -26, 64, 64, 64
L 512, -1468, -26, 514, -1469, -26, 64, 64, 64
L 514, -1469, -26, 514, -1460, -26, 64, 64, 64
L 514, -1460, -26, 554, -1460, -26, 64, 64, 64
L 554, -1460, -26, 554, -1456, -26, 64, 64, 64
L 554, -1456, -26, 559, -1456, -27, 64, 64, 64
L 559, -1456, -27, 560, -1420, -27, 64, 64, 64
L 560, -1420, -27, 497, -1420, -27, 64, 64, 64
L 497, -1420, -27, 497, -1456, -27, 64, 64, 64
L 497, -1456, -27, 495, -1460, -26, 64, 64, 64
L 495, -1460, -26, 494, -1469, -26, 64, 64, 64
L 494, -1469, -26, 497, -1469, -26, 64, 64, 64
L 497, -1469, -26, 496, -1471, -25, 64, 64, 64
L 496, -1471, -25, 494, -1471, -25, 64, 64, 64
L 494, -1471, -25, 493, -1473, -25, 64, 64, 64
L 493, -1473, -25, 460, -1472, -25, 64, 64, 64
L 460, -1472, -25, 456, -1474, -25, 64, 64, 64
L 456, -1474, -25, 456, -1549, -25, 64, 64, 64
L 456, -1549, -25, 460, -1551, -25, 64, 64, 64
L 460, -1551, -25, 512, -1551, -25, 64, 64, 64
L 512, -1551, -25, 562, -1551, -6, 64, 64, 64
L 562, -1551, -6, 562, -1465, -4, 64, 64, 64
L 562, -1465, -4, 547, -1464, -4, 64, 64, 64
L 547, -1464, -4, 546, -1508, -6, 64, 64, 64
L 546, -1508, -6, 542, -1509, -6, 64, 64, 64
L 542, -1509, -6, 540, -1510, -6, 64, 64, 64
L 540, -1510, -6, 540, -1522, -6, 64, 64, 64
L 540, -1522, -6, 541, -1523, -6, 64, 64, 64
L 541, -1523, -6, 544, -1525, -6, 64, 64, 64
L 544, -1525, -6, 546, -1525, -6, 64, 64, 64
L 546, -1525, -6, 546, -1538, -6, 64, 64, 64
L 546, -1538, -6, 511, -1537, -25, 64, 64, 64
L 542, -1537, -25, 541, -1534, -25, 64, 64, 64
L 541, -1534, -25, 544, -1531, -25, 64, 64, 64
L 544, -1531, -25, 547, -1533, -25, 64, 64, 64
L 547, -1533, -25, 547, -1536, -25, 64, 64, 64
L 547, -1536, -25, 546, -1538, -25, 64, 64, 64
L 546, -1538, -25, 546, -1551, -25, 64, 64, 64
L 546, -1551, -25, 562, -1551, -25, 64, 64, 64
L 562, -1551, -25, 562, -1525, -25, 64, 64, 64
L 562, -1525, -25, 566, -1525, -26, 64, 64, 64
L 566, -1525, -26, 566, -1526, -26, 64, 64, 64
L 566, -1526, -26, 568, -1526, -26, 64, 64, 64
L 568, -1526, -26, 568, -1529, -26, 64, 64, 64
L 568, -1529, -26, 566, -1528, -26, 64, 64, 64
L 566, -1528, -26, 566, -1551, -26, 64, 64, 64
L 566, -1551, -26, 570, -1551, -26, 64, 64, 64
L 570, -1551, -26, 569, -1561, -26, 64, 64, 64
L 569, -1561, -26, 586, -1565, -26, 64, 64, 64
L 586, -1565, -26, 587, -1557, -26, 64, 64, 64
L 587, -1557, -26, 594, -1556, -26, 64, 64, 64
L 594, -1556, -26, 598, -1555, -26, 64, 64, 64
L 598, -1555, -26, 605, -1557, -25, 64, 64, 64
L 605, -1557, -25, 611, -1562, -26, 64, 64, 64
L 611, -1562, -26, 622, -1565, -26, 64, 64, 64
L 622, -1565, -26, 632, -1561, -26, 64, 64, 64
L 632, -1561, -26, 633, -1559, -26, 64, 64, 64
L 759, -1450, -68, 764, -1456, -68, 64, 64, 64
L 764, -1456, -68, 773, -1459, -68, 64, 64, 64
L 773, -1459, -68, 785, -1455, -68, 64, 64, 64
L 785, -1455, -68, 790, -1443, -68, 64, 64, 64
L 790, -1443, -68, 786, -1430, -68, 64, 64, 64
L 786, -1430, -68, 775, -1425, -68, 64, 64, 64
L 775, -1425, -68, 765, -1427, -68, 64, 64, 64
L 765, -1427, -68, 759, -1434, -68, 64, 64, 64
L 870, -1394, -68, 864, -1389, -68, 64, 64, 64
L 864, -1389, -68, 855, -1389, -68, 64, 64, 64
L 855, -1389, -68, 845, -1397, -68, 64, 64, 64
L 845, -1397, -68, 844, -1410, -68, 64, 64, 64
L 844, -1410, -68, 852, -1421, -68, 64, 64, 64
L 852, -1421, -68, 863, -1422, -68, 64, 64, 64
L 863, -1422, -68, 872, -1417, -68, 64, 64, 64
L 872, -1417, -68, 875, -1409, -68, 64, 64, 64
L 896, -1330, -68, 901, -1337, -68, 64, 64, 64
L 901, -1337, -68, 910, -1339, -68, 64, 64, 64
L 910, -1339, -68, 922, -1335, -68, 64, 64, 64
L 922, -1335, -68, 927, -1323, -68, 64, 64, 64
L 927, -1323, -68, 922, -1310, -68, 64, 64, 64
L 922, -1310, -68, 912, -1305, -68, 64, 64, 64
L 912, -1305, -68, 901, -1307, -68, 64, 64, 64
L 901, -1307, -68, 896, -1314, -68, 64, 64, 64
L 816, -1332, -68, 819, -1340, -68, 64, 64, 64
L 819, -1340, -68, 817, -1348, -68, 64, 64, 64
L 817, -1348, -68, 805, -1356, -68, 64, 64, 64
L 805, -1356, -68, 794, -1354, -68, 64, 64, 64
L 794, -1354, -68, 785, -1343, -68, 64, 64, 64
L 785, -1343, -68, 787, -1332, -68, 64, 64, 64
L 787, -1332, -68, 795, -1324, -68, 64, 64, 64
L 795, -1324, -68, 802, -1324, -68, 64, 64, 64
L 604, -1375, -81, 613, -1374, -81, 64, 64, 64
L 613, -1374, -81, 620, -1379, -81, 64, 64, 64
L 620, -1379, -81, 625, -1392, -81, 64, 64, 64
L 625, -1392, -81, 620, -1402, -81, 64, 64, 64
L 620, -1402, -81, 606, -1408, -81, 64, 64, 64
L 606, -1408, -81, 596, -1403, -81, 64, 64, 64
L 596, -1403, -81, 591, -1394, -81, 64, 64, 64
L 591, -1394, -81, 593, -1386, -81, 64, 64, 64
L 555, -1312, -81, 556, -1320, -81, 64, 64, 64
L 556, -1320, -81, 552, -1328, -81, 64, 64, 64
L 552, -1328, -81, 540, -1334, -81, 64, 64, 64
L 540, -1334, -81, 529, -1329, -81, 64, 64, 64
L 529, -1329, -81, 522, -1317, -81, 64, 64, 64
L 522, -1317, -81, 526, -1306, -81, 64, 64, 64
L 526, -1306, -81, 535, -1300, -81, 64, 64, 64
L 535, -1300, -81, 543, -1301, -81, 64, 64, 64
L 754, -1584, -42, 747, -1589, -42, 64, 64, 64
L 747, -1589, -42, 745, -1598, -42, 64, 64, 64
L 745, -1598, -42, 749, -1610, -42, 64, 64, 64
L 749, -1610, -42, 761, -1615, -42, 64, 64, 64
L 761, -1615, -42, 775, -1610, -42, 64, 64, 64
L 775, -1610, -42, 779, -1600, -42, 64, 64, 64
L 779, -1600, -42, 776, -1589, -42, 64, 64, 64
L 776, -1589, -42, 770, -1584, -42, 64, 64, 64
L 868, -1604, -42, 866, -1595, -42, 64, 64, 64
L 866, -1595, -42, 883, -1582, -42, 64, 64, 64
L 883, -1582, -42, 894, -1587, -42, 64, 64, 64
L 894, -1587, -42, 900, -1600, -42, 64, 64, 64
L 900, -1600, -42, 896, -1610, -42, 64, 64, 64
L 896, -1610, -42, 887, -1616, -42, 64, 64, 64
L 887, -1616, -42, 879, -1615, -42, 64, 64, 64
L 170, 1041, -2, 95, 1041, -2, 64, 64, 64
L 95, 1041, -2, 95, 984, -2, 64, 64, 64
L 95, 984, -2, -56, 984, -2, 64, 64, 64
L -56, 984, -2, -96, 968, -2, 64, 64, 64
L -96, 968, -2, -133, 969, -2, 64, 64, 64
L -133, 969, -2, -179, 969, -2, 64, 64, 64
L -179, 969, -2, -188, 971, -2, 64, 64, 64
L -188, 971, -2, -198, 971, -2, 64, 64, 64
L -198, 971, -2, -209, 975, -2, 64, 64, 64
L -209, 975, -2, -220, 980, -2, 64, 64, 64
L -220, 980, -2, -262, 979, -0, 64, 64, 64
L -262, 979, -0, -272, 974, -2, 64, 64, 64
L -272, 974, -2, -286, 971, -2, 64, 64, 64
L -286, 971, -2, -295, 971, -2, 64, 64, 64
L -295, 971, -2, -306, 968, -2, 64, 64, 64
L -306, 968, -2, -308, 968, -2, 64, 64, 64
L -308, 968, -2, -308, 900, 6, 64, 64, 64
L -308, 900, 6, -307, 886, 5, 64, 64, 64
L -307, 886, 5, -305, 882, 6, 64, 64, 64
L -305, 882, 6, -286, 853, 11, 64, 64, 64
L -286, 853, 11, -279, 827, 17, 64, 64, 64
L -279, 827, 17, -258, 767, 30, 64, 64, 64
L -258, 767, 30, -222, 761, 30, 64, 64, 64
L -222, 761, 30, -213, 756, 30, 64, 64, 64
L -213, 756, 30, -190, 715, 30, 64, 64, 64
L -190, 715, 30, -191, 711, 30, 64, 64, 64
L -191, 711, 30, -191, 700, 30, 64, 64, 64
L -191, 700, 30, -194, 689, 31, 64, 64, 64
L -194, 689, 31, -194, 683, 31, 64, 64, 64
L -194, 683, 31, -201, 672, 31, 64, 64, 64
L -201, 672, 31, -219, 670, 30, 64, 64, 64
L -219, 670, 30, -232, 671, 32, 64, 64, 64
L -232, 671, 32, -275, 669, 31, 64, 64, 64
L -275, 669, 31, -326, 660, 30, 64, 64, 64
L -326, 660, 30, -342, 655, 30, 64, 64, 64
L -342, 655, 30, -350, 649, 30, 64, 64, 64
L -350, 649, 30, -359, 647, 32, 64, 64, 64
L -359, 647, 32, -373, 643, 32, 64, 64, 64
L -373, 643, 32, -376, 636, 36, 64, 64, 64
L -376, 636, 36, -379, 627, 39, 64, 64, 64
L -379, 627, 39, -388, 604, 43, 64, 64, 64
L -388, 604, 43, -391, 598, 45, 64, 64, 64
L -391, 598, 45, -394, 594, 46, 64, 64, 64
L -394, 594, 46, -416, 555, 53, 64, 64, 64
L -416, 555, 53, -422, 539, 54, 64, 64, 64
L -422, 539, 54, -428, 522, 54, 64, 64, 64
L -428, 522, 54, -431, 516, 54, 64, 64, 64
L -431, 516, 54, -435, 498, 54, 64, 64, 64
L -435, 498, 54, -431, 496, 55, 64, 64, 64
L -431, 496, 55, -422, 492, 56, 64, 64, 64
L -422, 492, 56, -391, 483, 54, 64, 64, 64
L -391, 483, 54, -364, 482, 54, 64, 64, 64
L -364, 482, 54, -348, 470, 55, 64, 64, 64
L -348, 470, 55, -346, 458, 54, 64, 64, 64
L -346, 458, 54, -344, 451, 54, 64, 64, 64
L -344, 451, 54, -346, 442, 55, 64, 64, 64
L -346, 442, 55, -346, 428, 55, 64, 64, 64
L -346, 428, 55, -353, 407, 54, 64, 64, 64
L -353, 407, 54, -355, 402, 54, 64, 64, 64
L -355, 402, 54, -361, 404, 54, 64, 64, 64
L -361, 404, 54, -369, 404, 54, 64, 64, 64
L -369, 404, 54, -383, 413, 54, 64, 64, 64
L -383, 413, 54, -393, 415, 54, 64, 64, 64
L -393, 415, 54, -419, 413, 54, 64, 64, 64
L -419, 413, 54, -431, 416, 54, 64, 64, 64
L -431, 416, 54, -445, 416, 55, 64, 64, 64
L -445, 416, 55, -471, 425, 56, 64, 64, 64
L -471, 425, 56, -468, 438, 54, 64, 64, 64
L -468, 438, 54, -466, 469, 54, 64, 64, 64
L -466, 469, 54, -468, 485, 54, 64, 64, 64
L -468, 485, 54, -471, 495, 54, 64, 64, 64
L -471, 495, 54, -463, 522, 55, 64, 64, 64
L -463, 522, 55, -460, 529, 55, 64, 64, 64
L -460, 529, 55, -457, 537, 55, 64, 64, 64
L -457, 537, 55, -446, 554, 54, 64, 64, 64
L -446, 554, 54, -434, 570, 52, 64, 64, 64
L -434, 570, 52, -422, 585, 48, 64, 64, 64
L -422, 585, 48, -416, 597, 45, 64, 64, 64
L -416, 597, 45, -413, 608, 42, 64, 64, 64
L -413, 608, 42, -406, 626, 39, 64, 64, 64
L -406, 626, 39, -402, 647, 32, 64, 64, 64
L -402, 647, 32, -399, 666, 30, 64, 64, 64
L -399, 666, 30, -403, 671, 30, 64, 64, 64
L -403, 671, 30, -406, 677, 31, 64, 64, 64
L -406, 677, 31, -406, 682, 31, 64, 64, 64
L -406, 682, 31, -409, 694, 31, 64, 64, 64
L -409, 694, 31, -409, 705, 31, 64, 64, 64
L -409, 705, 31, -410, 712, 31, 64, 64, 64
L -410, 712, 31, -407, 719, 31, 64, 64, 64
L -407, 719, 31, -403, 727, 32, 64, 64, 64
L -403, 727, 32, -402, 749, 31, 64, 64, 64
L -402, 749, 31, -391, 756, 31, 64, 64, 64
L -391, 756, 31, -375, 759, 30, 64, 64, 64
L -375, 759, 30, -366, 759, 30, 64, 64, 64
L -366, 759, 30, -357, 760, 30, 64, 64, 64
L -357, 760, 30, -348, 764, 30, 64, 64, 64
L -348, 764, 30, -334, 772, 30, 64, 64, 64
L -334, 772, 30, -332, 776, 29, 64, 64, 64
L -332, 776, 29, -329, 799, 23, 64, 64, 64
L -329, 799, 23, -333, 813, 20, 64, 64, 64
L -333, 813, 20, -343, 831, 17, 64, 64, 64
L -343, 831, 17, -355, 851, 12, 64, 64, 64
L -355, 851, 12, -357, 855, 11, 64, 64, 64
L -357, 855, 11, -356, 868, 9, 64, 64, 64
L -356, 868, 9, -353, 883, 5, 64, 64, 64
L -353, 883, 5, -354, 906, 6, 64, 64, 64
L -354, 906, 6, -357, 933, 5, 64, 64, 64
L -357, 933, 5, -363, 942, 1, 64, 64, 64
L -363, 942, 1, -366, 951, -1, 64, 64, 64
L -366, 951, -1, -366, 958, -1, 64, 64, 64
L -366, 958, -1, -369, 965, -2, 64, 64, 64
L -369, 965, -2, -385, 965, -1, 64, 64, 64
L -385, 965, -1, -391, 966, -1, 64, 64, 64
L -391, 966, -1, -409, 969, 1, 64, 64, 64
L -409, 969, 1, -418, 969, 2, 64, 64, 64
L -418, 969, 2, -436, 972, 4, 64, 64, 64
L -436, 972, 4, -455, 972, 5, 64, 64, 64
L -455, 972, 5, -464, 978, 6, 64, 64, 64
L -464, 978, 6, -474, 984, 8, 64, 64, 64
L -474, 984, 8, -517, 1013, 23, 64, 64, 64
L -517, 1013, 23, -534, 1024, 27, 64, 64, 64
L -534, 1024, 27, -545, 1030, 29, 64, 64, 64
L -545, 1030, 29, -572, 1031, 31, 64, 64, 64
L -572, 1031, 31, -595, 1029, 30, 64, 64, 64
L -595, 1029, 30, -624, 1029, 32, 64, 64, 64
L -624, 1029, 32, -630, 1031, 31, 64, 64, 64
L -630, 1031, 31, -640, 1031, 30, 64, 64, 64
L -640, 1031, 30, -652, 1034, 31, 64, 64, 64
L -652, 1034, 31, -656, 1034, 32, 64, 64, 64
L -656, 1034, 32, -668, 1041, 34, 64, 64, 64
L -668, 1041, 34, -684, 1045, 41, 64, 64, 64
L -684, 1045, 41, -714, 1046, 50, 64, 64, 64
L -714, 1046, 50, -748, 1041, 50, 64, 64, 64
L -748, 1041, 50, -765, 1042, 50, 64, 64, 64
L -765, 1042, 50, -801, 1047, 50, 64, 64, 64
L -801, 1047, 50, -854, 1043, 52, 64, 64, 64
L -854, 1043, 52, -874, 1040, 52, 64, 64, 64
L -874, 1040, 52, -890, 1032, 56, 64, 64, 64
L -890, 1032, 56, -901, 1032, 57, 64, 64, 64
L -901, 1032, 57, -912, 1029, 59, 64, 64, 64
L -912, 1029, 59, -927, 1021, 63, 64, 64, 64
L -927, 1021, 63, -942, 1011, 66, 64, 64, 64
L -942, 1011, 66, -952, 1008, 66, 64, 64, 64
L -952, 1008, 66, -960, 995, 67, 64, 64, 64
L -960, 995, 67, -977, 977, 74, 64, 64, 64
L -977, 977, 74, -992, 957, 77, 64, 64, 64
L -992, 957, 77, -993, 950, 77, 64, 64, 64
L -993, 950, 77, -995, 946, 77, 64, 64, 64
L -995, 946, 77, -997, 931, 81, 64, 64, 64
L -997, 931, 81, -1002, 908, 82, 64, 64, 64
L -1002, 908, 82, -1001, 895, 82, 64, 64, 64
L -1001, 895, 82, -999, 885, 84, 64, 64, 64
L -999, 885, 84, -1002, 874, 84, 64, 64, 64
L -1002, 874, 84, -1021, 851, 86, 64, 64, 64
L -1021, 851, 86, -1040, 821, 89, 64, 64, 64
L -1040, 821, 89, -1043, 810, 90, 64, 64, 64
L -1043, 810, 90, -1051, 787, 89, 64, 64, 64
L -1051, 787, 89, -1051, 776, 89, 64, 64, 64
L -1051, 776, 89, -1055, 766, 89, 64, 64, 64
L -1055, 766, 89, -1056, 762, 89, 64, 64, 64
L -1056, 762, 89, -1064, 751, 89, 64, 64, 64
L -1064, 751, 89, -1075, 754, 89, 64, 64, 64
L -1075, 754, 89, -1093, 754, 89, 64, 64, 64
L -1093, 754, 89, -1134, 746, 92, 64, 64, 64
L -1134, 746, 92, -1146, 741, 98, 64, 64, 64
L -1146, 741, 98, -1153, 718, 98, 64, 64, 64
L -1153, 718, 98, -1152, 700, 106, 64, 64, 64
L -1152, 700, 106, -1145, 690, 106, 64, 64, 64
L -1145, 690, 106, -1140, 678, 107, 64, 64, 64
L -1140, 678, 107, -1139, 664, 107, 64, 64, 64
L -1139, 664, 107, -1137, 654, 108, 64, 64, 64
L -1137, 654, 108, -1140, 648, 108, 64, 64, 64
L -1140, 648, 108, -1140, 640, 107, 64, 64, 64
L -1140, 640, 107, -1144, 632, 106, 64, 64, 64
L -1144, 632, 106, -1150, 626, 106, 64, 64, 64
L -1150, 626, 106, -1165, 626, 106, 64, 64, 64
L -1165, 626, 106, -1176, 628, 106, 64, 64, 64
L -1176, 628, 106, -1187, 626, 106, 64, 64, 64
L -1187, 626, 106, -1193, 624, 106, 64, 64, 64
L -1193, 624, 106, -1195, 625, 106, 64, 64, 64
L -1195, 625, 106, -1201, 624, 106, 64, 64, 64
L -1201, 624, 106, -1209, 624, 106, 64, 64, 64
L -1209, 624, 106, -1211, 609, 108, 64, 64, 64
L -1211, 609, 108, -1212, 599, 114, 64, 64, 64
L -1212, 599, 114, -1217, 589, 115, 64, 64, 64
L -1217, 589, 115, -1192, 549, 127, 64, 64, 64
L -1192, 549, 127, -1180, 546, 125, 64, 64, 64
L -1180, 546, 125, -1162, 539, 130, 64, 64, 64
L -1162, 539, 130, -1131, 528, 130, 64, 64, 64
L -1131, 528, 130, -1133, 516, 130, 64, 64, 64
L -1133, 516, 130, -1133, 506, 130, 64, 64, 64
L -1133, 506, 130, -1130, 493, 130, 64, 64, 64
L -1130, 493, 130, -1130, 469, 130, 64, 64, 64
L -1130, 469, 130, -1118, 464, 127, 64, 64, 64
L -1118, 464, 127, -1102, 461, 127, 64, 64, 64
L -1102, 461, 127, -1090, 452, 129, 64, 64, 64
L -1090, 452, 129, -1093, 446, 129, 64, 64, 64
L -1093, 446, 129, -1105, 439, 126, 64, 64, 64
L -1105, 439, 126, -1119, 436, 130, 64, 64, 64
L -1119, 436, 130, -1129, 432, 130, 64, 64, 64
L -1129, 432, 130, -1138, 433, 130, 64, 64, 64
L -1138, 433, 130, -1146, 432, 130, 64, 64, 64
L -1146, 432, 130, -1166, 425, 130, 64, 64, 64
L -1166, 425, 130, -1172, 425, 130, 64, 64, 64
L -1172, 425, 130, -1175, 426, 130, 64, 64, 64
L -1175, 426, 130, -1194, 427, 130, 64, 64, 64
L -1194, 427, 130, -1206, 426, 130, 64, 64, 64
L -1206, 426, 130, -1213, 425, 130, 64, 64, 64
L -1213, 425, 130, -1220, 428, 130, 64, 64, 64
L -1220, 428, 130, -1233, 430, 130, 64, 64, 64
L -1233, 430, 130, -1240, 433, 130, 64, 64, 64
L -1240, 433, 130, -1249, 441, 130, 64, 64, 64
L -1249, 441, 130, -1245, 474, 130, 64, 64, 64
L -1245, 474, 130, -1243, 502, 130, 64, 64, 64
L -1243, 502, 130, -1241, 520, 130, 64, 64, 64
L -1241, 520, 130, -1239, 528, 130, 64, 64, 64
L -1239, 528, 130, -1234, 534, 133, 64, 64, 64
L -1234, 534, 133, -1226, 549, 127, 64, 64, 64
L -1226, 549, 127, -1235, 567, 121, 64, 64, 64
L -1235, 567, 121, -1241, 580, 118, 64, 64, 64
L -1241, 580, 118, -1242, 599, 114, 64, 64, 64
L -1242, 599, 114, -1247, 615, 108, 64, 64, 64
L -1247, 615, 108, -1250, 621, 106, 64, 64, 64
L -1250, 621, 106, -1260, 621, 106, 64, 64, 64
L -1260, 621, 106, -1268, 623, 106, 64, 64, 64
L -1268, 623, 106, -1275, 623, 106, 64, 64, 64
L -1275, 623, 106, -1289, 631, 106, 64, 64, 64
L -1289, 631, 106, -1315, 644, 106, 64, 64, 64
L -1315, 644, 106, -1313, 653, 106, 64, 64, 64
L -1313, 653, 106, -1313, 662, 106, 64, 64, 64
L -1313, 662, 106, -1315, 706, 106, 64, 64, 64
L -1315, 706, 106, -1307, 756, 106, 64, 64, 64
L -1307, 756, 106, -1307, 767, 106, 64, 64, 64
L -1307, 767, 106, -1304, 788, 106, 64, 64, 64
L -1304, 788, 106, -1304, 795, 107, 64, 64, 64
L -1304, 795, 107, -1305, 811, 106, 64, 64, 64
L -1305, 811, 106, -1306, 815, 106, 64, 64, 64
L -1306, 815, 106, -1307, 827, 106, 64, 64, 64
L -1307, 827, 106, -1307, 828, 106, 64, 64, 64
L -1307, 828, 106, -1303, 833, 106, 64, 64, 64
L -1303, 833, 106, -1293, 835, 106, 64, 64, 64
L -1293, 835, 106, -1278, 836, 105, 64, 64, 64
L -1278, 836, 105, -1248, 833, 98, 64, 64, 64
L -1248, 833, 98, -1243, 833, 98, 64, 64, 64
L -1243, 833, 98, -1236, 835, 98, 64, 64, 64
L -1236, 835, 98, -1230, 836, 98, 64, 64, 64
L -1230, 836, 98, -1220, 835, 98, 64, 64, 64
L -1220, 835, 98, -1211, 833, 98, 64, 64, 64
L -1211, 833, 98, -1199, 826, 98, 64, 64, 64
L -1199, 826, 98, -1167, 821, 99, 64, 64, 64
L -1167, 821, 99, -1168, 821, 99, 64, 64, 64
L -1168, 821, 99, -1145, 820, 98, 64, 64, 64
L -1145, 820, 98, -1139, 819, 98, 64, 64, 64
L -1139, 819, 98, -1133, 817, 94, 64, 64, 64
L -1133, 817, 94, -1124, 817, 92, 64, 64, 64
L -1124, 817, 92, -1115, 816, 90, 64, 64, 64
L -1115, 816, 90, -1108, 828, 89, 64, 64, 64
L -1108, 828, 89, -1068, 888, 83, 64, 64, 64
L -1068, 888, 83, -1047, 922, 79, 64, 64, 64
L -1047, 922, 79, -1043, 933, 78, 64, 64, 64
L -1043, 933, 78, -1032, 953, 78, 64, 64, 64
L -1032, 953, 78, -1025, 978, 74, 64, 64, 64
L -1025, 978, 74, -1016, 1004, 66, 64, 64, 64
L -1016, 1004, 66, -1019, 1012, 66, 64, 64, 64
L -1019, 1012, 66, -1024, 1021, 66, 64, 64, 64
L -1024, 1021, 66, -1027, 1025, 67, 64, 64, 64
L -1027, 1025, 67, -1034, 1041, 68, 64, 64, 64
L -1034, 1041, 68, -1046, 1056, 73, 64, 64, 64
L -1046, 1056, 73, -1054, 1055, 75, 64, 64, 64
L -1054, 1055, 75, -1066, 1060, 77, 64, 64, 64
L -1066, 1060, 77, -1075, 1062, 79, 64, 64, 64
L -1075, 1062, 79, -1086, 1063, 81, 64, 64, 64
L -1086, 1063, 81, -1112, 1063, 82, 64, 64, 64
L -1112, 1063, 82, -1124, 1062, 82, 64, 64, 64
L -1124, 1062, 82, -1129, 1059, 82, 64, 64, 64
L -1129, 1059, 82, -1132, 1057, 82, 64, 64, 64
L -1132, 1057, 82, -1136, 1057, 83, 64, 64, 64
L -1136, 1057, 83, -1143, 1056, 83, 64, 64, 64
L -1143, 1056, 83, -1149, 1055, 84, 64, 64, 64
L -1149, 1055, 84, -1152, 1054, 85, 64, 64, 64
L -1152, 1054, 85, -1163, 1056, 86, 64, 64, 64
L -1163, 1056, 86, -1170, 1059, 86, 64, 64, 64
L -1170, 1059, 86, -1191, 1064, 89, 64, 64, 64
L -1191, 1064, 89, -1210, 1064, 91, 64, 64, 64
L -1210, 1064, 91, -1225, 1063, 91, 64, 64, 64
L -1225, 1063, 91, -1234, 1062, 91, 64, 64, 64
L -1234, 1062, 91, -1243, 1063, 91, 64, 64, 64
L -1243, 1063, 91, -1252, 1064, 93, 64, 64, 64
L -1252, 1064, 93, -1269, 1066, 99, 64, 64, 64
L -1269, 1066, 99, -1290, 1068, 104, 64, 64, 64
L -1290, 1068, 104, -1296, 1067, 107, 64, 64, 64
L -1296, 1067, 107, -1336, 1065, 107, 64, 64, 64
L -1336, 1065, 107, -1350, 1063, 107, 64, 64, 64
L -1350, 1063, 107, -1363, 1067, 107, 64, 64, 64
L -1363, 1067, 107, -1386, 1077, 108, 64, 64, 64
L -1386, 1077, 108, -1398, 1080, 109, 64, 64, 64
L -1398, 1080, 109, -1414, 1089, 107, 64, 64, 64
L -1414, 1089, 107, -1426, 1092, 108, 64, 64, 64
L -1426, 1092, 108, -1435, 1095, 108, 64, 64, 64
L -1435, 1095, 108, -1442, 1117, 108, 64, 64, 64
L -1442, 1117, 108, -1446, 1124, 107, 64, 64, 64
L -1446, 1124, 107, -1450, 1139, 107, 64, 64, 64
L -1450, 1139, 107, -1463, 1166, 109, 64, 64, 64
L -1463, 1166, 109, -1464, 1181, 109, 64, 64, 64
L -1464, 1181, 109, -1463, 1209, 108, 64, 64, 64
L -1463, 1209, 108, -1464, 1235, 108, 64, 64, 64
L -1464, 1235, 108, -1466, 1253, 109, 64, 64, 64
L -1466, 1253, 109, -1470, 1283, 110, 64, 64, 64
L -1470, 1283, 110, -1471, 1293, 115, 64, 64, 64
L -1471, 1293, 115, -1468, 1305, 116, 64, 64, 64
L -1468, 1305, 116, -1472, 1380, 115, 64, 64, 64
L -1472, 1380, 115, -1472, 1389, 115, 64, 64, 64
L -1472, 1389, 115, -1469, 1426, 115, 64, 64, 64
L -1469, 1426, 115, -1477, 1478, 123, 64, 64, 64
L -1477, 1478, 123, -1479, 1486, 123, 64, 64, 64
L -1479, 1486, 123, -1484, 1493, 123, 64, 64, 64
L -1484, 1493, 123, -1485, 1498, 123, 64, 64, 64
L -1485, 1498, 123, -1487, 1505, 124, 64, 64, 64
L -1487, 1505, 124, -1487, 1514, 125, 64, 64, 64
L -1487, 1514, 125, -1485, 1534, 124, 64, 64, 64
L -1485, 1534, 124, -1488, 1560, 123, 64, 64, 64
L -1488, 1560, 123, -1487, 1595, 123, 64, 64, 64
L -1487, 1595, 123, -1492, 1606, 123, 64, 64, 64
L -1492, 1606, 123, -1494, 1625, 123, 64, 64, 64
L -1494, 1625, 123, -1496, 1634, 123, 64, 64, 64
L -1496, 1634, 123, -1496, 1639, 123, 64, 64, 64
L -1496, 1639, 123, -1513, 1640, 123, 64, 64, 64
L -1513, 1640, 123, -1539, 1643, 123, 64, 64, 64
L -1539, 1643, 123, -1549, 1643, 123, 64, 64, 64
L -1549, 1643, 123, -1568, 1641, 123, 64, 64, 64
L -1568, 1641, 123, -1584, 1640, 123, 64, 64, 64
L -1584, 1640, 123, -1602, 1640, 123, 64, 64, 64
L -1602, 1640, 123, -1611, 1638, 123, 64, 64, 64
L -1611, 1638, 123, -1615, 1648, 123, 64, 64, 64
L -1615, 1648, 123, -1617, 1660, 123, 64, 64, 64
L -1617, 1660, 123, -1617, 1668, 123, 64, 64, 64
L -1617, 1668, 123, -1619, 1679, 123, 64, 64, 64
L -1619, 1679, 123, -1617, 1692, 123, 64, 64, 64
L -1617, 1692, 123, -1615, 1739, 123, 64, 64, 64
L -1615, 1739, 123, -1619, 1785, 123, 64, 64, 64
L -1619, 1785, 123, -1618, 1800, 123, 64, 64, 64
L -1618, 1800, 123, -1617, 1808, 123, 64, 64, 64
L -1617, 1808, 123, -1615, 1838, 123, 64, 64, 64
L -1615, 1838, 123, -1619, 1868, 123, 64, 64, 64
L -1619, 1868, 123, -1619, 1877, 123, 64, 64, 64
L -1619, 1877, 123, -1691, 1881, 123, 64, 64, 64
L -1691, 1881, 123, -1702, 1881, 123, 64, 64, 64
L -1702, 1881, 123, -1712, 1880, 123, 64, 64, 64
L -1712, 1880, 123, -1727, 1878, 123, 64, 64, 64
L -1727, 1878, 123, -1741, 1878, 123, 64, 64, 64
L -1741, 1935, 123, -1723, 1934, 124, 64, 64, 64
L -1723, 1934, 124, -1704, 1932, 125, 64, 64, 64
L -1704, 1932, 125, -1668, 1932, 124, 64, 64, 64
L -1668, 1932, 124, -1589, 1934, 123, 64, 64, 64
L -1589, 1934, 123, -1576, 1932, 124, 64, 64, 64
L -1576, 1932, 124, -1567, 1932, 125, 64, 64, 64
L -1567, 1932, 125, -1561, 1929, 125, 64, 64, 64
L -1561, 1929, 125, -1557, 1926, 124, 64, 64, 64
L -1557, 1926, 124, -1559, 1909, 123, 64, 64, 64
L -1559, 1909, 123, -1560, 1905, 123, 64, 64, 64
L -1560, 1905, 123, -1560, 1886, 123, 64, 64, 64
L -1560, 1886, 123, -1558, 1866, 123, 64, 64, 64
L -1558, 1866, 123, -1558, 1856, 123, 64, 64, 64
L -1558, 1856, 123, -1557, 1846, 123, 64, 64, 64
L -1557, 1846, 123, -1557, 1832, 123, 64, 64, 64
L -1557, 1832, 123, -1560, 1804, 125, 64, 64, 64
L -1560, 1804, 125, -1560, 1795, 125, 64, 64, 64
L -1560, 1795, 125, -1559, 1780, 124, 64, 64, 64
L -1559, 1780, 124, -1558, 1760, 124, 64, 64, 64
L -1558, 1760, 124, -1558, 1743, 123, 64, 64, 64
L -1558, 1743, 123, -1557, 1730, 123, 64, 64, 64
L -1557, 1730, 123, -1557, 1724, 123, 64, 64, 64
L -1557, 1724, 123, -1551, 1714, 123, 64, 64, 64
L -1551, 1714, 123, -1550, 1704, 123, 64, 64, 64
L -1550, 1704, 123, -1549, 1695, 124, 64, 64, 64
L -1549, 1695, 124, -1520, 1693, 123, 64, 64, 64
L -1520, 1693, 123, -1506, 1695, 123, 64, 64, 64
L -1506, 1695, 123, -1495, 1694, 123, 64, 64, 64
L -1495, 1694, 123, -1475, 1696, 123, 64, 64, 64
L -1475, 1696, 123, -1469, 1695, 123, 64, 64, 64
L -1469, 1695, 123, -1459, 1684, 124, 64, 64, 64
L -1459, 1684, 124, -1450, 1675, 125, 64, 64, 64
L -1450, 1675, 125, -1441, 1665, 123, 64, 64, 64
L -1441, 1665, 123, -1429, 1656, 123, 64, 64, 64
L -1429, 1656, 123, -1432, 1627, 123, 64, 64, 64
L -1432, 1627, 123, -1430, 1587, 123, 64, 64, 64
L -1430, 1587, 123, -1429, 1575, 123, 64, 64, 64
L -1429, 1575, 123, -1424, 1567, 123, 64, 64, 64
L -1424, 1567, 123, -1423, 1554, 123, 64, 64, 64
L -1423, 1554, 123, -1420, 1543, 122, 64, 64, 64
L -1420, 1543, 122, -1412, 1537, 117, 64, 64, 64
L -1412, 1537, 117, -1382, 1521, 115, 64, 64, 64
L -1382, 1521, 115, -1371, 1518, 116, 64, 64, 64
L -1371, 1518, 116, -1338, 1513, 115, 64, 64, 64
L -1338, 1513, 115, -1306, 1512, 115, 64, 64, 64
L -1306, 1512, 115, -1288, 1512, 115, 64, 64, 64
L -1288, 1512, 115, -1281, 1511, 115, 64, 64, 64
L -1281, 1511, 115, -1264, 1509, 117, 64, 64, 64
L -1264, 1509, 117, -1241, 1511, 115, 64, 64, 64
L -1241, 1511, 115, -1221, 1513, 115, 64, 64, 64
L -1221, 1513, 115, -1212, 1501, 115, 64, 64, 64
L -1212, 1501, 115, -1200, 1491, 117, 64, 64, 64
L -1200, 1491, 117, -1181, 1471, 118, 64, 64, 64
L -1181, 1471, 118, -1181, 1463, 118, 64, 64, 64
L -1181, 1463, 118, -1183, 1454, 117, 64, 64, 64
L -1183, 1454, 117, -1185, 1435, 116, 64, 64, 64
L -1185, 1435, 116, -1183, 1404, 110, 64, 64, 64
L -1183, 1404, 110, -1182, 1392, 108, 64, 64, 64
L -1182, 1392, 108, -1173, 1383, 102, 64, 64, 64
L -1173, 1383, 102, -1157, 1371, 100, 64, 64, 64
L -1157, 1371, 100, -1143, 1366, 99, 64, 64, 64
L -1143, 1366, 99, -1138, 1362, 99, 64, 64, 64
L -1138, 1362, 99, -1136, 1356, 100, 64, 64, 64
L -1136, 1356, 100, -1134, 1340, 101, 64, 64, 64
L -1134, 1340, 101, -1139, 1327, 102, 64, 64, 64
L -1139, 1327, 102, -1153, 1303, 102, 64, 64, 64
L -1153, 1303, 102, -1161, 1284, 101, 64, 64, 64
L -1161, 1284, 101, -1167, 1271, 100, 64, 64, 64
L -1167, 1271, 100, -1174, 1258, 99, 64, 64, 64
L -1174, 1258, 99, -1188, 1250, 99, 64, 64, 64
L -1188, 1250, 99, -1202, 1244, 99, 64, 64, 64
L -1202, 1244, 99, -1213, 1234, 99, 64, 64, 64
L -1213, 1234, 99, -1214, 1194, 100, 64, 64, 64
L -1214, 1194, 100, -1215, 1163, 98, 64, 64, 64
L -1215, 1163, 98, -1214, 1140, 91, 64, 64, 64
L -1214, 1140, 91, -1208, 1136, 91, 64, 64, 64
L -1208, 1136, 91, -1205, 1136, 91, 64, 64, 64
L -1205, 1136, 91, -1192, 1130, 89, 64, 64, 64
L -1192, 1130, 89, -1174, 1132, 87, 64, 64, 64
L -1174, 1132, 87, -1170, 1131, 87, 64, 64, 64
L -1170, 1131, 87, -1162, 1130, 86, 64, 64, 64
L -1162, 1130, 86, -1151, 1128, 84, 64, 64, 64
L -1151, 1128, 84, -1148, 1098, 79, 64, 64, 64
L -1148, 1098, 79, -1146, 1091, 80, 64, 64, 64
L -1146, 1091, 80, -1142, 1090, 80, 64, 64, 64
L -1142, 1090, 80, -1137, 1093, 80, 64, 64, 64
L -1137, 1093, 80, -1131, 1095, 81, 64, 64, 64
L -1131, 1095, 81, -1117, 1096, 82, 64, 64, 64
L -1117, 1096, 82, -1114, 1097, 82, 64, 64, 64
L -1114, 1097, 82, -1106, 1094, 82, 64, 64, 64
L -1106, 1094, 82, -1101, 1093, 82, 64, 64, 64
L -1101, 1093, 82, -1096, 1091, 84, 64, 64, 64
L -1096, 1091, 84, -1075, 1085, 81, 64, 64, 64
L -1075, 1085, 81, -1069, 1083, 80, 64, 64, 64
L -1069, 1083, 80, -1050, 1083, 75, 64, 64, 64
L -1050, 1083, 75, -1041, 1083, 71, 64, 64, 64
L -1041, 1083, 71, -1025, 1079, 67, 64, 64, 64
L -1025, 1079, 67, -996, 1077, 67, 64, 64, 64
L -996, 1077, 67, -952, 1082, 66, 64, 64, 64
L -952, 1082, 66, -938, 1086, 66, 64, 64, 64
L -938, 1086, 66, -923, 1089, 62, 64, 64, 64
L -923, 1089, 62, -915, 1091, 63, 64, 64, 64
L -915, 1091, 63, -892, 1099, 60, 64, 64, 64
L -892, 1099, 60, -872, 1106, 54, 64, 64, 64
L -872, 1106, 54, -848, 1106, 50, 64, 64, 64
L -848, 1106, 50, -848, 1113, 50, 64, 64, 64
L -848, 1113, 50, -842, 1124, 49, 64, 64, 64
L -842, 1124, 49, -842, 1129, 47, 64, 64, 64
L -842, 1129, 47, -828, 1138, 40, 64, 64, 64
L -828, 1138, 40, -824, 1159, 39, 64, 64, 64
L -824, 1159, 39, -821, 1178, 39, 64, 64, 64
L -821, 1178, 39, -817, 1188, 38, 64, 64, 64
L -817, 1188, 38, -817, 1195, 38, 64, 64, 64
L -817, 1195, 38, -814, 1202, 39, 64, 64, 64
L -814, 1202, 39, -784, 1210, 39, 64, 64, 64
L -784, 1210, 39, -769, 1210, 39, 64, 64, 64
L -769, 1210, 39, -762, 1208, 39, 64, 64, 64
L -762, 1208, 39, -748, 1208, 38, 64, 64, 64
L -748, 1208, 38, -685, 1197, 38, 64, 64, 64
L -685, 1197, 38, -669, 1197, 38, 64, 64, 64
L -669, 1197, 38, -637, 1194, 38, 64, 64, 64
L -637, 1194, 38, -627, 1198, 38, 64, 64, 64
L -627, 1198, 38, -616, 1162, 34, 64, 64, 64
L -616, 1162, 34, -616, 1157, 34, 64, 64, 64
L -616, 1157, 34, -610, 1133, 37, 64, 64, 64
L -610, 1133, 37, -603, 1123, 38, 64, 64, 64
L -603, 1123, 38, -589, 1107, 34, 64, 64, 64
L -589, 1107, 34, -574, 1094, 30, 64, 64, 64
L -574, 1094, 30, -562, 1084, 29, 64, 64, 64
L -562, 1084, 29, -529, 1063, 25, 64, 64, 64
L -529, 1063, 25, -495, 1048, 17, 64, 64, 64
L -495, 1048, 17, -481, 1045, 15, 64, 64, 64
L -481, 1045, 15, -442, 1031, 4, 64, 64, 64
L -442, 1031, 4, -435, 1029, 3, 64, 64, 64
L -435, 1029, 3, -400, 1021, 2, 64, 64, 64
L -400, 1021, 2, -394, 1029, 0, 64, 64, 64
L -394, 1029, 0, -387, 1032, -1, 64, 64, 64
L -387, 1032, -1, -379, 1032, -2, 64, 64, 64
L -379, 1032, -2, -372, 1033, -2, 64, 64, 64
L -372, 1033, -2, -361, 1033, -2, 64, 64, 64
L -361, 1033, -2, -350, 1029, -2, 64, 64, 64
L -350, 1029, -2, -338, 1028, -2, 64, 64, 64
L -338, 1028, -2, -310, 1030, -1, 64, 64, 64
L -310, 1030, -1, -304, 1031, -2, 64, 64, 64
L -304, 1031, -2, -297, 1033, -2, 64, 64, 64
L -297, 1033, -2, -290, 1036, -2, 64, 64, 64
L -290, 1036, -2, -284, 1038, -2, 64, 64, 64
L -284, 1038, -2, -277, 1040, -2, 64, 64, 64
L -277, 1040, -2, -251, 1041, -2, 64, 64, 64
L -251, 1041, -2, -177, 1042, -1, 64, 64, 64
L -177, 1042, -1, -169, 1051, -2, 64, 64, 64
L -169, 1051, -2, -169, 1057, -2, 64, 64, 64
L -169, 1057, -2, -165, 1069, -2, 64, 64, 64
L -165, 1069, -2, -163, 1074, -2, 64, 64, 64
L -163, 1074, -2, -163, 1127, -2, 64, 64, 64
L -100, 1114, -2, -101, 1087, -2, 64, 64, 64
L -101, 1087, -2, -100, 1033, -2, 64, 64, 64
L -100, 1033, -2, -81, 1032, -2, 64, 64, 64
L -81, 1032, -2, -68, 1028, -2, 64, 64, 64
L -68, 1028, -2, -56, 1022, -2, 64, 64, 64
L -56, 1022, -2, 65, 1022, -2, 64, 64, 64
L 65, 1022, -2, 64, 1081, -2, 64, 64, 64
L 64, 1081, -2, 170, 1081, -2, 64, 64, 64
L -162, 1134, -2, -162, 1155, -3, 64, 64, 64
L -162, 1155, -3, -155, 1194, -2, 64, 64, 64
L -155, 1194, -2, -157, 1199, -2, 64, 64, 64
L -157, 1199, -2, -159, 1206, -2, 64, 64, 64
L -159, 1206, -2, -161, 1225, -2, 64, 64, 64
L -161, 1225, -2, -161, 1233, -2, 64, 64, 64
L -161, 1233, -2, -163, 1242, -2, 64, 64, 64
L -163, 1242, -2, -183, 1242, -2, 64, 64, 64
L -183, 1242, -2, -194, 1244, -2, 64, 64, 64
L -194, 1244, -2, -211, 1244, -2, 64, 64, 64
L -211, 1244, -2, -219, 1242, -2, 64, 64, 64
L -219, 1242, -2, -226, 1244, -2, 64, 64, 64
L -226, 1244, -2, -262, 1246, -2, 64, 64, 64
L -262, 1246, -2, -270, 1245, -2, 64, 64, 64
L -270, 1245, -2, -271, 1243, -42, 64, 64, 64
L -271, 1243, -42, -379, 1243, -42, 64, 64, 64
L -379, 1243, -42, -457, 1251, -42, 64, 64, 64
L -457, 1251, -42, -471, 1257, -44, 64, 64, 64
L -471, 1257, -44, -484, 1258, -44, 64, 64, 64
L -484, 1258, -44, -493, 1263, -44, 64, 64, 64
L -493, 1263, -44, -505, 1275, -43, 64, 64, 64
L -505, 1275, -43, -503, 1289, -43, 64, 64, 64
L -503, 1289, -43, -500, 1312, -42, 64, 64, 64
L -500, 1312, -42, -498, 1330, -42, 64, 64, 64
L -498, 1330, -42, -498, 1344, -42, 64, 64, 64
L -498, 1344, -42, -497, 1350, -42, 64, 64, 64
L -497, 1350, -42, -497, 1355, -42, 64, 64, 64
L -497, 1355, -42, -503, 1367, -42, 64, 64, 64
L -503, 1367, -42, -505, 1380, -42, 64, 64, 64
L -505, 1380, -42, -506, 1394, -42, 64, 64, 64
L -506, 1394, -42, -508, 1399, -42, 64, 64, 64
L -508, 1399, -42, -495, 1399, -42, 64, 64, 64
L -495, 1399, -42, -437, 1398, -39, 64, 64, 64
L -437, 1398, -39, -436, 1380, -42, 64, 64, 64
L -436, 1380, -42, -433, 1349, -42, 64, 64, 64
L -433, 1349, -42, -431, 1335, -42, 64, 64, 64
L -431, 1335, -42, -421, 1318, -42, 64, 64, 64
L -421, 1318, -42, -387, 1313, -42, 64, 64, 64
L -387, 1313, -42, -370, 1310, -41, 64, 64, 64
L -370, 1310, -41, -322, 1309, -42, 64, 64, 64
L -322, 1309, -42, -300, 1310, -42, 64, 64, 64
L -300, 1311, -42, -273, 1312, -42, 64, 64, 64
L -271, 1312, -42, -259, 1313, -2, 64, 64, 64
L -259, 1313, -2, -248, 1317, -2, 64, 64, 64
L -248, 1317, -2, -238, 1319, -2, 64, 64, 64
L -238, 1319, -2, -235, 1321, -2, 64, 64, 64
L -235, 1321, -2, -235, 1333, -2, 64, 64, 64
L -235, 1333, -2, -233, 1363, -2, 64, 64, 64
L -233, 1363, -2, -234, 1378, -2, 64, 64, 64
L -234, 1378, -2, -237, 1394, -2, 64, 64, 64
L -237, 1394, -2, -223, 1394, -2, 64, 64, 64
L -223, 1394, -2, -201, 1401, -2, 64, 64, 64
L -201, 1401, -2, -196, 1402, -2, 64, 64, 64
L -196, 1402, -2, -185, 1424, -7, 64, 64, 64
L -185, 1424, -7, -178, 1446, -12, 64, 64, 64
L -178, 1446, -12, -175, 1450, -14, 64, 64, 64
L -175, 1450, -14, -162, 1469, -21, 64, 64, 64
L -162, 1469, -21, -158, 1477, -24, 64, 64, 64
L -158, 1477, -24, -156, 1484, -26, 64, 64, 64
L -156, 1484, -26, -154, 1489, -26, 64, 64, 64
L -154, 1489, -26, -163, 1493, -26, 64, 64, 64
L -163, 1493, -26, -175, 1502, -26, 64, 64, 64
L -175, 1502, -26, -255, 1503, -26, 64, 64, 64
L -255, 1503, -26, -285, 1509, -30, 64, 64, 64
L -285, 1509, -30, -292, 1520, -29, 64, 64, 64
L -292, 1520, -29, -282, 1532, -29, 64, 64, 64
L -282, 1532, -29, -255, 1536, -26, 64, 64, 64
L -255, 1536, -26, -214, 1562, -26, 64, 64, 64
L -214, 1562, -26, -211, 1574, -26, 64, 64, 64
L -211, 1574, -26, -211, 1579, -26, 64, 64, 64
L -211, 1579, -26, -207, 1600, -24, 64, 64, 64
L -207, 1600, -24, -203, 1610, -26, 64, 64, 64
L -203, 1610, -26, -163, 1609, -26, 64, 64, 64
L -163, 1609, -26, -157, 1597, -26, 64, 64, 64
L -157, 1597, -26, -154, 1583, -26, 64, 64, 64
L -154, 1583, -26, -155, 1570, -25, 64, 64, 64
L -155, 1570, -25, -151, 1557, -26, 64, 64, 64
L -151, 1557, -26, -151, 1546, -26, 64, 64, 64
L -151, 1546, -26, -128, 1544, -25, 64, 64, 64
L -128, 1544, -25, -115, 1541, -25, 64, 64, 64
L -115, 1541, -25, -103, 1533, -26, 64, 64, 64
L -103, 1533, -26, -104, 1495, -26, 64, 64, 64
L -104, 1495, -26, -111, 1486, -26, 64, 64, 64
L -111, 1486, -26, -120, 1475, -23, 64, 64, 64
L -120, 1475, -23, -149, 1434, -8, 64, 64, 64
L -149, 1434, -8, -158, 1417, -5, 64, 64, 64
L -158, 1417, -5, -159, 1410, -4, 64, 64, 64
L -159, 1410, -4, -161, 1406, -3, 64, 64, 64
L -161, 1406, -3, -164, 1397, -2, 64, 64, 64
L -164, 1397, -2, -162, 1382, -2, 64, 64, 64
L -162, 1382, -2, -164, 1378, -2, 64, 64, 64
L -164, 1378, -2, -160, 1367, -2, 64, 64, 64
L -160, 1367, -2, -160, 1354, -2, 64, 64, 64
L -160, 1354, -2, -159, 1340, -2, 64, 64, 64
L -159, 1340, -2, -133, 1316, -2, 64, 64, 64
L -133, 1316, -2, -119, 1312, -1, 64, 64, 64
L -119, 1312, -1, -109, 1307, -2, 64, 64, 64
L -109, 1307, -2, -71, 1320, -9, 64, 64, 64
L -71, 1320, -9, -72, 1297, -9, 0, 0, 255
L -72, 1297, -9, -65, 1295, -10, 0, 0, 255
L -65, 1295, -10, -47, 1286, -10, 0, 0, 255
L -47, 1286, -10, -34, 1275, -10, 0, 0, 255
L -34, 1275, -10, -1, 1287, -8, 0, 0, 255
L -1, 1287, -8, 7, 1289, -8, 0, 0, 255
L 7, 1289, -8, 7, 1302, -7, 0, 0, 255
L 7, 1302, -7, 9, 1324, -7, 0, 0, 255
L 9, 1324, -7, 8, 1351, -8, 0, 0, 255
L 8, 1351, -8, -2, 1350, -9, 0, 0, 255
L -2, 1350, -9, -16, 1352, -10, 0, 0, 255
L -16, 1352, -10, -33, 1350, -10, 0, 0, 255
L -33, 1350, -10, -44, 1339, -9, 0, 0, 255
L -44, 1339, -9, -49, 1334, -9, 0, 0, 255
L -49, 1334, -9, -63, 1324, -10, 0, 0, 255
L -63, 1324, -10, -71, 1320, -9, 0, 0, 255
L -71, 1298, -9, -95, 1290, -4, 64, 64, 64
L -95, 1290, -4, -109, 1283, -1, 64, 64, 64
L -109, 1283, -1, -112, 1281, -0, 64, 64, 64
L -112, 1281, -0, -118, 1272, -0, 64, 64, 64
L -118, 1272, -0, -124, 1255, -1, 64, 64, 64
L -124, 1255, -1, -129, 1242, 0, 64, 64, 64
L -129, 1242, 0, -129, 1233, -0, 64, 64, 64
L -129, 1233, -0, -131, 1227, 2, 64, 64, 64
L -131, 1227, 2, -129, 1216, -0, 64, 64, 64
L -129, 1216, -0, -128, 1210, -2, 64, 64, 64
L -128, 1210, -2, -129, 1200, -2, 64, 64, 64
L -129, 1200, -2, -113, 1184, 0, 64, 64, 64
L -113, 1184, 0, -100, 1168, -3, 64, 64, 64
L -100, 1168, -3, -100, 1114, -2, 64, 64, 64
L -163, 1127, -2, -162, 1133, -2, 64, 64, 64
L -1030, -1165, -128, -1029, -1127, -128, 150, 0, 200
L 65, 984, -2, 62, 1021, -2, 150, 0, 200
