L -146, 126, -1, -153, 133, -1, 0, 0, 0
L -159, 113, -1, -146, 126, -1, 0, 0, 0
L -161, 112, -1, -159, 113, -1, 0, 0, 0
L -168, 119, -1, -161, 112, -1, 0, 0, 0
L -127, 146, -1, -126, 146, -1, 0, 0, 0
L -139, 158, -1, -127, 146, -1, 0, 0, 0
L -143, 161, -1, -139, 158, -1, 0, 0, 0
L -147, 162, -1, -143, 161, -1, 0, 0, 0
L -153, 161, -1, -147, 162, -1, 0, 0, 0
L -155, 161, -1, -153, 161, -1, 0, 0, 0
L -156, 163, -1, -155, 161, -1, 0, 0, 0
L -155, 158, -1, -156, 163, -1, 0, 0, 0
L -155, 156, -1, -155, 158, -1, 0, 0, 0
L -157, 155, -1, -155, 156, -1, 0, 0, 0
L -161, 155, -1, -157, 155, -1, 0, 0, 0
L -162, 156, -1, -161, 155, -1, 0, 0, 0
L -161, 154, -1, -162, 156, -1, 0, 0, 0
L -161, 152, -1, -161, 154, -1, 0, 0, 0
L -162, 145, -1, -161, 152, -1, 0, 0, 0
L -162, 143, -1, -162, 145, -1, 0, 0, 0
L -159, 139, -1, -162, 143, -1, 0, 0, 0
L -151, 131, -1, -159, 139, -1, 0, 0, 0
L -117, 155, -1, -126, 146, -1, 0, 0, 0
L -112, 160, -1, -113, 161, -1, 0, 0, 0
L -117, 154, -1, -112, 160, -1, 0, 0, 0
L -119, 167, -1, -112, 160, -1, 0, 0, 0
L -174, 192, -1, -180, 187, -1, 0, 0, 0
L -160, 194, -1, -174, 192, -1, 0, 0, 0
L -147, 192, -1, -160, 194, -1, 0, 0, 0
L -146, 191, -1, -147, 192, -1, 0, 0, 0
L -136, 184, -1, -146, 191, -1, 0, 0, 0
L -118, 166, -1, -136, 184, -1, 0, 0, 0
L -182, 188, -1, -180, 187, -1, 0, 0, 0
L -187, 183, -1, -182, 188, -1, 0, 0, 0
L -188, 181, -1, -187, 183, -1, 0, 0, 0
L -187, 179, -1, -188, 181, -1, 0, 0, 0
L -192, 173, -1, -187, 179, -1, 0, 0, 0
L -194, 165, -1, -192, 173, -1, 0, 0, 0
L -194, 158, -1, -194, 165, -1, 0, 0, 0
L -192, 148, -1, -194, 158, -1, 0, 0, 0
L -191, 146, -1, -192, 148, -1, 0, 0, 0
L -185, 136, -1, -191, 146, -1, 0, 0, 0
L -168, 119, -1, -185, 136, -1, 0, 0, 0
L 31, 113, 130, 28, 114, 130, 240, 0, 0
L 33, 113, 130, 31, 113, 130, 240, 0, 0
L 34, 114, 130, 33, 113, 130, 240, 0, 0
L 36, 115, 130, 34, 114, 130, 240, 0, 0
L 38, 117, 130, 36, 115, 130, 240, 0, 0
L 39, 122, 130, 38, 117, 130, 240, 0, 0
L 38, 124, 130, 39, 122, 130, 240, 0, 0
L 38, 125, 130, 38, 124, 130, 240, 0, 0
L 37, 127, 130, 38, 125, 130, 240, 0, 0
L 31, 131, 130, 37, 127, 130, 240, 0, 0
L 27, 130, 130, 31, 131, 130, 240, 0, 0
L 24, 128, 130, 27, 130, 130, 240, 0, 0
L 22, 127, 130, 24, 128, 130, 240, 0, 0
L 22, 125, 130, 22, 127, 130, 240, 0, 0
L 21, 121, 130, 22, 125, 130, 240, 0, 0
L 21, 119, 130, 21, 121, 130, 240, 0, 0
L 23, 116, 130, 21, 119, 130, 240, 0, 0
L 25, 114, 130, 23, 116, 130, 240, 0, 0
L 27, 113, 130, 25, 114, 130, 240, 0, 0
L 29, 113, 130, 27, 113, 130, 240, 0, 0
L 136, -0, -1, 134, -3, -1, 240, 0, 0
L 136, 1, -1, 136, -0, -1, 240, 0, 0
L 135, 5, -1, 136, 1, -1, 240, 0, 0
L 130, 8, -1, 135, 5, -1, 240, 0, 0
L 125, 8, -1, 130, 8, -1, 240, 0, 0
L 123, 7, -1, 125, 8, -1, 240, 0, 0
L 122, 6, -1, 123, 7, -1, 240, 0, 0
L 120, 5, -1, 122, 6, -1, 240, 0, 0
L 120, -1, -1, 120, 5, -1, 240, 0, 0
L 121, -3, -1, 120, -1, -1, 240, 0, 0
L 123, -6, -1, 121, -3, -1, 240, 0, 0
L 125, -7, -1, 123, -6, -1, 240, 0, 0
L 130, -7, -1, 125, -7, -1, 240, 0, 0
L 133, -5, -1, 130, -7, -1, 240, 0, 0
L 134, -2, -1, 133, -5, -1, 240, 0, 0
L -23, 122, 130, -25, 117, 130, 240, 0, 0
L -24, 124, 130, -23, 122, 130, 240, 0, 0
L -28, 128, 130, -24, 124, 130, 240, 0, 0
L -32, 129, 130, -28, 128, 130, 240, 0, 0
L -34, 129, 130, -32, 129, 130, 240, 0, 0
L -37, 128, 130, -34, 129, 130, 240, 0, 0
L -40, 125, 130, -37, 128, 130, 240, 0, 0
L -41, 122, 130, -40, 125, 130, 240, 0, 0
L -42, 118, 130, -41, 122, 130, 240, 0, 0
L -37, 113, 130, -42, 118, 130, 240, 0, 0
L -35, 112, 130, -37, 113, 130, 240, 0, 0
L -32, 112, 130, -35, 112, 130, 240, 0, 0
L -28, 114, 130, -32, 112, 130, 240, 0, 0
L -27, 115, 130, -28, 114, 130, 240, 0, 0
L -24, 117, 130, -27, 115, 130, 240, 0, 0
L -122, -1, -0, -123, -3, -0, 240, 0, 0
L -121, 1, -1, -122, -1, -1, 240, 0, 0
L -122, 2, -1, -121, 1, -1, 240, 0, 0
L -123, 4, -0, -122, 2, -1, 240, 0, 0
L -124, 5, -0, -123, 4, -0, 240, 0, 0
L -126, 6, -0, -124, 5, -0, 240, 0, 0
L -127, 6, -0, -126, 6, -0, 240, 0, 0
L -129, 7, -1, -127, 6, -0, 240, 0, 0
L -131, 6, -0, -129, 7, -1, 240, 0, 0
L -132, 5, -0, -131, 6, -0, 240, 0, 0
L -134, 1, -0, -132, 5, -0, 240, 0, 0
L -134, -1, -1, -134, 1, -0, 240, 0, 0
L -134, -2, -0, -134, -1, -1, 240, 0, 0
L -133, -3, -0, -134, -2, -0, 240, 0, 0
L -132, -5, -1, -133, -3, -0, 240, 0, 0
L -131, -6, -1, -132, -5, -1, 240, 0, 0
L -129, -7, -1, -131, -6, -1, 240, 0, 0
L -127, -7, -1, -129, -7, -1, 240, 0, 0
L -125, -6, -0, -127, -7, -1, 240, 0, 0
L -124, -5, -0, -125, -6, -0, 240, 0, 0
L -122, -2, -0, -124, -5, -0, 240, 0, 0
L 55, 11, 112, 56, 10, 111, 0, 240, 0
L 55, 13, 112, 55, 11, 112, 0, 240, 0
L 53, 14, 109, 55, 13, 112, 0, 240, 0
L 53, 16, 109, 53, 14, 109, 0, 240, 0
L 52, 22, 109, 53, 16, 109, 0, 240, 0
L 47, 30, 113, 52, 22, 109, 0, 240, 0
L 41, 38, 110, 47, 30, 113, 0, 240, 0
L 40, 40, 109, 41, 38, 110, 0, 240, 0
L 40, 41, 109, 40, 40, 109, 0, 240, 0
L 52, 54, 109, 40, 41, 109, 0, 240, 0
L 52, 56, 110, 52, 54, 109, 0, 240, 0
L 53, 58, 111, 52, 56, 110, 0, 240, 0
L 34, 70, 111, 53, 58, 111, 0, 240, 0
L 23, 52, 109, 30, 69, 109, 0, 240, 0
L 23, 51, 109, 23, 52, 109, 0, 240, 0
L 22, 51, 109, 23, 51, 109, 0, 240, 0
L 20, 51, 111, 22, 51, 109, 0, 240, 0
L 19, 52, 111, 20, 51, 111, 0, 240, 0
L 20, 54, 109, 19, 52, 111, 0, 240, 0
L 25, 70, 109, 20, 54, 109, 0, 240, 0
L -25, 70, 109, 25, 70, 109, 0, 240, 0
L -20, 56, 109, -25, 70, 109, 0, 240, 0
L -18, 53, 109, -20, 56, 109, 0, 240, 0
L -20, 51, 111, -18, 53, 109, 0, 240, 0
L -21, 50, 109, -20, 51, 111, 0, 240, 0
L -23, 51, 109, -21, 50, 109, 0, 240, 0
L -30, 69, 109, -23, 51, 109, 0, 240, 0
L -32, 70, 109, -30, 69, 109, 0, 240, 0
L -33, 71, 111, -32, 70, 109, 0, 240, 0
L -52, 58, 111, -33, 71, 111, 0, 240, 0
L -52, 57, 109, -52, 58, 111, 0, 240, 0
L -52, 53, 109, -52, 57, 109, 0, 240, 0
L -58, 45, 109, -52, 53, 109, 0, 240, 0
L -58, 44, 109, -58, 45, 109, 0, 240, 0
L -65, 34, 109, -58, 44, 109, 0, 240, 0
L -66, 32, 109, -65, 34, 109, 0, 240, 0
L -67, 31, 109, -66, 32, 109, 0, 240, 0
L -69, 28, 109, -67, 31, 109, 0, 240, 0
L -71, 28, 109, -69, 28, 109, 0, 240, 0
L -72, 26, 109, -71, 28, 109, 0, 240, 0
L -74, 25, 111, -72, 26, 109, 0, 240, 0
L -78, 4, 111, -74, 25, 111, 0, 240, 0
L -77, 4, 109, -78, 4, 111, 0, 240, 0
L -75, 3, 109, -77, 4, 109, 0, 240, 0
L -74, -1, 109, -75, 3, 109, 0, 240, 0
L -72, -11, 109, -74, -1, 109, 0, 240, 0
L -70, -25, 109, -72, -11, 109, 0, 240, 0
L -69, -30, 109, -70, -25, 109, 0, 240, 0
L -69, -32, 109, -69, -30, 109, 0, 240, 0
L -71, -33, 111, -69, -32, 109, 0, 240, 0
L -58, -52, 111, -71, -33, 111, 0, 240, 0
L -56, -52, 109, -58, -52, 111, 0, 240, 0
L -54, -52, 109, -56, -52, 109, 0, 240, 0
L -35, -64, 109, -54, -52, 109, 0, 240, 0
L -34, -66, 109, -35, -64, 109, 0, 240, 0
L -29, -69, 109, -34, -66, 109, 0, 240, 0
L -26, -72, 109, -29, -69, 109, 0, 240, 0
L -27, -73, 111, -26, -72, 109, 0, 240, 0
L -5, -78, 111, -27, -73, 111, 0, 240, 0
L -4, -78, 111, -5, -78, 111, 0, 240, 0
L -3, -76, 109, -4, -78, 111, 0, 240, 0
L -1, -75, 109, -3, -76, 109, 0, 240, 0
L 9, -73, 109, -1, -75, 109, 0, 240, 0
L 22, -70, 109, 9, -73, 109, 0, 240, 0
L 25, -70, 109, 22, -70, 109, 0, 240, 0
L 30, -69, 109, 25, -70, 109, 0, 240, 0
L 32, -69, 109, 30, -69, 109, 0, 240, 0
L 33, -71, 111, 32, -69, 109, 0, 240, 0
L 52, -58, 111, 33, -71, 111, 0, 240, 0
L 52, -57, 109, 52, -58, 111, 0, 240, 0
L 51, -56, 109, 52, -57, 109, 0, 240, 0
L 55, -48, 109, 51, -56, 109, 0, 240, 0
L 61, -40, 109, 55, -48, 109, 0, 240, 0
L 65, -34, 109, 61, -40, 109, 0, 240, 0
L 68, -30, 109, 65, -34, 109, 0, 240, 0
L 69, -28, 109, 68, -30, 109, 0, 240, 0
L 70, -27, 109, 69, -28, 109, 0, 240, 0
L 72, -26, 109, 70, -27, 109, 0, 240, 0
L 74, -26, 111, 72, -26, 109, 0, 240, 0
L 75, -17, 111, 74, -26, 111, 0, 240, 0
L 76, -15, 109, 75, -17, 111, 0, 240, 0
L 78, -3, 109, 76, -15, 109, 0, 240, 0
L 76, -3, 109, 78, -3, 109, 0, 240, 0
L 76, 1, 109, 76, -3, 109, 0, 240, 0
L 76, 3, 110, 76, 1, 109, 0, 240, 0
L 77, 7, 110, 78, 3, 110, 0, 240, 0
L 6, 44, 129, 6, 44, 127, 0, 240, 0
L 11, 46, 130, 8, 45, 130, 0, 240, 0
L 20, 52, 130, 10, 46, 130, 0, 240, 0
L 22, 53, 130, 20, 52, 130, 0, 240, 0
L 23, 53, 130, 22, 53, 130, 0, 240, 0
L 25, 52, 130, 23, 53, 130, 0, 240, 0
L 32, 48, 128, 25, 52, 130, 0, 240, 0
L 40, 43, 125, 32, 48, 128, 0, 240, 0
L 41, 42, 124, 40, 43, 125, 0, 240, 0
L 43, 40, 123, 41, 42, 124, 0, 240, 0
L 44, 39, 123, 43, 40, 123, 0, 240, 0
L 45, 36, 121, 44, 39, 123, 0, 240, 0
L 46, 35, 121, 45, 36, 121, 0, 240, 0
L 53, 24, 116, 46, 35, 121, 0, 240, 0
L 54, 23, 115, 53, 24, 116, 0, 240, 0
L 54, 21, 115, 54, 23, 115, 0, 240, 0
L 55, 20, 114, 54, 21, 115, 0, 240, 0
L 55, 17, 113, 55, 20, 114, 0, 240, 0
L 56, 8, 111, 55, 17, 113, 0, 240, 0
L 57, 1, 110, 56, 8, 111, 0, 240, 0
L -0, 43, 130, 9, 45, 130, 0, 240, 0
L -12, 45, 130, -0, 43, 130, 0, 240, 0
L -22, 53, 130, -12, 45, 130, 0, 240, 0
L -50, 22, 329, -39, 17, 330, 0, 240, 0
L -22, 53, 319, -22, 53, 320, 0, 240, 0
L -10, 55, 315, -22, 53, 319, 0, 240, 0
L -0, 57, 311, -10, 55, 315, 0, 240, 0
L 11, 55, 307, -0, 57, 311, 0, 240, 0
L 20, 53, 305, 11, 55, 307, 0, 240, 0
L 22, 53, 303, 20, 53, 305, 0, 240, 0
L 30, 48, 302, 22, 53, 303, 0, 240, 0
L 39, 42, 298, 30, 48, 302, 0, 240, 0
L 40, 41, 297, 39, 42, 298, 0, 240, 0
L 42, 39, 296, 40, 41, 297, 0, 240, 0
L 52, 24, 288, 42, 39, 296, 0, 240, 0
L 53, 22, 287, 52, 24, 288, 0, 240, 0
L 53, 20, 287, 53, 22, 287, 0, 240, 0
L 54, 18, 286, 53, 20, 287, 0, 240, 0
L 54, 16, 285, 54, 18, 286, 0, 240, 0
L 57, 3, 280, 54, 16, 285, 0, 240, 0
L 58, -1, 279, 57, 3, 280, 0, 240, 0
L 57, -3, 278, 58, -1, 279, 0, 240, 0
L 56, -6, 277, 57, -3, 278, 0, 240, 0
L 56, -8, 276, 56, -6, 277, 0, 240, 0
L 56, -10, 276, 56, -8, 276, 0, 240, 0
L 55, -12, 275, 56, -10, 276, 0, 240, 0
L 55, -13, 274, 55, -12, 275, 0, 240, 0
L 54, -15, 274, 55, -13, 274, 0, 240, 0
L 54, -16, 273, 54, -15, 274, 0, 240, 0
L 54, -18, 273, 54, -16, 273, 0, 240, 0
L 54, -20, 272, 54, -18, 273, 0, 240, 0
L 53, -22, 272, 54, -20, 272, 0, 240, 0
L 42, -38, 266, 53, -22, 272, 0, 240, 0
L 41, -40, 265, 42, -38, 266, 0, 240, 0
L 40, -41, 265, 41, -40, 265, 0, 240, 0
L 23, -52, 265, 40, -41, 265, 0, 240, 0
L 22, -53, 265, 23, -52, 265, 0, 240, 0
L 20, -53, 263, 22, -53, 265, 0, 240, 0
L 20, -55, 263, 20, -53, 263, 0, 240, 0
L 16, -55, 263, 20, -55, 263, 0, 240, 0
L 16, -54, 263, 16, -55, 263, 0, 240, 0
L 14, -52, 263, 16, -54, 263, 0, 240, 0
L 14, -49, 263, 14, -52, 263, 0, 240, 0
L 17, -48, 263, 14, -49, 263, 0, 240, 0
L 19, -49, 265, 17, -48, 263, 0, 240, 0
L -34, 1, 263, -32, 0, 263, 0, 240, 0
L -36, 1, 263, -34, 1, 263, 0, 240, 0
L -35, -1, 263, -36, 1, 263, 0, 240, 0
L -36, -3, 263, -35, -1, 263, 0, 240, 0
L -40, -3, 263, -36, -3, 263, 0, 240, 0
L -42, -2, 263, -40, -3, 263, 0, 240, 0
L -42, -0, 263, -42, -2, 263, 0, 240, 0
L -41, 2, 265, -42, -0, 263, 0, 240, 0
L 2, -41, 263, 13, -39, 263, 0, 240, 0
L 0, -41, 263, 2, -41, 263, 0, 240, 0
L -14, -38, 263, 0, -41, 263, 0, 240, 0
L -16, -38, 263, -14, -38, 263, 0, 240, 0
L -29, -29, 263, -16, -38, 263, 0, 240, 0
L -36, -19, 263, -29, -29, 263, 0, 240, 0
L -38, -18, 263, -36, -19, 263, 0, 240, 0
L -39, -16, 263, -38, -18, 263, 0, 240, 0
L -39, -12, 263, -39, -16, 263, 0, 240, 0
L -35, -11, 263, -39, -12, 263, 0, 240, 0
L -34, -11, 263, -35, -11, 263, 0, 240, 0
L -33, -13, 263, -34, -11, 263, 0, 240, 0
L -33, -15, 263, -33, -13, 263, 0, 240, 0
L -26, -26, 263, -33, -15, 263, 0, 240, 0
L -22, -29, 263, -26, -26, 263, 0, 240, 0
L -21, -23, 263, -22, -29, 263, 0, 240, 0
L -21, -22, 263, -21, -23, 263, 0, 240, 0
L -22, -20, 263, -21, -22, 263, 0, 240, 0
L -22, -18, 263, -22, -20, 263, 0, 240, 0
L -20, -17, 263, -22, -18, 263, 0, 240, 0
L -6, -17, 263, -20, -17, 263, 0, 240, 0
L -4, -17, 264, -6, -17, 263, 0, 240, 0
L -3, -17, 265, -4, -17, 264, 0, 240, 0
L -2, -15, 265, -3, -17, 265, 0, 240, 0
L -2, -14, 265, -2, -15, 265, 0, 240, 0
L -3, -12, 267, -2, -14, 265, 0, 240, 0
L -4, -11, 267, -3, -12, 267, 0, 0, 240
L -7, -9, 267, -4, -11, 267, 0, 0, 240
L -10, -8, 267, -7, -9, 267, 0, 0, 240
L -11, -6, 267, -10, -8, 267, 0, 0, 240
L -11, -2, 267, -11, -6, 267, 0, 0, 240
L -12, -0, 267, -11, -2, 267, 0, 0, 240
L -12, 2, 267, -12, -0, 267, 0, 0, 240
L -11, 5, 267, -12, 2, 267, 0, 0, 240
L -10, 7, 267, -11, 5, 267, 0, 0, 240
L -9, 8, 267, -10, 7, 267, 0, 0, 240
L -3, 11, 267, -9, 8, 267, 0, 0, 240
L -3, 13, 264, -3, 11, 267, 0, 240, 0
L -2, 16, 265, -3, 13, 264, 0, 240, 0
L -3, 17, 263, -2, 16, 265, 0, 240, 0
L -19, 17, 263, -3, 17, 263, 0, 240, 0
L -21, 18, 263, -19, 17, 263, 0, 240, 0
L -21, 29, 263, -21, 18, 263, 0, 240, 0
L -26, 26, 263, -21, 29, 263, 0, 240, 0
L -33, 16, 263, -26, 26, 263, 0, 240, 0
L -34, 14, 263, -33, 16, 263, 0, 240, 0
L -33, 12, 263, -34, 14, 263, 0, 240, 0
L -29, 12, 263, -33, 12, 263, 0, 240, 0
L -29, 10, 263, -29, 12, 263, 0, 240, 0
L -30, 6, 263, -29, 10, 263, 0, 240, 0
L -30, 2, 263, -30, 6, 263, 0, 240, 0
L -32, 0, 263, -30, 2, 263, 0, 240, 0
L -39, 9, 265, -41, 2, 265, 0, 240, 0
L -39, 11, 263, -39, 9, 265, 0, 240, 0
L -38, 15, 263, -39, 11, 263, 0, 240, 0
L -30, 28, 263, -38, 15, 263, 0, 240, 0
L -29, 29, 263, -30, 28, 263, 0, 240, 0
L -16, 38, 263, -29, 29, 263, 0, 240, 0
L -2, 41, 263, -16, 38, 263, 0, 240, 0
L -0, 41, 263, -2, 41, 263, 0, 240, 0
L 14, 38, 263, -0, 41, 263, 0, 240, 0
L 15, 38, 263, 14, 38, 263, 0, 240, 0
L 29, 29, 263, 15, 38, 263, 0, 240, 0
L 37, 17, 263, 29, 29, 263, 0, 240, 0
L 39, 17, 263, 37, 17, 263, 0, 240, 0
L 39, 13, 263, 39, 17, 263, 0, 240, 0
L 38, 12, 263, 39, 13, 263, 0, 240, 0
L 36, 11, 263, 38, 12, 263, 0, 240, 0
L 34, 11, 263, 36, 11, 263, 0, 240, 0
L 33, 13, 263, 34, 11, 263, 0, 240, 0
L 33, 15, 263, 33, 13, 263, 0, 240, 0
L 26, 26, 263, 33, 15, 263, 0, 240, 0
L 22, 29, 263, 26, 26, 263, 0, 240, 0
L 22, 19, 263, 22, 29, 263, 0, 240, 0
L 21, 18, 263, 22, 19, 263, 0, 240, 0
L 5, 18, 263, 21, 18, 263, 0, 240, 0
L 4, 18, 264, 5, 18, 263, 0, 240, 0
L 2, 17, 265, 4, 18, 264, 0, 240, 0
L 2, 15, 265, 2, 17, 265, 0, 240, 0
L 3, 13, 267, 2, 15, 265, 0, 240, 0
L 3, 11, 267, 3, 13, 267, 0, 240, 0
L 5, 11, 267, 3, 11, 267, 0, 0, 240
L 9, 7, 267, 5, 11, 267, 0, 0, 240
L 11, 3, 267, 9, 7, 267, 0, 0, 240
L 12, 2, 267, 11, 3, 267, 0, 0, 240
L 12, -2, 267, 12, 2, 267, 0, 0, 240
L 11, -6, 267, 12, -2, 267, 0, 0, 240
L 7, -9, 267, 11, -6, 267, 0, 0, 240
L 3, -10, 267, 7, -9, 267, 0, 0, 240
L 3, -12, 265, 3, -10, 267, 0, 240, 0
L 2, -14, 265, 3, -12, 265, 0, 240, 0
L 2, -16, 265, 2, -14, 265, 0, 240, 0
L 3, -17, 263, 2, -16, 265, 0, 240, 0
L 19, -17, 263, 3, -17, 263, 0, 240, 0
L 21, -18, 263, 19, -17, 263, 0, 240, 0
L 21, -27, 263, 21, -18, 263, 0, 240, 0
L 22, -29, 263, 21, -27, 263, 0, 240, 0
L 24, -28, 263, 22, -29, 263, 0, 240, 0
L 25, -26, 263, 24, -28, 263, 0, 240, 0
L 26, -26, 263, 25, -26, 263, 0, 240, 0
L 32, -16, 263, 26, -26, 263, 0, 240, 0
L 33, -15, 263, 32, -16, 263, 0, 240, 0
L 33, -13, 263, 33, -15, 263, 0, 240, 0
L 31, -13, 263, 33, -13, 263, 0, 240, 0
L 29, -12, 263, 31, -13, 263, 0, 240, 0
L 29, -10, 263, 29, -12, 263, 0, 240, 0
L 30, -6, 263, 29, -10, 263, 0, 240, 0
L 30, -4, 263, 30, -6, 263, 0, 240, 0
L 31, -2, 263, 30, -4, 263, 0, 240, 0
L 32, -1, 263, 31, -2, 263, 0, 240, 0
L 34, 0, 263, 32, -1, 263, 0, 240, 0
L 35, -0, 263, 34, 0, 263, 0, 240, 0
L 35, 1, 263, 35, -0, 263, 0, 240, 0
L 36, 3, 263, 35, 1, 263, 0, 240, 0
L 41, 3, 263, 36, 3, 263, 0, 240, 0
L 42, 2, 263, 41, 3, 263, 0, 240, 0
L 42, 0, 263, 42, 2, 263, 0, 240, 0
L 41, -1, 265, 42, 0, 263, 0, 240, 0
L 39, -9, 265, 41, -1, 265, 0, 240, 0
L 39, -11, 263, 39, -9, 265, 0, 240, 0
L 39, -13, 263, 39, -11, 263, 0, 240, 0
L 38, -16, 263, 39, -13, 263, 0, 240, 0
L 31, -26, 263, 38, -16, 263, 0, 240, 0
L 30, -29, 263, 31, -26, 263, 0, 240, 0
L 20, -35, 263, 30, -29, 263, 0, 240, 0
L 17, -38, 263, 20, -35, 263, 0, 240, 0
L 8, -40, 263, 17, -38, 263, 0, 240, 0
L -37, -37, 265, -38, -36, 265, 0, 240, 0
L -20, -49, 265, -37, -37, 265, 0, 240, 0
L -1, -53, 265, -20, -49, 265, 0, 240, 0
L 1, -52, 263, -1, -53, 265, 0, 240, 0
L 3, -51, 263, 1, -52, 263, 0, 240, 0
L 6, -51, 263, 3, -51, 263, 0, 240, 0
L 7, -56, 263, 6, -51, 263, 0, 240, 0
L 6, -57, 263, 7, -56, 263, 0, 240, 0
L 4, -58, 263, 6, -57, 263, 0, 240, 0
L 2, -57, 265, 4, -58, 263, 0, 240, 0
L -0, -58, 265, 2, -57, 265, 0, 240, 0
L -20, -53, 265, -0, -58, 265, 0, 240, 0
L -22, -53, 263, -20, -53, 265, 0, 240, 0
L -38, -42, 256, -22, -53, 263, 0, 240, 0
L -39, -42, 256, -38, -42, 256, 0, 240, 0
L -40, -41, 255, -39, -42, 256, 0, 240, 0
L -41, -39, 255, -40, -41, 255, 0, 240, 0
L -51, -25, 249, -41, -39, 255, 0, 240, 0
L -51, -24, 248, -51, -25, 249, 0, 240, 0
L -53, -23, 249, -51, -24, 248, 0, 240, 0
L -53, -21, 249, -53, -23, 249, 0, 240, 0
L -54, -16, 246, -53, -21, 249, 0, 240, 0
L -57, -3, 242, -54, -16, 246, 0, 240, 0
L -57, -0, 241, -57, -3, 242, 0, 240, 0
L -57, 1, 240, -57, -0, 241, 0, 240, 0
L -56, 5, 239, -57, 1, 240, 0, 240, 0
L -56, 8, 238, -56, 5, 239, 0, 240, 0
L -55, 9, 238, -56, 8, 238, 0, 240, 0
L -54, 18, 234, -55, 9, 238, 0, 240, 0
L -53, 20, 232, -54, 18, 234, 0, 240, 0
L -53, 22, 233, -53, 20, 232, 0, 240, 0
L -43, 37, 224, -53, 22, 233, 0, 240, 0
L -42, 39, 224, -43, 37, 224, 0, 240, 0
L -41, 40, 223, -42, 39, 224, 0, 240, 0
L -25, 51, 216, -41, 40, 223, 0, 240, 0
L -24, 52, 216, -25, 51, 216, 0, 240, 0
L -22, 53, 215, -24, 52, 216, 0, 240, 0
L -0, 57, 209, -22, 53, 215, 0, 240, 0
L 16, 54, 203, -0, 57, 209, 0, 240, 0
L 19, 54, 200, 16, 54, 203, 0, 240, 0
L 21, 54, 201, 19, 54, 200, 0, 240, 0
L 23, 53, 201, 21, 54, 201, 0, 240, 0
L 38, 42, 201, 23, 53, 201, 0, 240, 0
L 39, 41, 201, 38, 42, 201, 0, 240, 0
L 41, 40, 199, 39, 41, 201, 0, 240, 0
L 42, 39, 199, 41, 40, 199, 0, 240, 0
L 44, 36, 199, 42, 39, 199, 0, 240, 0
L 42, 33, 199, 44, 36, 199, 0, 240, 0
L 41, 32, 199, 42, 33, 199, 0, 240, 0
L 39, 33, 199, 41, 32, 199, 0, 240, 0
L 37, 35, 199, 39, 33, 199, 0, 240, 0
L 37, 37, 201, 37, 35, 199, 0, 240, 0
L 20, 49, 201, 37, 37, 201, 0, 240, 0
L 0, 53, 201, 20, 49, 201, 0, 240, 0
L -20, 49, 201, 0, 53, 201, 0, 240, 0
L -37, 37, 201, -20, 49, 201, 0, 240, 0
L -49, 20, 201, -37, 37, 201, 0, 240, 0
L -52, 4, 201, -49, 20, 201, 0, 240, 0
L -52, -2, 201, -52, 4, 201, 0, 240, 0
L -49, -20, 201, -52, -2, 201, 0, 240, 0
L -38, -37, 201, -49, -20, 201, 0, 240, 0
L -20, -49, 201, -38, -37, 201, 0, 240, 0
L -0, -53, 201, -20, -49, 201, 0, 240, 0
L 20, -49, 201, -0, -53, 201, 0, 240, 0
L 37, -37, 201, 20, -49, 201, 0, 240, 0
L 48, -21, 201, 37, -37, 201, 0, 240, 0
L 49, -19, 201, 48, -21, 201, 0, 240, 0
L 53, -1, 201, 49, -19, 201, 0, 240, 0
L 53, 0, 201, 53, -1, 201, 0, 240, 0
L 49, 20, 201, 53, 0, 201, 0, 240, 0
L 48, 21, 201, 49, 20, 201, 0, 240, 0
L 47, 22, 199, 48, 21, 201, 0, 240, 0
L 45, 23, 199, 47, 22, 199, 0, 240, 0
L 45, 25, 199, 45, 23, 199, 0, 240, 0
L 47, 26, 199, 45, 25, 199, 0, 240, 0
L 50, 28, 199, 47, 26, 199, 0, 240, 0
L 51, 26, 199, 50, 28, 199, 0, 240, 0
L 52, 25, 199, 51, 26, 199, 0, 240, 0
L 53, 23, 201, 52, 25, 199, 0, 240, 0
L 53, 21, 201, 53, 23, 201, 0, 240, 0
L 56, 5, 201, 53, 21, 201, 0, 240, 0
L -51, 18, 351, -51, 22, 351, 0, 240, 0
L -54, 5, 351, -51, 18, 351, 0, 240, 0
L -54, -7, 351, -54, 5, 351, 0, 240, 0
L -52, -17, 351, -54, -7, 351, 0, 240, 0
L -40, -36, 351, -52, -17, 351, 0, 240, 0
L 29, 12, 328, 31, 3, 328, 0, 240, 0
L 22, 22, 328, 29, 12, 328, 0, 240, 0
L 19, 24, 328, 22, 22, 328, 0, 240, 0
L -32, 14, 329, -40, 18, 333, 0, 240, 0
L -30, 14, 328, -32, 14, 329, 0, 240, 0
L -28, 14, 328, -30, 14, 328, 0, 240, 0
L -23, 21, 328, -28, 14, 328, 0, 240, 0
L -21, 23, 328, -23, 21, 328, 0, 240, 0
L -12, 29, 328, -21, 23, 328, 0, 240, 0
L -0, 31, 328, -12, 29, 328, 0, 240, 0
L 11, 29, 328, -0, 31, 328, 0, 240, 0
L 20, 24, 328, 11, 29, 328, 0, 240, 0
L 31, -0, 328, 31, 4, 328, 0, 240, 0
L 29, -6, 328, 31, -0, 328, 0, 240, 0
L 31, -10, 327, 29, -6, 328, 0, 240, 0
L 31, -11, 327, 31, -10, 327, 0, 240, 0
L 44, -17, 333, 31, -11, 327, 0, 240, 0
L 71, -28, 329, 44, -17, 333, 0, 240, 0
L 73, 30, 287, 72, 32, 288, 0, 240, 0
L 73, 28, 287, 73, 30, 287, 0, 240, 0
L -56, 56, 223, -56, 55, 224, 0, 240, 0
L -31, 73, 217, -56, 56, 223, 0, 240, 0
L -0, 79, 209, -31, 73, 217, 0, 240, 0
L 31, 73, 201, -0, 79, 209, 0, 240, 0
L 54, 57, 199, 31, 73, 201, 0, 240, 0
L 56, 56, 199, 54, 57, 199, 0, 240, 0
L 71, 33, 200, 56, 56, 199, 0, 240, 0
L 72, 32, 201, 71, 33, 200, 0, 240, 0
L 78, 5, 201, 73, 29, 201, 0, 240, 0
L 78, 3, 199, 78, 5, 201, 0, 240, 0
L 77, 1, 199, 78, 3, 199, 0, 240, 0
L 79, 0, 199, 77, 1, 199, 0, 240, 0
L 73, -30, 191, 79, 0, 199, 0, 240, 0
L 57, -54, 184, 73, -30, 191, 0, 240, 0
L 56, -55, 183, 57, -54, 184, 0, 240, 0
L 32, -72, 176, 56, -55, 183, 0, 240, 0
L 29, -73, 175, 32, -72, 176, 0, 240, 0
L 0, -79, 167, 30, -73, 175, 0, 240, 0
L -30, -73, 159, 0, -79, 167, 0, 240, 0
L -56, -56, 159, -30, -73, 159, 0, 240, 0
L -72, -31, 159, -56, -56, 159, 0, 240, 0
L -73, -30, 159, -72, -31, 159, 0, 240, 0
L -79, -1, 151, -73, -30, 159, 0, 240, 0
L -78, 1, 151, -79, -1, 151, 0, 240, 0
L -73, 28, 144, -78, 1, 151, 0, 240, 0
L -73, 30, 143, -73, 28, 144, 0, 240, 0
L -57, 54, 136, -73, 30, 143, 0, 240, 0
L -56, 56, 135, -57, 54, 136, 0, 240, 0
L -34, 70, 131, -56, 56, 135, 0, 240, 0
L -33, 70, 131, -34, 70, 131, 0, 240, 0
L -31, 69, 131, -33, 70, 131, 0, 240, 0
L -29, 70, 130, -31, 69, 131, 0, 240, 0
L -27, 71, 130, -29, 70, 130, 0, 240, 0
L -27, 72, 130, -27, 71, 130, 0, 240, 0
L -16, 73, 130, -27, 72, 130, 0, 240, 0
L -14, 72, 130, -16, 73, 130, 0, 240, 0
L -10, 72, 130, -14, 72, 130, 0, 240, 0
L -10, 99, 130, -10, 72, 130, 0, 240, 0
L 59, 118, 130, 50, 126, 130, 0, 240, 0
L 59, 116, 130, 59, 118, 130, 0, 240, 0
L 40, 100, 141, 36, 99, 141, 0, 240, 0
L 42, 101, 141, 40, 100, 141, 0, 240, 0
L 44, 102, 140, 42, 101, 141, 0, 240, 0
L 45, 106, 135, 44, 102, 140, 0, 240, 0
L 46, 107, 133, 45, 106, 135, 0, 240, 0
L 49, 110, 131, 46, 107, 133, 0, 240, 0
L 51, 111, 131, 49, 110, 131, 0, 240, 0
L 55, 114, 131, 51, 111, 131, 0, 240, 0
L 59, 116, 130, 55, 114, 131, 0, 240, 0
L 31, 96, 141, 37, 99, 141, 0, 240, 0
L 29, 95, 142, 31, 96, 141, 0, 240, 0
L 22, 94, 142, 29, 95, 142, 0, 240, 0
L 21, 93, 141, 22, 94, 142, 0, 240, 0
L 15, 94, 138, 21, 93, 141, 0, 240, 0
L 15, 96, 135, 15, 94, 138, 0, 240, 0
L 15, 97, 132, 15, 96, 135, 0, 240, 0
L 17, 99, 130, 15, 97, 132, 0, 240, 0
L 12, 100, 130, 17, 99, 130, 0, 240, 0
L 10, 100, 130, 12, 100, 130, 0, 240, 0
L 9, 74, 130, 10, 100, 130, 0, 240, 0
L 10, 73, 130, 9, 74, 130, 0, 240, 0
L 11, 71, 130, 10, 73, 130, 0, 240, 0
L 13, 72, 130, 11, 71, 130, 0, 240, 0
L 15, 72, 130, 13, 72, 130, 0, 240, 0
L 26, 73, 130, 15, 72, 130, 0, 240, 0
L 27, 71, 130, 26, 73, 130, 0, 240, 0
L 28, 70, 130, 27, 71, 130, 0, 240, 0
L 30, 69, 130, 28, 70, 130, 0, 240, 0
L 32, 69, 130, 30, 69, 130, 0, 240, 0
L 33, 71, 130, 32, 69, 130, 0, 240, 0
L 51, 59, 125, 33, 71, 130, 0, 240, 0
L 52, 57, 125, 51, 59, 125, 0, 240, 0
L 52, 55, 125, 52, 57, 125, 0, 240, 0
L 53, 54, 124, 52, 55, 125, 0, 240, 0
L 54, 52, 124, 53, 54, 124, 0, 240, 0
L 56, 52, 123, 54, 52, 124, 0, 240, 0
L 58, 53, 123, 56, 52, 123, 0, 240, 0
L 70, 35, 117, 58, 53, 123, 0, 240, 0
L 70, 33, 116, 70, 35, 117, 0, 240, 0
L 69, 31, 116, 70, 33, 116, 0, 240, 0
L 70, 30, 115, 69, 31, 116, 0, 240, 0
L 70, 28, 115, 70, 30, 115, 0, 240, 0
L 72, 26, 114, 70, 28, 115, 0, 240, 0
L 74, 26, 114, 72, 26, 114, 0, 240, 0
L 76, 12, 111, 74, 26, 114, 0, 240, 0
L 78, 4, 110, 76, 12, 111, 0, 240, 0
L 76, 3, 110, 78, 4, 110, 0, 240, 0
L -11, 100, 130, -10, 99, 131, 0, 240, 0
L -12, 89, 150, -11, 100, 130, 0, 240, 0
L -12, 89, 149, -11, 89, 151, 0, 240, 0
L -15, 90, 148, -12, 89, 149, 0, 240, 0
L -24, 93, 144, -15, 90, 148, 0, 240, 0
L -26, 94, 143, -24, 93, 144, 0, 240, 0
L -28, 95, 143, -26, 94, 143, 0, 240, 0
L -30, 95, 143, -28, 95, 143, 0, 240, 0
L -39, 99, 143, -30, 95, 143, 0, 240, 0
L -41, 100, 142, -39, 99, 143, 0, 240, 0
L -42, 101, 142, -41, 100, 142, 0, 240, 0
L -43, 101, 142, -42, 101, 142, 0, 240, 0
L -51, 106, 142, -43, 101, 142, 0, 240, 0
L -53, 107, 142, -51, 106, 142, 0, 240, 0
L -54, 108, 142, -53, 107, 142, 0, 240, 0
L -55, 109, 139, -54, 108, 142, 0, 240, 0
L -57, 116, 130, -55, 109, 139, 0, 240, 0
L -58, 117, 130, -57, 116, 130, 0, 240, 0
L -58, 119, 130, -58, 117, 130, 0, 240, 0
L -47, 129, 130, -58, 119, 130, 0, 240, 0
L -32, 137, 130, -47, 129, 130, 0, 240, 0
L -14, 141, 130, -32, 137, 130, 0, 240, 0
L 14, 141, 130, -14, 141, 130, 0, 240, 0
L 31, 137, 130, 14, 141, 130, 0, 240, 0
L 47, 129, 130, 31, 137, 130, 0, 240, 0
L 51, 125, 130, 47, 129, 130, 0, 240, 0
L 155, 117, -1, 156, 116, -1, 0, 0, 0
L 160, 112, -1, 155, 117, -1, 0, 0, 0
L 162, 114, -1, 160, 112, -1, 0, 0, 0
L 174, 126, -1, 161, 112, -1, 0, 0, 0
L 147, 125, -1, 155, 117, -1, 0, 0, 0
L 146, 127, -1, 147, 125, -1, 0, 0, 0
L 158, 139, -1, 146, 127, -1, 0, 0, 0
L 161, 143, -1, 158, 139, -1, 0, 0, 0
L 162, 145, -1, 161, 143, -1, 0, 0, 0
L 162, 148, -1, 162, 145, -1, 0, 0, 0
L 161, 153, -1, 162, 148, -1, 0, 0, 0
L 161, 155, -1, 161, 153, -1, 0, 0, 0
L 163, 156, -1, 161, 155, -1, 0, 0, 0
L 158, 155, -1, 163, 156, -1, 0, 0, 0
L 156, 155, -1, 158, 155, -1, 0, 0, 0
L 155, 157, -1, 156, 155, -1, 0, 0, 0
L 155, 160, -1, 155, 157, -1, 0, 0, 0
L 156, 162, -1, 155, 160, -1, 0, 0, 0
L 154, 161, -1, 156, 162, -1, 0, 0, 0
L 148, 162, -1, 154, 161, -1, 0, 0, 0
L 143, 162, -1, 148, 162, -1, 0, 0, 0
L 139, 159, -1, 143, 162, -1, 0, 0, 0
L 128, 147, -1, 139, 159, -1, 0, 0, 0
L 126, 146, -1, 128, 147, -1, 0, 0, 0
L 113, 159, -1, 126, 146, -1, 0, 0, 0
L 112, 161, -1, 113, 159, -1, 0, 0, 0
L 135, 183, -1, 112, 161, -1, 0, 0, 0
L 173, 192, -1, 176, 190, -1, 0, 0, 0
L 160, 194, -1, 173, 192, -1, 0, 0, 0
L 158, 194, -1, 160, 194, -1, 0, 0, 0
L 147, 192, -1, 158, 194, -1, 0, 0, 0
L 136, 185, -1, 147, 192, -1, 0, 0, 0
L 133, 182, -1, 136, 185, -1, 0, 0, 0
L 159, 194, -1, 147, 192, -1, 0, 0, 0
L 170, 193, -1, 159, 194, -1, 0, 0, 0
L 171, 192, -1, 170, 193, -1, 0, 0, 0
L 173, 192, -1, 171, 192, -1, 0, 0, 0
L 177, 189, -1, 173, 192, -1, 0, 0, 0
L 178, 189, -1, 177, 189, -1, 0, 0, 0
L 180, 187, -1, 178, 189, -1, 0, 0, 0
L 182, 188, -1, 180, 187, -1, 0, 0, 0
L 187, 183, -1, 182, 188, -1, 0, 0, 0
L 188, 181, -1, 187, 183, -1, 0, 0, 0
L 187, 179, -1, 188, 181, -1, 0, 0, 0
L 191, 174, -1, 187, 179, -1, 0, 0, 0
L 192, 173, -1, 191, 174, -1, 0, 0, 0
L 194, 162, -1, 192, 173, -1, 0, 0, 0
L 194, 160, -1, 194, 162, -1, 0, 0, 0
L 192, 147, -1, 194, 160, -1, 0, 0, 0
L 184, 136, -1, 192, 147, -1, 0, 0, 0
L 173, 124, -1, 184, 136, -1, 0, 0, 0
L -113, -112, -1, -114, -111, -1, 0, 0, 240
L -112, -114, -3, -113, -112, -1, 0, 0, 240
L -110, -115, -2, -112, -114, -3, 0, 0, 240
L -109, -116, -1, -110, -115, -2, 0, 0, 240
L -106, -118, -1, -109, -116, -1, 0, 0, 240
L -89, -132, -1, -106, -118, -1, 0, 0, 240
L -81, -137, -1, -89, -132, -1, 0, 0, 240
L -80, -138, -1, -81, -137, -1, 0, 0, 240
L -72, -142, -1, -80, -138, -1, 0, 0, 240
L -43, -154, -1, -72, -142, -1, 0, 0, 240
L -42, -154, -1, -43, -154, -1, 0, 0, 240
L -41, -150, -1, -42, -154, -1, 0, 0, 240
L -40, -148, -2, -41, -150, -1, 0, 0, 240
L -24, -150, -2, -40, -148, -2, 0, 0, 240
L -5, -153, -2, -24, -150, -2, 0, 0, 240
L -0, -153, -2, -5, -153, -2, 0, 0, 240
L 10, -152, -2, -0, -153, -2, 0, 0, 240
L 28, -149, -2, 10, -152, -2, 0, 0, 240
L 38, -148, -2, 28, -149, -2, 0, 0, 240
L 40, -148, -1, 38, -148, -2, 0, 0, 240
L 41, -151, -1, 40, -148, -1, 0, 0, 240
L 41, -154, -1, 41, -151, -1, 0, 0, 240
L 49, -152, -1, 41, -154, -1, 0, 0, 240
L 77, -140, -1, 49, -152, -1, 0, 0, 240
L 81, -138, -1, 77, -140, -1, 0, 0, 240
L 88, -132, -2, 81, -138, -1, 0, 0, 240
L 102, -121, -1, 88, -132, -2, 0, 0, 240
L 111, -115, -0, 102, -121, -1, 0, 0, 240
L 115, -111, -1, 111, -115, -0, 0, 0, 240
L 116, -110, -1, 115, -111, -1, 0, 0, 240
L 120, -104, -1, 116, -110, -1, 0, 0, 240
L 127, -95, -1, 120, -104, -1, 0, 0, 240
L 137, -81, -1, 127, -95, -1, 0, 0, 240
L 138, -80, -1, 137, -81, -1, 0, 0, 240
L 145, -66, -1, 138, -80, -1, 0, 0, 240
L 152, -48, -1, 145, -66, -1, 0, 0, 240
L 152, -47, -1, 152, -48, -1, 0, 0, 240
L 153, -44, -2, 152, -47, -1, 0, 0, 240
L 154, -42, -2, 153, -44, -2, 0, 0, 240
L 154, -37, -1, 154, -42, -2, 0, 0, 240
L 155, -34, -1, 154, -37, -1, 0, 0, 240
L 158, -16, -1, 155, -34, -1, 0, 0, 240
L 150, -15, -1, 158, -16, -1, 0, 0, 240
L 149, -15, -1, 150, -15, -1, 0, 0, 240
L 148, -17, -4, 149, -15, -1, 0, 0, 240
L 147, -18, -3, 148, -17, -4, 0, 0, 240
L 139, -23, -1, 147, -18, -3, 0, 0, 240
L 138, -24, -2, 139, -23, -1, 0, 0, 240
L 136, -25, -2, 138, -24, -2, 0, 0, 240
L 134, -25, -1, 136, -25, -2, 0, 0, 240
L 132, -25, -1, 134, -25, -1, 0, 0, 240
L 126, -26, -1, 132, -25, -1, 0, 0, 240
L 124, -26, -1, 126, -26, -1, 0, 0, 240
L 122, -25, -1, 124, -26, -1, 0, 0, 240
L 119, -24, -1, 122, -25, -1, 0, 0, 240
L 117, -24, -1, 119, -24, -1, 0, 0, 240
L 116, -23, -1, 117, -24, -1, 0, 0, 240
L 107, -16, -4, 116, -23, -1, 0, 0, 240
L 106, -14, -4, 107, -16, -4, 0, 0, 240
L 105, -12, -3, 106, -14, -4, 0, 0, 240
L 104, -11, -3, 105, -12, -3, 0, 0, 240
L 103, -8, -2, 104, -11, -3, 0, 0, 240
L 103, -5, -1, 103, -8, -2, 0, 0, 240
L 102, -4, -1, 103, -5, -1, 0, 0, 240
L 102, 0, -1, 102, -4, -1, 0, 0, 240
L 103, 7, -1, 102, 0, -1, 0, 0, 240
L 103, 8, -1, 103, 7, -1, 0, 0, 240
L 105, 12, -1, 103, 8, -1, 0, 0, 240
L 108, 16, -1, 105, 12, -1, 0, 0, 240
L 109, 18, -1, 108, 16, -1, 0, 0, 240
L 110, 19, -3, 109, 18, -1, 0, 0, 240
L 112, 21, -3, 110, 19, -3, 0, 0, 240
L 116, 23, -1, 112, 21, -3, 0, 0, 240
L 117, 24, -1, 116, 23, -1, 0, 0, 240
L 119, 24, -1, 117, 24, -1, 0, 0, 240
L 121, 25, -1, 119, 24, -1, 0, 0, 240
L 126, 26, -1, 121, 25, -1, 0, 0, 240
L 128, 26, -3, 126, 26, -1, 0, 0, 240
L 133, 25, -1, 128, 26, -3, 0, 0, 240
L 136, 25, -1, 133, 25, -1, 0, 0, 240
L 138, 24, -1, 136, 25, -1, 0, 0, 240
L 142, 21, -1, 138, 24, -1, 0, 0, 240
L 143, 19, -0, 142, 21, -1, 0, 0, 240
L 145, 18, -1, 143, 19, -0, 0, 0, 240
L 147, 16, -1, 145, 18, -1, 0, 0, 240
L 158, 15, -1, 147, 16, -1, 0, 0, 240
L 158, 20, -1, 158, 15, -1, 0, 0, 240
L 157, 33, -1, 158, 20, -1, 0, 0, 240
L 156, 38, -1, 157, 33, -1, 0, 0, 240
L 152, 50, -1, 156, 38, -1, 0, 0, 240
L 141, 76, -1, 152, 50, -1, 0, 0, 240
L 138, 80, -1, 141, 76, -1, 0, 0, 240
L 135, 86, -1, 138, 80, -1, 0, 0, 240
L 131, 92, -1, 135, 86, -1, 0, 0, 240
L 107, 119, -1, 131, 92, -1, 0, 0, 240
L 101, 125, -1, 107, 119, -1, 0, 0, 240
L 94, 131, -1, 101, 125, -1, 0, 0, 240
L 89, 134, -1, 94, 131, -1, 0, 0, 240
L 80, 140, -1, 89, 134, -1, 0, 0, 240
L 71, 144, -1, 80, 140, -1, 0, 0, 240
L 41, 156, -1, 71, 144, -1, 0, 0, 240
L 40, 156, -1, 41, 156, -1, 0, 0, 240
L 41, 154, -1, 40, 156, -1, 0, 0, 240
L 42, 153, -4, 41, 154, -1, 0, 0, 240
L 42, 149, -2, 42, 153, -4, 0, 0, 240
L 42, 148, -2, 42, 149, -2, 0, 0, 240
L 24, 150, -2, 42, 148, -2, 0, 0, 240
L 3, 153, -2, 24, 150, -2, 0, 0, 240
L -2, 153, -2, 3, 153, -2, 0, 0, 240
L -23, 151, -2, -2, 153, -2, 0, 0, 240
L -28, 150, -2, -23, 151, -2, 0, 0, 240
L -38, 147, -2, -28, 150, -2, 0, 0, 240
L -39, 147, -1, -38, 147, -2, 0, 0, 240
L -40, 150, -1, -39, 147, -1, 0, 0, 240
L -41, 155, -1, -40, 150, -1, 0, 0, 240
L -48, 152, -1, -41, 155, -1, 0, 0, 240
L -58, 149, -1, -48, 152, -1, 0, 0, 240
L -76, 140, -1, -58, 149, -1, 0, 0, 240
L -85, 135, -1, -76, 140, -1, 0, 0, 240
L -94, 129, -1, -85, 135, -1, 0, 0, 240
L -107, 118, -1, -94, 129, -1, 0, 0, 240
L -109, 116, -1, -107, 118, -1, 0, 0, 240
L -112, 114, -2, -109, 116, -1, 0, 0, 240
L -118, 106, -1, -112, 114, -2, 0, 0, 240
L -127, 96, -1, -118, 106, -1, 0, 0, 240
L -132, 90, -1, -127, 96, -1, 0, 0, 240
L -137, 83, -1, -132, 90, -1, 0, 0, 240
L -141, 75, -1, -137, 83, -1, 0, 0, 240
L -148, 60, -1, -141, 75, -1, 0, 0, 240
L -154, 42, -1, -148, 60, -1, 0, 0, 240
L -155, 41, -1, -154, 42, -1, 0, 0, 240
L -155, 39, -1, -155, 41, -1, 0, 0, 240
L -157, 32, -1, -155, 39, -1, 0, 0, 240
L -158, 18, -1, -157, 32, -1, 0, 0, 240
L -158, 16, -1, -158, 18, -1, 0, 0, 240
L -154, 15, -1, -158, 16, -1, 0, 0, 240
L -149, 16, -1, -154, 15, -1, 0, 0, 240
L -148, 16, -1, -149, 16, -1, 0, 0, 240
L -146, 19, -1, -148, 16, -1, 0, 0, 240
L -140, 23, -1, -146, 19, -3, 0, 0, 240
L -138, 24, -1, -140, 23, -1, 0, 0, 240
L -135, 25, -2, -138, 24, -1, 0, 0, 240
L -133, 26, -2, -135, 25, -2, 0, 0, 240
L -129, 26, -1, -133, 26, -2, 0, 0, 240
L -126, 26, -2, -129, 26, -1, 0, 0, 240
L -124, 26, -1, -126, 26, -2, 0, 0, 240
L -121, 25, -1, -124, 26, -1, 0, 0, 240
L -120, 24, -1, -121, 25, -1, 0, 0, 240
L -115, 22, -1, -120, 24, -1, 0, 0, 240
L -114, 22, -2, -115, 22, -1, 0, 0, 240
L -112, 20, -1, -114, 22, -2, 0, 0, 240
L -111, 19, -1, -112, 20, -1, 0, 0, 240
L -109, 18, -3, -111, 19, -1, 0, 0, 240
L -108, 17, -2, -109, 18, -3, 0, 0, 240
L -105, 14, -2, -108, 17, -2, 0, 0, 240
L -105, 12, -1, -105, 14, -2, 0, 0, 240
L -104, 11, -1, -105, 12, -1, 0, 0, 240
L -104, 9, -1, -104, 11, -1, 0, 0, 240
L -103, 7, -2, -104, 9, -1, 0, 0, 240
L -103, 5, -1, -103, 7, -2, 0, 0, 240
L -102, 4, -1, -103, 5, -1, 0, 0, 240
L -102, -2, -2, -102, 4, -1, 0, 0, 240
L -102, -4, -1, -102, -2, -2, 0, 0, 240
L -103, -6, -1, -102, -4, -1, 0, 0, 240
L -104, -9, -1, -103, -6, -1, 0, 0, 240
L -105, -11, -1, -104, -9, -1, 0, 0, 240
L -107, -14, -1, -105, -11, -1, 0, 0, 240
L -107, -16, -3, -107, -14, -1, 0, 0, 240
L -110, -19, -3, -107, -16, -3, 0, 0, 240
L -113, -22, -2, -110, -19, -3, 0, 0, 240
L -118, -24, -1, -113, -22, -2, 0, 0, 240
L -119, -24, -1, -118, -24, -1, 0, 0, 240
L -122, -25, -1, -119, -24, -1, 0, 0, 240
L -124, -26, -1, -122, -25, -1, 0, 0, 240
L -134, -25, -1, -124, -26, -1, 0, 0, 240
L -137, -25, -1, -134, -25, -1, 0, 0, 240
L -146, -16, -1, -137, -25, -1, 0, 0, 240
L -158, -16, -1, -146, -16, -1, 0, 0, 240
L -158, -18, -1, -158, -16, -1, 0, 0, 240
L -156, -33, -1, -158, -18, -1, 0, 0, 240
L -155, -37, -1, -156, -33, -1, 0, 0, 240
L -155, -39, -0, -155, -37, -1, 0, 0, 240
L -152, -47, -1, -155, -39, -0, 0, 0, 240
L -143, -70, -1, -152, -47, -1, 0, 0, 240
L -141, -76, -1, -143, -70, -1, 0, 0, 240
L -124, -100, -1, -141, -76, -1, 0, 0, 240
L -114, -112, -1, -124, -100, -1, 0, 0, 240
L -113, -162, -1, -127, -175, -1, 0, 0, 0
L -112, -160, -1, -113, -162, -1, 0, 0, 0
L -125, -147, -1, -112, -160, -1, 0, 0, 0
L -127, -146, -1, -125, -147, -1, 0, 0, 0
L -138, -158, -1, -127, -146, -1, 0, 0, 0
L -143, -161, -1, -138, -158, -1, 0, 0, 0
L -144, -162, -1, -143, -161, -1, 0, 0, 0
L -146, -162, -1, -144, -162, -1, 0, 0, 0
L -154, -161, -1, -146, -162, -1, 0, 0, 0
L -156, -162, -1, -154, -161, -1, 0, 0, 0
L -155, -159, -1, -156, -162, -1, 0, 0, 0
L -155, -157, -1, -155, -159, -1, 0, 0, 0
L -156, -155, -1, -155, -157, -1, 0, 0, 0
L -162, -155, -1, -156, -155, -1, 0, 0, 0
L -161, -154, -1, -162, -155, -1, 0, 0, 0
L -162, -149, -1, -161, -154, -1, 0, 0, 0
L -162, -148, -1, -162, -149, -1, 0, 0, 0
L -161, -143, -1, -162, -148, -1, 0, 0, 0
L -158, -139, -1, -161, -143, -1, 0, 0, 0
L -147, -128, -1, -158, -139, -1, 0, 0, 0
L -146, -126, -1, -147, -128, -1, 0, 0, 0
L -158, -114, -1, -146, -126, -1, 0, 0, 0
L -160, -112, -1, -161, -113, -1, 0, 0, 0
L -157, -115, -1, -160, -112, -1, 0, 0, 0
L -171, -122, -1, -161, -112, -1, 0, 0, 0
L -192, -173, -1, -191, -175, -1, 0, 0, 0
L -194, -158, -1, -192, -173, -1, 0, 0, 0
L -192, -148, -1, -194, -158, -1, 0, 0, 0
L -191, -146, -1, -192, -148, -1, 0, 0, 0
L -184, -136, -1, -191, -146, -1, 0, 0, 0
L -169, -121, -1, -184, -136, -1, 0, 0, 0
L -191, -175, -1, -192, -174, -1, 0, 0, 0
L -187, -179, -1, -187, -180, -1, 0, 0, 0
L -191, -174, -1, -187, -179, -1, 0, 0, 0
L -188, -182, -1, -187, -180, -1, 0, 0, 0
L -183, -187, -1, -188, -182, -1, 0, 0, 0
L -181, -188, -1, -183, -187, -1, 0, 0, 0
L -179, -187, -1, -181, -188, -1, 0, 0, 0
L -173, -192, -1, -179, -187, -1, 0, 0, 0
L -160, -195, -1, -173, -192, -1, 0, 0, 0
L -147, -192, -1, -160, -195, -1, 0, 0, 0
L -146, -191, -1, -147, -192, -1, 0, 0, 0
L -136, -185, -1, -146, -191, -1, 0, 0, 0
L -124, -172, -1, -136, -185, -1, 0, 0, 0
L 112, -159, -1, 113, -162, -1, 0, 0, 0
L 114, -158, -1, 112, -159, -1, 0, 0, 0
L 125, -147, -1, 112, -160, -1, 0, 0, 0
L 127, -146, -1, 125, -147, -1, 0, 0, 0
L 139, -158, -1, 127, -146, -1, 0, 0, 0
L 143, -161, -1, 139, -158, -1, 0, 0, 0
L 148, -162, -1, 143, -161, -1, 0, 0, 0
L 154, -161, -1, 148, -162, -1, 0, 0, 0
L 156, -162, -1, 154, -161, -1, 0, 0, 0
L 155, -159, -1, 156, -162, -1, 0, 0, 0
L 155, -157, -1, 155, -159, -1, 0, 0, 0
L 156, -155, -1, 155, -157, -1, 0, 0, 0
L 162, -155, -1, 156, -155, -1, 0, 0, 0
L 161, -154, -1, 162, -155, -1, 0, 0, 0
L 162, -148, -1, 161, -154, -1, 0, 0, 0
L 162, -143, -1, 162, -148, -1, 0, 0, 0
L 159, -140, -1, 162, -143, -1, 0, 0, 0
L 152, -132, -1, 159, -140, -1, 0, 0, 0
L 146, -126, -1, 152, -132, -1, 0, 0, 0
L 159, -113, -1, 146, -126, -1, 0, 0, 0
L 161, -112, -1, 159, -113, -1, 0, 0, 0
L 165, -116, -1, 161, -112, -1, 0, 0, 0
L 135, -183, -1, 113, -161, -1, 0, 0, 0
L 142, -188, -1, 135, -183, -1, 0, 0, 0
L 174, -192, -1, 175, -191, -1, 0, 0, 0
L 160, -194, -1, 174, -192, -1, 0, 0, 0
L 148, -192, -1, 160, -194, -1, 0, 0, 0
L 140, -187, -1, 148, -192, -1, 0, 0, 0
L 178, -188, -1, 174, -192, -1, 0, 0, 0
L 180, -187, -1, 178, -188, -1, 0, 0, 0
L 182, -188, -1, 180, -187, -1, 0, 0, 0
L 187, -183, -1, 182, -188, -1, 0, 0, 0
L 188, -181, -1, 187, -183, -1, 0, 0, 0
L 187, -179, -1, 188, -181, -1, 0, 0, 0
L 192, -173, -1, 187, -179, -1, 0, 0, 0
L 194, -164, -1, 192, -173, -1, 0, 0, 0
L 194, -158, -1, 194, -164, -1, 0, 0, 0
L 192, -148, -1, 194, -158, -1, 0, 0, 0
L 191, -146, -1, 192, -148, -1, 0, 0, 0
L 185, -136, -1, 191, -146, -1, 0, 0, 0
L 164, -115, -1, 185, -136, -1, 0, 0, 0
L 186, -50, 1, 191, -17, 1, 0, 0, 0
L 167, -94, 1, 186, -50, 1, 0, 0, 0
L 167, -96, 1, 167, -94, 1, 0, 0, 0
L 195, -125, 1, 167, -96, 1, 0, 0, 0
L 206, -141, 1, 195, -125, 1, 0, 0, 0
L 210, -160, 1, 206, -141, 1, 0, 0, 0
L 206, -179, 1, 210, -160, 1, 0, 0, 0
L 195, -195, 1, 206, -179, 1, 0, 0, 0
L 180, -205, 1, 195, -195, 1, 0, 0, 0
L 170, -208, 1, 180, -205, 1, 0, 0, 0
L 160, -210, 1, 170, -208, 1, 0, 0, 0
L 141, -206, 1, 160, -210, 1, 0, 0, 0
L 124, -196, 1, 141, -206, 1, 0, 0, 0
L 98, -168, 1, 124, -196, 1, 0, 0, 0
L 96, -167, 1, 98, -168, 1, 0, 0, 0
L 52, -186, 1, 96, -167, 1, 0, 0, 0
L 50, -187, 1, 52, -186, 1, 0, 0, 0
L 49, -198, 1, 50, -187, 1, 0, 0, 0
L 43, -211, 1, 49, -198, 1, 0, 0, 0
L 31, -221, 1, 43, -211, 1, 0, 0, 0
L 17, -225, 1, 31, -221, 1, 0, 0, 0
L 17, -292, 1, 17, -225, 1, 0, 0, 0
L 33, -303, 1, 17, -292, 1, 0, 0, 0
L 42, -316, 1, 33, -303, 1, 0, 0, 0
L 43, -318, 1, 42, -316, 1, 0, 0, 0
L 43, -320, 1, 43, -318, 1, 0, 0, 0
L 46, -335, 1, 43, -320, 1, 0, 0, 0
L 47, -337, 1, 46, -335, 1, 0, 0, 0
L 43, -354, 1, 47, -337, 1, 0, 0, 0
L 33, -369, 1, 43, -354, 1, 0, 0, 0
L 19, -378, 1, 33, -369, 1, 0, 0, 0
L 10, -381, 1, 19, -378, 1, 0, 0, 0
L 0, -383, 1, 10, -381, 1, 0, 0, 0
L -18, -379, 1, 0, -383, 1, 0, 0, 0
L -33, -369, 1, -18, -379, 1, 0, 0, 0
L -43, -354, 1, -33, -369, 1, 0, 0, 0
L -45, -353, 1, -43, -354, 1, 0, 0, 0
L -121, -353, 40, -45, -353, 1, 0, 0, 0
L -131, -353, 46, -121, -353, 40, 0, 0, 0
L -133, -353, 47, -131, -353, 46, 0, 0, 0
L -135, -353, 47, -133, -353, 47, 0, 0, 0
L -135, -375, 56, -135, -353, 47, 0, 0, 0
L -135, -377, 58, -135, -375, 56, 0, 0, 0
L -137, -379, 58, -135, -377, 58, 0, 0, 0
L -137, -404, 67, -137, -379, 58, 0, 0, 0
L -137, -406, 67, -137, -404, 67, 0, 0, 0
L -139, -407, 67, -137, -406, 67, 0, 0, 0
L -141, -407, 67, -139, -407, 67, 0, 0, 0
L -143, -405, 67, -141, -407, 67, 0, 0, 0
L -147, -405, 67, -143, -405, 67, 0, 0, 0
L -157, -406, 67, -147, -405, 67, 0, 0, 0
L -158, -405, 67, -157, -406, 67, 0, 0, 0
L -160, -405, 67, -158, -405, 67, 0, 0, 0
L -161, -407, 67, -160, -405, 67, 0, 0, 0
L -167, -407, 67, -161, -407, 67, 0, 0, 0
L -169, -377, 58, -169, -350, 47, 0, 0, 0
L -167, -379, 58, -169, -377, 58, 0, 0, 0
L -167, -407, 67, -167, -379, 58, 0, 0, 0
L -169, -319, 47, -169, -351, 47, 0, 0, 0
L -48, -319, 1, -169, -319, 47, 0, 0, 0
L -44, -319, 1, -48, -319, 1, 0, 0, 0
L -33, -303, 1, -44, -319, 1, 0, 0, 0
L -17, -292, 1, -33, -303, 1, 0, 0, 0
L -17, -226, 1, -17, -292, 1, 0, 0, 0
L -18, -225, 1, -17, -226, 1, 0, 0, 0
L -31, -221, 1, -17, -225, 1, 0, 0, 0
L -43, -211, 1, -31, -221, 1, 0, 0, 0
L -49, -198, 1, -43, -211, 1, 0, 0, 0
L -50, -188, 1, -49, -198, 1, 0, 0, 0
L -51, -186, 1, -50, -188, 1, 0, 0, 0
L -95, -167, 1, -51, -186, 1, 0, 0, 0
L -96, -167, 1, -95, -167, 1, 0, 0, 0
L -124, -196, 1, -96, -167, 1, 0, 0, 0
L -140, -206, 1, -124, -196, 1, 0, 0, 0
L -160, -210, 1, -140, -206, 1, 0, 0, 0
L -179, -206, 1, -160, -210, 1, 0, 0, 0
L -195, -195, 1, -179, -206, 1, 0, 0, 0
L -206, -179, 1, -195, -195, 1, 0, 0, 0
L -209, -163, 1, -206, -179, 1, 0, 0, 0
L -210, -159, 1, -209, -163, 1, 0, 0, 0
L -206, -141, 1, -210, -159, 1, 0, 0, 0
L -195, -125, 1, -206, -141, 1, 0, 0, 0
L -167, -96, 1, -195, -125, 1, 0, 0, 0
L -186, -51, 1, -167, -96, 1, 0, 0, 0
L -186, -49, 1, -186, -51, 1, 0, 0, 0
L -192, -4, 1, -186, -49, 1, 0, 0, 0
L -193, 1, 1, -192, -4, 1, 0, 0, 0
L -186, 50, 1, -193, 1, 1, 0, 0, 0
L -167, 95, 1, -186, 50, 1, 0, 0, 0
L -167, 96, 1, -167, 95, 1, 0, 0, 0
L -195, 125, 1, -167, 96, 1, 0, 0, 0
L -206, 140, 1, -195, 125, 1, 0, 0, 0
L -206, 142, 1, -206, 140, 1, 0, 0, 0
L -209, 157, 1, -206, 142, 1, 0, 0, 0
L -210, 160, 1, -209, 157, 1, 0, 0, 0
L -206, 179, 1, -210, 160, 1, 0, 0, 0
L -195, 195, 1, -206, 179, 1, 0, 0, 0
L -180, 205, 1, -195, 195, 1, 0, 0, 0
L -170, 208, 1, -180, 205, 1, 0, 0, 0
L -160, 210, 1, -170, 208, 1, 0, 0, 0
L -141, 206, 1, -160, 210, 1, 0, 0, 0
L -124, 196, 1, -141, 206, 1, 0, 0, 0
L -98, 168, 1, -124, 196, 1, 0, 0, 0
L -96, 167, 1, -98, 168, 1, 0, 0, 0
L -52, 186, 1, -96, 167, 1, 0, 0, 0
L -50, 187, 1, -52, 186, 1, 0, 0, 0
L -49, 198, 1, -50, 187, 1, 0, 0, 0
L -43, 211, 1, -49, 198, 1, 0, 0, 0
L -32, 220, 1, -43, 211, 1, 0, 0, 0
L -30, 221, 1, -32, 220, 1, 0, 0, 0
L -19, 224, 1, -30, 221, 1, 0, 0, 0
L -17, 225, 1, -19, 224, 1, 0, 0, 0
L -17, 292, 1, -17, 225, 1, 0, 0, 0
L -33, 303, 1, -17, 292, 1, 0, 0, 0
L -42, 317, 1, -33, 303, 1, 0, 0, 0
L -43, 319, 1, -42, 317, 1, 0, 0, 0
L -47, 335, 1, -43, 319, 1, 0, 0, 0
L -46, 337, 1, -47, 335, 1, 0, 0, 0
L -43, 354, 1, -46, 337, 1, 0, 0, 0
L -33, 369, 1, -43, 354, 1, 0, 0, 0
L -19, 379, 1, -33, 369, 1, 0, 0, 0
L -0, 383, 1, -19, 379, 1, 0, 0, 0
L 18, 379, 1, -0, 383, 1, 0, 0, 0
L 33, 369, 1, 18, 379, 1, 0, 0, 0
L 44, 354, 1, 33, 369, 1, 0, 0, 0
L 45, 353, 1, 44, 354, 1, 0, 0, 0
L 133, 353, 47, 45, 353, 1, 0, 0, 0
L 135, 353, 47, 133, 353, 47, 0, 0, 0
L 135, 359, 50, 135, 353, 47, 0, 0, 0
L 130, 353, 46, 88, 353, 21, 0, 0, 0
L 132, 353, 47, 130, 353, 46, 0, 0, 0
L 135, 376, 57, 135, 353, 47, 0, 0, 0
L 136, 378, 58, 135, 376, 57, 0, 0, 0
L 137, 379, 58, 136, 378, 58, 0, 0, 0
L 137, 404, 67, 137, 379, 58, 0, 0, 0
L 137, 406, 67, 137, 404, 67, 0, 0, 0
L 139, 407, 67, 137, 406, 67, 0, 0, 0
L 140, 407, 67, 139, 407, 67, 0, 0, 0
L 142, 406, 67, 140, 407, 67, 0, 0, 0
L 143, 405, 67, 142, 406, 67, 0, 0, 0
L 145, 405, 67, 143, 405, 67, 0, 0, 0
L 147, 406, 67, 145, 405, 67, 0, 0, 0
L 155, 406, 67, 147, 406, 67, 0, 0, 0
L 157, 405, 67, 155, 406, 67, 0, 0, 0
L 160, 405, 67, 157, 405, 67, 0, 0, 0
L 190, -21, 1, 193, 0, 1, 0, 0, 0
L 193, 0, 1, 186, 50, 1, 0, 0, 0
L 186, 50, 1, 167, 96, 1, 0, 0, 0
L 167, 96, 1, 168, 98, 1, 0, 0, 0
L 168, 98, 1, 195, 125, 1, 0, 0, 0
L 195, 125, 1, 206, 141, 1, 0, 0, 0
L 206, 141, 1, 210, 159, 1, 0, 0, 0
L 210, 159, 1, 209, 163, 1, 0, 0, 0
L 209, 163, 1, 206, 179, 1, 0, 0, 0
L 206, 179, 1, 195, 195, 1, 0, 0, 0
L 195, 195, 1, 179, 206, 1, 0, 0, 0
L 179, 206, 1, 160, 210, 1, 0, 0, 0
L 160, 210, 1, 141, 206, 1, 0, 0, 0
L 141, 206, 1, 124, 196, 1, 0, 0, 0
L 124, 196, 1, 96, 167, 1, 0, 0, 0
L 96, 167, 1, 95, 167, 1, 0, 0, 0
L 95, 167, 1, 51, 186, 1, 0, 0, 0
L 51, 186, 1, 50, 188, 1, 0, 0, 0
L 50, 188, 1, 49, 198, 1, 0, 0, 0
L 49, 198, 1, 43, 211, 1, 0, 0, 0
L 43, 211, 1, 31, 221, 1, 0, 0, 0
L 31, 221, 1, 17, 225, 1, 0, 0, 0
L 20, 224, 1, 17, 225, 1, 0, 0, 0
L 17, 225, 1, 17, 292, 1, 0, 0, 0
L 17, 292, 1, 19, 293, 1, 0, 0, 0
L 19, 293, 1, 21, 295, 1, 0, 0, 0
L 21, 295, 1, 33, 303, 1, 0, 0, 0
L 33, 303, 1, 44, 319, 1, 0, 0, 0
L 44, 319, 1, 46, 320, 1, 0, 0, 0
L 46, 320, 1, 49, 319, 1, 0, 0, 0
L 49, 319, 1, 51, 319, 1, 0, 0, 0
L 51, 319, 1, 169, 319, 47, 0, 0, 0
L 169, 319, 47, 169, 321, 47, 0, 0, 0
L 169, 321, 47, 169, 361, 50, 0, 0, 0
L 167, 407, 67, 167, 378, 58, 0, 0, 0
L 167, 378, 58, 169, 377, 57, 0, 0, 0
L 169, 377, 57, 169, 359, 50, 0, 0, 0
L 167, 407, 67, 161, 407, 67, 0, 0, 0
L 161, 407, 67, 160, 405, 67, 0, 0, 0
L 160, 405, 67, 159, 405, 67, 0, 0, 0
