L 409, -1092, -131, 439, -1092, -131, 0, 240, 0
L 408, -1090, -131, 409, -1092, -131, 0, 240, 0
L 406, -1090, -131, 408, -1090, -131, 0, 240, 0
L 404, -1091, -131, 406, -1090, -131, 0, 240, 0
L 404, -1100, -131, 404, -1091, -131, 0, 240, 0
L 408, -1100, -131, 404, -1100, -131, 0, 240, 0
L 409, -1098, -131, 408, -1100, -131, 0, 240, 0
L 456, -1098, -131, 409, -1098, -131, 0, 240, 0
L 457, -1100, -131, 456, -1098, -131, 0, 240, 0
L 461, -1100, -131, 457, -1100, -131, 0, 240, 0
L 462, -1094, -131, 461, -1100, -131, 0, 240, 0
L 462, -1092, -131, 462, -1094, -131, 0, 240, 0
L 461, -1091, -131, 462, -1092, -131, 0, 240, 0
L 459, -1090, -131, 461, -1091, -131, 0, 240, 0
L 457, -1090, -131, 459, -1090, -131, 0, 240, 0
L 456, -1092, -131, 457, -1090, -131, 0, 240, 0
L 438, -1092, -131, 456, -1092, -131, 0, 240, 0
L 452, -830, -131, 478, -830, -131, 0, 240, 0
L 452, -829, -131, 452, -830, -131, 0, 240, 0
L 451, -828, -131, 452, -829, -131, 0, 240, 0
L 447, -828, -131, 451, -828, -131, 0, 240, 0
L 447, -997, -131, 447, -828, -131, 0, 240, 0
L 452, -997, -131, 447, -997, -131, 0, 240, 0
L 452, -995, -131, 452, -997, -131, 0, 240, 0
L 500, -995, -131, 452, -995, -131, 0, 240, 0
L 500, -996, -131, 500, -995, -131, 0, 240, 0
L 501, -997, -131, 500, -996, -131, 0, 240, 0
L 505, -997, -131, 501, -997, -131, 0, 240, 0
L 505, -993, -131, 505, -997, -131, 0, 240, 0
L 503, -992, -131, 505, -993, -131, 0, 240, 0
L 503, -944, -131, 503, -992, -131, 0, 240, 0
L 505, -944, -131, 503, -944, -131, 0, 240, 0
L 505, -940, -131, 505, -944, -131, 0, 240, 0
L 503, -939, -131, 505, -940, -131, 0, 240, 0
L 503, -886, -131, 503, -939, -131, 0, 240, 0
L 505, -886, -131, 503, -886, -131, 0, 240, 0
L 505, -882, -131, 505, -886, -131, 0, 240, 0
L 503, -881, -131, 505, -882, -131, 0, 240, 0
L 503, -833, -131, 503, -881, -131, 0, 240, 0
L 504, -833, -131, 503, -833, -131, 0, 240, 0
L 505, -832, -131, 504, -833, -131, 0, 240, 0
L 505, -828, -131, 505, -832, -131, 0, 240, 0
L 501, -828, -131, 505, -828, -131, 0, 240, 0
L 500, -830, -131, 501, -828, -131, 0, 240, 0
L 471, -830, -131, 500, -830, -131, 0, 240, 0
L 413, -830, -131, 365, -830, -131, 0, 240, 0
L 413, -829, -131, 413, -830, -131, 0, 240, 0
L 414, -828, -131, 413, -829, -131, 0, 240, 0
L 418, -828, -131, 414, -828, -131, 0, 240, 0
L 418, -997, -131, 418, -828, -131, 0, 240, 0
L 414, -997, -131, 418, -997, -131, 0, 240, 0
L 413, -995, -131, 414, -997, -131, 0, 240, 0
L 365, -995, -131, 413, -995, -131, 0, 240, 0
L 365, -996, -131, 365, -995, -131, 0, 240, 0
L 364, -997, -131, 365, -996, -131, 0, 240, 0
L 360, -997, -131, 364, -997, -131, 0, 240, 0
L 360, -993, -131, 360, -997, -131, 0, 240, 0
L 362, -992, -131, 360, -993, -131, 0, 240, 0
L 362, -944, -131, 362, -992, -131, 0, 240, 0
L 360, -944, -131, 362, -944, -131, 0, 240, 0
L 360, -940, -131, 360, -944, -131, 0, 240, 0
L 362, -939, -131, 360, -940, -131, 0, 240, 0
L 362, -886, -131, 362, -939, -131, 0, 240, 0
L 360, -886, -131, 362, -886, -131, 0, 240, 0
L 360, -882, -131, 360, -886, -131, 0, 240, 0
L 362, -881, -131, 360, -882, -131, 0, 240, 0
L 362, -833, -131, 362, -881, -131, 0, 240, 0
L 361, -833, -131, 362, -833, -131, 0, 240, 0
L 360, -832, -131, 361, -833, -131, 0, 240, 0
L 360, -828, -131, 360, -832, -131, 0, 240, 0
L 364, -828, -131, 360, -828, -131, 0, 240, 0
L 365, -830, -131, 364, -828, -131, 0, 240, 0
L 456, -733, -131, 409, -733, -131, 0, 240, 0
L 457, -731, -131, 456, -733, -131, 0, 240, 0
L 461, -731, -131, 457, -731, -131, 0, 240, 0
L 462, -738, -131, 461, -731, -131, 0, 240, 0
L 461, -740, -131, 462, -738, -131, 0, 240, 0
L 457, -740, -131, 461, -740, -131, 0, 240, 0
L 456, -738, -131, 457, -740, -131, 0, 240, 0
L 409, -738, -131, 456, -738, -131, 0, 240, 0
L 409, -739, -131, 409, -738, -131, 0, 240, 0
L 408, -740, -131, 409, -739, -131, 0, 240, 0
L 404, -740, -131, 408, -740, -131, 0, 240, 0
L 404, -731, -131, 404, -740, -131, 0, 240, 0
L 408, -731, -131, 404, -731, -131, 0, 240, 0
L 409, -733, -131, 408, -731, -131, 0, 240, 0
L 340, -944, -181, 340, -963, -181, 0, 0, 0
L 341, -944, -181, 340, -944, -181, 0, 0, 0
L 342, -942, -181, 341, -944, -181, 0, 0, 0
L 342, -939, -181, 342, -942, -181, 0, 0, 0
L 336, -938, -181, 342, -939, -181, 0, 0, 0
L 335, -920, -181, 336, -938, -181, 0, 0, 0
L 335, -918, -181, 335, -920, -181, 0, 0, 0
L 333, -917, -181, 335, -918, -181, 0, 0, 0
L 331, -917, -181, 333, -917, -181, 0, 0, 0
L 329, -919, -181, 331, -917, -181, 0, 0, 0
L 329, -922, -181, 329, -919, -181, 0, 0, 0
L 311, -922, -181, 329, -922, -181, 0, 0, 0
L 309, -923, -181, 311, -922, -181, 0, 0, 0
L 309, -943, -181, 309, -923, -181, 0, 0, 0
L 308, -950, -183, 309, -943, -181, 255, 0, 123
L 308, -952, -183, 308, -950, -183, 255, 0, 123
L 308, -954, -184, 308, -952, -183, 255, 0, 123
L 307, -956, -184, 308, -954, -184, 255, 0, 123
L 307, -958, -185, 307, -956, -184, 255, 0, 123
L 306, -960, -185, 307, -958, -185, 255, 0, 123
L 305, -962, -186, 306, -960, -185, 255, 0, 123
L 304, -964, -186, 305, -962, -186, 255, 0, 123
L 304, -966, -187, 304, -964, -186, 255, 0, 123
L 303, -967, -187, 304, -966, -187, 255, 0, 123
L 302, -969, -188, 303, -967, -187, 255, 0, 123
L 301, -971, -188, 302, -969, -188, 255, 0, 123
L 299, -972, -189, 301, -971, -188, 255, 0, 123
L 298, -974, -189, 299, -972, -189, 255, 0, 123
L 297, -975, -190, 298, -974, -189, 255, 0, 123
L 296, -977, -190, 297, -975, -190, 255, 0, 123
L 294, -979, -191, 296, -977, -190, 255, 0, 123
L 292, -980, -191, 294, -979, -191, 255, 0, 123
L 290, -982, -192, 292, -980, -191, 255, 0, 123
L 288, -983, -193, 290, -982, -192, 255, 0, 123
L 287, -984, -193, 288, -983, -193, 255, 0, 123
L 283, -986, -194, 287, -984, -193, 255, 0, 123
L 282, -987, -194, 283, -986, -194, 255, 0, 123
L 279, -988, -195, 282, -987, -194, 255, 0, 123
L 277, -989, -196, 279, -988, -195, 255, 0, 123
L 275, -990, -196, 277, -989, -196, 255, 0, 123
L 273, -990, -197, 275, -990, -196, 255, 0, 123
L 268, -992, -198, 273, -990, -197, 255, 0, 123
L 266, -992, -199, 268, -992, -198, 255, 0, 123
L 254, -992, -202, 266, -992, -199, 255, 0, 123
L 250, -991, -202, 254, -992, -202, 255, 0, 123
L 248, -991, -203, 250, -991, -202, 255, 0, 123
L 246, -991, -203, 248, -991, -203, 255, 0, 123
L 245, -990, -204, 246, -991, -203, 255, 0, 123
L 240, -988, -205, 245, -990, -204, 255, 0, 123
L 239, -988, -205, 240, -988, -205, 255, 0, 123
L 237, -987, -206, 239, -988, -205, 255, 0, 123
L 235, -986, -206, 237, -987, -206, 255, 0, 123
L 231, -984, -208, 235, -986, -206, 255, 0, 123
L 230, -982, -208, 231, -984, -208, 255, 0, 123
L 228, -981, -209, 230, -982, -208, 255, 0, 123
L 227, -980, -209, 228, -981, -209, 255, 0, 123
L 225, -979, -209, 227, -980, -209, 255, 0, 123
L 224, -977, -210, 225, -979, -209, 255, 0, 123
L 223, -976, -210, 224, -977, -210, 255, 0, 123
L 221, -973, -211, 223, -976, -210, 255, 0, 123
L 219, -972, -211, 221, -973, -211, 255, 0, 123
L 218, -970, -212, 219, -972, -211, 255, 0, 123
L 239, -988, -205, 241, -989, -205, 255, 0, 123
L 236, -986, -206, 239, -988, -205, 255, 0, 123
L 234, -985, -207, 236, -986, -206, 255, 0, 123
L 233, -984, -207, 234, -985, -207, 255, 0, 123
L 231, -983, -208, 233, -984, -207, 255, 0, 123
L 218, -970, -212, 219, -972, -212, 255, 0, 123
L 217, -968, -213, 218, -970, -212, 255, 0, 123
L 216, -967, -213, 217, -968, -213, 255, 0, 123
L 215, -965, -214, 216, -967, -213, 255, 0, 123
L 214, -961, -214, 215, -965, -214, 255, 0, 123
L 213, -959, -215, 214, -961, -214, 255, 0, 123
L 212, -957, -215, 213, -959, -215, 255, 0, 123
L 212, -956, -216, 212, -957, -215, 255, 0, 123
L 211, -954, -216, 212, -956, -216, 255, 0, 123
L 211, -951, -217, 211, -954, -216, 255, 0, 123
L 210, -949, -217, 211, -951, -217, 255, 0, 123
L 210, -932, -219, 210, -949, -217, 255, 0, 123
L 211, -933, -219, 210, -932, -219, 255, 0, 123
L 215, -933, -219, 211, -933, -219, 255, 0, 123
L 215, -928, -219, 215, -933, -219, 255, 0, 123
L 214, -927, -219, 215, -928, -219, 255, 0, 123
L 212, -927, -219, 214, -927, -219, 255, 0, 123
L 211, -928, -219, 212, -927, -219, 255, 0, 123
L 189, -928, -219, 211, -928, -219, 255, 0, 123
L 189, -927, -219, 189, -928, -219, 255, 0, 123
L 190, -926, -219, 189, -927, -219, 255, 0, 123
L 189, -924, -219, 190, -926, -219, 255, 0, 123
L 184, -924, -219, 189, -924, -219, 255, 0, 123
L 183, -925, -219, 184, -924, -219, 255, 0, 123
L 183, -927, -219, 183, -925, -219, 255, 0, 123
L 173, -928, -219, 183, -927, -219, 255, 0, 123
L 143, -928, -219, 173, -928, -219, 255, 0, 123
L 143, -909, -219, 143, -928, -219, 255, 0, 123
L 144, -907, -219, 143, -909, -219, 255, 0, 123
L 144, -904, -219, 144, -907, -219, 255, 0, 123
L 143, -902, -219, 144, -904, -219, 255, 0, 123
L 139, -902, -219, 143, -902, -219, 255, 0, 123
L 138, -903, -219, 139, -902, -219, 255, 0, 123
L 138, -905, -219, 138, -903, -219, 255, 0, 123
L 139, -907, -219, 138, -905, -219, 255, 0, 123
L 139, -918, -219, 139, -907, -219, 255, 0, 123
L 109, -918, -218, 139, -918, -219, 255, 0, 123
L 107, -918, -219, 109, -918, -218, 255, 0, 123
L 107, -877, -219, 107, -918, -219, 255, 0, 123
L 138, -877, -219, 107, -877, -219, 255, 0, 123
L 139, -883, -219, 138, -877, -219, 255, 0, 123
L 139, -885, -219, 139, -883, -219, 255, 0, 123
L 138, -887, -219, 139, -885, -219, 255, 0, 123
L 136, -888, -219, 138, -887, -219, 255, 0, 123
L 137, -891, -219, 136, -888, -219, 255, 0, 123
L 138, -892, -219, 137, -891, -219, 255, 0, 123
L 143, -893, -219, 138, -892, -219, 255, 0, 123
L 144, -892, -219, 143, -893, -219, 255, 0, 123
L 143, -796, -219, 144, -892, -219, 255, 0, 123
L 144, -794, -219, 143, -796, -219, 255, 0, 123
L 144, -792, -219, 144, -794, -219, 255, 0, 123
L 143, -790, -219, 144, -792, -219, 255, 0, 123
L 140, -790, -219, 143, -790, -219, 255, 0, 123
L 138, -791, -219, 140, -790, -219, 255, 0, 123
L 138, -793, -219, 138, -791, -219, 255, 0, 123
L 139, -795, -219, 138, -793, -219, 255, 0, 123
L 139, -806, -219, 139, -795, -219, 255, 0, 123
L 107, -806, -219, 139, -806, -219, 255, 0, 123
L 107, -765, -219, 107, -806, -219, 255, 0, 123
L 137, -765, -218, 107, -765, -219, 255, 0, 123
L 139, -765, -219, 137, -765, -218, 255, 0, 123
L 139, -774, -219, 139, -765, -219, 255, 0, 123
L 138, -776, -219, 139, -774, -219, 255, 0, 123
L 138, -780, -219, 138, -776, -219, 255, 0, 123
L 140, -781, -219, 138, -780, -219, 255, 0, 123
L 143, -781, -219, 140, -781, -219, 255, 0, 123
L 144, -779, -219, 143, -781, -219, 255, 0, 123
L 144, -777, -219, 144, -779, -219, 255, 0, 123
L 143, -775, -219, 144, -777, -219, 255, 0, 123
L 161, -775, -219, 143, -775, -219, 255, 0, 123
L 161, -843, -219, 161, -775, -219, 255, 0, 123
L 163, -844, -219, 161, -843, -219, 255, 0, 123
L 161, -837, -219, 161, -835, -219, 255, 0, 123
L 184, -844, -219, 162, -844, -219, 255, 0, 123
L 184, -846, -219, 184, -844, -219, 255, 0, 123
L 185, -848, -219, 184, -846, -219, 255, 0, 123
L 189, -848, -219, 185, -848, -219, 255, 0, 123
L 190, -847, -219, 189, -848, -219, 255, 0, 123
L 190, -844, -219, 190, -847, -219, 255, 0, 123
L 189, -833, -219, 190, -844, -219, 255, 0, 123
L 221, -833, -219, 189, -833, -219, 255, 0, 123
L 221, -873, -219, 221, -833, -219, 255, 0, 123
L 219, -873, -218, 221, -873, -219, 255, 0, 123
L 189, -873, -219, 219, -873, -218, 255, 0, 123
L 189, -864, -219, 189, -873, -219, 255, 0, 123
L 190, -862, -219, 189, -864, -219, 255, 0, 123
L 190, -858, -219, 190, -862, -219, 255, 0, 123
L 184, -858, -219, 190, -858, -219, 255, 0, 123
L 184, -861, -219, 184, -858, -219, 255, 0, 123
L 174, -862, -219, 184, -861, -219, 255, 0, 123
L 161, -862, -219, 174, -862, -219, 255, 0, 123
L 161, -908, -219, 161, -862, -219, 255, 0, 123
L 162, -910, -219, 161, -908, -219, 255, 0, 123
L 183, -910, -219, 162, -910, -219, 255, 0, 123
L 183, -913, -219, 183, -910, -219, 255, 0, 123
L 184, -914, -219, 183, -913, -219, 255, 0, 123
L 187, -914, -219, 184, -914, -219, 255, 0, 123
L 189, -913, -219, 187, -914, -219, 255, 0, 123
L 189, -910, -219, 189, -913, -219, 255, 0, 123
L 188, -887, -219, 189, -910, -219, 255, 0, 123
L 252, -887, -219, 188, -887, -219, 255, 0, 123
L 252, -908, -219, 252, -887, -219, 255, 0, 123
L 251, -910, -219, 252, -908, -219, 255, 0, 123
L 251, -914, -219, 251, -910, -219, 255, 0, 123
L 257, -914, -219, 251, -914, -219, 255, 0, 123
L 257, -910, -219, 257, -914, -219, 255, 0, 123
L 325, -910, -219, 257, -910, -219, 255, 0, 123
L 325, -864, -219, 325, -910, -219, 255, 0, 123
L 324, -862, -219, 325, -864, -219, 255, 0, 123
L 282, -862, -219, 324, -862, -219, 255, 0, 123
L 282, -821, -219, 282, -862, -219, 255, 0, 123
L 283, -822, -219, 282, -821, -219, 255, 0, 123
L 284, -824, -219, 283, -822, -219, 255, 0, 123
L 286, -821, -219, 284, -824, -219, 255, 0, 123
L 286, -816, -219, 286, -821, -219, 255, 0, 123
L 285, -815, -219, 286, -816, -219, 255, 0, 123
L 282, -815, -219, 285, -815, -219, 255, 0, 123
L 271, -816, -219, 282, -815, -219, 255, 0, 123
L 271, -784, -219, 271, -816, -219, 255, 0, 123
L 311, -784, -219, 271, -784, -219, 255, 0, 123
L 311, -816, -219, 311, -784, -219, 255, 0, 123
L 301, -816, -219, 311, -816, -219, 255, 0, 123
L 297, -814, -219, 301, -816, -219, 255, 0, 123
L 296, -815, -219, 297, -814, -219, 255, 0, 123
L 296, -820, -219, 296, -815, -219, 255, 0, 123
L 297, -821, -219, 296, -820, -219, 255, 0, 123
L 299, -821, -219, 297, -821, -219, 255, 0, 123
L 300, -843, -219, 299, -821, -219, 255, 0, 123
L 301, -844, -219, 300, -843, -219, 255, 0, 123
L 367, -844, -219, 301, -844, -219, 255, 0, 123
L 371, -846, -219, 367, -844, -219, 255, 0, 123
L 373, -846, -219, 371, -846, -219, 255, 0, 123
L 374, -842, -219, 373, -846, -219, 255, 0, 123
L 374, -840, -219, 374, -842, -219, 255, 0, 123
L 372, -839, -219, 374, -840, -219, 255, 0, 123
L 370, -839, -219, 372, -839, -219, 255, 0, 123
L 369, -840, -218, 370, -839, -219, 255, 0, 123
L 358, -840, -218, 369, -840, -218, 255, 0, 123
L 358, -808, -219, 358, -840, -218, 255, 0, 123
L 389, -808, -219, 358, -808, -219, 255, 0, 123
L 399, -808, -218, 389, -808, -219, 255, 0, 123
L 399, -840, -219, 399, -808, -218, 255, 0, 123
L 390, -840, -219, 399, -840, -219, 255, 0, 123
L 385, -839, -219, 390, -840, -219, 255, 0, 123
L 384, -839, -219, 385, -839, -219, 255, 0, 123
L 383, -843, -219, 384, -839, -219, 255, 0, 123
L 383, -844, -219, 383, -843, -219, 255, 0, 123
L 385, -845, -219, 383, -844, -219, 255, 0, 123
L 387, -845, -219, 385, -845, -219, 255, 0, 123
L 389, -844, -219, 387, -845, -219, 255, 0, 123
L 389, -862, -219, 389, -844, -219, 255, 0, 123
L 343, -862, -219, 389, -862, -219, 255, 0, 123
L 343, -910, -219, 343, -862, -219, 255, 0, 123
L 389, -910, -219, 343, -910, -219, 255, 0, 123
L 389, -928, -219, 389, -910, -219, 255, 0, 123
L 387, -927, -219, 389, -928, -219, 255, 0, 123
L 384, -927, -219, 387, -927, -219, 255, 0, 123
L 383, -930, -219, 384, -927, -219, 255, 0, 123
L 383, -932, -219, 383, -930, -219, 255, 0, 123
L 384, -933, -219, 383, -932, -219, 255, 0, 123
L 386, -933, -219, 384, -933, -219, 255, 0, 123
L 388, -932, -219, 386, -933, -219, 255, 0, 123
L 399, -932, -218, 388, -932, -219, 255, 0, 123
L 399, -964, -219, 399, -932, -218, 255, 0, 123
L 359, -964, -219, 399, -964, -219, 255, 0, 123
L 358, -932, -219, 359, -964, -219, 255, 0, 123
L 369, -932, -219, 358, -932, -219, 255, 0, 123
L 369, -933, -219, 369, -932, -219, 255, 0, 123
L 373, -933, -219, 369, -933, -219, 255, 0, 123
L 374, -930, -219, 373, -933, -219, 255, 0, 123
L 374, -929, -219, 374, -930, -219, 255, 0, 123
L 373, -927, -219, 374, -929, -219, 255, 0, 123
L 371, -927, -219, 373, -927, -219, 255, 0, 123
L 369, -928, -219, 371, -927, -219, 255, 0, 123
L 257, -928, -219, 369, -928, -219, 255, 0, 123
L 257, -924, -219, 257, -928, -219, 255, 0, 123
L 251, -924, -219, 257, -924, -219, 255, 0, 123
L 251, -928, -219, 251, -924, -219, 255, 0, 123
L 229, -928, -219, 251, -928, -219, 255, 0, 123
L 229, -927, -219, 229, -928, -219, 255, 0, 123
L 225, -927, -219, 229, -927, -219, 255, 0, 123
L 225, -933, -219, 225, -927, -219, 255, 0, 123
L 227, -933, -219, 225, -933, -219, 255, 0, 123
L 229, -932, -219, 227, -933, -219, 255, 0, 123
L 230, -932, -219, 229, -932, -219, 255, 0, 123
L 230, -947, -217, 230, -932, -219, 255, 0, 123
L 230, -949, -216, 230, -947, -217, 255, 0, 123
L 231, -951, -215, 230, -949, -216, 255, 0, 123
L 231, -953, -215, 231, -951, -215, 255, 0, 123
L 232, -954, -214, 231, -953, -215, 255, 0, 123
L 233, -956, -213, 232, -954, -214, 255, 0, 123
L 235, -959, -211, 233, -956, -213, 255, 0, 123
L 236, -961, -211, 235, -959, -211, 255, 0, 123
L 237, -963, -210, 236, -961, -211, 255, 0, 123
L 238, -964, -209, 237, -963, -210, 255, 0, 123
L 239, -965, -209, 238, -964, -209, 255, 0, 123
L 241, -966, -208, 239, -965, -209, 255, 0, 123
L 242, -967, -207, 241, -966, -208, 255, 0, 123
L 244, -968, -206, 242, -967, -207, 255, 0, 123
L 245, -969, -206, 244, -968, -206, 255, 0, 123
L 249, -971, -204, 245, -969, -206, 255, 0, 123
L 252, -972, -203, 249, -971, -204, 255, 0, 123
L 261, -973, -199, 252, -972, -203, 255, 0, 123
L 264, -972, -198, 261, -973, -199, 255, 0, 123
L 268, -972, -196, 264, -972, -198, 255, 0, 123
L 270, -971, -195, 268, -972, -196, 255, 0, 123
L 272, -970, -195, 270, -971, -195, 255, 0, 123
L 273, -969, -194, 272, -970, -195, 255, 0, 123
L 277, -967, -192, 273, -969, -194, 255, 0, 123
L 278, -966, -192, 277, -967, -192, 255, 0, 123
L 280, -965, -191, 278, -966, -192, 255, 0, 123
L 281, -964, -190, 280, -965, -191, 255, 0, 123
L 283, -962, -189, 281, -964, -190, 255, 0, 123
L 284, -961, -188, 283, -962, -189, 255, 0, 123
L 285, -959, -188, 284, -961, -188, 255, 0, 123
L 287, -956, -186, 285, -959, -188, 255, 0, 123
L 287, -954, -185, 287, -956, -186, 255, 0, 123
L 288, -952, -185, 287, -954, -185, 255, 0, 123
L 289, -949, -183, 288, -952, -185, 255, 0, 123
L 289, -943, -181, 289, -949, -183, 255, 0, 123
L 289, -903, -181, 289, -943, -181, 0, 0, 0
L 329, -903, -181, 289, -903, -181, 0, 0, 0
L 329, -906, -181, 329, -903, -181, 0, 0, 0
L 330, -908, -181, 329, -906, -181, 0, 0, 0
L 334, -908, -181, 330, -908, -181, 0, 0, 0
L 335, -906, -181, 334, -908, -181, 0, 0, 0
L 335, -887, -181, 335, -906, -181, 0, 0, 0
L 342, -887, -181, 335, -887, -181, 0, 0, 0
L 342, -882, -181, 342, -887, -181, 0, 0, 0
L 340, -881, -181, 342, -882, -181, 0, 0, 0
L 340, -845, -181, 340, -881, -181, 0, 0, 0
L 342, -844, -181, 340, -845, -181, 0, 0, 0
L 342, -840, -181, 342, -844, -181, 0, 0, 0
L 340, -839, -181, 342, -840, -181, 0, 0, 0
L 340, -809, -181, 340, -812, -181, 0, 0, 0
L 340, -811, -181, 340, -839, -181, 0, 0, 0
L 371, -809, -181, 340, -809, -181, 0, 0, 0
L 371, -811, -181, 371, -809, -181, 0, 0, 0
L 375, -811, -181, 371, -811, -181, 0, 0, 0
L 376, -809, -181, 375, -811, -181, 0, 0, 0
L 413, -809, -181, 376, -809, -181, 0, 0, 0
L 414, -811, -181, 413, -809, -181, 0, 0, 0
L 418, -811, -181, 414, -811, -181, 0, 0, 0
L 418, -804, -181, 418, -811, -181, 0, 0, 0
L 447, -804, -181, 418, -804, -181, 0, 0, 0
L 447, -811, -181, 447, -804, -181, 0, 0, 0
L 451, -811, -181, 447, -811, -181, 0, 0, 0
L 452, -809, -181, 451, -811, -181, 0, 0, 0
L 489, -809, -181, 452, -809, -181, 0, 0, 0
L 490, -811, -181, 489, -809, -181, 0, 0, 0
L 494, -811, -181, 490, -811, -181, 0, 0, 0
L 494, -809, -181, 494, -811, -181, 0, 0, 0
L 525, -809, -181, 494, -809, -181, 0, 0, 0
L 525, -839, -181, 525, -809, -181, 0, 0, 0
L 523, -840, -181, 525, -839, -181, 0, 0, 0
L 523, -844, -181, 523, -840, -181, 0, 0, 0
L 525, -845, -181, 523, -844, -181, 0, 0, 0
L 525, -881, -181, 525, -845, -181, 0, 0, 0
L 523, -882, -181, 525, -881, -181, 0, 0, 0
L 523, -886, -181, 523, -882, -181, 0, 0, 0
L 530, -887, -181, 523, -886, -181, 0, 0, 0
L 530, -907, -181, 530, -887, -181, 0, 0, 0
L 532, -908, -181, 530, -907, -181, 0, 0, 0
L 534, -908, -181, 532, -908, -181, 0, 0, 0
L 536, -907, -181, 534, -908, -181, 0, 0, 0
L 536, -903, -181, 536, -907, -181, 0, 0, 0
L 562, -903, -181, 536, -903, -181, 0, 0, 0
L 563, -905, -181, 562, -903, -181, 0, 0, 0
L 567, -905, -181, 563, -905, -181, 0, 0, 0
L 567, -903, -181, 567, -905, -181, 0, 0, 0
L 574, -903, -181, 567, -903, -181, 0, 0, 0
L 576, -902, -181, 574, -903, -181, 0, 0, 0
L 576, -897, -181, 576, -902, -181, 0, 0, 0
L 574, -896, -181, 576, -897, -181, 0, 0, 0
L 561, -896, -181, 574, -896, -181, 0, 0, 0
L 561, -897, -181, 560, -870, -181, 0, 0, 0
L 560, -868, -174, 561, -878, -179, 0, 0, 0
L 561, -866, -174, 560, -868, -174, 0, 0, 0
L 561, -862, -174, 561, -866, -174, 0, 0, 0
L 561, -856, -178, 561, -862, -174, 0, 0, 0
L 561, -854, -178, 561, -856, -178, 0, 0, 0
L 569, -854, -181, 561, -854, -178, 0, 0, 0
L 572, -854, -181, 569, -854, -181, 0, 0, 0
L 575, -854, -179, 572, -854, -181, 0, 0, 0
L 584, -854, -179, 575, -854, -179, 0, 0, 0
L 601, -854, -181, 584, -854, -179, 0, 0, 0
L 601, -895, -177, 601, -854, -181, 0, 0, 0
L 601, -897, -178, 601, -895, -177, 0, 0, 0
L 595, -897, -177, 601, -897, -178, 0, 0, 0
L 593, -897, -177, 595, -897, -177, 0, 0, 0
L 591, -897, -180, 593, -897, -177, 0, 0, 0
L 590, -896, -181, 591, -897, -180, 0, 0, 0
L 588, -896, -181, 590, -896, -181, 0, 0, 0
L 586, -897, -181, 588, -896, -181, 0, 0, 0
L 586, -901, -181, 586, -897, -181, 0, 0, 0
L 587, -903, -181, 586, -901, -181, 0, 0, 0
L 594, -903, -181, 587, -903, -181, 0, 0, 0
L 595, -905, -181, 594, -903, -181, 0, 0, 0
L 599, -905, -181, 595, -905, -181, 0, 0, 0
L 599, -903, -181, 599, -905, -181, 0, 0, 0
L 636, -903, -171, 599, -903, -181, 0, 0, 0
L 637, -905, -171, 636, -903, -171, 0, 0, 0
L 641, -905, -171, 637, -905, -171, 0, 0, 0
L 641, -903, -171, 641, -905, -171, 0, 0, 0
L 655, -903, -171, 641, -903, -171, 0, 0, 0
L 655, -907, -171, 655, -903, -171, 0, 0, 0
L 657, -908, -171, 655, -907, -171, 0, 0, 0
L 659, -908, -171, 657, -908, -171, 0, 0, 0
L 660, -907, -171, 659, -908, -171, 0, 0, 0
L 661, -899, -171, 660, -907, -171, 0, 0, 0
L 663, -899, -171, 661, -899, -171, 0, 0, 0
L 663, -895, -171, 663, -899, -171, 0, 0, 0
L 661, -894, -171, 663, -895, -171, 0, 0, 0
L 661, -869, -171, 661, -894, -171, 0, 0, 0
L 685, -869, -171, 661, -869, -171, 0, 0, 0
L 685, -870, -171, 685, -869, -171, 0, 0, 0
L 686, -871, -171, 685, -870, -171, 0, 0, 0
L 688, -871, -171, 686, -871, -171, 0, 0, 0
L 690, -872, -171, 688, -871, -171, 0, 0, 0
L 690, -869, -171, 690, -872, -171, 0, 0, 0
L 716, -869, -171, 690, -869, -171, 0, 0, 0
L 716, -870, -171, 716, -869, -171, 0, 0, 0
L 718, -871, -171, 716, -870, -171, 0, 0, 0
L 721, -871, -171, 718, -871, -171, 0, 0, 0
L 722, -864, -171, 721, -871, -171, 0, 0, 0
L 728, -864, -171, 722, -864, -171, 0, 0, 0
L 728, -860, -171, 728, -864, -171, 0, 0, 0
L 726, -859, -171, 728, -860, -171, 0, 0, 0
L 726, -833, -171, 726, -859, -171, 0, 0, 0
L 728, -832, -171, 726, -833, -171, 0, 0, 0
L 728, -828, -171, 728, -832, -171, 0, 0, 0
L 726, -827, -171, 728, -828, -171, 0, 0, 0
L 726, -810, -171, 726, -827, -171, 0, 0, 0
L 725, -809, -171, 726, -810, -171, 0, 0, 0
L 722, -809, -171, 725, -809, -171, 0, 0, 0
L 720, -810, -171, 722, -809, -171, 0, 0, 0
L 720, -812, -171, 720, -810, -171, 0, 0, 0
L 718, -812, -171, 720, -812, -171, 0, 0, 0
L 718, -821, -171, 718, -812, -171, 0, 0, 0
L 720, -821, -171, 718, -821, -171, 0, 0, 0
L 720, -824, -171, 720, -821, -171, 0, 0, 0
L 713, -824, -171, 720, -824, -171, 0, 0, 0
L 700, -824, -167, 713, -824, -171, 0, 0, 0
L 699, -824, -167, 700, -824, -167, 0, 0, 0
L 692, -823, -169, 699, -824, -167, 0, 0, 0
L 691, -823, -169, 692, -823, -169, 0, 0, 0
L 689, -824, -171, 691, -823, -169, 0, 0, 0
L 689, -784, -169, 689, -824, -171, 0, 0, 0
L 690, -784, -170, 689, -784, -169, 0, 0, 0
L 720, -784, -171, 690, -784, -170, 0, 0, 0
L 720, -786, -171, 720, -784, -171, 0, 0, 0
L 718, -787, -171, 720, -786, -171, 0, 0, 0
L 717, -794, -171, 718, -787, -171, 0, 0, 0
L 719, -795, -171, 717, -794, -171, 0, 0, 0
L 721, -799, -171, 719, -795, -171, 0, 0, 0
L 725, -799, -171, 721, -799, -171, 0, 0, 0
L 726, -797, -171, 725, -799, -171, 0, 0, 0
L 726, -781, -171, 726, -797, -171, 0, 0, 0
L 728, -780, -171, 726, -781, -171, 0, 0, 0
L 728, -776, -171, 728, -780, -171, 0, 0, 0
L 726, -775, -171, 728, -776, -171, 0, 0, 0
L 726, -741, -171, 726, -775, -171, 0, 0, 0
L 728, -741, -171, 726, -741, -171, 0, 0, 0
L 728, -736, -171, 728, -741, -171, 0, 0, 0
L 726, -736, -171, 728, -736, -171, 0, 0, 0
L 726, -724, -171, 726, -736, -171, 0, 0, 0
L 729, -724, -171, 726, -724, -171, 0, 0, 0
L 731, -723, -171, 729, -724, -171, 0, 0, 0
L 731, -718, -171, 731, -723, -171, 0, 0, 0
L 730, -717, -171, 731, -718, -171, 0, 0, 0
L 716, -717, -171, 730, -717, -171, 0, 0, 0
L 716, -703, -171, 716, -717, -171, 0, 0, 0
L 714, -702, -171, 716, -703, -171, 0, 0, 0
L 712, -702, -171, 714, -702, -171, 0, 0, 0
L 710, -703, -171, 712, -702, -171, 0, 0, 0
L 710, -707, -171, 710, -703, -171, 0, 0, 0
L 698, -707, -171, 710, -707, -171, 0, 0, 0
L 697, -705, -171, 698, -707, -171, 0, 0, 0
L 693, -705, -171, 697, -705, -171, 0, 0, 0
L 692, -707, -171, 693, -705, -171, 0, 0, 0
L 689, -707, -171, 692, -707, -171, 0, 0, 0
L 173, -690, -171, 176, -690, -171, 0, 0, 0
L 171, -692, -171, 173, -690, -171, 0, 0, 0
L 170, -692, -171, 171, -692, -171, 0, 0, 0
L 168, -691, -171, 170, -692, -171, 0, 0, 0
L 167, -690, -171, 168, -691, -171, 0, 0, 0
L 155, -690, -171, 167, -690, -171, 0, 0, 0
L 155, -694, -171, 155, -690, -171, 0, 0, 0
L 153, -695, -171, 155, -694, -171, 0, 0, 0
L 151, -695, -171, 153, -695, -171, 0, 0, 0
L 149, -693, -171, 151, -695, -171, 0, 0, 0
L 149, -680, -171, 149, -694, -171, 0, 0, 0
L 109, -680, -171, 149, -680, -171, 0, 0, 0
L 109, -719, -171, 109, -680, -171, 0, 0, 0
L 122, -719, -171, 109, -719, -171, 0, 0, 0
L 124, -720, -171, 122, -719, -171, 0, 0, 0
L 124, -724, -171, 124, -720, -171, 0, 0, 0
L 123, -726, -171, 124, -724, -171, 0, 0, 0
L 119, -726, -171, 123, -726, -171, 0, 0, 0
L 119, -738, -171, 119, -726, -171, 0, 0, 0
L 121, -738, -171, 119, -738, -171, 0, 0, 0
L 121, -742, -171, 121, -738, -171, 0, 0, 0
L 119, -743, -171, 121, -742, -171, 0, 0, 0
L 119, -758, -171, 119, -743, -171, 0, 0, 0
L 121, -759, -171, 119, -758, -171, 0, 0, 0
L 121, -762, -171, 121, -759, -171, 0, 0, 0
L 120, -763, -171, 121, -762, -171, 0, 0, 0
L 119, -769, -171, 120, -763, -171, 0, 0, 0
L 119, -770, -171, 119, -769, -171, 0, 0, 0
L 118, -772, -171, 119, -770, -171, 0, 0, 0
L 114, -772, -171, 118, -772, -171, 0, 0, 0
L 113, -770, -171, 114, -772, -171, 0, 0, 0
L 113, -768, -171, 113, -770, -171, 0, 0, 0
L 112, -763, -166, 113, -768, -171, 0, 0, 0
L 112, -762, -166, 112, -763, -166, 0, 0, 0
L 113, -746, -171, 112, -762, -166, 0, 0, 0
L 111, -745, -168, 113, -746, -171, 0, 0, 0
L 103, -745, -167, 111, -745, -168, 0, 0, 0
L 101, -745, -169, 103, -745, -167, 0, 0, 0
L 85, -746, -171, 101, -745, -169, 0, 0, 0
L 85, -751, -171, 85, -746, -171, 0, 0, 0
L 86, -753, -171, 85, -751, -171, 0, 0, 0
L 86, -755, -171, 86, -753, -171, 0, 0, 0
L 85, -757, -171, 86, -755, -171, 0, 0, 0
L 78, -757, -171, 85, -757, -171, 0, 0, 0
L 78, -746, -171, 78, -757, -171, 0, 0, 0
L 65, -746, -171, 78, -746, -171, 0, 0, 0
L 66, -756, -171, 65, -746, -171, 0, 0, 0
L 65, -758, -171, 66, -756, -171, 0, 0, 0
L 63, -757, -171, 65, -758, -171, 0, 0, 0
L 58, -757, -171, 63, -757, -171, 0, 0, 0
L 58, -747, -171, 58, -757, -171, 0, 0, 0
L 57, -745, -169, 58, -747, -171, 0, 0, 0
L 53, -745, -168, 57, -745, -169, 0, 0, 0
L 44, -746, -171, 54, -745, -166, 0, 0, 0
L 44, -757, -171, 44, -746, -171, 0, 0, 0
L 42, -758, -171, 44, -757, -171, 0, 0, 0
L 38, -758, -171, 42, -758, -171, 0, 0, 0
L 36, -757, -171, 38, -758, -171, 0, 0, 0
L 36, -746, -171, 36, -757, -171, 0, 0, 0
L 30, -746, -171, 36, -746, -171, 0, 0, 0
L 30, -751, -171, 30, -746, -171, 0, 0, 0
L 30, -776, -168, 30, -751, -171, 0, 0, 0
L 30, -778, -166, 30, -776, -168, 0, 0, 0
L 30, -808, -171, 30, -778, -166, 0, 0, 0
L 36, -808, -171, 30, -808, -171, 0, 0, 0
L 36, -798, -171, 36, -808, -171, 0, 0, 0
L 37, -796, -171, 36, -798, -171, 0, 0, 0
L 42, -796, -171, 37, -796, -171, 0, 0, 0
L 44, -797, -171, 42, -796, -171, 0, 0, 0
L 44, -808, -171, 44, -797, -171, 0, 0, 0
L 45, -808, -169, 44, -808, -171, 0, 0, 0
L 51, -808, -166, 45, -808, -169, 0, 0, 0
L 53, -808, -167, 51, -808, -166, 0, 0, 0
L 58, -808, -171, 53, -808, -167, 0, 0, 0
L 57, -798, -171, 58, -808, -171, 0, 0, 0
L 58, -796, -171, 57, -798, -171, 0, 0, 0
L 65, -796, -171, 58, -796, -171, 0, 0, 0
L 65, -808, -171, 65, -796, -171, 0, 0, 0
L 65, -808, -168, 65, -808, -171, 0, 0, 0
L 73, -808, -168, 65, -808, -168, 0, 0, 0
L 75, -808, -169, 73, -808, -168, 0, 0, 0
L 78, -808, -171, 75, -808, -169, 0, 0, 0
L 78, -797, -171, 78, -808, -171, 0, 0, 0
L 80, -796, -171, 78, -797, -171, 0, 0, 0
L 85, -796, -171, 80, -796, -171, 0, 0, 0
L 85, -808, -171, 85, -796, -171, 0, 0, 0
L 112, -808, -171, 85, -808, -171, 0, 0, 0
L 113, -783, -171, 112, -808, -171, 0, 0, 0
L 114, -781, -171, 113, -783, -171, 0, 0, 0
L 118, -781, -171, 114, -781, -171, 0, 0, 0
L 119, -783, -171, 118, -781, -171, 0, 0, 0
L 119, -790, -171, 119, -783, -171, 0, 0, 0
L 121, -790, -171, 119, -790, -171, 0, 0, 0
L 121, -794, -171, 121, -790, -171, 0, 0, 0
L 119, -795, -171, 121, -794, -171, 0, 0, 0
L 119, -810, -171, 119, -795, -171, 0, 0, 0
L 121, -810, -171, 119, -810, -171, 0, 0, 0
L 121, -814, -171, 121, -810, -171, 0, 0, 0
L 119, -815, -171, 121, -814, -171, 0, 0, 0
L 119, -827, -171, 119, -815, -171, 0, 0, 0
L 122, -827, -171, 119, -827, -171, 0, 0, 0
L 124, -828, -171, 122, -827, -171, 0, 0, 0
L 124, -832, -171, 124, -828, -171, 0, 0, 0
L 123, -834, -171, 124, -832, -171, 0, 0, 0
L 110, -834, -171, 123, -834, -171, 0, 0, 0
L 109, -873, -171, 110, -834, -171, 0, 0, 0
L 149, -873, -171, 109, -873, -171, 0, 0, 0
L 149, -859, -171, 149, -873, -171, 0, 0, 0
L 151, -858, -171, 149, -859, -171, 0, 0, 0
L 153, -858, -171, 151, -858, -171, 0, 0, 0
L 155, -859, -171, 153, -858, -171, 0, 0, 0
L 155, -863, -171, 155, -859, -171, 0, 0, 0
L 187, -863, -171, 155, -863, -171, 0, 0, 0
L 189, -861, -171, 187, -863, -171, 0, 0, 0
L 192, -861, -171, 189, -861, -171, 0, 0, 0
L 193, -868, -171, 192, -861, -171, 0, 0, 0
L 199, -868, -171, 193, -868, -171, 0, 0, 0
L 200, -870, -171, 199, -868, -171, 0, 0, 0
L 200, -872, -171, 200, -870, -171, 0, 0, 0
L 198, -873, -171, 200, -872, -171, 0, 0, 0
L 198, -900, -171, 198, -873, -171, 0, 0, 0
L 199, -900, -171, 198, -900, -171, 0, 0, 0
L 200, -903, -171, 199, -900, -171, 0, 0, 0
L 199, -905, -171, 200, -903, -171, 0, 0, 0
L 193, -905, -171, 199, -905, -171, 0, 0, 0
L 193, -912, -171, 193, -905, -171, 0, 0, 0
L 189, -912, -171, 193, -912, -171, 0, 0, 0
L 188, -910, -171, 189, -912, -171, 0, 0, 0
L 161, -910, -171, 188, -910, -171, 0, 0, 0
L 160, -912, -171, 161, -910, -171, 0, 0, 0
L 157, -912, -171, 160, -912, -171, 0, 0, 0
L 156, -910, -171, 157, -912, -171, 0, 0, 0
L 130, -910, -171, 156, -910, -171, 0, 0, 0
L 129, -912, -171, 130, -910, -171, 0, 0, 0
L 125, -912, -171, 129, -912, -171, 0, 0, 0
L 124, -910, -171, 125, -912, -171, 0, 0, 0
L 100, -910, -171, 124, -910, -171, 0, 0, 0
L 100, -935, -171, 100, -910, -171, 0, 0, 0
L 101, -935, -171, 100, -935, -171, 0, 0, 0
L 102, -938, -171, 101, -935, -171, 0, 0, 0
L 102, -939, -171, 102, -938, -171, 0, 0, 0
L 100, -940, -171, 102, -939, -171, 0, 0, 0
L 100, -971, -171, 100, -940, -171, 0, 0, 0
L 101, -971, -171, 100, -971, -171, 0, 0, 0
L 102, -973, -171, 101, -971, -171, 0, 0, 0
L 101, -975, -171, 102, -973, -171, 0, 0, 0
L 100, -976, -171, 101, -975, -171, 0, 0, 0
L 100, -1003, -171, 100, -976, -171, 0, 0, 0
L 101, -1003, -171, 100, -1003, -171, 0, 0, 0
L 102, -1005, -171, 101, -1003, -171, 0, 0, 0
L 102, -1007, -171, 102, -1005, -171, 0, 0, 0
L 100, -1008, -171, 102, -1007, -171, 0, 0, 0
L 100, -1030, -171, 100, -1008, -171, 0, 0, 0
L 103, -1030, -171, 100, -1030, -171, 0, 0, 0
L 104, -1031, -171, 103, -1030, -171, 0, 0, 0
L 105, -1034, -171, 104, -1031, -171, 0, 0, 0
L 105, -1035, -171, 105, -1034, -171, 0, 0, 0
L 103, -1037, -171, 105, -1035, -171, 0, 0, 0
L 90, -1037, -171, 103, -1037, -171, 0, 0, 0
L 90, -1076, -171, 90, -1037, -171, 0, 0, 0
L 129, -1076, -171, 90, -1076, -171, 0, 0, 0
L 129, -1064, -171, 129, -1076, -171, 0, 0, 0
L 130, -1062, -171, 129, -1064, -171, 0, 0, 0
L 132, -1061, -171, 130, -1062, -171, 0, 0, 0
L 134, -1061, -171, 132, -1061, -171, 0, 0, 0
L 135, -1062, -171, 134, -1061, -171, 0, 0, 0
L 136, -1066, -171, 135, -1062, -171, 0, 0, 0
L 151, -1066, -171, 136, -1066, -171, 0, 0, 0
L 152, -1064, -171, 151, -1066, -171, 0, 0, 0
L 156, -1064, -171, 152, -1064, -171, 0, 0, 0
L 157, -1066, -171, 156, -1064, -171, 0, 0, 0
L 163, -1066, -171, 157, -1066, -171, 0, 0, 0
L 165, -1067, -171, 163, -1066, -171, 0, 0, 0
L 165, -1071, -171, 165, -1067, -171, 0, 0, 0
L 164, -1073, -171, 165, -1071, -171, 0, 0, 0
L 150, -1073, -171, 164, -1073, -171, 0, 0, 0
L 150, -1078, -171, 150, -1073, -171, 0, 0, 0
L 152, -1078, -171, 150, -1078, -171, 0, 0, 0
L 153, -1084, -171, 152, -1078, -171, 0, 0, 0
L 152, -1086, -171, 153, -1084, -171, 0, 0, 0
L 151, -1087, -171, 152, -1086, -171, 0, 0, 0
L 150, -1101, -171, 151, -1087, -171, 0, 0, 0
L 152, -1101, -171, 150, -1101, -171, 0, 0, 0
L 153, -1108, -171, 152, -1101, -171, 0, 0, 0
L 152, -1109, -171, 153, -1108, -171, 0, 0, 0
L 150, -1110, -171, 152, -1109, -171, 0, 0, 0
L 150, -1115, -171, 150, -1110, -171, 0, 0, 0
L 155, -1115, -171, 150, -1115, -171, 0, 0, 0
L 155, -1114, -171, 155, -1115, -171, 0, 0, 0
L 157, -1113, -171, 155, -1114, -171, 0, 0, 0
L 164, -1113, -171, 157, -1113, -171, 0, 0, 0
L 164, -1115, -171, 164, -1113, -171, 0, 0, 0
L 176, -1115, -171, 164, -1115, -171, 0, 0, 0
L 176, -1113, -171, 176, -1115, -171, 0, 0, 0
L 184, -1113, -171, 176, -1113, -171, 0, 0, 0
L 184, -1115, -171, 184, -1113, -171, 0, 0, 0
L 190, -1115, -171, 184, -1115, -171, 0, 0, 0
L 190, -1110, -171, 190, -1115, -171, 0, 0, 0
L 188, -1110, -171, 190, -1110, -171, 0, 0, 0
L 188, -1102, -171, 188, -1110, -171, 0, 0, 0
L 189, -1101, -171, 188, -1102, -171, 0, 0, 0
L 190, -1087, -171, 189, -1101, -171, 0, 0, 0
L 188, -1087, -171, 190, -1087, -171, 0, 0, 0
L 188, -1079, -171, 188, -1087, -171, 0, 0, 0
L 189, -1078, -171, 188, -1079, -171, 0, 0, 0
L 190, -1073, -171, 189, -1078, -171, 0, 0, 0
L 177, -1073, -171, 190, -1073, -171, 0, 0, 0
L 175, -1072, -171, 177, -1073, -171, 0, 0, 0
L 175, -1068, -171, 175, -1072, -171, 0, 0, 0
L 176, -1066, -171, 175, -1068, -171, 0, 0, 0
L 180, -1066, -171, 176, -1066, -171, 0, 0, 0
L 213, -1066, -161, 180, -1066, -171, 0, 240, 0
L 214, -1064, -161, 213, -1066, -161, 0, 240, 0
L 218, -1064, -161, 214, -1064, -161, 0, 240, 0
L 219, -1066, -161, 218, -1064, -161, 0, 240, 0
L 226, -1066, -160, 219, -1066, -161, 0, 240, 0
L 255, -1066, -151, 226, -1066, -160, 0, 240, 0
L 256, -1064, -151, 255, -1066, -151, 0, 240, 0
L 260, -1064, -151, 256, -1064, -151, 0, 240, 0
L 261, -1066, -151, 260, -1064, -151, 0, 240, 0
L 297, -1066, -141, 261, -1066, -151, 0, 240, 0
L 298, -1064, -141, 297, -1066, -141, 0, 240, 0
L 302, -1064, -141, 298, -1064, -141, 0, 240, 0
L 303, -1071, -141, 302, -1064, -141, 0, 240, 0
L 309, -1071, -141, 303, -1071, -141, 0, 240, 0
L 310, -1073, -141, 309, -1071, -141, 0, 240, 0
L 309, -1074, -141, 310, -1073, -141, 0, 240, 0
L 308, -1076, -141, 309, -1074, -141, 0, 240, 0
L 308, -1113, -131, 308, -1076, -141, 0, 240, 0
L 309, -1113, -131, 308, -1113, -131, 0, 240, 0
L 310, -1115, -131, 309, -1113, -131, 0, 240, 0
L 310, -1117, -131, 310, -1115, -131, 0, 240, 0
L 308, -1118, -131, 310, -1117, -131, 0, 240, 0
L 308, -1142, -131, 308, -1118, -131, 0, 240, 0
L 332, -1142, -131, 308, -1142, -131, 0, 240, 0
L 333, -1140, -131, 332, -1142, -131, 0, 240, 0
L 337, -1140, -131, 333, -1140, -131, 0, 240, 0
L 338, -1142, -131, 337, -1140, -131, 0, 240, 0
L 354, -1142, -131, 338, -1142, -131, 0, 240, 0
L 355, -1140, -131, 354, -1142, -131, 0, 240, 0
L 359, -1140, -131, 355, -1140, -131, 0, 240, 0
L 360, -1147, -131, 359, -1140, -131, 0, 240, 0
L 369, -1147, -131, 360, -1147, -131, 0, 240, 0
L 369, -1145, -131, 369, -1147, -131, 0, 240, 0
L 374, -1145, -131, 369, -1145, -131, 0, 240, 0
L 374, -1147, -131, 374, -1145, -131, 0, 240, 0
L 391, -1147, -131, 374, -1147, -131, 0, 240, 0
L 391, -1145, -131, 391, -1147, -131, 0, 240, 0
L 396, -1145, -131, 391, -1145, -131, 0, 240, 0
L 396, -1147, -131, 396, -1145, -131, 0, 240, 0
L 413, -1147, -131, 396, -1147, -131, 0, 240, 0
L 413, -1146, -131, 413, -1147, -131, 0, 240, 0
L 414, -1145, -131, 413, -1146, -131, 0, 240, 0
L 418, -1145, -131, 414, -1145, -131, 0, 240, 0
L 418, -1152, -131, 418, -1145, -131, 0, 240, 0
L 447, -1152, -131, 418, -1152, -131, 0, 240, 0
L 447, -1145, -131, 447, -1152, -131, 0, 240, 0
L 451, -1145, -131, 447, -1145, -131, 0, 240, 0
L 452, -1147, -131, 451, -1145, -131, 0, 240, 0
L 469, -1147, -131, 452, -1147, -131, 0, 240, 0
L 469, -1145, -131, 469, -1147, -131, 0, 240, 0
L 474, -1145, -131, 469, -1145, -131, 0, 240, 0
L 474, -1147, -131, 474, -1145, -131, 0, 240, 0
L 491, -1147, -131, 474, -1147, -131, 0, 240, 0
L 491, -1145, -131, 491, -1147, -131, 0, 240, 0
L 495, -1145, -131, 491, -1145, -131, 0, 240, 0
L 496, -1147, -131, 495, -1145, -131, 0, 240, 0
L 505, -1147, -131, 496, -1147, -131, 0, 240, 0
L 505, -1118, -131, 505, -1147, -131, 0, 240, 0
L 501, -1118, -131, 505, -1118, -131, 0, 240, 0
L 499, -1119, -131, 501, -1118, -131, 0, 240, 0
L 497, -1119, -131, 499, -1119, -131, 0, 240, 0
L 496, -1118, -131, 497, -1119, -131, 0, 240, 0
L 495, -1116, -131, 496, -1118, -131, 0, 240, 0
L 496, -1115, -131, 495, -1116, -131, 0, 240, 0
L 479, -1098, -131, 496, -1115, -131, 0, 240, 0
L 477, -1098, -131, 479, -1098, -131, 0, 240, 0
L 477, -1093, -131, 477, -1098, -131, 0, 240, 0
L 479, -1093, -131, 477, -1093, -131, 0, 240, 0
L 479, -1066, -131, 479, -1093, -131, 0, 240, 0
L 478, -1066, -131, 479, -1066, -131, 0, 240, 0
L 477, -1065, -131, 478, -1066, -131, 0, 240, 0
L 477, -1061, -131, 477, -1065, -131, 0, 240, 0
L 463, -1046, -131, 477, -1061, -131, 0, 240, 0
L 463, -1047, -131, 463, -1046, -131, 0, 240, 0
L 459, -1047, -131, 463, -1047, -131, 0, 240, 0
L 458, -1045, -131, 459, -1047, -131, 0, 240, 0
L 452, -1045, -131, 458, -1045, -131, 0, 240, 0
L 452, -1046, -131, 452, -1045, -131, 0, 240, 0
L 451, -1047, -131, 452, -1046, -131, 0, 240, 0
L 447, -1047, -131, 451, -1047, -131, 0, 240, 0
L 447, -1040, -131, 447, -1047, -131, 0, 240, 0
L 440, -1040, -131, 447, -1040, -131, 0, 240, 0
L 438, -1039, -131, 440, -1040, -131, 0, 240, 0
L 437, -1037, -131, 438, -1039, -131, 0, 240, 0
L 437, -1035, -131, 437, -1037, -131, 0, 240, 0
L 439, -1034, -131, 437, -1035, -131, 0, 240, 0
L 447, -1034, -131, 439, -1034, -131, 0, 240, 0
L 447, -1016, -131, 447, -1034, -131, 0, 240, 0
L 449, -1015, -131, 447, -1016, -131, 0, 240, 0
L 451, -1016, -131, 449, -1015, -131, 0, 240, 0
L 452, -1018, -131, 451, -1016, -131, 0, 240, 0
L 500, -1018, -131, 452, -1018, -131, 0, 240, 0
L 500, -1017, -131, 500, -1018, -131, 0, 240, 0
L 501, -1016, -131, 500, -1017, -131, 0, 240, 0
L 505, -1016, -131, 501, -1016, -131, 0, 240, 0
L 505, -1018, -131, 505, -1016, -131, 0, 240, 0
L 525, -1018, -131, 505, -1018, -131, 0, 240, 0
L 526, -997, -131, 525, -1018, -131, 0, 240, 0
L 524, -997, -131, 526, -997, -131, 0, 240, 0
L 524, -993, -131, 524, -997, -131, 0, 240, 0
L 526, -992, -131, 524, -993, -131, 0, 240, 0
L 526, -944, -131, 526, -992, -131, 0, 240, 0
L 524, -944, -131, 526, -944, -131, 0, 240, 0
L 524, -940, -131, 524, -944, -131, 0, 240, 0
L 526, -939, -131, 524, -940, -131, 0, 240, 0
L 526, -886, -131, 526, -939, -131, 0, 240, 0
L 524, -886, -131, 526, -886, -131, 0, 240, 0
L 524, -882, -131, 524, -886, -131, 0, 240, 0
L 526, -881, -131, 524, -882, -131, 0, 240, 0
L 526, -833, -131, 526, -881, -131, 0, 240, 0
L 524, -833, -131, 526, -833, -131, 0, 240, 0
L 524, -829, -131, 524, -833, -131, 0, 240, 0
L 526, -828, -131, 524, -829, -131, 0, 240, 0
L 526, -807, -131, 526, -828, -131, 0, 240, 0
L 505, -807, -131, 526, -807, -131, 0, 240, 0
L 505, -808, -131, 505, -807, -131, 0, 240, 0
L 504, -809, -131, 505, -808, -131, 0, 240, 0
L 500, -809, -131, 504, -809, -131, 0, 240, 0
L 500, -807, -131, 500, -809, -131, 0, 240, 0
L 452, -807, -131, 500, -807, -131, 0, 240, 0
L 452, -808, -131, 452, -807, -131, 0, 240, 0
L 451, -809, -131, 452, -808, -131, 0, 240, 0
L 447, -809, -131, 451, -809, -131, 0, 240, 0
L 447, -797, -131, 447, -809, -131, 0, 240, 0
L 439, -797, -131, 447, -797, -131, 0, 240, 0
L 438, -796, -131, 439, -797, -131, 0, 240, 0
L 437, -794, -131, 438, -796, -131, 0, 240, 0
L 437, -792, -131, 437, -794, -131, 0, 240, 0
L 439, -791, -131, 437, -792, -131, 0, 240, 0
L 447, -791, -131, 439, -791, -131, 0, 240, 0
L 447, -784, -131, 447, -791, -131, 0, 240, 0
L 451, -784, -131, 447, -784, -131, 0, 240, 0
L 452, -786, -131, 451, -784, -131, 0, 240, 0
L 458, -786, -131, 452, -786, -131, 0, 240, 0
L 459, -784, -131, 458, -786, -131, 0, 240, 0
L 464, -784, -131, 459, -784, -131, 0, 240, 0
L 477, -770, -131, 464, -784, -131, 0, 240, 0
L 477, -766, -131, 477, -770, -131, 0, 240, 0
L 479, -765, -131, 477, -766, -131, 0, 240, 0
L 479, -738, -131, 479, -765, -131, 0, 240, 0
L 478, -738, -131, 479, -738, -131, 0, 240, 0
L 477, -736, -131, 478, -738, -131, 0, 240, 0
L 477, -733, -131, 477, -736, -131, 0, 240, 0
L 479, -733, -131, 477, -733, -131, 0, 240, 0
L 496, -716, -131, 479, -733, -131, 0, 240, 0
L 495, -716, -131, 496, -716, -131, 0, 240, 0
L 495, -714, -131, 495, -716, -131, 0, 240, 0
L 498, -711, -131, 495, -714, -131, 0, 240, 0
L 500, -712, -131, 498, -711, -131, 0, 240, 0
L 505, -713, -131, 500, -712, -131, 0, 240, 0
L 505, -708, -131, 505, -713, -131, 0, 240, 0
L 506, -706, -131, 505, -708, -131, 0, 240, 0
L 510, -706, -131, 506, -706, -131, 0, 240, 0
L 511, -708, -131, 510, -706, -131, 0, 240, 0
L 527, -708, -131, 511, -708, -131, 0, 240, 0
L 528, -706, -131, 527, -708, -131, 0, 240, 0
L 532, -706, -131, 528, -706, -131, 0, 240, 0
L 533, -708, -131, 532, -706, -131, 0, 240, 0
L 539, -708, -132, 533, -708, -131, 0, 240, 0
L 569, -708, -141, 539, -708, -132, 0, 240, 0
L 570, -706, -141, 569, -708, -141, 0, 240, 0
L 574, -706, -141, 570, -706, -141, 0, 240, 0
L 575, -713, -141, 574, -706, -141, 0, 240, 0
L 581, -713, -141, 575, -713, -141, 0, 240, 0
L 582, -715, -141, 581, -713, -141, 0, 240, 0
L 582, -717, -141, 582, -715, -141, 0, 240, 0
L 580, -718, -141, 582, -717, -141, 0, 240, 0
L 580, -755, -151, 580, -718, -141, 0, 240, 0
L 581, -755, -151, 580, -755, -151, 0, 240, 0
L 582, -757, -151, 581, -755, -151, 0, 240, 0
L 582, -759, -151, 582, -757, -151, 0, 240, 0
L 580, -760, -151, 582, -759, -151, 0, 240, 0
L 580, -784, -151, 580, -760, -151, 0, 240, 0
L 604, -784, -151, 580, -784, -151, 0, 240, 0
L 605, -782, -151, 604, -784, -151, 0, 240, 0
L 609, -782, -151, 605, -782, -151, 0, 240, 0
L 610, -784, -151, 609, -782, -151, 0, 240, 0
L 616, -784, -151, 610, -784, -151, 0, 240, 0
L 617, -782, -151, 616, -784, -151, 0, 240, 0
L 621, -782, -151, 617, -782, -151, 0, 240, 0
L 622, -784, -151, 621, -782, -151, 0, 240, 0
L 646, -784, -151, 622, -784, -151, 0, 240, 0
L 646, -760, -151, 646, -784, -151, 0, 240, 0
L 644, -759, -151, 646, -760, -151, 0, 240, 0
L 644, -755, -151, 644, -759, -151, 0, 240, 0
L 646, -754, -151, 644, -755, -151, 0, 240, 0
L 646, -718, -161, 646, -754, -151, 0, 240, 0
L 644, -717, -161, 646, -718, -161, 0, 240, 0
L 644, -713, -161, 644, -717, -161, 0, 240, 0
L 650, -712, -161, 644, -713, -161, 0, 240, 0
L 650, -707, -161, 650, -712, -161, 0, 240, 0
L 651, -705, -161, 650, -707, -161, 0, 240, 0
L 655, -705, -161, 651, -705, -161, 0, 240, 0
L 656, -707, -161, 655, -705, -161, 0, 240, 0
L 689, -707, -171, 656, -707, -161, 0, 240, 0
L 692, -688, -171, 689, -688, -171, 0, 0, 0
L 693, -689, -171, 692, -688, -171, 0, 0, 0
L 695, -690, -171, 693, -689, -171, 0, 0, 0
L 697, -690, -171, 695, -690, -171, 0, 0, 0
L 698, -688, -171, 697, -690, -171, 0, 0, 0
L 710, -688, -171, 698, -688, -171, 0, 0, 0
L 710, -691, -171, 710, -688, -171, 0, 0, 0
L 711, -692, -171, 710, -691, -171, 0, 0, 0
L 713, -693, -171, 711, -692, -171, 0, 0, 0
L 715, -693, -171, 713, -693, -171, 0, 0, 0
L 716, -691, -171, 715, -693, -171, 0, 0, 0
L 716, -678, -171, 716, -691, -171, 0, 0, 0
L 755, -678, -171, 716, -678, -171, 0, 0, 0
L 756, -717, -171, 755, -678, -171, 0, 0, 0
L 744, -717, -171, 756, -717, -171, 0, 0, 0
L 742, -718, -171, 744, -717, -171, 0, 0, 0
L 741, -719, -171, 742, -718, -171, 0, 0, 0
L 741, -721, -171, 741, -719, -171, 0, 0, 0
L 742, -723, -171, 741, -721, -171, 0, 0, 0
L 743, -724, -171, 742, -723, -171, 0, 0, 0
L 745, -724, -171, 743, -724, -171, 0, 0, 0
L 746, -736, -171, 745, -724, -171, 0, 0, 0
L 744, -736, -171, 746, -736, -171, 0, 0, 0
L 744, -740, -171, 744, -736, -171, 0, 0, 0
L 746, -741, -171, 744, -740, -171, 0, 0, 0
L 746, -775, -171, 746, -741, -171, 0, 0, 0
L 744, -775, -171, 746, -775, -171, 0, 0, 0
L 744, -780, -171, 744, -775, -171, 0, 0, 0
L 746, -781, -171, 744, -780, -171, 0, 0, 0
L 746, -797, -171, 746, -781, -171, 0, 0, 0
L 747, -799, -171, 746, -797, -171, 0, 0, 0
L 750, -799, -171, 747, -799, -171, 0, 0, 0
L 752, -798, -171, 750, -799, -171, 0, 0, 0
L 752, -773, -171, 752, -798, -171, 0, 0, 0
L 780, -773, -171, 752, -773, -171, 0, 0, 0
L 779, -782, -171, 780, -773, -171, 0, 0, 0
L 780, -784, -171, 779, -782, -171, 0, 0, 0
L 787, -784, -171, 780, -784, -171, 0, 0, 0
L 787, -773, -171, 787, -784, -171, 0, 0, 0
L 787, -772, -169, 787, -773, -171, 0, 0, 0
L 796, -772, -168, 787, -772, -169, 0, 0, 0
L 797, -772, -169, 796, -772, -168, 0, 0, 0
L 800, -773, -171, 797, -772, -169, 0, 0, 0
L 800, -782, -171, 800, -773, -171, 0, 0, 0
L 799, -784, -171, 800, -782, -171, 0, 0, 0
L 805, -785, -171, 799, -784, -171, 0, 0, 0
L 807, -784, -171, 805, -785, -171, 0, 0, 0
L 807, -772, -169, 807, -784, -171, 0, 0, 0
L 809, -772, -166, 807, -772, -169, 0, 0, 0
L 811, -772, -166, 809, -772, -166, 0, 0, 0
L 821, -773, -171, 811, -772, -166, 0, 0, 0
L 821, -782, -171, 821, -773, -171, 0, 0, 0
L 822, -784, -171, 821, -782, -171, 0, 0, 0
L 828, -784, -171, 822, -784, -171, 0, 0, 0
L 829, -773, -171, 828, -784, -171, 0, 0, 0
L 835, -773, -171, 829, -773, -171, 0, 0, 0
L 835, -788, -171, 835, -773, -171, 0, 0, 0
L 835, -803, -168, 835, -788, -171, 0, 0, 0
L 835, -805, -167, 835, -803, -168, 0, 0, 0
L 835, -835, -171, 835, -805, -167, 0, 0, 0
L 829, -835, -171, 835, -835, -171, 0, 0, 0
L 829, -823, -171, 829, -835, -171, 0, 0, 0
L 822, -823, -171, 829, -823, -171, 0, 0, 0
L 821, -835, -171, 822, -823, -171, 0, 0, 0
L 817, -835, -168, 821, -835, -171, 0, 0, 0
L 807, -834, -171, 817, -835, -168, 0, 0, 0
L 808, -826, -171, 807, -834, -171, 0, 0, 0
L 807, -824, -171, 808, -826, -171, 0, 0, 0
L 806, -823, -171, 807, -824, -171, 0, 0, 0
L 801, -823, -171, 806, -823, -171, 0, 0, 0
L 799, -824, -171, 801, -823, -171, 0, 0, 0
L 800, -835, -171, 799, -824, -171, 0, 0, 0
L 791, -835, -168, 800, -835, -171, 0, 0, 0
L 789, -835, -169, 791, -835, -168, 0, 0, 0
L 788, -834, -171, 789, -835, -169, 0, 0, 0
L 787, -824, -171, 788, -834, -171, 0, 0, 0
L 786, -823, -171, 787, -824, -171, 0, 0, 0
L 780, -823, -171, 786, -823, -171, 0, 0, 0
L 780, -834, -171, 780, -823, -171, 0, 0, 0
L 770, -835, -171, 780, -834, -171, 0, 0, 0
L 760, -835, -167, 770, -835, -171, 0, 0, 0
L 758, -835, -168, 760, -835, -167, 0, 0, 0
L 755, -835, -171, 758, -835, -168, 0, 0, 0
L 753, -835, -171, 755, -835, -171, 0, 0, 0
L 752, -810, -171, 753, -835, -171, 0, 0, 0
L 751, -809, -171, 752, -810, -171, 0, 0, 0
L 748, -809, -171, 751, -809, -171, 0, 0, 0
L 746, -810, -171, 748, -809, -171, 0, 0, 0
L 746, -827, -171, 746, -810, -171, 0, 0, 0
L 744, -827, -171, 746, -827, -171, 0, 0, 0
L 744, -832, -171, 744, -827, -171, 0, 0, 0
L 746, -833, -171, 744, -832, -171, 0, 0, 0
L 746, -859, -171, 746, -833, -171, 0, 0, 0
L 744, -859, -171, 746, -859, -171, 0, 0, 0
L 744, -863, -171, 744, -859, -171, 0, 0, 0
L 746, -864, -171, 744, -863, -171, 0, 0, 0
L 746, -889, -171, 746, -864, -171, 0, 0, 0
L 722, -889, -171, 746, -889, -171, 0, 0, 0
L 721, -887, -171, 722, -889, -171, 0, 0, 0
L 717, -887, -171, 721, -887, -171, 0, 0, 0
L 716, -889, -171, 717, -887, -171, 0, 0, 0
L 690, -889, -171, 716, -889, -171, 0, 0, 0
L 690, -888, -171, 690, -889, -171, 0, 0, 0
L 689, -887, -171, 690, -888, -171, 0, 0, 0
L 685, -887, -171, 689, -887, -171, 0, 0, 0
L 685, -894, -171, 685, -887, -171, 0, 0, 0
L 679, -894, -171, 685, -894, -171, 0, 0, 0
L 678, -897, -171, 679, -894, -171, 0, 0, 0
L 679, -898, -171, 678, -897, -171, 0, 0, 0
L 681, -899, -171, 679, -898, -171, 0, 0, 0
L 681, -925, -171, 681, -899, -171, 0, 0, 0
L 679, -926, -171, 681, -925, -171, 0, 0, 0
L 679, -930, -171, 679, -926, -171, 0, 0, 0
L 680, -931, -171, 679, -930, -171, 0, 0, 0
L 681, -958, -171, 680, -931, -171, 0, 0, 0
L 679, -958, -171, 681, -958, -171, 0, 0, 0
L 679, -963, -171, 679, -958, -171, 0, 0, 0
L 681, -963, -171, 679, -963, -171, 0, 0, 0
L 681, -988, -171, 681, -963, -171, 0, 0, 0
L 656, -988, -171, 681, -988, -171, 0, 0, 0
L 656, -986, -171, 656, -988, -171, 0, 0, 0
L 652, -986, -171, 656, -986, -171, 0, 0, 0
L 651, -988, -171, 652, -986, -171, 0, 0, 0
L 625, -988, -171, 651, -988, -171, 0, 0, 0
L 625, -987, -171, 625, -988, -171, 0, 0, 0
L 624, -986, -171, 625, -987, -171, 0, 0, 0
L 620, -986, -171, 624, -986, -171, 0, 0, 0
L 620, -993, -171, 620, -986, -171, 0, 0, 0
L 614, -993, -171, 620, -993, -171, 0, 0, 0
L 613, -996, -171, 614, -993, -171, 0, 0, 0
L 613, -998, -171, 613, -996, -171, 0, 0, 0
L 615, -998, -171, 613, -998, -171, 0, 0, 0
L 615, -1025, -171, 615, -998, -171, 0, 0, 0
L 614, -1025, -171, 615, -1025, -171, 0, 0, 0
L 613, -1028, -171, 614, -1025, -171, 0, 0, 0
L 613, -1030, -171, 613, -1028, -171, 0, 0, 0
L 615, -1030, -171, 613, -1030, -171, 0, 0, 0
L 615, -1062, -171, 615, -1030, -171, 0, 0, 0
L 612, -1062, -171, 615, -1062, -171, 0, 0, 0
L 611, -1063, -171, 612, -1062, -171, 0, 0, 0
L 610, -1066, -171, 611, -1063, -171, 0, 0, 0
L 610, -1068, -171, 610, -1066, -171, 0, 0, 0
L 612, -1069, -171, 610, -1068, -171, 0, 0, 0
L 641, -1069, -171, 612, -1069, -171, 0, 0, 0
L 643, -1068, -171, 641, -1069, -171, 0, 0, 0
L 644, -1067, -171, 643, -1068, -171, 0, 0, 0
L 644, -1065, -171, 644, -1067, -171, 0, 0, 0
L 643, -1063, -171, 644, -1065, -171, 0, 0, 0
L 642, -1063, -171, 643, -1063, -171, 0, 0, 0
L 639, -1062, -171, 642, -1063, -171, 0, 0, 0
L 639, -1040, -168, 639, -1062, -171, 0, 0, 0
L 639, -1038, -167, 639, -1040, -168, 0, 0, 0
L 639, -1027, -167, 639, -1038, -167, 0, 0, 0
L 640, -1023, -171, 639, -1027, -167, 0, 0, 0
L 641, -1023, -171, 640, -1023, -171, 0, 0, 0
L 641, -1019, -171, 641, -1023, -171, 0, 0, 0
L 639, -1019, -171, 641, -1019, -171, 0, 0, 0
L 639, -1017, -171, 639, -1019, -171, 0, 0, 0
L 640, -1015, -171, 639, -1017, -171, 0, 0, 0
L 639, -1013, -171, 640, -1015, -171, 0, 0, 0
L 639, -1008, -171, 639, -1013, -171, 0, 0, 0
L 640, -1006, -171, 639, -1008, -171, 0, 0, 0
L 639, -1004, -171, 640, -1006, -171, 0, 0, 0
L 639, -1000, -171, 639, -1004, -171, 0, 0, 0
L 701, -1000, -171, 639, -1000, -171, 0, 0, 0
L 701, -1030, -168, 701, -1000, -171, 0, 0, 0
L 701, -1032, -170, 701, -1030, -168, 0, 0, 0
L 701, -1060, -171, 701, -1032, -170, 0, 0, 0
L 698, -1060, -171, 701, -1060, -171, 0, 0, 0
L 698, -1062, -171, 698, -1060, -171, 0, 0, 0
L 696, -1062, -171, 698, -1062, -171, 0, 0, 0
L 689, -1063, -171, 696, -1062, -171, 0, 0, 0
L 685, -1063, -168, 689, -1063, -171, 0, 0, 0
L 681, -1063, -168, 685, -1063, -168, 0, 0, 0
L 675, -1062, -171, 681, -1063, -168, 0, 0, 0
L 661, -1063, -167, 678, -1062, -171, 0, 0, 0
L 659, -1063, -169, 661, -1063, -167, 0, 0, 0
L 655, -1062, -171, 659, -1063, -169, 0, 0, 0
L 654, -1063, -171, 655, -1062, -171, 0, 0, 0
L 653, -1066, -171, 654, -1063, -171, 0, 0, 0
L 653, -1067, -171, 653, -1066, -171, 0, 0, 0
L 655, -1069, -171, 653, -1067, -171, 0, 0, 0
L 658, -1069, -171, 655, -1069, -171, 0, 0, 0
L 658, -1075, -171, 658, -1069, -171, 0, 0, 0
L 659, -1082, -166, 658, -1075, -171, 0, 0, 0
L 659, -1084, -166, 659, -1082, -166, 0, 0, 0
L 658, -1131, -171, 659, -1084, -166, 0, 0, 0
L 596, -1131, -171, 658, -1131, -171, 0, 0, 0
L 595, -1125, -167, 596, -1131, -171, 0, 0, 0
L 595, -1123, -167, 595, -1125, -167, 0, 0, 0
L 596, -1069, -171, 595, -1123, -167, 0, 0, 0
L 599, -1069, -171, 596, -1069, -171, 0, 0, 0
L 600, -1068, -171, 599, -1069, -171, 0, 0, 0
L 601, -1065, -171, 600, -1068, -171, 0, 0, 0
L 601, -1064, -171, 601, -1065, -171, 0, 0, 0
L 599, -1062, -171, 601, -1064, -171, 0, 0, 0
L 596, -1062, -171, 599, -1062, -171, 0, 0, 0
L 596, -1030, -171, 596, -1062, -171, 0, 0, 0
L 597, -1030, -171, 596, -1030, -171, 0, 0, 0
L 598, -1028, -171, 597, -1030, -171, 0, 0, 0
L 598, -1026, -171, 598, -1028, -171, 0, 0, 0
L 596, -1025, -171, 598, -1026, -171, 0, 0, 0
L 596, -998, -171, 596, -1025, -171, 0, 0, 0
L 597, -998, -171, 596, -998, -171, 0, 0, 0
L 598, -996, -171, 597, -998, -171, 0, 0, 0
L 598, -994, -171, 598, -996, -171, 0, 0, 0
L 596, -993, -171, 598, -994, -171, 0, 0, 0
L 596, -968, -171, 596, -993, -171, 0, 0, 0
L 620, -968, -171, 596, -968, -171, 0, 0, 0
L 620, -970, -171, 620, -968, -171, 0, 0, 0
L 623, -971, -171, 620, -970, -171, 0, 0, 0
L 625, -970, -171, 623, -971, -171, 0, 0, 0
L 625, -968, -171, 625, -970, -171, 0, 0, 0
L 651, -968, -171, 625, -968, -171, 0, 0, 0
L 651, -969, -171, 651, -968, -171, 0, 0, 0
L 652, -970, -171, 651, -969, -171, 0, 0, 0
L 656, -970, -171, 652, -970, -171, 0, 0, 0
L 656, -963, -171, 656, -970, -171, 0, 0, 0
L 659, -963, -171, 656, -963, -171, 0, 0, 0
L 661, -964, -171, 659, -963, -171, 0, 0, 0
L 663, -962, -171, 661, -964, -171, 0, 0, 0
L 664, -960, -171, 663, -962, -171, 0, 0, 0
L 663, -959, -171, 664, -960, -171, 0, 0, 0
L 661, -958, -171, 663, -959, -171, 0, 0, 0
L 661, -931, -171, 661, -958, -171, 0, 0, 0
L 663, -931, -171, 661, -931, -171, 0, 0, 0
L 663, -927, -171, 663, -931, -171, 0, 0, 0
L 661, -926, -171, 663, -927, -171, 0, 0, 0
L 661, -920, -171, 661, -926, -171, 0, 0, 0
L 660, -918, -171, 661, -920, -171, 0, 0, 0
L 659, -917, -171, 660, -918, -171, 0, 0, 0
L 657, -917, -171, 659, -917, -171, 0, 0, 0
L 655, -918, -171, 657, -917, -171, 0, 0, 0
L 655, -922, -171, 655, -918, -171, 0, 0, 0
L 641, -922, -171, 655, -922, -171, 0, 0, 0
L 641, -921, -171, 641, -922, -171, 0, 0, 0
L 639, -920, -171, 641, -921, -171, 0, 0, 0
L 637, -920, -171, 639, -920, -171, 0, 0, 0
L 636, -922, -171, 637, -920, -171, 0, 0, 0
L 602, -922, -181, 636, -922, -171, 0, 0, 0
L 599, -922, -181, 603, -922, -181, 0, 0, 0
L 599, -921, -181, 599, -922, -181, 0, 0, 0
L 597, -920, -181, 599, -921, -181, 0, 0, 0
L 595, -920, -181, 597, -920, -181, 0, 0, 0
L 594, -922, -181, 595, -920, -181, 0, 0, 0
L 567, -922, -181, 594, -922, -181, 0, 0, 0
L 567, -921, -181, 567, -922, -181, 0, 0, 0
L 565, -920, -181, 567, -921, -181, 0, 0, 0
L 563, -920, -181, 565, -920, -181, 0, 0, 0
L 562, -922, -181, 563, -920, -181, 0, 0, 0
L 536, -922, -181, 562, -922, -181, 0, 0, 0
L 536, -920, -181, 536, -922, -181, 0, 0, 0
L 535, -918, -181, 536, -920, -181, 0, 0, 0
L 534, -917, -181, 535, -918, -181, 0, 0, 0
L 532, -917, -181, 534, -917, -181, 0, 0, 0
L 530, -919, -181, 532, -917, -181, 0, 0, 0
L 530, -938, -181, 530, -919, -181, 0, 0, 0
L 525, -938, -181, 530, -938, -181, 0, 0, 0
L 523, -939, -181, 525, -938, -181, 0, 0, 0
L 523, -943, -181, 523, -939, -181, 0, 0, 0
L 525, -944, -181, 523, -943, -181, 0, 0, 0
L 525, -980, -181, 525, -944, -181, 0, 0, 0
L 523, -981, -181, 525, -980, -181, 0, 0, 0
L 523, -985, -181, 523, -981, -181, 0, 0, 0
L 525, -986, -181, 523, -985, -181, 0, 0, 0
L 525, -1016, -181, 525, -986, -181, 0, 0, 0
L 494, -1016, -181, 525, -1016, -181, 0, 0, 0
L 494, -1014, -181, 494, -1016, -181, 0, 0, 0
L 490, -1014, -181, 494, -1014, -181, 0, 0, 0
L 489, -1016, -181, 490, -1014, -181, 0, 0, 0
L 452, -1016, -181, 489, -1016, -181, 0, 0, 0
L 451, -1014, -181, 452, -1016, -181, 0, 0, 0
L 449, -1014, -181, 451, -1014, -181, 0, 0, 0
L 447, -1015, -181, 449, -1014, -181, 0, 0, 0
L 447, -1021, -181, 447, -1015, -181, 0, 0, 0
L 418, -1021, -181, 447, -1021, -181, 0, 0, 0
L 418, -1014, -181, 418, -1021, -181, 0, 0, 0
L 414, -1014, -181, 418, -1014, -181, 0, 0, 0
L 413, -1016, -181, 414, -1014, -181, 0, 0, 0
L 376, -1016, -181, 413, -1016, -181, 0, 0, 0
L 376, -1014, -181, 376, -1016, -181, 0, 0, 0
L 371, -1014, -181, 376, -1014, -181, 0, 0, 0
L 371, -1016, -181, 371, -1014, -181, 0, 0, 0
L 340, -1016, -181, 371, -1016, -181, 0, 0, 0
L 340, -986, -181, 340, -1016, -181, 0, 0, 0
L 342, -986, -181, 340, -986, -181, 0, 0, 0
L 342, -982, -181, 342, -986, -181, 0, 0, 0
L 341, -980, -181, 342, -982, -181, 0, 0, 0
L 340, -963, -181, 341, -980, -181, 0, 0, 0
L 656, -688, -161, 689, -688, -171, 0, 240, 0
L 655, -689, -161, 656, -688, -161, 0, 240, 0
L 653, -690, -161, 655, -689, -161, 0, 240, 0
L 651, -689, -161, 653, -690, -161, 0, 240, 0
L 650, -688, -161, 651, -689, -161, 0, 240, 0
L 627, -688, -161, 650, -688, -161, 0, 240, 0
L 626, -711, -161, 627, -688, -161, 0, 240, 0
L 628, -712, -161, 626, -711, -161, 0, 240, 0
L 628, -717, -161, 628, -712, -161, 0, 240, 0
L 626, -718, -161, 628, -717, -161, 0, 240, 0
L 626, -754, -151, 626, -718, -161, 0, 240, 0
L 627, -754, -151, 626, -754, -151, 0, 240, 0
L 628, -756, -151, 627, -754, -151, 0, 240, 0
L 628, -759, -151, 628, -756, -151, 0, 240, 0
L 622, -760, -151, 628, -759, -151, 0, 240, 0
L 622, -765, -151, 622, -760, -151, 0, 240, 0
L 621, -766, -151, 622, -765, -151, 0, 240, 0
L 619, -767, -151, 621, -766, -151, 0, 240, 0
L 617, -767, -151, 619, -767, -151, 0, 240, 0
L 616, -765, -151, 617, -767, -151, 0, 240, 0
L 610, -765, -151, 616, -765, -151, 0, 240, 0
L 609, -767, -151, 610, -765, -151, 0, 240, 0
L 607, -767, -151, 609, -767, -151, 0, 240, 0
L 605, -766, -151, 607, -767, -151, 0, 240, 0
L 604, -760, -151, 605, -766, -151, 0, 240, 0
L 598, -760, -151, 604, -760, -151, 0, 240, 0
L 597, -758, -151, 598, -760, -151, 0, 240, 0
L 597, -756, -151, 597, -758, -151, 0, 240, 0
L 599, -755, -151, 597, -756, -151, 0, 240, 0
L 599, -718, -141, 599, -755, -151, 0, 240, 0
L 598, -718, -141, 599, -718, -141, 0, 240, 0
L 597, -715, -141, 598, -718, -141, 0, 240, 0
L 597, -713, -141, 597, -715, -141, 0, 240, 0
L 599, -713, -141, 597, -713, -141, 0, 240, 0
L 599, -689, -141, 599, -713, -141, 0, 240, 0
L 575, -689, -141, 599, -689, -141, 0, 240, 0
L 574, -690, -141, 575, -689, -141, 0, 240, 0
L 572, -691, -141, 574, -690, -141, 0, 240, 0
L 570, -691, -141, 572, -691, -141, 0, 240, 0
L 569, -689, -141, 570, -691, -141, 0, 240, 0
L 533, -689, -131, 569, -689, -141, 0, 240, 0
L 532, -690, -131, 533, -689, -131, 0, 240, 0
L 530, -691, -131, 532, -690, -131, 0, 240, 0
L 528, -690, -131, 530, -691, -131, 0, 240, 0
L 527, -689, -131, 528, -690, -131, 0, 240, 0
L 511, -689, -131, 527, -689, -131, 0, 240, 0
L 510, -691, -131, 511, -689, -131, 0, 240, 0
L 508, -691, -131, 510, -691, -131, 0, 240, 0
L 506, -690, -131, 508, -691, -131, 0, 240, 0
L 505, -686, -131, 506, -690, -131, 0, 240, 0
L 505, -684, -131, 505, -686, -131, 0, 240, 0
L 496, -684, -131, 505, -684, -131, 0, 240, 0
L 496, -686, -131, 496, -684, -131, 0, 240, 0
L 492, -686, -131, 496, -686, -131, 0, 240, 0
L 491, -684, -131, 492, -686, -131, 0, 240, 0
L 474, -684, -131, 491, -684, -131, 0, 240, 0
L 474, -686, -131, 474, -684, -131, 0, 240, 0
L 470, -686, -131, 474, -686, -131, 0, 240, 0
L 469, -684, -131, 470, -686, -131, 0, 240, 0
L 452, -684, -131, 469, -684, -131, 0, 240, 0
L 452, -685, -131, 452, -684, -131, 0, 240, 0
L 451, -686, -131, 452, -685, -131, 0, 240, 0
L 447, -686, -131, 451, -686, -131, 0, 240, 0
L 447, -679, -131, 447, -686, -131, 0, 240, 0
L 441, -679, -131, 447, -679, -131, 0, 240, 0
L 440, -676, -131, 441, -679, -131, 0, 240, 0
L 440, -674, -131, 440, -676, -131, 0, 240, 0
L 442, -674, -131, 440, -674, -131, 0, 240, 0
L 442, -607, -111, 442, -674, -131, 0, 240, 0
L 441, -607, -111, 442, -607, -111, 0, 240, 0
L 440, -604, -111, 441, -607, -111, 0, 240, 0
L 440, -603, -111, 440, -604, -111, 0, 240, 0
L 442, -602, -111, 440, -603, -111, 0, 240, 0
L 442, -573, -103, 442, -602, -111, 0, 240, 0
L 442, -542, -92, 442, -576, -103, 0, 240, 0
L 442, -541, -91, 442, -542, -92, 0, 240, 0
L 441, -538, -91, 442, -541, -91, 0, 240, 0
L 441, -536, -91, 441, -538, -91, 0, 240, 0
L 440, -534, -91, 441, -536, -91, 0, 240, 0
L 426, -534, -91, 440, -534, -91, 0, 240, 0
L 424, -535, -91, 426, -534, -91, 0, 240, 0
L 424, -539, -91, 424, -535, -91, 0, 240, 0
L 423, -541, -92, 424, -539, -91, 0, 240, 0
L 423, -602, -111, 423, -541, -92, 0, 240, 0
L 424, -602, -111, 423, -602, -111, 0, 240, 0
L 425, -604, -111, 424, -602, -111, 0, 240, 0
L 425, -606, -111, 425, -604, -111, 0, 240, 0
L 423, -607, -111, 425, -606, -111, 0, 240, 0
L 423, -674, -131, 423, -607, -111, 0, 240, 0
L 424, -674, -131, 423, -674, -131, 0, 240, 0
L 425, -677, -131, 424, -674, -131, 0, 240, 0
L 425, -677, -131, 424, -679, -131, 0, 240, 0
L 418, -679, -131, 424, -679, -131, 0, 240, 0
L 418, -686, -131, 418, -679, -131, 0, 240, 0
L 414, -686, -131, 418, -686, -131, 0, 240, 0
L 413, -684, -131, 414, -686, -131, 0, 240, 0
L 396, -684, -131, 413, -684, -131, 0, 240, 0
L 396, -686, -131, 396, -684, -131, 0, 240, 0
L 392, -686, -131, 396, -686, -131, 0, 240, 0
L 391, -684, -131, 392, -686, -131, 0, 240, 0
L 374, -684, -131, 391, -684, -131, 0, 240, 0
L 374, -686, -131, 374, -684, -131, 0, 240, 0
L 370, -686, -131, 374, -686, -131, 0, 240, 0
L 369, -684, -131, 370, -686, -131, 0, 240, 0
L 360, -684, -131, 369, -684, -131, 0, 240, 0
L 360, -689, -131, 360, -684, -131, 0, 240, 0
L 359, -690, -131, 360, -689, -131, 0, 240, 0
L 357, -691, -131, 359, -690, -131, 0, 240, 0
L 355, -691, -131, 357, -691, -131, 0, 240, 0
L 354, -689, -131, 355, -691, -131, 0, 240, 0
L 338, -689, -131, 354, -689, -131, 0, 240, 0
L 337, -690, -131, 338, -689, -131, 0, 240, 0
L 335, -691, -131, 337, -690, -131, 0, 240, 0
L 333, -691, -131, 335, -691, -131, 0, 240, 0
L 332, -689, -131, 333, -691, -131, 0, 240, 0
L 326, -689, -132, 332, -689, -131, 0, 240, 0
L 296, -689, -141, 326, -689, -132, 0, 240, 0
L 295, -690, -141, 296, -689, -141, 0, 240, 0
L 293, -691, -141, 295, -690, -141, 0, 240, 0
L 291, -691, -141, 293, -691, -141, 0, 240, 0
L 290, -689, -141, 291, -691, -141, 0, 240, 0
L 267, -689, -141, 290, -689, -141, 0, 240, 0
L 266, -713, -141, 267, -689, -141, 0, 240, 0
L 268, -713, -141, 266, -713, -141, 0, 240, 0
L 268, -718, -141, 268, -713, -141, 0, 240, 0
L 266, -719, -141, 268, -718, -141, 0, 240, 0
L 266, -755, -151, 266, -719, -141, 0, 240, 0
L 268, -756, -151, 266, -755, -151, 0, 240, 0
L 268, -760, -151, 268, -756, -151, 0, 240, 0
L 262, -761, -151, 268, -760, -151, 0, 240, 0
L 262, -766, -151, 262, -761, -151, 0, 240, 0
L 261, -767, -151, 262, -766, -151, 0, 240, 0
L 259, -768, -151, 261, -767, -151, 0, 240, 0
L 257, -768, -151, 259, -768, -151, 0, 240, 0
L 256, -766, -151, 257, -768, -151, 0, 240, 0
L 250, -766, -151, 256, -766, -151, 0, 240, 0
L 249, -768, -151, 250, -766, -151, 0, 240, 0
L 247, -768, -151, 249, -768, -151, 0, 240, 0
L 245, -767, -151, 247, -768, -151, 0, 240, 0
L 244, -761, -151, 245, -767, -151, 0, 240, 0
L 238, -761, -151, 244, -761, -151, 0, 240, 0
L 237, -759, -151, 238, -761, -151, 0, 240, 0
L 237, -757, -151, 237, -759, -151, 0, 240, 0
L 239, -756, -151, 237, -757, -151, 0, 240, 0
L 239, -719, -161, 239, -756, -151, 0, 240, 0
L 238, -719, -161, 239, -719, -161, 0, 240, 0
L 237, -716, -161, 238, -719, -161, 0, 240, 0
L 237, -714, -161, 237, -716, -161, 0, 240, 0
L 239, -714, -161, 237, -714, -161, 0, 240, 0
L 239, -714, -161, 239, -690, -161, 0, 240, 0
L 239, -690, -161, 239, -692, -161, 0, 240, 0
L 215, -690, -161, 239, -690, -161, 0, 240, 0
L 214, -691, -161, 215, -690, -161, 0, 240, 0
L 212, -692, -161, 214, -691, -161, 0, 240, 0
L 210, -692, -161, 212, -692, -161, 0, 240, 0
L 209, -690, -161, 210, -692, -161, 0, 240, 0
L 176, -690, -171, 209, -690, -161, 0, 240, 0
L 285, -713, -141, 290, -713, -141, 0, 240, 0
L 284, -715, -141, 285, -713, -141, 0, 240, 0
L 284, -718, -141, 284, -715, -141, 0, 240, 0
L 286, -719, -141, 284, -718, -141, 0, 240, 0
L 286, -755, -151, 286, -719, -141, 0, 240, 0
L 284, -755, -151, 286, -755, -151, 0, 240, 0
L 284, -759, -151, 284, -755, -151, 0, 240, 0
L 285, -761, -151, 284, -759, -151, 0, 240, 0
L 286, -785, -151, 285, -761, -151, 0, 240, 0
L 262, -785, -151, 286, -785, -151, 0, 240, 0
L 261, -783, -151, 262, -785, -151, 0, 240, 0
L 257, -783, -151, 261, -783, -151, 0, 240, 0
L 256, -785, -151, 257, -783, -151, 0, 240, 0
L 250, -785, -151, 256, -785, -151, 0, 240, 0
L 249, -783, -151, 250, -785, -151, 0, 240, 0
L 245, -783, -151, 249, -783, -151, 0, 240, 0
L 244, -785, -151, 245, -783, -151, 0, 240, 0
L 220, -785, -151, 244, -785, -151, 0, 240, 0
L 220, -761, -151, 220, -785, -151, 0, 240, 0
L 221, -761, -151, 220, -761, -151, 0, 240, 0
L 222, -758, -151, 221, -761, -151, 0, 240, 0
L 222, -756, -151, 222, -758, -151, 0, 240, 0
L 220, -756, -151, 222, -756, -151, 0, 240, 0
L 220, -719, -161, 220, -756, -151, 0, 240, 0
L 221, -719, -161, 220, -719, -161, 0, 240, 0
L 222, -716, -161, 221, -719, -161, 0, 240, 0
L 221, -714, -161, 222, -716, -161, 0, 240, 0
L 215, -714, -161, 221, -714, -161, 0, 240, 0
L 215, -709, -161, 215, -714, -161, 0, 240, 0
L 214, -707, -161, 215, -709, -161, 0, 240, 0
L 210, -707, -161, 214, -707, -161, 0, 240, 0
L 209, -709, -161, 210, -707, -161, 0, 240, 0
L 205, -709, -161, 209, -709, -161, 0, 240, 0
L 181, -709, -169, 205, -709, -161, 0, 240, 0
L 179, -709, -170, 181, -709, -169, 0, 240, 0
L 176, -709, -171, 179, -709, -170, 0, 240, 0
L 173, -709, -171, 176, -709, -171, 0, 0, 0
L 172, -707, -171, 173, -709, -171, 0, 0, 0
L 168, -707, -171, 172, -707, -171, 0, 0, 0
L 167, -709, -171, 168, -707, -171, 0, 0, 0
L 157, -709, -171, 167, -709, -171, 0, 0, 0
L 155, -708, -171, 157, -709, -171, 0, 0, 0
L 155, -706, -171, 155, -708, -171, 0, 0, 0
L 153, -704, -171, 155, -706, -171, 0, 0, 0
L 151, -704, -171, 153, -704, -171, 0, 0, 0
L 149, -706, -171, 151, -704, -171, 0, 0, 0
L 149, -719, -171, 149, -706, -171, 0, 0, 0
L 137, -719, -171, 149, -719, -171, 0, 0, 0
L 135, -720, -171, 137, -719, -171, 0, 0, 0
L 134, -721, -171, 135, -720, -171, 0, 0, 0
L 134, -723, -171, 134, -721, -171, 0, 0, 0
L 135, -725, -171, 134, -723, -171, 0, 0, 0
L 136, -726, -171, 135, -725, -171, 0, 0, 0
L 138, -726, -171, 136, -726, -171, 0, 0, 0
L 139, -738, -171, 138, -726, -171, 0, 0, 0
L 137, -738, -171, 139, -738, -171, 0, 0, 0
L 137, -742, -171, 137, -738, -171, 0, 0, 0
L 138, -743, -171, 137, -742, -171, 0, 0, 0
L 139, -758, -171, 138, -743, -171, 0, 0, 0
L 137, -758, -171, 139, -758, -171, 0, 0, 0
L 137, -762, -171, 137, -758, -171, 0, 0, 0
L 139, -763, -171, 137, -762, -171, 0, 0, 0
L 139, -771, -171, 139, -763, -171, 0, 0, 0
L 141, -772, -171, 139, -771, -171, 0, 0, 0
L 143, -772, -171, 141, -772, -171, 0, 0, 0
L 145, -771, -171, 143, -772, -171, 0, 0, 0
L 145, -769, -171, 145, -771, -171, 0, 0, 0
L 147, -768, -171, 145, -769, -171, 0, 0, 0
L 148, -763, -171, 147, -768, -171, 0, 0, 0
L 148, -761, -171, 148, -763, -171, 0, 0, 0
L 147, -759, -171, 148, -761, -171, 0, 0, 0
L 145, -759, -171, 147, -759, -171, 0, 0, 0
L 145, -757, -171, 145, -759, -171, 0, 0, 0
L 148, -757, -171, 145, -757, -171, 0, 0, 0
L 158, -756, -168, 148, -757, -171, 0, 0, 0
L 174, -757, -170, 158, -756, -168, 0, 0, 0
L 176, -756, -171, 174, -757, -170, 0, 0, 0
L 176, -772, -171, 176, -756, -171, 0, 0, 0
L 177, -795, -169, 176, -772, -171, 0, 0, 0
L 177, -796, -169, 177, -795, -169, 0, 0, 0
L 175, -797, -167, 177, -796, -169, 0, 0, 0
L 173, -797, -169, 175, -797, -167, 0, 0, 0
L 171, -797, -170, 173, -797, -169, 0, 0, 0
L 170, -796, -171, 171, -797, -170, 0, 0, 0
L 145, -796, -171, 170, -796, -171, 0, 0, 0
L 145, -794, -171, 145, -796, -171, 0, 0, 0
L 147, -793, -171, 145, -794, -171, 0, 0, 0
L 148, -786, -171, 147, -793, -171, 0, 0, 0
L 147, -785, -171, 148, -786, -171, 0, 0, 0
L 145, -784, -171, 147, -785, -171, 0, 0, 0
L 145, -782, -171, 145, -784, -171, 0, 0, 0
L 143, -781, -171, 145, -782, -171, 0, 0, 0
L 141, -781, -171, 143, -781, -171, 0, 0, 0
L 139, -782, -171, 141, -781, -171, 0, 0, 0
L 139, -790, -171, 139, -782, -171, 0, 0, 0
L 137, -790, -171, 139, -790, -171, 0, 0, 0
L 137, -794, -171, 137, -790, -171, 0, 0, 0
L 138, -795, -171, 137, -794, -171, 0, 0, 0
L 139, -810, -171, 138, -795, -171, 0, 0, 0
L 137, -810, -171, 139, -810, -171, 0, 0, 0
L 137, -814, -171, 137, -810, -171, 0, 0, 0
L 138, -815, -171, 137, -814, -171, 0, 0, 0
L 139, -827, -171, 138, -815, -171, 0, 0, 0
L 136, -827, -171, 139, -827, -171, 0, 0, 0
L 134, -828, -171, 136, -827, -171, 0, 0, 0
L 134, -832, -171, 134, -828, -171, 0, 0, 0
L 136, -834, -171, 134, -832, -171, 0, 0, 0
L 148, -834, -171, 136, -834, -171, 0, 0, 0
L 149, -844, -171, 148, -834, -171, 0, 0, 0
L 149, -848, -171, 149, -844, -171, 0, 0, 0
L 151, -849, -171, 149, -848, -171, 0, 0, 0
L 153, -849, -171, 151, -849, -171, 0, 0, 0
L 155, -847, -171, 153, -849, -171, 0, 0, 0
L 155, -844, -171, 155, -847, -171, 0, 0, 0
L 187, -844, -171, 155, -844, -171, 0, 0, 0
L 188, -845, -171, 187, -844, -171, 0, 0, 0
L 190, -846, -171, 188, -845, -171, 0, 0, 0
L 192, -846, -171, 190, -846, -171, 0, 0, 0
L 193, -844, -171, 192, -846, -171, 0, 0, 0
L 217, -844, -171, 193, -844, -171, 0, 0, 0
L 217, -868, -171, 217, -844, -171, 0, 0, 0
L 216, -868, -171, 217, -868, -171, 0, 0, 0
L 215, -870, -171, 216, -868, -171, 0, 0, 0
L 215, -872, -171, 215, -870, -171, 0, 0, 0
L 217, -873, -171, 215, -872, -171, 0, 0, 0
L 217, -879, -171, 217, -873, -171, 0, 0, 0
L 218, -881, -171, 217, -879, -171, 0, 0, 0
L 220, -882, -171, 218, -881, -171, 0, 0, 0
L 222, -882, -171, 220, -882, -171, 0, 0, 0
L 223, -880, -171, 222, -882, -171, 0, 0, 0
L 224, -879, -171, 223, -880, -171, 0, 0, 0
L 224, -877, -171, 224, -879, -171, 0, 0, 0
L 234, -877, -171, 224, -877, -171, 0, 0, 0
L 234, -896, -171, 224, -896, -171, 0, 0, 0
L 264, -896, -181, 234, -896, -171, 255, 0, 123
L 266, -896, -181, 264, -896, -181, 255, 0, 123
L 266, -894, -181, 266, -896, -181, 255, 0, 123
L 271, -894, -181, 266, -894, -181, 255, 0, 123
L 271, -896, -181, 271, -894, -181, 255, 0, 123
L 295, -896, -181, 271, -896, -181, 255, 0, 123
L 295, -872, -181, 295, -896, -181, 255, 0, 123
L 294, -871, -181, 295, -872, -181, 255, 0, 123
L 293, -869, -181, 294, -871, -181, 255, 0, 123
L 293, -867, -181, 293, -869, -181, 255, 0, 123
L 295, -866, -181, 293, -867, -181, 255, 0, 123
L 295, -861, -181, 295, -866, -181, 255, 0, 123
L 290, -708, -141, 290, -713, -141, 0, 240, 0
L 291, -706, -141, 290, -708, -141, 0, 240, 0
L 295, -706, -141, 291, -706, -141, 0, 240, 0
L 296, -708, -141, 295, -706, -141, 0, 240, 0
L 332, -708, -131, 296, -708, -141, 0, 240, 0
L 333, -706, -131, 332, -708, -131, 0, 240, 0
L 337, -706, -131, 333, -706, -131, 0, 240, 0
L 338, -708, -131, 337, -706, -131, 0, 240, 0
L 354, -708, -131, 338, -708, -131, 0, 240, 0
L 355, -706, -131, 354, -708, -131, 0, 240, 0
L 359, -706, -131, 355, -706, -131, 0, 240, 0
L 360, -710, -131, 359, -706, -131, 0, 240, 0
L 360, -712, -131, 360, -710, -131, 0, 240, 0
L 365, -713, -131, 360, -712, -131, 0, 240, 0
L 366, -712, -131, 365, -713, -131, 0, 240, 0
L 368, -712, -131, 366, -712, -131, 0, 240, 0
L 369, -713, -131, 368, -712, -131, 0, 240, 0
L 370, -715, -131, 369, -713, -131, 0, 240, 0
L 369, -716, -131, 370, -715, -131, 0, 240, 0
L 386, -733, -131, 369, -716, -131, 0, 240, 0
L 388, -733, -131, 386, -733, -131, 0, 240, 0
L 388, -737, -131, 388, -733, -131, 0, 240, 0
L 387, -738, -131, 388, -737, -131, 0, 240, 0
L 386, -765, -131, 387, -738, -131, 0, 240, 0
L 387, -765, -131, 386, -765, -131, 0, 240, 0
L 388, -766, -131, 387, -765, -131, 0, 240, 0
L 388, -770, -131, 388, -766, -131, 0, 240, 0
L 402, -784, -131, 388, -770, -131, 0, 240, 0
L 406, -784, -131, 402, -784, -131, 0, 240, 0
L 407, -785, -131, 406, -784, -131, 0, 240, 0
L 413, -786, -131, 407, -785, -131, 0, 240, 0
L 413, -785, -131, 413, -786, -131, 0, 240, 0
L 414, -784, -131, 413, -785, -131, 0, 240, 0
L 418, -784, -131, 414, -784, -131, 0, 240, 0
L 418, -790, -131, 418, -784, -131, 0, 240, 0
L 424, -791, -131, 418, -790, -131, 0, 240, 0
L 427, -791, -131, 424, -791, -131, 0, 240, 0
L 428, -794, -131, 427, -791, -131, 0, 240, 0
L 428, -796, -131, 428, -794, -131, 0, 240, 0
L 426, -797, -131, 428, -796, -131, 0, 240, 0
L 419, -797, -131, 426, -797, -131, 0, 240, 0
L 418, -807, -131, 419, -797, -131, 0, 240, 0
L 418, -809, -131, 418, -807, -131, 0, 240, 0
L 413, -809, -131, 418, -809, -131, 0, 240, 0
L 413, -808, -131, 413, -809, -131, 0, 240, 0
L 365, -807, -131, 413, -808, -131, 0, 240, 0
L 365, -808, -131, 365, -807, -131, 0, 240, 0
L 364, -809, -131, 365, -808, -131, 0, 240, 0
L 361, -809, -131, 364, -809, -131, 0, 240, 0
L 360, -808, -131, 361, -809, -131, 0, 240, 0
L 340, -807, -131, 360, -808, -131, 0, 240, 0
L 339, -828, -131, 340, -807, -131, 0, 240, 0
L 341, -828, -131, 339, -828, -131, 0, 240, 0
L 341, -832, -131, 341, -828, -131, 0, 240, 0
L 340, -833, -131, 341, -832, -131, 0, 240, 0
L 340, -881, -131, 340, -833, -131, 0, 240, 0
L 341, -881, -131, 340, -881, -131, 0, 240, 0
L 341, -885, -131, 341, -881, -131, 0, 240, 0
L 340, -886, -131, 341, -885, -131, 0, 240, 0
L 339, -939, -131, 340, -886, -131, 0, 240, 0
L 341, -939, -131, 339, -939, -131, 0, 240, 0
L 341, -943, -131, 341, -939, -131, 0, 240, 0
L 340, -944, -131, 341, -943, -131, 0, 240, 0
L 339, -992, -131, 340, -944, -131, 0, 240, 0
L 341, -992, -131, 339, -992, -131, 0, 240, 0
L 341, -996, -131, 341, -992, -131, 0, 240, 0
L 340, -997, -131, 341, -996, -131, 0, 240, 0
L 339, -1018, -131, 340, -997, -131, 0, 240, 0
L 360, -1018, -131, 339, -1018, -131, 0, 240, 0
L 360, -1016, -131, 360, -1018, -131, 0, 240, 0
L 365, -1016, -131, 360, -1016, -131, 0, 240, 0
L 365, -1018, -131, 365, -1016, -131, 0, 240, 0
L 413, -1018, -131, 365, -1018, -131, 0, 240, 0
L 413, -1016, -131, 413, -1018, -131, 0, 240, 0
L 416, -1016, -131, 413, -1016, -131, 0, 240, 0
L 416, -1016, -131, 418, -1016, -131, 0, 240, 0
L 418, -1034, -131, 418, -1016, -131, 0, 240, 0
L 426, -1034, -131, 418, -1034, -131, 0, 240, 0
L 427, -1035, -131, 426, -1034, -131, 0, 240, 0
L 428, -1037, -131, 427, -1035, -131, 0, 240, 0
L 428, -1039, -131, 428, -1037, -131, 0, 240, 0
L 426, -1040, -131, 428, -1039, -131, 0, 240, 0
L 419, -1040, -131, 426, -1040, -131, 0, 240, 0
L 418, -1043, -131, 419, -1040, -131, 0, 240, 0
L 418, -1045, -131, 418, -1043, -131, 0, 240, 0
L 417, -1047, -131, 418, -1045, -131, 0, 240, 0
L 413, -1047, -131, 417, -1047, -131, 0, 240, 0
L 413, -1045, -131, 413, -1047, -131, 0, 240, 0
L 408, -1045, -131, 413, -1045, -131, 0, 240, 0
L 407, -1046, -131, 408, -1045, -131, 0, 240, 0
L 405, -1047, -131, 407, -1046, -131, 0, 240, 0
L 402, -1047, -131, 405, -1047, -131, 0, 240, 0
L 389, -1059, -131, 402, -1047, -131, 0, 240, 0
L 388, -1061, -131, 389, -1059, -131, 0, 240, 0
L 388, -1065, -131, 388, -1061, -131, 0, 240, 0
L 387, -1066, -131, 388, -1065, -131, 0, 240, 0
L 386, -1091, -131, 387, -1066, -131, 0, 240, 0
L 387, -1093, -131, 386, -1091, -131, 0, 240, 0
L 388, -1094, -131, 387, -1093, -131, 0, 240, 0
L 388, -1098, -131, 388, -1094, -131, 0, 240, 0
L 386, -1098, -131, 388, -1098, -131, 0, 240, 0
L 371, -1113, -131, 386, -1098, -131, 0, 240, 0
L 370, -1115, -131, 371, -1113, -131, 0, 240, 0
L 370, -1117, -131, 370, -1115, -131, 0, 240, 0
L 368, -1119, -131, 370, -1117, -131, 0, 240, 0
L 367, -1119, -131, 368, -1119, -131, 0, 240, 0
L 365, -1118, -131, 367, -1119, -131, 0, 240, 0
L 360, -1118, -131, 365, -1118, -131, 0, 240, 0
L 360, -1122, -131, 360, -1118, -131, 0, 240, 0
L 359, -1124, -131, 360, -1122, -131, 0, 240, 0
L 357, -1125, -131, 359, -1124, -131, 0, 240, 0
L 355, -1124, -131, 357, -1125, -131, 0, 240, 0
L 354, -1123, -131, 355, -1124, -131, 0, 240, 0
L 338, -1123, -131, 354, -1123, -131, 0, 240, 0
L 337, -1125, -131, 338, -1123, -131, 0, 240, 0
L 335, -1125, -131, 337, -1125, -131, 0, 240, 0
L 333, -1124, -131, 335, -1125, -131, 0, 240, 0
L 332, -1122, -131, 333, -1124, -131, 0, 240, 0
L 332, -1120, -131, 332, -1122, -131, 0, 240, 0
L 331, -1118, -131, 332, -1120, -131, 0, 240, 0
L 326, -1118, -131, 331, -1118, -131, 0, 240, 0
L 325, -1116, -131, 326, -1118, -131, 0, 240, 0
L 325, -1114, -131, 325, -1116, -131, 0, 240, 0
L 327, -1113, -131, 325, -1114, -131, 0, 240, 0
L 327, -1079, -141, 327, -1113, -131, 0, 240, 0
L 327, -1077, -141, 327, -1079, -141, 0, 240, 0
L 326, -1076, -141, 327, -1077, -141, 0, 240, 0
L 325, -1074, -141, 326, -1076, -141, 0, 240, 0
L 325, -1072, -141, 325, -1074, -141, 0, 240, 0
L 327, -1071, -141, 325, -1072, -141, 0, 240, 0
L 327, -1047, -141, 327, -1071, -141, 0, 240, 0
L 303, -1047, -141, 327, -1047, -141, 0, 240, 0
L 302, -1049, -141, 303, -1047, -141, 0, 240, 0
L 300, -1049, -141, 302, -1049, -141, 0, 240, 0
L 298, -1048, -141, 300, -1049, -141, 0, 240, 0
L 297, -1047, -141, 298, -1048, -141, 0, 240, 0
L 263, -1047, -151, 297, -1047, -141, 0, 240, 0
L 261, -1047, -151, 263, -1047, -151, 0, 240, 0
L 260, -1049, -151, 261, -1047, -151, 0, 240, 0
L 258, -1049, -151, 260, -1049, -151, 0, 240, 0
L 256, -1048, -151, 258, -1049, -151, 0, 240, 0
L 255, -1047, -151, 256, -1048, -151, 0, 240, 0
L 221, -1047, -161, 255, -1047, -151, 0, 240, 0
L 219, -1047, -161, 221, -1047, -161, 0, 240, 0
L 218, -1048, -161, 219, -1047, -161, 0, 240, 0
L 216, -1049, -161, 218, -1048, -161, 0, 240, 0
L 214, -1049, -161, 216, -1049, -161, 0, 240, 0
L 213, -1047, -161, 214, -1049, -161, 0, 240, 0
L 210, -1047, -161, 213, -1047, -161, 0, 240, 0
L 180, -1047, -171, 210, -1047, -161, 0, 240, 0
L 157, -1047, -171, 180, -1047, -171, 0, 0, 0
L 156, -1049, -171, 157, -1047, -171, 0, 0, 0
L 154, -1049, -171, 156, -1049, -171, 0, 0, 0
L 152, -1048, -171, 154, -1049, -171, 0, 0, 0
L 151, -1047, -171, 152, -1048, -171, 0, 0, 0
L 137, -1047, -171, 151, -1047, -171, 0, 0, 0
L 136, -1048, -171, 137, -1047, -171, 0, 0, 0
L 136, -1050, -171, 136, -1048, -171, 0, 0, 0
L 135, -1051, -171, 136, -1050, -171, 0, 0, 0
L 133, -1052, -171, 135, -1051, -171, 0, 0, 0
L 131, -1052, -171, 133, -1052, -171, 0, 0, 0
L 130, -1050, -171, 131, -1052, -171, 0, 0, 0
L 129, -1037, -171, 130, -1050, -171, 0, 0, 0
L 117, -1037, -171, 129, -1037, -171, 0, 0, 0
L 115, -1036, -171, 117, -1037, -171, 0, 0, 0
L 114, -1034, -171, 115, -1036, -171, 0, 0, 0
L 114, -1033, -171, 114, -1034, -171, 0, 0, 0
L 115, -1031, -171, 114, -1033, -171, 0, 0, 0
L 117, -1030, -171, 115, -1031, -171, 0, 0, 0
L 119, -1030, -171, 117, -1030, -171, 0, 0, 0
L 119, -1009, -171, 119, -1030, -171, 0, 0, 0
L 118, -1008, -171, 119, -1009, -171, 0, 0, 0
L 117, -1006, -171, 118, -1008, -171, 0, 0, 0
L 117, -1004, -171, 117, -1006, -171, 0, 0, 0
L 119, -1003, -171, 117, -1004, -171, 0, 0, 0
L 119, -997, -171, 119, -1003, -171, 0, 0, 0
L 120, -995, -171, 119, -997, -171, 0, 0, 0
L 122, -994, -171, 120, -995, -171, 0, 0, 0
L 124, -994, -171, 122, -994, -171, 0, 0, 0
L 125, -995, -171, 124, -994, -171, 0, 0, 0
L 126, -1020, -171, 125, -995, -171, 0, 0, 0
L 141, -1020, -171, 126, -1020, -171, 0, 0, 0
L 143, -1019, -171, 141, -1020, -171, 0, 0, 0
L 144, -1018, -171, 143, -1019, -171, 0, 0, 0
L 149, -1018, -171, 144, -1018, -171, 0, 0, 0
L 151, -1016, -171, 149, -1018, -171, 0, 0, 0
L 163, -1016, -171, 151, -1016, -171, 0, 0, 0
L 163, -1018, -171, 163, -1016, -171, 0, 0, 0
L 166, -1018, -171, 163, -1018, -171, 0, 0, 0
L 170, -1017, -171, 166, -1018, -171, 0, 0, 0
L 171, -1018, -171, 170, -1017, -171, 0, 0, 0
L 171, -1020, -171, 171, -1018, -171, 0, 0, 0
L 188, -1020, -171, 171, -1020, -171, 0, 0, 0
L 188, -958, -171, 188, -1020, -171, 0, 0, 0
L 173, -958, -171, 188, -958, -171, 0, 0, 0
L 172, -960, -171, 173, -958, -171, 0, 0, 0
L 165, -960, -171, 172, -960, -171, 0, 0, 0
L 164, -962, -171, 165, -960, -171, 0, 0, 0
L 154, -963, -171, 164, -962, -171, 0, 0, 0
L 152, -963, -171, 154, -963, -171, 0, 0, 0
L 150, -962, -171, 152, -963, -171, 0, 0, 0
L 149, -960, -171, 150, -962, -171, 0, 0, 0
L 147, -961, -171, 149, -960, -171, 0, 0, 0
L 145, -960, -171, 147, -961, -171, 0, 0, 0
L 143, -960, -171, 145, -960, -171, 0, 0, 0
L 143, -958, -171, 143, -960, -171, 0, 0, 0
L 126, -958, -171, 143, -958, -171, 0, 0, 0
L 126, -982, -171, 126, -958, -171, 0, 0, 0
L 125, -984, -171, 126, -982, -171, 0, 0, 0
L 123, -985, -171, 125, -984, -171, 0, 0, 0
L 121, -985, -171, 123, -985, -171, 0, 0, 0
L 120, -983, -171, 121, -985, -171, 0, 0, 0
L 119, -979, -171, 120, -983, -171, 0, 0, 0
L 119, -977, -171, 119, -979, -171, 0, 0, 0
L 118, -976, -171, 119, -977, -171, 0, 0, 0
L 117, -974, -171, 118, -976, -171, 0, 0, 0
L 117, -972, -171, 117, -974, -171, 0, 0, 0
L 119, -971, -171, 117, -972, -171, 0, 0, 0
L 119, -940, -171, 119, -971, -171, 0, 0, 0
L 117, -939, -171, 119, -940, -171, 0, 0, 0
L 117, -937, -171, 117, -939, -171, 0, 0, 0
L 118, -935, -171, 117, -937, -171, 0, 0, 0
L 123, -935, -171, 118, -935, -171, 0, 0, 0
L 124, -932, -171, 123, -935, -171, 0, 0, 0
L 124, -928, -171, 124, -932, -171, 0, 0, 0
L 128, -928, -171, 124, -928, -171, 0, 0, 0
L 129, -930, -171, 128, -928, -171, 0, 0, 0
L 155, -930, -171, 129, -930, -171, 0, 0, 0
L 156, -928, -171, 155, -930, -171, 0, 0, 0
L 161, -928, -171, 156, -928, -171, 0, 0, 0
L 161, -930, -171, 161, -928, -171, 0, 0, 0
L 188, -930, -171, 161, -930, -171, 0, 0, 0
L 188, -928, -171, 188, -930, -171, 0, 0, 0
L 192, -928, -171, 188, -928, -171, 0, 0, 0
L 193, -930, -171, 192, -928, -171, 0, 0, 0
L 217, -930, -171, 193, -930, -171, 0, 0, 0
L 217, -906, -171, 217, -930, -171, 0, 0, 0
L 216, -905, -171, 217, -906, -171, 0, 0, 0
L 215, -903, -171, 216, -905, -171, 0, 0, 0
L 215, -901, -171, 215, -903, -171, 0, 0, 0
L 217, -900, -171, 215, -901, -171, 0, 0, 0
L 217, -894, -171, 217, -900, -171, 0, 0, 0
L 218, -892, -171, 217, -894, -171, 0, 0, 0
L 220, -891, -171, 218, -892, -171, 0, 0, 0
L 222, -891, -171, 220, -891, -171, 0, 0, 0
L 223, -892, -171, 222, -891, -171, 0, 0, 0
L 224, -894, -171, 223, -892, -171, 0, 0, 0
L 224, -896, -171, 224, -894, -171, 0, 0, 0
L 295, -824, -191, 295, -861, -181, 255, 0, 123
L 293, -824, -191, 295, -824, -191, 255, 0, 123
L 291, -823, -191, 293, -824, -191, 255, 0, 123
L 290, -821, -191, 291, -823, -191, 255, 0, 123
L 290, -819, -191, 290, -821, -191, 255, 0, 123
L 292, -818, -191, 290, -819, -191, 255, 0, 123
L 302, -818, -191, 292, -818, -191, 255, 0, 123
L 302, -816, -191, 302, -818, -191, 255, 0, 123
L 309, -815, -191, 302, -816, -191, 255, 0, 123
L 311, -816, -191, 309, -815, -191, 255, 0, 123
L 311, -818, -191, 311, -816, -191, 255, 0, 123
L 316, -818, -191, 311, -818, -191, 255, 0, 123
L 316, -755, -191, 316, -818, -191, 255, 0, 123
L 255, -755, -191, 316, -755, -191, 255, 0, 123
L 254, -818, -191, 255, -755, -191, 255, 0, 123
L 259, -818, -191, 254, -818, -191, 255, 0, 123
L 260, -816, -191, 259, -818, -191, 255, 0, 123
L 261, -815, -191, 260, -816, -191, 255, 0, 123
L 268, -815, -191, 261, -815, -191, 255, 0, 123
L 268, -817, -191, 268, -815, -191, 255, 0, 123
L 278, -818, -191, 268, -817, -191, 255, 0, 123
L 280, -818, -191, 278, -818, -191, 255, 0, 123
L 281, -820, -191, 280, -818, -191, 255, 0, 123
L 281, -822, -191, 281, -820, -191, 255, 0, 123
L 280, -824, -191, 281, -822, -191, 255, 0, 123
L 276, -824, -191, 280, -824, -191, 255, 0, 123
L 276, -866, -181, 276, -824, -191, 255, 0, 123
L 278, -867, -181, 278, -868, -181, 255, 0, 123
L 276, -866, -181, 278, -867, -181, 255, 0, 123
L 278, -870, -181, 278, -868, -181, 255, 0, 123
L 277, -871, -181, 278, -870, -181, 255, 0, 123
L 272, -872, -181, 277, -871, -181, 255, 0, 123
L 271, -875, -181, 272, -872, -181, 255, 0, 123
L 271, -877, -181, 271, -875, -181, 255, 0, 123
L 270, -879, -181, 271, -877, -181, 255, 0, 123
L 268, -879, -181, 270, -879, -181, 255, 0, 123
L 266, -878, -181, 268, -879, -181, 255, 0, 123
L 266, -877, -181, 266, -878, -181, 255, 0, 123
L 234, -877, -171, 266, -877, -181, 255, 0, 123
