L -181.4508, -40.1833, -4.5227,  -195.0105, -40.3272, -4.5032,  0, 0, 0
L -179.6938, -40.1676, -4.5227,  -181.4508, -40.1833, -4.5227,  0, 0, 0
L -179.4189, -26.1502, -4.5227,  -179.6938, -40.1676, -4.5227,  0, 0, 0
L -179.4132, -25.1683, -4.5227,  -179.4189, -26.1502, -4.5227,  0, 0, 0
L -180.2685, -23.4915, -4.5227,  -179.4132, -25.1683, -4.5227,  0, 0, 0
L -181.5065, -22.3759, -4.5188,  -180.2685, -23.4915, -4.5227,  0, 0, 0
L -183.2800, -22.1591, -4.5057,  -181.5065, -22.3759, -4.5188,  0, 0, 0
L -184.5599, -21.0190, -4.4925,  -183.2800, -22.1591, -4.5057,  0, 0, 0
L -185.0141, -19.2020, -4.5050,  -184.5599, -21.0190, -4.4925,  0, 0, 0
L -184.5611, -2.1759, -4.5356,  -185.0141, -19.2020, -4.5050,  0, 0, 0
L -184.6063, -0.5228, -4.5355,  -184.5611, -2.1759, -4.5356,  0, 0, 0
L -183.6771, 1.2349, -4.0741,  -184.6063, -0.5228, -4.5355,  0, 0, 0
L -182.9481, 2.7735, -5.6622,  -183.6771, 1.2349, -4.0741,  0, 0, 0
L -183.5667, 4.0462, -7.0915,  -182.9481, 2.7735, -5.6622,  0, 0, 0
L -184.1741, 5.7364, -9.6182,  -183.5667, 4.0462, -7.0915,  0, 0, 0
L -184.5808, 14.5700, -10.5451,  -184.1741, 5.7364, -9.6182,  0, 0, 0
L -184.5784, 16.5182, -10.5576,  -184.5808, 14.5700, -10.5451,  0, 0, 0
L -183.8675, 18.3641, -10.7073,  -184.5784, 16.5182, -10.5576,  0, 0, 0
L -181.7774, 18.4347, -10.6410,  -183.8675, 18.3641, -10.7073,  0, 0, 0
L -179.8286, 18.4344, -10.6313,  -181.7774, 18.4347, -10.6410,  0, 0, 0
L -179.4406, 34.8485, -10.6001,  -179.8286, 18.4344, -10.6313,  0, 0, 0
L -179.4393, 36.6806, -10.6002,  -179.4406, 34.8485, -10.6001,  0, 0, 0
L -191.3223, 36.8878, -10.9127,  -179.4393, 36.6806, -10.6002,  0, 0, 0
L -193.1725, 36.9084, -10.9128,  -191.3223, 36.8878, -10.9127,  0, 0, 0
L -194.8241, 36.3736, -10.9189,  -193.1725, 36.9084, -10.9128,  0, 0, 0
L -196.4469, 35.3895, -10.9320,  -194.8241, 36.3736, -10.9189,  0, 0, 0
L -198.4196, 35.7137, -10.9193,  -196.4469, 35.3895, -10.9320,  0, 0, 0
L -198.9830, 37.5734, -10.8493,  -198.4196, 35.7137, -10.9193,  0, 0, 0
L -199.0070, 39.5679, -10.8266,  -198.9830, 37.5734, -10.8493,  0, 0, 0
L -198.0701, 41.1146, -10.7868,  -199.0070, 39.5679, -10.8266,  0, 0, 0
L -196.1212, 41.2425, -10.7964,  -198.0701, 41.1146, -10.7868,  0, 0, 0
L -195.6549, 59.3777, -10.9688,  -196.1212, 41.2425, -10.7964,  0, 0, 0
L -195.6146, 61.0216, -10.9688,  -195.6549, 59.3777, -10.9688,  0, 0, 0
L -194.4457, 62.0487, -10.9688,  -195.6146, 61.0216, -10.9688,  0, 0, 0
L -121.1591, 61.9409, -10.9692,  -194.4457, 62.0487, -10.9688,  0, 0, 0
L -111.3501, 61.9197, -10.9692,  -121.1591, 61.9409, -10.9692,  0, 0, 0
L -109.4235, 62.0150, -10.9692,  -111.3501, 61.9197, -10.9692,  0, 0, 0
L -107.6061, 61.1815, -10.9692,  -109.4235, 62.0150, -10.9692,  0, 0, 0
L -107.5094, 59.2201, -10.9700,  -107.6061, 61.1815, -10.9692,  0, 0, 0
L -106.5533, 57.5084, -10.9683,  -107.5094, 59.2201, -10.9700,  0, 0, 0
L -104.9368, 57.4357, -10.9628,  -106.5533, 57.5084, -10.9683,  0, 0, 0
L -103.8256, 57.0056, -10.9512,  -104.9368, 57.4357, -10.9628,  0, 0, 0
L -103.5300, 53.5119, -10.8997,  -103.8256, 57.0056, -10.9512,  0, 0, 0
L -103.2268, 52.2828, -10.8950,  -103.5300, 53.5119, -10.8997,  0, 0, 0
L -104.2155, 50.5449, -10.8755,  -103.2268, 52.2828, -10.8950,  0, 0, 0
L -107.1504, 50.3578, -10.8755,  -104.2155, 50.5449, -10.8755,  0, 0, 0
L -108.8938, 50.6757, -10.8937,  -107.1504, 50.3578, -10.8755,  0, 0, 0
L -109.6391, 52.4091, -11.0154,  -108.8938, 50.6757, -10.8937,  0, 0, 0
L -112.3505, 52.4855, -11.1031,  -109.6391, 52.4091, -11.0154,  0, 0, 0
L -114.1284, 52.4816, -11.1025,  -112.3505, 52.4855, -11.1031,  0, 0, 0
L -114.3866, 47.3913, -11.0997,  -114.1284, 52.4816, -11.1025,  0, 0, 0
L -114.3073, 45.8666, -11.0997,  -114.3866, 47.3913, -11.0997,  0, 0, 0
L -115.0004, 44.0164, -11.0998,  -114.3073, 45.8666, -11.0997,  0, 0, 0
L -117.9991, 44.0276, -11.1010,  -115.0004, 44.0164, -11.0998,  0, 0, 0
L -119.9980, 44.0352, -11.1018,  -117.9991, 44.0276, -11.1010,  0, 0, 0
L -121.8013, 44.3635, -11.1020,  -119.9980, 44.0352, -11.1018,  0, 0, 0
L -122.2119, 50.5084, -11.1023,  -121.8013, 44.3635, -11.1020,  0, 0, 0
L -122.2073, 52.4520, -11.1023,  -122.2119, 50.5084, -11.1023,  0, 0, 0
L -156.1050, 52.3077, -11.0998,  -122.2073, 52.4520, -11.1023,  0, 0, 0
L -157.9197, 52.3026, -11.0997,  -156.1050, 52.3077, -11.0998,  0, 0, 0
L -158.1519, 45.5869, -11.0964,  -157.9197, 52.3026, -11.0997,  0, 0, 0
L -158.2866, 44.1292, -11.0968,  -158.1519, 45.5869, -11.0964,  0, 0, 0
L -163.4430, 43.8676, -11.1029,  -158.2866, 44.1292, -11.0968,  0, 0, 0
L -165.0932, 43.8701, -11.1047,  -163.4430, 43.8676, -11.1029,  0, 0, 0
L -166.4337, 44.1888, -11.1059,  -165.0932, 43.8701, -11.1047,  0, 0, 0
L -166.9307, 50.4934, -11.1073,  -166.4337, 44.1888, -11.1059,  0, 0, 0
L -166.9271, 51.9973, -11.1073,  -166.9307, 50.4934, -11.1073,  0, 0, 0
L -171.7543, 52.2496, -11.1039,  -166.9271, 51.9973, -11.1073,  0, 0, 0
L -173.3328, 52.2481, -11.1038,  -171.7543, 52.2496, -11.1039,  0, 0, 0
L -173.5202, -51.4468, -10.9822,  -173.3328, 52.2481, -11.1038,  0, 0, 0
L -173.5190, -53.1632, -10.9758,  -173.5202, -51.4468, -10.9822,  0, 0, 0
L -169.1041, -53.3984, -10.9752,  -173.5190, -53.1632, -10.9758,  0, 0, 0
L -167.3304, -53.4067, -10.9750,  -169.1041, -53.3984, -10.9752,  0, 0, 0
L -166.9271, -48.2178, -10.8961,  -167.3304, -53.4067, -10.9750,  0, 0, 0
L -167.0842, -46.7472, -10.8961,  -166.9271, -48.2178, -10.8961,  0, 0, 0
L -166.2893, -45.2539, -10.8983,  -167.0842, -46.7472, -10.8961,  0, 0, 0
L -162.1508, -45.0135, -10.8994,  -166.2893, -45.2539, -10.8983,  0, 0, 0
L -160.3589, -44.9829, -10.8996,  -162.1508, -45.0135, -10.8994,  0, 0, 0
L -158.5222, -44.8248, -10.8996,  -160.3589, -44.9829, -10.8996,  0, 0, 0
L -158.2206, -51.9188, -10.8996,  -158.5222, -44.8248, -10.8996,  0, 0, 0
L -158.2244, -53.4390, -10.8996,  -158.2206, -51.9188, -10.8996,  0, 0, 0
L -141.9177, -53.4992, -10.8961,  -158.2244, -53.4390, -10.8996,  0, 0, 0
L -131.9971, -53.5381, -10.8941,  -141.9177, -53.4992, -10.8961,  0, 0, 0
L -130.0175, -53.3889, -10.8937,  -131.9971, -53.5381, -10.8941,  0, 0, 0
L -128.4540, -52.4445, -10.8937,  -130.0175, -53.3889, -10.8937,  0, 0, 0
L -124.1550, -53.1716, -10.8937,  -128.4540, -52.4445, -10.8937,  0, 0, 0
L -122.6315, -53.4941, -10.8937,  -124.1550, -53.1716, -10.8937,  0, 0, 0
L -122.3321, -48.7433, -10.9061,  -122.6315, -53.4941, -10.8937,  0, 0, 0
L -122.6752, -47.2988, -10.9061,  -122.3321, -48.7433, -10.9061,  0, 0, 0
L -123.0894, -45.5547, -10.9061,  -122.6752, -47.2988, -10.9061,  0, 0, 0
L -118.2003, -45.1535, -10.9057,  -123.0894, -45.5547, -10.9061,  0, 0, 0
L -116.2213, -45.0453, -10.9055,  -118.2003, -45.1535, -10.9057,  0, 0, 0
L -114.6040, -45.4554, -10.9054,  -116.2213, -45.0453, -10.9055,  0, 0, 0
L -113.1618, -46.3822, -10.9054,  -114.6040, -45.4554, -10.9054,  0, 0, 0
L -113.5610, -48.1599, -10.9054,  -113.1618, -46.3822, -10.9054,  0, 0, 0
L -113.9899, -50.0693, -10.9054,  -113.5610, -48.1599, -10.9054,  0, 0, 0
L -114.3398, -51.6272, -10.9054,  -113.9899, -50.0693, -10.9054,  0, 0, 0
L -113.0623, -53.1215, -10.9055,  -114.3398, -51.6272, -10.9054,  0, 0, 0
L -111.6423, -53.5662, -10.9055,  -113.0623, -53.1215, -10.9055,  0, 0, 0
L -109.9787, -52.9819, -10.9057,  -111.6423, -53.5662, -10.9055,  0, 0, 0
L -108.5554, -51.7180, -10.9135,  -109.9787, -52.9819, -10.9057,  0, 0, 0
L -106.6438, -51.6962, -10.9135,  -108.5554, -51.7180, -10.9135,  0, 0, 0
L -105.2415, -51.4529, -10.9135,  -106.6438, -51.6962, -10.9135,  0, 0, 0
L -103.5953, -52.2148, -10.8916,  -105.2415, -51.4529, -10.9135,  0, 0, 0
L -103.3292, -55.9505, -10.8582,  -103.5953, -52.2148, -10.8916,  0, 0, 0
L -103.7989, -57.8417, -10.8452,  -103.3292, -55.9505, -10.8582,  0, 0, 0
L -105.4427, -58.5527, -10.8273,  -103.7989, -57.8417, -10.8452,  0, 0, 0
L -107.3184, -58.5297, -10.8273,  -105.4427, -58.5527, -10.8273,  0, 0, 0
L -107.5060, -62.5185, -10.8278,  -107.3184, -58.5297, -10.8273,  0, 0, 0
L -107.3756, -64.0782, -10.8278,  -107.5060, -62.5185, -10.8278,  0, 0, 0
L -108.7433, -65.1770, -10.8278,  -107.3756, -64.0782, -10.8278,  0, 0, 0
L -162.4584, -65.2955, -10.8282,  -108.7433, -65.1770, -10.8278,  0, 0, 0
L -192.4305, -65.3434, -10.8283,  -162.4584, -65.2955, -10.8282,  0, 0, 0
L -194.0005, -65.3493, -10.8283,  -192.4305, -65.3434, -10.8283,  0, 0, 0
L -195.2472, -64.9083, -10.8284,  -194.0005, -65.3493, -10.8283,  0, 0, 0
L -195.6435, -48.3073, -10.8285,  -195.2472, -64.9083, -10.8284,  0, 0, 0
L -195.6441, -46.3960, -10.8285,  -195.6435, -48.3073, -10.8285,  0, 0, 0
L -196.5113, -44.8803, -10.8248,  -195.6441, -46.3960, -10.8285,  0, 0, 0
L -198.2429, -44.4735, -10.8141,  -196.5113, -44.8803, -10.8248,  0, 0, 0
L -200.1059, -43.7631, -10.8072,  -198.2429, -44.4735, -10.8141,  0, 0, 0
L -199.8734, -41.8776, -10.8072,  -200.1059, -43.7631, -10.8072,  0, 0, 0
L -199.1966, -40.0574, -10.8072,  -199.8734, -41.8776, -10.8072,  0, 0, 0
L -198.3793, -38.4819, -10.8072,  -199.1966, -40.0574, -10.8072,  0, 0, 0
L -195.7347, -38.9109, -10.8540,  -198.3793, -38.4819, -10.8072,  0, 0, 0
L -264.4695, 35.1209, -10.8742,  -264.5878, 6.1590, -10.8542,  0, 0, 0
L -264.4664, 36.8110, -10.8742,  -264.4695, 35.1209, -10.8742,  0, 0, 0
L -214.3858, 36.9281, -10.8746,  -264.4664, 36.8110, -10.8742,  0, 0, 0
L -212.4382, 36.9328, -10.8747,  -214.3858, 36.9281, -10.8746,  0, 0, 0
L -210.7030, 36.6260, -10.8746,  -212.4382, 36.9328, -10.8747,  0, 0, 0
L -210.0608, 35.1278, -10.8746,  -210.7030, 36.6260, -10.8746,  0, 0, 0
L -208.1310, 34.8986, -10.8746,  -210.0608, 35.1278, -10.8746,  0, 0, 0
L -206.6052, 36.1001, -10.8633,  -208.1310, 34.8986, -10.8746,  0, 0, 0
L -206.2150, 38.6645, -10.8521,  -206.6052, 36.1001, -10.8633,  0, 0, 0
L -206.2150, 39.8702, -10.8521,  -206.2150, 38.6645, -10.8521,  0, 0, 0
L -207.6277, 41.2335, -10.8326,  -206.2150, 39.8702, -10.8521,  0, 0, 0
L -209.0802, 41.2624, -10.8351,  -207.6277, 41.2335, -10.8326,  0, 0, 0
L -209.5798, 74.8976, -11.9497,  -209.0802, 41.2624, -10.8351,  0, 0, 0
L -209.5835, 76.8829, -11.9497,  -209.5798, 74.8976, -11.9497,  0, 0, 0
L -155.6506, 76.9370, -11.9393,  -209.5835, 76.8829, -11.9497,  0, 0, 0
L -145.9879, 76.9528, -11.9369,  -155.6506, 76.9370, -11.9393,  0, 0, 0
L -144.0434, 76.8428, -11.9369,  -145.9879, 76.9528, -11.9369,  0, 0, 0
L -142.3058, 77.2865, -11.9369,  -144.0434, 76.8428, -11.9369,  0, 0, 0
L -141.6817, 79.1123, -11.9370,  -142.3058, 77.2865, -11.9369,  0, 0, 0
L -141.7833, 81.0582, -11.9370,  -141.6817, 79.1123, -11.9370,  0, 0, 0
L -143.0499, 82.5792, -11.9370,  -141.7833, 81.0582, -11.9370,  0, 0, 0
L -144.7810, 82.3652, -11.9370,  -143.0499, 82.5792, -11.9370,  0, 0, 0
L -159.3135, 82.2093, -11.9372,  -144.7810, 82.3652, -11.9370,  0, 0, 0
L -160.8813, 82.2072, -11.9372,  -159.3135, 82.2093, -11.9372,  0, 0, 0
L -161.0587, 142.8333, -11.9397,  -160.8813, 82.2072, -11.9372,  0, 0, 0
L -161.0645, 144.7478, -11.9397,  -161.0587, 142.8333, -11.9397,  0, 0, 0
L -150.5247, 144.7435, -11.9432,  -161.0645, 144.7478, -11.9397,  0, 0, 0
L -148.5282, 144.7405, -11.9432,  -150.5247, 144.7435, -11.9432,  0, 0, 0
L -147.1871, 145.4643, -11.9433,  -148.5282, 144.7405, -11.9432,  0, 0, 0
L -144.2440, 154.7479, -11.9508,  -147.1871, 145.4643, -11.9433,  0, 0, 0
L -143.6653, 156.5752, -11.9509,  -144.2440, 154.7479, -11.9508,  0, 0, 0
L -117.6390, 156.6994, -11.9512,  -143.6653, 156.5752, -11.9509,  0, 0, 0
L -115.8349, 156.6999, -11.9513,  -117.6390, 156.6994, -11.9512,  0, 0, 0
L -114.7139, 155.1161, -11.9513,  -115.8349, 156.6999, -11.9513,  0, 0, 0
L -114.2795, 153.2936, -11.9513,  -114.7139, 155.1161, -11.9513,  0, 0, 0
L -114.0750, 152.6091, -11.9513,  -114.2795, 153.2936, -11.9513,  0, 0, 0
L -113.6320, 151.3148, -11.9513,  -114.0750, 152.6091, -11.9513,  0, 0, 0
L -113.0183, 149.7070, -11.9513,  -113.6320, 151.3148, -11.9513,  0, 0, 0
L -112.3447, 148.0853, -11.9513,  -113.0183, 149.7070, -11.9513,  0, 0, 0
L -111.6554, 146.5741, -11.9514,  -112.3447, 148.0853, -11.9513,  0, 0, 0
L -110.5387, 145.0258, -11.9514,  -111.6554, 146.5741, -11.9514,  0, 0, 0
L -101.5228, 144.7449, -11.9515,  -110.5387, 145.0258, -11.9514,  0, 0, 0
L -99.6903, 144.7458, -11.9515,  -101.5228, 144.7449, -11.9515,  0, 0, 0
L -99.3198, 83.7625, -11.9542,  -99.6903, 144.7458, -11.9515,  0, 0, 0
L -99.3143, 82.2053, -11.9542,  -99.3198, 83.7625, -11.9542,  0, 0, 0
L -103.4304, 82.2093, -11.9649,  -99.3143, 82.2053, -11.9542,  0, 0, 0
L -113.1962, 82.2063, -11.9650,  -103.4304, 82.2093, -11.9649,  0, 0, 0
L -114.4122, 82.3038, -11.9650,  -113.1962, 82.2063, -11.9650,  0, 0, 0
L -116.2221, 81.5266, -11.9650,  -114.4122, 82.3038, -11.9650,  0, 0, 0
L -116.7142, 78.5849, -11.9650,  -116.2221, 81.5266, -11.9650,  0, 0, 0
L -116.2807, 76.9504, -11.9651,  -116.7142, 78.5849, -11.9650,  0, 0, 0
L -85.6727, 76.9527, -11.9653,  -116.2807, 76.9504, -11.9651,  0, 0, 0
L -75.6985, 76.9547, -11.9653,  -85.6727, 76.9527, -11.9653,  0, 0, 0
L -73.9392, 77.0269, -11.9654,  -75.6985, 76.9547, -11.9653,  0, 0, 0
L -72.9995, 78.6798, -11.9654,  -73.9392, 77.0269, -11.9654,  0, 0, 0
L -72.9438, 80.5507, -11.9654,  -72.9995, 78.6798, -11.9654,  0, 0, 0
L -73.5834, 81.9206, -11.9654,  -72.9438, 80.5507, -11.9654,  0, 0, 0
L -80.7331, 82.2104, -11.9655,  -73.5834, 81.9206, -11.9654,  0, 0, 0
L -82.3783, 82.2088, -11.9655,  -80.7331, 82.2104, -11.9655,  0, 0, 0
L -82.7551, 155.0320, -11.9671,  -82.3783, 82.2088, -11.9655,  0, 0, 0
L -82.7605, 156.7010, -11.9671,  -82.7551, 155.0320, -11.9671,  0, 0, 0
L -79.3089, 156.6950, -11.9677,  -82.7605, 156.7010, -11.9671,  0, 0, 0
L -50.0811, 156.6962, -11.9679,  -79.3089, 156.6950, -11.9677,  0, 0, 0
L -48.7003, 156.6983, -11.9679,  -50.0811, 156.6962, -11.9679,  0, 0, 0
L -48.3915, 83.7868, -11.9743,  -48.7003, 156.6983, -11.9679,  0, 0, 0
L -48.3896, 82.4053, -11.9743,  -48.3915, 83.7868, -11.9743,  0, 0, 0
L -54.8865, 82.2108, -11.0695,  -48.3896, 82.4053, -11.9743,  0, 0, 0
L -56.3149, 82.2049, -11.0695,  -54.8865, 82.2108, -11.0695,  0, 0, 0
L -58.1029, 82.0585, -11.0695,  -56.3149, 82.2049, -11.0695,  0, 0, 0
L -58.5909, 79.2309, -11.0695,  -58.1029, 82.0585, -11.0695,  0, 0, 0
L -58.2055, 77.3548, -11.0696,  -58.5909, 79.2309, -11.0695,  0, 0, 0
L -48.5625, 76.8619, -11.0734,  -58.2055, 77.3548, -11.0696,  0, 0, 0
L -46.7384, 76.8637, -11.0801,  -48.5625, 76.8619, -11.0734,  0, 0, 0
L -46.4708, 63.0946, -11.1239,  -46.7384, 76.8637, -11.0801,  0, 0, 0
L -46.4680, 61.7969, -11.1239,  -46.4708, 63.0946, -11.1239,  0, 0, 0
L -82.4003, 61.8298, -11.1317,  -46.4680, 61.7969, -11.1239,  0, 0, 0
L -84.2632, 61.8267, -11.1324,  -82.4003, 61.8298, -11.1317,  0, 0, 0
L -85.9118, 62.4937, -11.1324,  -84.2632, 61.8267, -11.1324,  0, 0, 0
L -87.7310, 61.9167, -11.1325,  -85.9118, 62.4937, -11.1324,  0, 0, 0
L -88.1166, 59.3741, -11.1329,  -87.7310, 61.9167, -11.1325,  0, 0, 0
L -88.1087, 57.6313, -11.1333,  -88.1166, 59.3741, -11.1329,  0, 0, 0
L -90.0412, 57.3842, -11.1336,  -88.1087, 57.6313, -11.1333,  0, 0, 0
L -91.6066, 57.5677, -11.1334,  -90.0412, 57.3842, -11.1336,  0, 0, 0
L -91.8012, 52.1082, -11.2113,  -91.6066, 57.5677, -11.1334,  0, 0, 0
L -91.5249, 50.4537, -11.7217,  -91.8012, 52.1082, -11.2113,  0, 0, 0
L -85.5861, 50.1924, -12.2447,  -91.5249, 50.4537, -11.7217,  0, 0, 0
L -84.6223, 51.8459, -14.2570,  -85.4150, 51.8078, -12.2447,  0, 0, 0
L -82.7934, 51.8312, -14.2023,  -84.6223, 51.8459, -14.2570,  0, 0, 0
L -81.4050, 52.3066, -15.1065,  -82.7934, 51.8312, -14.2023,  0, 0, 0
L -81.8306, 50.2270, -14.3966,  -81.4050, 52.3066, -15.1065,  0, 0, 0
L -81.8634, 48.2276, -14.2683,  -81.8306, 50.2270, -14.3966,  0, 0, 0
L -82.3930, 46.6279, -14.1954,  -81.8634, 48.2276, -14.2683,  0, 0, 0
L -82.7630, 44.9328, -14.2209,  -82.3930, 46.6279, -14.1954,  0, 0, 0
L -81.2786, 43.7628, -14.2803,  -82.7630, 44.9328, -14.2209,  0, 0, 0
L -74.2471, 43.5082, -14.2667,  -81.2786, 43.7628, -14.2803,  0, 0, 0
L -72.3401, 43.4797, -14.2768,  -74.2471, 43.5082, -14.2667,  0, 0, 0
L -70.7078, 43.7785, -14.1817,  -72.3401, 43.4797, -14.2768,  0, 0, 0
L -70.4554, 51.5568, -14.1675,  -70.7078, 43.7785, -14.1817,  0, 0, 0
L -44.7874, 52.3868, -14.2164,  -71.2681, 52.4641, -14.2164,  0, 0, 0
L -42.8507, 52.3811, -14.2164,  -44.7874, 52.3868, -14.2164,  0, 0, 0
L -42.3604, 47.7159, -14.2164,  -42.8507, 52.3811, -14.2164,  0, 0, 0
L -42.3594, 45.7393, -14.2164,  -42.3604, 47.7159, -14.2164,  0, 0, 0
L -41.4936, 44.0790, -14.2164,  -42.3594, 45.7393, -14.2164,  0, 0, 0
L -38.6650, 43.9391, -14.2164,  -41.4936, 44.0790, -14.2164,  0, 0, 0
L -36.7354, 43.9345, -14.2164,  -38.6650, 43.9391, -14.2164,  0, 0, 0
L -34.7886, 44.3141, -14.2164,  -36.7354, 43.9345, -14.2164,  0, 0, 0
L -34.2943, 50.2847, -15.3985,  -34.7886, 44.3141, -14.2164,  0, 0, 0
L -34.0512, 52.2575, -15.2700,  -34.2943, 50.2847, -15.3985,  0, 0, 0
L -27.9179, 52.3363, -14.5846,  -34.0512, 52.2575, -15.2700,  0, 0, 0
L -25.9229, 52.3311, -15.1117,  -27.9179, 52.3363, -14.5846,  0, 0, 0
L -25.4414, 26.9155, -15.4027,  -25.9229, 52.3311, -15.1117,  0, 0, 0
L -25.7530, 25.0991, -15.2321,  -25.4414, 26.9155, -15.4027,  0, 0, 0
L -26.0227, 23.4799, -15.0405,  -25.7530, 25.0991, -15.2321,  0, 0, 0
L -26.4585, 13.2374, -14.3562,  -26.0227, 23.4799, -15.0405,  0, 0, 0
L -26.4859, 11.5563, -14.2609,  -26.4585, 13.2374, -14.3562,  0, 0, 0
L -25.6343, 10.0629, -15.3992,  -26.4859, 11.5563, -14.2609,  0, 0, 0
L -24.7203, 8.6632, -15.3502,  -25.6343, 10.0629, -15.3992,  0, 0, 0
L -23.0947, 7.8363, -14.6648,  -24.7203, 8.6632, -15.3502,  0, 0, 0
L -21.3377, 7.7036, -14.7188,  -23.0947, 7.8363, -14.6648,  0, 0, 0
L 47.8124, 7.6474, -25.0768,  -21.3377, 7.7036, -14.7188,  0, 0, 0
L 77.0711, 7.6505, -25.0555,  47.8124, 7.6474, -25.0768,  0, 0, 0
L 79.0232, 7.6579, -25.0543,  77.0711, 7.6505, -25.0555,  0, 0, 0
L 80.0842, 8.3550, -25.0523,  79.0232, 7.6579, -25.0543,  0, 0, 0
L 80.5519, 53.1506, -38.4959,  80.0842, 8.3550, -25.0523,  0, 0, 0
L 80.7378, 55.1123, -38.4959,  80.5519, 53.1506, -38.4959,  0, 0, 0
L 81.2538, 56.6552, -38.4960,  80.7378, 55.1123, -38.4959,  0, 0, 0
L 80.2965, 58.4005, -38.4961,  81.2538, 56.6552, -38.4960,  0, 0, 0
L 78.5683, 58.8399, -38.4962,  80.2965, 58.4005, -38.4961,  0, 0, 0
L 76.8604, 58.7234, -38.4964,  78.5683, 58.8399, -38.4962,  0, 0, 0
L 76.1619, 57.0862, -38.4967,  76.8604, 58.7234, -38.4964,  0, 0, 0
L 52.9330, 57.0148, -38.4893,  76.1619, 57.0862, -38.4967,  0, 0, 0
L 51.0488, 57.0136, -38.4895,  52.9330, 57.0148, -38.4893,  0, 0, 0
L 50.5757, 128.0838, -38.5016,  51.0488, 57.0136, -38.4895,  0, 0, 0
L 50.5852, 130.0441, -38.5017,  50.5757, 128.0838, -38.5016,  0, 0, 0
L 113.6883, 130.0410, -38.4587,  50.5852, 130.0441, -38.5017,  0, 0, 0
L 115.5892, 130.0401, -38.4588,  113.6883, 130.0410, -38.4587,  0, 0, 0
L 116.0047, 104.2981, -38.4713,  115.5892, 130.0401, -38.4588,  0, 0, 0
L 115.8990, 102.6072, -38.4713,  116.0047, 104.2981, -38.4713,  0, 0, 0
L 116.4743, 101.0629, -38.4715,  115.8990, 102.6072, -38.4713,  0, 0, 0
L 124.5871, 100.6700, -38.4722,  116.4743, 101.0629, -38.4715,  0, 0, 0
L 126.1061, 100.6750, -38.4722,  124.5871, 100.6700, -38.4722,  0, 0, 0
L 127.9883, 101.1433, -38.4723,  126.1061, 100.6750, -38.4722,  0, 0, 0
L 128.3959, 138.3271, -38.4757,  127.9883, 101.1433, -38.4723,  0, 0, 0
L 128.3939, 140.2213, -38.4758,  128.3959, 138.3271, -38.4757,  0, 0, 0
L 164.4087, 140.2159, -38.4866,  128.3939, 140.2213, -38.4758,  0, 0, 0
L 196.5986, 140.2178, -38.4884,  164.4087, 140.2159, -38.4866,  0, 0, 0
L 198.2113, 140.2193, -38.4885,  196.5986, 140.2178, -38.4884,  0, 0, 0
L 198.4127, 133.4686, -38.5624,  198.2113, 140.2193, -38.4885,  0, 0, 0
L 198.4059, 132.0768, -38.5624,  198.4127, 133.4686, -38.5624,  0, 0, 0
L 198.9134, 130.9387, -38.5625,  198.4059, 132.0768, -38.5624,  0, 0, 0
L 206.9902, 130.5939, -38.5642,  198.9134, 130.9387, -38.5625,  0, 0, 0
L 208.8999, 130.5943, -38.5645,  206.9902, 130.5939, -38.5642,  0, 0, 0
L 209.3531, 105.7155, -38.5711,  208.8999, 130.5943, -38.5645,  0, 0, 0
L 209.3555, 103.8002, -38.5711,  209.3531, 105.7155, -38.5711,  0, 0, 0
L 201.3499, 103.6505, -38.4411,  209.3555, 103.8002, -38.5711,  0, 0, 0
L 200.2300, 103.6965, -38.4412,  201.3499, 103.6505, -38.4411,  0, 0, 0
L 198.6389, 103.1727, -38.4412,  200.2300, 103.6965, -38.4412,  0, 0, 0
L 198.4110, 89.2816, -38.4419,  198.6389, 103.1727, -38.4412,  0, 0, 0
L 198.4125, 87.3302, -38.4420,  198.4110, 89.2816, -38.4419,  0, 0, 0
L 198.9157, 85.4967, -38.4422,  198.4125, 87.3302, -38.4420,  0, 0, 0
L 206.9816, 85.1658, -38.4437,  198.9157, 85.4967, -38.4422,  0, 0, 0
L 208.8872, 85.1664, -38.4440,  206.9816, 85.1658, -38.4437,  0, 0, 0
L 209.3539, 58.4125, -38.4652,  208.8872, 85.1664, -38.4440,  0, 0, 0
L 209.3549, 56.7147, -38.4653,  209.3539, 58.4125, -38.4652,  0, 0, 0
L 201.7331, 56.3194, -38.4787,  209.3549, 56.7147, -38.4653,  0, 0, 0
L 200.1354, 56.3307, -38.4788,  201.7331, 56.3194, -38.4787,  0, 0, 0
L 198.8470, 55.9007, -38.4788,  200.1354, 56.3307, -38.4788,  0, 0, 0
L 198.4136, 48.6644, -38.4798,  198.8470, 55.9007, -38.4788,  0, 0, 0
L 198.4156, 46.7380, -38.4803,  198.4136, 48.6644, -38.4798,  0, 0, 0
L 159.8775, 46.6480, -38.4828,  198.4156, 46.7380, -38.4803,  0, 0, 0
L 130.4445, 46.5915, -38.4841,  159.8775, 46.6480, -38.4828,  0, 0, 0
L 128.5480, 46.5863, -38.4842,  130.4445, 46.5915, -38.4841,  0, 0, 0
L 128.4319, 86.5378, -38.4878,  128.5480, 46.5863, -38.4842,  0, 0, 0
L 128.1840, 87.7267, -38.4879,  128.4319, 86.5378, -38.4878,  0, 0, 0
L 118.2204, 87.7627, -38.4883,  128.1840, 87.7267, -38.4879,  0, 0, 0
L 116.2278, 87.6875, -38.4883,  118.2204, 87.7627, -38.4883,  0, 0, 0
L 116.0083, 58.8785, -38.4905,  116.2278, 87.6875, -38.4883,  0, 0, 0
L 116.0099, 57.1439, -38.4967,  116.0083, 58.8785, -38.4905,  0, 0, 0
L 101.4210, 57.0171, -38.5959,  116.0099, 57.1439, -38.4967,  0, 0, 0
L 100.1477, 57.0134, -38.5959,  101.4210, 57.0171, -38.5959,  0, 0, 0
L 98.8140, 57.6123, -38.5959,  100.1477, 57.0134, -38.5959,  0, 0, 0
L 97.2056, 58.4167, -38.5960,  98.8140, 57.6123, -38.5959,  0, 0, 0
L 95.3932, 58.9520, -38.5960,  97.2056, 58.4167, -38.5960,  0, 0, 0
L 93.9685, 58.8349, -38.5960,  95.3932, 58.9520, -38.5960,  0, 0, 0
L 92.1909, 58.2585, -38.5962,  93.9685, 58.8349, -38.5960,  0, 0, 0
L 91.8970, 54.7368, -33.3937,  92.1909, 58.2585, -38.5962,  0, 0, 0
L 92.2442, 53.2220, -31.7563,  91.8970, 54.7368, -33.3937,  0, 0, 0
L 92.6649, -6.7726, -16.3345,  92.2442, 53.2220, -31.7563,  0, 0, 0
L 92.6719, -8.6389, -16.3345,  92.6649, -6.7726, -16.3345,  0, 0, 0
L 86.4008, -8.8471, -16.6080,  92.6719, -8.6389, -16.3345,  0, 0, 0
L 56.5415, -9.2958, -16.6538,  86.4008, -8.8471, -16.6080,  0, 0, 0
L 54.9623, -9.3224, -16.6538,  56.5415, -9.2958, -16.6538,  0, 0, 0
L 53.2624, -8.9279, -16.6538,  54.9623, -9.3224, -16.6538,  0, 0, 0
L 51.6362, -9.8934, -16.6538,  53.2624, -8.9279, -16.6538,  0, 0, 0
L 51.3486, -33.8981, -16.6537,  51.6362, -9.8934, -16.6538,  0, 0, 0
L 51.4112, -35.6568, -16.6524,  51.3486, -33.8981, -16.6537,  0, 0, 0
L 51.9985, -37.2979, -16.6438,  51.4112, -35.6568, -16.6524,  0, 0, 0
L 60.8850, -37.5591, -16.4559,  51.9985, -37.2979, -16.6438,  0, 0, 0
L 90.7682, -37.6985, -16.4812,  60.8850, -37.5591, -16.4559,  0, 0, 0
L 92.5031, -37.7031, -16.4812,  90.7682, -37.6985, -16.4812,  0, 0, 0
L 92.9415, -147.9361, -14.2795,  92.5031, -37.7031, -16.4812,  0, 0, 0
L 92.9463, -149.5944, -13.9864,  92.9415, -147.9361, -14.2795,  0, 0, 0
L 87.9986, -149.7987, -10.4294,  92.9463, -149.5944, -13.9864,  0, 0, 0
L 58.5052, -149.7580, -9.4670,  87.9986, -149.7987, -10.4294,  0, 0, 0
L 56.8468, -149.7543, -9.4713,  58.5052, -149.7580, -9.4670,  0, 0, 0
L 55.0137, -148.9583, -9.5025,  56.8468, -149.7543, -9.4713,  0, 0, 0
L 54.7368, -147.6158, -9.5025,  55.0137, -148.9583, -9.5025,  0, 0, 0
L 54.2777, -146.1353, -9.5025,  54.7368, -147.6158, -9.5025,  0, 0, 0
L 53.4877, -144.7670, -9.5025,  54.2777, -146.1353, -9.5025,  0, 0, 0
L 52.0428, -143.4040, -9.5025,  53.4877, -144.7670, -9.5025,  0, 0, 0
L 40.5105, -143.3549, -9.5026,  52.0428, -143.4040, -9.5025,  0, 0, 0
L 30.8966, -143.3542, -9.5026,  40.5105, -143.3549, -9.5026,  0, 0, 0
L 29.1431, -143.2601, -9.5026,  30.8966, -143.3542, -9.5026,  0, 0, 0
L 27.6643, -144.3618, -9.5026,  29.1431, -143.2601, -9.5026,  0, 0, 0
L 26.6267, -145.8932, -9.5027,  27.6643, -144.3618, -9.5026,  0, 0, 0
L 26.3010, -147.8772, -9.5027,  26.6267, -145.8932, -9.5027,  0, 0, 0
L 26.3058, -149.8033, -9.5027,  26.3010, -147.8772, -9.5027,  0, 0, 0
L 11.1880, -149.7977, -8.5468,  26.3058, -149.8033, -9.5027,  0, 0, 0
L -9.9941, -149.7978, -16.4667,  9.8535, -149.8025, -16.4430,  0, 0, 0
L -11.7168, -149.8012, -16.4667,  -9.9941, -149.7978, -16.4667,  0, 0, 0
L -12.0913, -39.7114, -16.4688,  -11.7168, -149.8012, -16.4667,  0, 0, 0
L -12.0926, -38.0865, -16.4688,  -12.0913, -39.7114, -16.4688,  0, 0, 0
L -4.3556, -37.7110, -16.4736,  -12.0926, -38.0865, -16.4688,  0, 0, 0
L 25.1371, -37.7127, -16.4739,  -4.3556, -37.7110, -16.4736,  0, 0, 0
L 27.0642, -37.7090, -16.4739,  25.1371, -37.7127, -16.4739,  0, 0, 0
L 28.8177, -37.3363, -16.4739,  27.0642, -37.7090, -16.4739,  0, 0, 0
L 29.2957, -13.0485, -15.4656,  28.8177, -37.3363, -16.4739,  0, 0, 0
L 29.5394, -11.1194, -15.4653,  29.2957, -13.0485, -15.4656,  0, 0, 0
L 28.4395, -9.4520, -15.4648,  29.5394, -11.1194, -15.4653,  0, 0, 0
L 15.0022, -9.1298, -7.1918,  28.4395, -9.4520, -15.4648,  0, 0, 0
L 5.6764, -8.9692, -6.3594,  15.0022, -9.1298, -7.1918,  0, 0, 0
L -18.1179, -8.8464, -5.9850,  5.6764, -8.9692, -6.3594,  0, 0, 0
L -19.8746, -8.8449, -5.9867,  -18.1179, -8.8464, -5.9850,  0, 0, 0
L -21.4845, -8.9734, -5.9889,  -19.8746, -8.8449, -5.9867,  0, 0, 0
L -23.1575, -9.9745, -5.9955,  -21.4845, -8.9734, -5.9889,  0, 0, 0
L -25.0350, -10.5539, -6.0070,  -23.1575, -9.9745, -5.9955,  0, 0, 0
L -25.5109, -51.3337, -10.7553,  -25.0350, -10.5539, -6.0070,  0, 0, 0
L -25.5155, -53.2926, -10.7930,  -25.5109, -51.3337, -10.7553,  0, 0, 0
L -31.9262, -53.4787, -10.9437,  -25.5155, -53.2926, -10.7930,  0, 0, 0
L -33.8603, -53.4885, -10.9437,  -31.9262, -53.4787, -10.9437,  0, 0, 0
L -34.2968, -48.5613, -10.9444,  -33.8603, -53.4885, -10.9437,  0, 0, 0
L -34.2663, -46.8088, -10.9446,  -34.2968, -48.5613, -10.9444,  0, 0, 0
L -34.7540, -45.1223, -10.9453,  -34.2663, -46.8088, -10.9446,  0, 0, 0
L -38.8973, -45.0714, -10.9476,  -34.7540, -45.1223, -10.9453,  0, 0, 0
L -40.3171, -45.0769, -10.9484,  -38.8973, -45.0714, -10.9476,  0, 0, 0
L -42.0354, -45.6154, -10.9491,  -40.3171, -45.0769, -10.9484,  0, 0, 0
L -42.3628, -51.5958, -10.9498,  -42.0354, -45.6154, -10.9491,  0, 0, 0
L -42.3590, -53.3711, -10.9529,  -42.3628, -51.5958, -10.9498,  0, 0, 0
L -69.3347, -53.5892, -10.9605,  -42.3590, -53.3711, -10.9529,  0, 0, 0
L -71.0682, -53.5964, -10.9601,  -69.3347, -53.5892, -10.9605,  0, 0, 0
L -71.2638, -48.4562, -10.9599,  -71.0682, -53.5964, -10.9601,  0, 0, 0
L -71.2410, -46.5232, -10.9599,  -71.2638, -48.4562, -10.9599,  0, 0, 0
L -72.0576, -45.3204, -10.9596,  -71.2410, -46.5232, -10.9599,  0, 0, 0
L -77.1100, -45.1618, -10.9582,  -72.0576, -45.3204, -10.9596,  0, 0, 0
L -78.8077, -45.1626, -10.9578,  -77.1100, -45.1618, -10.9582,  0, 0, 0
L -80.7331, -45.2842, -10.9574,  -78.8077, -45.1626, -10.9578,  0, 0, 0
L -81.1739, -50.8877, -10.9572,  -80.7331, -45.2842, -10.9574,  0, 0, 0
L -81.1760, -52.5423, -10.9573,  -81.1739, -50.8877, -10.9572,  0, 0, 0
L -82.3095, -53.6356, -10.9550,  -81.1760, -52.5423, -10.9573,  0, 0, 0
L -84.2738, -53.6508, -10.9539,  -82.3095, -53.6356, -10.9550,  0, 0, 0
L -85.2999, -52.4540, -10.9537,  -84.2738, -53.6508, -10.9539,  0, 0, 0
L -86.3892, -51.7143, -10.9537,  -85.2999, -52.4540, -10.9537,  0, 0, 0
L -88.2351, -51.7170, -10.9537,  -86.3892, -51.7143, -10.9537,  0, 0, 0
L -89.5169, -51.5848, -10.9525,  -88.2351, -51.7170, -10.9537,  0, 0, 0
L -91.4320, -51.9486, -10.9231,  -89.5169, -51.5848, -10.9525,  0, 0, 0
L -91.8668, -55.6700, -10.8731,  -91.4320, -51.9486, -10.9231,  0, 0, 0
L -91.8259, -57.4833, -10.8656,  -91.8668, -55.6700, -10.8731,  0, 0, 0
L -90.4910, -58.5242, -10.8489,  -91.8259, -57.4833, -10.8656,  0, 0, 0
L -88.4939, -58.5286, -10.8488,  -90.4910, -58.5242, -10.8489,  0, 0, 0
L -88.1085, -61.2925, -11.9517,  -88.4939, -58.5286, -10.8488,  0, 0, 0
L -88.2547, -63.0895, -11.9519,  -88.1085, -61.2925, -11.9517,  0, 0, 0
L -87.4173, -64.8670, -11.9539,  -88.2547, -63.0895, -11.9519,  0, 0, 0
L -81.1753, -65.0948, -11.9597,  -87.4173, -64.8670, -11.9539,  0, 0, 0
L -48.6122, -65.0734, -11.9599,  -81.1753, -65.0948, -11.9597,  0, 0, 0
L -46.8170, -65.0670, -11.9599,  -48.6122, -65.0734, -11.9599,  0, 0, 0
L -46.4725, -78.3877, -11.9618,  -46.8170, -65.0670, -11.9599,  0, 0, 0
L -46.4691, -79.9138, -11.9618,  -46.4725, -78.3877, -11.9618,  0, 0, 0
L -55.0468, -80.2003, -12.0441,  -46.4691, -79.9138, -11.9618,  0, 0, 0
L -56.6130, -80.1712, -12.0441,  -55.0468, -80.2003, -12.0441,  0, 0, 0
L -58.1272, -80.5794, -12.0441,  -56.6130, -80.1712, -12.0441,  0, 0, 0
L -58.5893, -83.6121, -12.0442,  -58.1272, -80.5794, -12.0441,  0, 0, 0
L -58.2174, -85.1319, -12.0442,  -58.5893, -83.6121, -12.0442,  0, 0, 0
L -50.5239, -85.4765, -12.0443,  -58.2174, -85.1319, -12.0442,  0, 0, 0
L -48.6518, -85.4751, -12.0443,  -50.5239, -85.4765, -12.0443,  0, 0, 0
L -48.3905, -158.4284, -7.3579,  -48.6518, -85.4751, -12.0443,  0, 0, 0
L -48.3871, -159.9649, -7.3579,  -48.3905, -158.4284, -7.3579,  0, 0, 0
L -51.3210, -159.9635, -8.4289,  -48.3871, -159.9649, -7.3579,  0, 0, 0
L -80.9218, -159.9651, -7.4363,  -51.3210, -159.9635, -8.4289,  0, 0, 0
L -82.5659, -159.9666, -7.4363,  -80.9218, -159.9651, -7.4363,  0, 0, 0
L -82.7565, -87.4215, -13.0670,  -82.5659, -159.9666, -7.4363,  0, 0, 0
L -82.7614, -85.4729, -13.0670,  -82.7565, -87.4215, -13.0670,  0, 0, 0
L -76.8094, -85.4790, -13.0818,  -82.7614, -85.4729, -13.0670,  0, 0, 0
L -75.1449, -85.4762, -13.0818,  -76.8094, -85.4790, -13.0818,  0, 0, 0
L -73.5103, -85.2231, -13.0818,  -75.1449, -85.4762, -13.0818,  0, 0, 0
L -72.9984, -83.3072, -13.0818,  -73.5103, -85.2231, -13.0818,  0, 0, 0
L -72.7649, -81.8393, -13.0818,  -72.9984, -83.3072, -13.0818,  0, 0, 0
L -73.6832, -80.2173, -13.0819,  -72.7649, -81.8393, -13.0818,  0, 0, 0
L -103.6228, -80.2202, -13.0821,  -73.6832, -80.2173, -13.0819,  0, 0, 0
L -113.5935, -80.2241, -13.0822,  -103.6228, -80.2202, -13.0821,  0, 0, 0
L -115.4658, -80.2831, -13.0823,  -113.5935, -80.2241, -13.0822,  0, 0, 0
L -116.4664, -81.8075, -13.0823,  -115.4658, -80.2831, -13.0823,  0, 0, 0
L -116.6416, -83.7960, -13.0824,  -116.4664, -81.8075, -13.0823,  0, 0, 0
L -115.7524, -85.4754, -13.0824,  -116.6416, -83.7960, -13.0824,  0, 0, 0
L -101.5918, -85.4777, -13.0826,  -115.7524, -85.4754, -13.0824,  0, 0, 0
L -99.5994, -85.4751, -13.0826,  -101.5918, -85.4777, -13.0826,  0, 0, 0
L -99.3191, -145.6779, -13.0834,  -99.5994, -85.4751, -13.0826,  0, 0, 0
L -99.3189, -147.2403, -13.0834,  -99.3191, -145.6779, -13.0834,  0, 0, 0
L -107.9943, -147.8478, -13.4029,  -99.3189, -147.2403, -13.0834,  0, 0, 0
L -109.8578, -147.9527, -13.4029,  -107.9943, -147.8478, -13.4029,  0, 0, 0
L -111.0070, -148.8149, -13.4029,  -109.8578, -147.9527, -13.4029,  0, 0, 0
L -113.9241, -157.9934, -13.4044,  -111.0070, -148.8149, -13.4029,  0, 0, 0
L -114.5194, -159.8726, -13.4095,  -113.9241, -157.9934, -13.4044,  0, 0, 0
L -141.6076, -159.9659, -13.4098,  -114.5194, -159.8726, -13.4095,  0, 0, 0
L -143.5990, -159.9681, -13.4098,  -141.6076, -159.9659, -13.4098,  0, 0, 0
L -145.6110, -153.6815, -13.4099,  -143.5990, -159.9681, -13.4098,  0, 0, 0
L -146.1412, -152.0276, -13.4099,  -145.6110, -153.6815, -13.4099,  0, 0, 0
L -146.5285, -150.5390, -13.4099,  -146.1412, -152.0276, -13.4099,  0, 0, 0
L -147.0166, -149.0664, -13.4099,  -146.5285, -150.5390, -13.4099,  0, 0, 0
L -147.9377, -148.1117, -13.4099,  -147.0166, -149.0664, -13.4099,  0, 0, 0
L -158.8129, -148.0082, -13.4100,  -147.9377, -148.1117, -13.4099,  0, 0, 0
L -160.8093, -148.0128, -13.4100,  -158.8129, -148.0082, -13.4100,  0, 0, 0
L -161.0601, -87.6424, -13.6282,  -160.8093, -148.0128, -13.4100,  0, 0, 0
L -161.0628, -85.7235, -13.6282,  -161.0601, -87.6424, -13.6282,  0, 0, 0
L -155.2214, -85.4779, -13.6321,  -161.0628, -85.7235, -13.6282,  0, 0, 0
L -145.9335, -85.7275, -13.7483,  -155.2214, -85.4779, -13.6321,  0, 0, 0
L -144.0049, -85.5975, -13.8525,  -145.9335, -85.7275, -13.7483,  0, 0, 0
L -142.5674, -85.2884, -13.8525,  -144.0049, -85.5975, -13.8525,  0, 0, 0
L -141.7039, -83.5830, -13.8525,  -142.5674, -85.2884, -13.8525,  0, 0, 0
L -141.7592, -81.7354, -13.8525,  -141.7039, -83.5830, -13.8525,  0, 0, 0
L -142.2566, -80.2216, -13.8526,  -141.7592, -81.7354, -13.8525,  0, 0, 0
L -207.4876, -80.1459, -13.8323,  -142.2566, -80.2216, -13.8526,  0, 0, 0
L -209.2944, -80.1477, -13.8323,  -207.4876, -80.1459, -13.8323,  0, 0, 0
L -209.5773, -56.5734, -13.8434,  -209.2944, -80.1477, -13.8323,  0, 0, 0
L -209.4537, -55.3282, -13.8431,  -209.5773, -56.5734, -13.8434,  0, 0, 0
L -207.5070, -47.9282, -13.8535,  -209.4537, -55.3282, -13.8431,  0, 0, 0
L -207.0288, -46.0822, -13.8768,  -207.5070, -47.9282, -13.8535,  0, 0, 0
L -206.6202, -44.4366, -13.9470,  -207.0288, -46.0822, -13.8768,  0, 0, 0
L -206.2034, -42.2331, -13.8887,  -206.6202, -44.4366, -13.9470,  0, 0, 0
L -206.3627, -40.4159, -13.8849,  -206.2034, -42.2331, -13.8887,  0, 0, 0
L -207.4022, -39.0280, -13.8685,  -206.3627, -40.4159, -13.8849,  0, 0, 0
L -209.3922, -38.9672, -14.0731,  -207.4022, -39.0280, -13.8685,  0, 0, 0
L -210.5372, -40.0850, -14.0206,  -209.3922, -38.9672, -14.0731,  0, 0, 0
L -232.9208, -40.1557, -13.9354,  -210.5372, -40.0850, -14.0206,  0, 0, 0
L -262.4876, -40.2097, -13.9149,  -232.9208, -40.1557, -13.9354,  0, 0, 0
L -264.1204, -40.2143, -13.9546,  -262.4876, -40.2097, -13.9149,  0, 0, 0
L -264.3582, -18.2376, -13.8327,  -264.1204, -40.2143, -13.9546,  0, 0, 0
L -264.2059, -16.4465, -13.7426,  -264.3582, -18.2376, -13.8327,  0, 0, 0
