L -3, 276, 348, 0, 281, 348, 0, 0, 240
L -4, 274, 347, -3, 276, 348, 0, 0, 240
L -8, 265, 347, -4, 274, 347, 0, 0, 240
L -8, 263, 347, -8, 265, 347, 0, 0, 240
L -9, 261, 347, -8, 263, 347, 0, 0, 240
L -9, 259, 347, -9, 261, 347, 0, 0, 240
L -10, 258, 347, -9, 259, 347, 0, 0, 240
L -10, 254, 347, -10, 258, 347, 0, 0, 240
L -11, 252, 347, -10, 254, 347, 0, 0, 240
L -13, 240, 347, -11, 252, 347, 0, 0, 240
L -13, 239, 348, -13, 240, 347, 0, 0, 240
L -14, 233, 348, -13, 239, 348, 0, 0, 240
L -22, 232, 348, -14, 233, 348, 0, 0, 240
L -22, 236, 348, -22, 232, 348, 0, 0, 240
L -24, 238, 348, -22, 236, 348, 0, 0, 240
L -32, 238, 347, -24, 238, 348, 0, 0, 240
L -58, 206, 344, -57, 207, 344, 0, 0, 240
L -58, 202, 344, -58, 206, 344, 0, 0, 240
L -58, 199, 343, -58, 202, 344, 0, 0, 240
L -57, 198, 343, -58, 199, 343, 0, 0, 240
L -55, 199, 343, -57, 198, 343, 0, 0, 240
L -53, 199, 343, -55, 199, 343, 0, 0, 240
L -51, 199, 342, -53, 199, 343, 0, 0, 240
L -46, 192, 339, -51, 199, 342, 0, 0, 240
L -33, 188, 338, -46, 192, 339, 0, 0, 240
L -28, 181, 338, -33, 188, 338, 0, 0, 240
L -28, 176, 338, -28, 181, 338, 0, 0, 240
L -26, 165, 338, -28, 176, 338, 0, 0, 240
L -25, 164, 338, -26, 165, 338, 0, 0, 240
L -25, 151, 339, -25, 164, 338, 0, 0, 240
L -24, 150, 339, -25, 151, 339, 0, 0, 240
L -21, 150, 339, -24, 150, 339, 0, 0, 240
L -19, 149, 339, -21, 150, 339, 0, 0, 240
L -17, 149, 339, -19, 149, 339, 0, 0, 240
L -16, 152, 339, -17, 149, 339, 0, 0, 240
L -17, 155, 339, -16, 152, 339, 0, 0, 240
L -17, 158, 338, -17, 155, 339, 0, 0, 240
L -18, 159, 338, -17, 158, 338, 0, 0, 240
L -18, 162, 338, -18, 159, 338, 0, 0, 240
L -19, 164, 338, -18, 162, 338, 0, 0, 240
L -19, 168, 338, -19, 164, 338, 0, 0, 240
L -18, 169, 338, -19, 168, 338, 0, 0, 240
L -20, 170, 338, -18, 169, 338, 0, 0, 240
L -21, 176, 338, -20, 170, 338, 0, 0, 240
L -21, 180, 339, -21, 176, 338, 0, 0, 240
L -20, 183, 341, -21, 180, 339, 0, 0, 240
L -20, 185, 341, -20, 183, 341, 0, 0, 240
L -19, 187, 342, -20, 185, 341, 0, 0, 240
L -19, 188, 343, -19, 187, 342, 0, 0, 240
L -15, 201, 347, -19, 188, 343, 0, 0, 240
L -14, 225, 348, -15, 201, 347, 0, 0, 240
L -23, 225, 348, -14, 225, 348, 0, 0, 240
L -23, 210, 347, -23, 225, 348, 0, 0, 240
L -32, 200, 347, -23, 210, 347, 0, 0, 240
L -46, 206, 347, -32, 200, 347, 0, 0, 240
L -55, 207, 344, -46, 206, 347, 0, 0, 240
L -76, 238, 347, -34, 238, 347, 0, 0, 240
L -79, 221, 347, -76, 238, 347, 0, 0, 240
L -79, 208, 347, -79, 221, 347, 0, 0, 240
L -70, 206, 344, -79, 208, 347, 0, 0, 240
L -65, 208, 344, -70, 206, 344, 0, 0, 240
L -63, 208, 344, -65, 208, 344, 0, 0, 240
L -63, 201, 344, -63, 208, 344, 0, 0, 240
L -63, 199, 343, -63, 201, 344, 0, 0, 240
L -65, 198, 343, -63, 199, 343, 0, 0, 240
L -70, 199, 343, -65, 198, 343, 0, 0, 240
L -75, 191, 338, -70, 199, 343, 0, 0, 240
L -76, 190, 338, -75, 191, 338, 0, 0, 240
L -80, 190, 338, -76, 190, 338, 0, 0, 240
L -81, 189, 339, -80, 190, 338, 0, 0, 240
L -85, 185, 338, -81, 189, 339, 0, 0, 240
L -85, 182, 338, -85, 185, 338, 0, 0, 240
L -86, 180, 338, -85, 182, 338, 0, 0, 240
L -87, 176, 342, -86, 180, 338, 0, 0, 240
L -88, 175, 342, -87, 176, 342, 0, 0, 240
L -88, 172, 338, -88, 175, 342, 0, 0, 240
L -81, 160, 338, -88, 172, 338, 0, 0, 240
L -81, 159, 338, -81, 160, 338, 0, 0, 240
L -77, 151, 339, -81, 159, 338, 0, 0, 240
L -77, 149, 339, -77, 151, 339, 0, 0, 240
L -75, 148, 339, -77, 149, 339, 0, 0, 240
L -75, 146, 339, -75, 148, 339, 0, 0, 240
L -72, 142, 339, -75, 146, 339, 0, 0, 240
L -70, 142, 339, -72, 142, 339, 0, 0, 240
L -70, 140, 338, -70, 142, 339, 0, 0, 240
L -55, 135, 338, -70, 140, 338, 0, 0, 240
L -49, 126, 338, -55, 135, 338, 0, 0, 240
L -48, 123, 338, -49, 126, 338, 0, 0, 240
L -37, 120, 338, -48, 123, 338, 0, 0, 240
L -30, 122, 338, -37, 120, 338, 0, 0, 240
L -27, 125, 338, -30, 122, 338, 0, 0, 240
L -27, 126, 339, -27, 125, 338, 0, 0, 240
L -27, 128, 338, -27, 126, 339, 0, 0, 240
L -27, 131, 338, -27, 128, 338, 0, 0, 240
L -25, 136, 338, -27, 131, 338, 0, 0, 240
L -25, 138, 339, -25, 136, 338, 0, 0, 240
L -25, 142, 339, -25, 138, 339, 0, 0, 240
L -24, 144, 339, -25, 142, 339, 0, 0, 240
L -23, 144, 339, -24, 144, 339, 0, 0, 240
L -20, 146, 339, -23, 144, 339, 0, 0, 240
L -17, 144, 339, -20, 146, 339, 0, 0, 240
L -16, 142, 339, -17, 144, 339, 0, 0, 240
L 0, 129, 260, 0, 142, 274, 0, 240, 0
L -1, 117, 251, 0, 129, 260, 0, 240, 0
L -1, 104, 246, -1, 117, 251, 0, 240, 0
L -2, 102, 245, -1, 104, 246, 0, 240, 0
L -2, 59, 226, -2, 102, 245, 0, 240, 0
L -2, 57, 226, -2, 59, 226, 0, 240, 0
L 0, -75, 168, -2, 57, 226, 0, 240, 0
L 0, -79, 168, 0, -75, 168, 0, 240, 0
L 0, -87, 164, 0, -79, 168, 0, 240, 0
L -1, -89, 164, 0, -87, 164, 0, 240, 0
L -1, -97, 161, -1, -89, 164, 0, 240, 0
L -2, -106, 157, -1, -97, 161, 0, 240, 0
L -2, -108, 157, -2, -106, 157, 0, 240, 0
L -3, -112, 155, -2, -108, 157, 0, 240, 0
L -3, -114, 155, -3, -112, 155, 0, 240, 0
L -3, -118, 153, -3, -114, 155, 0, 240, 0
L -4, -120, 153, -3, -118, 153, 0, 240, 0
L -4, -126, 151, -4, -120, 153, 0, 240, 0
L -5, -133, 148, -4, -126, 151, 0, 240, 0
L -6, -135, 148, -5, -133, 148, 0, 240, 0
L -6, -137, 147, -6, -135, 148, 0, 240, 0
L -6, -139, 147, -6, -137, 147, 0, 240, 0
L -9, -147, 144, -6, -139, 147, 0, 240, 0
L -9, -148, 144, -9, -147, 144, 0, 240, 0
L -11, -148, 141, -9, -148, 144, 0, 240, 0
L -12, -147, 140, -11, -148, 141, 0, 240, 0
L -12, -143, 137, -12, -147, 140, 0, 240, 0
L -12, -141, 137, -12, -143, 137, 0, 240, 0
L -11, -139, 136, -12, -141, 137, 0, 240, 0
L -11, -138, 134, -11, -139, 136, 0, 240, 0
L -10, -117, 120, -11, -138, 134, 0, 240, 0
L -9, -110, 119, -10, -117, 120, 0, 240, 0
L -8, 123, 101, -15, 124, 101, 0, 240, 0
L -7, 124, 101, -8, 123, 101, 0, 240, 0
L -7, 131, 102, -7, 124, 101, 0, 240, 0
L -7, 132, 101, -7, 131, 102, 0, 240, 0
L -8, 133, 101, -7, 132, 101, 0, 240, 0
L -10, 133, 101, -8, 133, 101, 0, 240, 0
L -11, 132, 101, -10, 133, 101, 0, 240, 0
L -17, 132, 105, -11, 132, 101, 0, 240, 0
L 17, 133, 103, 18, 133, 106, 0, 240, 0
L 15, 133, 101, 17, 133, 103, 0, 240, 0
L 8, 133, 101, 15, 133, 101, 0, 240, 0
L 7, 132, 101, 8, 133, 101, 0, 240, 0
L 7, 124, 101, 7, 132, 101, 0, 240, 0
L 14, 124, 101, 7, 124, 101, 0, 240, 0
L 14, 119, 104, 14, 124, 101, 0, 240, 0
L 14, 100, 103, 14, 119, 104, 0, 240, 0
L 13, 98, 103, 14, 100, 103, 0, 240, 0
L 13, 75, 103, 13, 98, 103, 0, 240, 0
L 14, 74, 104, 13, 75, 103, 0, 240, 0
L 13, 55, 102, 14, 74, 104, 0, 240, 0
L 13, 53, 101, 13, 55, 102, 0, 240, 0
L 12, -14, 100, 13, 53, 101, 0, 240, 0
L 12, -16, 101, 12, -14, 100, 0, 240, 0
L 12, -20, 101, 12, -16, 101, 0, 240, 0
L 11, -22, 101, 12, -20, 101, 0, 240, 0
L 11, -25, 101, 11, -22, 101, 0, 240, 0
L 10, -27, 101, 11, -25, 101, 0, 240, 0
L 10, -31, 101, 10, -27, 101, 0, 240, 0
L 8, -36, 101, 10, -31, 101, 0, 240, 0
L 8, -38, 101, 8, -36, 101, 0, 240, 0
L 7, -39, 101, 8, -38, 101, 0, 240, 0
L 7, -50, 101, 7, -39, 101, 0, 240, 0
L 9, -50, 101, 7, -50, 101, 0, 240, 0
L 10, -54, 102, 9, -50, 101, 0, 240, 0
L 10, -55, 103, 10, -54, 102, 0, 240, 0
L 10, -59, 104, 10, -55, 103, 0, 240, 0
L 11, -61, 105, 10, -59, 104, 0, 240, 0
L 11, -63, 105, 11, -61, 105, 0, 240, 0
L 11, -64, 106, 11, -63, 105, 0, 240, 0
L 11, -66, 106, 11, -64, 106, 0, 240, 0
L 12, -68, 107, 11, -66, 106, 0, 240, 0
L 12, -69, 109, 12, -68, 107, 0, 240, 0
L 14, -78, 114, 12, -69, 109, 0, 240, 0
L 15, -79, 114, 14, -78, 114, 0, 240, 0
L 15, -80, 115, 15, -79, 114, 0, 240, 0
L 16, -82, 116, 15, -80, 115, 0, 240, 0
L 18, -85, 116, 16, -82, 116, 0, 240, 0
L 18, -86, 117, 18, -85, 116, 0, 240, 0
L 19, -89, 118, 18, -86, 117, 0, 240, 0
L 20, -90, 118, 19, -89, 118, 0, 240, 0
L 21, -92, 119, 20, -90, 118, 0, 240, 0
L 22, -93, 119, 21, -92, 119, 0, 240, 0
L 24, -99, 119, 22, -93, 119, 0, 240, 0
L 24, -100, 118, 24, -99, 119, 0, 240, 0
L 26, -105, 118, 24, -100, 118, 0, 240, 0
L 27, -107, 119, 26, -105, 118, 0, 240, 0
L 27, -110, 119, 27, -107, 119, 0, 240, 0
L -27, -110, 119, -28, -110, 119, 0, 240, 0
L -13, -79, 110, -27, -110, 119, 0, 240, 0
L -12, -78, 110, -13, -79, 110, 0, 240, 0
L -12, -76, 109, -12, -78, 110, 0, 240, 0
L -8, -59, 103, -12, -76, 109, 0, 240, 0
L -8, -56, 101, -8, -59, 103, 0, 240, 0
L -7, -41, 101, -8, -56, 101, 0, 240, 0
L -9, -41, 101, -7, -41, 101, 0, 240, 0
L -10, -40, 101, -9, -41, 101, 0, 240, 0
L -9, 109, 101, -10, -40, 101, 0, 240, 0
L -7, 114, 101, -9, 109, 101, 0, 240, 0
L -7, 130, 102, -7, 114, 101, 0, 240, 0
L 76, 241, 0, 77, 218, 6, 240, 127, 0
L 74, 246, 0, 76, 241, 0, 240, 127, 0
L 73, 248, -1, 74, 246, 0, 240, 127, 0
L 72, 249, -1, 73, 248, -1, 240, 127, 0
L 71, 251, -2, 72, 249, -1, 240, 127, 0
L 70, 253, -2, 71, 251, -2, 240, 127, 0
L 69, 254, -3, 70, 253, -2, 240, 127, 0
L 68, 256, -3, 69, 254, -3, 240, 127, 0
L 67, 257, -5, 68, 256, -3, 240, 127, 0
L 66, 259, -5, 67, 257, -5, 240, 127, 0
L 65, 260, -6, 66, 259, -5, 240, 127, 0
L 64, 262, -6, 65, 260, -6, 240, 127, 0
L 61, 265, -7, 64, 262, -6, 240, 127, 0
L 61, 266, -7, 61, 265, -7, 240, 127, 0
L 39, 283, -14, 61, 266, -7, 240, 127, 0
L 17, 291, -20, 39, 283, -14, 240, 127, 0
L 16, 292, -21, 17, 291, -20, 240, 127, 0
L 14, 293, -21, 16, 292, -21, 240, 127, 0
L -16, 296, -31, 14, 293, -21, 240, 127, 0
L -47, 296, -37, -16, 296, -31, 240, 127, 0
L -51, 296, -36, -47, 296, -37, 240, 127, 0
L -52, 295, -36, -51, 296, -36, 240, 127, 0
L -55, 285, -36, -52, 295, -36, 240, 127, 0
L -56, 284, -36, -55, 285, -36, 240, 127, 0
L -56, 280, -36, -56, 284, -36, 240, 127, 0
L -58, 278, -36, -56, 280, -36, 240, 127, 0
L -61, 277, -36, -58, 278, -36, 240, 127, 0
L -62, 276, -36, -61, 277, -36, 240, 127, 0
L -77, 275, -36, -62, 276, -36, 240, 127, 0
L -81, 278, -36, -77, 275, -36, 240, 127, 0
L -87, 289, -36, -81, 278, -36, 240, 127, 0
L -87, 292, -36, -87, 289, -36, 240, 127, 0
L -89, 297, -36, -87, 292, -36, 240, 127, 0
L -94, 297, -35, -89, 297, -36, 240, 127, 0
L -96, 296, -35, -94, 297, -35, 240, 127, 0
L -98, 296, -36, -96, 296, -35, 240, 127, 0
L -97, 282, -36, -98, 296, -36, 240, 127, 0
L -95, 279, -36, -97, 282, -36, 240, 127, 0
L -94, 269, -36, -95, 279, -36, 240, 127, 0
L -94, 267, -35, -94, 269, -36, 240, 127, 0
L -94, 261, -35, -94, 267, -35, 240, 127, 0
L -93, 259, -35, -94, 261, -35, 240, 127, 0
L -24, 190, -35, -93, 259, -35, 240, 127, 0
L -25, 188, -36, -24, 190, -35, 240, 127, 0
L -50, 163, -36, -25, 188, -36, 240, 127, 0
L -49, 161, -35, -50, 163, -36, 240, 127, 0
L -61, 149, -35, -49, 161, -35, 240, 127, 0
L -78, 166, -33, -61, 149, -35, 240, 127, 0
L -107, 194, -35, -78, 166, -33, 240, 127, 0
L -109, 196, -33, -107, 194, -35, 240, 127, 0
L -117, 205, -33, -109, 196, -33, 240, 127, 0
L -119, 206, -35, -117, 205, -33, 240, 127, 0
L -122, 206, -35, -119, 206, -35, 240, 127, 0
L -123, 206, -36, -122, 206, -35, 240, 127, 0
L -124, 206, -35, -123, 206, -36, 240, 127, 0
L -182, 149, -35, -124, 206, -35, 240, 127, 0
L -186, 153, -35, -182, 149, -35, 240, 127, 0
L -191, 161, -36, -186, 153, -35, 240, 127, 0
L -193, 162, -36, -191, 161, -36, 240, 127, 0
L -196, 167, -36, -193, 162, -36, 240, 127, 0
L -207, 176, -36, -196, 167, -36, 240, 127, 0
L -208, 176, -35, -207, 176, -36, 240, 127, 0
L -220, 187, -35, -208, 176, -35, 240, 127, 0
L -217, 191, -33, -220, 187, -35, 240, 127, 0
L -177, 230, -33, -217, 191, -33, 240, 127, 0
L -151, 255, -36, -177, 230, -33, 240, 127, 0
L -148, 265, -36, -151, 255, -36, 240, 127, 0
L -148, 401, -36, -148, 265, -36, 240, 127, 0
L -149, 402, -35, -148, 401, -36, 240, 127, 0
L -149, 421, -35, -149, 402, -35, 240, 127, 0
L -143, 420, -36, -149, 421, -35, 240, 127, 0
L -113, 419, -36, -143, 420, -36, 240, 127, 0
L -113, 421, -35, -113, 419, -36, 240, 127, 0
L -95, 421, -35, -113, 421, -35, 240, 127, 0
L -95, 386, -36, -95, 421, -35, 240, 127, 0
L -96, 385, -36, -95, 386, -36, 240, 127, 0
L -97, 350, -32, -96, 385, -36, 240, 127, 0
L -97, 348, -36, -97, 350, -32, 240, 127, 0
L -96, 347, -36, -97, 348, -36, 240, 127, 0
L -95, 342, -36, -96, 347, -36, 240, 127, 0
L -96, 340, -36, -95, 342, -36, 240, 127, 0
L -96, 334, -36, -96, 340, -36, 240, 127, 0
L -97, 313, -36, -96, 334, -36, 240, 127, 0
L -98, 312, -36, -97, 313, -36, 240, 127, 0
L -97, 311, -36, -98, 312, -36, 240, 127, 0
L -92, 311, -35, -97, 311, -36, 240, 127, 0
L -90, 311, -36, -92, 311, -35, 240, 127, 0
L -88, 312, -36, -90, 311, -36, 240, 127, 0
L -88, 319, -36, -88, 312, -36, 240, 127, 0
L -90, 322, -36, -88, 319, -36, 240, 127, 0
L -90, 324, -36, -90, 322, -36, 240, 127, 0
L -86, 324, -36, -90, 324, -36, 240, 127, 0
L -85, 324, -35, -86, 324, -36, 240, 127, 0
L -84, 324, -35, -85, 324, -35, 240, 127, 0
L -82, 325, -32, -84, 324, -35, 240, 127, 0
L -82, 327, -35, -82, 325, -32, 240, 127, 0
L -81, 329, -36, -82, 327, -35, 240, 127, 0
L -76, 330, -36, -81, 329, -36, 240, 127, 0
L -77, 332, -36, -76, 330, -36, 240, 127, 0
L -71, 332, -36, -77, 332, -36, 240, 127, 0
L -62, 330, -36, -71, 332, -36, 240, 127, 0
L -60, 331, -36, -62, 330, -36, 240, 127, 0
L -56, 327, -36, -60, 331, -36, 240, 127, 0
L -55, 326, -35, -56, 327, -36, 240, 127, 0
L -55, 320, -35, -55, 326, -35, 240, 127, 0
L -56, 319, -36, -55, 320, -35, 240, 127, 0
L -56, 315, -36, -56, 319, -36, 240, 127, 0
L -54, 315, -36, -56, 315, -36, 240, 127, 0
L -52, 313, -36, -54, 315, -36, 240, 127, 0
L -50, 312, -37, -52, 313, -36, 240, 127, 0
L 11, 309, -23, -50, 312, -37, 240, 127, 0
L 25, 306, -19, 11, 309, -23, 240, 127, 0
L 50, 295, -13, 25, 306, -19, 240, 127, 0
L 69, 280, -8, 50, 295, -13, 240, 127, 0
L 70, 279, -7, 69, 280, -8, 240, 127, 0
L 72, 277, -7, 70, 279, -7, 240, 127, 0
L 73, 275, -6, 72, 277, -7, 240, 127, 0
L 75, 272, -6, 73, 275, -6, 240, 127, 0
L 88, 251, -1, 75, 272, -6, 240, 127, 0
L 89, 250, 0, 88, 251, -1, 240, 127, 0
L 90, 248, 0, 89, 250, 0, 240, 127, 0
L 93, 231, 3, 90, 248, 0, 0, 0, 0
L 93, 229, 4, 93, 231, 3, 0, 0, 0
L 94, 227, 4, 93, 229, 4, 0, 0, 0
L 94, 214, 6, 94, 227, 4, 0, 0, 0
L 93, 208, 6, 94, 214, 6, 0, 0, 0
L 94, 207, 6, 93, 208, 6, 0, 0, 0
L 94, 201, 6, 94, 207, 6, 0, 0, 0
L 93, 200, 6, 94, 201, 6, 0, 0, 0
L 93, 197, 6, 93, 200, 6, 0, 0, 0
L 92, 195, 6, 93, 197, 6, 0, 0, 0
L 92, 191, 6, 92, 195, 6, 0, 0, 0
L 91, 189, 6, 92, 191, 6, 0, 0, 0
L 91, 187, 6, 91, 189, 6, 0, 0, 0
L 89, 184, 6, 91, 187, 6, 0, 0, 0
L 89, 183, 6, 89, 184, 6, 0, 0, 0
L 89, 182, 5, 89, 183, 6, 0, 0, 0
L 88, 181, 5, 89, 182, 5, 0, 0, 0
L 86, 175, 5, 88, 181, 5, 0, 0, 0
L 85, 174, 5, 86, 175, 5, 0, 0, 0
L 83, 169, 6, 85, 174, 5, 0, 0, 0
L 81, 166, 6, 83, 169, 6, 0, 240, 0
L 81, 165, 7, 81, 166, 6, 0, 240, 0
L 75, 156, 8, 81, 165, 7, 0, 240, 0
L 75, 155, 9, 75, 156, 8, 0, 240, 0
L 51, 134, 13, 75, 155, 9, 0, 240, 0
L 23, 122, 18, 51, 134, 13, 0, 240, 0
L 22, 121, 18, 23, 122, 18, 0, 240, 0
L -13, 119, 23, 22, 121, 18, 0, 240, 0
L -45, 130, 28, -13, 119, 23, 0, 240, 0
L -47, 131, 29, -45, 130, 28, 0, 240, 0
L -48, 132, 29, -47, 131, 29, 0, 240, 0
L -50, 132, 29, -48, 132, 29, 0, 240, 0
L -68, 148, 33, -50, 132, 29, 0, 240, 0
L -88, 178, 38, -68, 148, 33, 0, 240, 0
L -89, 179, 39, -88, 178, 38, 0, 240, 0
L -89, 181, 39, -89, 179, 39, 0, 240, 0
L -90, 182, 39, -89, 181, 39, 0, 240, 0
L -90, 184, 39, -90, 182, 39, 0, 240, 0
L -91, 186, 40, -90, 184, 39, 0, 240, 0
L -91, 190, 40, -91, 186, 40, 0, 240, 0
L -92, 192, 40, -91, 190, 40, 0, 240, 0
L -92, 193, 41, -92, 192, 40, 0, 240, 0
L -94, 206, 42, -92, 193, 41, 0, 240, 0
L -95, 208, 43, -94, 206, 42, 0, 240, 0
L -95, 217, 44, -95, 208, 43, 0, 240, 0
L -95, 219, 45, -95, 217, 44, 0, 240, 0
L -92, 237, 47, -95, 219, 45, 0, 240, 0
L -91, 239, 48, -92, 237, 47, 0, 240, 0
L -91, 243, 48, -91, 239, 48, 0, 240, 0
L -91, 244, 49, -91, 243, 48, 0, 240, 0
L -85, 256, 50, -91, 244, 49, 0, 240, 0
L -76, 271, 53, -85, 256, 50, 0, 240, 0
L -71, 276, 54, -76, 271, 53, 0, 240, 0
L -70, 278, 55, -71, 276, 54, 0, 240, 0
L -49, 297, 60, -70, 278, 55, 0, 240, 0
L -18, 307, 65, -49, 297, 60, 0, 240, 0
L -12, 307, 66, -18, 307, 65, 0, 240, 0
L -9, 309, 66, -12, 307, 66, 0, 240, 0
L 13, 309, 68, -9, 309, 66, 0, 240, 0
L 14, 309, 70, 13, 309, 68, 0, 240, 0
L 14, 141, 104, 14, 309, 70, 0, 240, 0
L 14, 139, 102, 14, 141, 104, 0, 240, 0
L 15, 137, 101, 14, 139, 102, 0, 240, 0
L 15, 135, 101, 15, 137, 101, 0, 240, 0
L 17, 136, 106, 15, 135, 101, 0, 240, 0
L 18, 131, 106, 17, 136, 106, 0, 240, 0
L -13, 133, 101, -12, 132, 101, 0, 240, 0
L -14, 212, 85, -13, 133, 101, 0, 240, 0
L -13, 214, 85, -14, 212, 85, 0, 240, 0
L -12, 280, 66, -13, 214, 85, 0, 240, 0
L -11, 294, 66, -12, 280, 66, 0, 240, 0
L -13, 294, 66, -11, 294, 66, 0, 240, 0
L -15, 294, 65, -13, 294, 66, 0, 240, 0
L -18, 292, 65, -15, 294, 65, 0, 240, 0
L -30, 289, 63, -18, 292, 65, 0, 240, 0
L -29, 287, 62, -30, 289, 63, 0, 240, 0
L -37, 284, 60, -29, 287, 62, 0, 240, 0
L -39, 284, 60, -37, 284, 60, 0, 240, 0
L -60, 266, 54, -39, 284, 60, 0, 240, 0
L -74, 243, 49, -60, 266, 54, 0, 240, 0
L -75, 236, 47, -74, 243, 49, 0, 240, 0
L -76, 234, 47, -75, 236, 47, 0, 240, 0
L -76, 232, 47, -76, 234, 47, 0, 240, 0
L -76, 230, 46, -76, 232, 47, 0, 240, 0
L -77, 227, 46, -76, 230, 46, 0, 240, 0
L -77, 224, 45, -77, 227, 46, 0, 240, 0
L -78, 223, 45, -77, 224, 45, 0, 240, 0
L -78, 221, 45, -78, 223, 45, 0, 240, 0
L -78, 220, 44, -78, 221, 45, 0, 240, 0
L -79, 215, 44, -78, 220, 44, 0, 240, 0
L -79, 213, 43, -79, 215, 44, 0, 240, 0
L -79, 211, 43, -79, 213, 43, 0, 240, 0
L -78, 209, 43, -79, 211, 43, 0, 240, 0
L -78, 207, 42, -78, 209, 43, 0, 240, 0
L -78, 205, 42, -78, 207, 42, 0, 240, 0
L -77, 203, 41, -78, 205, 42, 0, 240, 0
L -76, 199, 41, -77, 203, 41, 0, 240, 0
L -76, 198, 40, -76, 199, 41, 0, 240, 0
L -76, 195, 40, -76, 198, 40, 0, 240, 0
L -75, 194, 40, -76, 195, 40, 0, 240, 0
L -75, 189, 39, -75, 194, 40, 0, 240, 0
L -62, 166, 34, -75, 189, 39, 0, 240, 0
L -62, 165, 34, -62, 166, 34, 0, 240, 0
L -61, 164, 34, -62, 165, 34, 0, 240, 0
L -61, 163, 34, -61, 164, 34, 0, 240, 0
L -40, 146, 29, -61, 163, 34, 0, 240, 0
L -16, 137, 24, -40, 146, 29, 0, 240, 0
L -15, 136, 24, -16, 137, 24, 0, 240, 0
L 13, 136, 19, -15, 136, 24, 0, 240, 0
L 39, 145, 14, 13, 136, 19, 0, 240, 0
L 55, 158, 10, 39, 145, 14, 0, 240, 0
L 61, 163, 9, 55, 158, 10, 0, 0, 0
L 64, 169, 7, 61, 163, 9, 0, 0, 0
L 70, 176, 7, 64, 169, 7, 0, 0, 0
L 71, 177, 6, 70, 176, 7, 0, 0, 0
L 76, 184, 5, 71, 177, 6, 0, 0, 0
L 76, 189, 6, 76, 184, 5, 0, 0, 0
L 75, 190, 6, 76, 189, 6, 0, 0, 0
L 73, 190, 6, 75, 190, 6, 0, 0, 0
L 71, 192, 6, 73, 190, 6, 0, 0, 0
L 70, 192, 6, 71, 192, 6, 0, 0, 0
L 69, 193, 6, 70, 192, 6, 0, 0, 0
L 67, 193, 6, 69, 193, 6, 0, 0, 0
L 66, 192, 6, 67, 193, 6, 0, 0, 0
L 60, 194, 6, 66, 192, 6, 0, 0, 0
L 53, 203, 6, 60, 194, 6, 0, 0, 0
L 50, 205, 6, 53, 203, 6, 0, 0, 0
L 47, 210, 6, 50, 205, 6, 0, 0, 0
L 47, 213, 6, 47, 210, 6, 0, 0, 0
L 46, 214, 6, 47, 213, 6, 0, 0, 0
L 46, 215, 6, 46, 214, 6, 0, 0, 0
L 44, 217, 6, 46, 215, 6, 0, 0, 0
L 36, 217, 6, 44, 217, 6, 0, 0, 0
L 34, 218, 6, 36, 217, 6, 0, 0, 0
L 33, 216, 6, 34, 218, 6, 0, 0, 0
L 33, 214, 6, 33, 216, 6, 0, 0, 0
L 24, 195, 6, 33, 214, 6, 0, 0, 0
L 21, 194, 6, 24, 195, 6, 0, 0, 0
L -18, 239, 3, -19, 238, 2, 240, 127, 0
L -17, 240, 3, -18, 239, 3, 240, 127, 0
L -14, 241, 1, -17, 240, 3, 240, 127, 0
L -13, 242, 1, -14, 241, 1, 240, 127, 0
L -12, 250, 1, -13, 242, 1, 240, 127, 0
L -22, 246, 1, -12, 250, 1, 240, 127, 0
L -23, 247, 1, -22, 246, 1, 240, 127, 0
L -23, 249, 1, -23, 247, 1, 240, 127, 0
L -29, 261, 1, -23, 249, 1, 240, 127, 0
L -34, 261, 1, -29, 261, 1, 240, 127, 0
L -36, 262, 1, -34, 261, 1, 240, 127, 0
L -36, 269, 1, -36, 262, 1, 240, 127, 0
L -35, 270, 1, -36, 269, 1, 240, 127, 0
L -29, 271, 1, -35, 270, 1, 240, 127, 0
L -24, 268, 1, -29, 271, 1, 240, 127, 0
L -22, 273, 1, -24, 268, 1, 240, 127, 0
L -22, 276, 1, -22, 273, 1, 240, 127, 0
L -20, 276, 1, -22, 276, 1, 240, 127, 0
L -19, 277, 1, -20, 276, 1, 240, 127, 0
L -19, 285, 1, -19, 277, 1, 240, 127, 0
L -20, 288, 1, -19, 285, 1, 240, 127, 0
L -18, 288, 1, -20, 288, 1, 240, 127, 0
L -16, 287, 1, -18, 288, 1, 240, 127, 0
L -15, 285, 1, -16, 287, 1, 240, 127, 0
L -19, 288, 1, -17, 287, 1, 240, 127, 0
L -19, 292, 4, -19, 288, 1, 240, 127, 0
L -5, 292, 1, -4, 291, 1, 240, 127, 0
L -14, 292, 1, -5, 292, 1, 240, 127, 0
L -15, 288, 1, -14, 292, 1, 240, 127, 0
L -13, 285, 1, -15, 288, 1, 240, 127, 0
L -15, 284, 1, -13, 285, 1, 240, 127, 0
L -15, 282, 1, -15, 284, 1, 240, 127, 0
L -4, 282, 1, -15, 282, 1, 240, 127, 0
L -4, 289, 1, -4, 282, 1, 240, 127, 0
L -5, 292, 1, -4, 289, 1, 240, 127, 0
L -49, 297, 3, -19, 291, 4, 240, 127, 0
L -50, 295, 1, -49, 297, 3, 240, 127, 0
L -51, 295, 1, -50, 295, 1, 240, 127, 0
L -54, 290, 1, -51, 295, 1, 240, 127, 0
L -54, 288, 1, -54, 290, 1, 240, 127, 0
L -55, 287, 1, -54, 288, 1, 240, 127, 0
L -56, 284, 4, -55, 287, 1, 240, 127, 0
L -61, 275, 5, -56, 284, 4, 240, 127, 0
L -62, 274, 4, -61, 275, 5, 240, 127, 0
L -61, 272, 6, -62, 274, 4, 240, 127, 0
L -60, 269, 6, -61, 272, 6, 240, 127, 0
L -59, 268, 7, -60, 269, 6, 240, 127, 0
L -57, 267, 4, -59, 268, 7, 240, 127, 0
L -54, 269, 4, -57, 267, 4, 240, 127, 0
L -53, 269, 4, -54, 269, 4, 240, 127, 0
L -51, 271, 4, -53, 269, 4, 240, 127, 0
L -46, 271, 4, -51, 271, 4, 240, 127, 0
L -45, 271, 1, -46, 271, 4, 240, 127, 0
L -42, 270, 1, -45, 271, 1, 240, 127, 0
L -41, 268, 1, -42, 270, 1, 240, 127, 0
L -41, 261, 1, -41, 268, 1, 240, 127, 0
L -42, 259, 1, -41, 261, 1, 240, 127, 0
L -44, 259, 1, -42, 259, 1, 240, 127, 0
L -44, 261, 1, -44, 259, 1, 240, 127, 0
L -45, 262, 1, -44, 261, 1, 240, 127, 0
L -48, 257, 1, -45, 262, 1, 240, 127, 0
L -50, 250, 1, -48, 257, 1, 240, 127, 0
L -49, 249, 1, -50, 250, 1, 240, 127, 0
L -51, 248, 1, -49, 249, 1, 240, 127, 0
L -49, 245, 1, -51, 248, 1, 240, 127, 0
L -60, 244, 1, -49, 245, 1, 240, 127, 0
L -61, 246, 1, -60, 244, 1, 240, 127, 0
L -59, 249, 1, -61, 246, 1, 240, 127, 0
L -57, 257, 1, -59, 249, 1, 240, 127, 0
L -60, 259, 1, -57, 257, 1, 240, 127, 0
L -60, 261, 1, -60, 259, 1, 240, 127, 0
L -61, 262, 1, -60, 261, 1, 240, 127, 0
L -70, 264, 1, -61, 262, 1, 240, 127, 0
L -71, 265, 1, -70, 264, 1, 240, 127, 0
L -73, 265, 1, -71, 265, 1, 240, 127, 0
L -83, 274, 1, -73, 265, 1, 240, 127, 0
L -105, 283, 1, -83, 274, 1, 240, 127, 0
L -111, 269, 4, -108, 281, 1, 0, 0, 0
L -109, 253, 1, -111, 269, 4, 0, 0, 0
L -110, 220, 1, -109, 253, 1, 0, 0, 0
L -109, 219, 1, -110, 220, 1, 0, 0, 0
L -109, 217, 1, -109, 219, 1, 0, 0, 0
L -107, 217, 1, -109, 217, 1, 0, 0, 0
L -106, 215, 1, -107, 217, 1, 0, 0, 0
L -96, 215, 1, -106, 215, 1, 0, 0, 0
L -93, 219, 1, -96, 215, 1, 0, 0, 0
L -90, 221, 1, -93, 219, 1, 0, 0, 0
L -86, 221, 1, -90, 221, 1, 0, 0, 0
L -84, 222, 1, -86, 221, 1, 0, 0, 0
L -85, 224, 1, -84, 222, 1, 0, 0, 0
L -79, 225, 1, -85, 224, 1, 0, 0, 0
L -78, 224, 1, -79, 225, 1, 0, 0, 0
L -71, 227, 1, -78, 224, 1, 0, 0, 0
L -69, 226, 1, -71, 227, 1, 0, 0, 0
L -68, 224, 1, -69, 226, 1, 0, 0, 0
L -65, 222, 1, -68, 224, 1, 0, 0, 0
L -59, 226, 1, -65, 222, 1, 0, 0, 0
L -58, 228, 1, -59, 226, 1, 0, 0, 0
L -60, 238, 1, -58, 228, 1, 0, 0, 0
L -51, 236, 1, -60, 238, 1, 0, 0, 0
L -52, 220, 3, -51, 236, 1, 0, 0, 0
L -22, 220, 3, -52, 220, 3, 0, 0, 0
L -22, 229, 1, -22, 220, 3, 0, 0, 0
L 10, 195, 6, 9, 186, 6, 0, 0, 0
L 5, 194, 6, 10, 195, 6, 0, 0, 0
L -3, 203, 6, 5, 194, 6, 0, 0, 0
L -3, 214, 6, -3, 203, 6, 0, 0, 0
L -9, 224, 6, -3, 214, 6, 0, 0, 0
L -9, 225, 6, -9, 224, 6, 0, 0, 0
L -19, 229, 2, -9, 225, 6, 0, 0, 0
L -12, 238, 6, -18, 239, 2, 0, 0, 0
L -10, 238, 6, -12, 238, 6, 0, 0, 0
L -9, 246, 6, -10, 238, 6, 0, 0, 0
L -8, 247, 6, -9, 246, 6, 0, 0, 0
L -8, 258, 6, -8, 247, 6, 0, 0, 0
L -7, 260, 6, -8, 258, 6, 0, 0, 0
L -6, 260, 6, -7, 260, 6, 0, 0, 0
L -6, 262, 6, -6, 260, 6, 0, 0, 0
L -9, 261, 6, -6, 262, 6, 0, 0, 0
L 0, 277, 6, -9, 261, 6, 0, 0, 0
L 0, 278, 6, 0, 277, 6, 0, 0, 0
L 1, 279, 6, 0, 278, 6, 0, 0, 0
L 1, 290, 6, 1, 279, 6, 0, 0, 0
L -4, 300, 9, 1, 290, 6, 0, 0, 0
L -7, 303, 9, -4, 300, 9, 0, 0, 0
L -9, 303, 9, -7, 303, 9, 0, 0, 0
L -11, 302, 9, -9, 303, 9, 0, 0, 0
L -18, 303, 9, -11, 302, 9, 0, 0, 0
L -28, 298, 12, -18, 303, 9, 0, 0, 0
L -34, 301, 12, -28, 298, 12, 0, 0, 0
L -26, 346, 12, -34, 301, 12, 0, 0, 0
L -5, 345, 9, -26, 346, 12, 0, 0, 0
L -6, 352, 9, -5, 345, 9, 0, 0, 0
L -26, 352, 9, -6, 352, 9, 0, 0, 0
L -26, 375, 9, -26, 352, 9, 0, 0, 0
L -10, 384, 9, -26, 375, 9, 0, 0, 0
L 11, 384, 9, -10, 384, 9, 0, 0, 0
L 24, 376, 9, 11, 384, 9, 0, 0, 0
L 24, 352, 9, 24, 376, 9, 0, 0, 0
L 3, 353, 9, 24, 352, 9, 0, 0, 0
L 4, 345, 9, 3, 353, 9, 0, 0, 0
L 26, 343, 9, 4, 345, 9, 0, 0, 0
L 26, 335, 9, 26, 343, 9, 0, 0, 0
L 30, 332, 9, 26, 335, 9, 0, 0, 0
L 33, 331, 9, 30, 332, 9, 0, 0, 0
L 37, 333, 10, 33, 331, 9, 0, 0, 0
L 38, 334, 9, 37, 333, 10, 0, 0, 0
L 40, 336, 9, 38, 334, 9, 0, 0, 0
L 48, 316, 9, 48, 319, 9, 0, 0, 0
L 49, 314, 9, 48, 316, 9, 0, 0, 0
L 49, 312, 9, 49, 314, 9, 0, 0, 0
L 48, 311, 9, 49, 312, 9, 0, 0, 0
L 65, 290, 9, 48, 311, 9, 0, 0, 0
L 75, 281, 9, 65, 290, 9, 0, 0, 0
L 77, 280, 10, 75, 281, 9, 0, 0, 0
L 78, 279, 10, 77, 280, 10, 0, 0, 0
L 79, 276, 14, 78, 279, 10, 0, 0, 0
L 80, 275, 15, 79, 276, 14, 0, 0, 0
L 81, 274, 15, 80, 275, 15, 0, 0, 0
L 83, 159, 39, 80, 155, 39, 0, 0, 0
L 84, 160, 38, 83, 159, 39, 0, 0, 0
L 95, 179, 38, 84, 160, 38, 0, 0, 0
L 95, 182, 37, 95, 179, 38, 0, 0, 0
L 96, 183, 37, 95, 182, 37, 0, 0, 0
L 96, 187, 37, 96, 183, 37, 0, 0, 0
L 97, 188, 37, 96, 187, 37, 0, 0, 0
L 98, 198, 37, 97, 188, 37, 0, 0, 0
L 99, 200, 37, 98, 198, 37, 0, 0, 0
L 99, 204, 37, 99, 200, 37, 0, 0, 0
L 100, 210, 37, 99, 204, 37, 0, 0, 0
L 101, 211, 37, 100, 210, 37, 0, 0, 0
L 101, 215, 37, 101, 211, 37, 0, 0, 0
L 101, 217, 36, 101, 215, 37, 0, 0, 0
L 100, 219, 36, 101, 217, 36, 0, 0, 0
L 100, 220, 35, 100, 219, 36, 0, 0, 0
L 100, 223, 35, 100, 220, 35, 0, 0, 0
L 99, 224, 34, 100, 223, 35, 0, 0, 0
L 99, 228, 34, 99, 224, 34, 0, 0, 0
L 98, 230, 34, 99, 228, 34, 0, 0, 0
L 98, 232, 33, 98, 230, 34, 0, 0, 0
L 98, 234, 33, 98, 232, 33, 0, 0, 0
L 97, 236, 33, 98, 234, 33, 0, 0, 0
L 97, 238, 33, 97, 236, 33, 0, 0, 0
L 97, 240, 32, 97, 238, 33, 0, 0, 0
L 96, 247, 32, 97, 240, 32, 0, 0, 0
L 89, 259, 23, 96, 247, 32, 0, 0, 0
L 88, 260, 21, 89, 259, 23, 0, 0, 0
L 84, 270, 17, 88, 260, 21, 0, 0, 0
L 81, 272, 15, 84, 270, 17, 0, 0, 0
L 20, 868, 0, 12, 880, 0, 0, 0, 0
L 21, 864, 0, 20, 868, 0, 0, 0, 0
L 26, 856, 0, 21, 864, 0, 0, 0, 0
L 26, 854, 0, 26, 856, 0, 0, 0, 0
L 56, 794, 0, 26, 854, 0, 0, 0, 0
L 60, 784, 0, 56, 794, 0, 0, 0, 0
L 60, 782, 0, 60, 784, 0, 0, 0, 0
L 61, 780, 0, 60, 782, 0, 0, 0, 0
L 61, 778, 0, 61, 780, 0, 0, 0, 0
L 64, 771, 0, 61, 778, 0, 0, 0, 0
L 64, 769, 0, 64, 771, 0, 0, 0, 0
L 157, 653, 0, 64, 769, 0, 0, 0, 0
L 164, 634, 0, 157, 653, 0, 0, 0, 0
L 164, 632, 0, 164, 634, 0, 0, 0, 0
L 166, 628, 0, 164, 632, 0, 0, 0, 0
L 167, 588, 0, 166, 628, 0, 0, 0, 0
L 168, 587, 0, 167, 588, 0, 0, 0, 0
L 168, 583, 0, 168, 587, 0, 0, 0, 0
L 169, 581, 0, 168, 583, 0, 0, 0, 0
L 169, 579, 0, 169, 581, 0, 0, 0, 0
L 172, 572, 0, 169, 579, 0, 0, 0, 0
L 172, 570, 0, 172, 572, 0, 0, 0, 0
L 175, 565, 0, 172, 570, 0, 0, 0, 0
L 175, 563, 0, 175, 565, 0, 0, 0, 0
L 230, 495, 0, 175, 563, 0, 0, 0, 0
L 232, 494, 0, 230, 495, 0, 0, 0, 0
L 240, 481, 0, 232, 494, 0, 0, 0, 0
L 240, 479, 0, 240, 481, 0, 0, 0, 0
L 249, 457, 0, 240, 479, 0, 0, 0, 0
L 268, 429, 0, 249, 457, 0, 0, 0, 0
L 270, 428, 0, 268, 429, 0, 0, 0, 0
L 278, 406, 0, 270, 428, 0, 0, 0, 0
L 280, 403, 0, 278, 406, 0, 0, 0, 0
L 280, 401, 0, 280, 403, 0, 0, 0, 0
L 281, 399, 0, 280, 401, 0, 0, 0, 0
L 281, 397, 0, 281, 399, 0, 0, 0, 0
L 282, 396, 0, 281, 397, 0, 0, 0, 0
L 282, 394, 0, 282, 396, 0, 0, 0, 0
L 283, 392, 0, 282, 394, 0, 0, 0, 0
L 282, 354, 0, 283, 392, 0, 0, 0, 0
L 281, 352, 0, 282, 354, 0, 0, 0, 0
L 281, 350, 0, 281, 352, 0, 0, 0, 0
L 280, 348, 0, 281, 350, 0, 0, 0, 0
L 268, 308, 0, 280, 348, 0, 0, 0, 0
L 252, 280, 0, 268, 308, 0, 0, 0, 0
L 252, 278, 0, 252, 280, 0, 0, 0, 0
L 250, 274, 0, 252, 278, 0, 0, 0, 0
L 250, 272, 0, 250, 274, 0, 0, 0, 0
L 249, 271, 0, 250, 272, 0, 0, 0, 0
L 249, 253, 0, 249, 271, 0, 0, 0, 0
L 250, 252, 0, 249, 253, 0, 0, 0, 0
L 251, 244, 0, 250, 252, 0, 0, 0, 0
L 252, 243, 0, 251, 244, 0, 0, 0, 0
L 252, 239, 0, 252, 243, 0, 0, 0, 0
L 253, 238, 0, 252, 239, 0, 0, 0, 0
L 253, 236, 0, 253, 238, 0, 0, 0, 0
L 288, 186, 0, 253, 236, 0, 0, 0, 0
L 12, 879, 0, -35, 821, 0, 0, 0, 0
L -35, 821, 0, -68, 755, 0, 0, 0, 0
L -68, 755, 0, -71, 753, 0, 0, 0, 0
L -71, 753, 0, -72, 751, 0, 0, 0, 0
L -72, 751, 0, -106, 729, 0, 0, 0, 0
L -106, 729, 0, -127, 699, 0, 0, 0, 0
L -127, 699, 0, -127, 697, 0, 0, 0, 0
L -127, 697, 0, -154, 642, 0, 0, 0, 0
L -154, 642, 0, -179, 603, 0, 0, 0, 0
L -179, 603, 0, -179, 601, 0, 0, 0, 0
L -179, 601, 0, -181, 598, 0, 0, 0, 0
L -181, 598, 0, -181, 596, 0, 0, 0, 0
L -181, 596, 0, -182, 594, 0, 0, 0, 0
L -182, 594, 0, -182, 592, 0, 0, 0, 0
L -182, 592, 0, -184, 587, 0, 0, 0, 0
L -184, 587, 0, -184, 585, 0, 0, 0, 0
L -184, 585, 0, -185, 583, 0, 0, 0, 0
L -185, 583, 0, -185, 579, 0, 0, 0, 0
L -185, 579, 0, -186, 577, 0, 0, 0, 0
L -186, 577, 0, -188, 483, 0, 0, 0, 0
L -188, 483, 0, -188, 481, 1, 0, 0, 0
L -188, 481, 1, -188, 479, 1, 0, 0, 0
L -188, 479, 1, -189, 477, 2, 0, 0, 0
L -189, 477, 2, -189, 476, 2, 0, 0, 0
L -189, 476, 2, -190, 474, 3, 0, 0, 0
L -190, 474, 3, -190, 472, 3, 0, 0, 0
L -190, 472, 3, -191, 470, 4, 0, 0, 0
L -191, 470, 4, -192, 469, 4, 0, 0, 0
L -192, 469, 4, -193, 467, 5, 0, 0, 0
L -193, 467, 5, -193, 465, 5, 0, 0, 0
L -193, 465, 5, -195, 464, 6, 0, 0, 0
L -195, 464, 6, -196, 462, 7, 0, 0, 0
L -196, 462, 7, -201, 454, 8, 0, 0, 0
L -201, 454, 8, -211, 443, 13, 0, 0, 0
L -211, 443, 13, -213, 440, 13, 0, 0, 0
L -213, 440, 13, -246, 427, 11, 0, 0, 0
L -246, 427, 11, -247, 426, 11, 0, 0, 0
L -247, 426, 11, -260, 424, 11, 0, 0, 0
L -260, 424, 11, -262, 424, 10, 0, 0, 0
L -262, 424, 10, -279, 429, 7, 0, 0, 0
L -279, 429, 7, -281, 429, 6, 0, 0, 0
L -281, 429, 6, -286, 430, 6, 0, 0, 0
L -286, 430, 6, -307, 427, 3, 0, 0, 0
L -307, 427, 3, -340, 412, 0, 0, 0, 0
L -340, 412, 0, -376, 405, 0, 0, 0, 0
L -376, 405, 0, -396, 404, 0, 0, 0, 0
L -396, 404, 0, -409, 399, 0, 0, 0, 0
L -409, 399, 0, -410, 398, 0, 0, 0, 0
L -410, 398, 0, -420, 396, 0, 0, 0, 0
L -420, 396, 0, -429, 389, 0, 0, 0, 0
L -429, 389, 0, -433, 389, 0, 0, 0, 0
L -433, 389, 0, -443, 381, 0, 0, 0, 0
L -443, 381, 0, -458, 351, 0, 0, 0, 0
L -458, 351, 0, -458, 349, 0, 0, 0, 0
L -458, 349, 0, -461, 342, 0, 0, 0, 0
L -461, 342, 0, -461, 340, 0, 0, 0, 0
L -461, 340, 0, -464, 333, 0, 0, 0, 0
L -464, 333, 0, -468, 318, 0, 0, 0, 0
L -468, 318, 0, -469, 317, 0, 0, 0, 0
L -469, 317, 0, -471, 311, 0, 0, 0, 0
L -471, 311, 0, -475, 305, 0, 0, 0, 0
L -475, 305, 0, -475, 303, 0, 0, 0, 0
L -475, 303, 0, -506, 250, 0, 0, 0, 0
L -506, 250, 0, -539, 208, 0, 0, 0, 0
L -539, 208, 0, -539, 206, 0, 0, 0, 0
L -539, 206, 0, -542, 202, 0, 0, 0, 0
L -542, 202, 0, -545, 194, 0, 0, 0, 0
L -545, 194, 0, -547, 191, 0, 0, 0, 0
L -547, 191, 0, -547, 189, 0, 0, 0, 0
L -547, 189, 0, -551, 179, 0, 0, 0, 0
L -551, 179, 0, -551, 177, 0, 0, 0, 0
L -551, 177, 0, -553, 172, 0, 0, 0, 0
L -553, 172, 0, -553, 144, 0, 0, 0, 0
L -553, 144, 0, -551, 135, 0, 0, 0, 0
L -551, 135, 0, -550, 134, 0, 0, 0, 0
L -550, 134, 0, -543, 115, 0, 0, 0, 0
L -543, 115, 0, -542, 114, 0, 0, 0, 0
L -542, 114, 0, -542, 112, 0, 0, 0, 0
L -542, 112, 0, -527, 85, 0, 0, 0, 0
L -527, 85, 0, -491, 38, 0, 0, 0, 0
L -491, 38, 0, -486, 29, 0, 0, 0, 0
L -486, 29, 0, -486, 27, 0, 0, 0, 0
L -486, 27, 0, -480, 15, 0, 0, 0, 0
L -480, 15, 0, -480, 13, 0, 0, 0, 0
L -480, 13, 0, -479, 12, 0, 0, 0, 0
L -479, 12, 0, -479, 10, 0, 0, 0, 0
L -479, 10, 0, -477, 6, 0, 0, 0, 0
L -477, 6, 0, -476, -12, 0, 0, 0, 0
L -476, -12, 0, -475, -15, 0, 0, 0, 0
L -475, -15, 0, -477, -16, 0, 0, 0, 0
L -477, -16, 0, -477, -17, 0, 0, 0, 0
L -477, -17, 0, -480, -19, 0, 0, 0, 0
L -480, -19, 0, -463, -30, 0, 0, 0, 0
L -463, -30, 0, -413, -58, 0, 0, 0, 0
L -413, -58, 0, -407, -63, 0, 0, 0, 0
L -407, -63, 0, -405, -66, 0, 0, 0, 0
L -405, -66, 0, -403, -67, 0, 0, 0, 0
L -403, -67, 0, -399, -74, 0, 0, 0, 0
L -399, -74, 0, -399, -75, 0, 0, 0, 0
L -399, -75, 0, -397, -78, 0, 0, 0, 0
L -397, -78, 0, -399, -79, 0, 0, 0, 0
L -399, -79, 0, -399, -81, 0, 0, 0, 0
L -399, -81, 0, -395, -88, 0, 0, 0, 0
L -395, -88, 0, -397, -89, 0, 0, 0, 0
L -397, -89, 0, -397, -90, 0, 0, 0, 0
L -397, -90, 0, -387, -99, 0, 0, 0, 0
L -387, -99, 0, -355, -120, 0, 0, 0, 0
L -355, -120, 0, -327, -130, 0, 0, 0, 0
L -327, -130, 0, -311, -157, 0, 0, 0, 0
L -311, -157, 0, -311, -159, 0, 0, 0, 0
L -311, -159, 0, -282, -191, 0, 0, 0, 0
L -282, -191, 0, -244, -213, 0, 0, 0, 0
L -244, -213, 0, -238, -213, 0, 0, 0, 0
L -238, -213, 0, -236, -208, 0, 0, 0, 0
L -236, -208, 0, -231, -210, 0, 0, 0, 0
L -231, -210, 0, -230, -210, 1, 0, 0, 0
L -230, -210, 1, -229, -212, 0, 0, 0, 0
L -229, -212, 0, -228, -214, 0, 0, 0, 0
L -228, -214, 0, -228, -216, 0, 0, 0, 0
L -228, -216, 0, -216, -224, 0, 0, 0, 0
L -216, -224, 0, -187, -227, 0, 0, 0, 0
L -187, -227, 0, -157, -214, 0, 0, 0, 0
L -157, -214, 0, -147, -208, 1, 0, 0, 0
L -147, -208, 1, -146, -209, 1, 0, 0, 0
L -146, -209, 1, -128, -216, 1, 0, 0, 0
L -128, -216, 1, -126, -217, 0, 0, 0, 0
L -126, -217, 0, -89, -245, 0, 0, 0, 0
L -89, -245, 0, -48, -258, 0, 0, 0, 0
L -48, -258, 0, -49, -261, 0, 0, 0, 0
L -49, -261, 0, -40, -264, -1, 0, 0, 0
L -40, -264, -1, -38, -264, 0, 0, 0, 0
L -38, -264, 0, -18, -265, 0, 0, 0, 0
L -18, -265, 0, -17, -266, 0, 0, 0, 0
L -17, -266, 0, 6, -265, 0, 0, 0, 0
L 6, -265, 0, 62, -249, 0, 0, 0, 0
L 62, -249, 0, 70, -244, 0, 0, 0, 0
L 70, -244, 0, 70, -242, 0, 0, 0, 0
L 70, -242, 0, 67, -239, 0, 0, 0, 0
L 67, -239, 0, 75, -233, 0, 0, 0, 0
L 75, -233, 0, 81, -234, 0, 0, 0, 0
L 81, -234, 0, 93, -227, 0, 0, 0, 0
L 93, -227, 0, 128, -214, 0, 0, 0, 0
L 128, -214, 0, 139, -201, 2, 0, 0, 0
L 139, -201, 2, 139, -199, 2, 0, 0, 0
L 139, -199, 2, 142, -192, 2, 0, 0, 0
L 142, -192, 2, 142, -190, 3, 0, 0, 0
L 142, -190, 3, 143, -188, 3, 0, 0, 0
L 143, -188, 3, 143, -186, 4, 0, 0, 0
L 143, -186, 4, 144, -185, 4, 0, 0, 0
L 144, -185, 4, 147, -169, 6, 0, 0, 0
L 147, -169, 6, 148, -167, 7, 0, 0, 0
L 148, -167, 7, 148, -165, 7, 0, 0, 0
L 148, -165, 7, 149, -163, 8, 0, 0, 0
L 149, -163, 8, 149, -159, 8, 0, 0, 0
L 149, -159, 8, 150, -157, 9, 0, 0, 0
L 150, -157, 9, 150, -155, 9, 0, 0, 0
L 150, -155, 9, 151, -154, 9, 0, 0, 0
L 151, -154, 9, 151, -152, 10, 0, 0, 0
L 151, -152, 10, 151, -150, 10, 0, 0, 0
L 151, -150, 10, 152, -148, 11, 0, 0, 0
L 152, -148, 11, 160, -135, 10, 0, 0, 0
L 160, -135, 10, 161, -131, 10, 0, 0, 0
L 161, -131, 10, 183, -96, 4, 0, 0, 0
L 183, -96, 4, 204, -76, 0, 0, 0, 0
L 204, -76, 0, 215, -68, 0, 0, 0, 0
L 215, -68, 0, 217, -68, 0, 0, 0, 0
L 217, -68, 0, 220, -66, 0, 0, 0, 0
L 220, -66, 0, 238, -62, 0, 0, 0, 0
L 238, -62, 0, 263, -41, 0, 0, 0, 0
L 263, -41, 0, 276, -22, 0, 0, 0, 0
L 276, -22, 0, 276, -20, 0, 0, 0, 0
L 276, -20, 0, 280, -13, 0, 0, 0, 0
L 280, -13, 0, 280, -11, 0, 0, 0, 0
L 280, -11, 0, 282, -8, 0, 0, 0, 0
L 282, -8, 0, 282, -6, 0, 0, 0, 0
L 282, -6, 0, 286, 4, 0, 0, 0, 0
L 286, 4, 0, 286, 6, 0, 0, 0, 0
L 286, 6, 0, 288, 11, 0, 0, 0, 0
L 288, 11, 0, 288, 13, 0, 0, 0, 0
L 288, 13, 0, 289, 15, 0, 0, 0, 0
L 289, 15, 0, 292, 40, 0, 0, 0, 0
L 292, 40, 0, 291, 47, 0, 0, 0, 0
L 291, 47, 0, 290, 48, 0, 0, 0, 0
L 290, 48, 0, 280, 98, 0, 0, 0, 0
L 280, 98, 0, 279, 99, 0, 0, 0, 0
L 279, 99, 0, 279, 103, 0, 0, 0, 0
L 279, 103, 0, 278, 105, 0, 0, 0, 0
L 278, 105, 0, 278, 112, 0, 0, 0, 0
L 278, 112, 0, 279, 113, 0, 0, 0, 0
L 279, 113, 0, 279, 115, 0, 0, 0, 0
L 279, 115, 0, 281, 118, 0, 0, 0, 0
L 281, 118, 0, 281, 120, 0, 0, 0, 0
L 281, 120, 0, 293, 142, 0, 0, 0, 0
L 293, 142, 0, 293, 143, 0, 0, 0, 0
L 293, 143, 0, 295, 146, 0, 0, 0, 0
L 295, 146, 0, 295, 152, 0, 0, 0, 0
L 295, 152, 0, 297, 152, 0, 0, 0, 0
L 297, 152, 0, 298, 162, 0, 0, 0, 0
L 298, 162, 0, 297, 170, 0, 0, 0, 0
L 297, 170, 0, 290, 187, 0, 0, 0, 0
L 86, 166, 40, 82, 160, 39, 0, 0, 0
L 82, 160, 39, 81, 158, 40, 0, 0, 0
L 81, 158, 40, 71, 145, 42, 0, 0, 0
L 71, 145, 42, 70, 144, 43, 0, 0, 0
L 70, 144, 43, 44, 124, 44, 0, 0, 0
L 44, 124, 44, 27, 117, 44, 0, 0, 0
L 27, 117, 44, 5, 111, 44, 0, 0, 0
L 5, 111, 44, -8, 111, 44, 0, 0, 0
L -8, 111, 44, -22, 117, 42, 0, 0, 0
L -22, 117, 42, -24, 117, 41, 0, 0, 0
L -24, 117, 41, -27, 119, 41, 0, 0, 0
L -27, 119, 41, -28, 119, 40, 0, 0, 0
L -28, 119, 40, -48, 126, 32, 0, 0, 0
L -48, 126, 32, -51, 129, 31, 0, 0, 0
L -51, 129, 31, -67, 141, 32, 0, 0, 0
L -67, 141, 32, -68, 140, 32, 0, 0, 0
L -68, 140, 32, -70, 142, 32, 0, 0, 0
L -70, 142, 32, -76, 152, 33, 0, 0, 0
L -76, 152, 33, -78, 151, 33, 0, 0, 0
L -78, 151, 33, -80, 151, 34, 0, 0, 0
L -80, 151, 34, -81, 152, 33, 0, 0, 0
L -81, 152, 33, -85, 164, 33, 0, 0, 0
L -85, 164, 33, -88, 170, 33, 0, 0, 0
L -88, 170, 33, -95, 170, 33, 0, 0, 0
L -95, 170, 33, -95, 187, 33, 0, 0, 0
L -95, 187, 33, -96, 189, 33, 0, 0, 0
L -96, 189, 33, -96, 192, 33, 0, 0, 0
L -96, 192, 33, -97, 194, 33, 0, 0, 0
L -97, 194, 33, -97, 198, 33, 0, 0, 0
L -97, 198, 33, -98, 200, 33, 0, 0, 0
L -98, 200, 33, -98, 204, 33, 0, 0, 0
L -98, 204, 33, -99, 206, 33, 0, 0, 0
L -99, 206, 33, -100, 218, 33, 0, 0, 0
L -100, 218, 33, -99, 219, 33, 0, 0, 0
L -99, 219, 33, -99, 223, 33, 0, 0, 0
L -99, 223, 33, -98, 225, 33, 0, 0, 0
L -98, 225, 33, -98, 229, 33, 0, 0, 0
L -98, 229, 33, -97, 231, 33, 0, 0, 0
L -97, 231, 33, -97, 235, 33, 0, 0, 0
L -97, 235, 33, -96, 241, 33, 0, 0, 0
L -96, 241, 33, -95, 242, 33, 0, 0, 0
L -95, 242, 33, -94, 250, 33, 0, 0, 0
L -94, 250, 33, -93, 251, 33, 0, 0, 0
L -93, 251, 33, -94, 254, 33, 0, 0, 0
L -94, 254, 33, -104, 260, 33, 0, 0, 0
L -104, 260, 33, -105, 262, 33, 0, 0, 0
L -105, 262, 33, -106, 263, 34, 0, 0, 0
L -106, 263, 34, -105, 265, 33, 0, 0, 0
L -105, 265, 33, -96, 277, 33, 0, 0, 0
L -96, 277, 33, -89, 283, 34, 0, 0, 0
L -89, 283, 34, -79, 275, 33, 0, 0, 0
L -79, 275, 33, -78, 276, 33, 0, 0, 0
L -78, 276, 33, -78, 278, 33, 0, 0, 0
L -78, 278, 33, -70, 289, 31, 0, 0, 0
L -70, 289, 31, -69, 291, 32, 0, 0, 0
L -69, 291, 32, -67, 292, 30, 0, 0, 0
L -67, 292, 30, -51, 307, 23, 0, 0, 0
L -51, 307, 23, -50, 309, 22, 0, 0, 0
L -50, 309, 22, -48, 312, 22, 0, 0, 0
L -48, 312, 22, -47, 314, 21, 0, 0, 0
L -47, 314, 21, -45, 317, 21, 0, 0, 0
L -45, 317, 21, -44, 319, 20, 0, 0, 0
L -44, 319, 20, -44, 321, 20, 0, 0, 0
L -44, 321, 20, -43, 322, 19, 0, 0, 0
L -43, 322, 19, -42, 324, 19, 0, 0, 0
L -42, 324, 19, -42, 326, 19, 0, 0, 0
L -42, 326, 19, -41, 328, 18, 0, 0, 0
L -41, 328, 18, -40, 331, 18, 0, 0, 0
L -40, 331, 18, -39, 333, 17, 0, 0, 0
L -39, 333, 17, -39, 335, 17, 0, 0, 0
L -39, 335, 17, -38, 337, 16, 0, 0, 0
L -38, 337, 16, -34, 350, 14, 0, 0, 0
L -34, 350, 14, -34, 352, 13, 0, 0, 0
L -34, 352, 13, -32, 355, 13, 0, 0, 0
L -32, 355, 13, -32, 357, 13, 0, 0, 0
L -32, 357, 13, -31, 359, 13, 0, 0, 0
L -31, 359, 13, -30, 361, 12, 0, 0, 0
L -30, 361, 12, -31, 365, 12, 0, 0, 0
L -31, 365, 12, -32, 366, 13, 0, 0, 0
L -32, 366, 13, -38, 373, 12, 0, 0, 0
L -38, 373, 12, -36, 374, 11, 0, 0, 0
L -36, 374, 11, -12, 388, 11, 0, 0, 0
L -12, 388, 11, -15, 395, 11, 0, 0, 0
L -15, 395, 11, -15, 398, 11, 0, 0, 0
L -15, 398, 11, -16, 404, 11, 0, 0, 0
L -16, 404, 11, -12, 404, 11, 0, 0, 0
L -12, 404, 11, -12, 408, 11, 0, 0, 0
L -12, 408, 11, -23, 407, 11, 0, 0, 0
L -23, 407, 11, -23, 414, 11, 0, 0, 0
L -23, 414, 11, -17, 414, 13, 0, 0, 0
L -17, 414, 13, -14, 414, 12, 0, 0, 0
L -14, 414, 12, -12, 415, 11, 0, 0, 0
L -12, 415, 11, -12, 423, 11, 0, 0, 0
L -12, 423, 11, 13, 423, 11, 0, 0, 0
L 13, 423, 11, 13, 388, 11, 0, 0, 0
L 13, 388, 11, 17, 385, 11, 0, 0, 0
L 17, 385, 11, 23, 385, 11, 0, 0, 0
L 23, 385, 11, 23, 383, 11, 0, 0, 0
L 23, 383, 11, 25, 380, 11, 0, 0, 0
L 25, 380, 11, 30, 377, 11, 0, 0, 0
L 30, 377, 11, 30, 375, 10, 0, 0, 0
L 30, 375, 10, 30, 351, 10, 0, 0, 0
L 30, 351, 10, 34, 342, 10, 0, 0, 0
L 34, 342, 10, 36, 341, 9, 0, 0, 0
L 36, 341, 9, 36, 340, 9, 0, 0, 0
L 36, 340, 9, 39, 338, 10, 0, 0, 0
L -22, -34, 48, -33, -33, 48, 0, 0, 0
L -33, -33, 48, -34, -34, 48, 0, 0, 0
L -34, -34, 48, -35, -35, 47, 0, 0, 0
L -35, -35, 47, -44, -44, 46, 0, 0, 0
L -44, -44, 46, -44, -65, 44, 0, 0, 0
L -44, -65, 44, -56, -65, 43, 0, 0, 0
L -56, -65, 43, -55, -91, 42, 0, 0, 0
L -55, -91, 42, -44, -91, 43, 0, 0, 0
L -44, -91, 43, -44, -112, 41, 0, 0, 0
L -44, -112, 41, -43, -114, 41, 0, 0, 0
L -43, -114, 41, -43, -117, 41, 0, 0, 0
L -43, -117, 41, -40, -117, 41, 0, 0, 0
L -40, -117, 41, -37, -119, 41, 0, 0, 0
L -37, -119, 41, -36, -120, 40, 0, 0, 0
L -36, -120, 40, -33, -122, 40, 0, 0, 0
L -33, -122, 40, -13, -122, 40, 0, 0, 0
L -13, -122, 40, -13, -135, 38, 0, 0, 0
L -13, -135, 38, 13, -134, 38, 0, 0, 0
L 13, -134, 38, 14, -133, 38, 0, 0, 0
L 14, -133, 38, 14, -125, 39, 0, 0, 0
L 14, -125, 39, 14, -123, 40, 0, 0, 0
L 14, -123, 40, 15, -122, 40, 0, 0, 0
L 15, -122, 40, 34, -122, 40, 0, 0, 0
L 34, -122, 40, 36, -121, 40, 0, 0, 0
L 36, -121, 40, 43, -114, 41, 0, 0, 0
L 43, -114, 41, 44, -112, 41, 0, 0, 0
L 44, -112, 41, 45, -91, 43, 0, 0, 0
L 45, -91, 43, 55, -91, 42, 0, 0, 0
L 55, -91, 42, 57, -89, 42, 0, 0, 0
L 57, -89, 42, 56, -82, 42, 0, 0, 0
L 56, -82, 42, 56, -80, 43, 0, 0, 0
L 56, -80, 43, 56, -64, 44, 0, 0, 0
L 56, -64, 44, 44, -63, 45, 0, 0, 0
L 44, -63, 45, 45, -53, 45, 0, 0, 0
L 45, -53, 45, 47, -47, 46, 0, 0, 0
L 47, -47, 46, 45, -47, 46, 0, 0, 0
L 45, -47, 46, 44, -44, 46, 0, 0, 0
L 44, -44, 46, 43, -42, 47, 0, 0, 0
L 43, -42, 47, 41, -41, 47, 0, 0, 0
L 41, -41, 47, 33, -33, 48, 0, 0, 0
L 33, -33, 48, 14, -34, 48, 0, 0, 0
L 14, -34, 48, 12, -32, 48, 0, 0, 0
L 12, -32, 48, 12, -22, 49, 0, 0, 0
L 12, -22, 49, 1, -23, 49, 0, 0, 0
L 1, -23, 49, 0, -23, 48, 0, 0, 0
L 0, -23, 48, -12, -23, 48, 0, 0, 0
L -12, -23, 48, -12, -34, 48, 0, 0, 0
L -12, -34, 48, -23, -34, 48, 0, 0, 0
L 35, 317, 9, 37, 312, 9, 0, 0, 0
L 37, 312, 9, 37, 310, 9, 0, 0, 0
L 37, 310, 9, 38, 309, 9, 0, 0, 0
L 38, 309, 9, 38, 307, 9, 0, 0, 0
L 38, 307, 9, 39, 305, 9, 0, 0, 0
L 39, 305, 9, 37, 304, 9, 0, 0, 0
L 37, 304, 9, 33, 304, 9, 0, 0, 0
L 33, 304, 9, 32, 303, 9, 0, 0, 0
L 32, 303, 9, 30, 303, 9, 0, 0, 0
L 30, 303, 9, 8, 315, 9, 0, 0, 0
L 8, 315, 9, 7, 317, 9, 0, 0, 0
L 7, 317, 9, 3, 311, 9, 0, 0, 0
L 3, 311, 9, 4, 310, 9, 0, 0, 0
L 4, 310, 9, 4, 309, 9, 0, 0, 0
L 4, 309, 9, 5, 307, 8, 0, 0, 0
L 5, 307, 8, 8, 298, 7, 0, 0, 0
L 8, 298, 7, 9, 296, 6, 0, 0, 0
L 9, 296, 6, 11, 285, 6, 0, 0, 0
L 11, 285, 6, 9, 280, 6, 0, 0, 0
L 9, 280, 6, 30, 264, 6, 0, 0, 0
L 30, 264, 6, 34, 256, 6, 0, 0, 0
L 34, 256, 6, 35, 257, 6, 0, 0, 0
L 35, 257, 6, 43, 260, 6, 0, 0, 0
L 43, 260, 6, 44, 261, 6, 0, 0, 0
L 44, 261, 6, 44, 263, 6, 0, 0, 0
L 44, 263, 6, 46, 264, 6, 0, 0, 0
L 46, 264, 6, 46, 266, 6, 0, 0, 0
L 46, 266, 6, 47, 267, 6, 0, 0, 0
L 47, 267, 6, 41, 276, 6, 0, 0, 0
L 41, 276, 6, 58, 261, 6, 0, 0, 0
L 58, 261, 6, 70, 242, 6, 0, 0, 0
L 70, 242, 6, 70, 239, 6, 0, 0, 0
L 70, 239, 6, 72, 230, 6, 0, 0, 0
L 72, 230, 6, 73, 229, 6, 0, 0, 0
L 73, 229, 6, 77, 218, 6, 0, 0, 0
L 8, -111, 119, 8, -116, 120, 0, 240, 0
L 8, -116, 120, 9, -117, 120, 0, 240, 0
L 9, -117, 120, 10, -137, 134, 0, 240, 0
L 10, -137, 134, 11, -137, 134, 0, 240, 0
L 11, -137, 134, 11, -138, 134, 0, 240, 0
L 11, -138, 134, 11, -150, 143, 0, 240, 0
L 11, -150, 143, 10, -148, 142, 0, 240, 0
L 10, -148, 142, 9, -147, 144, 0, 240, 0
L 9, -147, 144, 7, -106, 158, 0, 240, 0
L 7, -106, 158, 7, -104, 158, 0, 240, 0
L 7, -104, 158, 7, -62, 174, 0, 240, 0
L 7, -62, 174, 7, -60, 174, 0, 240, 0
L 7, -60, 174, 6, -20, 192, 0, 240, 0
L 6, -20, 192, 6, -18, 192, 0, 240, 0
L 6, -18, 192, 6, 23, 211, 0, 240, 0
L 6, 23, 211, 6, 90, 240, 0, 0, 240
L 6, 90, 240, 6, 157, 291, 0, 0, 240
L 6, 157, 291, 5, 158, 291, 0, 0, 240
L 5, 158, 291, 6, 159, 292, 0, 0, 240
L 6, 159, 292, 6, 161, 294, 0, 0, 240
L 6, 161, 294, 4, 164, 294, 0, 0, 240
L 4, 164, 294, 5, 166, 294, 0, 0, 240
L 5, 166, 294, 11, 168, 294, 0, 0, 240
L 11, 168, 294, 12, 169, 294, 0, 0, 240
L 12, 169, 294, 11, 171, 294, 0, 0, 240
L 11, 171, 294, 19, 179, 294, 0, 0, 240
L 19, 179, 294, 27, 184, 294, 0, 0, 240
L 27, 184, 294, 28, 186, 294, 0, 0, 240
L 28, 186, 294, 33, 190, 294, 0, 0, 240
L 33, 190, 294, 36, 194, 294, 0, 0, 240
L 36, 194, 294, 40, 205, 294, 0, 0, 240
L 40, 205, 294, 40, 207, 294, 0, 0, 240
L 40, 207, 294, 41, 208, 294, 0, 0, 240
L 41, 208, 294, 41, 211, 294, 0, 0, 240
L 41, 211, 294, 42, 213, 294, 0, 0, 240
L 42, 213, 294, 41, 215, 294, 0, 0, 240
L 41, 215, 294, 39, 216, 294, 0, 0, 240
L 39, 216, 294, 38, 219, 294, 0, 0, 240
L 38, 219, 294, 38, 232, 294, 0, 0, 240
L 38, 232, 294, 37, 233, 294, 0, 0, 240
L 37, 233, 294, 36, 236, 294, 0, 0, 240
L 36, 236, 294, 34, 236, 294, 0, 0, 240
L 34, 236, 294, 33, 242, 294, 0, 0, 240
L 33, 242, 294, 32, 243, 294, 0, 0, 240
L 32, 243, 294, 30, 243, 294, 0, 0, 240
L 30, 243, 294, 26, 246, 294, 0, 0, 240
L 26, 246, 294, 22, 247, 294, 0, 0, 240
L 22, 247, 294, 19, 253, 294, 0, 0, 240
L 19, 253, 294, 17, 252, 294, 0, 0, 240
L 17, 252, 294, 15, 252, 294, 0, 0, 240
L 15, 252, 294, 15, 255, 294, 0, 0, 240
L 15, 255, 294, 12, 259, 294, 0, 0, 240
L 12, 259, 294, 12, 275, 298, 0, 0, 240
L 12, 275, 298, 11, 276, 298, 0, 0, 240
L 13, 296, 298, -12, 296, 298, 0, 0, 240
L -12, 296, 298, -14, 295, 298, 0, 0, 240
L -14, 295, 298, -13, 287, 298, 0, 0, 240
L -13, 287, 298, -12, 285, 298, 0, 0, 240
L -12, 285, 298, -11, 278, 298, 0, 0, 240
L -11, 278, 298, -11, 258, 294, 0, 0, 240
L -11, 258, 294, -13, 257, 294, 0, 0, 240
L -13, 257, 294, -14, 255, 294, 0, 0, 240
L -14, 255, 294, -32, 242, 294, 0, 0, 240
L -32, 242, 294, -33, 239, 294, 0, 0, 240
L -33, 239, 294, -37, 233, 294, 0, 0, 240
L -37, 233, 294, -42, 213, 294, 0, 0, 240
L -42, 213, 294, -36, 194, 294, 0, 0, 240
L -36, 194, 294, -32, 191, 294, 0, 0, 240
L -32, 191, 294, -32, 189, 294, 0, 0, 240
L -32, 189, 294, -30, 187, 294, 0, 0, 240
L -29, 187, 294, -11, 173, 294, 0, 0, 240
L -11, 173, 294, -11, 167, 294, 0, 0, 240
L -11, 167, 294, -7, 167, 294, 0, 0, 240
L -7, 167, 294, -7, 165, 294, 0, 0, 240
L -7, 165, 294, -6, 164, 294, 0, 0, 240
L -6, 164, 294, -6, 162, 294, 0, 0, 240
L -6, 162, 294, -6, 147, 282, 0, 0, 240
L -6, 147, 282, -6, 145, 282, 0, 0, 240
L -6, 145, 282, -7, 133, 272, 0, 0, 240
L -7, 133, 272, -7, 121, 255, 0, 0, 240
L -7, 121, 255, -8, 100, 246, 0, 0, 240
L -8, 100, 246, -8, 98, 244, 0, 0, 240
L -8, 98, 244, -8, 77, 235, 0, 0, 240
L -8, 77, 235, -8, 75, 235, 0, 0, 240
L -8, 75, 235, -8, 34, 217, 0, 0, 240
L -8, 34, 217, -8, -65, 173, 0, 240, 0
L -8, -65, 173, -7, -67, 172, 0, 240, 0
L -7, -67, 172, -7, -103, 159, 0, 240, 0
L 16, 294, 298, 23, 294, 297, 0, 0, 240
L 23, 294, 297, 49, 283, 301, 0, 0, 240
L 49, 283, 301, 50, 283, 302, 0, 0, 240
L 50, 283, 302, 74, 261, 306, 0, 0, 240
L 74, 261, 306, 75, 260, 307, 0, 0, 240
L 75, 260, 307, 88, 237, 310, 0, 0, 240
L 88, 237, 310, 89, 236, 311, 0, 0, 240
L 89, 236, 311, 90, 234, 311, 0, 0, 240
L 90, 234, 311, 90, 232, 311, 0, 0, 240
L 90, 232, 311, 91, 231, 312, 0, 0, 240
L 91, 231, 312, 91, 229, 312, 0, 0, 240
L 91, 229, 312, 92, 227, 312, 0, 0, 240
L 92, 227, 312, 92, 225, 313, 0, 0, 240
L 92, 225, 313, 92, 223, 313, 0, 0, 240
L 92, 223, 313, 93, 221, 313, 0, 0, 240
L 93, 221, 313, 93, 219, 313, 0, 0, 240
L 93, 219, 313, 93, 218, 314, 0, 0, 240
L 93, 218, 314, 95, 206, 315, 0, 0, 240
L 95, 206, 315, 96, 204, 316, 0, 0, 240
L 96, 204, 316, 95, 194, 317, 0, 0, 240
L 95, 194, 317, 95, 192, 318, 0, 0, 240
L 95, 192, 318, 93, 185, 318, 0, 0, 240
L 93, 185, 318, 93, 184, 319, 0, 0, 240
L 93, 184, 319, 93, 182, 319, 0, 0, 240
L 93, 182, 319, 92, 180, 319, 0, 0, 240
L 92, 180, 319, 92, 178, 319, 0, 0, 240
L 92, 178, 319, 91, 176, 320, 0, 0, 240
L 91, 176, 320, 90, 175, 320, 0, 0, 240
L 90, 175, 320, 90, 173, 320, 0, 0, 240
L 90, 173, 320, 87, 166, 322, 0, 0, 240
L 87, 166, 322, 87, 164, 322, 0, 0, 240
L 87, 164, 322, 86, 162, 322, 0, 0, 240
L 86, 162, 322, 86, 160, 322, 0, 0, 240
L 86, 160, 322, 85, 159, 323, 0, 0, 240
L 85, 159, 323, 75, 142, 325, 0, 0, 240
L 75, 142, 325, 75, 141, 326, 0, 0, 240
L 75, 141, 326, 74, 139, 326, 0, 0, 240
L 74, 139, 326, 72, 138, 326, 0, 0, 240
L 72, 138, 326, 71, 137, 327, 0, 0, 240
L 71, 137, 327, 47, 117, 332, 0, 0, 240
L 47, 117, 332, 46, 117, 333, 0, 0, 240
L 46, 117, 333, 16, 106, 337, 0, 0, 240
L 16, 106, 337, 14, 106, 338, 0, 0, 240
L 14, 106, 338, -11, 106, 338, 0, 0, 240
L -11, 106, 338, -13, 111, 338, 0, 0, 240
L -13, 111, 338, -10, 125, 338, 0, 0, 240
L -10, 125, 338, -16, 129, 338, 0, 0, 240
L -16, 129, 338, -17, 140, 339, 0, 0, 240
L 18, 125, 337, 26, 127, 337, 0, 0, 240
L 26, 127, 337, 28, 128, 335, 0, 0, 240
L 28, 128, 335, 40, 132, 333, 0, 0, 240
L 40, 132, 333, 41, 133, 332, 0, 0, 240
L 41, 133, 332, 61, 150, 326, 0, 0, 240
L 61, 150, 326, 75, 174, 321, 0, 0, 240
L 75, 174, 321, 75, 177, 321, 0, 0, 240
L 75, 177, 321, 76, 183, 320, 0, 0, 240
L 76, 183, 320, 77, 185, 319, 0, 0, 240
L 77, 185, 319, 77, 188, 319, 0, 0, 240
L 77, 188, 319, 78, 194, 318, 0, 0, 240
L 78, 194, 318, 79, 196, 317, 0, 0, 240
L 79, 196, 317, 79, 206, 316, 0, 0, 240
L 79, 206, 316, 78, 208, 315, 0, 0, 240
L 78, 208, 315, 78, 210, 315, 0, 0, 240
L 78, 210, 315, 78, 212, 314, 0, 0, 240
L 78, 212, 314, 77, 213, 314, 0, 0, 240
L 77, 213, 314, 77, 216, 314, 0, 0, 240
L 77, 216, 314, 76, 218, 313, 0, 0, 240
L 76, 218, 313, 76, 222, 313, 0, 0, 240
L 76, 222, 313, 76, 224, 312, 0, 0, 240
L 76, 224, 312, 75, 227, 312, 0, 0, 240
L 75, 227, 312, 75, 229, 311, 0, 0, 240
L 75, 229, 311, 72, 233, 311, 0, 0, 240
L 72, 233, 311, 71, 235, 310, 0, 0, 240
L 71, 235, 310, 70, 238, 310, 0, 0, 240
L 70, 238, 310, 69, 240, 309, 0, 0, 240
L 69, 240, 309, 66, 243, 309, 0, 0, 240
L 66, 243, 309, 66, 244, 308, 0, 0, 240
L 66, 244, 308, 59, 254, 306, 0, 0, 240
L 59, 254, 306, 38, 271, 301, 0, 0, 240
L 38, 271, 301, 16, 279, 297, 0, 0, 240
L 16, 279, 297, 15, 280, 297, 0, 0, 240
L 15, 280, 297, 13, 281, 299, 0, 0, 240
L 13, 281, 299, 13, 281, 298, 0, 0, 240
L 17, 126, 339, 32, 132, 342, 0, 0, 240
L 32, 132, 342, 40, 137, 343, 0, 0, 240
L 40, 137, 343, 40, 138, 343, 0, 0, 240
L 40, 138, 343, 47, 143, 343, 0, 0, 240
L 47, 143, 343, 49, 146, 343, 0, 0, 240
L 49, 146, 343, 51, 147, 343, 0, 0, 240
L 51, 147, 343, 56, 154, 344, 0, 0, 240
L 56, 154, 344, 54, 157, 344, 0, 0, 240
L 54, 157, 344, 54, 159, 344, 0, 0, 240
L 54, 159, 344, 56, 162, 344, 0, 0, 240
L 56, 162, 344, 59, 164, 344, 0, 0, 240
L 59, 164, 344, 61, 164, 344, 0, 0, 240
L 61, 164, 344, 62, 162, 344, 0, 0, 240
L 62, 162, 344, 65, 161, 344, 0, 0, 240
L 65, 161, 344, 70, 164, 343, 0, 0, 240
L 70, 164, 343, 71, 164, 343, 0, 0, 240
L 71, 164, 343, 78, 169, 343, 0, 0, 240
L 78, 169, 343, 78, 171, 343, 0, 0, 240
L 78, 171, 343, 79, 172, 343, 0, 0, 240
L 79, 172, 343, 71, 184, 344, 0, 0, 240
L 71, 184, 344, 68, 190, 347, 0, 0, 240
L 68, 190, 347, 68, 197, 347, 0, 0, 240
L 68, 197, 347, 69, 199, 347, 0, 0, 240
L 69, 199, 347, 68, 208, 347, 0, 0, 240
L 68, 208, 347, 67, 209, 347, 0, 0, 240
L 67, 209, 347, 24, 209, 347, 0, 0, 240
L 24, 209, 347, 23, 215, 347, 0, 0, 240
L 23, 215, 347, 23, 218, 348, 0, 0, 240
L 23, 218, 348, 25, 218, 348, 0, 0, 240
L 25, 218, 348, 28, 218, 350, 0, 0, 240
L 28, 218, 350, 49, 218, 350, 0, 0, 240
L 49, 218, 350, 50, 219, 353, 0, 0, 240
L 50, 219, 353, 52, 223, 351, 0, 0, 240
L 52, 223, 351, 51, 224, 348, 0, 0, 240
L 51, 224, 348, 46, 231, 348, 0, 0, 240
L 46, 231, 348, 45, 232, 350, 0, 0, 240
L 45, 232, 350, 37, 239, 347, 0, 0, 240
L 37, 239, 347, 36, 240, 350, 0, 0, 240
L 36, 240, 350, 34, 240, 350, 0, 0, 240
L 34, 240, 350, 33, 239, 348, 0, 0, 240
L 33, 239, 348, 29, 239, 348, 0, 0, 240
L 29, 239, 348, 29, 245, 348, 0, 0, 240
L 29, 245, 348, 30, 247, 348, 0, 0, 240
L 30, 247, 348, 33, 247, 348, 0, 0, 240
L 33, 247, 348, 34, 246, 348, 0, 0, 240
L 34, 246, 348, 36, 246, 348, 0, 0, 240
L 36, 246, 348, 37, 246, 347, 0, 0, 240
L 37, 246, 347, 51, 235, 347, 0, 0, 240
L 51, 235, 347, 55, 227, 347, 0, 0, 240
L 55, 227, 347, 63, 227, 347, 0, 0, 240
L 63, 227, 347, 63, 223, 347, 0, 0, 240
L 63, 223, 347, 62, 221, 347, 0, 0, 240
L 62, 221, 347, 60, 221, 347, 0, 0, 240
L 60, 221, 347, 59, 222, 347, 0, 0, 240
L 59, 222, 347, 58, 221, 347, 0, 0, 240
L 58, 221, 347, 58, 215, 347, 0, 0, 240
L 58, 215, 347, 59, 214, 347, 0, 0, 240
L 59, 214, 347, 67, 214, 347, 0, 0, 240
L 67, 214, 347, 68, 215, 347, 0, 0, 240
L 68, 215, 347, 67, 223, 347, 0, 0, 240
L 67, 223, 347, 64, 223, 347, 0, 0, 240
L 64, 223, 347, 63, 224, 347, 0, 0, 240
L 63, 224, 347, 63, 226, 347, 0, 0, 240
L 63, 226, 347, 64, 227, 347, 0, 0, 240
L 64, 227, 347, 69, 228, 348, 0, 0, 240
L 69, 228, 348, 68, 229, 348, 0, 0, 240
L 48, 167, 344, 48, 171, 344, 0, 0, 240
L 48, 171, 344, 37, 170, 343, 0, 0, 240
L 37, 170, 343, 31, 167, 344, 0, 0, 240
L 31, 167, 344, 31, 166, 343, 0, 0, 240
L 31, 166, 343, 24, 162, 343, 0, 0, 240
L 24, 162, 343, 18, 157, 339, 0, 0, 240
L 18, 157, 339, 17, 155, 339, 0, 0, 240
L 17, 155, 339, 16, 156, 339, 0, 0, 240
L 16, 156, 339, 14, 156, 338, 0, 0, 240
L 14, 156, 338, 12, 156, 338, 0, 0, 240
L 12, 156, 338, 11, 173, 338, 0, 0, 240
L 11, 173, 338, 9, 180, 338, 0, 0, 240
L 9, 180, 338, 9, 181, 339, 0, 0, 240
L 9, 181, 339, 8, 183, 339, 0, 0, 240
L 8, 183, 339, 7, 186, 341, 0, 0, 240
L 7, 186, 341, 7, 188, 341, 0, 0, 240
L 7, 188, 341, 6, 189, 342, 0, 0, 240
L 6, 189, 342, 6, 191, 343, 0, 0, 240
L 6, 191, 343, 5, 192, 343, 0, 0, 240
L 5, 192, 343, 5, 194, 344, 0, 0, 240
L 5, 194, 344, 3, 198, 346, 0, 0, 240
L 3, 198, 346, 3, 200, 347, 0, 0, 240
L 3, 200, 347, 3, 251, 347, 0, 0, 240
