L 72, 339, -84, 72, 337, -84, 0, 0, 0
L 71, 341, -88, 72, 339, -84, 0, 0, 0
L 48, 391, -88, 71, 341, -88, 0, 0, 0
L 50, 392, -91, 48, 391, -93, 0, 0, 0
L 52, 392, -91, 50, 392, -91, 0, 0, 0
L 53, 393, -90, 52, 392, -91, 0, 0, 0
L 55, 392, -90, 53, 393, -90, 0, 0, 0
L 57, 392, -92, 55, 392, -90, 0, 0, 0
L 59, 391, -89, 57, 392, -92, 0, 0, 0
L 61, 392, -90, 59, 391, -89, 0, 0, 0
L 61, 393, -91, 61, 392, -90, 0, 0, 0
L 63, 393, -92, 61, 393, -91, 0, 0, 0
L 64, 394, -92, 63, 393, -92, 0, 0, 0
L 66, 394, -91, 64, 394, -92, 0, 0, 0
L 67, 394, -92, 66, 394, -91, 0, 0, 0
L 68, 395, -92, 67, 394, -92, 0, 0, 0
L 69, 397, -92, 68, 395, -92, 0, 0, 0
L 69, 399, -92, 69, 397, -92, 0, 0, 0
L 70, 401, -91, 69, 399, -92, 0, 0, 0
L 70, 403, -91, 70, 401, -91, 0, 0, 0
L 71, 405, -90, 70, 403, -91, 0, 0, 0
L 71, 407, -90, 71, 405, -90, 0, 0, 0
L 64, 408, -89, 71, 407, -90, 0, 0, 0
L 62, 408, -88, 64, 408, -89, 0, 0, 0
L 54, 409, -88, 62, 408, -88, 0, 0, 0
L 44, 409, -88, 54, 409, -88, 0, 0, 0
L 42, 409, -89, 44, 409, -88, 0, 0, 0
L 41, 408, -90, 42, 409, -89, 0, 0, 0
L 30, 402, -91, 41, 408, -90, 0, 0, 0
L 29, 401, -91, 30, 402, -91, 0, 0, 0
L 16, 410, -87, 29, 401, -91, 0, 0, 0
L 15, 410, -87, 16, 410, -87, 0, 0, 0
L 12, 420, -87, 15, 410, -87, 0, 0, 0
L 12, 422, -88, 12, 420, -87, 0, 0, 0
L 11, 424, -91, 12, 422, -88, 0, 0, 0
L 11, 425, -91, 11, 424, -91, 0, 0, 0
L 12, 426, -91, 11, 425, -91, 0, 0, 0
L 14, 429, -91, 12, 426, -91, 0, 0, 0
L 15, 431, -92, 14, 429, -91, 0, 0, 0
L 16, 432, -91, 15, 431, -92, 0, 0, 0
L 17, 433, -91, 16, 432, -91, 0, 0, 0
L 19, 442, -89, 17, 433, -91, 0, 0, 0
L 20, 444, -88, 19, 442, -89, 0, 0, 0
L 21, 507, -88, 20, 444, -88, 0, 0, 0
L -7, 467, -91, -1, 468, -91, 0, 0, 0
L -10, 467, -91, -7, 467, -91, 0, 0, 0
L -15, 469, -91, -10, 467, -91, 0, 0, 0
L -16, 469, -91, -15, 469, -91, 0, 0, 0
L -18, 463, -89, -16, 469, -91, 0, 0, 0
L -19, 461, -89, -18, 463, -89, 0, 0, 0
L -19, 410, -88, -19, 461, -89, 0, 0, 0
L -21, 409, -88, -19, 410, -88, 0, 0, 0
L -71, 409, -88, -21, 409, -88, 0, 0, 0
L -71, 383, -88, -71, 409, -88, 0, 0, 0
L -71, 379, -90, -71, 383, -88, 0, 0, 0
L -58, 367, -91, -71, 379, -90, 0, 0, 0
L -57, 366, -91, -58, 367, -91, 0, 0, 0
L -55, 365, -91, -57, 366, -91, 0, 0, 0
L -55, 359, -89, -55, 365, -91, 0, 0, 0
L -55, 358, -89, -55, 359, -89, 0, 0, 0
L -56, 355, -88, -55, 358, -89, 0, 0, 0
L -56, 353, -88, -56, 355, -88, 0, 0, 0
L -57, 351, -87, -56, 353, -88, 0, 0, 0
L -57, 349, -88, -57, 351, -87, 0, 0, 0
L -57, 348, -90, -57, 349, -88, 0, 0, 0
L -58, 346, -90, -57, 348, -90, 0, 0, 0
L -58, 347, -90, -57, 348, -91, 0, 0, 240
L -59, 346, -90, -58, 347, -90, 0, 0, 240
L -60, 345, -89, -59, 346, -90, 0, 0, 240
L 160, 195, -54, 165, 195, -54, 0, 0, 0
L 156, 194, -55, 160, 195, -54, 0, 0, 0
L 154, 194, -55, 156, 194, -55, 0, 0, 0
L 152, 193, -55, 154, 194, -55, 0, 0, 0
L 151, 193, -55, 152, 193, -55, 0, 0, 0
L 146, 194, -55, 151, 193, -55, 0, 0, 0
L 145, 194, -55, 146, 194, -55, 0, 0, 0
L 139, 197, -55, 145, 194, -55, 0, 0, 0
L 137, 197, -55, 139, 197, -55, 0, 0, 0
L 132, 198, -55, 137, 197, -55, 0, 0, 0
L 130, 198, -55, 132, 198, -55, 0, 0, 0
L 129, 199, -55, 130, 198, -55, 0, 0, 0
L 127, 200, -55, 129, 199, -55, 0, 0, 0
L 127, 201, -55, 127, 200, -55, 0, 0, 0
L 123, 204, -53, 127, 201, -55, 0, 0, 0
L 121, 205, -53, 123, 204, -53, 0, 0, 0
L 120, 206, -51, 121, 205, -53, 0, 0, 0
L 113, 211, -53, 120, 206, -51, 0, 0, 0
L 112, 212, -53, 113, 211, -53, 0, 0, 0
L 111, 212, -53, 112, 212, -53, 0, 0, 0
L 111, 187, -53, 111, 212, -53, 0, 0, 0
L 112, 185, -53, 111, 187, -53, 0, 0, 0
L 112, 178, -53, 112, 185, -53, 0, 0, 0
L 113, 176, -53, 112, 178, -53, 0, 0, 0
L 113, 174, -53, 113, 176, -53, 0, 0, 0
L 114, 173, -53, 113, 174, -53, 0, 0, 0
L 113, 171, -49, 114, 173, -53, 0, 0, 0
L 90, 169, -46, 113, 171, -49, 0, 0, 0
L 159, 184, -55, 166, 183, -54, 0, 0, 0
L 157, 184, -55, 159, 184, -55, 0, 0, 0
L 153, 182, -55, 157, 184, -55, 0, 0, 0
L 152, 181, -55, 153, 182, -55, 0, 0, 0
L 152, 179, -53, 152, 181, -55, 0, 0, 0
L 151, 177, -51, 152, 179, -53, 0, 0, 0
L 151, 175, -49, 151, 177, -51, 0, 0, 0
L 151, 173, -48, 151, 175, -49, 0, 0, 0
L 150, 172, -47, 151, 173, -48, 0, 0, 0
L 150, 170, -46, 150, 172, -47, 0, 0, 0
L 150, 162, -47, 150, 170, -46, 0, 0, 0
L 150, 160, -48, 150, 162, -47, 0, 0, 0
L 152, 158, -52, 150, 160, -48, 0, 0, 0
L 153, 157, -53, 152, 158, -52, 0, 0, 0
L 157, 155, -51, 153, 157, -53, 0, 0, 0
L 158, 154, -50, 157, 155, -51, 0, 0, 0
L 160, 154, -51, 158, 154, -50, 0, 0, 0
L 162, 153, -52, 160, 154, -51, 0, 0, 0
L 163, 152, -53, 162, 153, -52, 0, 0, 0
L 174, 152, -53, 163, 152, -53, 0, 0, 0
L 181, 151, -53, 174, 152, -53, 0, 0, 0
L 188, 151, -53, 181, 151, -53, 0, 0, 0
L 197, 152, -53, 188, 151, -53, 0, 0, 0
L 206, 152, -52, 197, 152, -53, 0, 0, 0
L 207, 153, -51, 206, 152, -52, 0, 0, 0
L 209, 152, -50, 207, 153, -51, 0, 0, 0
L 208, 150, -52, 209, 152, -50, 0, 0, 0
L 207, 149, -53, 208, 150, -52, 0, 0, 0
L 205, 147, -53, 207, 149, -53, 0, 0, 0
L 205, 145, -53, 205, 147, -53, 0, 0, 0
L 206, 144, -53, 205, 145, -53, 0, 0, 0
L 206, 142, -53, 206, 144, -53, 0, 0, 0
L 207, 141, -52, 206, 142, -53, 0, 0, 0
L 208, 139, -51, 207, 141, -52, 0, 0, 0
L 208, 137, -51, 208, 139, -51, 0, 0, 0
L 209, 135, -50, 208, 137, -51, 0, 0, 0
L 209, 133, -50, 209, 135, -50, 0, 0, 0
L 209, 131, -51, 209, 133, -50, 0, 0, 0
L 208, 129, -53, 209, 131, -51, 0, 0, 0
L 207, 128, -52, 208, 129, -53, 0, 0, 0
L 207, 126, -52, 207, 128, -52, 0, 0, 0
L 208, 123, -51, 207, 126, -52, 0, 0, 0
L 209, 122, -50, 208, 123, -51, 0, 0, 0
L 209, 121, -50, 209, 122, -50, 0, 0, 0
L 209, 119, -51, 209, 121, -50, 0, 0, 0
L 207, 118, -50, 209, 119, -51, 0, 0, 0
L 205, 119, -52, 207, 118, -50, 0, 0, 0
L 204, 120, -53, 205, 119, -52, 0, 0, 0
L 203, 121, -53, 204, 120, -53, 0, 0, 0
L 201, 120, -53, 203, 121, -53, 0, 0, 0
L 191, 120, -53, 201, 120, -53, 0, 0, 0
L 182, 121, -53, 191, 120, -53, 0, 0, 0
L 179, 121, -53, 182, 121, -53, 0, 0, 0
L 170, 119, -51, 179, 121, -53, 0, 0, 0
L 166, 119, -50, 170, 119, -51, 0, 0, 0
L 163, 118, -50, 166, 119, -50, 0, 0, 0
L 161, 118, -50, 163, 118, -50, 0, 0, 0
L 160, 119, -53, 161, 118, -50, 0, 0, 0
L 160, 121, -53, 160, 119, -53, 0, 0, 0
L 159, 122, -50, 160, 121, -53, 0, 0, 0
L 148, 121, -38, 159, 122, -50, 0, 0, 0
L 147, 121, -38, 148, 121, -38, 0, 0, 0
L 146, 122, -41, 147, 121, -38, 0, 0, 0
L 145, 124, -42, 146, 122, -41, 0, 0, 0
L 143, 124, -43, 145, 124, -42, 0, 0, 0
L 142, 126, -44, 143, 124, -43, 0, 0, 0
L 136, 121, -48, 142, 126, -44, 0, 0, 0
L 134, 120, -50, 136, 121, -48, 0, 0, 0
L 132, 120, -53, 134, 120, -50, 0, 0, 0
L 131, 122, -53, 132, 120, -53, 0, 0, 0
L 130, 123, -53, 131, 122, -53, 0, 0, 0
L 125, 121, -52, 130, 123, -53, 0, 0, 0
L 124, 120, -52, 125, 121, -52, 0, 0, 0
L 121, 119, -51, 124, 120, -52, 0, 0, 0
L 120, 119, -50, 121, 119, -51, 0, 0, 0
L 118, 118, -50, 120, 119, -50, 0, 0, 0
L 117, 119, -53, 118, 118, -50, 0, 0, 0
L 115, 121, -53, 117, 119, -53, 0, 0, 0
L 111, 120, -51, 115, 121, -53, 0, 0, 0
L 110, 119, -51, 111, 120, -51, 0, 0, 0
L 108, 119, -51, 110, 119, -51, 0, 0, 0
L 108, 122, -52, 108, 119, -51, 0, 0, 0
L 109, 123, -53, 108, 122, -52, 0, 0, 0
L 110, 131, -53, 109, 123, -53, 0, 0, 0
L 110, 133, -53, 110, 131, -53, 0, 0, 0
L 111, 135, -53, 110, 133, -53, 0, 0, 0
L 111, 139, -53, 111, 135, -53, 0, 0, 0
L 112, 141, -53, 111, 139, -53, 0, 0, 0
L 112, 146, -53, 112, 141, -53, 0, 0, 0
L 113, 148, -53, 112, 146, -53, 0, 0, 0
L 113, 153, -53, 113, 148, -53, 0, 0, 0
L 114, 154, -53, 113, 153, -53, 0, 0, 0
L 81, 157, -47, 114, 154, -53, 0, 0, 0
L -63, 184, -44, -63, 185, -46, 0, 0, 0
L -62, 182, -43, -63, 184, -44, 0, 0, 0
L -62, 177, -43, -62, 182, -43, 0, 0, 0
L -61, 175, -43, -62, 177, -43, 0, 0, 0
L -67, 171, -39, -61, 175, -43, 0, 0, 0
L -68, 169, -39, -67, 171, -39, 0, 0, 0
L -92, 170, -44, -68, 169, -39, 0, 0, 0
L -80, 157, -46, -90, 157, -47, 0, 0, 0
L -79, 157, -46, -80, 157, -46, 0, 0, 0
L -74, 157, -44, -79, 157, -46, 0, 0, 0
L -72, 157, -43, -74, 157, -44, 0, 0, 0
L -69, 158, -43, -72, 157, -43, 0, 0, 0
L -66, 158, -43, -69, 158, -43, 0, 0, 0
L -66, 154, -43, -66, 158, -43, 0, 0, 0
L -65, 151, -43, -66, 154, -43, 0, 0, 0
L -65, 145, -43, -65, 151, -43, 0, 0, 0
L -66, 145, -43, -65, 145, -43, 0, 0, 0
L -68, 144, -43, -66, 145, -43, 0, 0, 0
L -68, 142, -43, -68, 144, -43, 0, 0, 0
L -69, 139, -43, -68, 142, -43, 0, 0, 0
L -69, 134, -43, -69, 139, -43, 0, 0, 0
L -70, 133, -43, -69, 134, -43, 0, 0, 0
L -70, 116, -43, -70, 133, -43, 0, 0, 0
L -69, 115, -43, -70, 116, -43, 0, 0, 0
L -69, 110, -43, -69, 115, -43, 0, 0, 0
L -68, 108, -41, -69, 110, -43, 0, 0, 0
L -67, 106, -40, -68, 108, -41, 0, 0, 0
L -63, 110, -36, -67, 106, -40, 0, 0, 0
L -62, 111, -36, -63, 110, -36, 0, 0, 0
L -58, 117, -38, -62, 111, -36, 0, 0, 0
L -56, 118, -38, -58, 117, -38, 0, 0, 0
L -55, 120, -40, -56, 118, -38, 0, 0, 0
L -54, 121, -40, -55, 120, -40, 0, 0, 0
L -51, 122, -42, -54, 121, -40, 0, 0, 0
L -41, 124, -43, -51, 122, -42, 0, 0, 0
L -40, 124, -43, -41, 124, -43, 0, 0, 0
L -37, 121, -41, -40, 124, -43, 0, 0, 0
L -36, 120, -42, -37, 121, -41, 0, 0, 0
L -35, 113, -42, -36, 120, -42, 0, 0, 0
L -35, 111, -42, -35, 113, -42, 0, 0, 0
L -34, 109, -43, -35, 111, -42, 0, 0, 0
L -34, 108, -42, -34, 109, -43, 0, 0, 0
L -33, 108, -43, -34, 108, -42, 0, 0, 0
L -29, 109, -43, -33, 108, -43, 0, 0, 0
L -28, 109, -43, -29, 109, -43, 0, 0, 0
L -22, 114, -43, -28, 109, -43, 0, 0, 0
L -22, 115, -43, -22, 114, -43, 0, 0, 0
L -20, 107, -40, -22, 115, -43, 0, 0, 0
L -19, 106, -41, -20, 107, -40, 0, 0, 0
L -19, 105, -42, -19, 106, -41, 0, 0, 0
L -19, 103, -42, -19, 105, -42, 0, 0, 0
L -18, 94, -40, -19, 103, -42, 0, 0, 0
L -18, 93, -40, -18, 94, -40, 0, 0, 0
L -19, 92, -40, -18, 93, -40, 0, 0, 0
L -19, -18, -16, -19, 92, -40, 0, 0, 0
L -35, 150, -43, -35, 174, -43, 0, 0, 0
L -33, 148, -41, -35, 150, -43, 0, 0, 0
L -33, 147, -41, -33, 148, -41, 0, 0, 0
L -31, 145, -41, -33, 147, -41, 0, 0, 0
L -30, 145, -42, -31, 145, -41, 0, 0, 0
L -28, 144, -43, -30, 145, -42, 0, 0, 0
L 9, 144, -43, -28, 144, -43, 0, 0, 0
L 19, 145, -42, 9, 144, -43, 0, 0, 0
L 28, 145, -41, 19, 145, -42, 0, 0, 0
L 30, 145, -40, 28, 145, -41, 0, 0, 0
L 32, 146, -41, 30, 145, -40, 0, 0, 0
L 33, 146, -42, 32, 146, -41, 0, 0, 0
L 34, 149, -43, 33, 146, -42, 0, 0, 0
L 35, 151, -43, 34, 149, -43, 0, 0, 0
L 35, 153, -43, 35, 151, -43, 0, 0, 0
L 36, 155, -43, 35, 153, -43, 0, 0, 0
L 36, 173, -43, 36, 155, -43, 0, 0, 0
L 36, 170, -43, 36, 168, -43, 0, 0, 0
L 66, 176, -41, 68, 180, -39, 0, 0, 0
L 65, 173, -43, 66, 176, -41, 0, 0, 0
L 65, 171, -43, 65, 173, -43, 0, 0, 0
L 66, 170, -43, 65, 171, -43, 0, 0, 0
L 68, 169, -42, 66, 170, -43, 0, 0, 0
L 69, 170, -38, 68, 169, -42, 0, 0, 0
L 76, 170, -39, 69, 170, -38, 0, 0, 0
L 90, 169, -43, 76, 170, -39, 0, 0, 0
L 74, 157, -44, 81, 157, -47, 0, 0, 0
L 72, 157, -44, 74, 157, -44, 0, 0, 0
L 70, 156, -43, 72, 157, -44, 0, 0, 0
L 69, 156, -43, 70, 156, -43, 0, 0, 0
L 67, 155, -43, 69, 156, -43, 0, 0, 0
L 65, 153, -43, 67, 155, -43, 0, 0, 0
L 68, 146, -43, 65, 153, -43, 0, 0, 0
L 68, 144, -43, 68, 146, -43, 0, 0, 0
L 70, 142, -43, 68, 144, -43, 0, 0, 0
L 71, 140, -41, 70, 142, -43, 0, 0, 0
L 72, 138, -40, 71, 140, -41, 0, 0, 0
L 72, 106, -40, 72, 138, -40, 0, 0, 0
L 55, 106, -40, 72, 106, -40, 0, 0, 0
L 54, 108, -43, 55, 106, -40, 0, 0, 0
L 54, 119, -43, 54, 108, -43, 0, 0, 0
L 53, 121, -43, 54, 119, -43, 0, 0, 0
L 52, 122, -43, 53, 121, -43, 0, 0, 0
L 47, 122, -43, 52, 122, -43, 0, 0, 0
L 43, 123, -43, 47, 122, -43, 0, 0, 0
L 39, 122, -41, 43, 123, -43, 0, 0, 0
L 37, 121, -42, 39, 122, -41, 0, 0, 0
L 33, 120, -43, 37, 121, -42, 0, 0, 0
L 32, 119, -43, 33, 120, -43, 0, 0, 0
L 28, 116, -43, 32, 119, -43, 0, 0, 0
L 26, 115, -43, 28, 116, -43, 0, 0, 0
L 25, 113, -43, 26, 115, -43, 0, 0, 0
L 23, 112, -43, 25, 113, -43, 0, 0, 0
L 22, 111, -43, 23, 112, -43, 0, 0, 0
L 21, 109, -43, 22, 111, -43, 0, 0, 0
L 20, 108, -43, 21, 109, -43, 0, 0, 0
L 18, 104, -40, 20, 108, -43, 0, 0, 0
L 18, 103, -40, 18, 104, -40, 0, 0, 0
L 16, 97, -41, 18, 103, -40, 0, 0, 0
L 15, 96, -41, 16, 97, -41, 0, 0, 0
L 15, 94, -43, 15, 96, -41, 0, 0, 0
L 16, 72, -32, 15, 94, -43, 0, 0, 0
L 16, 71, -31, 16, 72, -32, 0, 0, 0
L 16, 49, -21, 16, 71, -31, 0, 0, 0
L 17, 27, -13, 16, 49, -21, 0, 0, 0
L 17, 25, -14, 17, 27, -13, 0, 0, 0
L 18, 24, -16, 17, 25, -14, 0, 0, 0
L 19, 22, -18, 18, 24, -16, 0, 0, 0
L 20, -7, -17, 19, 22, -18, 0, 0, 0
L 20, -12, -16, 20, -7, -16, 0, 0, 0
L 9, -12, -19, 20, -12, -16, 0, 0, 0
L 8, -12, -19, 9, -12, -19, 0, 0, 0
L 6, -13, -19, 8, -12, -19, 0, 0, 0
L -1, -11, -19, 6, -13, -19, 0, 0, 0
L -3, -10, -19, -1, -11, -19, 0, 0, 0
L -10, -11, -19, -3, -10, -19, 0, 0, 0
L -12, -12, -19, -10, -11, -19, 0, 0, 0
L -19, -18, -16, -12, -12, -19, 0, 0, 0
L 166, 183, -54, 189, 187, -58, 0, 0, 240
L 189, 187, -58, 191, 187, -59, 0, 0, 240
L 191, 187, -59, 198, 190, -65, 0, 0, 240
L 198, 190, -65, 198, 191, -65, 0, 0, 240
L 198, 191, -65, 209, 198, -75, 0, 0, 240
L 209, 198, -75, 210, 199, -78, 0, 0, 240
L 210, 199, -78, 211, 200, -79, 0, 0, 240
L 211, 200, -79, 218, 206, -84, 0, 0, 240
L 218, 206, -84, 220, 207, -87, 0, 0, 240
L 220, 207, -87, 221, 208, -90, 0, 0, 240
L 221, 208, -90, 221, 210, -92, 0, 0, 240
L 221, 210, -92, 221, 212, -92, 0, 0, 240
L 221, 212, -92, 222, 213, -92, 0, 0, 240
L 222, 213, -92, 222, 215, -92, 0, 0, 240
L 222, 215, -92, 222, 217, -93, 0, 0, 240
L 222, 217, -93, 223, 219, -93, 0, 0, 240
L 223, 219, -93, 224, 220, -94, 0, 0, 240
L 224, 220, -94, 224, 222, -95, 0, 0, 240
L 224, 222, -95, 225, 224, -96, 0, 0, 240
L 225, 224, -96, 227, 225, -97, 0, 0, 240
L 227, 225, -97, 233, 232, -96, 0, 0, 240
L 233, 232, -96, 233, 234, -97, 0, 0, 240
L 233, 234, -97, 234, 236, -97, 0, 0, 240
L 234, 236, -97, 236, 238, -97, 0, 0, 240
L 236, 238, -97, 240, 242, -98, 0, 0, 240
L 240, 242, -98, 244, 244, -98, 0, 0, 240
L 244, 244, -98, 247, 246, -98, 0, 0, 240
L 247, 246, -98, 248, 247, -99, 0, 0, 240
L 248, 247, -99, 249, 248, -99, 0, 0, 240
L 249, 248, -99, 251, 249, -99, 0, 0, 240
L 251, 249, -99, 252, 250, -99, 0, 0, 240
L 252, 250, -99, 254, 251, -98, 0, 0, 240
L 254, 251, -98, 256, 252, -98, 0, 0, 240
L 256, 252, -98, 257, 252, -99, 0, 0, 240
L 257, 252, -99, 259, 253, -99, 0, 0, 240
L 259, 253, -99, 261, 253, -99, 0, 0, 240
L 261, 253, -99, 262, 253, -100, 0, 0, 240
L 262, 253, -100, 270, 254, -101, 0, 0, 240
L 270, 254, -101, 272, 254, -101, 0, 0, 240
L 272, 254, -101, 275, 253, -101, 0, 0, 240
L 275, 253, -101, 277, 252, -102, 0, 0, 240
L 277, 252, -102, 278, 251, -102, 0, 0, 240
L 278, 251, -102, 280, 250, -102, 0, 0, 240
L 280, 250, -102, 281, 249, -105, 0, 0, 240
L 281, 249, -105, 282, 247, -106, 0, 0, 240
L 282, 247, -106, 286, 242, -108, 0, 0, 240
L 286, 242, -108, 287, 240, -112, 0, 0, 240
L 287, 240, -112, 287, 239, -112, 0, 0, 240
L 287, 239, -112, 288, 237, -114, 0, 0, 240
L 288, 237, -114, 289, 234, -115, 0, 0, 240
L 289, 234, -115, 290, 233, -119, 0, 0, 240
L 290, 233, -119, 290, 231, -121, 0, 0, 240
L 290, 231, -121, 291, 229, -122, 0, 0, 240
L 291, 229, -122, 291, 227, -122, 0, 0, 240
L 291, 227, -122, 292, 225, -122, 0, 0, 240
L 292, 225, -122, 292, 223, -125, 0, 0, 240
L 292, 223, -125, 293, 220, -125, 0, 0, 240
L 293, 220, -125, 293, 218, -126, 0, 0, 240
L 293, 218, -126, 292, 216, -127, 0, 0, 0
L 292, 216, -127, 292, 214, -128, 0, 0, 0
L 292, 214, -128, 291, 212, -129, 0, 0, 0
L 291, 212, -129, 291, 211, -129, 0, 0, 0
L 291, 211, -129, 289, 207, -131, 0, 0, 0
L 289, 207, -131, 287, 204, -131, 0, 0, 0
L 287, 204, -131, 287, 202, -132, 0, 0, 0
L 287, 202, -132, 284, 197, -131, 0, 0, 0
L 284, 197, -131, 284, 195, -132, 0, 0, 0
L 284, 195, -132, 283, 193, -132, 0, 0, 0
L 283, 193, -132, 282, 192, -132, 0, 0, 0
L 282, 192, -132, 280, 191, -132, 0, 0, 0
L 280, 191, -132, 277, 188, -131, 0, 0, 0
L 277, 188, -131, 275, 186, -131, 0, 0, 0
L 275, 186, -131, 267, 181, -131, 0, 0, 0
L 267, 181, -131, 265, 180, -131, 0, 0, 0
L 265, 180, -131, 263, 178, -131, 0, 0, 0
L 263, 178, -131, 261, 177, -131, 0, 0, 0
L 261, 177, -131, 260, 176, -131, 0, 0, 0
L 260, 176, -131, 258, 175, -131, 0, 0, 0
L 258, 175, -131, 257, 173, -131, 0, 0, 0
L 257, 173, -131, 256, 172, -130, 0, 0, 0
L 256, 172, -130, 251, 165, -130, 0, 0, 0
L 251, 165, -130, 250, 164, -130, 0, 0, 0
L 250, 164, -130, 246, 158, -131, 0, 0, 0
L 246, 158, -131, 245, 157, -131, 0, 0, 0
L 245, 157, -131, 242, 151, -131, 0, 0, 0
L 242, 151, -131, 241, 150, -131, 0, 0, 0
L 241, 150, -131, 241, 148, -131, 0, 0, 0
L 241, 148, -131, 240, 146, -131, 0, 0, 0
L 240, 146, -131, 240, 144, -130, 0, 0, 0
L 240, 144, -130, 239, 143, -130, 0, 0, 0
L 239, 143, -130, 239, 141, -130, 0, 0, 0
L 239, 141, -130, 238, 138, -130, 0, 0, 0
L 238, 138, -130, 236, 134, -130, 0, 0, 0
L 236, 134, -130, 235, 133, -130, 0, 0, 0
L 235, 133, -130, 231, 124, -129, 0, 0, 0
L 231, 124, -129, 230, 123, -129, 0, 0, 0
L 230, 123, -129, 229, 121, -129, 0, 0, 0
L 229, 121, -129, 228, 120, -130, 0, 0, 0
L 228, 120, -130, 227, 118, -130, 0, 0, 0
L 227, 118, -130, 222, 110, -131, 0, 0, 0
L 222, 110, -131, 220, 108, -131, 0, 0, 0
L 220, 108, -131, 219, 106, -132, 0, 0, 0
L 219, 106, -132, 218, 104, -132, 0, 0, 0
L 218, 104, -132, 216, 102, -132, 0, 0, 0
L 216, 102, -132, 215, 100, -133, 0, 0, 0
L 215, 100, -133, 214, 99, -133, 0, 0, 0
L 214, 99, -133, 213, 97, -133, 0, 0, 0
L 213, 97, -133, 212, 96, -133, 0, 0, 0
L 212, 96, -133, 212, 94, -133, 0, 0, 0
L 212, 94, -133, 211, 92, -133, 0, 0, 0
L 211, 92, -133, 211, 88, -133, 0, 0, 0
L 211, 88, -133, 210, 86, -133, 0, 0, 0
L 210, 86, -133, 211, 84, -132, 0, 0, 0
L 211, 84, -132, 213, 83, -131, 0, 0, 0
L 213, 83, -131, 214, 82, -131, 0, 0, 0
L 214, 82, -131, 215, 81, -130, 0, 0, 0
L 215, 81, -130, 219, 79, -130, 0, 0, 0
L 219, 79, -130, 230, 72, -132, 0, 0, 0
L 230, 72, -132, 231, 72, -132, 0, 0, 0
L 231, 72, -132, 234, 71, -132, 0, 0, 0
L 234, 71, -132, 236, 70, -132, 0, 0, 0
L 236, 70, -132, 241, 70, -132, 0, 0, 0
L 241, 70, -132, 244, 76, -132, 0, 0, 0
L 244, 76, -132, 246, 81, -133, 0, 0, 0
L 246, 81, -133, 246, 83, -134, 0, 0, 0
L 246, 83, -134, 247, 84, -134, 0, 0, 0
L 247, 84, -134, 249, 88, -134, 0, 0, 0
L 249, 88, -134, 252, 91, -134, 0, 0, 0
L 252, 91, -134, 253, 93, -134, 0, 0, 0
L 253, 93, -134, 254, 94, -134, 0, 0, 0
L 254, 94, -134, 255, 96, -134, 0, 0, 0
L 255, 96, -134, 256, 97, -134, 0, 0, 0
L 256, 97, -134, 257, 99, -134, 0, 0, 0
L 257, 99, -134, 258, 100, -134, 0, 0, 0
L 258, 100, -134, 260, 104, -134, 0, 0, 0
L 260, 104, -134, 261, 105, -134, 0, 0, 0
L 261, 105, -134, 265, 111, -134, 0, 0, 0
L 265, 111, -134, 266, 113, -134, 0, 0, 0
L 266, 113, -134, 268, 116, -135, 0, 0, 0
L 165, 195, -50, 189, 202, -60, 0, 0, 240
L 189, 202, -60, 189, 203, -59, 0, 0, 240
L 189, 203, -59, 193, 208, -60, 0, 0, 240
L 193, 208, -60, 194, 209, -60, 0, 0, 240
L 194, 209, -60, 195, 209, -61, 0, 0, 240
L 195, 209, -61, 198, 210, -64, 0, 0, 240
L 198, 210, -64, 199, 211, -65, 0, 0, 240
L 199, 211, -65, 207, 219, -89, 0, 0, 240
L 207, 219, -89, 207, 221, -90, 0, 0, 240
L 207, 221, -90, 208, 226, -90, 0, 0, 240
L 208, 226, -90, 210, 230, -94, 0, 0, 240
L 210, 230, -94, 210, 231, -96, 0, 0, 240
L 210, 231, -96, 212, 235, -98, 0, 0, 240
L 212, 235, -98, 212, 237, -97, 0, 0, 240
L 212, 237, -97, 213, 238, -97, 0, 0, 240
L 213, 238, -97, 214, 240, -97, 0, 0, 240
L 214, 240, -97, 215, 243, -97, 0, 0, 240
L 215, 243, -97, 215, 244, -97, 0, 0, 240
L 215, 244, -97, 216, 245, -97, 0, 0, 240
L 216, 245, -97, 217, 247, -97, 0, 0, 240
L 217, 247, -97, 218, 248, -97, 0, 0, 240
L 218, 248, -97, 219, 249, -96, 0, 0, 240
L 219, 249, -96, 225, 251, -97, 0, 0, 240
L 225, 251, -97, 228, 254, -97, 0, 0, 240
L 228, 254, -97, 230, 255, -97, 0, 0, 240
L 230, 255, -97, 231, 256, -97, 0, 0, 240
L 231, 256, -97, 233, 257, -98, 0, 0, 240
L 233, 257, -98, 234, 258, -98, 0, 0, 240
L 234, 258, -98, 236, 259, -98, 0, 0, 240
L 236, 259, -98, 238, 260, -97, 0, 0, 240
L 238, 260, -97, 243, 263, -97, 0, 0, 240
L 243, 263, -97, 244, 263, -97, 0, 0, 240
L 244, 263, -97, 246, 263, -98, 0, 0, 240
L 246, 263, -98, 247, 264, -98, 0, 0, 240
L 247, 264, -98, 253, 266, -98, 0, 0, 240
L 253, 266, -98, 254, 267, -98, 0, 0, 240
L 254, 267, -98, 258, 268, -98, 0, 0, 240
L 258, 268, -98, 260, 269, -98, 0, 0, 240
L 260, 269, -98, 261, 269, -97, 0, 0, 240
L 261, 269, -97, 263, 269, -97, 0, 0, 240
L 263, 269, -97, 264, 268, -97, 0, 0, 240
L 264, 268, -97, 268, 267, -97, 0, 0, 240
L 268, 267, -97, 270, 267, -97, 0, 0, 240
L 270, 267, -97, 274, 267, -98, 0, 0, 240
L 274, 267, -98, 277, 268, -98, 0, 0, 240
L 277, 268, -98, 279, 268, -98, 0, 0, 240
L 279, 268, -98, 283, 266, -100, 0, 0, 240
L 283, 266, -100, 284, 265, -100, 0, 0, 240
L 284, 265, -100, 286, 264, -101, 0, 0, 240
L 286, 264, -101, 293, 258, -104, 0, 0, 240
L 293, 258, -104, 297, 254, -104, 0, 0, 240
L 297, 254, -104, 299, 251, -104, 0, 0, 240
L 299, 251, -104, 300, 250, -104, 0, 0, 240
L 300, 250, -104, 304, 246, -105, 0, 0, 240
L 304, 246, -105, 304, 244, -106, 0, 0, 240
L 304, 244, -106, 305, 239, -110, 0, 0, 240
L 305, 239, -110, 306, 238, -110, 0, 0, 240
L 306, 238, -110, 307, 236, -110, 0, 0, 240
L 307, 236, -110, 307, 234, -111, 0, 0, 0
L 307, 234, -111, 308, 233, -111, 0, 0, 0
L 308, 233, -111, 308, 231, -112, 0, 0, 0
L 308, 231, -112, 309, 225, -116, 0, 0, 0
L 309, 225, -116, 309, 223, -117, 0, 0, 0
L 309, 223, -117, 309, 202, -129, 0, 0, 0
L 309, 202, -129, 308, 200, -130, 0, 0, 0
L 308, 200, -130, 308, 198, -130, 0, 0, 0
L 308, 198, -130, 307, 196, -130, 0, 0, 0
L 307, 196, -130, 307, 195, -130, 0, 0, 0
L 307, 195, -130, 306, 193, -130, 0, 0, 0
L 306, 193, -130, 304, 192, -130, 0, 0, 0
L 304, 192, -130, 303, 191, -131, 0, 0, 0
L 303, 191, -131, 302, 190, -131, 0, 0, 0
L 302, 190, -131, 297, 184, -131, 0, 0, 0
L 297, 184, -131, 296, 183, -132, 0, 0, 0
L 296, 183, -132, 296, 181, -132, 0, 0, 0
L 296, 181, -132, 295, 179, -132, 0, 0, 0
L 295, 179, -132, 295, 169, -132, 0, 0, 0
L 295, 169, -132, 294, 161, -132, 0, 0, 0
L 294, 161, -132, 294, 157, -132, 0, 0, 0
L 294, 157, -132, 293, 155, -132, 0, 0, 0
L 293, 155, -132, 291, 153, -132, 0, 0, 0
L 291, 153, -132, 290, 151, -131, 0, 0, 0
L 290, 151, -131, 290, 150, -131, 0, 0, 0
L 290, 150, -131, 289, 148, -132, 0, 0, 0
L 289, 148, -132, 288, 146, -132, 0, 0, 0
L 288, 146, -132, 287, 145, -132, 0, 0, 0
L 287, 145, -132, 286, 143, -132, 0, 0, 0
L 286, 143, -132, 285, 142, -132, 0, 0, 0
L 285, 142, -132, 283, 139, -132, 0, 0, 0
L 283, 139, -132, 282, 137, -132, 0, 0, 0
L 282, 137, -132, 281, 136, -132, 0, 0, 0
L 281, 136, -132, 280, 134, -132, 0, 0, 0
L 280, 134, -132, 279, 132, -133, 0, 0, 0
L 279, 132, -133, 279, 130, -133, 0, 0, 0
L 279, 130, -133, 279, 129, -136, 0, 0, 0
L 281, 137, -133, 280, 135, -132, 0, 0, 0
L 280, 135, -132, 280, 133, -132, 0, 0, 0
L 280, 133, -132, 279, 131, -133, 0, 0, 0
L 279, 131, -133, 280, 130, -133, 0, 0, 0
L 280, 130, -133, 281, 129, -134, 0, 0, 0
L 281, 129, -134, 290, 124, -137, 0, 0, 0
L 290, 124, -137, 291, 123, -139, 0, 0, 0
L 291, 123, -139, 292, 121, -139, 0, 0, 0
L 292, 121, -139, 294, 120, -139, 0, 0, 0
L 294, 120, -139, 296, 120, -139, 0, 0, 0
L 296, 120, -139, 297, 121, -140, 0, 0, 0
L 297, 121, -140, 299, 122, -140, 0, 0, 0
L 299, 122, -140, 300, 123, -140, 0, 0, 0
L 300, 123, -140, 301, 125, -140, 0, 0, 0
L 301, 125, -140, 303, 126, -140, 0, 0, 0
L 303, 126, -140, 304, 125, -140, 0, 0, 0
L 304, 125, -140, 306, 125, -140, 0, 0, 0
L 306, 125, -140, 309, 123, -141, 0, 0, 0
L 309, 123, -141, 311, 122, -141, 0, 0, 0
L 311, 122, -141, 321, 116, -139, 0, 0, 0
L 321, 116, -139, 325, 114, -139, 0, 0, 0
L 325, 114, -139, 330, 110, -138, 0, 0, 0
L 330, 110, -138, 329, 108, -138, 0, 0, 0
L 329, 108, -138, 329, 107, -137, 0, 0, 0
L 329, 107, -137, 329, 101, -137, 0, 0, 0
L 329, 101, -137, 328, 100, -137, 0, 0, 0
L 328, 100, -137, 325, 94, -137, 0, 0, 0
L 325, 94, -137, 324, 92, -136, 0, 0, 0
L 324, 92, -136, 319, 85, -134, 0, 0, 0
L 319, 85, -134, 318, 83, -135, 0, 0, 0
L 318, 83, -135, 316, 81, -136, 0, 0, 0
L 316, 81, -136, 315, 80, -136, 0, 0, 0
L 315, 80, -136, 313, 80, -137, 0, 0, 0
L 313, 80, -137, 311, 81, -137, 0, 0, 0
L 311, 81, -137, 309, 81, -137, 0, 0, 0
L 309, 81, -137, 302, 82, -137, 0, 0, 0
L 302, 82, -137, 301, 83, -137, 0, 0, 0
L 301, 83, -137, 292, 88, -135, 0, 0, 0
L 292, 88, -135, 287, 91, -134, 0, 0, 0
L 287, 91, -134, 284, 94, -134, 0, 0, 0
L 284, 94, -134, 281, 97, -135, 0, 0, 0
L 281, 97, -135, 282, 99, -136, 0, 0, 0
L 282, 99, -136, 282, 101, -136, 0, 0, 0
L 282, 101, -136, 283, 104, -137, 0, 0, 0
L 283, 104, -137, 283, 105, -137, 0, 0, 0
L 283, 105, -137, 282, 107, -137, 0, 0, 0
L 282, 107, -137, 281, 108, -136, 0, 0, 0
L 281, 108, -136, 277, 110, -136, 0, 0, 0
L 277, 110, -136, 274, 111, -136, 0, 0, 0
L 274, 111, -136, 272, 113, -136, 0, 0, 0
L 272, 113, -136, 270, 116, -136, 0, 0, 0
L 270, 116, -136, 268, 116, -135, 0, 0, 0
L 268, 116, -135, 267, 115, -135, 0, 0, 0
L 267, 115, -135, 266, 113, -134, 0, 0, 0
L 266, 113, -134, 265, 111, -134, 0, 0, 0
L 6, 125, -68, 6, 121, -68, 240, 0, 0
L 6, 121, -68, 6, 115, -66, 240, 0, 0
L 6, 115, -66, 5, 114, -67, 240, 0, 0
L 5, 114, -67, 4, 112, -67, 240, 0, 0
L 4, 112, -67, 3, 111, -68, 240, 0, 0
L 3, 111, -68, 2, 109, -68, 240, 0, 0
L 2, 109, -68, 0, 109, -68, 240, 0, 0
L 0, 109, -68, -10, 110, -70, 240, 0, 0
L -10, 110, -70, -11, 111, -70, 240, 0, 0
L -11, 111, -70, -12, 113, -71, 240, 0, 0
L -12, 113, -71, -12, 114, -71, 240, 0, 0
L -12, 114, -71, -16, 127, -71, 240, 0, 0
L -16, 127, -71, -17, 128, -71, 240, 0, 0
L -17, 128, -71, -16, 130, -70, 240, 0, 0
L -16, 130, -70, -15, 130, -70, 240, 0, 0
L -15, 130, -70, -9, 130, -71, 240, 0, 0
L -9, 130, -71, -7, 131, -71, 240, 0, 0
L -7, 131, -71, -5, 131, -72, 240, 0, 0
L -5, 131, -72, -3, 131, -72, 240, 0, 0
L -3, 131, -72, 0, 130, -70, 240, 0, 0
L 0, 130, -70, 2, 129, -70, 240, 0, 0
L 2, 129, -70, 3, 130, -69, 240, 0, 0
L 3, 130, -69, 4, 130, -68, 240, 0, 0
L 4, 130, -68, 6, 130, -67, 240, 0, 0
L 6, 130, -67, 7, 129, -63, 240, 0, 0
L 7, 129, -63, 6, 125, -65, 240, 0, 0
L 36, 173, -43, 33, 176, -42, 0, 0, 0
L 33, 176, -42, 32, 178, -40, 0, 0, 0
L 32, 178, -40, 31, 179, -39, 0, 0, 0
L 31, 179, -39, 26, 181, -44, 0, 0, 0
L 26, 181, -44, 25, 180, -43, 0, 0, 0
L 25, 180, -43, 18, 178, -40, 0, 0, 0
L 18, 178, -40, 17, 178, -40, 0, 0, 0
L 17, 178, -40, -3, 179, -41, 0, 0, 0
L -3, 179, -41, -26, 179, -42, 0, 0, 0
L -26, 179, -42, -27, 178, -41, 0, 0, 0
L -27, 178, -41, -29, 178, -40, 0, 0, 0
L -29, 178, -40, -31, 178, -40, 0, 0, 0
L -31, 178, -40, -32, 177, -41, 0, 0, 0
L -32, 177, -41, -35, 174, -43, 0, 0, 0
L -35, 175, -43, -35, 173, -43, 0, 0, 0
L -35, 170, -43, -35, 164, -43, 0, 0, 0
L 68, 180, -37, 69, 184, -37, 0, 0, 0
L 69, 184, -37, 70, 185, -37, 0, 0, 0
L 70, 185, -37, 73, 190, -40, 0, 0, 0
L 73, 190, -40, 73, 191, -41, 0, 0, 0
L 73, 191, -41, 73, 193, -42, 0, 0, 0
L 73, 193, -42, 72, 194, -45, 0, 0, 0
L 72, 194, -46, 57, 194, -49, 0, 0, 0
L 57, 194, -49, 56, 196, -49, 0, 0, 0
L 56, 196, -49, 55, 197, -50, 0, 0, 0
L 55, 197, -50, 55, 199, -53, 0, 0, 0
L 55, 199, -53, 55, 201, -53, 0, 0, 0
L 55, 201, -53, 54, 202, -53, 0, 0, 0
L 54, 202, -53, 54, 203, -54, 0, 0, 0
L 54, 203, -54, 54, 205, -54, 0, 0, 0
L 54, 205, -54, 54, 213, -60, 0, 0, 0
L 54, 213, -60, 60, 213, -60, 0, 0, 0
L 60, 213, -60, 60, 215, -60, 0, 0, 0
L 60, 215, -60, 60, 221, -61, 0, 0, 0
L 60, 221, -61, 60, 222, -61, 0, 0, 0
L 60, 222, -61, 59, 228, -61, 0, 0, 0
L 59, 228, -61, 58, 229, -61, 0, 0, 0
L 58, 229, -61, 57, 232, -61, 0, 0, 0
L 57, 232, -61, 56, 233, -61, 0, 0, 0
L 56, 233, -61, 53, 239, -63, 0, 0, 0
L 53, 239, -63, 53, 240, -63, 0, 0, 0
L 53, 240, -63, 51, 244, -63, 0, 0, 0
L 51, 244, -63, 50, 245, -63, 0, 0, 0
L 50, 245, -63, 48, 249, -63, 0, 0, 0
L 48, 249, -63, 48, 251, -63, 0, 0, 0
L 48, 251, -63, 47, 252, -64, 0, 0, 0
L 47, 252, -64, 47, 253, -64, 0, 0, 0
L 47, 253, -64, 46, 256, -65, 0, 0, 0
L 46, 256, -65, 46, 257, -65, 0, 0, 0
L 46, 257, -65, 45, 259, -65, 0, 0, 0
L 45, 259, -65, 45, 261, -68, 0, 0, 0
L 45, 261, -68, 43, 262, -68, 0, 0, 0
L 43, 262, -68, 43, 263, -69, 0, 0, 0
L 43, 263, -69, 43, 265, -69, 0, 0, 0
L 43, 265, -69, 43, 270, -72, 0, 0, 0
L 43, 270, -72, 43, 271, -72, 0, 0, 0
L 43, 271, -72, 43, 274, -75, 0, 0, 0
L -62, 184, -45, -59, 190, -48, 0, 0, 0
L -59, 190, -48, -58, 191, -49, 0, 0, 0
L -58, 191, -49, -58, 193, -49, 0, 0, 0
L -58, 193, -49, -57, 194, -49, 0, 0, 0
L -57, 194, -49, -55, 195, -49, 0, 0, 0
L -55, 195, -49, -55, 197, -50, 0, 0, 0
L -55, 197, -50, -54, 198, -52, 0, 0, 0
L -54, 198, -52, -54, 203, -54, 0, 0, 0
L -54, 203, -54, -53, 204, -55, 0, 0, 0
L -53, 204, -55, -53, 205, -55, 0, 0, 0
L -53, 205, -55, -52, 214, -59, 0, 0, 0
L -52, 214, -59, -52, 216, -61, 0, 0, 0
L -52, 216, -61, -51, 218, -61, 0, 0, 0
L -51, 218, -61, -51, 219, -61, 0, 0, 0
L -51, 219, -61, -48, 226, -62, 0, 0, 0
L -48, 226, -62, -48, 227, -62, 0, 0, 0
L -48, 227, -62, -47, 232, -63, 0, 0, 0
L -47, 232, -63, -47, 233, -63, 0, 0, 0
L -47, 233, -63, -47, 256, -61, 0, 0, 0
L -47, 256, -61, -46, 257, -63, 0, 0, 0
L -46, 257, -63, -44, 258, -66, 0, 0, 0
L -44, 258, -66, -42, 259, -66, 0, 0, 0
L -42, 259, -66, -41, 260, -66, 0, 0, 0
L -41, 260, -66, -41, 261, -66, 0, 0, 0
L -90, 157, -45, -102, 154, -46, 0, 0, 0
L -102, 154, -46, -103, 155, -47, 0, 0, 0
L -103, 155, -47, -105, 154, -47, 0, 0, 0
L -105, 154, -47, -107, 155, -48, 0, 0, 0
L -107, 155, -48, -108, 154, -48, 0, 0, 0
L -108, 154, -48, -111, 153, -47, 0, 0, 0
L -111, 153, -47, -112, 152, -48, 0, 0, 0
L -112, 152, -48, -113, 151, -50, 0, 0, 0
L -113, 151, -50, -113, 149, -53, 0, 0, 0
L -113, 149, -53, -111, 148, -53, 0, 0, 0
L -111, 148, -53, -110, 146, -53, 0, 0, 0
L -110, 146, -53, -109, 143, -53, 0, 0, 0
L -109, 143, -53, -109, 131, -53, 0, 0, 0
L -109, 131, -53, -110, 129, -53, 0, 0, 0
L -110, 129, -53, -110, 125, -53, 0, 0, 0
L -110, 125, -53, -111, 123, -52, 0, 0, 0
L -111, 123, -52, -111, 122, -50, 0, 0, 0
L -111, 122, -50, -112, 120, -49, 0, 0, 0
L -112, 120, -49, -113, 119, -47, 0, 0, 0
L -113, 119, -47, -114, 117, -47, 0, 0, 0
L -114, 117, -47, -115, 116, -47, 0, 0, 0
L -115, 116, -47, -121, 109, -51, 0, 0, 0
L -121, 109, -51, -122, 108, -52, 0, 0, 0
L -122, 108, -52, -144, 108, -52, 0, 0, 0
L -144, 108, -52, -146, 109, -53, 0, 0, 0
L -146, 109, -53, -147, 110, -53, 0, 0, 0
L -147, 110, -53, -153, 113, -54, 0, 0, 0
L -153, 113, -54, -154, 115, -53, 0, 0, 0
L -154, 115, -53, -155, 117, -53, 0, 0, 0
L -155, 117, -53, -156, 118, -53, 0, 0, 0
L -156, 118, -53, -156, 120, -53, 0, 0, 0
L -156, 120, -53, -157, 122, -54, 0, 0, 0
L -157, 122, -54, -156, 124, -54, 0, 0, 0
L -156, 124, -54, -154, 124, -54, 0, 0, 0
L -154, 124, -54, -154, 125, -54, 0, 0, 0
L -154, 125, -54, -152, 129, -54, 0, 0, 0
L -152, 129, -54, -152, 130, -54, 0, 0, 0
L -152, 130, -54, -153, 131, -54, 0, 0, 0
L -153, 131, -54, -155, 135, -54, 0, 0, 0
L -155, 135, -54, -164, 144, -56, 0, 0, 0
L -204, 120, -69, -202, 116, -70, 240, 127, 0
L -202, 116, -70, -201, 111, -73, 240, 127, 0
L -201, 111, -73, -201, 109, -73, 240, 127, 0
L -201, 109, -73, -200, 107, -74, 240, 127, 0
L -200, 107, -74, -200, 105, -75, 240, 127, 0
L -200, 105, -75, -199, 102, -77, 240, 127, 0
L -199, 102, -77, -199, 100, -77, 240, 127, 0
L -199, 100, -77, -199, 98, -79, 240, 127, 0
L -199, 98, -79, -198, 96, -81, 240, 127, 0
L -198, 96, -81, -198, 94, -80, 240, 127, 0
L -198, 94, -80, -196, 93, -81, 240, 127, 0
L -196, 93, -81, -191, 86, -81, 240, 127, 0
L -191, 86, -81, -190, 85, -82, 240, 127, 0
L -190, 85, -82, -189, 83, -83, 240, 127, 0
L -189, 83, -83, -189, 81, -84, 240, 127, 0
L -189, 81, -84, -188, 79, -85, 240, 127, 0
L -188, 79, -85, -187, 78, -86, 240, 127, 0
L -187, 78, -86, -186, 76, -86, 240, 127, 0
L -186, 76, -86, -184, 75, -85, 240, 127, 0
L -184, 75, -85, -179, 72, -84, 240, 127, 0
L -179, 72, -84, -178, 71, -83, 240, 127, 0
L -178, 71, -83, -176, 70, -83, 240, 127, 0
L -176, 70, -83, -174, 68, -83, 240, 127, 0
L -93, 170, -44, -110, 170, -48, 0, 0, 0
L -110, 170, -48, -112, 171, -49, 0, 0, 0
L -112, 171, -49, -115, 171, -53, 0, 0, 0
L -115, 171, -53, -113, 175, -53, 0, 0, 0
L -113, 175, -53, -112, 176, -53, 0, 0, 0
L -112, 176, -53, -112, 178, -53, 0, 0, 0
L -112, 178, -53, -111, 180, -53, 0, 0, 0
L -111, 180, -53, -111, 182, -53, 0, 0, 0
L -111, 182, -53, -110, 187, -53, 0, 0, 0
L -110, 187, -53, -110, 188, -53, 0, 0, 0
L -110, 188, -53, -109, 190, -53, 0, 0, 0
L -109, 190, -53, -109, 191, -53, 0, 0, 0
L -109, 191, -53, -108, 193, -53, 0, 0, 0
L -108, 193, -53, -108, 197, -53, 0, 0, 0
L -108, 197, -53, -108, 198, -52, 0, 0, 0
L -108, 198, -52, -108, 206, -52, 0, 0, 0
L -108, 206, -52, -110, 206, -50, 0, 0, 0
L -110, 206, -50, -139, 206, -50, 0, 0, 0
L -139, 206, -50, -139, 204, -53, 0, 0, 0
L -139, 204, -53, -139, 203, -53, 0, 0, 0
L -139, 203, -53, -140, 198, -53, 0, 0, 0
L -140, 198, -53, -140, 197, -53, 0, 0, 0
L -140, 197, -53, -140, 194, -55, 0, 0, 0
L -140, 194, -55, -142, 194, -54, 0, 0, 0
L -142, 194, -54, -145, 194, -55, 0, 0, 0
L -145, 194, -55, -146, 194, -55, 0, 0, 0
L -146, 194, -55, -153, 191, -54, 0, 0, 0
L -153, 191, -54, -156, 185, -54, 0, 0, 0
L -156, 185, -54, -163, 178, -54, 0, 0, 0
L -163, 178, -54, -163, 177, -54, 0, 0, 0
L -163, 177, -54, -165, 174, -54, 0, 0, 0
L -165, 174, -54, -166, 174, -54, 0, 0, 0
L -166, 174, -54, -168, 174, -52, 240, 127, 0
L -168, 174, -52, -174, 177, -48, 240, 127, 0
L -174, 177, -48, -175, 177, -48, 240, 127, 0
L -175, 177, -48, -178, 176, -49, 240, 127, 0
L -178, 176, -49, -179, 176, -49, 240, 127, 0
L -179, 176, -49, -181, 175, -51, 240, 127, 0
L -181, 175, -51, -182, 174, -52, 240, 127, 0
L -182, 174, -52, -184, 173, -52, 240, 127, 0
L -184, 173, -52, -185, 173, -52, 240, 127, 0
L -185, 173, -52, -187, 172, -52, 240, 127, 0
L -187, 172, -52, -189, 171, -53, 240, 127, 0
L -189, 171, -53, -190, 171, -52, 240, 127, 0
L -190, 171, -52, -195, 171, -52, 240, 127, 0
L -195, 171, -52, -199, 172, -54, 240, 127, 0
L -199, 172, -54, -201, 172, -54, 240, 127, 0
L -201, 172, -54, -207, 171, -58, 240, 127, 0
L -207, 171, -58, -209, 171, -59, 240, 127, 0
L -209, 171, -59, -211, 170, -60, 240, 127, 0
L -211, 170, -60, -213, 170, -63, 240, 127, 0
L -213, 170, -63, -214, 170, -63, 240, 127, 0
L -214, 170, -63, -218, 170, -65, 240, 127, 0
L -218, 170, -65, -219, 170, -65, 240, 127, 0
L -219, 170, -65, -229, 171, -65, 240, 127, 0
L -229, 171, -65, -230, 170, -66, 240, 127, 0
L -230, 170, -66, -232, 170, -66, 240, 127, 0
L -232, 170, -66, -240, 168, -65, 240, 127, 0
L -240, 168, -65, -241, 166, -64, 240, 127, 0
L -241, 166, -64, -242, 164, -64, 240, 127, 0
L -242, 164, -64, -242, 161, -64, 240, 127, 0
L -242, 161, -64, -244, 155, -64, 240, 127, 0
L -244, 155, -64, -243, 153, -65, 240, 127, 0
L -243, 153, -65, -243, 152, -65, 240, 127, 0
L -243, 152, -65, -242, 150, -65, 240, 127, 0
L -242, 150, -65, -242, 149, -65, 240, 127, 0
L -242, 149, -65, -242, 147, -66, 240, 127, 0
L -242, 147, -66, -241, 146, -66, 240, 127, 0
L -230, 106, -75, -228, 104, -76, 240, 127, 0
L -228, 104, -76, -227, 103, -76, 240, 127, 0
L -227, 103, -76, -225, 100, -77, 240, 127, 0
L -225, 100, -77, -224, 98, -78, 240, 127, 0
L -224, 98, -78, -222, 97, -79, 240, 127, 0
L -222, 97, -79, -221, 97, -80, 240, 127, 0
L -221, 97, -80, -221, 96, -80, 240, 127, 0
L -221, 96, -80, -220, 94, -81, 240, 127, 0
L -220, 94, -81, -219, 93, -82, 240, 127, 0
L -219, 93, -82, -218, 91, -83, 240, 127, 0
L -218, 91, -83, -218, 86, -83, 240, 127, 0
L -218, 86, -83, -217, 84, -83, 240, 127, 0
L -217, 84, -83, -217, 81, -84, 240, 127, 0
L -217, 81, -84, -217, 79, -84, 240, 127, 0
L -217, 79, -84, -215, 75, -82, 240, 127, 0
L -215, 75, -82, -214, 74, -83, 240, 127, 0
L -214, 74, -83, -212, 74, -83, 240, 127, 0
L -212, 74, -83, -211, 73, -84, 240, 127, 0
L -211, 73, -84, -209, 72, -86, 240, 127, 0
L -209, 72, -86, -208, 70, -87, 240, 127, 0
L -208, 70, -87, -208, 69, -87, 240, 127, 0
L -208, 69, -87, -207, 65, -87, 240, 127, 0
L -207, 65, -87, -207, 64, -86, 240, 127, 0
L -207, 64, -86, -207, 60, -86, 240, 127, 0
L -207, 60, -86, -206, 59, -86, 240, 127, 0
L -206, 59, -86, -202, 57, -86, 240, 127, 0
L -202, 57, -86, -195, 53, -89, 240, 127, 0
L -195, 53, -89, -194, 54, -87, 240, 127, 0
L -194, 54, -87, -193, 53, -88, 240, 127, 0
L -193, 53, -88, -192, 51, -88, 240, 127, 0
L -192, 51, -88, -190, 51, -92, 240, 127, 0
L -190, 51, -92, -189, 49, -92, 240, 127, 0
L -189, 49, -92, -182, 42, -90, 240, 127, 0
L -182, 42, -90, -181, 41, -89, 240, 127, 0
L -181, 41, -89, -179, 41, -88, 240, 127, 0
L -179, 41, -88, -177, 41, -88, 240, 127, 0
L -177, 41, -88, -168, 43, -91, 240, 127, 0
L -174, 68, -83, -172, 67, -83, 240, 127, 0
L -172, 67, -83, -171, 66, -83, 240, 127, 0
L -171, 66, -83, -167, 65, -83, 240, 127, 0
L -167, 65, -83, -166, 65, -84, 240, 127, 0
L -166, 65, -84, -159, 63, -85, 240, 127, 0
L -159, 63, -85, -155, 63, -85, 240, 127, 0
L -32, 218, -59, -22, 218, -58, 0, 0, 0
L -22, 218, -58, 29, 218, -58, 0, 0, 0
L 34, 229, -61, 34, 246, -61, 0, 0, 0
L 34, 246, -61, 33, 247, -60, 0, 0, 0
L 33, 247, -60, 33, 249, -59, 0, 0, 0
L 33, 249, -59, 32, 250, -58, 0, 0, 0
L 32, 250, -58, 31, 250, -57, 0, 0, 0
L 31, 250, -57, 29, 250, -58, 0, 0, 0
L 29, 250, -58, 1, 250, -58, 0, 0, 0
L -33, 237, -60, -33, 233, -60, 0, 0, 0
L -33, 233, -60, -32, 232, -59, 0, 0, 0
L -32, 232, -59, -32, 218, -58, 0, 0, 0
L -169, 43, -91, -163, 44, -92, 240, 127, 0
L -163, 44, -92, -162, 44, -92, 240, 127, 0
L -162, 44, -92, -145, 41, -94, 240, 127, 0
L -145, 41, -94, -144, 41, -94, 240, 127, 0
L -144, 41, -94, -142, 42, -94, 240, 127, 0
L -142, 42, -94, -136, 45, -98, 240, 127, 0
L -136, 45, -98, -135, 46, -98, 240, 127, 0
L -135, 46, -98, -134, 47, -99, 240, 127, 0
L -134, 47, -99, -132, 48, -102, 240, 127, 0
L -132, 48, -102, -130, 49, -103, 240, 127, 0
L -130, 49, -103, -128, 49, -105, 240, 127, 0
L -128, 49, -105, -113, 49, -109, 240, 127, 0
L -113, 49, -109, -111, 50, -110, 240, 127, 0
L -111, 50, -110, -110, 50, -111, 240, 127, 0
L -110, 50, -111, -107, 50, -110, 240, 127, 0
L -107, 50, -110, -106, 51, -109, 240, 127, 0
L -106, 51, -109, -101, 56, -111, 240, 127, 0
L -101, 56, -111, -100, 57, -111, 240, 127, 0
L -100, 57, -111, -99, 58, -113, 240, 127, 0
L -99, 58, -113, -98, 60, -113, 240, 127, 0
L -98, 60, -113, -97, 60, -113, 240, 127, 0
L -97, 60, -113, -96, 61, -114, 240, 127, 0
L -96, 61, -114, -94, 62, -115, 240, 127, 0
L -94, 62, -115, -93, 62, -115, 240, 127, 0
L -93, 62, -115, -88, 63, -115, 240, 127, 0
L -88, 63, -115, -79, 65, -113, 240, 127, 0
L -79, 65, -113, -78, 66, -112, 240, 127, 0
L -78, 66, -112, -76, 67, -110, 240, 127, 0
L -76, 67, -110, -76, 68, -110, 240, 127, 0
L -76, 68, -110, -76, 69, -109, 240, 127, 0
L -76, 69, -109, -75, 71, -109, 240, 127, 0
L -75, 71, -109, -74, 72, -111, 240, 127, 0
L -74, 72, -111, -74, 74, -111, 240, 127, 0
L -74, 74, -111, -70, 80, -111, 240, 127, 0
L -70, 80, -111, -70, 81, -111, 240, 127, 0
L -70, 81, -111, -67, 86, -109, 240, 127, 0
L -67, 86, -109, -67, 87, -109, 240, 127, 0
L -67, 87, -109, -66, 89, -109, 240, 127, 0
L -66, 89, -109, -65, 90, -109, 240, 127, 0
L -65, 90, -109, -63, 91, -106, 240, 127, 0
L -63, 91, -106, -61, 92, -102, 240, 127, 0
L -61, 92, -102, -60, 93, -99, 240, 127, 0
L -60, 93, -99, -58, 94, -97, 240, 127, 0
L -58, 94, -97, -56, 96, -93, 240, 127, 0
L -56, 96, -93, -56, 98, -94, 240, 127, 0
L -56, 98, -94, -54, 100, -93, 240, 127, 0
L -54, 100, -93, -53, 101, -92, 240, 127, 0
L -53, 101, -92, -52, 103, -90, 240, 127, 0
L -52, 103, -90, -50, 104, -88, 240, 127, 0
L -50, 104, -88, -48, 104, -87, 240, 127, 0
L -48, 104, -87, -39, 106, -77, 240, 127, 0
L -39, 106, -77, -37, 106, -77, 240, 127, 0
L -37, 106, -77, -34, 108, -77, 240, 127, 0
L -34, 108, -77, -32, 109, -78, 240, 127, 0
L -32, 109, -78, -31, 111, -80, 240, 127, 0
L -31, 111, -80, -29, 112, -80, 240, 127, 0
L -29, 112, -80, -27, 112, -80, 240, 127, 0
L -27, 112, -80, -19, 112, -71, 240, 127, 0
L -19, 112, -71, -17, 112, -68, 240, 127, 0
L -17, 112, -68, -16, 112, -68, 240, 127, 0
L -16, 112, -68, -2, 109, -69, 240, 127, 0
L -155, 63, -94, -132, 66, -95, 240, 127, 0
L -132, 66, -95, -126, 67, -99, 240, 127, 0
L -126, 67, -99, -125, 68, -100, 240, 127, 0
L -125, 68, -100, -110, 76, -109, 240, 127, 0
L -110, 76, -109, -109, 77, -109, 240, 127, 0
L -109, 77, -109, -102, 81, -111, 240, 127, 0
L -102, 81, -111, -99, 84, -112, 240, 127, 0
L -99, 84, -112, -96, 85, -114, 240, 127, 0
L -96, 85, -114, -95, 87, -115, 240, 127, 0
L -95, 87, -115, -87, 93, -112, 240, 127, 0
L -87, 93, -112, -86, 94, -112, 240, 127, 0
L -86, 94, -112, -80, 98, -109, 240, 127, 0
L -80, 98, -109, -69, 107, -101, 240, 127, 0
L -69, 107, -101, -62, 113, -96, 240, 127, 0
L -62, 113, -96, -61, 114, -95, 240, 127, 0
L -61, 114, -95, -59, 115, -93, 240, 127, 0
L -59, 115, -93, -58, 115, -93, 240, 127, 0
L -58, 115, -93, -42, 120, -84, 240, 127, 0
L -42, 120, -84, -32, 123, -81, 240, 127, 0
L -32, 123, -81, -23, 125, -75, 240, 127, 0
L -23, 125, -75, -14, 128, -71, 240, 127, 0
L -14, 128, -71, -13, 128, -71, 240, 127, 0
L -164, 144, -56, -164, 146, -56, 0, 0, 0
L -164, 146, -56, -165, 148, -55, 0, 0, 0
L -165, 148, -55, -161, 148, -55, 0, 0, 0
L -161, 148, -55, -160, 149, -55, 0, 0, 0
L -160, 149, -55, -158, 153, -54, 0, 0, 0
L -158, 153, -54, -158, 155, -54, 0, 0, 0
L -158, 155, -54, -160, 157, -54, 0, 0, 0
L -160, 157, -54, -161, 157, -54, 0, 0, 0
L -161, 157, -54, -163, 159, -54, 0, 0, 0
L -163, 159, -54, -167, 160, -54, 0, 0, 0
L -167, 160, -54, -167, 159, -53, 240, 127, 0
L -167, 159, -53, -170, 155, -52, 240, 127, 0
L -170, 155, -52, -171, 154, -52, 240, 127, 0
L -171, 154, -52, -180, 149, -48, 240, 127, 0
L -180, 149, -48, -184, 146, -49, 240, 127, 0
L -184, 146, -49, -185, 145, -49, 240, 127, 0
L -185, 145, -49, -192, 141, -50, 240, 127, 0
L -192, 141, -50, -198, 136, -57, 240, 127, 0
L -198, 136, -57, -200, 135, -57, 240, 127, 0
L -200, 135, -57, -201, 133, -59, 240, 127, 0
L -201, 133, -59, -202, 131, -59, 240, 127, 0
L -202, 131, -59, -202, 130, -60, 240, 127, 0
L -202, 130, -60, -203, 128, -63, 240, 127, 0
L -203, 128, -63, -203, 125, -64, 240, 127, 0
L -203, 125, -64, -203, 123, -66, 240, 127, 0
L -203, 123, -66, -204, 120, -71, 240, 127, 0
L -230, 106, -75, -229, 126, -68, 240, 127, 0
L -229, 126, -68, -229, 128, -67, 240, 127, 0
L -229, 128, -67, -229, 130, -67, 240, 127, 0
L -229, 130, -67, -229, 132, -66, 240, 127, 0
L -229, 132, -66, -229, 133, -66, 240, 127, 0
L -229, 133, -66, -230, 135, -66, 240, 127, 0
L -230, 135, -66, -234, 139, -68, 240, 127, 0
L -234, 139, -68, -235, 140, -68, 240, 127, 0
L -235, 140, -68, -240, 141, -66, 240, 127, 0
L -240, 141, -66, -240, 143, -66, 240, 127, 0
L -240, 143, -66, -241, 145, -66, 240, 127, 0
L -241, 145, -66, -241, 147, -66, 240, 127, 0
L -241, 147, -66, -242, 148, -66, 0, 0, 0
L -33, 237, -61, -33, 244, -60, 0, 0, 0
L -33, 244, -60, -33, 246, -60, 0, 0, 0
L -33, 246, -60, -32, 247, -59, 0, 0, 0
L -32, 247, -59, -32, 249, -58, 0, 0, 0
L -32, 249, -58, -30, 251, -58, 0, 0, 0
L -30, 251, -58, -28, 251, -59, 0, 0, 0
L -28, 251, -59, -12, 250, -58, 0, 0, 0
L -12, 250, -58, 6, 250, -58, 0, 0, 0
L 34, 229, -61, 34, 223, -61, 0, 0, 0
L 34, 223, -61, 33, 222, -61, 0, 0, 0
L 33, 222, -61, 33, 220, -58, 0, 0, 0
L 33, 220, -58, 32, 218, -58, 0, 0, 0
L 32, 218, -58, 28, 218, -58, 0, 0, 0
L -41, 260, -69, -42, 268, -70, 0, 0, 0
L -42, 268, -70, -42, 270, -71, 0, 0, 0
L -42, 270, -71, -43, 274, -73, 0, 0, 0
L -43, 274, -73, -43, 279, -73, 0, 0, 0
L -43, 279, -73, -45, 281, -75, 0, 0, 0
L -45, 281, -75, -47, 282, -75, 0, 0, 0
L -47, 282, -75, -52, 284, -77, 0, 0, 0
L -52, 284, -77, -53, 284, -77, 0, 0, 0
L -53, 284, -77, -62, 286, -77, 0, 0, 0
L -62, 286, -77, -63, 287, -78, 0, 0, 0
L -63, 287, -78, -64, 287, -79, 0, 0, 0
L -64, 287, -79, -66, 288, -79, 0, 0, 0
L -66, 288, -79, -66, 300, -79, 0, 0, 0
L -66, 300, -79, -68, 301, -79, 0, 0, 0
L -68, 301, -79, -69, 301, -79, 0, 0, 0
L -69, 301, -79, -88, 300, -83, 0, 0, 0
L -88, 300, -83, -108, 300, -89, 0, 0, 0
L -108, 300, -89, -109, 299, -89, 0, 0, 0
L -109, 299, -89, -111, 299, -85, 0, 0, 0
L -111, 299, -85, -112, 298, -86, 0, 0, 0
L -112, 298, -86, -118, 294, -89, 0, 0, 0
L -118, 294, -89, -118, 293, -89, 0, 0, 0
L -118, 293, -89, -115, 287, -89, 0, 0, 0
L -115, 287, -89, -110, 279, -89, 0, 0, 0
L -110, 279, -89, -110, 277, -89, 0, 0, 0
L -110, 277, -89, -109, 273, -89, 0, 0, 0
L -109, 273, -89, -109, 265, -89, 0, 0, 0
L -109, 265, -89, -108, 255, -89, 0, 0, 0
L -108, 255, -89, -109, 256, -89, 0, 0, 0
L -109, 256, -89, -116, 260, -89, 0, 0, 0
L -116, 260, -89, -120, 260, -89, 0, 0, 0
L -120, 260, -89, -127, 259, -90, 0, 0, 0
L -127, 259, -90, -134, 260, -90, 0, 0, 0
L -134, 260, -90, -135, 260, -90, 0, 0, 0
L -135, 260, -90, -140, 262, -90, 0, 0, 0
L -140, 262, -90, -142, 263, -90, 0, 0, 0
L -142, 263, -90, -143, 263, -91, 0, 0, 0
L -143, 263, -91, -145, 264, -91, 0, 0, 0
L -145, 264, -91, -146, 264, -92, 0, 0, 0
L -146, 264, -92, -148, 265, -92, 0, 0, 0
L -148, 265, -92, -150, 265, -91, 0, 0, 0
L -150, 265, -91, -151, 266, -91, 0, 0, 0
L -151, 266, -91, -153, 267, -91, 0, 0, 0
L -153, 267, -91, -154, 267, -91, 0, 0, 0
L -154, 267, -91, -170, 269, -88, 0, 0, 0
L -170, 269, -88, -171, 269, -89, 0, 0, 0
L -171, 269, -89, -173, 270, -89, 0, 0, 0
L -173, 270, -89, -175, 270, -89, 0, 0, 0
L -175, 270, -89, -185, 272, -89, 0, 0, 0
L -185, 272, -89, -194, 273, -90, 0, 0, 0
L -194, 273, -90, -213, 276, -95, 0, 0, 0
L -213, 276, -95, -214, 277, -95, 0, 0, 0
L -214, 277, -95, -217, 279, -96, 0, 0, 0
L -217, 279, -96, -219, 281, -98, 0, 0, 0
L -219, 281, -98, -220, 282, -98, 0, 0, 0
L -220, 282, -98, -224, 290, -100, 0, 0, 0
L -224, 290, -100, -224, 291, -100, 0, 0, 0
L -224, 291, -100, -229, 301, -105, 0, 0, 0
L -212, 298, -100, -211, 295, -99, 0, 0, 0
L -211, 295, -99, -209, 294, -97, 0, 0, 0
L -209, 294, -97, -208, 293, -96, 0, 0, 0
L -208, 293, -96, -206, 292, -93, 0, 0, 0
L -206, 292, -93, -204, 290, -93, 0, 0, 0
L -204, 290, -93, -203, 290, -93, 0, 0, 0
L -203, 290, -93, -201, 288, -92, 0, 0, 0
L -201, 288, -92, -200, 288, -92, 0, 0, 0
L -200, 288, -92, -198, 287, -92, 0, 0, 0
L -198, 287, -92, -191, 285, -88, 0, 0, 0
L -191, 285, -88, -189, 286, -87, 0, 0, 0
L -189, 286, -87, -160, 286, -90, 0, 0, 0
L -160, 286, -90, -159, 285, -91, 0, 0, 0
L -159, 285, -91, -157, 285, -91, 0, 0, 0
L -157, 285, -91, -149, 280, -91, 0, 0, 0
L -149, 280, -91, -148, 281, -91, 0, 0, 0
L -148, 281, -91, -146, 281, -91, 0, 0, 0
L -146, 281, -91, -145, 282, -91, 0, 0, 0
L -145, 282, -91, -144, 284, -91, 0, 0, 0
L -144, 284, -91, -143, 285, -91, 0, 0, 0
L -143, 285, -91, -143, 290, -89, 0, 0, 0
L -143, 290, -89, -144, 292, -89, 0, 0, 0
L -144, 292, -89, -144, 293, -89, 0, 0, 0
L -144, 293, -89, -146, 296, -89, 0, 0, 0
L -146, 296, -89, -147, 297, -89, 0, 0, 0
L -147, 297, -89, -153, 308, -78, 0, 0, 0
L -153, 308, -78, -153, 309, -77, 0, 0, 0
L -153, 309, -77, -153, 312, -77, 0, 0, 0
L -153, 312, -77, -153, 313, -79, 0, 0, 0
L -153, 313, -79, -154, 315, -79, 0, 0, 0
L -154, 315, -79, -158, 325, -88, 0, 0, 0
L -158, 325, -88, -158, 326, -87, 0, 0, 0
L -158, 326, -87, -158, 343, -87, 0, 0, 0
L -158, 343, -87, -157, 345, -88, 0, 0, 0
L -157, 345, -88, -157, 347, -88, 0, 0, 0
L -157, 347, -88, -156, 348, -88, 0, 0, 0
L -156, 348, -88, -155, 350, -86, 0, 0, 0
L -155, 350, -86, -153, 350, -86, 0, 0, 0
L -153, 350, -86, -128, 350, -79, 0, 0, 0
L -128, 350, -79, -127, 349, -78, 0, 0, 0
L -127, 349, -78, -125, 349, -78, 0, 0, 0
L -125, 349, -78, -124, 348, -78, 0, 0, 0
L -124, 348, -78, -122, 348, -78, 0, 0, 0
L -122, 348, -78, -112, 349, -88, 0, 0, 0
L -112, 349, -88, -111, 348, -88, 0, 0, 0
L -111, 348, -88, -110, 347, -89, 0, 0, 0
L -110, 347, -89, -108, 347, -88, 0, 0, 0
L -108, 347, -88, -108, 337, -88, 0, 0, 0
L -108, 337, -88, -108, 336, -89, 0, 0, 0
L -108, 336, -89, -109, 333, -89, 0, 0, 0
L -109, 333, -89, -109, 329, -89, 0, 0, 0
L -109, 329, -89, -110, 327, -89, 0, 0, 0
L -110, 327, -89, -110, 324, -89, 0, 0, 0
L -110, 324, -89, -111, 323, -89, 0, 0, 0
L -111, 323, -89, -111, 320, -89, 0, 0, 0
L -111, 320, -89, -112, 318, -89, 0, 0, 0
L -112, 318, -89, -112, 312, -89, 0, 0, 0
L -112, 312, -89, -111, 312, -89, 0, 0, 0
L -111, 312, -89, -107, 311, -89, 0, 0, 0
L -107, 311, -89, -99, 312, -87, 0, 0, 0
L -99, 312, -87, -97, 312, -86, 0, 0, 0
L -97, 312, -86, -87, 312, -84, 0, 0, 0
L -87, 312, -84, -74, 311, -80, 0, 0, 0
L -74, 311, -80, -68, 312, -79, 0, 0, 0
L -68, 312, -79, -68, 313, -79, 0, 0, 0
L -68, 313, -79, -67, 314, -75, 0, 0, 0
L -67, 314, -75, -67, 316, -76, 0, 0, 0
L -67, 316, -76, -66, 316, -76, 0, 0, 0
L -66, 316, -76, -65, 318, -77, 0, 0, 0
L -65, 318, -77, -64, 322, -79, 0, 0, 0
L -64, 322, -79, -64, 323, -79, 0, 0, 0
L -64, 323, -79, -64, 340, -87, 0, 0, 0
L -64, 340, -87, -63, 342, -88, 0, 0, 0
L -63, 342, -88, -62, 343, -88, 0, 0, 0
L -62, 343, -88, -60, 345, -90, 0, 0, 0
L -60, 345, -90, -57, 348, -90, 0, 0, 0
L 43, 270, -72, 44, 275, -75, 0, 0, 0
L 44, 275, -75, 44, 277, -75, 0, 0, 0
L 44, 277, -75, 44, 282, -79, 0, 0, 0
L 44, 282, -79, 44, 284, -81, 0, 0, 0
L 44, 284, -81, 45, 286, -81, 0, 0, 0
L 45, 286, -81, 46, 287, -81, 0, 0, 0
L 46, 287, -81, 50, 287, -81, 0, 0, 0
L 50, 287, -81, 53, 288, -79, 0, 0, 0
L 53, 288, -79, 58, 288, -79, 0, 0, 0
L 58, 288, -79, 69, 289, -79, 0, 0, 0
L 69, 289, -79, 68, 290, -79, 0, 0, 0
L 68, 290, -79, 68, 293, -79, 0, 0, 0
L 68, 293, -79, 67, 294, -80, 0, 0, 0
L 67, 294, -80, 66, 296, -79, 0, 0, 0
L 66, 296, -79, 67, 299, -79, 0, 0, 0
L 67, 299, -79, 68, 300, -79, 0, 0, 0
L 68, 300, -79, 71, 300, -79, 0, 0, 0
L 71, 300, -79, 80, 300, -82, 0, 0, 0
L 80, 300, -82, 81, 300, -82, 0, 0, 0
L 81, 300, -82, 88, 300, -83, 0, 0, 0
L 88, 300, -83, 97, 299, -82, 0, 0, 0
L 97, 299, -82, 106, 299, -84, 0, 0, 0
L 106, 299, -84, 111, 298, -84, 0, 0, 0
L 111, 298, -84, 112, 299, -85, 0, 0, 0
L 112, 299, -85, 114, 298, -89, 0, 0, 0
L 114, 298, -89, 114, 297, -89, 0, 0, 0
L 114, 297, -89, 113, 295, -89, 0, 0, 0
L 113, 295, -89, 113, 293, -89, 0, 0, 0
L 113, 293, -89, 112, 291, -89, 0, 0, 0
L 112, 291, -89, 112, 290, -89, 0, 0, 0
L 112, 290, -89, 111, 288, -89, 0, 0, 0
L 111, 288, -89, 111, 285, -89, 0, 0, 0
L 111, 285, -89, 110, 284, -89, 0, 0, 0
L 110, 284, -89, 110, 280, -89, 0, 0, 0
L 110, 280, -89, 110, 263, -88, 0, 0, 0
L 110, 263, -88, 121, 263, -88, 0, 0, 0
L 121, 263, -88, 140, 264, -89, 0, 0, 0
L 140, 264, -89, 142, 264, -86, 0, 0, 0
L 142, 264, -86, 146, 265, -81, 0, 0, 0
L 146, 265, -81, 148, 266, -78, 0, 0, 0
L 148, 266, -78, 150, 266, -78, 0, 0, 0
L 150, 266, -78, 152, 266, -77, 0, 0, 0
L 152, 266, -77, 159, 268, -80, 0, 0, 0
L 159, 268, -80, 158, 269, -83, 0, 0, 0
L 158, 269, -83, 158, 271, -83, 0, 0, 0
L 158, 271, -83, 158, 274, -85, 0, 0, 0
L 158, 274, -85, 157, 276, -86, 0, 0, 0
L 157, 276, -86, 157, 279, -89, 0, 0, 0
L 157, 279, -89, 157, 281, -89, 0, 0, 0
L 157, 281, -89, 156, 285, -89, 0, 0, 0
L 156, 285, -89, 156, 286, -89, 0, 0, 0
L 156, 286, -89, 156, 296, -88, 0, 0, 0
L 156, 296, -88, 158, 295, -87, 0, 0, 0
L 158, 295, -87, 173, 290, -88, 0, 0, 0
L 173, 290, -88, 175, 290, -87, 0, 0, 0
L 175, 290, -87, 195, 290, -87, 0, 0, 0
L 195, 290, -87, 201, 290, -88, 0, 0, 0
L 201, 290, -88, 203, 291, -88, 0, 0, 0
L 203, 291, -88, 204, 291, -89, 0, 0, 0
L 204, 291, -89, 206, 292, -89, 0, 0, 0
L 206, 292, -89, 208, 292, -89, 0, 0, 0
L 208, 292, -89, 209, 293, -86, 0, 0, 0
L 209, 293, -86, 209, 322, -87, 0, 0, 0
L 209, 322, -87, 179, 322, -87, 0, 0, 0
L 179, 322, -87, 178, 320, -88, 0, 0, 0
L 178, 320, -88, 178, 319, -89, 0, 0, 0
L 178, 319, -89, 177, 317, -89, 0, 0, 0
L 177, 317, -89, 175, 316, -89, 0, 0, 0
L 175, 316, -89, 174, 314, -89, 0, 0, 0
L 174, 314, -89, 173, 313, -89, 0, 0, 0
L 173, 313, -89, 172, 313, -87, 0, 0, 0
L 172, 313, -87, 169, 313, -82, 0, 0, 0
L 169, 313, -82, 168, 314, -82, 0, 0, 0
L 168, 314, -82, 166, 317, -79, 0, 0, 0
L 166, 317, -79, 165, 318, -79, 0, 0, 0
L 165, 318, -79, 162, 322, -81, 0, 0, 0
L 162, 322, -81, 161, 323, -84, 0, 0, 0
L 161, 323, -84, 159, 323, -86, 0, 0, 0
L 159, 323, -86, 159, 324, -86, 0, 0, 0
L 159, 324, -86, 155, 330, -89, 0, 0, 0
L 155, 330, -89, 155, 336, -89, 0, 0, 0
L 155, 336, -89, 156, 338, -89, 0, 0, 0
L 156, 338, -89, 156, 340, -89, 0, 0, 0
L 156, 340, -89, 158, 340, -88, 0, 0, 0
L 158, 340, -88, 144, 342, -89, 0, 0, 0
L 108, 347, -87, 109, 347, -87, 0, 0, 0
L 109, 347, -87, 118, 346, -89, 0, 0, 0
L 118, 346, -89, 136, 344, -89, 0, 0, 0
L 136, 344, -89, 143, 343, -89, 0, 0, 0
L 143, 343, -89, 144, 342, -89, 0, 0, 0
L 108, 347, -88, 108, 337, -87, 0, 0, 0
L 108, 337, -87, 108, 336, -87, 0, 0, 0
L 108, 336, -87, 108, 328, -86, 0, 0, 0
L 108, 328, -86, 111, 322, -89, 0, 0, 0
L 111, 322, -89, 112, 321, -89, 0, 0, 0
L 112, 321, -89, 113, 319, -89, 0, 0, 0
L 113, 319, -89, 113, 312, -89, 0, 0, 0
L 113, 312, -89, 111, 311, -89, 0, 0, 0
L 111, 311, -89, 109, 311, -89, 0, 0, 0
L 109, 311, -89, 108, 312, -89, 0, 0, 0
L 108, 312, -89, 98, 314, -82, 0, 0, 0
L 98, 314, -82, 96, 315, -80, 0, 0, 0
L 96, 315, -80, 94, 314, -80, 0, 0, 0
L 94, 314, -80, 83, 313, -78, 0, 0, 0
L 83, 313, -78, 73, 313, -75, 0, 0, 0
L 73, 313, -75, 72, 313, -75, 0, 0, 0
L 72, 313, -75, 69, 314, -74, 0, 0, 0
L 69, 314, -74, 68, 315, -74, 0, 0, 0
L 68, 315, -74, 68, 315, -73, 0, 0, 0
L 68, 315, -73, 67, 316, -73, 0, 0, 0
L 67, 316, -73, 66, 317, -74, 0, 0, 0
L 66, 317, -74, 62, 323, -79, 0, 0, 0
L 62, 323, -79, 63, 323, -79, 0, 0, 0
L 63, 323, -79, 68, 327, -81, 0, 0, 0
L 68, 327, -81, 68, 328, -81, 0, 0, 0
L 68, 328, -81, 69, 329, -81, 0, 0, 0
L 69, 329, -81, 69, 330, -81, 0, 0, 0
L 69, 330, -81, 70, 331, -82, 0, 0, 0
L 70, 331, -82, 70, 332, -82, 0, 0, 0
L 70, 332, -82, 71, 333, -83, 0, 0, 0
L 71, 333, -83, 71, 335, -83, 0, 0, 0
L 71, 335, -83, 72, 337, -82, 0, 0, 0
L 33, 288, -79, -23, 288, -79, 0, 0, 0
L -23, 288, -79, -27, 289, -78, 0, 0, 0
L -27, 289, -78, -28, 289, -78, 0, 0, 0
L -28, 289, -78, -34, 290, -76, 0, 0, 0
L -34, 290, -76, -35, 291, -77, 0, 0, 0
L -35, 291, -77, -38, 292, -79, 0, 0, 0
L -38, 292, -79, -37, 293, -79, 0, 0, 0
L -37, 293, -79, -37, 295, -79, 0, 0, 0
L -37, 295, -79, -35, 299, -79, 0, 0, 0
L -35, 299, -79, -36, 300, -79, 0, 0, 0
L -36, 300, -79, -36, 312, -79, 0, 0, 0
L -36, 312, -79, -35, 313, -79, 0, 0, 0
L -35, 313, -79, -35, 315, -79, 0, 0, 0
L -35, 315, -79, -34, 316, -79, 0, 0, 0
L -34, 316, -79, -33, 319, -79, 0, 0, 0
L -33, 319, -79, -32, 320, -78, 0, 0, 0
L -32, 320, -78, -32, 321, -76, 0, 0, 0
L -32, 321, -76, -31, 322, -75, 0, 0, 0
L -31, 322, -75, -30, 322, -76, 0, 0, 0
L -30, 322, -76, -25, 323, -78, 0, 0, 0
L -25, 323, -78, -16, 322, -77, 0, 0, 0
L -16, 322, -77, -15, 322, -77, 0, 0, 0
L -15, 322, -77, -5, 322, -76, 0, 0, 0
L -5, 322, -76, 32, 322, -76, 0, 0, 0
L 32, 322, -76, 33, 321, -75, 0, 0, 0
L 33, 321, -75, 33, 319, -76, 0, 0, 0
L 33, 319, -76, 33, 316, -77, 0, 0, 0
L 33, 316, -77, 33, 314, -78, 0, 0, 0
L 33, 314, -78, 33, 306, -77, 0, 0, 0
L 33, 306, -77, 33, 288, -76, 0, 0, 0
L -229, 301, -104, -230, 302, -106, 0, 0, 240
L -230, 302, -106, -229, 313, -111, 0, 0, 240
L -229, 313, -111, -228, 314, -113, 0, 0, 240
L -228, 314, -113, -227, 317, -114, 0, 0, 240
L -227, 317, -114, -228, 322, -118, 0, 0, 240
L -228, 322, -118, -228, 324, -118, 0, 0, 240
L -228, 324, -118, -229, 326, -121, 0, 0, 240
L -229, 326, -121, -229, 328, -121, 0, 0, 240
L -229, 328, -121, -230, 330, -122, 0, 0, 240
L -230, 330, -122, -230, 332, -122, 0, 0, 240
L -230, 332, -122, -229, 334, -122, 0, 0, 240
L -229, 334, -122, -228, 336, -125, 0, 0, 240
L -228, 336, -125, -228, 338, -125, 0, 0, 240
L -228, 338, -125, -228, 340, -127, 0, 0, 240
L -228, 340, -127, -229, 341, -128, 0, 0, 240
L -229, 341, -128, -230, 343, -128, 0, 0, 240
L -230, 343, -128, -230, 345, -129, 0, 0, 240
L -230, 345, -129, -231, 346, -130, 0, 0, 240
L -231, 346, -130, -232, 348, -130, 0, 0, 240
L -232, 348, -130, -232, 350, -131, 0, 0, 240
L -232, 350, -131, -232, 358, -133, 0, 0, 240
L -232, 358, -133, -233, 359, -133, 0, 0, 240
L -233, 359, -133, -233, 362, -134, 0, 0, 240
L -233, 362, -134, -235, 364, -137, 0, 0, 240
L -235, 364, -137, -236, 365, -138, 0, 0, 240
L -236, 365, -138, -241, 369, -141, 0, 0, 240
L -241, 369, -141, -242, 370, -141, 0, 0, 240
L -242, 370, -141, -244, 371, -141, 0, 0, 240
L -244, 371, -141, -245, 372, -142, 0, 0, 240
L -245, 372, -142, -249, 374, -144, 0, 0, 240
L -249, 374, -144, -253, 376, -144, 0, 0, 240
L -253, 376, -144, -254, 377, -145, 0, 0, 240
L -254, 377, -145, -255, 379, -145, 0, 0, 240
L -255, 379, -145, -256, 380, -145, 0, 0, 240
L -256, 380, -145, -258, 381, -145, 0, 0, 240
L -258, 381, -145, -260, 381, -146, 0, 0, 240
L -260, 381, -146, -269, 381, -146, 0, 0, 240
L -269, 381, -146, -270, 382, -146, 0, 0, 240
L -270, 382, -146, -272, 382, -146, 0, 0, 240
L -272, 382, -146, -274, 383, -146, 0, 0, 240
L -274, 383, -146, -276, 382, -147, 0, 0, 240
L -276, 382, -147, -278, 381, -147, 0, 0, 240
L -278, 381, -147, -279, 380, -148, 0, 0, 240
L -279, 380, -148, -280, 378, -149, 0, 0, 240
L -280, 378, -149, -280, 376, -149, 0, 0, 240
L -280, 376, -149, -281, 375, -148, 0, 0, 240
L -281, 375, -148, -281, 373, -148, 0, 0, 240
L -281, 373, -148, -282, 371, -148, 0, 0, 240
L -282, 371, -148, -282, 365, -148, 0, 0, 240
L -282, 365, -148, -283, 362, -148, 0, 0, 240
L -283, 362, -148, -283, 360, -149, 0, 0, 240
L -283, 360, -149, -284, 358, -150, 0, 0, 240
L -284, 358, -150, -284, 357, -150, 0, 0, 240
L -284, 357, -150, -286, 356, -150, 0, 0, 240
L -286, 356, -150, -290, 356, -148, 0, 0, 240
L -290, 356, -148, -293, 357, -146, 0, 0, 240
L -293, 357, -146, -303, 356, -147, 0, 0, 240
L -303, 356, -147, -313, 356, -144, 0, 0, 240
L -313, 356, -144, -318, 356, -143, 0, 0, 240
L -318, 356, -143, -319, 357, -143, 0, 0, 240
L -319, 357, -143, -321, 357, -143, 0, 0, 240
L -321, 357, -143, -329, 359, -147, 0, 0, 240
L -329, 359, -147, -330, 359, -147, 0, 0, 240
L -330, 359, -147, -340, 359, -149, 0, 0, 240
L -340, 359, -149, -348, 359, -149, 0, 0, 240
L -348, 359, -149, -357, 358, -149, 0, 0, 240
L -357, 358, -149, -359, 358, -149, 0, 0, 240
L -359, 358, -149, -369, 356, -151, 0, 0, 240
L -369, 356, -151, -371, 357, -151, 0, 0, 240
L -371, 357, -151, -381, 356, -150, 0, 0, 240
L -381, 356, -150, -383, 357, -149, 0, 0, 240
L -383, 357, -149, -383, 359, -146, 0, 0, 240
L -383, 359, -146, -383, 361, -142, 0, 0, 240
L -383, 361, -142, -384, 362, -140, 0, 0, 240
L -384, 362, -140, -385, 364, -138, 0, 0, 240
L -385, 364, -138, -385, 366, -137, 0, 0, 240
L -385, 366, -137, -385, 374, -137, 0, 0, 240
L -385, 374, -137, -384, 376, -137, 0, 0, 240
L -384, 376, -137, -385, 378, -137, 0, 0, 240
L -385, 378, -137, -385, 380, -137, 0, 0, 240
L -385, 380, -137, -386, 382, -138, 0, 0, 240
L -386, 382, -138, -386, 384, -138, 0, 0, 240
L -386, 384, -138, -386, 387, -139, 0, 0, 240
L -386, 387, -139, -387, 388, -139, 0, 0, 240
L -387, 388, -139, -386, 390, -140, 0, 0, 240
L -386, 390, -140, -386, 391, -140, 0, 0, 240
L -386, 391, -140, -386, 396, -141, 0, 0, 240
L -386, 396, -141, -386, 397, -141, 0, 0, 240
L -386, 397, -141, -387, 401, -142, 0, 0, 240
L -387, 401, -142, -387, 402, -142, 0, 0, 240
L -387, 402, -142, -387, 405, -143, 0, 0, 240
L -387, 405, -143, -388, 407, -143, 0, 0, 240
L -388, 407, -143, -387, 409, -144, 0, 0, 240
L -387, 409, -144, -386, 410, -144, 0, 0, 240
L -386, 410, -144, -386, 411, -145, 0, 0, 240
L -386, 411, -145, -386, 414, -145, 0, 0, 240
L -386, 414, -145, -385, 416, -146, 0, 0, 240
L -385, 416, -146, -385, 418, -146, 0, 0, 240
L -385, 418, -146, -384, 419, -146, 0, 0, 240
L -384, 419, -146, -384, 421, -147, 0, 0, 240
L -384, 421, -147, -384, 426, -147, 0, 0, 240
L -384, 426, -147, -383, 428, -148, 0, 0, 240
L -383, 428, -148, -383, 432, -148, 0, 0, 240
L -383, 432, -148, -381, 433, -150, 0, 0, 240
L -381, 433, -150, -379, 433, -150, 0, 0, 240
L -379, 433, -150, -374, 432, -149, 0, 0, 240
L -374, 432, -149, -364, 432, -145, 0, 0, 240
L -364, 432, -145, -362, 432, -145, 0, 0, 240
L -362, 432, -145, -352, 434, -146, 0, 0, 240
L -352, 434, -146, -346, 434, -148, 0, 0, 240
L -346, 434, -148, -344, 434, -148, 0, 0, 240
L -344, 434, -148, -334, 435, -149, 0, 0, 240
L -334, 435, -149, -326, 435, -149, 0, 0, 240
L -326, 435, -149, -314, 434, -148, 0, 0, 240
L -314, 434, -148, -313, 434, -147, 0, 0, 240
L -313, 434, -147, -311, 433, -147, 0, 0, 240
L -311, 433, -147, -306, 432, -148, 0, 0, 240
L -306, 432, -148, -303, 431, -148, 0, 0, 240
L -303, 431, -148, -299, 431, -148, 0, 0, 240
L -299, 431, -148, -295, 431, -149, 0, 0, 240
L -295, 431, -149, -285, 430, -150, 0, 0, 240
L -285, 430, -150, -284, 429, -150, 0, 0, 240
L -284, 429, -150, -282, 429, -149, 0, 0, 240
L -282, 429, -149, -279, 428, -149, 0, 0, 240
L -279, 428, -149, -277, 427, -148, 0, 0, 240
L -277, 427, -148, -276, 426, -148, 0, 0, 240
L -276, 426, -148, -276, 424, -148, 0, 0, 240
L -276, 424, -148, -275, 418, -149, 0, 0, 240
L -275, 418, -149, -275, 417, -149, 0, 0, 240
L -275, 417, -149, -275, 408, -148, 0, 0, 240
L -275, 408, -148, -275, 406, -146, 0, 0, 240
L -275, 406, -146, -274, 402, -144, 0, 0, 240
L -274, 402, -144, -273, 401, -143, 0, 0, 240
L -273, 401, -143, -271, 400, -143, 0, 0, 240
L -271, 400, -143, -269, 400, -142, 0, 0, 240
L -269, 400, -142, -265, 400, -142, 0, 0, 240
L -265, 400, -142, -263, 399, -141, 0, 0, 240
L -263, 399, -141, -258, 398, -141, 0, 0, 240
L -258, 398, -141, -257, 398, -141, 0, 0, 240
L -257, 398, -141, -252, 396, -140, 0, 0, 240
L -252, 396, -140, -251, 395, -140, 0, 0, 240
L -251, 395, -140, -248, 394, -139, 0, 0, 240
L -248, 394, -139, -239, 390, -138, 0, 0, 240
L -239, 390, -138, -235, 388, -136, 0, 0, 240
L -235, 388, -136, -234, 386, -135, 0, 0, 240
L -234, 386, -135, -233, 385, -135, 0, 0, 240
L -233, 385, -135, -232, 383, -134, 0, 0, 240
L -232, 383, -134, -230, 382, -133, 0, 0, 240
L -230, 382, -133, -229, 381, -132, 0, 0, 240
L -229, 381, -132, -226, 379, -131, 0, 0, 240
L -226, 379, -131, -225, 377, -130, 0, 0, 240
L -225, 377, -130, -223, 376, -129, 0, 0, 240
L -223, 376, -129, -222, 374, -128, 0, 0, 240
L -222, 374, -128, -221, 373, -127, 0, 0, 240
L -221, 373, -127, -220, 371, -126, 0, 0, 240
L -220, 371, -126, -219, 369, -126, 0, 0, 240
L -219, 369, -126, -219, 367, -125, 0, 0, 240
L -219, 367, -125, -217, 363, -123, 0, 0, 240
L -217, 363, -123, -217, 361, -122, 0, 0, 240
L -217, 361, -122, -216, 359, -121, 0, 0, 240
L -216, 359, -121, -215, 357, -121, 0, 0, 240
L -215, 357, -121, -214, 355, -120, 0, 0, 240
L -214, 355, -120, -214, 354, -119, 0, 0, 240
L -214, 354, -119, -213, 352, -119, 0, 0, 240
L -213, 352, -119, -212, 350, -118, 0, 0, 240
L -212, 350, -118, -212, 348, -118, 0, 0, 240
L -212, 348, -118, -211, 346, -117, 0, 0, 240
L -211, 346, -117, -211, 344, -116, 0, 0, 240
L -211, 344, -116, -211, 342, -116, 0, 0, 240
L -211, 342, -116, -210, 336, -114, 0, 0, 240
L -210, 336, -114, -210, 334, -114, 0, 0, 240
L -210, 334, -114, -211, 325, -111, 0, 0, 240
L -211, 325, -111, -211, 321, -111, 0, 0, 240
L -211, 321, -111, -212, 318, -111, 0, 0, 240
L -212, 318, -111, -212, 317, -110, 0, 0, 240
L -212, 317, -110, -212, 311, -107, 0, 0, 240
L -212, 311, -107, -211, 309, -105, 0, 0, 240
L -211, 309, -105, -211, 308, -104, 0, 0, 240
L -211, 308, -104, -210, 306, -102, 0, 0, 240
L -210, 306, -102, -212, 297, -101, 0, 0, 240
L -211, 302, -101, -212, 297, -101, 0, 0, 240
L -1, 468, -91, -2, 480, -91, 0, 0, 0
L -2, 480, -91, -2, 490, -91, 0, 0, 0
L -2, 490, -91, -3, 497, -91, 0, 0, 0
L -3, 497, -91, -3, 499, -91, 0, 0, 0
L -2, 493, -91, -3, 502, -91, 0, 0, 0
L -3, 502, -91, -8, 505, -91, 0, 0, 0
L -8, 505, -91, -9, 505, -91, 0, 0, 0
L -9, 505, -91, -17, 511, -91, 0, 0, 0
L -17, 511, -91, -19, 513, -91, 0, 0, 0
L -19, 513, -91, -19, 514, -89, 0, 0, 0
L -19, 514, -89, -20, 516, -88, 0, 0, 0
L -20, 516, -88, -22, 517, -88, 0, 0, 0
L -22, 517, -88, -29, 523, -91, 0, 0, 0
L -29, 523, -91, -30, 523, -91, 0, 0, 0
L -30, 523, -91, -32, 524, -91, 0, 0, 0
L -32, 524, -91, -33, 524, -91, 0, 0, 0
L -33, 524, -91, -52, 528, -93, 0, 0, 0
L -52, 528, -93, -54, 528, -94, 0, 0, 0
L -54, 528, -94, -58, 528, -94, 0, 0, 0
L -58, 528, -94, -75, 528, -96, 0, 0, 0
L -77, 528, -97, -78, 528, -98, 0, 0, 0
L -75, 528, -98, -88, 526, -100, 0, 0, 0
L -88, 526, -100, -101, 524, -114, 0, 0, 0
L -101, 524, -114, -102, 524, -116, 0, 0, 0
L -102, 524, -116, -107, 524, -116, 0, 0, 0
L -107, 524, -116, -107, 535, -116, 0, 0, 0
L -107, 535, -116, -110, 535, -116, 0, 0, 0
L -110, 535, -116, -112, 536, -116, 0, 0, 0
L -112, 536, -116, -112, 537, -116, 0, 0, 0
L -112, 537, -116, -114, 538, -116, 0, 0, 0
L -114, 538, -116, -115, 538, -116, 0, 0, 0
L -115, 538, -116, -117, 537, -115, 0, 0, 0
L -117, 537, -115, -119, 537, -114, 0, 0, 0
L -119, 537, -114, -135, 534, -116, 0, 0, 0
L -135, 534, -116, -140, 534, -116, 0, 0, 0
L -140, 534, -116, -141, 535, -116, 0, 0, 0
L -141, 535, -116, -142, 535, -116, 0, 0, 0
L -142, 535, -116, -146, 536, -116, 0, 0, 0
L -146, 536, -116, -151, 537, -112, 0, 0, 0
L -151, 537, -112, -152, 538, -110, 0, 0, 0
L -152, 538, -110, -153, 538, -109, 0, 0, 0
L -153, 538, -109, -156, 540, -109, 0, 0, 0
L -156, 540, -109, -164, 545, -113, 0, 0, 0
L -164, 545, -113, -165, 546, -115, 0, 0, 0
L -165, 546, -115, -166, 546, -116, 0, 0, 0
L -166, 546, -116, -169, 549, -116, 0, 0, 0
L -169, 549, -116, -169, 550, -116, 0, 0, 0
L -169, 550, -116, -171, 552, -116, 0, 0, 0
L -171, 552, -116, -171, 554, -116, 0, 0, 0
L -171, 554, -116, -172, 555, -116, 0, 0, 0
L -172, 555, -116, -172, 558, -116, 0, 0, 0
L -172, 558, -116, -173, 559, -115, 0, 0, 0
L -173, 559, -115, -173, 659, -114, 0, 0, 0
L -173, 659, -114, -172, 660, -115, 0, 0, 0
L -172, 660, -115, -172, 663, -115, 0, 0, 0
L -172, 663, -115, -172, 664, -116, 0, 0, 0
L -172, 664, -116, -172, 665, -116, 0, 0, 0
L -172, 665, -116, -171, 666, -116, 0, 0, 0
L -171, 666, -116, -171, 667, -116, 0, 0, 0
L -171, 667, -116, -170, 669, -116, 0, 0, 0
L -170, 669, -116, -170, 670, -116, 0, 0, 0
L -170, 670, -116, -167, 673, -116, 0, 0, 0
L -167, 673, -116, -167, 674, -116, 0, 0, 0
L -167, 674, -116, -164, 677, -116, 0, 0, 0
L -164, 677, -116, -163, 677, -116, 0, 0, 0
L -163, 677, -116, -161, 678, -116, 0, 0, 0
L -161, 678, -116, -160, 678, -116, 0, 0, 0
L -160, 678, -116, -158, 679, -116, 0, 0, 0
L -158, 679, -116, -153, 680, -116, 0, 0, 0
L -153, 680, -116, -149, 681, -115, 0, 0, 0
L -149, 681, -115, -146, 681, -114, 0, 0, 0
L -146, 681, -114, -129, 681, -114, 0, 0, 0
L -129, 681, -114, -127, 681, -115, 0, 0, 0
L -127, 681, -115, -124, 680, -115, 0, 0, 0
L -124, 680, -115, -116, 678, -116, 0, 0, 0
L -116, 678, -116, -107, 676, -116, 0, 0, 0
L -107, 676, -116, -105, 676, -116, 0, 0, 0
L -105, 676, -116, -95, 675, -116, 0, 0, 0
L -95, 675, -116, -94, 674, -116, 0, 0, 0
L -94, 674, -116, -85, 672, -114, 0, 0, 0
L -85, 672, -114, -77, 671, -108, 0, 0, 0
L -77, 671, -108, -75, 671, -107, 0, 0, 0
L -75, 671, -107, -72, 671, -105, 0, 0, 0
L -72, 671, -105, -68, 671, -105, 0, 0, 0
L -68, 671, -105, -59, 672, -108, 0, 0, 0
L -59, 672, -108, -49, 674, -116, 0, 0, 0
L -49, 674, -116, -40, 676, -116, 0, 0, 0
L -40, 676, -116, -37, 675, -116, 0, 0, 0
L -37, 675, -116, -37, 674, -116, 0, 0, 0
L -37, 674, -116, -35, 672, -116, 0, 0, 0
L -35, 672, -116, -33, 672, -116, 0, 0, 0
L -33, 672, -116, -31, 670, -116, 0, 0, 0
L -31, 670, -116, -30, 668, -116, 0, 0, 0
L -30, 668, -116, -29, 667, -116, 0, 0, 0
L -29, 667, -116, -27, 667, -116, 0, 0, 0
L -27, 667, -116, -24, 667, -113, 0, 0, 0
L -24, 667, -113, -22, 668, -113, 0, 0, 0
L -22, 668, -113, -19, 668, -115, 0, 0, 0
L -19, 668, -115, -17, 668, -115, 0, 0, 0
L -17, 668, -115, -8, 671, -116, 0, 0, 0
L -8, 671, -116, -3, 672, -116, 0, 0, 0
L -3, 672, -116, -2, 671, -115, 0, 0, 0
L -2, 671, -115, -2, 669, -116, 0, 0, 0
L -2, 669, -116, 0, 668, -116, 0, 0, 0
L 0, 668, -116, 1, 668, -114, 0, 0, 0
L 1, 668, -114, 5, 669, -116, 0, 0, 0
L 5, 669, -116, 16, 669, -116, 0, 0, 0
L 16, 669, -116, 18, 668, -116, 0, 0, 0
L 18, 668, -116, 27, 668, -116, 0, 0, 0
L 27, 668, -116, 28, 667, -116, 0, 0, 0
L 28, 667, -116, 33, 666, -116, 0, 0, 0
L 33, 666, -116, 42, 663, -116, 0, 0, 0
L 42, 663, -116, 43, 662, -115, 0, 0, 0
L 43, 662, -115, 46, 661, -112, 0, 0, 0
L 46, 661, -112, 48, 661, -111, 0, 0, 0
L 48, 661, -111, 59, 662, -113, 0, 0, 0
L 59, 662, -113, 62, 662, -116, 0, 0, 0
L 62, 662, -116, 74, 665, -116, 0, 0, 0
L 74, 665, -116, 79, 665, -116, 0, 0, 0
L 79, 665, -116, 88, 666, -114, 0, 0, 0
L 88, 666, -114, 89, 666, -114, 0, 0, 0
L 89, 666, -114, 98, 668, -112, 0, 0, 0
L 98, 668, -112, 108, 671, -116, 0, 0, 0
L 108, 671, -116, 118, 671, -116, 0, 0, 0
L 118, 671, -116, 128, 669, -115, 0, 0, 0
L 128, 669, -115, 141, 666, -111, 0, 0, 0
L 141, 666, -111, 143, 666, -111, 0, 0, 0
L 143, 666, -111, 144, 665, -111, 0, 0, 0
L 144, 665, -111, 153, 662, -114, 0, 0, 0
L 153, 662, -114, 154, 662, -115, 0, 0, 0
L 154, 662, -115, 156, 661, -115, 0, 0, 0
L 156, 661, -115, 157, 660, -116, 0, 0, 0
L 157, 660, -116, 159, 658, -116, 0, 0, 0
L 159, 658, -116, 162, 656, -116, 0, 0, 0
L 162, 656, -116, 163, 656, -116, 0, 0, 0
L 163, 656, -116, 164, 654, -116, 0, 0, 0
L 164, 654, -116, 164, 653, -116, 0, 0, 0
L 164, 653, -116, 166, 651, -116, 0, 0, 0
L 166, 651, -116, 166, 650, -116, 0, 0, 0
L 166, 650, -116, 167, 649, -116, 0, 0, 0
L 167, 649, -116, 167, 647, -116, 0, 0, 0
L 167, 647, -116, 168, 645, -116, 0, 0, 0
L 168, 645, -116, 168, 644, -116, 0, 0, 0
L 168, 644, -116, 169, 643, -116, 0, 0, 0
L 169, 643, -116, 169, 638, -116, 0, 0, 0
L 169, 638, -116, 170, 636, -116, 0, 0, 0
L 170, 636, -116, 170, 634, -116, 0, 0, 0
L 170, 634, -116, 171, 630, -116, 0, 0, 0
L 171, 630, -116, 171, 628, -116, 0, 0, 0
L 171, 628, -116, 172, 625, -116, 0, 0, 0
L 172, 625, -116, 172, 623, -116, 0, 0, 0
L 172, 623, -116, 172, 618, -115, 0, 0, 0
L 172, 618, -115, 173, 617, -114, 0, 0, 0
L 173, 617, -114, 172, 549, -114, 0, 0, 0
L 172, 549, -114, 172, 548, -115, 0, 0, 0
L 172, 548, -115, 171, 547, -115, 0, 0, 0
L 171, 547, -115, 171, 545, -116, 0, 0, 0
L 171, 545, -116, 170, 544, -116, 0, 0, 0
L 170, 544, -116, 170, 543, -116, 0, 0, 0
L 170, 543, -116, 169, 542, -116, 0, 0, 0
L 169, 542, -116, 169, 541, -116, 0, 0, 0
L 169, 541, -116, 168, 540, -116, 0, 0, 0
L 168, 540, -116, 168, 539, -116, 0, 0, 0
L 168, 539, -116, 167, 538, -116, 0, 0, 0
L 167, 538, -116, 166, 536, -116, 0, 0, 0
L 166, 536, -116, 166, 535, -116, 0, 0, 0
L 166, 535, -116, 164, 533, -116, 0, 0, 0
L 164, 533, -116, 163, 531, -116, 0, 0, 0
L 163, 531, -116, 160, 528, -116, 0, 0, 0
L 160, 528, -116, 159, 528, -116, 0, 0, 0
L 159, 528, -116, 157, 527, -116, 0, 0, 0
L 157, 527, -116, 156, 527, -116, 0, 0, 0
L 156, 527, -116, 155, 526, -116, 0, 0, 0
L 155, 526, -116, 154, 526, -116, 0, 0, 0
L 154, 526, -116, 151, 525, -116, 0, 0, 0
L 151, 525, -116, 149, 527, -116, 0, 0, 0
L 149, 527, -116, 149, 528, -116, 0, 0, 0
L 149, 528, -116, 148, 530, -116, 0, 0, 0
L 148, 530, -116, 148, 531, -116, 0, 0, 0
L 148, 531, -116, 147, 533, -116, 0, 0, 0
L 147, 533, -116, 147, 534, -116, 0, 0, 0
L 147, 534, -116, 146, 535, -116, 0, 0, 0
L 146, 535, -116, 144, 536, -116, 0, 0, 0
L 144, 536, -116, 143, 535, -116, 0, 0, 0
L 143, 535, -116, 134, 534, -110, 0, 0, 0
L 134, 534, -110, 21, 507, -109, 0, 0, 0
L -1, 652, 0, 2, 652, 0, 0, 0, 0
L 0, 653, 0, 5, 653, 0, 0, 0, 0
L 5, 653, 0, -1, 653, 0, 0, 0, 0
