L -27, 721, -131, -27, 693, -131, 127, 127, 127
L -41, 721, -131, -27, 721, -131, 127, 127, 127
L -41, 693, -131, -41, 721, -131, 127, 127, 127
L -27, 693, -131, -41, 693, -131, 127, 127, 127
L -23, 646, -131, -36, 645, -131, 127, 127, 127
L -20, 618, -131, -23, 646, -131, 127, 127, 127
L -33, 617, -131, -20, 618, -131, 127, 127, 127
L -36, 645, -131, -33, 617, -131, 127, 127, 127
L 91, 643, -131, 70, 643, -131, 0, 0, 0
L 91, 663, -131, 91, 643, -131, 0, 0, 0
L 71, 664, -131, 91, 663, -131, 0, 0, 0
L 70, 643, -131, 71, 664, -131, 0, 0, 0
L 95, 922, -133, 78, 922, -133, 0, 0, 0
L 95, 902, -133, 95, 922, -133, 0, 0, 0
L 78, 902, -133, 95, 902, -133, 0, 0, 0
L 385, 352, -31, 385, 252, -31, 0, 0, 0
L 385, 252, -31, 385, 226, -31, 127, 127, 127
L 44, 864, -126, 44, 876, -126, 0, 0, 0
L 32, 864, -126, 44, 864, -126, 0, 0, 0
L 32, 876, -126, 32, 864, -126, 0, 0, 0
L 44, 876, -126, 32, 876, -126, 0, 0, 0
L 44, 946, -126, 32, 946, -126, 0, 0, 0
L 32, 958, -126, 32, 946, -126, 0, 0, 0
L 44, 958, -126, 32, 958, -126, 0, 0, 0
L 44, 946, -126, 44, 958, -126, 0, 0, 0
L 190, 864, -126, 190, 876, -126, 0, 0, 0
L 178, 864, -126, 190, 864, -126, 0, 0, 0
L 178, 876, -126, 178, 864, -126, 0, 0, 0
L 190, 876, -126, 178, 876, -126, 0, 0, 0
L 178, 958, -126, 190, 958, -126, 0, 0, 0
L 178, 946, -126, 178, 958, -126, 0, 0, 0
L 190, 946, -126, 178, 946, -126, 0, 0, 0
L 190, 958, -126, 190, 946, -126, 0, 0, 0
L 258, 958, -131, 258, 952, -131, 0, 0, 0
L 261, 952, -131, 261, 939, -131, 0, 0, 0
L 258, 952, -131, 261, 952, -131, 0, 0, 0
L 153, 888, -133, 153, 936, -133, 127, 127, 127
L 72, 888, -133, 153, 888, -133, 127, 127, 127
L 153, 936, -133, 72, 936, -133, 127, 127, 127
L 72, 936, -133, 72, 888, -133, 127, 127, 127
L 147, 894, -133, 147, 930, -133, 0, 0, 240
L 78, 894, -133, 147, 894, -133, 0, 0, 240
L 147, 930, -133, 78, 930, -133, 0, 0, 240
L 78, 930, -133, 78, 894, -133, 0, 0, 240
L 98, 1022, -131, -30, 1022, -131, 0, 0, 0
L 251, 883, -131, 261, 883, -131, 0, 0, 0
L 254, 870, -131, 254, 802, -131, 0, 0, 0
L 251, 870, -131, 254, 870, -131, 0, 0, 0
L 251, 883, -131, 251, 870, -131, 0, 0, 0
L 261, 883, -131, 261, 870, -131, 0, 0, 0
L 258, 870, -131, 261, 870, -131, 0, 0, 0
L 258, 864, -131, 258, 870, -131, 0, 0, 0
L 251, 939, -131, 261, 939, -131, 0, 0, 0
L 254, 1022, -131, 124, 1022, -131, 0, 0, 0
L 254, 952, -131, 254, 1022, -131, 0, 0, 0
L 254, 952, -131, 251, 952, -131, 0, 0, 0
L 251, 939, -131, 251, 952, -131, 0, 0, 0
L 412, 958, -131, 258, 958, -131, 0, 0, 0
L -383, 604, -6, -383, 768, -6, 0, 0, 0
L -321, 768, -6, -321, 604, -6, 0, 0, 0
L 95, 510, -31, 227, 510, -31, 0, 0, 0
L 95, 480, -31, 227, 480, -31, 0, 0, 0
L 255, 565, -31, 255, 382, -31, 0, 0, 0
L 255, 252, -56, 255, 352, -56, 0, 0, 0
L 370, 382, -31, 255, 382, -31, 0, 0, 0
L 385, 352, -31, 255, 352, -31, 0, 0, 0
L 396, 529, -81, 430, 529, -81, 0, 0, 0
L 430, 529, -81, 430, 574, -81, 0, 0, 0
L 430, 574, -81, 336, 574, -81, 0, 0, 0
L 336, 574, -81, 336, 529, -81, 0, 0, 0
L 336, 529, -81, 370, 529, -81, 0, 0, 0
L 481, 226, -6, 481, 192, -6, 0, 0, 0
L 481, 192, -6, 575, 192, -6, 0, 0, 0
L 575, 192, -6, 575, 286, -6, 0, 0, 0
L 575, 286, -6, 481, 286, -6, 0, 0, 0
L 481, 286, -6, 481, 252, -6, 0, 0, 0
L 227, 301, -52, 255, 301, -52, 127, 127, 127
L 227, 305, -50, 255, 305, -50, 127, 127, 127
L 227, 309, -48, 255, 309, -48, 127, 127, 127
L 227, 313, -46, 255, 313, -46, 127, 127, 127
L 227, 317, -44, 255, 317, -44, 127, 127, 127
L 227, 321, -42, 255, 321, -42, 127, 127, 127
L 227, 325, -40, 255, 325, -40, 127, 127, 127
L 227, 329, -38, 255, 329, -38, 127, 127, 127
L 227, 333, -36, 255, 333, -36, 127, 127, 127
L 227, 337, -34, 255, 337, -34, 127, 127, 127
L 227, 341, -32, 255, 341, -32, 127, 127, 127
L 227, 345, -30, 255, 345, -30, 127, 127, 127
L 227, 349, -28, 255, 349, -28, 127, 127, 127
L 227, 561, -52, 255, 561, -52, 127, 127, 127
L 227, 557, -50, 255, 557, -50, 127, 127, 127
L 227, 553, -48, 255, 553, -48, 127, 127, 127
L 227, 549, -46, 255, 549, -46, 127, 127, 127
L 227, 545, -44, 255, 545, -44, 127, 127, 127
L 227, 541, -42, 255, 541, -42, 127, 127, 127
L 227, 537, -40, 255, 537, -40, 127, 127, 127
L 227, 533, -38, 255, 533, -38, 127, 127, 127
L 227, 529, -36, 255, 529, -36, 127, 127, 127
L 227, 525, -34, 255, 525, -34, 127, 127, 127
L 227, 521, -32, 255, 521, -32, 127, 127, 127
L 227, 517, -30, 255, 517, -30, 127, 127, 127
L 227, 513, -28, 255, 513, -28, 127, 127, 127
L 29, 448, -31, 95, 448, -31, 0, 0, 0
L 58, 457, -31, 58, 448, -31, 0, 0, 0
L 78, 457, -31, 58, 457, -31, 0, 0, 0
L 78, 448, -31, 78, 457, -31, 0, 0, 0
L 58, 533, -31, 58, 542, -31, 0, 0, 0
L 78, 533, -31, 58, 533, -31, 0, 0, 0
L 78, 542, -31, 78, 533, -31, 0, 0, 0
L -129, 533, -31, -129, 542, -31, 0, 0, 0
L -149, 533, -31, -129, 533, -31, 0, 0, 0
L -149, 542, -31, -149, 533, -31, 0, 0, 0
L -129, 457, -31, -129, 448, -31, 0, 0, 0
L -149, 457, -31, -129, 457, -31, 0, 0, 0
L -149, 448, -31, -149, 457, -31, 0, 0, 0
L -187, 542, -31, 95, 542, -31, 0, 0, 0
L -187, 512, -31, -187, 542, -31, 0, 0, 0
L -187, 448, -31, -26, 448, -31, 0, 0, 0
L -187, 478, -31, -187, 448, -31, 0, 0, 0
L -225, 478, -31, -187, 478, -31, 0, 0, 0
L -225, 512, -31, -225, 478, -31, 0, 0, 0
L -187, 512, -31, -225, 512, -31, 0, 0, 0
L 417, 541, -72, 430, 541, -72, 127, 127, 127
L 417, 565, -72, 417, 541, -72, 127, 127, 127
L 430, 565, -72, 417, 565, -72, 127, 127, 127
L 349, 541, -72, 336, 541, -72, 127, 127, 127
L 349, 565, -72, 349, 541, -72, 127, 127, 127
L 336, 565, -72, 349, 565, -72, 127, 127, 127
L 277, 520, -52, 277, 515, -52, 127, 127, 127
L 269, 520, -52, 277, 520, -52, 127, 127, 127
L 269, 515, -52, 269, 520, -52, 127, 127, 127
L 561, 255, -2, 575, 255, -2, 127, 127, 127
L 561, 223, -2, 561, 255, -2, 127, 127, 127
L 575, 223, -2, 561, 223, -2, 127, 127, 127
L -321, 721, -2, -383, 721, -2, 127, 64, 0
L -321, 700, -2, -383, 700, -2, 127, 64, 0
L -381, 141, -2, -323, 141, -2, 127, 64, 0
L -381, 162, -2, -323, 162, -2, 127, 64, 0
L -498, 252, -2, -498, 194, -2, 127, 64, 0
L -477, 252, -2, -477, 194, -2, 127, 64, 0
L -74, -182, -2, -74, -199, -2, 250, 0, 250
L -9, -182, -2, -74, -182, -2, 0, 0, 0
L -9, -94, -2, -9, -182, -2, 0, 0, 0
L -93, -94, -2, -9, -94, -2, 0, 0, 0
L -93, 92, -2, -93, -94, -2, 0, 0, 0
L -29, 92, -2, -93, 92, -2, 0, 0, 0
L -29, 130, -2, -29, 92, -2, 0, 0, 0
L -253, 130, -2, -29, 130, -2, 0, 0, 0
L -253, 194, -2, -253, 130, -2, 0, 0, 0
L -323, 194, -2, -253, 194, -2, 0, 0, 0
L -323, 94, -2, -323, 194, -2, 0, 0, 0
L -259, 94, -2, -323, 94, -2, 0, 0, 0
L -259, 36, -2, -259, 94, -2, 0, 0, 0
L -445, 36, -2, -259, 36, -2, 0, 0, 0
L -445, 94, -2, -445, 36, -2, 0, 0, 0
L -381, 94, -2, -445, 94, -2, 0, 0, 0
L -381, 194, -2, -381, 94, -2, 0, 0, 0
L -545, 194, -2, -381, 194, -2, 0, 0, 0
L -545, 130, -2, -545, 194, -2, 0, 0, 0
L -603, 130, -2, -545, 130, -2, 0, 0, 0
L -603, 316, -2, -603, 130, -2, 0, 0, 0
L -545, 316, -2, -603, 316, -2, 0, 0, 0
L -545, 252, -2, -545, 316, -2, 0, 0, 0
L -381, 252, -2, -545, 252, -2, 0, 0, 0
L -381, 386, -2, -381, 252, -2, 0, 0, 0
L -423, 386, -2, -381, 386, -2, 0, 0, 0
L -423, 403, 5, -423, 386, -2, 0, 0, 0
L -511, 403, 5, -423, 403, -2, 0, 0, 0
L -573, 450, 5, -511, 450, 5, 0, 0, 0
L -573, 540, 5, -573, 450, 5, 0, 0, 0
L -511, 540, 5, -573, 540, 5, 0, 0, 0
L -423, 585, -2, -511, 585, 5, 0, 0, 0
L -423, 604, -2, -423, 585, -2, 0, 0, 0
L -383, 604, -2, -423, 604, -2, 0, 0, 0
L -445, 768, -2, -383, 768, -2, 0, 0, 0
L -445, 826, -2, -445, 768, -2, 0, 0, 0
L -259, 826, -2, -445, 826, -2, 0, 0, 0
L -259, 768, -2, -259, 826, -2, 0, 0, 0
L -321, 768, -2, -259, 768, -2, 0, 0, 0
L -195, 604, -2, -321, 604, -2, 0, 0, 0
L -195, 386, -2, -195, 604, -2, 0, 0, 0
L -323, 386, -2, -195, 386, -2, 0, 0, 0
L -323, 252, -2, -323, 386, -2, 0, 0, 0
L -253, 252, -2, -323, 252, -2, 0, 0, 0
L -253, 316, -2, -253, 252, -2, 0, 0, 0
L -26, 316, -14, -253, 316, -2, 0, 0, 0
L -26, 448, -27, -26, 316, -14, 0, 0, 0
L 227, 589, -52, 227, 510, -27, 0, 0, 0
L 284, 589, -52, 227, 589, -52, 0, 0, 0
L 284, 515, -52, 284, 589, -52, 0, 0, 0
L 261, 515, -52, 284, 515, -52, 0, 0, 0
L 261, 565, -52, 261, 515, -52, 0, 0, 0
L 255, 565, -52, 261, 565, -52, 0, 0, 0
L 370, 529, -77, 370, 382, -27, 0, 0, 0
L 396, 460, -52, 396, 529, -77, 0, 0, 0
L 448, 460, -77, 396, 460, -52, 0, 0, 0
L 92, 802, -127, 254, 802, -127, 0, 0, 0
L 92, 734, -127, 92, 802, -127, 0, 0, 0
L 188, 734, -127, 92, 734, -127, 0, 0, 0
L 188, 670, -127, 188, 734, -127, 0, 0, 0
L 290, 670, -127, 188, 670, -127, 0, 0, 0
L 290, 702, -127, 290, 670, -127, 0, 0, 0
L 348, 702, -127, 290, 702, -127, 0, 0, 0
L 348, 612, -127, 348, 702, -127, 0, 0, 0
L 290, 612, -127, 348, 612, -127, 0, 0, 0
L 290, 644, -127, 290, 612, -127, 0, 0, 0
L 188, 644, -127, 290, 644, -127, 0, 0, 0
L 188, 580, -127, 188, 644, -127, 0, 0, 0
L -62, 580, -127, 188, 580, -127, 0, 0, 0
L -62, 734, -127, -62, 580, -127, 0, 0, 0
L 34, 734, -127, -62, 734, -127, 0, 0, 0
L 34, 802, -127, 34, 734, -127, 0, 0, 0
L -30, 802, -127, 34, 802, -127, 0, 0, 0
L -30, 898, -127, -30, 802, -127, 0, 0, 0
L -68, 898, -127, -30, 898, -127, 0, 0, 0
L -68, 866, -127, -68, 898, -127, 0, 0, 0
L -126, 866, -127, -68, 866, -127, 0, 0, 0
L -126, 956, -127, -126, 866, -127, 0, 0, 0
L -68, 956, -127, -126, 956, -127, 0, 0, 0
L -68, 924, -127, -68, 956, -127, 0, 0, 0
L -30, 924, -127, -68, 924, -127, 0, 0, 0
L -30, 1022, -127, -30, 924, -127, 0, 0, 0
L 98, 1058, -127, 98, 1022, -127, 0, 0, 0
L 66, 1058, -127, 98, 1058, -127, 0, 0, 0
L 66, 1116, -127, 66, 1058, -127, 0, 0, 0
L 156, 1116, -127, 66, 1116, -127, 0, 0, 0
L 156, 1058, -127, 156, 1116, -127, 0, 0, 0
L 124, 1058, -127, 156, 1058, -127, 0, 0, 0
L 124, 1022, -127, 124, 1058, -127, 0, 0, 0
L 396, 380, -27, 396, 432, -52, 0, 0, 0
L 413, 380, -27, 396, 380, -27, 0, 0, 0
L 413, 252, -2, 413, 380, -27, 0, 0, 0
L 481, 252, -2, 413, 252, -2, 0, 0, 0
L 227, 226, -2, 481, 226, -2, 0, 0, 0
L 352, 252, -2, 352, 226, -2, 127, 127, 127
L 291, 252, -52, 255, 252, -52, 0, 0, 0
L 291, 290, -52, 291, 252, -52, 0, 0, 0
L 281, 290, -52, 291, 290, -52, 0, 0, 0
L 281, 316, -52, 281, 290, -52, 0, 0, 0
L 327, 316, -52, 281, 316, -52, 0, 0, 0
L 327, 290, -52, 327, 316, -52, 0, 0, 0
L 317, 290, -52, 327, 290, -52, 0, 0, 0
L 317, 252, -52, 317, 290, -52, 0, 0, 0
L 385, 252, -52, 317, 252, -52, 0, 0, 0
L 227, 480, -27, 227, 226, -52, 0, 0, 0
L 29, 258, -14, 29, 448, -27, 0, 0, 0
L -195, 258, -2, 29, 258, -14, 0, 0, 0
L -195, 188, -2, -195, 258, -2, 0, 0, 0
L 29, 188, -2, -195, 188, -2, 0, 0, 0
L 29, 92, -2, 29, 188, -2, 0, 0, 0
L 93, 92, -2, 29, 92, -2, 0, 0, 0
L 93, -94, -2, 93, 92, -2, 0, 0, 0
L 8, -94, -2, 93, -94, -2, 0, 0, 0
L 8, -199, -2, 8, -94, -2, 0, 0, 0
L -74, -199, -2, 8, -199, -2, 0, 0, 0
L -418, 604, -2, -418, 386, -2, 127, 127, 127
L -424, 585, -1, -424, 403, -1, 127, 127, 127
L -430, 585, 0, -430, 403, 0, 127, 127, 127
L -436, 585, 1, -436, 403, 1, 127, 127, 127
L -442, 585, 2, -442, 403, 2, 127, 127, 127
L -448, 585, 3, -448, 403, 3, 127, 127, 127
L -454, 585, 4, -454, 403, 4, 127, 127, 127
L -544, 522, 6, -544, 468, 6, 127, 127, 127
L -544, 468, 6, -508, 468, 6, 127, 127, 127
L -508, 468, 6, -508, 522, 6, 127, 127, 127
L -508, 522, 6, -544, 522, 6, 127, 127, 127
L -502, 460, 5, -502, 530, 5, 127, 127, 127
L -502, 460, 5, -511, 460, 5, 127, 127, 127
L -502, 530, 5, -511, 530, 5, 127, 127, 127
L -191, 258, -2, -191, 316, -2, 127, 127, 127
L -178, 258, -3, -178, 316, -3, 127, 127, 127
L -164, 258, -4, -164, 316, -4, 127, 127, 127
L -151, 258, -5, -151, 316, -5, 127, 127, 127
L -137, 258, -6, -137, 316, -6, 127, 127, 127
L -124, 258, -7, -124, 316, -7, 127, 127, 127
L -110, 258, -8, -110, 316, -8, 127, 127, 127
L -97, 258, -9, -97, 316, -9, 127, 127, 127
L -83, 258, -10, -83, 316, -10, 127, 127, 127
L -70, 258, -11, -70, 316, -11, 127, 127, 127
L -56, 258, -12, -56, 316, -12, 127, 127, 127
L -43, 258, -13, -43, 316, -13, 127, 127, 127
L -29, 258, -14, -29, 316, -14, 127, 127, 127
L 29, 318, -15, -26, 318, -15, 127, 127, 127
L 29, 329, -16, -26, 329, -16, 127, 127, 127
L 29, 340, -17, -26, 340, -17, 127, 127, 127
L 29, 351, -18, -26, 351, -18, 127, 127, 127
L 29, 362, -19, -26, 362, -19, 127, 127, 127
L 29, 373, -20, -26, 373, -20, 127, 127, 127
L 29, 384, -21, -26, 384, -21, 127, 127, 127
L 29, 395, -22, -26, 395, -22, 127, 127, 127
L 29, 406, -23, -26, 406, -23, 127, 127, 127
L 29, 417, -24, -26, 417, -24, 127, 127, 127
L 29, 428, -25, -26, 428, -25, 127, 127, 127
L 29, 439, -26, -26, 439, -26, 127, 127, 127
L 370, 508, -52, 396, 508, -77, 127, 127, 127
L 370, 504, -50, 396, 504, -75, 127, 127, 127
L 370, 500, -48, 396, 500, -73, 127, 127, 127
L 370, 496, -46, 396, 496, -71, 127, 127, 127
L 370, 492, -44, 396, 492, -69, 127, 127, 127
L 370, 488, -42, 396, 488, -67, 127, 127, 127
L 370, 484, -40, 396, 484, -65, 127, 127, 127
L 370, 480, -38, 396, 480, -63, 127, 127, 127
L 370, 476, -36, 396, 476, -61, 127, 127, 127
L 370, 472, -34, 396, 472, -59, 127, 127, 127
L 370, 468, -32, 396, 468, -57, 127, 127, 127
L 370, 464, -30, 396, 464, -55, 127, 127, 127
L 370, 460, -28, 396, 460, -53, 127, 127, 127
L 370, 432, -51, 396, 432, -51, 127, 127, 127
L 370, 428, -49, 396, 428, -49, 127, 127, 127
L 370, 424, -47, 396, 424, -47, 127, 127, 127
L 370, 420, -45, 396, 420, -45, 127, 127, 127
L 370, 416, -43, 396, 416, -43, 127, 127, 127
L 370, 412, -41, 396, 412, -41, 127, 127, 127
L 370, 408, -39, 396, 408, -39, 127, 127, 127
L 370, 404, -37, 396, 404, -37, 127, 127, 127
L 370, 400, -35, 396, 400, -35, 127, 127, 127
L 370, 396, -33, 396, 396, -33, 127, 127, 127
L 370, 392, -31, 396, 392, -31, 127, 127, 127
L 370, 388, -29, 396, 388, -29, 127, 127, 127
L 370, 384, -27, 396, 384, -27, 127, 127, 127
L 385, 319, -26, 413, 319, -26, 127, 127, 127
L 385, 315, -24, 413, 315, -24, 127, 127, 127
L 385, 311, -22, 413, 311, -22, 127, 127, 127
L 385, 307, -20, 413, 307, -20, 127, 127, 127
L 385, 303, -18, 413, 303, -18, 127, 127, 127
L 385, 299, -16, 413, 299, -16, 127, 127, 127
L 385, 295, -14, 413, 295, -14, 127, 127, 127
L 385, 291, -12, 413, 291, -12, 127, 127, 127
L 385, 287, -10, 413, 287, -10, 127, 127, 127
L 385, 283, -8, 413, 283, -8, 127, 127, 127
L 385, 279, -6, 413, 279, -6, 127, 127, 127
L 385, 275, -4, 413, 275, -4, 127, 127, 127
L 385, 271, -2, 413, 271, -2, 127, 127, 127
L -379, 435, -6, -395, 435, -6, 0, 0, 0
L -395, 435, -6, -395, 451, -6, 0, 0, 0
L -395, 451, -6, -379, 451, -6, 0, 0, 0
L -379, 451, -6, -379, 435, -6, 0, 0, 0
L -325, 435, -6, -325, 451, -6, 0, 0, 0
L -325, 451, -6, -309, 451, -6, 0, 0, 0
L -309, 451, -6, -309, 435, -6, 0, 0, 0
L -309, 435, -6, -325, 435, -6, 0, 0, 0
L -379, 555, -6, -395, 555, -6, 0, 0, 0
L -395, 555, -6, -395, 539, -6, 0, 0, 0
L -395, 539, -6, -379, 539, -6, 0, 0, 0
L -379, 539, -6, -379, 555, -6, 0, 0, 0
L -325, 539, -6, -325, 555, -6, 0, 0, 0
L -325, 555, -6, -309, 555, -6, 0, 0, 0
L -309, 555, -6, -309, 539, -6, 0, 0, 0
L -309, 539, -6, -325, 539, -6, 0, 0, 0
L -511, 585, 1, -511, 540, 1, 0, 0, 0
L -511, 540, 1, -511, 522, 1, 127, 127, 127
L -511, 450, 1, -511, 403, 1, 0, 0, 0
L -511, 450, 1, -511, 468, 1, 127, 127, 127
L -255, 539, -6, -255, 555, -6, 0, 0, 0
L -255, 555, -6, -239, 555, -6, 0, 0, 0
L -239, 555, -6, -239, 539, -6, 0, 0, 0
L -239, 539, -6, -255, 539, -6, 0, 0, 0
L -255, 451, -6, -239, 451, -6, 0, 0, 0
L -239, 451, -6, -239, 435, -6, 0, 0, 0
L -239, 435, -6, -255, 435, -6, 0, 0, 0
L -255, 435, -6, -255, 451, -6, 0, 0, 0
L 483, 384, -81, 484, 393, -81, 0, 0, 0
L 484, 393, -81, 505, 393, -81, 0, 0, 0
L 505, 393, -81, 504, 384, -81, 0, 0, 0
L 542, 384, -81, 448, 384, -81, 0, 0, 0
L 512, 415, -82, 512, 831, -131, 127, 127, 127
L 478, 831, -131, 478, 415, -82, 127, 127, 127
L 478, 415, -82, 512, 415, -82, 127, 127, 127
L 512, 831, -131, 478, 831, -131, 127, 127, 127
L 478, 424, -82, 512, 424, -82, 127, 127, 127
L 478, 432, -83, 512, 432, -83, 127, 127, 127
L 478, 440, -84, 512, 440, -84, 127, 127, 127
L 478, 449, -85, 512, 449, -85, 127, 127, 127
L 478, 457, -86, 512, 457, -86, 127, 127, 127
L 478, 465, -87, 512, 465, -87, 127, 127, 127
L 478, 474, -88, 512, 474, -88, 127, 127, 127
L 478, 482, -89, 512, 482, -89, 127, 127, 127
L 478, 490, -90, 512, 490, -90, 127, 127, 127
L 478, 499, -91, 512, 499, -91, 127, 127, 127
L 478, 507, -92, 512, 507, -92, 127, 127, 127
L 478, 515, -93, 512, 515, -93, 127, 127, 127
L 478, 524, -94, 512, 524, -94, 127, 127, 127
L 478, 532, -95, 512, 532, -95, 127, 127, 127
L 478, 540, -96, 512, 540, -96, 127, 127, 127
L 478, 548, -97, 512, 548, -97, 127, 127, 127
L 478, 557, -98, 512, 557, -98, 127, 127, 127
L 478, 565, -99, 512, 565, -99, 127, 127, 127
L 478, 573, -100, 512, 573, -100, 127, 127, 127
L 478, 582, -101, 512, 582, -101, 127, 127, 127
L 478, 590, -102, 512, 590, -102, 127, 127, 127
L 478, 598, -103, 512, 598, -103, 127, 127, 127
L 478, 607, -104, 512, 607, -104, 127, 127, 127
L 478, 615, -105, 512, 615, -105, 127, 127, 127
L 478, 623, -106, 512, 623, -106, 127, 127, 127
L 478, 632, -107, 512, 632, -107, 127, 127, 127
L 478, 640, -108, 512, 640, -108, 127, 127, 127
L 478, 648, -109, 512, 648, -109, 127, 127, 127
L 478, 657, -110, 512, 657, -110, 127, 127, 127
L 478, 665, -111, 512, 665, -111, 127, 127, 127
L 478, 673, -112, 512, 673, -112, 127, 127, 127
L 478, 682, -113, 512, 682, -113, 127, 127, 127
L 478, 690, -114, 512, 690, -114, 127, 127, 127
L 478, 698, -115, 512, 698, -115, 127, 127, 127
L 478, 707, -116, 512, 707, -116, 127, 127, 127
L 478, 715, -117, 512, 715, -117, 127, 127, 127
L 478, 723, -118, 512, 723, -118, 127, 127, 127
L 478, 732, -119, 512, 732, -119, 127, 127, 127
L 478, 740, -120, 512, 740, -120, 127, 127, 127
L 478, 748, -121, 512, 748, -121, 127, 127, 127
L 478, 757, -122, 512, 757, -122, 127, 127, 127
L 478, 765, -123, 512, 765, -123, 127, 127, 127
L 478, 773, -124, 512, 773, -124, 127, 127, 127
L 478, 781, -125, 512, 781, -125, 127, 127, 127
L 478, 790, -126, 512, 790, -126, 127, 127, 127
L 478, 798, -127, 512, 798, -127, 127, 127, 127
L 478, 806, -128, 512, 806, -128, 127, 127, 127
L 478, 815, -129, 512, 815, -129, 127, 127, 127
L 478, 823, -130, 512, 823, -130, 127, 127, 127
L 542, 832, -81, 542, 384, -81, 0, 0, 0
L 448, 384, -81, 448, 432, -81, 0, 0, 0
L 448, 832, -81, 448, 460, -81, 0, 0, 0
L 542, 466, -81, 533, 467, -81, 0, 0, 0
L 533, 467, -81, 533, 487, -81, 0, 0, 0
L 533, 487, -81, 542, 487, -81, 0, 0, 0
L 448, 467, -81, 458, 467, -81, 0, 0, 0
L 458, 467, -81, 457, 487, -81, 0, 0, 0
L 457, 487, -81, 448, 487, -81, 0, 0, 0
L 542, 832, -131, 574, 832, -131, 0, 0, 0
L 574, 832, -131, 574, 990, -131, 0, 0, 0
L 574, 990, -131, 416, 990, -131, 0, 0, 0
L 416, 869, -131, 416, 832, -131, 0, 0, 0
L 416, 832, -131, 448, 832, -131, 0, 0, 0
L 574, 863, -131, 565, 864, -131, 0, 0, 0
L 565, 864, -131, 565, 884, -131, 0, 0, 0
L 565, 884, -131, 574, 884, -131, 0, 0, 0
L 574, 923, -131, 565, 924, -131, 0, 0, 0
L 565, 924, -131, 565, 944, -131, 0, 0, 0
L 565, 944, -131, 574, 944, -131, 0, 0, 0
L 531, 990, -131, 530, 981, -131, 0, 0, 0
L 530, 981, -131, 510, 981, -131, 0, 0, 0
L 510, 981, -131, 510, 990, -131, 0, 0, 0
L 479, 990, -131, 478, 981, -131, 0, 0, 0
L 478, 981, -131, 457, 981, -131, 0, 0, 0
L 457, 981, -131, 458, 990, -131, 0, 0, 0
L 512, 704, -131, 521, 704, -131, 0, 0, 0
L 521, 697, -131, 521, 724, -131, 0, 0, 0
L 542, 756, -131, 533, 757, -131, 0, 0, 0
L 533, 757, -131, 533, 777, -131, 0, 0, 0
L 533, 777, -131, 542, 777, -131, 0, 0, 0
L 155, 820, -129, 131, 821, -129, 127, 127, 127
L 131, 821, -129, 131, 812, -129, 127, 127, 127
L 131, 812, -129, 154, 810, -129, 127, 127, 127
L 154, 810, -129, 155, 820, -129, 127, 127, 127
L 208, 833, -129, 208, 843, -129, 127, 127, 127
L 208, 843, -129, 231, 843, -129, 127, 127, 127
L 231, 843, -129, 231, 833, -129, 127, 127, 127
L 231, 833, -129, 208, 833, -129, 127, 127, 127
L 92, 799, -130, 34, 799, -130, 127, 127, 127
L 34, 796, -131, 92, 796, -131, 127, 127, 127
L -3, 837, -129, 20, 838, -129, 127, 127, 127
L 20, 838, -129, 20, 848, -129, 127, 127, 127
L 20, 848, -129, -4, 847, -129, 127, 127, 127
L -4, 847, -129, -3, 837, -129, 127, 127, 127
L -9, 973, -129, 14, 974, -129, 127, 127, 127
L 14, 974, -129, 14, 984, -129, 127, 127, 127
L 14, 984, -129, -9, 983, -129, 127, 127, 127
L -9, 983, -129, -9, 973, -129, 127, 127, 127
L 135, 1001, -129, 135, 1011, -129, 127, 127, 127
L 135, 1011, -129, 158, 1011, -129, 127, 127, 127
L 158, 1011, -129, 158, 1001, -129, 127, 127, 127
L 158, 1001, -129, 135, 1001, -129, 127, 127, 127
L 197, 990, -129, 198, 980, -129, 127, 127, 127
L 198, 980, -129, 221, 980, -129, 127, 127, 127
L 221, 980, -129, 220, 990, -129, 127, 127, 127
L 220, 990, -129, 197, 990, -129, 127, 127, 127
L 324, 864, -131, 325, 873, -131, 0, 0, 0
L 325, 873, -131, 346, 873, -131, 0, 0, 0
L 346, 873, -131, 345, 864, -131, 0, 0, 0
L 345, 958, -131, 345, 949, -131, 0, 0, 0
L 345, 949, -131, 325, 949, -131, 0, 0, 0
L 325, 949, -131, 325, 958, -131, 0, 0, 0
L 258, 864, -131, 412, 864, -131, 0, 0, 0
L 412, 864, -131, 412, 869, -131, 0, 0, 0
L 412, 869, -131, 409, 869, -131, 0, 0, 0
L 409, 869, -131, 409, 883, -131, 0, 0, 0
L 409, 883, -131, 419, 883, -131, 0, 0, 0
L 419, 883, -131, 419, 869, -131, 0, 0, 0
L 419, 869, -131, 416, 869, -131, 0, 0, 0
L 416, 990, -131, 416, 953, -131, 0, 0, 0
L 419, 953, -131, 416, 953, -131, 0, 0, 0
L 419, 953, -131, 419, 939, -131, 0, 0, 0
L 419, 939, -131, 409, 939, -131, 0, 0, 0
L 409, 939, -131, 409, 953, -131, 0, 0, 0
L 409, 953, -131, 412, 953, -131, 0, 0, 0
L 412, 953, -131, 412, 958, -131, 0, 0, 0
L 448, 778, -131, 457, 777, -131, 0, 0, 0
L 457, 777, -131, 457, 757, -131, 0, 0, 0
L 457, 757, -131, 448, 757, -131, 0, 0, 0
L 449, 724, -131, 469, 724, -131, 0, 0, 0
L 542, 724, -131, 521, 724, -131, 0, 0, 0
L 469, 724, -131, 469, 697, -131, 0, 0, 0
L 469, 704, -131, 478, 704, -131, 0, 0, 0
L 448, 697, -106, 469, 697, -106, 0, 0, 0
L 542, 697, -106, 521, 697, -106, 0, 0, 0
L 542, 634, -106, 533, 633, -106, 0, 0, 0
L 533, 633, -106, 533, 612, -106, 0, 0, 0
L 533, 612, -106, 542, 613, -106, 0, 0, 0
L 448, 612, -106, 457, 613, -106, 0, 0, 0
L 457, 613, -106, 457, 633, -106, 0, 0, 0
L 457, 633, -106, 448, 633, -106, 0, 0, 0
L 448, 564, -106, 469, 564, -106, 0, 0, 0
L 542, 564, -106, 521, 564, -106, 0, 0, 0
L 512, 544, -106, 521, 544, -106, 0, 0, 0
L 521, 537, -106, 521, 564, -106, 0, 0, 0
L 469, 564, -106, 469, 537, -106, 0, 0, 0
L 469, 544, -106, 478, 544, -106, 0, 0, 0
L 542, 537, -81, 521, 537, -81, 0, 0, 0
L 469, 537, -81, 448, 537, -81, 0, 0, 0
L 447, 432, -81, 447, 460, -81, 127, 127, 127
L 448, 432, -77, 396, 432, -73, 0, 0, 0
L 444, 432, -81, 444, 460, -81, 127, 127, 127
L 95, 480, -31, 95, 448, -31, 0, 0, 0
L 95, 542, -31, 95, 510, -31, 0, 0, 0
L 2, 601, -127, 2, 622, -127, 0, 0, 0
L 2, 622, -127, 23, 622, -127, 0, 0, 0
L 23, 622, -127, 23, 601, -127, 0, 0, 0
L 23, 601, -127, 2, 601, -127, 0, 0, 0
L 2, 688, -127, 2, 709, -127, 0, 0, 0
L 2, 709, -127, 23, 709, -127, 0, 0, 0
L 23, 709, -127, 23, 688, -127, 0, 0, 0
L 23, 688, -127, 2, 688, -127, 0, 0, 0
L 133, 688, -127, 133, 709, -127, 0, 0, 0
L 133, 709, -127, 154, 709, -127, 0, 0, 0
L 154, 709, -127, 154, 688, -127, 0, 0, 0
L 154, 688, -127, 133, 688, -127, 0, 0, 0
L 133, 601, -127, 133, 622, -127, 0, 0, 0
L 133, 622, -127, 154, 622, -127, 0, 0, 0
L 154, 622, -127, 154, 601, -127, 0, 0, 0
L 154, 601, -127, 133, 601, -127, 0, 0, 0
L -166, 534, -31, -161, 531, -31, 0, 0, 0
L -161, 531, -31, -159, 527, -31, 0, 0, 0
L -159, 527, -31, -156, 527, -31, 0, 0, 0
L -156, 525, -31, -158, 525, -31, 0, 0, 0
L -158, 525, -31, -158, 521, -31, 0, 0, 0
L -158, 521, -31, -156, 521, -31, 0, 0, 0
L -156, 519, -31, -159, 519, -31, 0, 0, 0
L -159, 519, -31, -161, 515, -31, 0, 0, 0
L -161, 515, -31, -166, 512, -31, 0, 0, 0
L -166, 512, -31, -172, 512, -31, 0, 0, 0
L -172, 512, -31, -177, 515, -31, 0, 0, 0
L -177, 515, -31, -180, 520, -31, 0, 0, 0
L -180, 520, -31, -180, 526, -31, 0, 0, 0
L -180, 526, -31, -177, 531, -31, 0, 0, 0
L -177, 531, -31, -172, 534, -31, 0, 0, 0
L -172, 534, -31, -166, 534, -31, 0, 0, 0
L -156, 521, -31, -156, 519, -31, 0, 0, 0
L -156, 527, -31, -156, 525, -31, 0, 0, 0
