P 2500.0000, 2500.0000, 100.0000,  0, 0, 0,  3,  Height_Filter_25/25_Recommended
P 2500.0000, 2250.0000, 100.0000,  0, 0, 0,  3,  Labels_by:_Caudyr
P 2500.0000, 2000.0000, 100.0000,  0, 0, 0,  3,  Map_by:_Caudyr
P -3196.6245, 129.4611, -399.8427,  127, 0, 0,  3,  To_Wakening_Lands_(One_Way)
P 655.0000, 8.0000, 119.9405,  127, 0, 0,  3,  To_East_Wastes:_Zeixshi-Kar's_Awakening
P 633.0000, 47.0000, 119.9405,  127, 0, 0,  3,  Succor_Point
P -1291.8921, -1200.8113, -80.4820,  240, 0, 0,  3,  One_Way_Exit
P -1286.5304, -1060.0117, -99.9667,  127, 64, 0,  3,  PVP_Arena
P -1700.3641, 1130.1294, -159.9354,  0, 0, 0,  3,  Dragon_Death_Keep
P -1366.6061, 526.8131, -119.9354,  150, 0, 150,  3,  Iceshard_Manor
