P 931.0000, -158.0000, 0.0000,  255, 255, 255,  2,  Top_of_Ramp
P 1135.0000, 208.0000, 0.0000,  255, 255, 255,  2,  Bottom_of_Ramp
P 753.0000, 1710.0000, 0.0000,  255, 255, 0,  2,  Twilight_Zone
P 1050.0000, 50.0000, 0.0000,  255, 255, 0,  2,  Bank
P 730.0000, -671.0000, 0.0000,  255, 255, 0,  2,  TenebrousMtns
P 545.0000, -645.0000, 0.0000,  255, 255, 255,  2,  SuccorPoint
P -150.0000, -130.0000, 0.0010,  0, 255, 255,  3,  Elnerick
P 753.0000, 1710.0000, 0.0000,  0, 240, 0,  3,  to_Twilight_Sea
P 730.0000, -671.0000, 0.0000,  0, 240, 0,  3,  to_Tenebrous_Mtns
P 545.0000, -645.0000, 0.0000,  0, 240, 240,  2,  Succor_Point
P 2081.4033, -155.0953, 71.0020,  0, 0, 240,  2,  Kroldar_Strongarm_(fangs)
P 1122.0746, 240.0662, -269.9978,  0, 0, 240,  3,  Ramp_Bottom
P 989.6782, -191.2318, -2.1827,  0, 0, 240,  3,  Ramp_Top
P 529.7273, 96.7246, -269.9978,  0, 0, 240,  2,  Galren_Fuzzytoes
P 2014.7474, -148.2082, 71.0020,  0, 0, 240,  2,  Saumeem_Unja
P 341.1857, -58.5878, -0.9980,  0, 0, 240,  2,  Tobala_Honeyjar_(_forgaging_machette)
P 1281.8937, 1679.5835, -550.1857,  0, 0, 240,  2,  banner_teleport_(underwater)
P 100.0274, 920.8939, 0.0020,  0, 0, 240,  2,  banner_teleport
P 1552.7570, -314.6960, -0.9980,  0, 0, 240,  2,  a_coterie_assassin
P 36.3356, 101.1161, 0.0020,  0, 0, 240,  2,  Rallic_Aristos_(rallic_pack)
