L -526, 180, -408, -525, 85, -395, 0, 0, 0
L -494, 183, -409, -526, 180, -408, 0, 0, 0
L -484, 204, -409, -494, 183, -409, 0, 0, 0
L -494, 227, -409, -484, 204, -409, 0, 0, 0
L -522, 242, -409, -494, 227, -409, 0, 0, 0
L -549, 223, -409, -522, 242, -409, 0, 0, 0
L -562, 227, -409, -549, 223, -409, 0, 0, 0
L -568, 206, -409, -562, 227, -409, 0, 0, 0
L -562, 183, -409, -568, 206, -409, 0, 0, 0
L -546, 180, -405, -562, 183, -409, 0, 0, 0
L -547, 103, -396, -546, 180, -405, 0, 0, 0
L -826, -136, -430, -809, -87, -432, 127, 127, 127
L -825, -135, -432, -910, -163, -430, 127, 127, 127
L -2344, 2454, -355, -2321, 2445, -354, 0, 240, 0
L -2358, 2431, -352, -2344, 2454, -354, 0, 240, 0
L -2277, 2217, -355, -2317, 2266, -352, 0, 240, 0
L -2226, 2188, -343, -2277, 2217, -355, 0, 240, 0
L -1686, 2261, -283, -1875, 2242, -290, 0, 240, 0
L -1454, 2216, -324, -1686, 2261, -283, 0, 240, 0
L -839, 2208, -352, -818, 2234, -352, 0, 240, 0
L -1081, 2215, -302, -839, 2208, -352, 0, 240, 0
L -725, 2678, -352, -750, 2661, -352, 0, 240, 0
L -725, 2678, -352, -712, 2647, -352, 0, 240, 0
L -787, 2332, -343, -725, 2678, -359, 0, 240, 0
L -818, 2234, -352, -787, 2331, -343, 0, 240, 0
L -1048, 1845, -290, -1077, 1977, -306, 0, 240, 0
L -1029, 1509, -291, -1048, 1845, -290, 0, 240, 0
L -151, 448, -432, -292, 654, -432, 0, 240, 0
L 793, 243, -322, 763, 282, -307, 0, 240, 0
L 1, 349, -432, 102, 323, -432, 0, 240, 0
L -151, 448, -444, 1, 349, -432, 0, 240, 0
L -2317, 2266, -352, -2344, 2454, -352, 0, 240, 0
L -1875, 2242, -280, -2226, 2188, -352, 0, 240, 0
L -1082, 2231, -279, -1454, 2216, -352, 0, 240, 0
L -1077, 1977, -301, -1082, 2231, -279, 0, 240, 0
L -1056, 1463, -316, -1029, 1509, -297, 0, 240, 0
L -963, 1392, -430, -1056, 1463, -316, 0, 240, 0
L -491, 1279, -432, -963, 1392, -430, 0, 240, 0
L -417, 1184, -291, -491, 1279, -432, 0, 240, 0
L -352, 852, -320, -417, 1184, -291, 0, 240, 0
L -292, 654, -432, -352, 852, -320, 0, 240, 0
L 382, 341, -432, 102, 323, -432, 0, 240, 0
L 763, 282, -334, 382, 341, -432, 0, 240, 0
L 835, -1015, -290, 793, 243, -334, 0, 240, 0
L -719, 2827, -352, -538, 2846, -352, 0, 0, 0
L -789, 2827, -352, -719, 2827, -352, 0, 0, 0
L -798, 2837, -348, -797, 2837, -348, 0, 0, 0
L -770, 2674, -352, -789, 2827, -352, 0, 0, 0
L -770, 2613, -346, -770, 2674, -352, 0, 0, 0
L -844, 2343, -328, -770, 2613, -333, 0, 0, 0
L -844, 2214, -351, -844, 2343, -348, 0, 0, 0
L -895, 2202, -314, -844, 2214, -352, 0, 0, 0
L -1075, 2202, -316, -895, 2202, -316, 0, 0, 0
L -1228, 2181, -336, -1075, 2202, -326, 0, 0, 0
L -1365, 2181, -352, -1228, 2181, -352, 0, 0, 0
L -1410, 2164, -348, -1365, 2181, -345, 0, 0, 0
L -1429, 2166, -353, -1410, 2164, -353, 0, 0, 0
L -1440, 2184, -352, -1429, 2166, -353, 0, 0, 0
L -1471, 2187, -352, -1440, 2184, -349, 0, 0, 0
L -1493, 2253, -352, -1471, 2187, -352, 0, 0, 0
L -1493, 2532, -352, -1493, 2253, -352, 0, 0, 0
L -1521, 2532, -352, -1493, 2532, -352, 0, 0, 0
L -1587, 2504, -343, -1521, 2532, -344, 0, 0, 0
L -1611, 2424, -352, -1587, 2504, -352, 0, 0, 0
L -1611, 2301, -343, -1611, 2424, -342, 0, 0, 0
L -1638, 2233, -352, -1611, 2301, -352, 0, 0, 0
L -1667, 2220, -329, -1638, 2233, -352, 0, 0, 0
L -2029, 2212, -333, -1667, 2220, -329, 0, 0, 0
L -2113, 2167, -352, -2029, 2212, -352, 0, 0, 0
L -2261, 2196, -352, -2113, 2167, -352, 0, 0, 0
L -2314, 2310, -352, -2261, 2196, -352, 0, 0, 0
L -2314, 2637, -352, -2314, 2310, -352, 0, 0, 0
L -2278, 2833, -352, -2314, 2637, -352, 0, 0, 0
L -2501, 2833, -352, -2278, 2833, -352, 0, 0, 0
L -2521, 2838, -352, -2501, 2833, -352, 0, 0, 0
L -2499, 581, -432, -2676, 609, -432, 0, 0, 0
L -2253, 603, -432, -2499, 581, -432, 0, 0, 0
L -2267, 533, -426, -2253, 603, -427, 0, 0, 0
L -2208, 354, -432, -2267, 533, -432, 0, 0, 0
L -2208, 245, -427, -2208, 354, -432, 0, 0, 0
L -2181, 202, -430, -2208, 245, -429, 0, 0, 0
L -2181, 181, -432, -2181, 202, -432, 0, 0, 0
L -2318, 9, -432, -2181, 181, -432, 0, 0, 0
L -2345, -148, -432, -2318, 9, -432, 0, 0, 0
L -2399, -148, -432, -2345, -148, -432, 0, 0, 0
L -2440, -257, -432, -2399, -148, -432, 0, 0, 0
L -2455, -270, -432, -2440, -257, -432, 0, 0, 0
L -2415, -336, -432, -2455, -270, -432, 0, 0, 0
L -2451, -379, -432, -2415, -336, -432, 0, 0, 0
L -2348, -478, -431, -2451, -379, -425, 0, 0, 0
L -2599, -598, -380, -2588, -598, -380, 0, 0, 0
L -2599, -575, -380, -2599, -598, -380, 0, 0, 0
L -2658, -575, -380, -2599, -575, -380, 0, 0, 0
L -2658, -716, -380, -2658, -575, -380, 0, 0, 0
L -2690, -716, -401, -2658, -716, -401, 0, 0, 0
L -2690, -733, -401, -2690, -716, -401, 240, 0, 136
L -2638, -733, -401, -2690, -733, -401, 0, 0, 0
L -2638, -635, -394, -2638, -733, -397, 0, 0, 0
L -2603, -635, -380, -2638, -635, -380, 0, 0, 0
L -2603, -609, -380, -2603, -635, -378, 0, 0, 0
L -2588, -609, -380, -2603, -609, -380, 0, 0, 0
L -2347, -936, -412, -2330, -729, -412, 0, 0, 0
L -2366, -1032, -407, -2347, -936, -410, 0, 0, 0
L -2356, -1116, -410, -2366, -1032, -411, 0, 0, 0
L -2279, -1261, -397, -2356, -1116, -402, 0, 0, 0
L -2107, -1364, -402, -2279, -1261, -406, 0, 0, 0
L -2123, -1428, -419, -2107, -1364, -417, 0, 0, 0
L -2123, -1560, -423, -2123, -1428, -422, 0, 0, 0
L -2102, -1829, -393, -2123, -1560, -396, 0, 0, 0
L -2232, -1829, -364, -2102, -1829, -368, 0, 0, 0
L -2350, -1808, -381, -2232, -1829, -374, 0, 0, 0
L -2421, -1808, -379, -2350, -1808, -381, 0, 0, 0
L -2570, -1918, -390, -2421, -1808, -392, 0, 0, 0
L -2590, -1952, -372, -2570, -1918, -375, 0, 0, 0
L -2578, -2112, -383, -2590, -1952, -382, 0, 0, 0
L -2597, -2150, -369, -2578, -2112, -374, 0, 0, 0
L -2597, -2175, -362, -2597, -2150, -363, 0, 0, 0
L -2477, -2278, -346, -2597, -2175, -341, 0, 0, 0
L -2477, -2325, -397, -2477, -2278, -394, 0, 0, 0
L -2490, -2333, -408, -2477, -2325, -410, 0, 0, 0
L -2459, -2385, -406, -2490, -2333, -407, 0, 0, 0
L -2485, -2342, -405, -2486, -2340, -406, 0, 0, 0
L -2302, -2507, -385, -2459, -2385, -390, 0, 0, 0
L -2237, -2523, -404, -2302, -2507, -404, 0, 0, 0
L -2165, -2523, -393, -2237, -2523, -394, 0, 0, 0
L -2130, -2509, -395, -2165, -2523, -393, 0, 0, 0
L -1989, -2502, -404, -2130, -2509, -408, 0, 0, 0
L -1746, -2398, -390, -1989, -2502, -385, 0, 0, 0
L -1700, -2381, -366, -1746, -2398, -367, 0, 0, 0
L -1697, -2137, -392, -1700, -2381, -378, 0, 0, 0
L -1802, -2001, -411, -1697, -2137, -412, 0, 0, 0
L -1968, -1904, -411, -1802, -2001, -413, 0, 0, 0
L -1968, -1905, -406, -1967, -1906, -405, 0, 0, 0
L -1928, -1736, -399, -1968, -1904, -402, 0, 0, 0
L -1967, -1506, -423, -1928, -1736, -422, 0, 0, 0
L -2001, -1441, -423, -1967, -1506, -422, 0, 0, 0
L -1993, -1415, -423, -2001, -1441, -423, 0, 0, 0
L -1970, -1404, -423, -1971, -1404, -423, 0, 0, 0
L -1649, -1542, -348, -1993, -1415, -372, 0, 0, 0
L -1543, -1516, -365, -1649, -1542, -360, 0, 0, 0
L -1014, -1536, -398, -1291, -1536, -408, 0, 0, 0
L -769, -1451, -411, -1014, -1536, -422, 0, 0, 0
L -626, -1332, -432, -769, -1451, -432, 0, 0, 0
L -579, -1247, -428, -626, -1332, -428, 0, 0, 0
L -591, -1212, -432, -579, -1247, -432, 0, 0, 0
L -655, -1196, -432, -591, -1212, -432, 0, 0, 0
L -669, -1153, -432, -655, -1196, -432, 0, 0, 0
L -664, -1116, -432, -669, -1153, -432, 0, 0, 0
L -630, -1099, -432, -664, -1116, -432, 0, 0, 0
L -618, -1100, -432, -630, -1099, -432, 0, 0, 0
L -605, -1107, -432, -618, -1100, -432, 0, 0, 0
L -585, -1100, -432, -605, -1107, -432, 0, 0, 0
L -606, -1066, -432, -585, -1100, -432, 0, 0, 0
L -619, -1010, -424, -606, -1066, -432, 0, 0, 0
L -582, -980, -341, -619, -1010, -425, 0, 0, 0
L -503, -980, -329, -582, -980, -332, 0, 0, 0
L -27, -895, -334, -503, -980, -330, 0, 0, 0
L 334, -895, -418, -27, -895, -412, 0, 0, 0
L 784, -729, -414, 334, -895, -427, 0, 0, 0
L 932, -1138, -377, 784, -729, -372, 0, 0, 0
L 956, -1232, -423, 932, -1138, -421, 0, 0, 0
L -2676, 609, -407, -2676, 659, -407, 240, 0, 0
L -2676, 659, -410, -2542, 659, -429, 0, 0, 0
L -2542, 692, -432, -2193, 692, -432, 0, 0, 0
L -2193, 692, -429, -2004, 200, -427, 0, 0, 0
L -2004, 200, -419, -1944, 200, -421, 0, 0, 0
L -1944, 200, -427, -1880, 216, -429, 0, 0, 0
L -1880, 216, -432, -1806, 216, -432, 0, 0, 0
L -1806, 216, -432, -1756, 206, -428, 0, 0, 0
L -1756, 206, -432, -1729, 216, -432, 0, 0, 0
L -1729, 216, -432, -1706, 209, -432, 0, 0, 0
L -1706, 209, -432, -1674, 251, -432, 0, 0, 0
L -1423, 259, -432, -1334, 324, -432, 0, 0, 0
L -1334, 324, -432, -1263, 285, -432, 0, 0, 0
L -1263, 285, -432, -1189, 298, -432, 0, 0, 0
L -1189, 298, -432, -1005, 298, -432, 0, 0, 0
L -1005, 298, -432, -919, 200, -432, 0, 0, 0
L -919, 200, -432, -817, 200, -432, 0, 0, 0
L -817, 200, -432, -737, 67, -432, 0, 0, 0
L -737, 67, -432, -715, 12, -432, 0, 0, 0
L -697, -192, -431, -697, -441, -431, 0, 0, 0
L -697, -441, -432, -571, -520, -432, 0, 0, 0
L -571, -520, -432, -443, -552, -432, 0, 0, 0
L 668, -558, -432, 768, -518, -432, 0, 0, 0
L 768, -518, -432, 888, -518, -430, 0, 0, 0
L 888, -518, -412, 888, 205, -415, 0, 0, 0
L 888, 205, -396, 804, 328, -423, 0, 0, 0
L 804, 328, -432, 260, 291, -432, 0, 0, 0
L 260, 291, -420, -1, 213, -430, 0, 0, 0
L -1, 213, -432, -148, 213, -432, 0, 0, 0
L -148, 213, -430, -349, 329, -426, 0, 0, 0
L -349, 329, -432, -389, 448, -432, 0, 0, 0
L -389, 448, -432, -445, 455, -432, 0, 0, 0
L -445, 455, -432, -454, 481, -432, 0, 0, 0
L -454, 481, -432, -402, 523, -432, 0, 0, 0
L -402, 523, -432, -388, 565, -432, 0, 0, 0
L -388, 565, -432, -394, 583, -432, 0, 0, 0
L -394, 583, -432, -415, 604, -432, 0, 0, 0
L -415, 604, -432, -415, 617, -432, 0, 0, 0
L -415, 617, -432, -384, 642, -432, 0, 0, 0
L -384, 642, -429, -317, 655, -423, 0, 0, 0
L -317, 655, -429, -333, 748, -429, 0, 0, 0
L -333, 748, -432, -279, 981, -432, 0, 0, 0
L -279, 981, -432, -380, 1231, -432, 0, 0, 0
L -389, 1239, -430, -390, 1241, -429, 0, 0, 0
L -390, 1241, -429, -391, 1241, -429, 0, 0, 0
L -380, 1231, -432, -936, 1251, -432, 0, 0, 0
L -936, 1251, -432, -993, 1269, -428, 0, 0, 0
L -993, 1269, -409, -1172, 1260, -406, 0, 0, 0
L -1172, 1260, -410, -1172, 1280, -408, 0, 0, 0
L -1196, 1263, -410, -1250, 1263, -410, 0, 0, 0
L -1250, 1263, -411, -1298, 1279, -405, 0, 0, 0
L -1298, 1279, -400, -1316, 1302, -408, 0, 0, 0
L -1316, 1302, -364, -1283, 1434, -362, 0, 0, 0
L -1283, 1434, -331, -1314, 1494, -331, 0, 0, 0
L -1314, 1494, -340, -1319, 1537, -342, 0, 0, 0
L -1319, 1537, -341, -1294, 1856, -338, 0, 0, 0
L -1294, 1856, -332, -1258, 1962, -329, 0, 0, 0
L -1258, 1962, -330, -1282, 2004, -352, 0, 0, 0
L -1282, 2004, -352, -1396, 2031, -352, 0, 0, 0
L -1396, 2031, -352, -1784, 2031, -352, 0, 0, 0
L -1784, 2031, -352, -1871, 2002, -352, 0, 0, 0
L -1871, 2002, -342, -2266, 2037, -352, 0, 0, 0
L -2266, 2037, -352, -2374, 2133, -350, 0, 0, 0
L -2374, 2133, -343, -2433, 2251, -345, 0, 0, 0
L -2433, 2251, -352, -2433, 2302, -352, 0, 0, 0
L -2433, 2302, -352, -2403, 2392, -352, 0, 0, 0
L -2403, 2392, -352, -2403, 2698, -352, 0, 0, 0
L -2403, 2698, -352, -2439, 2710, -352, 0, 0, 0
L -2439, 2710, -352, -2503, 2710, -352, 0, 0, 0
L -2503, 2710, -352, -2533, 2706, -352, 0, 0, 0
L -577, 2710, -352, -593, 2712, -352, 0, 0, 0
L -593, 2712, -352, -639, 2712, -352, 0, 0, 0
L -639, 2712, -352, -657, 2611, -352, 0, 0, 0
L -657, 2611, -347, -601, 2532, -346, 0, 0, 0
L -601, 2532, -327, -601, 2489, -334, 0, 0, 0
L -601, 2489, -323, -714, 2295, -324, 0, 0, 0
L -714, 2295, -349, -714, 2157, -349, 0, 0, 0
L -714, 2157, -335, -854, 2083, -346, 0, 0, 0
L -854, 2083, -352, -1074, 2083, -352, 0, 0, 0
L -1074, 2083, -352, -1131, 2016, -352, 0, 0, 0
L -1131, 2016, -352, -1118, 1894, -352, 0, 0, 0
L -1118, 1894, -352, -1077, 1827, -358, 0, 0, 0
L -1077, 1827, -363, -1077, 1470, -352, 0, 0, 0
L -1077, 1470, -432, -887, 1352, -432, 0, 0, 0
L -887, 1352, -425, -863, 1352, -432, 0, 0, 0
L -863, 1352, -432, -811, 1395, -432, 0, 0, 0
L -811, 1395, -432, -712, 1395, -429, 0, 0, 0
L -712, 1395, -432, -610, 1337, -432, 0, 0, 0
L -610, 1337, -432, -594, 1337, -432, 0, 0, 0
L -594, 1337, -432, -565, 1353, -432, 0, 0, 0
L -565, 1353, -432, -534, 1399, -432, 0, 0, 0
L -534, 1399, -420, -510, 1411, -417, 0, 0, 0
L -510, 1411, -417, -484, 1404, -418, 0, 0, 0
L -484, 1404, -432, -382, 1427, -432, 0, 0, 0
L -382, 1427, -432, -397, 1488, -432, 0, 0, 0
L -397, 1488, -431, -368, 1662, -431, 0, 0, 0
L -368, 1662, -413, -399, 1847, -413, 0, 0, 0
L -399, 1847, -426, -399, 1949, -431, 0, 0, 0
L -399, 1949, -431, -359, 2233, -432, 0, 0, 0
L -359, 2233, -422, -312, 2238, -417, 0, 0, 0
L -312, 2238, -432, -254, 2319, -432, 0, 0, 0
L -254, 2319, -432, -167, 2286, -432, 0, 0, 0
L -167, 2286, -432, 38, 2286, -432, 0, 0, 0
L 38, 2286, -432, 171, 2255, -432, 0, 0, 0
L 171, 2255, -432, 312, 2240, -432, 0, 0, 0
L 312, 2240, -432, 572, 2136, -432, 0, 0, 0
L 572, 2136, -432, 681, 2136, -432, 0, 0, 0
L 681, 2136, -432, 711, 2166, -432, 0, 0, 0
L 711, 2166, -432, 840, 2194, -432, 0, 0, 0
L 840, 2194, -432, 908, 2178, -432, 0, 0, 0
L 908, 2178, -432, 993, 2186, -432, 0, 0, 0
L 993, 2186, -432, 1136, 2257, -432, 0, 0, 0
L 1136, 2257, -421, 1142, 2257, -420, 0, 0, 0
L 1142, 2257, -415, 1157, 2250, -416, 0, 0, 0
L 1157, 2250, -417, 1157, 2043, -421, 0, 0, 0
L 1157, 2043, -432, 1018, 1823, -432, 0, 0, 0
L 781, 1813, -432, 684, 1925, -432, 0, 0, 0
L 684, 1925, -432, 322, 2068, -432, 0, 0, 0
L 322, 2068, -432, 256, 2120, -432, 0, 0, 0
L 256, 2120, -432, 141, 2103, -432, 0, 0, 0
L 141, 2103, -432, -51, 2106, -432, 0, 0, 0
L -51, 2106, -432, -91, 2141, -433, 0, 0, 0
L -91, 2141, -432, -295, 1907, -432, 0, 0, 0
L -295, 1907, -432, -262, 1632, -432, 0, 0, 0
L -262, 1632, -430, -292, 1480, -431, 0, 0, 0
L -292, 1480, -427, -245, 1354, -432, 0, 0, 0
L -245, 1354, -432, -179, 1352, -432, 0, 0, 0
L -179, 1352, -432, -137, 1324, -432, 0, 0, 0
L -137, 1324, -312, 285, 1496, -300, 0, 0, 0
L 285, 1496, -316, 297, 1480, -333, 0, 0, 0
L 297, 1480, -333, 360, 1477, -327, 0, 0, 0
L 360, 1477, -322, 462, 1435, -324, 0, 0, 0
L 462, 1435, -332, 462, 1122, -332, 0, 0, 0
L 462, 1122, -332, 451, 1044, -332, 0, 0, 0
L 451, 1044, -324, 279, 983, -322, 0, 0, 0
L 279, 983, -315, 209, 1018, -314, 0, 0, 0
L 239, 993, -282, 239, 993, -281, 0, 0, 0
L 209, 1018, -283, 180, 1043, -288, 0, 0, 0
L 180, 1043, -315, -27, 1099, -317, 0, 0, 0
L -27, 1099, -338, -202, 1084, -348, 0, 0, 0
L -202, 1084, -360, -236, 1059, -362, 0, 0, 0
L -236, 1059, -425, -218, 919, -429, 0, 0, 0
L -218, 919, -432, -229, 715, -432, 0, 0, 0
L -229, 715, -432, -136, 653, -432, 0, 0, 0
L -136, 653, -432, 22, 406, -432, 0, 0, 0
L 22, 406, -432, 58, 383, -432, 0, 0, 0
L 58, 383, -432, 111, 383, -432, 0, 0, 0
L 111, 383, -432, 215, 455, -432, 0, 0, 0
L 215, 455, -432, 405, 455, -432, 0, 0, 0
L 405, 455, -419, 427, 471, -419, 0, 0, 0
L 427, 471, -432, 461, 540, -432, 0, 0, 0
L 461, 540, -432, 580, 604, -432, 0, 0, 0
L 580, 604, -420, 632, 694, -420, 0, 0, 0
L 632, 694, -432, 648, 701, -432, 0, 0, 0
L 648, 701, -432, 639, 717, -432, 0, 0, 0
L 639, 717, -432, 639, 736, -432, 0, 0, 0
L 639, 736, -432, 726, 804, -432, 0, 0, 0
L 1145, 698, -432, 1145, 618, -432, 0, 0, 0
L 1145, 618, -432, 1186, 597, -432, 0, 0, 0
L 1186, 597, -432, 1259, 613, -432, 0, 0, 0
L 1259, 613, -432, 1309, 514, -432, 0, 0, 0
L 1309, 514, -432, 1272, 405, -432, 0, 0, 0
L 1272, 405, -432, 1059, 405, -432, 0, 0, 0
L 1059, 405, -427, 1037, 399, -424, 0, 0, 0
L 1037, 385, -419, 1037, 382, -419, 0, 0, 0
L 1037, 399, -419, 1037, 354, -419, 0, 0, 0
L 1037, 354, -432, 1019, 255, -432, 0, 0, 0
L 1019, 255, -423, 1041, 178, -421, 0, 0, 0
L 1041, 178, -415, 1041, -305, -410, 0, 0, 0
L 1041, -305, -391, 1079, -388, -392, 0, 0, 0
L 1079, -388, -418, 1092, -477, -431, 0, 0, 0
L 1092, -477, -430, 1092, -565, -427, 0, 0, 0
L 1078, -737, -432, 1078, -856, -432, 0, 0, 0
L 1078, -856, -412, 1011, -1007, -417, 0, 0, 0
L 1011, -1007, -416, 1055, -1021, -416, 0, 0, 0
L 1055, -1021, -417, 1052, -1057, -420, 0, 0, 0
L 1052, -1057, -426, 1038, -1099, -427, 0, 0, 0
L 1038, -1099, -432, 1038, -1137, -432, 0, 0, 0
L 1038, -1137, -352, 1443, -1137, -352, 0, 0, 0
L 1443, -1137, -352, 1467, -1283, -352, 0, 0, 0
L 956, -1232, -416, 1065, -1264, -425, 0, 0, 0
L 1065, -1264, -418, 1116, -1298, -418, 0, 0, 0
L 1116, -1298, -389, 1210, -1319, -378, 0, 0, 0
L 1210, -1319, -366, 1290, -1312, -363, 0, 0, 0
L 1290, -1312, -352, 1314, -1315, -344, 0, 0, 0
L -718, -189, -430, -676, -195, -428, 0, 0, 0
L -790, -136, -430, -718, -137, -430, 0, 0, 0
L -790, -133, -430, -790, -136, -430, 0, 0, 0
L -718, -132, -382, -790, -133, -430, 0, 0, 0
L -511, 49, -398, -525, 85, -398, 0, 0, 0
L -511, 24, -398, -511, 49, -398, 0, 0, 0
L -505, 17, -399, -511, 24, -398, 0, 0, 0
L -497, 17, -399, -505, 17, -399, 0, 0, 0
L -497, -4, -399, -497, 17, -399, 0, 0, 0
L -524, -5, -399, -497, -4, -399, 0, 0, 0
L -524, -82, -378, -524, -5, -399, 0, 0, 0
L -509, -82, -378, -524, -82, -378, 0, 0, 0
L -509, -146, -378, -509, -82, -378, 0, 0, 0
L -582, -146, -378, -509, -146, -378, 0, 0, 0
L -582, -126, -378, -582, -146, -378, 0, 0, 0
L -676, -127, -378, -582, -126, -378, 0, 0, 0
L -676, -195, -378, -676, -127, -378, 0, 0, 0
L -718, -132, -376, -718, -189, -378, 0, 0, 0
L -718, 12, -378, -718, -92, -376, 0, 0, 0
L -676, 12, -378, -718, 12, -378, 0, 0, 0
L -675, -102, -378, -676, 12, -378, 0, 0, 0
L -582, -102, -378, -675, -102, -378, 0, 0, 0
L -582, -82, -378, -582, -102, -378, 0, 0, 0
L -544, -82, -378, -582, -82, -378, 0, 0, 0
L -544, 17, -399, -544, -82, -378, 0, 0, 0
L -526, 19, -397, -544, 17, -399, 0, 0, 0
L -525, 52, -398, -526, 19, -397, 0, 0, 0
L -547, 103, -398, -525, 52, -398, 0, 0, 0
L -1405, -1594, -378, -1405, -1493, -376, 0, 0, 0
L -1353, -1594, -378, -1405, -1594, -378, 0, 0, 0
L -1353, -1701, -378, -1353, -1594, -378, 0, 0, 0
L -1248, -1701, -399, -1353, -1701, -378, 0, 0, 0
L -1248, -1739, -399, -1248, -1701, -399, 0, 0, 0
L -1269, -1740, -399, -1248, -1739, -399, 240, 0, 156
L -1270, -1721, -399, -1269, -1740, -399, 0, 0, 0
L -1353, -1721, -378, -1270, -1721, -399, 0, 0, 0
L -1353, -1763, -378, -1353, -1721, -378, 0, 0, 0
L -1407, -1763, -378, -1353, -1763, -378, 0, 0, 0
L -1407, -1773, -378, -1407, -1763, -378, 0, 0, 0
L -1385, -1773, -378, -1407, -1773, -378, 0, 0, 0
L -1385, -1811, -378, -1385, -1773, -378, 0, 0, 0
L -1286, -1811, -399, -1385, -1811, -378, 0, 0, 0
L -1286, -1852, -399, -1286, -1811, -399, 0, 0, 0
L -1307, -1852, -399, -1286, -1852, -399, 240, 0, 142
L -1308, -1831, -399, -1307, -1852, -399, 0, 0, 0
L -1385, -1831, -378, -1308, -1831, -399, 0, 0, 0
L -1385, -1846, -378, -1385, -1831, -378, 0, 0, 0
L -1449, -1846, -378, -1385, -1846, -378, 0, 0, 0
L -1449, -1773, -378, -1449, -1846, -378, 0, 0, 0
L -1427, -1773, -378, -1449, -1773, -378, 0, 0, 0
L -1427, -1763, -378, -1427, -1773, -378, 0, 0, 0
L -1481, -1763, -378, -1427, -1763, -378, 0, 0, 0
L -1481, -1720, -378, -1481, -1763, -378, 0, 0, 0
L -1565, -1722, -399, -1481, -1720, -378, 0, 0, 0
L -1565, -1737, -399, -1565, -1722, -399, 0, 0, 0
L -1586, -1737, -399, -1565, -1737, -399, 240, 0, 116
L -1586, -1701, -399, -1586, -1737, -399, 0, 0, 0
L -1481, -1701, -378, -1586, -1701, -399, 0, 0, 0
L -1481, -1594, -378, -1481, -1701, -378, 0, 0, 0
L -1429, -1594, -378, -1481, -1594, -378, 0, 0, 0
L -1429, -1493, -376, -1429, -1594, -378, 0, 0, 0
L -1536, -1494, -378, -1429, -1493, -376, 0, 0, 0
L -1536, -1528, -377, -1536, -1494, -378, 0, 0, 0
L -1543, -1526, -377, -1536, -1528, -377, 0, 0, 0
L -1292, -1451, -378, -1291, -1546, -375, 0, 0, 0
L -1399, -1451, -378, -1292, -1451, -378, 0, 0, 0
L -1398, -1353, -428, -1399, -1451, -378, 0, 0, 0
L -1395, -1353, -428, -1398, -1353, -428, 0, 0, 0
L -1394, -1361, -428, -1395, -1353, -428, 0, 0, 0
L -1298, -1546, -378, -1291, -1546, -378, 0, 0, 0
L -1299, -1493, -378, -1298, -1546, -378, 0, 0, 0
L -1405, -1493, -376, -1299, -1493, -378, 0, 0, 0
L -1543, -1451, -378, -1543, -1526, -378, 0, 0, 0
L -1435, -1451, -378, -1543, -1451, -378, 0, 0, 0
L -1436, -1354, -427, -1435, -1451, -378, 0, 0, 0
L -1440, -1354, -428, -1436, -1354, -427, 0, 0, 0
L -1440, -1451, -430, -1440, -1354, -428, 0, 0, 0
L -2179, -627, -428, -2284, -627, -428, 0, 0, 0
L -2179, -623, -428, -2179, -627, -428, 0, 0, 0
L -2284, -623, -378, -2179, -623, -428, 0, 0, 0
L -2284, -627, -378, -2284, -623, -378, 0, 0, 0
L -2278, -728, -378, -2277, -627, -378, 0, 0, 0
L -2351, -729, -378, -2278, -728, -378, 0, 0, 0
L -2350, -723, -378, -2351, -729, -378, 0, 0, 0
L -2318, -722, -378, -2350, -723, -378, 0, 0, 0
L -2318, -616, -376, -2318, -722, -378, 0, 0, 0
L -2419, -616, -378, -2318, -616, -376, 0, 0, 0
L -2419, -668, -378, -2419, -616, -378, 0, 0, 0
L -2526, -668, -378, -2419, -668, -378, 0, 0, 0
L -2526, -678, -378, -2526, -668, -378, 0, 0, 0
L -2504, -678, -378, -2526, -678, -378, 0, 0, 0
L -2504, -716, -378, -2504, -678, -378, 0, 0, 0
L -2405, -716, -399, -2504, -716, -378, 0, 0, 0
L -2405, -759, -399, -2405, -716, -399, 0, 0, 0
L -2426, -758, -399, -2405, -759, -399, 240, 0, 136
L -2426, -736, -399, -2426, -758, -399, 0, 0, 0
L -2504, -736, -378, -2426, -736, -399, 0, 0, 0
L -2504, -751, -378, -2504, -736, -378, 0, 0, 0
L -2568, -751, -378, -2504, -751, -378, 0, 0, 0
L -2568, -678, -378, -2568, -751, -378, 0, 0, 0
L -2546, -678, -378, -2568, -678, -378, 0, 0, 0
L -2546, -668, -378, -2546, -678, -378, 0, 0, 0
L -2588, -668, -378, -2546, -668, -378, 0, 0, 0
L -2588, -540, -378, -2588, -598, -378, 0, 0, 0
L -2588, -609, -378, -2588, -668, -378, 0, 0, 0
L -2546, -540, -378, -2588, -540, -378, 0, 0, 0
L -2546, -530, -378, -2546, -540, -378, 0, 0, 0
L -2568, -530, -378, -2546, -530, -378, 0, 0, 0
L -2568, -492, -378, -2568, -530, -378, 0, 0, 0
L -2667, -492, -399, -2568, -492, -378, 0, 0, 0
L -2667, -450, -399, -2667, -492, -399, 0, 0, 0
L -2646, -450, -399, -2667, -450, -399, 240, 0, 156
L -2644, -472, -399, -2646, -450, -399, 0, 0, 0
L -2568, -472, -378, -2644, -472, -399, 0, 0, 0
L -2568, -457, -378, -2568, -472, -378, 0, 0, 0
L -2504, -457, -378, -2568, -457, -378, 0, 0, 0
L -2504, -530, -378, -2504, -457, -378, 0, 0, 0
L -2526, -530, -378, -2504, -530, -378, 0, 0, 0
L -2526, -540, -378, -2526, -530, -378, 0, 0, 0
L -2419, -540, -378, -2526, -540, -378, 0, 0, 0
L -2419, -592, -378, -2419, -540, -378, 0, 0, 0
L -2318, -592, -376, -2419, -592, -378, 0, 0, 0
L -2319, -485, -378, -2318, -592, -376, 0, 0, 0
L -2358, -485, -378, -2319, -485, -378, 0, 0, 0
L -2365, -478, -377, -2358, -485, -378, 0, 0, 0
L -2276, -478, -378, -2365, -478, -377, 0, 0, 0
L -2276, -581, -378, -2276, -478, -378, 0, 0, 0
L -2284, -581, -378, -2179, -581, -378, 0, 0, 0
L -2284, -585, -378, -2284, -581, -378, 0, 0, 0
L -2179, -585, -428, -2284, -585, -378, 0, 0, 0
L -2179, -581, -428, -2179, -585, -428, 0, 0, 0
L -1640, 684, -436, -1641, 706, -436, 0, 0, 0
L -1563, 684, -415, -1640, 684, -436, 0, 0, 0
L -1563, 699, -415, -1563, 684, -415, 0, 0, 0
L -1499, 699, -415, -1563, 699, -415, 0, 0, 0
L -1499, 626, -415, -1499, 699, -415, 0, 0, 0
L -1521, 626, -415, -1499, 626, -415, 0, 0, 0
L -1521, 616, -415, -1521, 626, -415, 0, 0, 0
L -1471, 616, -415, -1521, 616, -415, 0, 0, 0
L -1471, 626, -415, -1471, 616, -415, 0, 0, 0
L -1493, 626, -415, -1471, 626, -415, 0, 0, 0
L -1493, 699, -415, -1493, 626, -415, 0, 0, 0
L -1429, 699, -415, -1493, 699, -415, 0, 0, 0
L -1429, 684, -415, -1429, 699, -415, 0, 0, 0
L -1351, 684, -415, -1429, 684, -415, 0, 0, 0
L -1351, 706, -436, -1351, 684, -436, 0, 0, 0
L -1330, 706, -436, -1351, 706, -436, 240, 0, 156
L -1330, 664, -436, -1330, 706, -436, 0, 0, 0
L -1429, 664, -415, -1330, 664, -436, 0, 0, 0
L -1429, 626, -415, -1429, 664, -415, 0, 0, 0
L -1451, 626, -415, -1429, 626, -415, 0, 0, 0
L -1451, 616, -415, -1451, 626, -415, 0, 0, 0
L -1386, 616, -415, -1451, 616, -415, 0, 0, 0
L -1386, 509, -415, -1386, 616, -415, 0, 0, 0
L -1485, 509, -394, -1386, 509, -415, 0, 0, 0
L -1485, 402, -394, -1485, 509, -394, 0, 0, 0
L -1537, 402, -394, -1485, 402, -394, 0, 0, 0
L -1537, 272, -376, -1537, 402, -378, 0, 0, 0
L -1423, 273, -378, -1537, 272, -376, 0, 0, 0
L -1423, 230, -378, -1423, 273, -378, 0, 0, 0
L -1531, 230, -378, -1423, 230, -378, 0, 0, 0
L -1674, 230, -378, -1674, 272, -378, 0, 0, 0
L -1567, 230, -378, -1674, 230, -378, 0, 0, 0
L -1561, 272, -376, -1674, 272, -378, 0, 0, 0
L -1561, 402, -378, -1561, 272, -376, 0, 0, 0
L -1613, 402, -394, -1561, 402, -394, 0, 0, 0
L -1613, 509, -394, -1613, 402, -394, 0, 0, 0
L -1623, 509, -394, -1613, 509, -394, 0, 0, 0
L -1623, 487, -394, -1623, 509, -394, 0, 0, 0
L -1661, 487, -394, -1623, 487, -394, 0, 0, 0
L -1661, 388, -415, -1661, 487, -394, 0, 0, 0
L -1698, 388, -415, -1661, 388, -415, 0, 0, 0
L -1698, 409, -415, -1698, 388, -415, 240, 0, 136
L -1681, 409, -415, -1698, 409, -415, 0, 0, 0
L -1681, 487, -394, -1681, 409, -394, 0, 0, 0
L -1696, 487, -394, -1681, 487, -394, 0, 0, 0
L -1696, 551, -394, -1696, 487, -394, 0, 0, 0
L -1623, 551, -394, -1696, 551, -394, 0, 0, 0
L -1623, 529, -394, -1623, 551, -394, 0, 0, 0
L -1613, 529, -394, -1623, 529, -394, 0, 0, 0
L -1613, 571, -394, -1613, 529, -394, 0, 0, 0
L -1485, 571, -394, -1613, 571, -394, 0, 0, 0
L -1485, 529, -394, -1485, 571, -394, 0, 0, 0
L -1407, 529, -394, -1485, 529, -394, 0, 0, 0
L -1408, 595, -415, -1407, 529, -415, 0, 0, 0
L -1543, 595, -415, -1408, 595, -415, 0, 0, 0
L -1543, 626, -415, -1543, 595, -415, 0, 0, 0
L -1563, 626, -415, -1543, 626, -415, 0, 0, 0
L -1563, 665, -415, -1563, 626, -415, 0, 0, 0
L -1661, 665, -435, -1563, 665, -414, 0, 0, 0
L -1661, 705, -435, -1661, 665, -435, 0, 0, 0
L -1642, 705, -435, -1661, 705, -435, 240, 0, 136
L -1935, -264, -384, -1935, -268, -384, 0, 0, 0
L -1964, -264, -384, -1935, -264, -384, 0, 0, 0
L -1964, -194, -384, -1964, -264, -384, 0, 0, 0
L -1890, -194, -384, -1964, -194, -384, 0, 0, 0
L -1890, -222, -384, -1890, -194, -384, 0, 0, 0
L -1886, -222, -384, -1890, -222, -384, 0, 0, 0
L -1886, -197, -384, -1886, -222, -384, 0, 0, 0
L -1884, -197, -384, -1886, -197, -384, 0, 0, 0
L -1883, -156, -406, -1884, -197, -384, 0, 0, 0
L -1888, -155, -406, -1883, -156, -406, 0, 0, 0
L -1888, -196, -406, -1888, -155, -406, 0, 0, 0
L -1961, -196, -406, -1888, -196, -406, 0, 0, 0
L -1962, -266, -406, -1961, -196, -406, 0, 0, 0
L -2002, -267, -406, -1962, -266, -406, 0, 0, 0
L -2003, -270, -406, -2002, -267, -406, 0, 0, 0
L -1965, -270, -385, -2003, -270, -406, 0, 0, 0
L -1935, -268, -384, -1965, -270, -385, 0, 0, 0
L -1915, -264, -384, -1915, -268, -384, 0, 0, 0
L -1890, -264, -384, -1915, -264, -384, 0, 0, 0
L -1890, -242, -384, -1890, -264, -384, 0, 0, 0
L -1886, -242, -384, -1890, -242, -384, 0, 0, 0
L -1887, -267, -384, -1886, -242, -384, 0, 0, 0
L -1915, -268, -384, -1887, -267, -384, 0, 0, 0
L -1789, -360, -348, -1789, -420, -348, 0, 0, 0
L -1725, -360, -348, -1789, -360, -348, 0, 0, 0
L -1725, -326, -362, -1725, -360, -348, 0, 0, 0
L -1823, -327, -362, -1725, -326, -362, 0, 0, 0
L -1823, -420, -362, -1823, -327, -362, 0, 0, 0
L -1789, -420, -348, -1823, -420, -362, 0, 0, 0
L -1754, -517, -331, -1754, -548, -331, 0, 0, 0
L -1714, -517, -331, -1754, -517, -331, 0, 0, 0
L -1714, -435, -331, -1714, -517, -331, 0, 0, 0
L -1619, -434, -331, -1714, -435, -331, 0, 0, 0
L -1619, -395, -331, -1619, -434, -331, 0, 0, 0
L -1601, -395, -331, -1619, -395, -331, 0, 0, 0
L -1601, -326, -362, -1601, -395, -331, 0, 0, 0
L -1693, -326, -362, -1601, -326, -362, 0, 0, 0
L -1693, -360, -348, -1693, -326, -362, 0, 0, 0
L -1623, -360, -348, -1693, -360, -348, 0, 0, 0
L -1623, -430, -348, -1623, -360, -348, 0, 0, 0
L -1646, -430, -348, -1623, -430, -348, 0, 0, 0
L -1696, -431, -371, -1646, -430, -348, 0, 0, 0
L -1696, -444, -371, -1696, -431, -371, 0, 0, 0
L -1717, -443, -371, -1696, -444, -371, 240, 0, 149
L -1717, -402, -371, -1717, -443, -371, 0, 0, 0
L -1695, -402, -371, -1717, -402, -371, 0, 0, 0
L -1645, -401, -348, -1695, -402, -371, 0, 0, 0
L -1646, -394, -348, -1645, -401, -348, 0, 0, 0
L -1719, -395, -348, -1646, -394, -348, 0, 0, 0
L -1719, -512, -348, -1719, -395, -348, 0, 0, 0
L -1789, -512, -348, -1719, -512, -348, 0, 0, 0
L -1789, -452, -348, -1789, -512, -348, 0, 0, 0
L -1823, -452, -362, -1789, -452, -348, 0, 0, 0
L -1823, -548, -362, -1823, -452, -362, 0, 0, 0
L -1754, -548, -331, -1823, -548, -362, 0, 0, 0
L -1547, -517, -331, -1617, -518, -331, 0, 0, 0
L -1547, -430, -329, -1547, -517, -331, 0, 0, 0
L -1541, -429, -329, -1547, -430, -329, 0, 0, 0
L -1541, -420, -329, -1541, -429, -329, 0, 0, 0
L -1555, -420, -329, -1541, -420, -329, 0, 0, 0
L -1555, -430, -329, -1555, -420, -329, 0, 0, 0
L -1551, -430, -329, -1555, -430, -329, 0, 0, 0
L -1551, -514, -331, -1551, -430, -329, 0, 0, 0
L -1621, -515, -331, -1551, -514, -331, 0, 0, 0
L -1621, -584, -331, -1621, -515, -331, 0, 0, 0
L -1705, -584, -329, -1621, -584, -331, 0, 0, 0
L -1705, -580, -329, -1705, -584, -329, 0, 0, 0
L -1715, -579, -331, -1705, -580, -329, 0, 0, 0
L -1715, -594, -329, -1715, -579, -331, 0, 0, 0
L -1705, -594, -331, -1715, -594, -329, 0, 0, 0
L -1705, -588, -330, -1705, -594, -331, 0, 0, 0
L -1617, -587, -331, -1705, -588, -330, 0, 0, 0
L -1617, -518, -331, -1617, -587, -331, 0, 0, 0
L -1388, -588, -331, -1389, -518, -331, 0, 0, 0
L -1301, -588, -329, -1388, -588, -331, 0, 0, 0
L -1301, -595, -331, -1301, -588, -329, 0, 0, 0
L -1291, -595, -331, -1301, -595, -331, 0, 0, 0
L -1291, -580, -329, -1291, -595, -331, 0, 0, 0
L -1301, -580, -329, -1291, -580, -329, 0, 0, 0
L -1301, -584, -330, -1301, -580, -329, 0, 0, 0
L -1385, -584, -331, -1301, -584, -330, 0, 0, 0
L -1386, -514, -331, -1385, -584, -331, 0, 0, 0
L -1455, -514, -331, -1386, -514, -331, 0, 0, 0
L -1455, -430, -329, -1455, -514, -331, 0, 0, 0
L -1450, -430, -331, -1455, -430, -329, 0, 0, 0
L -1450, -420, -331, -1450, -430, -331, 0, 0, 0
L -1465, -419, -331, -1450, -420, -331, 0, 0, 0
L -1465, -430, -329, -1465, -419, -331, 0, 0, 0
L -1459, -430, -329, -1465, -430, -329, 0, 0, 0
L -1458, -518, -331, -1459, -430, -329, 0, 0, 0
L -1389, -518, -331, -1458, -518, -331, 0, 0, 0
L -1465, -834, -329, -1459, -834, -329, 0, 0, 0
L -1465, -844, -329, -1465, -834, -329, 0, 0, 0
L -1451, -844, -329, -1465, -844, -329, 0, 0, 0
L -1451, -834, -331, -1451, -844, -329, 0, 0, 0
L -1455, -834, -329, -1451, -834, -331, 0, 0, 0
L -1455, -750, -331, -1455, -834, -329, 0, 0, 0
L -1385, -749, -331, -1455, -750, -331, 0, 0, 0
L -1385, -680, -331, -1385, -749, -331, 0, 0, 0
L -1301, -680, -329, -1385, -680, -331, 0, 0, 0
L -1301, -684, -329, -1301, -680, -329, 0, 0, 0
L -1291, -685, -331, -1301, -684, -329, 0, 0, 0
L -1291, -670, -329, -1291, -685, -331, 0, 0, 0
L -1301, -669, -331, -1291, -670, -329, 0, 0, 0
L -1301, -676, -329, -1301, -669, -331, 0, 0, 0
L -1389, -677, -331, -1301, -676, -329, 0, 0, 0
L -1389, -746, -331, -1389, -677, -331, 0, 0, 0
L -1459, -747, -331, -1389, -746, -331, 0, 0, 0
L -1459, -834, -329, -1459, -747, -331, 0, 0, 0
L -1620, -750, -331, -1621, -680, -331, 0, 0, 0
L -1551, -750, -331, -1620, -750, -331, 0, 0, 0
L -1551, -833, -331, -1551, -750, -331, 0, 0, 0
L -1556, -834, -331, -1551, -833, -331, 0, 0, 0
L -1557, -844, -331, -1556, -834, -331, 0, 0, 0
L -1540, -844, -331, -1557, -844, -331, 0, 0, 0
L -1540, -834, -331, -1540, -844, -331, 0, 0, 0
L -1547, -834, -329, -1540, -834, -331, 0, 0, 0
L -1548, -746, -331, -1547, -834, -329, 0, 0, 0
L -1617, -746, -331, -1548, -746, -331, 0, 0, 0
L -1618, -676, -331, -1617, -746, -331, 0, 0, 0
L -1705, -676, -329, -1618, -676, -331, 0, 0, 0
L -1705, -670, -329, -1705, -676, -329, 0, 0, 0
L -1715, -670, -329, -1705, -670, -329, 0, 0, 0
L -1715, -684, -329, -1715, -670, -329, 0, 0, 0
L -1705, -684, -329, -1715, -684, -329, 0, 0, 0
L -1705, -680, -329, -1705, -684, -329, 0, 0, 0
L -1621, -680, -331, -1705, -680, -329, 0, 0, 0
L -1618, -869, -331, -1601, -869, -331, 0, 0, 0
L -1619, -829, -331, -1618, -869, -331, 0, 0, 0
L -1714, -829, -331, -1619, -829, -331, 0, 0, 0
L -1714, -747, -331, -1714, -829, -331, 0, 0, 0
L -1754, -747, -331, -1714, -747, -331, 0, 0, 0
L -1754, -717, -331, -1754, -747, -331, 0, 0, 0
L -1823, -717, -331, -1754, -717, -331, 0, 0, 0
L -1823, -812, -362, -1823, -717, -362, 0, 0, 0
L -1789, -812, -348, -1823, -812, -362, 0, 0, 0
L -1823, -844, -362, -1789, -844, -348, 0, 0, 0
L -1822, -938, -362, -1823, -844, -362, 0, 0, 0
L -1725, -938, -362, -1822, -938, -362, 0, 0, 0
L -1724, -904, -348, -1725, -938, -362, 0, 0, 0
L -1693, -938, -362, -1693, -904, -348, 0, 0, 0
L -1600, -938, -362, -1693, -938, -362, 0, 0, 0
L -1601, -869, -331, -1600, -938, -362, 0, 0, 0
L -1695, -834, -371, -1696, -815, -371, 0, 0, 0
L -1646, -834, -348, -1695, -834, -371, 0, 0, 0
L -1623, -834, -348, -1646, -834, -348, 0, 0, 0
L -1623, -904, -348, -1623, -834, -348, 0, 0, 0
L -1693, -904, -348, -1623, -904, -348, 0, 0, 0
L -1789, -904, -348, -1724, -904, -348, 0, 0, 0
L -1789, -844, -348, -1789, -904, -348, 0, 0, 0
L -1789, -752, -348, -1789, -812, -348, 0, 0, 0
L -1719, -752, -348, -1789, -752, -348, 0, 0, 0
L -1718, -870, -348, -1719, -752, -348, 0, 0, 0
L -1646, -870, -348, -1718, -870, -348, 0, 0, 0
L -1646, -862, -348, -1646, -870, -348, 0, 0, 0
L -1695, -862, -371, -1646, -862, -348, 0, 0, 0
L -1717, -862, -371, -1695, -862, -371, 0, 0, 0
L -1717, -815, -371, -1717, -862, -371, 0, 0, 0
L -1696, -815, -371, -1717, -815, -371, 240, 0, 149
L -1154, -722, -402, -1145, -722, -402, 0, 0, 0
L -1154, -540, -369, -1154, -722, -402, 0, 0, 0
L -1145, -540, -402, -1154, -540, -402, 0, 0, 0
L -1145, -722, -429, -1145, -540, -402, 0, 0, 0
L -972, -600, -429, -1110, -600, -429, 0, 0, 0
L -972, -604, -429, -972, -600, -429, 0, 0, 0
L -1116, -604, -429, -972, -604, -429, 0, 0, 0
L -1116, -505, -402, -1116, -604, -429, 0, 0, 0
L -1182, -505, -402, -1116, -505, -402, 0, 0, 0
L -1182, -600, -402, -1182, -505, -402, 0, 0, 0
L -1269, -600, -331, -1182, -600, -369, 0, 0, 0
L -1269, -482, -331, -1269, -600, -331, 0, 0, 0
L -1392, -482, -331, -1269, -482, -331, 0, 0, 0
L -1392, -395, -331, -1392, -482, -331, 0, 0, 0
L -1567, -395, -331, -1392, -395, -331, 0, 0, 0
L -1567, -276, -362, -1567, -395, -362, 0, 0, 0
L -1776, -276, -362, -1567, -276, -362, 0, 0, 0
L -1776, -203, -384, -1776, -276, -384, 0, 0, 0
L -1850, -203, -384, -1776, -203, -384, 0, 0, 0
L -1850, -131, -406, -1850, -203, -406, 0, 0, 0
L -1925, -131, -406, -1850, -131, -406, 0, 0, 0
L -1925, -107, -430, -1925, -154, -406, 0, 0, 0
L -1957, -107, -430, -1957, -153, -406, 0, 0, 0
L -2032, -131, -406, -1957, -131, -406, 0, 0, 0
L -2032, -194, -406, -2032, -131, -406, 0, 0, 0
L -2031, -195, -406, -2032, -194, -406, 0, 0, 0
L -2032, -201, -406, -2031, -195, -406, 0, 0, 0
L -2055, -201, -430, -2009, -201, -406, 0, 0, 0
L -2055, -233, -430, -2009, -233, -406, 0, 0, 0
L -2031, -304, -406, -2031, -233, -406, 0, 0, 0
L -1955, -304, -406, -2031, -304, -406, 0, 0, 0
L -1955, -373, -384, -1955, -304, -384, 0, 0, 0
L -1878, -373, -384, -1955, -373, -384, 0, 0, 0
L -1878, -581, -362, -1878, -373, -362, 0, 0, 0
L -1877, -582, -362, -1878, -581, -362, 0, 0, 0
L -1754, -582, -362, -1877, -582, -362, 0, 0, 0
L -1754, -682, -331, -1754, -582, -331, 0, 0, 0
L -1877, -682, -362, -1754, -682, -362, 0, 0, 0
L -1878, -683, -362, -1877, -682, -362, 0, 0, 0
L -1878, -891, -362, -1878, -683, -362, 0, 0, 0
L -1954, -891, -384, -1878, -891, -384, 0, 0, 0
L -1955, -892, -384, -1954, -891, -384, 0, 0, 0
L -1955, -955, -384, -1955, -892, -384, 0, 0, 0
L -2031, -955, -406, -1955, -955, -384, 0, 0, 0
L -2031, -1031, -406, -2031, -955, -406, 0, 0, 0
L -2055, -1031, -430, -2009, -1031, -406, 0, 0, 0
L -2055, -1063, -430, -2009, -1063, -406, 0, 0, 0
L -2031, -1133, -406, -2031, -1063, -406, 0, 0, 0
L -1957, -1133, -406, -2031, -1133, -406, 0, 0, 0
L -1925, -1157, -432, -1925, -1110, -408, 0, 0, 0
L -1957, -1157, -430, -1957, -1110, -406, 0, 0, 0
L -1850, -1133, -406, -1923, -1133, -406, 0, 0, 0
L -1850, -1061, -406, -1850, -1133, -406, 0, 0, 0
L -1776, -1061, -384, -1850, -1061, -384, 0, 0, 0
L -1776, -988, -384, -1776, -1061, -384, 0, 0, 0
L -1567, -988, -362, -1776, -988, -362, 0, 0, 0
L -1567, -869, -362, -1567, -988, -362, 0, 0, 0
L -1392, -869, -331, -1567, -869, -331, 0, 0, 0
L -1392, -782, -331, -1392, -869, -331, 0, 0, 0
L -1269, -782, -331, -1392, -782, -331, 0, 0, 0
L -1269, -663, -331, -1269, -782, -331, 0, 0, 0
L -1182, -663, -331, -1269, -663, -331, 0, 0, 0
L -1182, -758, -402, -1182, -663, -369, 0, 0, 0
L -1116, -758, -402, -1182, -758, -402, 0, 0, 0
L -1116, -659, -402, -1116, -758, -402, 0, 0, 0
L -971, -659, -429, -1116, -659, -429, 0, 0, 0
L -972, -663, -429, -971, -659, -429, 0, 0, 0
L -1110, -663, -429, -972, -663, -429, 0, 0, 0
L -1111, -764, -430, -1110, -663, -429, 0, 0, 0
L -1188, -763, -430, -1111, -764, -430, 0, 0, 0
L -1188, -669, -430, -1188, -763, -430, 0, 0, 0
L -1215, -669, -430, -1188, -669, -430, 0, 0, 0
L -1216, -836, -430, -1215, -669, -430, 0, 0, 0
L -1338, -836, -430, -1216, -836, -430, 0, 0, 0
L -1338, -923, -430, -1338, -836, -430, 0, 0, 0
L -1560, -923, -430, -1338, -923, -430, 0, 0, 0
L -1560, -994, -430, -1560, -923, -430, 0, 0, 0
L -1769, -995, -430, -1560, -994, -430, 0, 0, 0
L -1770, -1068, -430, -1769, -995, -430, 0, 0, 0
L -1827, -1068, -430, -1770, -1068, -430, 0, 0, 0
L -1828, -1157, -430, -1827, -1068, -430, 0, 0, 0
L -1925, -1157, -430, -1828, -1157, -430, 0, 0, 0
L -2055, -1156, -430, -1957, -1157, -430, 0, 0, 0
L -2055, -1063, -430, -2055, -1156, -430, 0, 0, 0
L -2054, -937, -430, -2055, -1031, -430, 0, 0, 0
L -1962, -937, -430, -2054, -937, -430, 0, 0, 0
L -1961, -884, -430, -1962, -937, -430, 0, 0, 0
L -1885, -884, -430, -1961, -884, -430, 0, 0, 0
L -1885, -752, -428, -1885, -884, -430, 0, 0, 0
L -1960, -752, -428, -1885, -752, -428, 0, 0, 0
L -1961, -679, -427, -1960, -752, -428, 0, 0, 0
L -1961, -602, -427, -1961, -659, -427, 0, 0, 0
L -1963, -510, -430, -1961, -582, -427, 0, 0, 0
L -1885, -510, -430, -1963, -510, -430, 0, 0, 0
L -1885, -380, -430, -1885, -510, -430, 0, 0, 0
L -1962, -380, -430, -1885, -380, -430, 0, 0, 0
L -1962, -327, -430, -1962, -380, -430, 0, 0, 0
L -2055, -326, -430, -1962, -327, -430, 0, 0, 0
L -2055, -233, -430, -2055, -326, -430, 0, 0, 0
L -2054, -107, -430, -2055, -200, -430, 0, 0, 0
L -1957, -107, -430, -2054, -107, -430, 0, 0, 0
L -1827, -108, -430, -1925, -107, -430, 0, 0, 0
L -1827, -196, -430, -1827, -108, -430, 0, 0, 0
L -1769, -197, -430, -1827, -196, -430, 0, 0, 0
L -1769, -269, -430, -1769, -197, -430, 0, 0, 0
L -1560, -269, -430, -1769, -269, -430, 0, 0, 0
L -1560, -341, -430, -1560, -269, -430, 0, 0, 0
L -1337, -343, -430, -1560, -341, -430, 0, 0, 0
L -1338, -428, -430, -1337, -343, -430, 0, 0, 0
L -1215, -429, -430, -1338, -428, -430, 0, 0, 0
L -1215, -594, -430, -1215, -429, -430, 0, 0, 0
L -1188, -594, -430, -1215, -594, -430, 0, 0, 0
L -1188, -499, -430, -1188, -594, -430, 0, 0, 0
L -1110, -500, -430, -1188, -499, -430, 0, 0, 0
L -1110, -600, -429, -1110, -500, -430, 0, 0, 0
L -1014, -182, -428, -1061, -79, -428, 127, 127, 127
L -982, -425, -428, -1014, -182, -428, 127, 127, 127
L -943, -560, -428, -982, -425, -428, 127, 127, 127
L -960, -631, -430, -943, -560, -428, 127, 127, 127
L -943, -704, -428, -960, -631, -430, 127, 127, 127
L -1015, -964, -428, -943, -704, -428, 127, 127, 127
L -1208, -1020, -428, -1015, -964, -428, 127, 127, 127
L -1331, -1222, -428, -1208, -1020, -428, 127, 127, 127
L -1476, -1205, -428, -1331, -1222, -428, 127, 127, 127
L -1678, -1217, -428, -1476, -1205, -428, 127, 127, 127
L -1957, -1311, -428, -1678, -1217, -428, 127, 127, 127
L -2049, -1223, -428, -1957, -1311, -428, 127, 127, 127
L -2138, -1113, -428, -2049, -1223, -428, 127, 127, 127
L -2138, -968, -428, -2138, -1113, -428, 127, 127, 127
L -2097, -822, -428, -2138, -968, -428, 127, 127, 127
L -2096, -678, -428, -2097, -822, -428, 127, 127, 127
L -2036, -663, -428, -2096, -678, -428, 127, 127, 127
L -1962, -694, -429, -2036, -663, -428, 127, 127, 127
L -2037, -599, -428, -1962, -569, -429, 127, 127, 127
L -2097, -615, -428, -2037, -599, -428, 127, 127, 127
L -2097, -428, -428, -2097, -615, -428, 127, 127, 127
L -2210, -168, -428, -2097, -428, -428, 127, 127, 127
L -2151, -36, -428, -2210, -168, -428, 127, 127, 127
L -2067, -5, -428, -2151, -36, -428, 127, 127, 127
L -1965, -37, -428, -2067, -5, -428, 127, 127, 127
L -1807, -12, -428, -1965, -37, -428, 127, 127, 127
L -1609, 28, -428, -1807, -12, -428, 127, 127, 127
L -1462, -12, -428, -1609, 28, -428, 127, 127, 127
L -1217, 2, -428, -1462, -12, -428, 127, 127, 127
L -1060, -80, -428, -1217, 2, -428, 127, 127, 127
L -1444, -1361, -428, -1440, -1361, -428, 127, 127, 127
L -1504, -1287, -428, -1444, -1361, -428, 127, 127, 127
L -1709, -1300, -428, -1504, -1287, -428, 127, 127, 127
L -1956, -1367, -428, -1709, -1300, -428, 127, 127, 127
L -2076, -1315, -430, -1956, -1367, -428, 127, 127, 127
L -2177, -1142, -428, -2076, -1315, -430, 127, 127, 127
L -2192, -950, -428, -2177, -1142, -428, 127, 127, 127
L -2133, -821, -428, -2192, -950, -428, 127, 127, 127
L -2134, -644, -428, -2133, -821, -428, 127, 127, 127
L -2185, -629, -428, -2134, -644, -428, 127, 127, 127
L -2185, -627, -428, -2185, -629, -428, 127, 127, 127
L -2185, -579, -428, -2185, -581, -428, 127, 127, 127
L -2133, -548, -428, -2185, -579, -428, 127, 127, 127
L -2134, -427, -428, -2133, -548, -428, 127, 127, 127
L -2241, -192, -428, -2134, -427, -428, 127, 127, 127
L -2208, -5, -428, -2241, -192, -428, 127, 127, 127
L -2104, 40, -428, -2208, -5, -428, 127, 127, 127
L -1972, 53, -428, -2104, 40, -428, 127, 127, 127
L -1830, 32, -428, -1972, 53, -428, 127, 127, 127
L -1601, 78, -428, -1830, 32, -428, 127, 127, 127
L -1574, 140, -428, -1601, 78, -428, 127, 127, 127
L -1572, 140, -428, -1574, 140, -428, 0, 0, 0
L -1572, 133, -428, -1572, 230, -430, 0, 0, 0
L -1567, 133, -428, -1572, 133, -428, 0, 0, 0
L -1567, 230, -378, -1567, 133, -428, 0, 0, 0
L -1530, 133, -428, -1531, 230, -378, 0, 0, 0
L -1526, 133, -428, -1530, 133, -428, 0, 0, 0
L -1526, 140, -428, -1526, 133, -428, 0, 0, 0
L -1526, 230, -430, -1523, 230, -430, 0, 0, 0
L -1526, 140, -428, -1526, 230, -430, 0, 0, 0
L -1523, 140, -428, -1526, 140, -428, 0, 0, 0
L -1482, 81, -428, -1523, 140, -428, 127, 127, 127
L -1237, 95, -428, -1482, 81, -428, 127, 127, 127
L -933, -97, -428, -1237, 95, -428, 127, 127, 127
L -809, -87, -428, -933, -97, -428, 127, 127, 127
L -940, -425, -428, -910, -163, -428, 127, 127, 127
L -900, -560, -428, -940, -425, -428, 127, 127, 127
L -924, -632, -428, -900, -560, -428, 127, 127, 127
L -900, -704, -428, -924, -632, -428, 127, 127, 127
L -921, -1015, -428, -900, -704, -428, 127, 127, 127
L -1180, -1114, -428, -921, -1015, -428, 127, 127, 127
L -1218, -1287, -428, -1180, -1114, -428, 127, 127, 127
L -1360, -1287, -428, -1218, -1287, -428, 127, 127, 127
L -1390, -1361, -428, -1360, -1287, -428, 127, 127, 127
L -1394, -1362, -430, -1390, -1361, -428, 127, 127, 127
L -1394, -1451, -430, -1394, -1362, -430, 0, 0, 0
L 1001, -668, -406, 1008, -667, -408, 0, 0, 0
L 1001, -698, -406, 1001, -668, -406, 0, 0, 0
L 1031, -698, -406, 1001, -698, -406, 0, 0, 0
L 1031, -691, -407, 1031, -698, -406, 0, 0, 0
L 1008, -691, -405, 1031, -691, -407, 0, 0, 0
L 1008, -667, -407, 1008, -691, -405, 0, 0, 0
L 1031, -623, -407, 1031, -615, -405, 0, 0, 0
L 1008, -623, -405, 1031, -623, -407, 0, 0, 0
L 1008, -646, -407, 1008, -623, -405, 0, 0, 0
L 1000, -646, -405, 1008, -646, -407, 0, 0, 0
L 1000, -615, -404, 1000, -646, -405, 0, 0, 0
L 1031, -615, -405, 1000, -615, -405, 0, 0, 0
L 1032, -577, -407, 1101, -578, -407, 0, 0, 0
L 987, -585, -407, 987, -575, -407, 0, 0, 0
L 978, -586, -407, 987, -585, -407, 0, 0, 0
L 979, -728, -407, 978, -586, -407, 0, 0, 0
L 988, -728, -407, 979, -728, -407, 0, 0, 0
L 987, -737, -407, 988, -728, -407, 0, 0, 0
L 1004, -737, -407, 987, -737, -407, 0, 0, 0
L 1064, -564, -429, 1092, -565, -427, 0, 0, 0
L 1060, -556, -428, 1064, -564, -429, 0, 0, 0
L 1049, -545, -427, 1060, -556, -428, 0, 0, 0
L 1039, -544, -427, 1049, -545, -427, 0, 0, 0
L 1039, -533, -429, 1039, -544, -427, 0, 0, 0
L 1035, -533, -427, 1039, -533, -429, 0, 0, 0
L 1032, -577, -420, 1035, -533, -427, 0, 0, 0
L 987, -575, -407, 1003, -576, -407, 0, 0, 0
L 1004, -536, -428, 1003, -576, -407, 0, 0, 0
L 1000, -536, -428, 1004, -536, -428, 0, 0, 0
L 998, -565, -429, 1000, -536, -428, 0, 0, 0
L 967, -565, -429, 998, -565, -429, 0, 0, 0
L 968, -613, -428, 967, -565, -429, 0, 0, 0
L 957, -617, -428, 968, -613, -428, 0, 0, 0
L 952, -627, -427, 957, -617, -428, 0, 0, 0
L 954, -636, -428, 952, -627, -427, 0, 0, 0
L 933, -638, -428, 954, -636, -428, 0, 0, 0
L 933, -642, -427, 933, -638, -428, 0, 0, 0
L 979, -642, -406, 933, -642, -427, 0, 0, 0
L 951, -673, -417, 978, -673, -407, 0, 0, 0
L 953, -677, -429, 951, -673, -429, 0, 0, 0
L 959, -678, -426, 953, -677, -429, 0, 0, 0
L 969, -749, -428, 959, -678, -426, 0, 0, 0
L 998, -756, -426, 969, -749, -428, 0, 0, 0
L 1000, -775, -429, 998, -756, -426, 0, 0, 0
L 1003, -775, -429, 1000, -775, -429, 0, 0, 0
L 1004, -737, -407, 1003, -775, -429, 0, 0, 0
L 1035, -779, -428, 1035, -736, -407, 0, 0, 0
L 1038, -779, -429, 1035, -779, -428, 0, 0, 0
L 1039, -736, -407, 1038, -779, -429, 0, 0, 0
L 1100, -737, -404, 1035, -736, -407, 0, 0, 0
L 1097, -730, -407, 1100, -737, -404, 0, 0, 0
L 1067, -728, -407, 1097, -730, -407, 0, 0, 0
L 1068, -699, -406, 1067, -728, -407, 0, 0, 0
L 1053, -700, -405, 1068, -699, -406, 0, 0, 0
L 1053, -691, -407, 1053, -700, -405, 0, 0, 0
L 1068, -691, -406, 1053, -691, -407, 0, 0, 0
L 1062, -666, -407, 1068, -691, -406, 0, 0, 0
L 1229, -666, -421, 1062, -666, -407, 0, 0, 0
L 1229, -730, -421, 1229, -666, -421, 0, 0, 0
L 1207, -730, -421, 1229, -730, -421, 0, 0, 0
L 1207, -801, -421, 1207, -730, -421, 0, 0, 0
L 1269, -801, -421, 1207, -801, -421, 0, 0, 0
L 1269, -730, -421, 1269, -801, -421, 0, 0, 0
L 1247, -730, -421, 1269, -730, -421, 0, 0, 0
L 1247, -666, -421, 1247, -730, -421, 0, 0, 0
L 1403, -666, -433, 1247, -666, -421, 0, 0, 0
L 1403, -671, -454, 1403, -666, -454, 0, 0, 0
L 1363, -672, -454, 1403, -671, -454, 0, 0, 0
L 1363, -720, -454, 1363, -672, -447, 0, 0, 0
L 1530, -720, -447, 1363, -720, -447, 0, 0, 0
L 1530, -594, -454, 1530, -720, -454, 0, 0, 0
L 1363, -594, -447, 1530, -594, -453, 0, 0, 0
L 1363, -642, -447, 1363, -594, -454, 0, 0, 0
L 1404, -643, -454, 1363, -642, -454, 0, 0, 0
L 1403, -648, -454, 1404, -643, -454, 0, 0, 0
L 1247, -648, -421, 1403, -648, -433, 0, 0, 0
L 1247, -585, -421, 1247, -648, -421, 0, 0, 0
L 1269, -585, -421, 1247, -585, -421, 0, 0, 0
L 1269, -514, -421, 1269, -585, -421, 0, 0, 0
L 1252, -513, -421, 1269, -514, -421, 0, 0, 0
L 1253, -486, -429, 1252, -513, -421, 0, 0, 0
L 1256, -487, -433, 1253, -486, -429, 0, 0, 0
L 1257, -508, -433, 1256, -487, -433, 0, 0, 0
L 1274, -509, -433, 1257, -508, -433, 0, 0, 0
L 1275, -538, -433, 1274, -509, -433, 0, 0, 0
L 1311, -538, -433, 1275, -538, -433, 0, 0, 0
L 1311, -427, -433, 1311, -538, -433, 0, 0, 0
L 1274, -427, -433, 1311, -427, -433, 0, 0, 0
L 1235, -474, -433, 1274, -427, -433, 0, 0, 0
L 1233, -514, -421, 1235, -474, -433, 0, 0, 0
L 1207, -514, -421, 1233, -514, -421, 0, 0, 0
L 1207, -585, -421, 1207, -514, -421, 0, 0, 0
L 1229, -585, -421, 1207, -585, -421, 0, 0, 0
L 1229, -648, -421, 1229, -585, -421, 0, 0, 0
L 1068, -648, -407, 1229, -648, -421, 0, 0, 0
L 1068, -623, -405, 1068, -648, -406, 0, 0, 0
L 1053, -623, -407, 1068, -623, -405, 0, 0, 0
L 1053, -615, -405, 1053, -623, -407, 0, 0, 0
L 1067, -615, -407, 1053, -615, -405, 0, 0, 0
L 1068, -585, -406, 1067, -615, -407, 0, 0, 0
L 1101, -583, -406, 1068, -585, -406, 0, 0, 0
L 1101, -578, -407, 1101, -583, -406, 0, 0, 0
L 1090, -565, -426, 1097, -578, -417, 0, 0, 0
L 1099, 757, -429, 1100, 773, -428, 0, 0, 0
L 1034, 758, -428, 1099, 757, -429, 0, 0, 0
L 1033, 723, -429, 1034, 758, -428, 0, 0, 0
L 1027, 723, -429, 1033, 723, -429, 0, 0, 0
L 1028, 768, -407, 1027, 723, -429, 0, 0, 0
L 998, 723, -427, 997, 769, -407, 0, 0, 0
L 993, 724, -429, 998, 723, -427, 0, 0, 0
L 992, 758, -428, 993, 724, -429, 0, 0, 0
L 914, 758, -429, 992, 758, -428, 0, 0, 0
L 913, 723, -429, 914, 758, -429, 0, 0, 0
L 908, 723, -428, 913, 723, -429, 0, 0, 0
L 908, 768, -407, 908, 723, -428, 0, 0, 0
L 876, 723, -427, 877, 768, -407, 0, 0, 0
L 873, 723, -429, 876, 723, -427, 0, 0, 0
L 872, 757, -429, 873, 723, -429, 0, 0, 0
L 794, 757, -429, 872, 757, -429, 0, 0, 0
L 793, 722, -429, 794, 757, -429, 0, 0, 0
L 787, 722, -429, 793, 722, -429, 0, 0, 0
L 789, 768, -407, 787, 722, -429, 0, 0, 0
L 757, 723, -427, 757, 768, -407, 0, 0, 0
L 753, 723, -429, 757, 723, -427, 0, 0, 0
L 752, 758, -429, 753, 723, -429, 0, 0, 0
L 688, 757, -429, 752, 758, -429, 0, 0, 0
L 687, 774, -429, 688, 757, -429, 0, 0, 0
L 187, 1297, -411, 94, 1297, -411, 0, 0, 0
L 213, 1313, -397, 213, 1297, -397, 0, 0, 0
L 147, 1313, -385, 213, 1313, -385, 0, 0, 0
L 232, 1327, -397, 147, 1327, -385, 0, 0, 0
L 232, 1279, -397, 232, 1327, -397, 0, 0, 0
L 85, 1279, -411, 232, 1279, -411, 0, 0, 0
L 85, 1204, -411, 85, 1279, -411, 0, 0, 0
L 232, 1204, -397, 85, 1204, -411, 0, 0, 0
L 232, 1156, -397, 232, 1204, -397, 0, 0, 0
L 148, 1156, -385, 232, 1156, -397, 0, 0, 0
L 213, 1186, -397, 213, 1177, -397, 0, 0, 0
L 85, 1186, -411, 213, 1186, -411, 0, 0, 0
L 85, 1134, -411, 85, 1186, -411, 0, 0, 0
L -89, 1200, -425, 85, 1134, -411, 0, 0, 0
L 508, 1125, -385, 508, 1180, -385, 0, 0, 0
L 489, 1126, -385, 508, 1125, -385, 240, 0, 142
L 489, 1161, -385, 489, 1126, -385, 0, 0, 0
L 213, 1177, -365, 148, 1177, -365, 0, 0, 0
L 221, 1107, -361, 221, 1105, -358, 0, 0, 0
L 263, 1108, -361, 221, 1107, -361, 0, 0, 0
L 190, 1209, -361, 192, 1063, -361, 0, 0, 0
L 190, 1209, -361, 165, 1209, -361, 0, 0, 0
L 165, 1275, -361, 192, 1274, -361, 0, 0, 0
L 192, 1420, -361, 192, 1274, -361, 0, 0, 0
L 205, 1428, -360, 114, 1375, -361, 0, 0, 0
L 206, 1399, -361, 205, 1428, -360, 0, 0, 0
L 222, 1398, -361, 206, 1399, -361, 0, 0, 0
L 221, 1371, -361, 222, 1398, -361, 0, 0, 0
L 263, 1370, -361, 221, 1371, -361, 0, 0, 0
L 263, 1277, -358, 263, 1370, -361, 0, 0, 0
L 269, 1278, -359, 263, 1277, -358, 0, 0, 0
L 269, 1349, -361, 269, 1278, -358, 0, 0, 0
L 409, 1349, -359, 269, 1349, -361, 0, 0, 0
L 409, 1318, -361, 409, 1349, -361, 0, 0, 0
L 488, 1319, -382, 409, 1318, -361, 0, 0, 0
L 489, 1336, -382, 488, 1319, -382, 0, 0, 0
L 508, 1337, -382, 489, 1336, -382, 240, 0, 142
L 508, 1300, -382, 508, 1337, -382, 0, 0, 0
L 409, 1300, -361, 508, 1300, -382, 0, 0, 0
L 409, 1251, -361, 409, 1300, -359, 0, 0, 0
L 584, 1251, -382, 409, 1251, -361, 0, 0, 0
L 584, 1209, -382, 584, 1251, -382, 0, 0, 0
L 565, 1211, -382, 584, 1209, -382, 240, 0, 142
L 561, 1233, -381, 565, 1211, -382, 0, 0, 0
L 409, 1233, -361, 561, 1233, -381, 0, 0, 0
L 409, 1180, -361, 409, 1233, -358, 0, 0, 0
L 508, 1180, -382, 409, 1180, -361, 0, 0, 0
L 409, 1162, -361, 489, 1161, -382, 0, 0, 0
L 409, 1129, -361, 409, 1162, -361, 0, 0, 0
L 269, 1129, -361, 409, 1129, -359, 0, 0, 0
L 269, 1207, -358, 269, 1129, -361, 0, 0, 0
L 263, 1207, -358, 269, 1207, -358, 0, 0, 0
L 263, 1108, -361, 263, 1207, -358, 0, 0, 0
L 218, 1022, -323, 203, 1054, -361, 0, 0, 0
L 219, 1044, -323, 218, 1022, -323, 0, 0, 0
L 260, 1042, -323, 219, 1044, -323, 0, 0, 0
L 260, 999, -322, 260, 1042, -323, 0, 0, 0
L 282, 989, -323, 260, 999, -322, 0, 0, 0
L 266, 1106, -337, 221, 1105, -357, 0, 0, 0
L 266, 1123, -337, 266, 1106, -337, 0, 0, 0
L 368, 1123, -339, 266, 1123, -337, 0, 0, 0
L 368, 1026, -339, 368, 1123, -339, 0, 0, 0
L 315, 1010, -339, 368, 1026, -339, 0, 0, 0
L 282, 990, -323, 315, 1010, -339, 0, 0, 0
L 283, 1034, -323, 282, 990, -323, 0, 0, 0
L 317, 1033, -339, 283, 1034, -323, 0, 0, 0
L 315, 1037, -339, 317, 1033, -339, 0, 0, 0
L 285, 1038, -339, 315, 1037, -339, 0, 0, 0
L 284, 1073, -338, 285, 1038, -339, 0, 0, 0
L 204, 1076, -361, 284, 1073, -338, 0, 0, 0
L 203, 1054, -360, 204, 1076, -361, 0, 0, 0
L 154, 1093, -377, 203, 1054, -360, 0, 0, 0
L 77, 1121, -385, 154, 1093, -384, 0, 0, 0
L 55, 1126, -385, 54, 1354, -385, 0, 0, 0
L 77, 1121, -385, 55, 1126, -385, 0, 0, 0
L 54, 1354, -385, 114, 1375, -385, 0, 0, 0
L 85, 1297, -411, 213, 1297, -397, 0, 0, 0
L 85, 1347, -411, 85, 1297, -411, 0, 0, 0
L -90, 1289, -429, 85, 1347, -411, 0, 0, 0
L 784, 1826, -407, 781, 1813, -404, 0, 0, 0
L 831, 1826, -407, 784, 1826, -407, 0, 0, 0
L 829, 1764, -407, 831, 1826, -407, 0, 0, 0
L 817, 1764, -407, 829, 1764, -407, 0, 0, 0
L 817, 1752, -407, 817, 1764, -407, 0, 0, 0
L 690, 1752, -428, 817, 1752, -407, 0, 0, 0
L 690, 1676, -428, 690, 1752, -428, 0, 0, 0
L 754, 1676, -445, 690, 1676, -428, 0, 0, 0
L 754, 1695, -444, 754, 1676, -445, 255, 0, 255
L 709, 1698, -428, 754, 1695, -444, 0, 0, 0
L 712, 1734, -427, 709, 1698, -428, 0, 0, 0
L 817, 1734, -407, 712, 1734, -427, 0, 0, 0
L 817, 1717, -407, 817, 1734, -407, 0, 0, 0
L 836, 1715, -407, 817, 1717, -407, 0, 0, 0
L 836, 1698, -407, 836, 1715, -407, 0, 0, 0
L 846, 1696, -407, 836, 1698, -407, 0, 0, 0
L 846, 1651, -407, 846, 1696, -407, 0, 0, 0
L 866, 1619, -407, 846, 1651, -407, 0, 0, 0
L 866, 1574, -407, 866, 1619, -407, 0, 0, 0
L 887, 1574, -407, 866, 1574, -407, 0, 0, 0
L 885, 1488, -428, 887, 1574, -407, 0, 0, 0
L 848, 1490, -428, 885, 1488, -428, 0, 0, 0
L 848, 1533, -445, 848, 1490, -428, 0, 0, 0
L 829, 1533, -445, 848, 1533, -445, 255, 0, 255
L 829, 1469, -428, 829, 1533, -445, 0, 0, 0
L 905, 1469, -428, 829, 1469, -428, 0, 0, 0
L 905, 1574, -407, 905, 1469, -428, 0, 0, 0
L 926, 1574, -407, 905, 1574, -407, 0, 0, 0
L 927, 1621, -407, 926, 1574, -407, 0, 0, 0
L 946, 1651, -407, 927, 1621, -407, 0, 0, 0
L 947, 1697, -407, 946, 1651, -407, 0, 0, 0
L 956, 1698, -407, 947, 1697, -407, 0, 0, 0
L 957, 1717, -407, 956, 1698, -407, 0, 0, 0
L 975, 1717, -407, 957, 1717, -407, 0, 0, 0
L 975, 1734, -407, 975, 1717, -407, 0, 0, 0
L 1074, 1731, -428, 975, 1734, -407, 0, 0, 0
L 1072, 1695, -428, 1074, 1731, -428, 0, 0, 0
L 1029, 1695, -445, 1072, 1695, -428, 0, 0, 0
L 1029, 1676, -445, 1029, 1695, -445, 255, 0, 255
L 1093, 1676, -428, 1029, 1676, -445, 0, 0, 0
L 1093, 1752, -428, 1093, 1676, -428, 0, 0, 0
L 975, 1752, -407, 1093, 1752, -428, 0, 0, 0
L 975, 1764, -407, 975, 1752, -407, 0, 0, 0
L 963, 1766, -407, 975, 1764, -407, 0, 0, 0
L 968, 1823, -405, 963, 1766, -407, 0, 0, 0
L 1018, 1823, -405, 968, 1823, -405, 0, 0, 0
L -1196, 1279, -410, -1196, 1263, -410, 0, 0, 0
L -1193, 1272, -410, -1193, 1147, -424, 0, 0, 0
L -1193, 1147, -424, -1215, 1147, -424, 0, 0, 0
L -1215, 1147, -424, -1215, 1125, -424, 0, 0, 0
L -1215, 1125, -424, -1268, 1125, -424, 0, 0, 0
L -1268, 1125, -424, -1268, 1072, -424, 0, 0, 0
L -1268, 1072, -424, -1290, 1072, -424, 0, 0, 0
L -1290, 1072, -424, -1290, 1001, -424, 0, 0, 0
L -1290, 1001, -424, -1262, 1001, -424, 0, 0, 0
L -1262, 1001, -424, -1262, 960, -436, 0, 0, 0
L -1262, 960, -436, -1223, 914, -434, 0, 0, 0
L -1223, 914, -435, -1145, 914, -434, 0, 0, 0
L -1145, 914, -436, -1106, 961, -436, 0, 0, 0
L -1106, 961, -436, -1106, 1001, -436, 0, 0, 0
L -1106, 1001, -424, -1078, 1001, -424, 0, 0, 0
L -1078, 1001, -424, -1078, 1072, -424, 0, 0, 0
L -1078, 1072, -424, -1100, 1072, -424, 0, 0, 0
L -1100, 1072, -424, -1100, 1125, -424, 0, 0, 0
L -1100, 1125, -424, -1153, 1125, -424, 0, 0, 0
L -1153, 1125, -424, -1153, 1147, -424, 0, 0, 0
L -1153, 1147, -424, -1175, 1147, -424, 0, 0, 0
L -1175, 1147, -424, -1176, 1274, -410, 0, 0, 0
L -1176, 1274, -410, -1164, 1274, -410, 0, 0, 0
L -1215, 1107, -424, -1250, 1107, -424, 0, 0, 0
L -1250, 1107, -424, -1250, 1072, -424, 0, 0, 0
L -1250, 1072, -424, -1228, 1072, -424, 0, 0, 0
L -1228, 1072, -424, -1228, 999, -424, 0, 0, 0
L -1228, 999, -420, -1249, 999, -420, 0, 0, 0
L -1249, 999, -431, -1243, 971, -436, 0, 0, 0
L -1243, 971, -436, -1241, 971, -436, 0, 0, 0
L -1241, 971, -436, -1240, 994, -436, 0, 0, 0
L -1222, 994, -435, -1222, 1025, -436, 0, 0, 0
L -1222, 1025, -436, -1193, 1025, -436, 0, 0, 0
L -1193, 1025, -436, -1193, 1085, -436, 0, 0, 0
L -1193, 1085, -424, -1215, 1085, -421, 0, 0, 0
L -1215, 1085, -414, -1215, 1107, -424, 0, 0, 0
L -1153, 1107, -424, -1118, 1107, -424, 0, 0, 0
L -1118, 1107, -424, -1118, 1072, -424, 0, 0, 0
L -1118, 1072, -424, -1140, 1072, -424, 0, 0, 0
L -1140, 1072, -424, -1140, 999, -424, 0, 0, 0
L -1140, 999, -421, -1123, 1000, -422, 0, 0, 0
L -1123, 1000, -424, -1124, 968, -427, 0, 0, 0
L -1124, 968, -436, -1125, 969, -436, 0, 0, 0
L -1125, 969, -436, -1128, 995, -432, 0, 0, 0
L -1128, 995, -436, -1146, 995, -436, 0, 0, 0
L -1222, 994, -434, -1240, 994, -434, 0, 0, 0
L -1146, 995, -434, -1146, 1025, -436, 0, 0, 0
L -1146, 1025, -436, -1175, 1025, -436, 0, 0, 0
L -1175, 1025, -436, -1175, 1085, -424, 0, 0, 0
L -1165, 1085, -420, -1163, 1085, -420, 0, 0, 0
L -1175, 1085, -420, -1153, 1085, -424, 0, 0, 0
L -1153, 1085, -424, -1153, 1107, -424, 0, 0, 0
L -1231, 1273, -408, -1231, 1280, -409, 0, 0, 0
L -1231, 1280, -409, -1223, 1279, -408, 0, 0, 0
L -1223, 1279, -408, -1222, 1273, -408, 0, 0, 0
L -1222, 1273, -408, -1232, 1273, -408, 0, 0, 0
L -1205, 1273, -408, -1204, 1279, -408, 0, 0, 0
L -1204, 1279, -408, -1196, 1279, -408, 0, 0, 0
L -1193, 1272, -408, -1205, 1273, -408, 0, 0, 0
L -1164, 1274, -408, -1163, 1279, -408, 0, 0, 0
L -1163, 1279, -408, -1172, 1280, -408, 0, 0, 0
L -1145, 1273, -408, -1137, 1273, -408, 0, 0, 0
L -1137, 1273, -408, -1137, 1279, -408, 0, 0, 0
L -1137, 1279, -408, -1145, 1279, -408, 0, 0, 0
L -1145, 1279, -408, -1145, 1273, -408, 0, 0, 0
L 726, 804, -410, 792, 806, -410, 0, 0, 0
L 792, 806, -410, 793, 865, -410, 0, 0, 0
L 793, 865, -410, 880, 865, -385, 0, 0, 0
L 880, 865, -387, 880, 894, -387, 0, 0, 0
L 880, 894, -387, 857, 894, -387, 0, 0, 0
L 857, 894, -387, 857, 930, -387, 0, 0, 0
L 857, 930, -377, 884, 930, -387, 0, 0, 0
L 884, 930, -387, 884, 1009, -401, 0, 0, 0
L 884, 1009, -401, 821, 1009, -401, 0, 0, 0
L 821, 1009, -401, 821, 987, -401, 0, 0, 0
L 821, 987, -401, 750, 987, -401, 0, 0, 0
L 750, 987, -401, 749, 1015, -401, 0, 0, 0
L 749, 1015, -401, 710, 1015, -413, 0, 0, 0
L 710, 1015, -413, 663, 1054, -410, 0, 0, 0
L 663, 1054, -413, 663, 1091, -413, 0, 0, 0
L 663, 1091, -413, 692, 1091, -413, 0, 0, 0
L 692, 1091, -413, 692, 1190, -434, 0, 0, 0
L 692, 1190, -432, 746, 1189, -432, 0, 0, 0
L 746, 1189, -432, 745, 1171, -432, 255, 0, 255
L 745, 1171, -432, 710, 1172, -432, 0, 0, 0
L 710, 1172, -431, 710, 1091, -413, 0, 0, 0
L 710, 1091, -413, 774, 1091, -413, 0, 0, 0
L 774, 1091, -413, 774, 1080, -413, 0, 0, 0
L 774, 1080, -413, 839, 1103, -413, 0, 0, 0
L 839, 1103, -413, 884, 1109, -413, 0, 0, 0
L 884, 1109, -414, 883, 1184, -434, 0, 0, 0
L 883, 1184, -434, 878, 1184, -434, 0, 0, 0
L 878, 1184, -434, 878, 1143, -434, 0, 0, 0
L 878, 1143, -434, 830, 1143, -434, 0, 0, 0
L 830, 1143, -434, 830, 1310, -434, 0, 0, 0
L 830, 1310, -434, 956, 1310, -434, 0, 0, 0
L 956, 1310, -434, 956, 1268, -434, 0, 0, 0
L 956, 1268, -434, 1043, 1268, -453, 0, 0, 0
L 1043, 1268, -453, 1043, 1304, -453, 0, 0, 0
L 1043, 1304, -453, 1061, 1304, -453, 255, 0, 255
L 1061, 1304, -455, 1061, 1250, -455, 0, 0, 0
L 1061, 1250, -455, 956, 1250, -434, 0, 0, 0
L 956, 1250, -434, 956, 1143, -434, 0, 0, 0
L 956, 1143, -434, 908, 1143, -434, 0, 0, 0
L 908, 1143, -434, 907, 1184, -434, 0, 0, 0
L 907, 1184, -434, 902, 1184, -434, 0, 0, 0
L 902, 1184, -413, 902, 1027, -401, 0, 0, 0
L 902, 1027, -401, 966, 1027, -401, 0, 0, 0
L 884, 1027, -401, 821, 1027, -401, 0, 0, 0
L 821, 1027, -401, 821, 1049, -401, 0, 0, 0
L 821, 1049, -401, 750, 1049, -401, 0, 0, 0
L 750, 1049, -401, 749, 1032, -401, 0, 0, 0
L 749, 1032, -402, 716, 1031, -406, 0, 0, 0
L 716, 1031, -413, 723, 1037, -413, 0, 0, 0
L 723, 1037, -413, 744, 1037, -413, 0, 0, 0
L 744, 1037, -413, 744, 1055, -413, 0, 0, 0
L 744, 1055, -413, 773, 1055, -410, 0, 0, 0
L 773, 1055, -413, 772, 1066, -413, 0, 0, 0
L 772, 1066, -413, 785, 1066, -413, 0, 0, 0
L 785, 1066, -413, 838, 1085, -413, 0, 0, 0
L 838, 1085, -413, 884, 1091, -413, 0, 0, 0
L 884, 1091, -413, 884, 1027, -401, 0, 0, 0
L 966, 1027, -401, 966, 1049, -401, 0, 0, 0
L 966, 1049, -401, 1004, 1049, -401, 0, 0, 0
L 1004, 1049, -401, 1004, 1148, -401, 0, 0, 0
L 1004, 1148, -420, 1058, 1148, -420, 0, 0, 0
L 1058, 1148, -420, 1057, 1129, -420, 255, 0, 255
L 1057, 1129, -420, 1022, 1129, -420, 0, 0, 0
L 1022, 1129, -418, 1022, 1049, -401, 0, 0, 0
L 1022, 1049, -401, 1037, 1049, -401, 0, 0, 0
L 1037, 1049, -401, 1037, 987, -401, 0, 0, 0
L 1037, 987, -401, 966, 987, -401, 0, 0, 0
L 966, 987, -401, 966, 1009, -401, 0, 0, 0
L 957, 1009, -401, 955, 1009, -401, 0, 0, 0
L 966, 1009, -401, 902, 1009, -401, 0, 0, 0
L 902, 1009, -401, 902, 930, -401, 0, 0, 0
L 902, 930, -387, 929, 930, -387, 0, 0, 0
L 929, 930, -387, 929, 894, -387, 0, 0, 0
L 929, 894, -387, 906, 894, -387, 0, 0, 0
L 906, 894, -387, 905, 865, -387, 0, 0, 0
L 905, 865, -388, 993, 865, -410, 0, 0, 0
L 993, 865, -410, 994, 808, -410, 0, 0, 0
L 994, 808, -410, 1079, 807, -410, 0, 0, 0
L 1079, 807, -432, 1145, 698, -432, 0, 0, 0
L 1314, -1315, -340, 1286, -1467, -338, 0, 0, 0
L 1286, -1467, -306, 1297, -1472, -304, 0, 0, 0
L 1297, -1472, -304, 1329, -1510, -304, 0, 0, 0
L 1329, -1510, -304, 1342, -1561, -304, 0, 0, 0
L 1342, -1561, -304, 1336, -1575, -304, 0, 0, 0
L 1336, -1575, -304, 1337, -1575, -304, 0, 0, 0
L 1336, -1575, -304, 1458, -1638, -304, 0, 0, 0
L 1458, -1638, -304, 1595, -1632, -304, 0, 0, 0
L 1595, -1632, -304, 1594, -1495, -304, 0, 0, 0
L 1594, -1495, -304, 1490, -1500, -304, 0, 0, 0
L 1490, -1500, -304, 1474, -1507, -304, 0, 0, 0
L 1474, -1507, -304, 1468, -1503, -304, 0, 0, 0
L 1468, -1503, -304, 1467, -1283, -345, 0, 0, 0
L -718, -91, -432, -812, -91, -432, 0, 0, 0
L -798, -96, -431, -812, -91, -430, 0, 0, 0
L -798, -96, -429, -718, -92, -405, 0, 0, 0
L -443, -552, -428, 668, -558, -413, 0, 0, 0
L 852, -1059, -298, 869, -1078, -320, 0, 240, 0
L 869, -1078, -332, 1089, -1230, -407, 0, 240, 0
L 852, -1059, -305, 835, -1015, -295, 0, 240, 0
