L 971, -3132, -20, 980, -3141, -20, 0, 0, 0
L 968, -3132, -20, 971, -3132, -20, 0, 0, 0
L 949, -3119, -20, 968, -3132, -20, 0, 0, 0
L 931, -3136, -20, 949, -3119, -20, 0, 0, 0
L 928, -3165, -20, 931, -3136, -20, 0, 0, 0
L 929, -3167, -20, 928, -3165, -20, 0, 0, 0
L 935, -3168, -20, 929, -3167, -20, 0, 0, 0
L 934, -3172, -20, 935, -3168, -20, 0, 0, 0
L 941, -3174, -20, 934, -3172, -20, 0, 0, 0
L 941, -3197, -20, 941, -3174, -20, 0, 0, 0
L 923, -3207, -20, 941, -3197, -20, 0, 0, 0
L 912, -3205, -17, 923, -3207, -20, 0, 0, 0
L 906, -3204, -11, 912, -3205, -17, 0, 0, 0
L 896, -3202, -7, 906, -3204, -11, 0, 0, 0
L 886, -3200, 3, 896, -3202, -7, 0, 0, 0
L 869, -3197, 3, 886, -3200, 3, 0, 0, 0
L 851, -3201, 24, 869, -3197, 3, 0, 0, 0
L 763, -3235, 52, 851, -3201, 24, 0, 0, 0
L 761, -3236, 52, 763, -3235, 52, 0, 0, 0
L 762, -3194, -28, 761, -3236, 52, 0, 0, 0
L 763, -3177, -33, 762, -3194, -28, 0, 0, 0
L 757, -3159, -52, 763, -3177, -33, 0, 0, 0
L 742, -3132, -52, 757, -3159, -52, 0, 0, 0
L 732, -3129, -40, 742, -3132, -52, 0, 0, 0
L 723, -3125, -41, 732, -3129, -40, 0, 0, 0
L 715, -3120, -49, 723, -3125, -41, 0, 0, 0
L 697, -3115, -41, 715, -3120, -49, 0, 0, 0
L 687, -3114, -44, 697, -3115, -41, 0, 0, 0
L 682, -3116, -38, 687, -3114, -44, 0, 0, 0
L 646, -3131, -48, 682, -3116, -38, 0, 0, 0
L 640, -3133, -52, 646, -3131, -48, 0, 0, 0
L 638, -3134, -52, 640, -3133, -52, 0, 0, 0
L 635, -3132, -52, 638, -3134, -52, 0, 0, 0
L 632, -3132, -41, 635, -3132, -52, 0, 0, 0
L 631, -3073, -34, 632, -3132, -41, 0, 0, 0
L 636, -3057, -46, 631, -3073, -34, 0, 0, 0
L 637, -3027, -50, 636, -3057, -46, 0, 0, 0
L 637, -3026, -52, 637, -3027, -50, 0, 0, 0
L 631, -3000, -52, 637, -3026, -52, 0, 0, 0
L 621, -2998, -45, 631, -3000, -52, 0, 0, 0
L 612, -2997, -47, 621, -2998, -45, 0, 0, 0
L 606, -2995, -52, 612, -2997, -47, 0, 0, 0
L 600, -2987, -52, 606, -2995, -52, 0, 0, 0
L 604, -2970, -52, 600, -2987, -52, 0, 0, 0
L 632, -2945, -52, 604, -2970, -52, 0, 0, 0
L 634, -2930, -52, 632, -2945, -52, 0, 0, 0
L 630, -2912, -48, 634, -2930, -52, 0, 0, 0
L 631, -2864, -52, 630, -2912, -48, 0, 0, 0
L 680, -2844, -52, 631, -2864, -52, 0, 0, 0
L 684, -2834, -52, 680, -2844, -52, 0, 0, 0
L 665, -2789, -52, 684, -2834, -52, 0, 0, 0
L 682, -2701, -54, 665, -2789, -52, 0, 0, 0
L 644, -2592, -54, 682, -2701, -54, 0, 0, 0
L 641, -2586, -46, 644, -2592, -54, 0, 0, 0
L 640, -2585, -46, 641, -2586, -46, 0, 0, 0
L 644, -2546, -73, 640, -2585, -46, 0, 0, 0
L 654, -2480, -73, 644, -2546, -73, 0, 0, 0
L 704, -2403, -83, 654, -2480, -73, 0, 0, 0
L 704, -2385, -85, 704, -2403, -83, 0, 0, 0
L 704, -2360, -74, 704, -2385, -85, 0, 0, 0
L 705, -2346, -77, 704, -2360, -74, 0, 0, 0
L 703, -2340, -78, 705, -2346, -77, 0, 0, 0
L 703, -2338, -80, 703, -2340, -78, 0, 0, 0
L 690, -2329, -80, 703, -2338, -80, 0, 0, 0
L 642, -2323, -77, 690, -2329, -80, 0, 0, 0
L 575, -2248, -80, 642, -2323, -77, 0, 0, 0
L 520, -2154, -80, 575, -2248, -80, 0, 0, 0
L 535, -2093, -81, 520, -2154, -80, 0, 0, 0
L 533, -2084, -80, 535, -2093, -81, 0, 0, 0
L 529, -2081, -75, 533, -2084, -80, 0, 0, 0
L 520, -2077, -70, 529, -2081, -75, 0, 0, 0
L 467, -2076, -71, 520, -2077, -70, 0, 0, 0
L 440, -2084, -68, 467, -2076, -71, 0, 0, 0
L 398, -2109, -59, 440, -2084, -68, 0, 0, 0
L 376, -2122, -46, 398, -2109, -59, 0, 0, 0
L 348, -2138, -48, 376, -2122, -46, 0, 0, 0
L 314, -2128, -48, 348, -2138, -48, 0, 0, 0
L 302, -2126, -45, 314, -2128, -48, 0, 0, 0
L 250, -2093, -41, 302, -2126, -45, 0, 0, 0
L 121, -2098, -56, 250, -2093, -41, 0, 0, 0
L 111, -2102, -57, 121, -2098, -56, 0, 0, 0
L 94, -2085, -58, 111, -2102, -57, 0, 0, 0
L 91, -2030, -62, 94, -2085, -58, 0, 0, 0
L 82, -2008, -62, 91, -2030, -62, 0, 0, 0
L 100, -1959, -70, 82, -2008, -62, 0, 0, 0
L 97, -1953, -68, 100, -1959, -70, 0, 0, 0
L 86, -1942, -74, 97, -1953, -68, 0, 0, 0
L 46, -1932, -79, 86, -1942, -74, 0, 0, 0
L 42, -1898, -80, 46, -1932, -79, 0, 0, 0
L 38, -1895, -84, 42, -1898, -80, 0, 0, 0
L 28, -1889, -84, 38, -1895, -84, 0, 0, 0
L 2, -1897, -78, 28, -1889, -84, 0, 0, 0
L -15, -1892, -79, 2, -1897, -78, 0, 0, 0
L 6, -1835, -88, -15, -1892, -79, 0, 0, 0
L 119, -1757, -85, 6, -1835, -88, 0, 0, 0
L 128, -1754, -89, 119, -1757, -85, 0, 0, 0
L 179, -1733, -89, 128, -1754, -89, 0, 0, 0
L 219, -1693, -90, 179, -1733, -89, 0, 0, 0
L 250, -1611, -90, 219, -1693, -90, 0, 0, 0
L 243, -1521, -92, 250, -1611, -90, 0, 0, 0
L 225, -1499, -92, 243, -1521, -92, 0, 0, 0
L 206, -1496, -92, 225, -1499, -92, 0, 0, 0
L 183, -1516, -90, 206, -1496, -92, 0, 0, 0
L 162, -1545, -86, 183, -1516, -90, 0, 0, 0
L 161, -1546, -87, 162, -1545, -86, 0, 0, 0
L 128, -1564, -78, 161, -1546, -87, 0, 0, 0
L 48, -1579, -67, 128, -1564, -78, 0, 0, 0
L 29, -1604, -68, 48, -1579, -67, 0, 0, 0
L -20, -1540, -64, 29, -1604, -68, 0, 0, 0
L -34, -1528, -65, -20, -1540, -64, 0, 0, 0
L -53, -1523, -66, -34, -1528, -65, 0, 0, 0
L -64, -1530, -64, -53, -1523, -66, 0, 0, 0
L -66, -1533, -63, -64, -1530, -64, 0, 0, 0
L -85, -1545, -51, -66, -1533, -63, 0, 0, 0
L -99, -1551, -55, -85, -1545, -51, 0, 0, 0
L -133, -1578, -48, -99, -1551, -55, 0, 0, 0
L -146, -1580, -47, -133, -1578, -48, 0, 0, 0
L -162, -1557, -47, -146, -1580, -47, 0, 0, 0
L -221, -1521, -47, -162, -1557, -47, 0, 0, 0
L -284, -1545, -47, -221, -1521, -47, 0, 0, 0
L -286, -1545, -47, -284, -1545, -47, 0, 0, 0
L -303, -1477, -47, -286, -1545, -47, 0, 0, 0
L -318, -1455, -43, -303, -1477, -47, 0, 0, 0
L -360, -1294, -45, -318, -1455, -43, 0, 0, 0
L -346, -1258, -45, -360, -1294, -45, 0, 0, 0
L -353, -1197, -45, -346, -1258, -45, 0, 0, 0
L -362, -1184, -44, -353, -1197, -45, 0, 0, 0
L -392, -1164, -45, -362, -1184, -44, 0, 0, 0
L -470, -1160, -38, -392, -1164, -45, 0, 0, 0
L -475, -1160, -37, -470, -1160, -38, 0, 0, 0
L -488, -1161, -38, -475, -1160, -37, 0, 0, 0
L -545, -1172, -29, -488, -1161, -38, 0, 0, 0
L -554, -1179, -19, -545, -1172, -29, 0, 0, 0
L -557, -1185, -19, -554, -1179, -19, 0, 0, 0
L -555, -1188, 0, -557, -1185, -19, 0, 0, 0
L -579, -1193, 42, -555, -1188, 0, 0, 0, 0
L -592, -1195, 45, -579, -1193, 42, 0, 0, 0
L -602, -1204, 53, -592, -1195, 45, 0, 0, 0
L -622, -1203, 50, -602, -1204, 53, 0, 0, 0
L -631, -1199, 47, -622, -1203, 50, 0, 0, 0
L -662, -1196, 45, -631, -1199, 47, 0, 0, 0
L -672, -1210, 47, -662, -1196, 45, 0, 0, 0
L -678, -1225, 53, -672, -1210, 47, 0, 0, 0
L -715, -1236, 47, -678, -1225, 53, 0, 0, 0
L -746, -1240, 50, -715, -1236, 47, 0, 0, 0
L -754, -1236, 48, -746, -1240, 50, 0, 0, 0
L -784, -1237, 51, -754, -1236, 48, 0, 0, 0
L -823, -1240, 46, -784, -1237, 51, 0, 0, 0
L -885, -1237, 21, -823, -1240, 46, 0, 0, 0
L -894, -1230, 7, -885, -1237, 21, 0, 0, 0
L -892, -1228, 1, -894, -1230, 7, 0, 0, 0
L -875, -1217, -5, -892, -1228, 1, 0, 0, 0
L -858, -1216, -5, -875, -1217, -5, 0, 0, 0
L -898, -1220, -1, -858, -1216, -5, 0, 0, 0
L -923, -1202, -3, -898, -1220, -1, 0, 0, 0
L -935, -1190, -7, -923, -1202, -3, 0, 0, 0
L -964, -1172, -5, -935, -1190, -7, 0, 0, 0
L -1000, -1160, -4, -964, -1172, -5, 0, 0, 0
L -1054, -1117, 2, -1000, -1160, -4, 0, 0, 0
L -1047, -1096, 0, -1054, -1117, 2, 0, 0, 0
L -1048, -1071, -1, -1047, -1096, 0, 0, 0, 0
L -1071, -1015, -6, -1048, -1071, -1, 0, 0, 0
L -1066, -1007, -10, -1071, -1015, -6, 0, 0, 0
L -1055, -989, -11, -1066, -1007, -10, 0, 0, 0
L -1055, -981, -10, -1055, -989, -11, 0, 0, 0
L -1085, -954, -10, -1055, -981, -10, 0, 0, 0
L -1093, -954, -10, -1085, -954, -10, 0, 0, 0
L -1094, -955, -9, -1093, -954, -10, 0, 0, 0
L -1143, -933, -5, -1094, -955, -9, 0, 0, 0
L -1177, -911, 5, -1143, -933, -5, 0, 0, 0
L -1183, -908, 5, -1177, -911, 5, 0, 0, 0
L -1185, -908, 6, -1183, -908, 5, 0, 0, 0
L -1203, -914, 5, -1185, -908, 6, 0, 0, 0
L -1214, -938, 7, -1203, -914, 5, 0, 0, 0
L -1213, -939, 7, -1214, -938, 7, 0, 0, 0
L -1207, -946, 4, -1213, -939, 7, 0, 0, 0
L -1190, -965, 8, -1207, -946, 4, 0, 0, 0
L -1153, -1082, 26, -1190, -965, 8, 0, 0, 0
L -1146, -1120, 16, -1153, -1082, 26, 0, 0, 0
L -1145, -1127, 16, -1146, -1120, 16, 0, 0, 0
L -1163, -1161, 8, -1145, -1127, 16, 0, 0, 0
L -1176, -1174, 3, -1163, -1161, 8, 0, 0, 0
L -1177, -1175, 1, -1176, -1174, 3, 0, 0, 0
L -1181, -1187, -4, -1177, -1175, 1, 0, 0, 0
L -1197, -1201, -5, -1181, -1187, -4, 0, 0, 0
L -1191, -1238, -5, -1197, -1201, -5, 0, 0, 0
L -1168, -1252, -5, -1191, -1238, -5, 0, 0, 0
L -1188, -1307, -5, -1168, -1252, -5, 0, 0, 0
L -1282, -1351, -4, -1188, -1307, -5, 0, 0, 0
L -1306, -1376, -1, -1282, -1351, -4, 0, 0, 0
L -1342, -1402, 9, -1306, -1376, -1, 0, 0, 0
L -1363, -1411, 15, -1342, -1402, 9, 0, 0, 0
L -1379, -1418, 27, -1363, -1411, 15, 0, 0, 0
L -1396, -1392, 13, -1379, -1418, 27, 0, 0, 0
L -1397, -1376, 11, -1396, -1392, 13, 0, 0, 0
L -1408, -1368, 12, -1397, -1376, 11, 0, 0, 0
L -1424, -1379, 16, -1408, -1368, 12, 0, 0, 0
L -1429, -1387, 18, -1424, -1379, 16, 0, 0, 0
L -1437, -1395, 25, -1429, -1387, 18, 0, 0, 0
L -1439, -1396, 25, -1437, -1395, 25, 0, 0, 0
L -1452, -1380, 23, -1439, -1396, 25, 0, 0, 0
L -1474, -1369, 30, -1452, -1380, 23, 0, 0, 0
L -1543, -1350, 34, -1474, -1369, 30, 0, 0, 0
L -1567, -1347, 44, -1543, -1350, 34, 0, 0, 0
L -1568, -1346, 41, -1567, -1347, 44, 0, 0, 0
L -1572, -1346, 38, -1568, -1346, 41, 0, 0, 0
L -1573, -1344, 36, -1572, -1346, 38, 0, 0, 0
L -1575, -1286, 33, -1573, -1344, 36, 0, 0, 0
L -1567, -1266, 32, -1575, -1286, 33, 0, 0, 0
L -1540, -1249, 30, -1567, -1266, 32, 0, 0, 0
L -1479, -1238, 24, -1540, -1249, 30, 0, 0, 0
L -1459, -1228, 24, -1479, -1238, 24, 0, 0, 0
L -1384, -1211, 15, -1459, -1228, 24, 0, 0, 0
L -1318, -1211, 8, -1384, -1211, 15, 0, 0, 0
L -1297, -1223, 6, -1318, -1211, 8, 0, 0, 0
L -1274, -1256, 1, -1297, -1223, 6, 0, 0, 0
L -1272, -1257, 2, -1274, -1256, 1, 0, 0, 0
L -1252, -1261, -2, -1272, -1257, 2, 0, 0, 0
L -1235, -1247, -2, -1252, -1261, -2, 0, 0, 0
L -1223, -1228, -3, -1235, -1247, -2, 0, 0, 0
L -1232, -1206, -4, -1223, -1228, -3, 0, 0, 0
L -1257, -1186, -2, -1232, -1206, -4, 0, 0, 0
L -1270, -1169, -2, -1257, -1186, -2, 0, 0, 0
L -1296, -1162, 2, -1270, -1169, -2, 0, 0, 0
L -1326, -1120, 10, -1296, -1162, 2, 0, 0, 0
L -1320, -1114, 13, -1326, -1120, 10, 0, 0, 0
L -1285, -1084, -1, -1320, -1114, 13, 0, 0, 0
L -1275, -1060, -2, -1285, -1084, -1, 0, 0, 0
L -1282, -1038, -2, -1275, -1060, -2, 0, 0, 0
L -1284, -1038, -2, -1282, -1038, -2, 0, 0, 0
L -1270, -959, -9, -1284, -1038, -2, 0, 0, 0
L -1212, -865, -9, -1270, -959, -9, 0, 0, 0
L -1195, -877, -10, -1212, -865, -9, 0, 0, 0
L -1173, -872, -9, -1195, -877, -10, 0, 0, 0
L -1157, -833, -1, -1173, -872, -9, 0, 0, 0
L -1056, -828, -5, -1157, -833, -1, 0, 0, 0
L -1030, -845, -7, -1056, -828, -5, 0, 0, 0
L -988, -877, -5, -1030, -845, -7, 0, 0, 0
L -971, -881, -6, -988, -877, -5, 0, 0, 0
L -960, -881, -9, -971, -881, -6, 0, 0, 0
L -957, -879, -6, -960, -881, -9, 0, 0, 0
L -936, -865, -3, -957, -879, -6, 0, 0, 0
L -922, -880, -1, -936, -865, -3, 0, 0, 0
L -918, -893, -4, -922, -880, -1, 0, 0, 0
L -873, -922, -2, -918, -893, -4, 0, 0, 0
L -830, -926, 0, -873, -922, -2, 0, 0, 0
L -812, -937, 50, -830, -926, 0, 0, 0, 0
L -796, -953, 66, -812, -937, 50, 0, 0, 0
L -768, -977, 74, -796, -953, 66, 0, 0, 0
L -759, -982, 73, -768, -977, 74, 0, 0, 0
L -730, -982, 76, -759, -982, 73, 0, 0, 0
L -705, -966, 72, -730, -982, 76, 0, 0, 0
L -665, -932, 80, -705, -966, 72, 0, 0, 0
L -654, -919, 79, -665, -932, 80, 0, 0, 0
L -649, -921, 75, -654, -919, 79, 0, 0, 0
L -602, -917, 62, -649, -921, 75, 0, 0, 0
L -580, -916, 49, -602, -917, 62, 0, 0, 0
L -549, -934, -14, -580, -916, 49, 0, 0, 0
L -531, -937, -25, -549, -934, -14, 0, 0, 0
L -479, -967, -31, -531, -937, -25, 0, 0, 0
L -452, -1019, -32, -479, -967, -31, 0, 0, 0
L -404, -1074, -43, -452, -1019, -32, 0, 0, 0
L -387, -1103, -45, -404, -1074, -43, 0, 0, 0
L -356, -1107, -45, -387, -1103, -45, 0, 0, 0
L -304, -1093, -45, -356, -1107, -45, 0, 0, 0
L -253, -1037, -45, -304, -1093, -45, 0, 0, 0
L -201, -951, -46, -253, -1037, -45, 0, 0, 0
L -196, -934, -46, -201, -951, -46, 0, 0, 0
L -206, -829, -46, -196, -934, -46, 0, 0, 0
L -230, -797, -46, -206, -829, -46, 0, 0, 0
L -264, -771, -43, -230, -797, -46, 0, 0, 0
L -290, -761, -46, -264, -771, -43, 0, 0, 0
L -304, -759, -26, -290, -761, -46, 0, 0, 0
L -310, -754, -26, -304, -759, -26, 0, 0, 0
L -334, -723, -25, -310, -754, -26, 0, 0, 0
L -343, -718, -25, -334, -723, -25, 0, 0, 0
L -398, -679, -26, -343, -718, -25, 0, 0, 0
L -463, -675, -26, -398, -679, -26, 0, 0, 0
L -511, -692, -26, -463, -675, -26, 0, 0, 0
L -569, -730, -28, -511, -692, -26, 0, 0, 0
L -583, -739, -46, -569, -730, -28, 0, 0, 0
L -596, -762, -47, -583, -739, -46, 0, 0, 0
L -645, -770, -46, -596, -762, -47, 0, 0, 0
L -664, -780, -46, -645, -770, -46, 0, 0, 0
L -666, -780, -46, -664, -780, -46, 0, 0, 0
L -656, -760, -46, -666, -780, -46, 0, 0, 0
L -656, -715, -46, -656, -760, -46, 0, 0, 0
L -671, -687, -46, -656, -715, -46, 0, 0, 0
L -651, -659, -46, -671, -687, -46, 0, 0, 0
L -659, -627, -46, -651, -659, -46, 0, 0, 0
L -668, -604, -46, -659, -627, -46, 0, 0, 0
L -693, -598, -46, -668, -604, -46, 0, 0, 0
L -710, -587, -46, -693, -598, -46, 0, 0, 0
L -733, -562, -45, -710, -587, -46, 0, 0, 0
L -735, -547, -46, -733, -562, -45, 0, 0, 0
L -699, -513, -46, -735, -547, -46, 0, 0, 0
L -675, -498, -46, -699, -513, -46, 0, 0, 0
L -673, -493, -46, -675, -498, -46, 0, 0, 0
L -641, -466, -46, -673, -493, -46, 0, 0, 0
L -642, -453, -31, -641, -466, -46, 0, 0, 0
L -642, -447, -29, -642, -453, -31, 0, 0, 0
L -641, -396, -32, -642, -447, -29, 0, 0, 0
L -586, -342, -31, -641, -396, -32, 0, 0, 0
L -563, -341, -31, -586, -342, -31, 0, 0, 0
L -514, -307, -32, -563, -341, -31, 0, 0, 0
L -484, -268, -29, -514, -307, -32, 0, 0, 0
L -473, -253, -31, -484, -268, -29, 0, 0, 0
L -462, -244, -31, -473, -253, -31, 0, 0, 0
L -460, -243, -31, -462, -244, -31, 0, 0, 0
L -403, -283, -32, -460, -243, -31, 0, 0, 0
L -356, -290, -31, -403, -283, -32, 0, 0, 0
L -325, -281, -31, -356, -290, -31, 0, 0, 0
L -294, -254, -32, -325, -281, -31, 0, 0, 0
L -211, -249, -31, -294, -254, -32, 0, 0, 0
L -206, -244, -28, -211, -249, -31, 0, 0, 0
L -193, -184, -32, -206, -244, -28, 0, 0, 0
L -194, -167, -27, -193, -184, -32, 0, 0, 0
L -205, -137, -30, -194, -167, -27, 0, 0, 0
L -217, -114, -5, -205, -137, -30, 0, 0, 0
L -225, -98, 0, -217, -114, -5, 0, 0, 0
L -272, 70, 16, -225, -98, 0, 0, 0, 0
L -202, 98, 9, -272, 70, 16, 0, 0, 0
L -191, 110, 8, -202, 98, 9, 0, 0, 0
L -166, 98, 7, -191, 110, 8, 0, 0, 0
L -135, 90, 2, -166, 98, 7, 0, 0, 0
L -85, 130, -1, -135, 90, 2, 0, 0, 0
L -75, 135, 0, -85, 130, -1, 0, 0, 0
L -73, 59, -1, -75, 135, 0, 0, 0, 0
L -51, 60, -1, -73, 59, -1, 0, 0, 0
L -49, 8, -1, -51, 60, -1, 0, 0, 0
L -40, 9, 0, -49, 8, -1, 0, 0, 0
L -41, 65, 15, -40, 9, 0, 0, 0, 0
L 984, -3094, -20, 981, -3087, -20, 0, 0, 0
L 981, -3087, -20, 998, -3067, -20, 0, 0, 0
L 998, -3067, -20, 1009, -3065, -20, 0, 0, 0
L 1009, -3065, -20, 1028, -3068, -20, 0, 0, 0
L 1028, -3068, -20, 1051, -3078, -20, 0, 0, 0
L 1051, -3078, -20, 1080, -3079, -20, 0, 0, 0
L 1080, -3079, -20, 1081, -3081, -20, 0, 0, 0
L 1081, -3081, -20, 1122, -3080, -20, 0, 0, 0
L 1122, -3080, -20, 1124, -3079, -20, 0, 0, 0
L 1124, -3079, -20, 1089, -3044, -20, 0, 0, 0
L 1089, -3044, -20, 1057, -3021, -20, 0, 0, 0
L 1057, -3021, -20, 1035, -3002, -23, 0, 0, 0
L 1035, -3002, -23, 1027, -2989, -23, 0, 0, 0
L 1027, -2989, -23, 1013, -2970, -32, 0, 0, 0
L 1013, -2970, -32, 1012, -2968, -31, 0, 0, 0
L 1012, -2968, -31, 1011, -2966, -32, 0, 0, 0
L 1011, -2966, -32, 1010, -2965, -40, 0, 0, 0
L 1010, -2965, -40, 1011, -2960, -44, 0, 0, 0
L 1011, -2960, -44, 1012, -2954, -52, 0, 0, 0
L 1012, -2954, -52, 1012, -2886, -52, 0, 0, 0
L 1012, -2886, -52, 1012, -2885, -50, 0, 0, 0
L 1012, -2885, -50, 987, -2833, -52, 0, 0, 0
L 987, -2833, -52, 928, -2803, -52, 0, 0, 0
L 928, -2803, -52, 898, -2770, -52, 0, 0, 0
L 898, -2770, -52, 903, -2753, -52, 0, 0, 0
L 903, -2753, -52, 908, -2746, -52, 0, 0, 0
L 908, -2746, -52, 901, -2710, -52, 0, 0, 0
L 901, -2710, -52, 904, -2698, -46, 0, 0, 0
L 904, -2698, -46, 881, -2645, -54, 0, 0, 0
L 881, -2645, -54, 873, -2638, -41, 0, 0, 0
L 873, -2638, -41, 872, -2640, -43, 0, 0, 0
L 872, -2640, -43, 869, -2642, -61, 0, 0, 0
L 869, -2642, -61, 851, -2605, -64, 0, 0, 0
L 851, -2605, -64, 860, -2582, -65, 0, 0, 0
L 860, -2582, -65, 866, -2574, -65, 0, 0, 0
L 866, -2574, -65, 866, -2571, -65, 0, 0, 0
L 866, -2571, -65, 859, -2565, -66, 0, 0, 0
L 859, -2565, -66, 841, -2554, -73, 0, 0, 0
L 841, -2554, -73, 840, -2511, -75, 0, 0, 0
L 840, -2511, -75, 867, -2465, -77, 0, 0, 0
L 867, -2465, -77, 877, -2434, -75, 0, 0, 0
L 877, -2434, -75, 896, -2403, -74, 0, 0, 0
L 896, -2403, -74, 902, -2314, -83, 0, 0, 0
L 902, -2314, -83, 901, -2313, -83, 0, 0, 0
L 901, -2313, -83, 864, -2307, -83, 0, 0, 0
L 864, -2307, -83, 827, -2286, -89, 0, 0, 0
L 827, -2286, -89, 758, -2274, -88, 0, 0, 0
L 758, -2274, -88, 709, -2284, -88, 0, 0, 0
L 709, -2284, -88, 708, -2286, -88, 0, 0, 0
L 708, -2286, -88, 658, -2282, -80, 0, 0, 0
L 658, -2282, -80, 633, -2286, -77, 0, 0, 0
L 633, -2286, -77, 611, -2246, -80, 0, 0, 0
L 611, -2246, -80, 597, -2195, -81, 0, 0, 0
L 597, -2195, -81, 601, -2150, -82, 0, 0, 0
L 601, -2150, -82, 579, -2047, -80, 0, 0, 0
L 579, -2047, -80, 536, -2058, -79, 0, 0, 0
L 536, -2058, -79, 490, -2041, -77, 0, 0, 0
L 490, -2041, -77, 408, -2076, -66, 0, 0, 0
L 408, -2076, -66, 346, -2072, -53, 0, 0, 0
L 346, -2072, -53, 337, -2032, -53, 0, 0, 0
L 337, -2032, -53, 270, -2040, -42, 0, 0, 0
L 270, -2040, -42, 185, -2049, -48, 0, 0, 0
L 185, -2049, -48, 138, -2033, -54, 0, 0, 0
L 138, -2033, -54, 127, -2024, -55, 0, 0, 0
L 127, -2024, -55, 124, -2020, -57, 0, 0, 0
L 124, -2020, -57, 115, -2002, -55, 0, 0, 0
L 115, -2002, -55, 112, -1995, -60, 0, 0, 0
L 112, -1995, -60, 119, -1982, -58, 0, 0, 0
L 119, -1982, -58, 123, -1975, -52, 0, 0, 0
L 123, -1975, -52, 125, -1967, -54, 0, 0, 0
L 125, -1967, -54, 128, -1955, -70, 0, 0, 0
L 128, -1955, -70, 128, -1947, -71, 0, 0, 0
L 128, -1947, -71, 96, -1925, -77, 0, 0, 0
L 96, -1925, -77, 92, -1922, -80, 0, 0, 0
L 92, -1922, -80, 90, -1913, -81, 0, 0, 0
L 90, -1913, -81, 93, -1899, -86, 0, 0, 0
L 93, -1899, -86, 95, -1894, -82, 0, 0, 0
L 95, -1894, -82, 116, -1837, -85, 0, 0, 0
L 116, -1837, -85, 122, -1830, -88, 0, 0, 0
L 122, -1830, -88, 183, -1786, -87, 0, 0, 0
L 183, -1786, -87, 228, -1777, -87, 0, 0, 0
L 228, -1777, -87, 273, -1682, -90, 0, 0, 0
L 273, -1682, -90, 322, -1547, -94, 0, 0, 0
L 322, -1547, -94, 320, -1521, -96, 0, 0, 0
L 320, -1521, -96, 319, -1509, -92, 0, 0, 0
L 319, -1509, -92, 314, -1485, -96, 0, 0, 0
L 314, -1485, -96, 306, -1459, -89, 0, 0, 0
L 306, -1459, -89, 307, -1444, -82, 0, 0, 0
L 307, -1444, -82, 305, -1443, -84, 0, 0, 0
L 305, -1443, -84, 306, -1441, -81, 0, 0, 0
L 306, -1441, -81, 304, -1440, -82, 0, 0, 0
L 304, -1440, -82, 306, -1434, -79, 0, 0, 0
L 306, -1434, -79, 305, -1434, -80, 0, 0, 0
L 305, -1434, -80, 304, -1432, -85, 0, 0, 0
L 304, -1432, -85, 308, -1428, -77, 0, 0, 0
L 308, -1428, -77, 308, -1427, -76, 0, 0, 0
L 308, -1427, -76, 308, -1424, -77, 0, 0, 0
L 308, -1424, -77, 305, -1423, -77, 0, 0, 0
L 305, -1423, -77, 300, -1421, -83, 0, 0, 0
L 300, -1421, -83, 295, -1427, -84, 0, 0, 0
L 295, -1427, -84, 291, -1431, -82, 0, 0, 0
L 291, -1431, -82, 287, -1434, -84, 0, 0, 0
L 287, -1434, -84, 287, -1436, -86, 0, 0, 0
L 287, -1436, -86, 289, -1435, -89, 0, 0, 0
L 289, -1435, -89, 288, -1430, -78, 0, 0, 0
L 288, -1430, -78, 290, -1429, -76, 0, 0, 0
L 290, -1429, -76, 287, -1431, -76, 0, 0, 0
L 287, -1431, -76, 286, -1434, -77, 0, 0, 0
L 286, -1434, -77, 285, -1440, -85, 0, 0, 0
L 285, -1440, -85, 284, -1441, -90, 0, 0, 0
L 284, -1441, -90, 276, -1443, -87, 0, 0, 0
L 276, -1443, -87, 273, -1446, -85, 0, 0, 0
L 273, -1446, -85, 270, -1449, -90, 0, 0, 0
L 270, -1449, -90, 263, -1449, -83, 0, 0, 0
L 263, -1449, -83, 259, -1448, -85, 0, 0, 0
L 259, -1448, -85, 278, -1432, -73, 0, 0, 0
L 278, -1432, -73, 219, -1447, -94, 0, 0, 0
L 219, -1447, -94, 187, -1463, -93, 0, 0, 0
L 187, -1463, -93, 157, -1493, -94, 0, 0, 0
L 157, -1493, -94, 109, -1544, -76, 0, 0, 0
L 109, -1544, -76, 103, -1546, -76, 0, 0, 0
L 103, -1546, -76, 59, -1518, -70, 0, 0, 0
L 59, -1518, -70, 42, -1533, -69, 0, 0, 0
L 42, -1533, -69, 40, -1536, -66, 0, 0, 0
L 40, -1536, -66, 37, -1538, -67, 0, 0, 0
L 37, -1538, -67, 20, -1535, -65, 0, 0, 0
L 20, -1535, -65, 18, -1535, -65, 0, 0, 0
L 18, -1535, -65, 3, -1528, -64, 0, 0, 0
L 3, -1528, -64, -6, -1521, -67, 0, 0, 0
L -6, -1521, -67, -37, -1486, -64, 0, 0, 0
L -37, -1486, -64, -57, -1451, -63, 0, 0, 0
L -57, -1451, -63, -56, -1446, -63, 0, 0, 0
L -56, -1446, -63, -50, -1439, -63, 0, 0, 0
L -50, -1439, -63, -51, -1438, -63, 0, 0, 0
L -51, -1438, -63, -30, -1421, -62, 0, 0, 0
L -30, -1421, -62, -13, -1414, -62, 0, 0, 0
L -13, -1414, -62, -34, -1396, -59, 0, 0, 0
L -34, -1396, -59, -67, -1391, -59, 0, 0, 0
L -67, -1391, -59, -98, -1389, -52, 0, 0, 0
L -98, -1389, -52, -117, -1395, -49, 0, 0, 0
L -117, -1395, -49, -121, -1396, -52, 0, 0, 0
L -121, -1396, -52, -146, -1352, -50, 0, 0, 0
L -146, -1352, -50, -151, -1321, -46, 0, 0, 0
L -151, -1321, -46, -127, -1247, -47, 0, 0, 0
L -127, -1247, -47, -115, -1234, -47, 0, 0, 0
L -115, -1234, -47, -51, -1240, -48, 0, 0, 0
L -51, -1240, -48, -6, -1245, -48, 0, 0, 0
L -6, -1245, -48, 58, -1204, -49, 0, 0, 0
L 58, -1204, -49, 85, -1140, -47, 0, 0, 0
L 85, -1140, -47, 129, -1080, -44, 0, 0, 0
L 129, -1080, -44, 128, -1051, -44, 0, 0, 0
L 128, -1051, -44, 137, -1031, -47, 0, 0, 0
L 137, -1031, -47, 174, -1031, -49, 0, 0, 0
L 174, -1031, -49, 195, -1041, -50, 0, 0, 0
L 195, -1041, -50, 248, -1025, -48, 0, 0, 0
L 248, -1025, -48, 265, -1027, -45, 0, 0, 0
L 265, -1027, -45, 292, -1051, -44, 0, 0, 0
L 292, -1051, -44, 347, -1104, -39, 0, 0, 0
L 347, -1104, -39, 364, -1126, -37, 0, 0, 0
L 364, -1126, -37, 383, -1126, -37, 0, 0, 0
L 383, -1126, -37, 397, -1110, -33, 0, 0, 0
L 397, -1110, -33, 414, -1095, -31, 0, 0, 0
L 414, -1095, -31, 490, -1044, -27, 0, 0, 0
L 490, -1044, -27, 506, -1043, -33, 0, 0, 0
L 506, -1043, -33, 588, -1025, -22, 0, 0, 0
L 588, -1025, -22, 593, -1016, -29, 0, 0, 0
L 593, -1016, -29, 598, -1006, -29, 0, 0, 0
L 598, -1006, -29, 610, -978, -21, 0, 0, 0
L 610, -978, -21, 629, -938, -25, 0, 0, 0
L 629, -938, -25, 643, -909, -13, 0, 0, 0
L 643, -909, -13, 670, -874, -10, 0, 0, 0
L 670, -874, -10, 680, -871, -9, 0, 0, 0
L 680, -871, -9, 700, -872, -15, 0, 0, 0
L 700, -872, -15, 709, -873, -29, 0, 0, 0
L 709, -873, -29, 747, -888, -38, 0, 0, 0
L 747, -888, -38, 748, -888, -40, 0, 0, 0
L 748, -888, -40, 789, -910, -41, 0, 0, 0
L 789, -910, -41, 845, -922, -36, 0, 0, 0
L 845, -922, -36, 868, -930, -25, 0, 0, 0
L 868, -930, -25, 876, -934, -29, 0, 0, 0
L 876, -934, -29, 878, -935, -29, 0, 0, 0
L 878, -935, -29, 894, -946, -35, 0, 0, 0
L 894, -946, -35, 906, -938, -45, 0, 0, 0
L 906, -938, -45, 912, -929, -46, 0, 0, 0
L 912, -929, -46, 911, -926, -46, 0, 0, 0
L 911, -926, -46, 1025, -865, -52, 0, 0, 0
L 1025, -865, -52, 1037, -858, -55, 0, 0, 0
L 1037, -858, -55, 1060, -859, -55, 0, 0, 0
L 1060, -859, -55, 1109, -888, -55, 0, 0, 0
L 1109, -888, -55, 1140, -884, -57, 0, 0, 0
L 1140, -884, -57, 1169, -879, -58, 0, 0, 0
L 1169, -879, -58, 1174, -883, -58, 0, 0, 0
L 1174, -883, -58, 1176, -882, -59, 0, 0, 0
L 1176, -882, -59, 1198, -932, -60, 0, 0, 0
L 1198, -932, -60, 1205, -974, -57, 0, 0, 0
L 1205, -974, -57, 1215, -989, -55, 0, 0, 0
L 1215, -989, -55, 1212, -999, -49, 0, 0, 0
L 1212, -999, -49, 1211, -1005, -50, 0, 0, 0
L 1211, -1005, -50, 1210, -1020, -44, 0, 0, 0
L 1210, -1020, -44, 1202, -1052, -40, 0, 0, 0
L 1202, -1052, -40, 1196, -1060, -39, 0, 0, 0
L 1196, -1060, -39, 1147, -1108, -54, 0, 0, 0
L 1147, -1108, -54, 1145, -1123, -54, 0, 0, 0
L 1145, -1123, -54, 1136, -1140, -51, 0, 0, 0
L 1136, -1140, -51, 1135, -1142, -55, 0, 0, 0
L 1135, -1142, -55, 1116, -1151, -54, 0, 0, 0
L 1116, -1151, -54, 1079, -1154, -50, 0, 0, 0
L 1079, -1154, -50, 1017, -1190, -42, 0, 0, 0
L 1017, -1190, -42, 1007, -1195, -46, 0, 0, 0
L 1007, -1195, -46, 992, -1208, -49, 0, 0, 0
L 992, -1208, -49, 979, -1230, -56, 0, 0, 0
L 979, -1230, -56, 973, -1241, -36, 0, 0, 0
L 973, -1241, -36, 958, -1267, -13, 0, 0, 0
L 958, -1267, -13, 908, -1381, -34, 0, 0, 0
L 908, -1381, -34, 898, -1419, 21, 0, 0, 0
L 898, -1419, 21, 894, -1441, 22, 0, 0, 0
L 894, -1441, 22, 891, -1459, 11, 0, 0, 0
L 891, -1459, 11, 890, -1463, 4, 0, 0, 0
L 890, -1463, 4, 870, -1477, 10, 0, 0, 0
L 870, -1477, 10, 854, -1492, 2, 0, 0, 0
L 854, -1492, 2, 882, -1532, 2, 0, 0, 0
L 882, -1532, 2, 892, -1546, -8, 0, 0, 0
L 892, -1546, -8, 894, -1547, -8, 0, 0, 0
L 894, -1547, -8, 901, -1552, -19, 0, 0, 0
L 901, -1552, -19, 912, -1566, -26, 0, 0, 0
L 912, -1566, -26, 929, -1594, -23, 0, 0, 0
L 929, -1594, -23, 936, -1607, -36, 0, 0, 0
L 936, -1607, -36, 939, -1622, -36, 0, 0, 0
L 939, -1622, -36, 954, -1635, -36, 0, 0, 0
L 954, -1635, -36, 963, -1639, -37, 0, 0, 0
L 963, -1639, -37, 982, -1661, -32, 0, 0, 0
L 982, -1661, -32, 999, -1696, -36, 0, 0, 0
L 999, -1696, -36, 1000, -1701, -35, 0, 0, 0
L 1000, -1701, -35, 1000, -1733, -48, 0, 0, 0
L 1000, -1733, -48, 1004, -1736, -47, 0, 0, 0
L 1004, -1736, -47, 1012, -1738, -40, 0, 0, 0
L 1012, -1738, -40, 1017, -1738, -40, 0, 0, 0
L 1017, -1738, -40, 1029, -1738, -50, 0, 0, 0
L 1029, -1738, -50, 1035, -1744, -50, 0, 0, 0
L 1035, -1744, -50, 1037, -1746, -48, 0, 0, 0
L 1037, -1746, -48, 1060, -1786, -57, 0, 0, 0
L 1060, -1786, -57, 1095, -1800, -59, 0, 0, 0
L 1095, -1800, -59, 1104, -1811, -61, 0, 0, 0
L 1104, -1811, -61, 1108, -1817, -59, 0, 0, 0
L 1108, -1817, -59, 1112, -1824, -62, 0, 0, 0
L 1112, -1824, -62, 1118, -1866, -62, 0, 0, 0
L 1118, -1866, -62, 1125, -1896, -62, 0, 0, 0
L 1125, -1896, -62, 1121, -1916, -62, 0, 0, 0
L 1121, -1916, -62, 1114, -1931, -61, 0, 0, 0
L 1114, -1931, -61, 1115, -1939, -59, 0, 0, 0
L 1115, -1939, -59, 1134, -1965, -61, 0, 0, 0
L 1134, -1965, -61, 1180, -1963, -59, 0, 0, 0
L 1180, -1963, -59, 1224, -1972, -48, 0, 0, 0
L 1224, -1972, -48, 1258, -1991, -39, 0, 0, 0
L 1258, -1991, -39, 1267, -1996, -44, 0, 0, 0
L 1267, -1996, -44, 1275, -2002, -57, 0, 0, 0
L 1275, -2002, -57, 1299, -2022, -57, 0, 0, 0
L 1299, -2022, -57, 1347, -2040, -53, 0, 0, 0
L 1347, -2040, -53, 1365, -2044, -47, 0, 0, 0
L 1365, -2044, -47, 1413, -2043, -53, 0, 0, 0
L 1413, -2043, -53, 1424, -2038, -54, 0, 0, 0
L 1424, -2038, -54, 1462, -2039, -43, 0, 0, 0
L 1462, -2039, -43, 1466, -2040, -43, 0, 0, 0
L 1466, -2040, -43, 1489, -2052, -32, 0, 0, 0
L 1489, -2052, -32, 1506, -2063, -51, 0, 0, 0
L 1506, -2063, -51, 1506, -2064, -54, 0, 0, 0
L 1506, -2064, -54, 1508, -2091, -54, 0, 0, 0
L 1508, -2091, -54, 1524, -2126, -53, 0, 0, 0
L 1524, -2126, -53, 1550, -2140, -54, 0, 0, 0
L 1550, -2140, -54, 1615, -2167, -56, 0, 0, 0
L 1615, -2167, -56, 1619, -2176, -56, 0, 0, 0
L 1619, -2176, -56, 1621, -2188, -55, 0, 0, 0
L 1621, -2188, -55, 1665, -2199, -56, 0, 0, 0
L 1665, -2199, -56, 1699, -2220, -55, 0, 0, 0
L 1699, -2220, -55, 1711, -2234, -55, 0, 0, 0
L 1711, -2234, -55, 1721, -2197, -55, 0, 0, 0
L 1721, -2197, -55, 1743, -2169, -55, 0, 0, 0
L 1743, -2169, -55, 1817, -2162, -55, 0, 0, 0
L 1817, -2162, -55, 1839, -2167, -55, 0, 0, 0
L 1839, -2167, -55, 1913, -2092, -48, 0, 0, 0
L 1913, -2092, -48, 1926, -2085, -52, 0, 0, 0
L 1926, -2085, -52, 1955, -2073, -47, 0, 0, 0
L 1955, -2073, -47, 1970, -2071, -54, 0, 0, 0
L 1970, -2071, -54, 1988, -2078, -55, 0, 0, 0
L 1988, -2078, -55, 2014, -2096, -56, 0, 0, 0
L 2014, -2096, -56, 2060, -2107, -57, 0, 0, 0
L 2060, -2107, -57, 2171, -2073, -52, 0, 0, 0
L 2171, -2073, -52, 2200, -2055, -50, 0, 0, 0
L 2200, -2055, -50, 2225, -2038, -39, 0, 0, 0
L 2225, -2038, -39, 2272, -2006, -52, 0, 0, 0
L 2272, -2006, -52, 2314, -1945, -51, 0, 0, 0
L 2314, -1945, -51, 2302, -1850, -53, 0, 0, 0
L 2302, -1850, -53, 2293, -1807, -36, 0, 0, 0
L 2293, -1807, -36, 2295, -1776, -33, 0, 0, 0
L 2295, -1776, -33, 2297, -1763, -43, 0, 0, 0
L 2297, -1763, -43, 2299, -1758, -54, 0, 0, 0
L 2299, -1758, -54, 2340, -1727, -54, 0, 0, 0
L 2340, -1727, -54, 2425, -1714, -53, 0, 0, 0
L 2425, -1714, -53, 2450, -1707, -55, 0, 0, 0
L 2450, -1707, -55, 2470, -1713, -56, 0, 0, 0
L 2470, -1713, -56, 2534, -1759, -56, 0, 0, 0
L 2534, -1759, -56, 2614, -1773, -51, 0, 0, 0
L 2614, -1773, -51, 2695, -1704, -58, 0, 0, 0
L 2695, -1704, -58, 2713, -1673, -55, 0, 0, 0
L 2713, -1673, -55, 2762, -1641, -52, 0, 0, 0
L 2762, -1641, -52, 2801, -1591, -48, 0, 0, 0
L 2801, -1591, -48, 2828, -1552, -54, 0, 0, 0
L 2828, -1552, -54, 2825, -1389, -56, 0, 0, 0
L 2825, -1389, -56, 2780, -1318, -50, 0, 0, 0
L 2780, -1318, -50, 2784, -1291, -46, 0, 0, 0
L 2784, -1291, -46, 2801, -1267, -45, 0, 0, 0
L 2801, -1267, -45, 2806, -1265, -44, 0, 0, 0
L 2806, -1265, -44, 2737, -1158, -38, 0, 0, 0
L 2737, -1158, -38, 2705, -1135, -42, 0, 0, 0
L 2705, -1135, -42, 2702, -1128, -38, 0, 0, 0
L 2702, -1128, -38, 2667, -1095, -42, 0, 0, 0
L 2667, -1095, -42, 2648, -1079, -48, 0, 0, 0
L 2648, -1079, -48, 2628, -1075, -50, 0, 0, 0
L 2628, -1075, -50, 2617, -1074, -48, 0, 0, 0
L 2617, -1074, -48, 2606, -1071, -53, 0, 0, 0
L 2606, -1071, -53, 2531, -1055, -60, 0, 0, 0
L 2531, -1055, -60, 2509, -1054, -62, 0, 0, 0
L 2509, -1054, -62, 2492, -1042, -64, 0, 0, 0
L 2492, -1042, -64, 2487, -1040, -62, 0, 0, 0
L 2487, -1040, -62, 2460, -1022, -62, 0, 0, 0
L 2460, -1022, -62, 2442, -1003, -61, 0, 0, 0
L 2442, -1003, -61, 2316, -1019, -58, 0, 0, 0
L 2316, -1019, -58, 2265, -1015, -57, 0, 0, 0
L 2265, -1015, -57, 2219, -1036, -52, 0, 0, 0
L 2219, -1036, -52, 2211, -1042, -54, 0, 0, 0
L 2211, -1042, -54, 2195, -1056, -49, 0, 0, 0
L 2195, -1056, -49, 2194, -1057, -47, 0, 0, 0
L 2194, -1057, -47, 2182, -1069, -52, 0, 0, 0
L 2182, -1069, -52, 2122, -1207, -55, 0, 0, 0
L 2122, -1207, -55, 2122, -1208, -53, 0, 0, 0
L 2122, -1208, -53, 2110, -1220, -56, 0, 0, 0
L 2110, -1220, -56, 2038, -1226, -50, 0, 0, 0
L 2038, -1226, -50, 2028, -1222, -55, 0, 0, 0
L 2028, -1222, -55, 1991, -1188, -53, 0, 0, 0
L 1991, -1188, -53, 1963, -1103, -54, 0, 0, 0
L 1963, -1103, -54, 1845, -981, -55, 0, 0, 0
L 1845, -981, -55, 1825, -945, -55, 0, 0, 0
L 1825, -945, -55, 1810, -947, -56, 0, 0, 0
L 1810, -947, -56, 1790, -960, -56, 0, 0, 0
L 1790, -960, -56, 1768, -959, -54, 0, 0, 0
L 1768, -959, -54, 1742, -961, -51, 0, 0, 0
L 1742, -961, -51, 1719, -925, -51, 0, 0, 0
L 1719, -925, -51, 1719, -924, -48, 0, 0, 0
L 1719, -924, -48, 1714, -912, -49, 0, 0, 0
L 1714, -912, -49, 1698, -911, -50, 0, 0, 0
L 1698, -911, -50, 1700, -876, -50, 0, 0, 0
L 1700, -876, -50, 1700, -874, -47, 0, 0, 0
L 1700, -874, -47, 1711, -840, -47, 0, 0, 0
L 1711, -840, -47, 1719, -832, -50, 0, 0, 0
L 1719, -832, -50, 1736, -833, -47, 0, 0, 0
L 1736, -833, -47, 1735, -803, -44, 0, 0, 0
L 1735, -803, -44, 1744, -771, -35, 0, 0, 0
L 1744, -771, -35, 1749, -763, -39, 0, 0, 0
L 1749, -763, -39, 1752, -758, -48, 0, 0, 0
L 1752, -758, -48, 1806, -741, -45, 0, 0, 0
L 1806, -741, -45, 1816, -741, -45, 0, 0, 0
L 1816, -741, -45, 1835, -741, -39, 0, 0, 0
L 1835, -741, -39, 1847, -736, -31, 0, 0, 0
L 1847, -736, -31, 1863, -721, -34, 0, 0, 0
L 1863, -721, -34, 1871, -711, -42, 0, 0, 0
L 1871, -711, -42, 1879, -700, -39, 0, 0, 0
L 1879, -700, -39, 1878, -698, -39, 0, 0, 0
L 1878, -698, -39, 1902, -670, -25, 0, 0, 0
L 1902, -670, -25, 1904, -669, -22, 0, 0, 0
L 1904, -669, -22, 1954, -656, -19, 0, 0, 0
L 1954, -656, -19, 1966, -662, -18, 0, 0, 0
L 1966, -662, -18, 1968, -663, -16, 0, 0, 0
L 1968, -663, -16, 1981, -670, -18, 0, 0, 0
L 1981, -670, -18, 1989, -675, -16, 0, 0, 0
L 1989, -675, -16, 1993, -678, -20, 0, 0, 0
L 1993, -678, -20, 1997, -728, -20, 0, 0, 0
L 1997, -728, -20, 2055, -763, -20, 0, 0, 0
L 2055, -763, -20, 2085, -767, -20, 0, 0, 0
L 2085, -767, -20, 2155, -745, -20, 0, 0, 0
L 2155, -745, -20, 2208, -723, -16, 0, 0, 0
L 2208, -723, -16, 2223, -717, -18, 0, 0, 0
L 2223, -717, -18, 2224, -712, -18, 0, 0, 0
L 2224, -712, -18, 2225, -704, -35, 0, 0, 0
L 2225, -704, -35, 2217, -608, -34, 0, 0, 0
L 2217, -608, -34, 2265, -569, -35, 0, 0, 0
L 2265, -569, -35, 2265, -485, -35, 0, 0, 0
L 2265, -485, -35, 2275, -474, -36, 0, 0, 0
L 2275, -474, -36, 2290, -480, -35, 0, 0, 0
L 2290, -480, -35, 2296, -478, -36, 0, 0, 0
L 2296, -478, -36, 2298, -473, -36, 0, 0, 0
L 2298, -473, -36, 2298, -463, -37, 0, 0, 0
L 2298, -463, -37, 2290, -462, -35, 0, 0, 0
L 2290, -462, -35, 2283, -463, -28, 0, 0, 0
L 2283, -463, -28, 2282, -464, -28, 0, 0, 0
L 2282, -464, -28, 2277, -467, -36, 0, 0, 0
L 2277, -467, -36, 2230, -458, -33, 0, 0, 0
L 2230, -458, -33, 2213, -442, -34, 0, 0, 0
L 2213, -442, -34, 2217, -419, -34, 0, 0, 0
L 2217, -419, -34, 2225, -390, -35, 0, 0, 0
L 2225, -390, -35, 2230, -354, -31, 0, 0, 0
L 2230, -354, -31, 2247, -342, -32, 0, 0, 0
L 2247, -342, -32, 2249, -342, -32, 0, 0, 0
L 2249, -342, -32, 2253, -342, -28, 0, 0, 0
L 2253, -342, -28, 2255, -341, -28, 0, 0, 0
L 2255, -341, -28, 2234, -358, -17, 0, 0, 0
L 2234, -358, -17, 2234, -361, -12, 0, 0, 0
L 2234, -361, -12, 2248, -372, -9, 0, 0, 0
L 2248, -372, -9, 2363, -263, -1, 0, 0, 0
L 2363, -263, -1, 2383, -201, 3, 0, 0, 0
L 2383, -201, 3, 2384, -165, 0, 0, 0, 0
L 2384, -165, 0, 2380, -156, -8, 0, 0, 0
L 2380, -156, -8, 2372, -143, -35, 0, 0, 0
L 2372, -143, -35, 2356, -109, -35, 0, 0, 0
L 2356, -109, -35, 2349, -103, -35, 0, 0, 0
L 2349, -103, -35, 2343, -99, -31, 0, 0, 0
L 2343, -99, -31, 2290, -53, -31, 0, 0, 0
L 2290, -53, -31, 2267, -22, -31, 0, 0, 0
L 2267, -22, -31, 2235, -25, -31, 0, 0, 0
L 2235, -25, -31, 2207, -15, -31, 0, 0, 0
L 2207, -15, -31, 2193, -14, -29, 0, 0, 0
L 2193, -14, -29, 2189, -14, -35, 0, 0, 0
L 2189, -14, -35, 2140, 34, -35, 0, 0, 0
L 2140, 34, -35, 2138, 76, -35, 0, 0, 0
L 2138, 76, -35, 2092, 127, -35, 0, 0, 0
L 2092, 127, -35, 2071, 136, -35, 0, 0, 0
L 2071, 136, -35, 1994, 80, -35, 0, 0, 0
L 1994, 80, -35, 1978, 43, -35, 0, 0, 0
L 1978, 43, -35, 1941, 19, -35, 0, 0, 0
L 1941, 19, -35, 1939, 0, -35, 0, 0, 0
L 1939, 0, -35, 1938, -8, -38, 0, 0, 0
L 1938, -8, -38, 1931, -60, -38, 0, 0, 0
L 1931, -60, -38, 1928, -70, -34, 0, 0, 0
L 1928, -70, -34, 1925, -92, -34, 0, 0, 0
L 1925, -92, -34, 1940, -120, -34, 0, 0, 0
L 1940, -120, -34, 1983, -164, -32, 0, 0, 0
L 1983, -164, -32, 1983, -165, -31, 0, 0, 0
L 1983, -165, -31, 1985, -171, -34, 0, 0, 0
L 1985, -171, -34, 1975, -228, -35, 0, 0, 0
L 1975, -228, -35, 1971, -254, -34, 0, 0, 0
L 1971, -254, -34, 1920, -313, -35, 0, 0, 0
L 1920, -313, -35, 1910, -319, -40, 0, 0, 0
L 1910, -319, -40, 1867, -335, -35, 0, 0, 0
L 1867, -335, -35, 1858, -336, -32, 0, 0, 0
L 1858, -336, -32, 1854, -343, -48, 0, 0, 0
L 1854, -343, -48, 1825, -331, -47, 0, 0, 0
L 1825, -331, -47, 1824, -330, -47, 0, 0, 0
L 1824, -330, -47, 1817, -270, -44, 0, 0, 0
L 1817, -270, -44, 1795, -221, -44, 0, 0, 0
L 1795, -221, -44, 1807, -182, -45, 0, 0, 0
L 1807, -182, -45, 1788, -175, -49, 0, 0, 0
L 1788, -175, -49, 1781, -168, -49, 0, 0, 0
L 1781, -168, -49, 1777, -158, -49, 0, 0, 0
L 1777, -158, -49, 1763, -158, -49, 0, 0, 0
L 1763, -158, -49, 1764, -63, -49, 0, 0, 0
L 1764, -63, -49, 1776, -64, -48, 0, 0, 0
L 1776, -64, -48, 1779, -56, -48, 0, 0, 0
L 1779, -56, -48, 1776, -25, -48, 0, 0, 0
L 1776, -25, -48, 1738, -25, -49, 0, 0, 0
L 1738, -25, -49, 1672, 6, -48, 0, 0, 0
L 1672, 6, -48, 1670, 5, -46, 0, 0, 0
L 1670, 5, -46, 1652, -2, -47, 0, 0, 0
L 1652, -2, -47, 1614, -17, -48, 0, 127, 127
L 1614, -17, -48, 1614, -16, -47, 0, 127, 127
L 1614, -16, -47, 1599, 29, -47, 0, 127, 127
L 1599, 29, -47, 1616, 31, -48, 0, 127, 127
L 1616, 31, -48, 1613, 49, -48, 0, 127, 127
L 1613, 49, -48, 1570, 42, -48, 0, 127, 127
L 1570, 42, -48, 1572, 24, -48, 0, 127, 127
L 1572, 24, -48, 1587, 27, -47, 0, 127, 127
L 1587, 27, -47, 1601, -18, -47, 0, 127, 127
L 1601, -18, -47, 1560, -135, -44, 0, 127, 127
L 1560, -135, -44, 1510, -139, -45, 0, 127, 127
L 1510, -139, -45, 1489, -150, -46, 0, 127, 127
L 1489, -150, -46, 1465, -198, -44, 0, 127, 127
L 1465, -198, -44, 1258, -158, -44, 0, 127, 127
L 1258, -158, -44, 1235, -110, -46, 0, 127, 127
L 1235, -110, -46, 1232, -103, -46, 0, 0, 0
L 1232, -103, -46, 1275, 18, -46, 0, 0, 0
L 1275, 18, -46, 1271, 37, -46, 0, 0, 0
L 1271, 37, -46, 1284, 89, -45, 0, 127, 127
L 1284, 89, -45, 1288, 88, -46, 0, 127, 127
L 1288, 88, -46, 1300, 154, -46, 0, 127, 127
L 1300, 154, -46, 1283, 207, -45, 0, 127, 127
L 1283, 207, -45, 1272, 219, -45, 0, 127, 127
L 1272, 219, -45, 1287, 243, -45, 0, 127, 127
L 1287, 243, -45, 1315, 226, -46, 0, 127, 127
L 1315, 226, -46, 1354, 148, -46, 0, 127, 127
L 1354, 148, -46, 1356, 120, -46, 0, 127, 127
L 1356, 120, -46, 1356, 109, -41, 0, 127, 127
L 1356, 109, -41, 1355, 92, -46, 0, 127, 127
L 1355, 92, -46, 1353, 82, -46, 0, 127, 127
L 1353, 82, -46, 1332, -5, -46, 0, 127, 127
L 1332, -5, -46, 1302, -42, -46, 0, 0, 0
L 1302, -42, -46, 1300, -65, -46, 0, 0, 0
L 1300, -65, -46, 1310, -79, -46, 0, 0, 0
L 1310, -79, -46, 1325, -71, -46, 0, 0, 0
L 1325, -71, -46, 1333, -61, -46, 0, 0, 0
L 1333, -61, -46, 1357, 22, -46, 0, 0, 0
L 1357, 22, -46, 1362, 70, -45, 0, 127, 127
L 1362, 70, -45, 1372, 89, -46, 0, 127, 127
L 1372, 89, -46, 1366, 106, -46, 0, 127, 127
L 1366, 106, -46, 1366, 121, -46, 0, 127, 127
L 1366, 121, -46, 1368, 123, -46, 0, 127, 127
L 1368, 123, -46, 1364, 150, -46, 0, 127, 127
L 1364, 150, -46, 1362, 157, -41, 0, 127, 127
L 1362, 157, -41, 1355, 182, -46, 0, 127, 127
L 1355, 182, -46, 1328, 238, -46, 0, 127, 127
L 1328, 238, -46, 1227, 305, -45, 0, 127, 127
L 1227, 305, -45, 1211, 303, -45, 0, 127, 127
L 1211, 303, -45, 1208, 303, -45, 0, 127, 127
L 1208, 303, -45, 1207, 293, -45, 0, 127, 127
L 1207, 293, -45, 1252, 266, -45, 0, 127, 127
L 1252, 266, -45, 1247, 235, -45, 0, 127, 127
L 1247, 235, -45, 1239, 237, -46, 0, 127, 127
L 1239, 237, -46, 1232, 242, -45, 0, 127, 127
L 1232, 242, -45, 1194, 240, -31, 0, 127, 127
L 1194, 240, -31, 1193, 244, -31, 0, 127, 127
L 1193, 244, -31, 1133, 231, -31, 0, 127, 127
L 1133, 231, -31, 1107, 214, -30, 0, 127, 127
L 1107, 214, -30, 1105, 213, -31, 0, 127, 127
L 1105, 213, -31, 995, 223, -31, 0, 127, 127
L 995, 223, -31, 972, 214, -31, 0, 127, 127
L 972, 214, -31, 963, 202, -32, 0, 127, 127
L 963, 202, -32, 955, 189, -41, 0, 127, 127
L 955, 189, -41, 948, 176, -40, 0, 127, 127
L 948, 176, -40, 913, 200, -40, 0, 127, 127
L 913, 200, -40, 910, 222, -41, 0, 127, 127
L 910, 222, -41, 910, 224, -40, 0, 127, 127
L 910, 224, -40, 935, 252, -40, 0, 127, 127
L 935, 252, -40, 942, 254, -41, 0, 127, 127
L 942, 254, -41, 942, 252, -41, 0, 127, 127
L 942, 252, -41, 1128, 286, -40, 0, 127, 127
L 1128, 286, -40, 1159, 281, -41, 0, 127, 127
L 1159, 281, -41, 1175, 284, -41, 0, 127, 127
L 1175, 284, -41, 1174, 301, -41, 0, 127, 127
L 1174, 301, -41, 1077, 292, -41, 0, 127, 127
L 1077, 292, -41, 935, 262, -41, 0, 127, 127
L 935, 262, -41, 934, 261, -40, 0, 127, 127
L 934, 261, -40, 893, 222, -41, 0, 127, 127
L 893, 222, -41, 865, 113, -41, 0, 127, 127
L 865, 113, -41, 782, 68, -41, 0, 127, 127
L 782, 68, -41, 739, 55, -40, 0, 127, 127
L 739, 55, -40, 725, 60, -40, 0, 127, 127
L 725, 60, -40, 712, 77, -40, 0, 127, 127
L 712, 77, -40, 708, 87, -41, 0, 127, 127
L 708, 87, -41, 703, 127, -41, 0, 127, 127
L 703, 127, -41, 702, 128, -41, 0, 127, 127
L 702, 128, -41, 698, 183, -41, 0, 127, 127
L 698, 183, -41, 644, 230, -41, 0, 127, 127
L 644, 230, -41, 621, 233, -41, 0, 127, 127
L 621, 234, -41, 605, 236, -41, 0, 0, 0
L 605, 236, -41, 593, 243, -41, 0, 0, 0
L 593, 243, -41, 583, 228, -41, 0, 0, 0
L 583, 228, -41, 581, 227, -39, 0, 0, 0
L 581, 227, -39, 494, 227, -39, 0, 0, 0
L 494, 227, -39, 488, 236, -41, 0, 0, 0
L 488, 236, -41, 464, 260, -38, 0, 0, 0
L 464, 260, -38, 424, 255, -37, 0, 0, 0
L 424, 255, -37, 406, 259, -37, 0, 0, 0
L 406, 259, -37, 342, 276, -35, 0, 0, 0
L 342, 276, -35, 263, 247, -35, 0, 0, 0
L 263, 247, -35, 235, 220, -34, 0, 0, 0
L 235, 220, -34, 227, 205, -34, 0, 0, 0
L 227, 205, -34, 229, 169, -34, 0, 0, 0
L 229, 169, -34, 228, 167, -34, 0, 0, 0
L 228, 167, -34, 226, 160, -26, 0, 0, 0
L 226, 160, -26, 230, 132, -29, 0, 0, 0
L 230, 132, -29, 258, 56, -29, 0, 0, 0
L 258, 56, -29, 259, 46, -35, 0, 0, 0
L 259, 46, -35, 229, -50, -31, 0, 0, 0
L 229, -50, -31, 216, -65, -31, 0, 0, 0
L 224, -57, -31, 210, -69, -30, 0, 0, 0
L 294, -16, -29, 307, 26, -35, 0, 0, 0
L 307, 26, -35, 304, 55, -36, 0, 0, 0
L 304, 55, -36, 305, 99, -33, 0, 0, 0
L 305, 99, -33, 318, 114, -36, 0, 0, 0
L 318, 114, -36, 333, 117, -36, 0, 0, 0
L 333, 117, -36, 435, 153, -39, 0, 0, 0
L 435, 153, -39, 458, 153, -39, 0, 0, 0
L 458, 153, -39, 489, 186, -41, 0, 0, 0
L 489, 186, -41, 495, 194, -39, 0, 0, 0
L 495, 194, -39, 580, 194, -39, 0, 0, 0
L 580, 194, -39, 587, 188, -41, 0, 0, 0
L 587, 188, -41, 586, 176, -41, 0, 0, 0
L 586, 176, -41, 616, 160, -41, 0, 0, 0
L 616, 160, -41, 634, 144, -41, 0, 127, 127
L 634, 144, -41, 668, 2, -41, 0, 127, 127
L 668, 2, -41, 677, -5, -41, 0, 127, 127
L 677, -5, -41, 736, -8, -40, 0, 127, 127
L 736, -8, -40, 846, 17, -41, 0, 127, 127
L 846, 17, -41, 858, 26, -40, 0, 127, 127
L 858, 26, -40, 887, 37, -41, 0, 127, 127
L 887, 37, -41, 932, 97, -40, 0, 127, 127
L 932, 97, -40, 962, 189, -41, 0, 127, 127
L 962, 189, -41, 969, 195, -34, 0, 127, 127
L 969, 195, -34, 1018, 210, -31, 0, 127, 127
L 1018, 210, -31, 1108, 203, -31, 0, 127, 127
L 1108, 203, -31, 1192, 231, -31, 0, 127, 127
L 1192, 231, -31, 1218, 230, -38, 0, 127, 127
L 1218, 230, -38, 1228, 229, -46, 0, 127, 127
L 1228, 229, -46, 1283, 186, -45, 0, 127, 127
L 1283, 186, -45, 1290, 161, -45, 0, 127, 127
L 1290, 161, -45, 1278, 105, -46, 0, 127, 127
L 1278, 105, -46, 1268, 84, -46, 0, 0, 0
L 1268, 84, -46, 1212, 19, -46, 0, 0, 0
L 1212, 19, -46, 1186, -3, -46, 0, 0, 0
L 1186, -3, -46, 1171, -25, -46, 0, 0, 0
L 1171, -25, -46, 1143, -44, -45, 0, 0, 0
L 1143, -44, -45, 1117, -41, -46, 0, 0, 0
L 1117, -41, -46, 1093, -3, -48, 0, 0, 0
L 1093, -3, -48, 1070, 8, -48, 0, 0, 0
L 1070, 8, -48, 1065, 11, -48, 0, 0, 0
L 1065, 11, -48, 1043, 6, -43, 0, 0, 0
L 1043, 6, -43, 1028, 9, -43, 0, 0, 0
L 1028, 9, -43, 1025, 0, -43, 0, 0, 0
L 1025, 0, -43, 1013, -17, -43, 0, 0, 0
L 1013, -17, -43, 1013, -23, -43, 0, 0, 0
L 1013, -23, -43, 1025, -41, -44, 0, 0, 0
L 1025, -41, -44, 1029, -58, -47, 0, 0, 0
L 1029, -58, -47, 1047, -77, -47, 0, 0, 0
L 1047, -77, -47, 1080, -79, -47, 0, 0, 0
L 1080, -79, -47, 1115, -61, -45, 0, 0, 0
L 1115, -61, -45, 1149, -65, -45, 0, 0, 0
L 1149, -65, -45, 1188, -85, -46, 0, 0, 0
L 1188, -85, -46, 1198, -102, -46, 0, 0, 0
L 1198, -102, -46, 1210, -108, -46, 0, 0, 0
L 1210, -108, -46, 1225, -119, -46, 0, 127, 127
L 1225, -119, -46, 1239, -153, -46, 0, 127, 127
L 1239, -153, -46, 1284, -178, -44, 0, 127, 127
L 1284, -178, -44, 1475, -221, -46, 0, 127, 127
L 1475, -221, -46, 1480, -192, -44, 0, 127, 127
L 1480, -192, -44, 1494, -165, -44, 0, 127, 127
L 1494, -165, -44, 1523, -146, -44, 0, 127, 127
L 1523, -146, -44, 1560, -145, -44, 0, 127, 127
L 1560, -145, -44, 1561, -146, -44, 0, 127, 127
L 1561, -146, -44, 1558, -157, -46, 0, 127, 127
L 1558, -157, -46, 1570, -162, -46, 0, 127, 127
L 1570, -162, -46, 1611, -37, -47, 0, 127, 127
L 1611, -37, -47, 1625, -24, -48, 0, 127, 127
L 1625, -24, -48, 1627, -23, -47, 0, 127, 127
L 1627, -23, -47, 1665, -7, -46, 0, 127, 127
L 1665, -7, -46, 1688, -18, -48, 0, 127, 127
L 1688, -18, -48, 1695, -25, -48, 0, 127, 127
L 947, 166, -40, 911, 190, -40, 0, 127, 127
L 911, 190, -40, 870, 98, -41, 0, 127, 127
L 870, 98, -41, 812, 66, -40, 0, 127, 127
L 812, 66, -40, 832, 33, -40, 0, 127, 127
L 832, 33, -40, 853, 32, -40, 0, 127, 127
L 853, 32, -40, 908, 74, -40, 0, 127, 127
L 908, 74, -40, 944, 161, -41, 0, 127, 127
L 944, 161, -41, 945, 166, -40, 0, 127, 127
L 781, 17, -40, 780, 53, -40, 0, 127, 127
L 780, 53, -40, 756, 46, -41, 0, 127, 127
L 756, 46, -41, 729, 50, -40, 0, 127, 127
L 729, 50, -40, 722, 53, -41, 0, 127, 127
L 722, 53, -41, 698, 88, -40, 0, 127, 127
L 698, 88, -40, 684, 167, -41, 0, 127, 127
L 684, 167, -41, 665, 195, -41, 0, 127, 127
L 665, 195, -41, 627, 217, -41, 0, 127, 127
L 627, 217, -41, 625, 217, -41, 0, 127, 127
L 625, 217, -41, 621, 206, -41, 0, 127, 127
L 621, 206, -41, 683, 15, -41, 0, 127, 127
L 683, 15, -41, 706, 3, -41, 0, 127, 127
L 706, 3, -41, 740, 1, -40, 0, 127, 127
L 740, 1, -40, 781, 15, -40, 0, 127, 127
L 1695, -25, -48, 1717, -65, -49, 0, 0, 0
L 1717, -65, -49, 1736, -68, -47, 0, 0, 0
L 1736, -68, -47, 1736, -155, -47, 0, 0, 0
L 1736, -155, -47, 1736, -157, -49, 0, 0, 0
L 1736, -157, -49, 1695, -183, -47, 0, 0, 0
L 1695, -183, -47, 1697, -223, -46, 0, 0, 0
L 1697, -223, -46, 1698, -295, -43, 0, 0, 0
L 1698, -295, -43, 1703, -319, -40, 0, 0, 0
L 1703, -319, -40, 1700, -346, -41, 0, 0, 0
L 1700, -346, -41, 1787, -363, -41, 0, 0, 0
L 1787, -363, -41, 1849, -360, -35, 0, 0, 0
L 1849, -360, -35, 1929, -375, -35, 0, 0, 0
L 1929, -375, -35, 1957, -394, -33, 0, 0, 0
L 1957, -394, -33, 1980, -447, -33, 0, 0, 0
L 1980, -447, -33, 1983, -465, -33, 0, 0, 0
L 1983, -465, -33, 1991, -488, -34, 0, 0, 0
L 1991, -488, -34, 1995, -518, -35, 0, 0, 0
L 1995, -518, -35, 2002, -529, -35, 0, 0, 0
L 2002, -529, -35, 2028, -552, -34, 0, 0, 0
L 2028, -552, -34, 2030, -554, -31, 0, 0, 0
L 2030, -554, -31, 2036, -564, -31, 0, 0, 0
L 2036, -564, -31, 2042, -593, -35, 0, 0, 0
L 2042, -593, -35, 2050, -646, -35, 0, 0, 0
L 2050, -646, -35, 2134, -691, -30, 0, 0, 0
L 2134, -691, -30, 2132, -704, -28, 0, 0, 0
L 2132, -704, -28, 2114, -710, -25, 0, 0, 0
L 2114, -710, -25, 2105, -706, -24, 0, 0, 0
L 2105, -706, -24, 2101, -704, -20, 0, 0, 0
L 2101, -704, -20, 2039, -662, -20, 0, 0, 0
L 2039, -662, -20, 2034, -635, -20, 0, 0, 0
L 2034, -635, -20, 1996, -544, -20, 0, 0, 0
L 1996, -544, -20, 1987, -559, -20, 0, 0, 0
L 1987, -559, -20, 1986, -560, -18, 0, 0, 0
L 1986, -560, -18, 1988, -614, -19, 0, 0, 0
L 1988, -614, -19, 1988, -615, -18, 0, 0, 0
L 1988, -615, -18, 1985, -622, -20, 0, 0, 0
L 1985, -622, -20, 1951, -635, -20, 0, 0, 0
L 1951, -635, -20, 1889, -617, -20, 0, 0, 0
L 1889, -617, -20, 1864, -597, -38, 0, 0, 0
L 1864, -597, -38, 1856, -593, -42, 0, 0, 0
L 1856, -593, -42, 1838, -586, -39, 0, 0, 0
L 1838, -586, -39, 1824, -577, -42, 0, 0, 0
L 1824, -577, -42, 1812, -573, -40, 0, 0, 0
L 1812, -573, -40, 1798, -576, -38, 0, 0, 0
L 1798, -576, -38, 1775, -596, -41, 0, 0, 0
L 1775, -596, -41, 1765, -623, -41, 0, 0, 0
L 1765, -623, -41, 1774, -639, -38, 0, 0, 0
L 1774, -639, -38, 1787, -648, -33, 0, 0, 0
L 1787, -648, -33, 1811, -667, -43, 0, 0, 0
L 1811, -667, -43, 1820, -690, -43, 0, 0, 0
L 1820, -690, -43, 1819, -700, -44, 0, 0, 0
L 1819, -700, -44, 1785, -718, -44, 0, 0, 0
L 1785, -718, -44, 1750, -723, -44, 0, 0, 0
L 1750, -723, -44, 1743, -728, -47, 0, 0, 0
L 1743, -728, -47, 1717, -755, -47, 0, 0, 0
L 1717, -755, -47, 1677, -813, -46, 0, 0, 0
L 1677, -813, -46, 1642, -823, -49, 0, 0, 0
L 1642, -823, -49, 1641, -824, -49, 0, 0, 0
L 1641, -824, -49, 1686, -908, -50, 0, 0, 0
L 1686, -908, -50, 1686, -933, -51, 0, 0, 0
L 1686, -933, -51, 1674, -945, -52, 0, 0, 0
L 1674, -945, -52, 1622, -974, -54, 0, 0, 0
L 1622, -974, -54, 1551, -967, -55, 0, 0, 0
L 1551, -967, -55, 1430, -998, -55, 0, 0, 0
L 1430, -998, -55, 1388, -1026, -53, 0, 0, 0
L 1388, -1026, -53, 1354, -1022, -53, 0, 0, 0
L 1354, -1022, -53, 1337, -1010, -54, 0, 0, 0
L 1337, -1010, -54, 1320, -996, -47, 0, 0, 0
L 1320, -996, -47, 1311, -994, -43, 0, 0, 0
L 1311, -994, -43, 1267, -972, -45, 0, 0, 0
L 1267, -972, -45, 1192, -855, -46, 0, 0, 0
L 1192, -855, -46, 1187, -841, -52, 0, 0, 0
L 1187, -841, -52, 1144, -766, -52, 0, 0, 0
L 1144, -766, -52, 1097, -776, -54, 0, 0, 0
L 1097, -776, -54, 1044, -787, -55, 0, 0, 0
L 1044, -787, -55, 1014, -807, -52, 0, 0, 0
L 1014, -807, -52, 975, -852, -52, 0, 0, 0
L 975, -852, -52, 964, -860, -50, 0, 0, 0
L 964, -860, -50, 956, -860, -49, 0, 0, 0
L 956, -860, -49, 955, -862, -49, 0, 0, 0
L 955, -862, -49, 929, -898, -43, 0, 0, 0
L 929, -898, -43, 929, -899, -44, 0, 0, 0
L 929, -899, -44, 920, -905, -43, 0, 0, 0
L 920, -905, -43, 893, -887, -44, 0, 0, 0
L 893, -887, -44, 850, -864, -42, 0, 0, 0
L 850, -864, -42, 844, -857, -41, 0, 0, 0
L 844, -857, -41, 810, -838, -41, 0, 0, 0
L 810, -838, -41, 807, -838, -38, 0, 0, 0
L 807, -838, -38, 785, -832, -31, 0, 0, 0
L 785, -832, -31, 736, -809, -25, 0, 0, 0
L 736, -809, -25, 715, -795, -29, 0, 0, 0
L 715, -795, -29, 709, -792, -36, 0, 0, 0
L 709, -792, -36, 706, -800, -37, 0, 0, 0
L 706, -800, -37, 702, -812, -32, 0, 0, 0
L 702, -812, -32, 700, -818, -37, 0, 0, 0
L 700, -818, -37, 691, -826, -31, 0, 0, 0
L 691, -826, -31, 681, -833, -36, 0, 0, 0
L 681, -833, -36, 674, -834, -36, 0, 0, 0
L 674, -834, -36, 660, -832, -32, 0, 0, 0
L 660, -832, -32, 648, -833, -33, 0, 0, 0
L 648, -833, -33, 608, -910, -37, 0, 0, 0
L 608, -910, -37, 570, -947, -36, 0, 0, 0
L 570, -947, -36, 568, -949, -33, 0, 0, 0
L 568, -949, -33, 554, -957, -35, 0, 0, 0
L 554, -957, -35, 530, -944, -36, 0, 0, 0
L 530, -944, -36, 522, -930, -35, 0, 0, 0
L 522, -930, -35, 499, -963, -33, 0, 0, 0
L 499, -963, -33, 425, -1030, -34, 0, 0, 0
L 425, -1030, -34, 369, -1053, -36, 0, 0, 0
L 369, -1053, -36, 335, -1041, -26, 0, 0, 0
L 335, -1041, -26, 296, -1018, -30, 0, 0, 0
L 296, -1018, -30, 277, -1014, -45, 0, 0, 0
L 277, -1014, -45, 255, -1011, -50, 0, 0, 0
L 255, -1011, -50, 233, -1016, -49, 0, 0, 0
L 233, -1016, -49, 224, -1019, -46, 0, 0, 0
L 224, -1019, -46, 218, -1020, -49, 0, 0, 0
L 218, -1020, -49, 208, -1013, -48, 0, 0, 0
L 208, -1013, -48, 207, -1011, -47, 0, 0, 0
L 207, -1011, -47, 157, -948, -45, 0, 0, 0
L 157, -948, -45, 168, -898, -41, 0, 0, 0
L 168, -898, -41, 173, -881, -44, 0, 0, 0
L 173, -881, -44, 200, -866, -43, 0, 0, 0
L 200, -866, -43, 220, -831, -45, 0, 0, 0
L 220, -831, -45, 221, -767, -46, 0, 0, 0
L 221, -767, -46, 204, -704, -47, 0, 0, 0
L 204, -704, -47, 206, -691, -48, 0, 0, 0
L 206, -691, -48, 209, -682, -47, 0, 0, 0
L 209, -682, -47, 180, -597, -49, 0, 0, 0
L 180, -597, -49, 179, -589, -49, 0, 0, 0
L 179, -589, -49, 178, -587, -49, 0, 0, 0
L 178, -587, -49, 134, -602, -48, 0, 0, 0
L 134, -602, -48, 95, -588, -48, 0, 0, 0
L 95, -588, -48, 42, -528, -49, 0, 0, 0
L 42, -528, -49, 25, -525, -47, 0, 0, 0
L 25, -525, -47, -60, -521, -46, 0, 0, 0
L -60, -521, -46, -106, -497, -44, 0, 0, 0
L -106, -497, -44, -123, -463, -46, 0, 0, 0
L -123, -463, -46, -126, -452, -31, 0, 0, 0
L -126, -452, -31, -129, -354, -30, 0, 0, 0
L -129, -354, -30, -153, -318, -31, 0, 0, 0
L -153, -318, -31, -157, -288, -31, 0, 0, 0
L -157, -288, -31, -146, -263, -31, 0, 0, 0
L -146, -263, -31, -161, -238, -32, 0, 0, 0
L -161, -238, -32, -162, -234, -34, 0, 0, 0
L -162, -234, -34, -140, -107, -29, 0, 0, 0
L -140, -107, -29, -139, -105, -27, 0, 0, 0
L -139, -105, -27, -120, -98, -24, 0, 0, 0
L -120, -98, -24, -119, -95, -20, 0, 0, 0
L -119, -95, -20, -119, -88, -19, 0, 0, 0
L -119, -88, -19, -119, -71, -9, 0, 0, 0
L -119, -71, -9, -94, -68, -8, 0, 0, 0
L -94, -68, -8, -4, -88, -7, 0, 0, 0
L -4, -88, -7, 17, -109, -4, 0, 0, 0
L 17, -109, -4, 23, -113, -1, 0, 0, 0
L 23, -113, -1, 126, -143, 3, 0, 0, 0
L 126, -143, 3, 174, -132, -7, 0, 0, 0
L 175, -133, -7, 200, -149, -7, 0, 0, 0
L 200, -149, -7, 204, -153, -3, 0, 0, 0
L 204, -153, -3, 225, -180, -22, 0, 0, 0
L 225, -180, -22, 237, -193, -15, 0, 0, 0
L 237, -193, -15, 241, -193, -14, 0, 0, 0
L 241, -193, -14, 280, -190, -21, 0, 0, 0
L 280, -190, -21, 285, -187, -18, 0, 0, 0
L 285, -187, -18, 293, -181, -17, 0, 0, 0
L 293, -181, -17, 309, -166, -24, 0, 0, 0
L 309, -166, -24, 328, -133, -22, 0, 0, 0
L 328, -133, -22, 327, -131, -21, 0, 0, 0
L 327, -131, -21, 318, -122, -26, 0, 0, 0
L 318, -122, -26, 316, -120, -26, 0, 0, 0
L 314, -119, -26, 306, -113, -26, 0, 0, 0
L 306, -113, -26, 299, -106, -22, 0, 0, 0
L 299, -106, -22, 295, -102, -26, 0, 0, 0
L 295, -102, -26, 277, -68, -29, 0, 0, 0
L 277, -68, -29, 276, -61, -29, 0, 0, 0
L 276, -61, -29, 275, -60, -29, 0, 0, 0
L 275, -60, -29, 275, -50, -29, 0, 0, 0
L 275, -50, -29, 274, -48, -29, 0, 0, 0
L 274, -48, -29, 289, -18, -30, 0, 0, 0
L 289, -18, -30, 294, -15, -30, 0, 0, 0
L 216, -65, -7, 161, -83, -7, 0, 0, 0
L 161, -83, -7, 122, -42, 0, 0, 0, 0
L 122, -42, 0, 140, 41, -1, 0, 0, 0
L 140, 41, -1, 114, 79, 1, 0, 0, 0
L 114, 79, 1, 101, 102, 3, 0, 0, 0
L 101, 102, 3, 76, 121, 8, 0, 0, 0
L 76, 121, 8, 49, 142, 3, 0, 0, 0
L 49, 142, 3, 43, 141, 0, 0, 0, 0
L 43, 141, 0, 33, 141, 3, 0, 0, 0
L 33, 141, 3, 16, 140, 1, 0, 0, 0
L 16, 140, 1, 15, 62, -1, 0, 0, 0
L 15, 62, -1, -6, 59, -1, 0, 0, 0
L -6, 59, -1, -6, 13, -1, 0, 0, 0
L -6, 13, -1, -8, 13, -1, 0, 0, 0
L -8, 13, -1, -9, 14, 0, 0, 0, 0
L -9, 14, 0, -9, 66, 15, 0, 0, 0
L -424, -545, -26, -372, -525, -26, 0, 0, 0
L -372, -525, -26, -364, -530, -26, 0, 0, 0
L -364, -530, -26, -307, -651, -26, 0, 0, 0
L -307, -651, -26, -321, -693, -26, 0, 0, 0
L -321, -693, -26, -327, -696, -26, 0, 0, 0
L -327, -696, -26, -397, -676, -26, 0, 0, 0
L -397, -676, -26, -434, -652, -26, 0, 0, 0
L -434, -652, -26, -430, -565, -26, 0, 0, 0
L -430, -565, -26, -424, -545, -26, 0, 0, 0
L -426, -554, -26, -425, -551, -26, 0, 0, 0
L 51, -662, -45, 139, -674, -48, 0, 0, 0
L 139, -674, -48, 164, -786, -46, 0, 0, 0
L 164, -786, -46, 138, -857, -46, 0, 0, 0
L 138, -857, -46, 109, -889, -46, 0, 0, 0
L 109, -889, -46, 108, -893, -48, 0, 0, 0
L 108, -893, -48, 96, -925, -39, 0, 0, 0
L 96, -925, -39, 94, -928, -42, 0, 0, 0
L 94, -928, -42, 47, -1124, -43, 0, 0, 0
L 47, -1124, -43, 36, -1131, -44, 0, 0, 0
L 36, -1131, -44, 15, -1139, -45, 0, 0, 0
L 15, -1139, -45, -46, -1195, -46, 0, 0, 0
L -46, -1195, -46, -91, -1216, -46, 0, 0, 0
L -91, -1216, -46, -158, -1220, -46, 0, 0, 0
L -158, -1220, -46, -191, -1304, -46, 0, 0, 0
L -191, -1304, -46, -188, -1419, -46, 0, 0, 0
L -188, -1419, -46, -197, -1463, -45, 0, 0, 0
L -197, -1463, -45, -207, -1493, -47, 0, 0, 0
L -207, -1493, -47, -239, -1502, -46, 0, 0, 0
L -239, -1502, -46, -259, -1486, -46, 0, 0, 0
L -259, -1486, -46, -314, -1376, -46, 0, 0, 0
L -314, -1376, -46, -303, -1314, -46, 0, 0, 0
L -303, -1314, -46, -297, -1201, -46, 0, 0, 0
L -297, -1201, -46, -314, -1162, -45, 0, 0, 0
L -314, -1162, -45, -300, -1111, -46, 0, 0, 0
L -300, -1111, -46, -287, -1094, -45, 0, 0, 0
L -287, -1094, -45, -287, -1093, -43, 0, 0, 0
L -287, -1093, -43, -253, -1064, -45, 0, 0, 0
L -253, -1064, -45, -248, -1061, -44, 0, 0, 0
L -248, -1061, -44, -168, -1020, -46, 0, 0, 0
L -168, -1020, -46, -114, -1006, -48, 0, 0, 0
L -114, -1006, -48, -64, -940, -48, 0, 0, 0
L -64, -940, -48, -47, -854, -43, 0, 0, 0
L -47, -854, -43, -28, -845, -46, 0, 0, 0
L -28, -845, -46, -10, -831, -48, 0, 0, 0
L -10, -831, -48, 9, -787, -42, 0, 0, 0
L 9, -787, -42, 5, -742, -40, 0, 0, 0
L 5, -742, -40, 5, -735, -37, 0, 0, 0
L 5, -735, -37, 11, -719, -37, 0, 0, 0
L 11, -719, -37, 19, -696, -27, 0, 0, 0
L 19, -696, -27, 25, -683, -41, 0, 0, 0
L 25, -683, -41, 43, -666, -44, 0, 0, 0
L -116, -636, -37, -76, -622, -37, 0, 0, 0
L -76, -622, -37, -66, -630, -37, 0, 0, 0
L -66, -630, -37, -75, -660, -37, 0, 0, 0
L -75, -660, -37, -99, -670, -37, 0, 0, 0
L -99, -670, -37, -106, -667, -37, 0, 0, 0
L -106, -667, -37, -113, -636, -37, 0, 0, 0
L -142, -641, -37, -159, -642, -37, 0, 0, 0
L -159, -642, -37, -169, -628, -37, 0, 0, 0
L -169, -628, -37, -167, -584, -37, 0, 0, 0
L -167, -584, -37, -129, -570, -37, 0, 0, 0
L -129, -570, -37, -106, -583, -37, 0, 0, 0
L -106, -583, -37, -106, -594, -37, 0, 0, 0
L -106, -594, -37, -143, -641, -37, 0, 0, 0
L 1386, -1182, -55, 1332, -1183, -56, 0, 240, 240
L 1332, -1183, -56, 1294, -1217, -55, 0, 240, 240
L 1294, -1217, -55, 1206, -1314, -53, 0, 240, 240
L 1206, -1314, -53, 1197, -1320, -53, 0, 240, 240
L 1197, -1320, -53, 1184, -1329, -55, 240, 240, 240
L 1184, -1329, -55, 1142, -1394, -56, 0, 240, 240
L 1142, -1394, -56, 1133, -1529, -56, 0, 240, 240
L 1133, -1529, -56, 1227, -1642, -61, 0, 240, 240
L 1227, -1642, -61, 1306, -1663, -61, 0, 240, 240
L 1306, -1663, -61, 1328, -1705, -61, 0, 240, 240
L 1328, -1705, -61, 1330, -1705, -57, 0, 240, 240
L 1330, -1705, -57, 1335, -1707, -57, 0, 240, 240
L 1335, -1707, -57, 1345, -1709, -52, 0, 240, 240
L 1345, -1709, -52, 1357, -1712, -58, 0, 240, 240
L 1357, -1712, -58, 1397, -1743, -60, 0, 240, 240
L 1397, -1743, -60, 1471, -1854, -56, 0, 240, 240
L 1471, -1854, -56, 1504, -1864, -55, 0, 240, 240
L 1504, -1864, -55, 1538, -1860, -56, 0, 240, 240
L 1538, -1860, -56, 1656, -1888, -55, 0, 240, 240
L 1656, -1888, -55, 1694, -1848, -56, 0, 240, 240
L 1694, -1848, -56, 1812, -1849, -55, 0, 240, 240
L 1812, -1849, -55, 1871, -1871, -55, 0, 240, 240
L 1871, -1871, -55, 1906, -1875, -55, 0, 240, 240
L 1906, -1875, -55, 1915, -1891, -55, 0, 240, 240
L 1915, -1891, -55, 1957, -1941, -55, 240, 240, 240
L 1957, -1941, -55, 1989, -1926, -51, 240, 240, 240
L 1989, -1926, -51, 1990, -1910, -48, 240, 240, 240
L 1990, -1910, -48, 1981, -1904, -46, 240, 240, 240
L 1981, -1904, -46, 1963, -1888, -49, 240, 240, 240
L 1963, -1888, -49, 1955, -1875, -49, 0, 240, 240
L 1955, -1875, -49, 1966, -1841, -58, 0, 240, 240
L 1966, -1841, -58, 1956, -1795, -63, 0, 240, 240
L 1956, -1795, -63, 1985, -1755, -64, 0, 240, 240
L 1985, -1755, -64, 1990, -1730, -64, 0, 240, 240
L 1990, -1730, -64, 1976, -1723, -66, 0, 240, 240
L 1976, -1723, -66, 1967, -1720, -66, 0, 240, 240
L 1967, -1720, -66, 1929, -1712, -52, 0, 240, 240
L 1929, -1712, -52, 1943, -1703, -55, 0, 240, 240
L 1943, -1703, -55, 1943, -1698, -55, 0, 240, 240
L 1943, -1698, -55, 1942, -1697, -54, 0, 240, 240
L 1942, -1697, -54, 1936, -1683, -54, 0, 240, 240
L 1936, -1683, -54, 1942, -1679, -55, 0, 240, 240
L 1942, -1679, -55, 1953, -1666, -66, 0, 240, 240
L 1953, -1666, -66, 1961, -1654, -66, 0, 240, 240
L 1961, -1654, -66, 1936, -1626, -68, 0, 240, 240
L 1936, -1626, -68, 1926, -1634, -66, 0, 240, 240
L 1926, -1634, -66, 1922, -1637, -62, 0, 240, 240
L 1922, -1637, -62, 1901, -1644, -61, 0, 240, 240
L 1901, -1644, -61, 1896, -1648, -58, 0, 240, 240
L 1896, -1648, -58, 1889, -1663, -58, 0, 240, 240
L 1889, -1663, -58, 1870, -1667, -58, 0, 240, 240
L 1870, -1667, -58, 1850, -1661, -58, 0, 240, 240
L 1850, -1661, -58, 1832, -1666, -58, 0, 240, 240
L 1832, -1666, -58, 1830, -1667, -57, 0, 240, 240
L 1830, -1667, -57, 1819, -1680, -55, 0, 240, 240
L 1819, -1680, -55, 1802, -1690, -54, 0, 240, 240
L 1802, -1690, -54, 1776, -1646, -54, 0, 240, 240
L 1776, -1646, -54, 1779, -1644, -53, 0, 240, 240
L 1779, -1644, -53, 1786, -1643, -56, 0, 240, 240
L 1786, -1643, -56, 1789, -1638, -55, 0, 240, 240
L 1789, -1638, -55, 1777, -1619, -55, 0, 240, 240
L 1777, -1619, -55, 1777, -1580, -55, 0, 240, 240
L 1777, -1580, -55, 1751, -1548, -55, 0, 240, 240
L 1751, -1548, -55, 1725, -1526, -55, 240, 240, 240
L 1725, -1526, -55, 1720, -1524, -55, 240, 240, 240
L 1720, -1524, -55, 1698, -1551, -55, 240, 240, 240
L 1698, -1551, -55, 1696, -1551, -55, 240, 240, 240
L 1696, -1551, -55, 1685, -1535, -55, 240, 240, 240
L 1685, -1535, -55, 1675, -1529, -55, 240, 240, 240
L 1675, -1529, -55, 1660, -1545, -55, 240, 240, 240
L 1660, -1545, -55, 1641, -1522, -55, 240, 240, 240
L 1641, -1522, -55, 1674, -1487, -55, 240, 240, 240
L 1674, -1487, -55, 1674, -1480, -55, 240, 240, 240
L 1674, -1480, -55, 1654, -1453, -55, 240, 240, 240
L 1654, -1453, -55, 1655, -1450, -55, 240, 240, 240
L 1655, -1450, -55, 1656, -1445, -55, 240, 240, 240
L 1656, -1445, -55, 1665, -1440, -55, 240, 240, 240
L 1665, -1440, -55, 1677, -1452, -55, 240, 240, 240
L 1677, -1452, -55, 1689, -1468, -55, 240, 240, 240
L 1689, -1468, -55, 1708, -1447, -55, 240, 240, 240
L 1708, -1447, -55, 1727, -1463, -55, 240, 240, 240
L 1727, -1463, -55, 1731, -1458, -54, 240, 240, 240
L 1731, -1458, -54, 1733, -1461, -55, 240, 240, 240
L 1733, -1461, -55, 1753, -1492, -55, 240, 240, 240
L 1753, -1492, -55, 1754, -1530, -55, 240, 240, 240
L 1754, -1530, -55, 1755, -1531, -55, 240, 240, 240
L 1755, -1531, -55, 1773, -1550, -55, 0, 240, 240
L 1773, -1550, -55, 1784, -1557, -55, 0, 240, 240
L 1784, -1557, -55, 1832, -1545, -55, 0, 240, 240
L 1832, -1545, -55, 1859, -1551, -55, 0, 240, 240
L 1859, -1551, -55, 1872, -1550, -55, 0, 240, 240
L 1872, -1550, -55, 1879, -1523, -56, 0, 240, 240
L 1879, -1523, -56, 1873, -1493, -56, 0, 240, 240
L 1873, -1493, -56, 1856, -1472, -56, 0, 240, 240
L 1856, -1472, -56, 1884, -1480, -56, 0, 240, 240
L 1884, -1480, -56, 1887, -1483, -56, 0, 240, 240
L 1887, -1483, -56, 1884, -1557, -55, 0, 240, 240
L 1884, -1557, -55, 1862, -1602, -55, 0, 240, 240
L 1862, -1602, -55, 1841, -1609, -55, 0, 240, 240
L 1841, -1609, -55, 1819, -1641, -55, 0, 240, 240
L 1819, -1641, -55, 1826, -1650, -58, 0, 240, 240
L 1826, -1650, -58, 1899, -1625, -59, 0, 240, 240
L 1899, -1625, -59, 1925, -1618, -65, 0, 240, 240
L 1925, -1618, -65, 1936, -1619, -67, 0, 240, 240
L 1936, -1619, -67, 1965, -1638, -67, 0, 240, 240
L 1965, -1638, -67, 1970, -1636, -67, 0, 240, 240
L 1970, -1636, -67, 1987, -1643, -65, 0, 240, 240
L 1987, -1643, -65, 1986, -1651, -67, 0, 240, 240
L 1986, -1651, -67, 1988, -1658, -66, 0, 240, 240
L 1988, -1658, -66, 1976, -1663, -67, 0, 240, 240
L 1976, -1663, -67, 1975, -1665, -66, 0, 240, 240
L 1975, -1665, -66, 1972, -1674, -66, 0, 240, 240
L 1972, -1674, -66, 1974, -1688, -66, 0, 240, 240
L 1974, -1688, -66, 1989, -1709, -65, 0, 240, 240
L 1989, -1709, -65, 2010, -1708, -65, 0, 240, 240
L 2010, -1708, -65, 2064, -1697, -64, 0, 240, 240
L 2064, -1697, -64, 2093, -1671, -62, 0, 240, 240
L 2093, -1671, -62, 2120, -1659, -59, 0, 240, 240
L 2120, -1659, -59, 2125, -1656, -56, 0, 240, 240
L 2125, -1656, -56, 2093, -1716, -64, 0, 240, 240
L 2093, -1716, -64, 2096, -1725, -62, 0, 240, 240
L 2096, -1725, -62, 2121, -1722, -61, 0, 240, 240
L 2121, -1722, -61, 2151, -1688, -52, 0, 240, 240
L 2151, -1688, -52, 2172, -1662, -29, 0, 240, 240
L 2172, -1662, -29, 2181, -1657, -33, 0, 240, 240
L 2181, -1657, -33, 2191, -1652, -56, 0, 240, 240
L 2191, -1652, -56, 2239, -1618, -56, 0, 240, 240
L 2239, -1618, -56, 2326, -1596, -56, 0, 240, 240
L 2326, -1596, -56, 2456, -1604, -56, 0, 240, 240
L 2456, -1604, -56, 2623, -1495, -56, 0, 240, 240
L 2623, -1495, -56, 2623, -1427, -56, 0, 240, 240
L 2623, -1427, -56, 2598, -1379, -56, 0, 240, 240
L 2598, -1379, -56, 2603, -1344, -56, 0, 240, 240
L 2603, -1344, -56, 2576, -1307, -56, 0, 240, 240
L 2576, -1307, -56, 2436, -1271, -61, 0, 240, 240
L 2436, -1271, -61, 2417, -1271, -55, 0, 240, 240
L 2417, -1271, -55, 2339, -1281, -60, 0, 240, 240
L 2339, -1281, -60, 2272, -1252, -61, 0, 240, 240
L 2272, -1252, -61, 2268, -1253, -61, 0, 240, 240
L 2268, -1253, -61, 2242, -1258, -61, 240, 240, 240
L 2242, -1258, -61, 2234, -1267, -61, 240, 240, 240
L 2234, -1267, -61, 2180, -1331, -61, 0, 240, 240
L 2180, -1331, -61, 1945, -1321, -56, 0, 240, 240
L 1945, -1321, -56, 1894, -1280, -56, 0, 240, 240
L 1894, -1280, -56, 1825, -1223, -55, 240, 240, 240
L 1825, -1223, -55, 1566, -1167, -55, 0, 240, 240
L 1566, -1167, -55, 1473, -1179, -54, 0, 240, 240
L 1473, -1179, -54, 1450, -1169, -54, 0, 240, 240
L 1450, -1169, -54, 1447, -1169, -55, 0, 240, 240
L 1447, -1169, -55, 1405, -1174, -55, 0, 240, 240
L 1405, -1174, -55, 1392, -1179, -55, 0, 240, 240
