P 961.0000, -3102.0000, -20.0000,  0, 240, 0,  3,  ZL-Rathe_Chambers
P -25.0000, 1.0000, -1.0000,  0, 240, 0,  3,  ZL-Toskirakk
P 143.0000, -1029.0000, -47.0000,  0, 0, 0,  1,  Quest_NPC
P 245.0000, -108.0000, -31.0000,  0, 0, 0,  1,  Quest
P 1753.0000, -115.0000, -46.0000,  0, 0, 0,  2,  Bridge_of_Doom
P -117.0000, -633.0000, -37.0000,  0, 0, 0,  1,  Quests
P 2241.0000, -535.0000, -35.0000,  0, 0, 0,  1,  Quests
P 523.0000, 210.0000, -38.0000,  0, 0, 0,  1,  Bridge_of_Doom_Mk_II
P 1720.9912, -1992.0687, -48.9438,  240, 0, 0,  2,  Crystalline_Thaumadont
P 1958.7173, -2045.7444, -52.0756,  240, 0, 0,  2,  Crystalline_Pyrodont
P 678.4854, -2898.1553, -52.0384,  240, 0, 0,  2,  Mauk_Peskysnout
P 158.0000, -1549.0000, -44.0000,  127, 0, 0,  3,  Mauk_Peskysnout
P 820.0000, -2506.0000, -72.2500,  127, 0, 0,  3,  Slaukk_the_Messcook
