P -500.0000, -2005.0000, 0.0000,  1, 1, 1,  2,  500
P -174.8430, -462.4470, -12.4030,  0, 0, 240,  2,  Slikernx_River
P -164.4080, -1726.3879, -0.4840,  0, 0, 240,  2,  Slikernx_Falls
P -2041.0900, 2055.6970, -39.3730,  240, 240, 0,  2,  Ursalua
P -1895.9440, 1985.6390, -4.6390,  240, 127, 0,  3,  Bear_Caves
P 1350.5280, -1723.7531, 72.0880,  240, 240, 0,  2,  Black_Night_(Sunderockporter)
P -929.8180, -1511.1450, 188.5980,  240, 240, 0,  2,  Dromrek_Provisioner
P -1067.3051, -1569.0480, 187.0570,  240, 240, 0,  2,  Foodpicker
P -1048.0500, -1411.2740, 163.4760,  240, 240, 0,  2,  Snakes_and_Giants
P -517.7860, 1964.9000, 23.4550,  0, 240, 0,  2,  Pioneer_Vulu
P -1232.7490, 1638.9080, 16.1620,  240, 240, 0,  2,  Bears_and_Minohten
P 390.4610, 1161.5900, 24.0730,  240, 240, 0,  2,  Snakes
P 128.6390, 842.6070, 177.7680,  240, 240, 0,  2,  Marilena
P 48.3850, 739.3540, 176.9650,  240, 240, 0,  2,  Dryads
P 583.8950, 1608.6121, 22.1200,  240, 240, 0,  2,  Devan
P 601.4460, 1605.1720, 19.7710,  240, 240, 0,  2,  Costica
P 811.3230, 1578.3571, 11.4580,  240, 127, 0,  3,  Tuffein_Camp
P 1169.1340, 1298.0389, 26.4920,  240, 240, 0,  2,  Sandu
P 903.9060, 319.3690, 13.8230,  240, 240, 0,  2,  Iulia
P 939.1630, 180.0920, 21.8700,  240, 127, 0,  3,  Maiden_Isle
P 566.7540, -195.7800, 12.8270,  240, 127, 0,  3,  Centaur_Camp
P 352.2740, -1057.7140, 96.0140,  240, 240, 0,  2,  Centaurs
P 93.8440, -1498.2800, 57.2280,  240, 240, 0,  2,  Ooze
P 45.1910, -1626.8010, 62.8640,  240, 240, 0,  2,  Queen_Nhyalea
P -1641.0270, -114.9780, 12.2660,  240, 127, 0,  3,  Giant_Caves
P -2047.2010, -101.6900, -3.1360,  240, 240, 0,  2,  Whitby
P -1837.1050, -1260.7550, 12.8650,  240, 240, 0,  2,  Griffins_and_Spiders
P -2402.1250, 615.5960, -32.7480,  240, 127, 0,  3,  Rotwood_Valley
P -2892.9180, -1733.0510, 95.4750,  0, 0, 0,  2,  Shrynn_(tasks)
P -1143.4709, 581.6080, 86.0710,  0, 0, 0,  2,  Ciodaru_(tasks)
P -994.1800, 758.9550, 84.2460,  0, 0, 0,  2,  Laurentiu_(tasks)
P -990.4580, 719.3400, 83.7990,  0, 0, 0,  2,  Elder_Vasile_(tasks)
P -1049.4120, 872.5160, 88.0380,  0, 0, 0,  2,  Brew_Barrel
P -534.9670, 1944.1210, 22.0670,  0, 0, 0,  2,  Scout_Madu_(tasks)
P 668.8850, -207.9220, 18.1630,  0, 0, 0,  2,  Watchman_Stormwren_Undaru_(tasks)
P 587.6380, 598.1900, 15.5350,  0, 0, 0,  2,  Nedelcu_(tasks)
P 70.7570, 873.2180, 177.6330,  0, 0, 0,  2,  Hanook_(tasks)
P 696.0000, -734.0000, 59.0000,  0, 0, 0,  3,  Icen_Temitor_(Tasks)
P -2170.0000, 667.0000, 26.0000,  0, 0, 0,  2,  Togswell_Mophintok
P -979.0000, 758.0000, 83.0000,  0, 0, 0,  3,  Sorin_(tasks)
P 73.0000, 387.0000, 178.0000,  0, 0, 0,  2,  Kathryn
P 105.0000, 469.0000, 178.0000,  0, 0, 0,  2,  Dorinia_(tasks)
P 72.0000, 742.0000, 178.0000,  0, 0, 0,  2,  Refugiu
P 167.0000, 919.0000, 175.0000,  0, 0, 0,  2,  Florenta
P 550.0000, -251.0000, 20.0000,  0, 0, 0,  2,  Klassr_(quests)
P -1224.0000, 330.0000, 231.0000,  0, 0, 0,  2,  spider_cliffs
P -557.0000, 967.0000, 29.0000,  0, 0, 0,  2,  Blacktalon
P -2760.0000, 944.0000, 6.0000,  0, 0, 0,  2,  Ternsmochin
P -2108.0000, -1168.0000, 51.0000,  0, 0, 0,  2,  griffons_/_harpies
P 1002.0000, -591.0000, 59.0000,  0, 0, 0,  2,  Kasen_(empty_merchant)
P 844.0000, -728.0000, 59.0000,  0, 0, 0,  3,  centaur_village
P 48.0000, -1461.0000, 59.0000,  0, 0, 0,  3,  potameid_fairies
P -793.0000, -1327.0000, 149.0000,  0, 0, 0,  2,  Dromrek_Giants
P -3505.0000, -1254.0000, 250.0000,  0, 240, 0,  3,  To_Blackfeather_Roost
P -951.0000, -1749.0000, 244.0000,  0, 240, 0,  3,  To_The_Steppes
P -1113.0000, 896.0000, 87.0000,  0, 0, 0,  3,  Liviu_(Brewing)
P -1132.0000, 892.0000, 87.0000,  0, 0, 0,  3,  Tudor_(tasks)
P -1165.0000, 959.0000, 83.0000,  0, 0, 0,  3,  Peretaenu_(tasks)
P -1.0000, -1623.0000, 63.0000,  0, 0, 0,  3,  Ionela
P -1146.0000, -998.0000, 155.0000,  0, 0, 0,  2,  Bigone
P 727.0000, -758.0000, 59.0000,  0, 0, 0,  2,  shade_of_corruption
P 832.0000, 112.0000, 16.0000,  0, 0, 0,  2,  craita
P 929.0000, 524.0000, 20.0000,  0, 0, 0,  2,  Ekaterina_(Quests)
P -59.0000, 541.0000, 178.0000,  0, 0, 0,  2,  Ramona
P 72.0000, 2039.0000, 10.0000,  0, 240, 0,  3,  To_Blightfire_Moors
P -1015.3740, 722.3300, 83.6720,  240, 240, 240,  2,  Wiz_Spells
P -1025.5690, 662.1130, 82.8310,  240, 240, 240,  2,  Bard_Songs
P -644.4720, 1192.3350, 21.6760,  240, 240, 0,  2,  Fantoma
P -2136.1831, 670.7840, 26.7990,  240, 240, 0,  2,  Mophintok_Vermin_Eliminator
P -1918.6600, 480.9160, 42.7210,  240, 240, 0,  2,  age-old_stones
P -1845.5500, 507.7250, 48.8120,  240, 127, 0,  3,  Ooze_Caves
P -1302.9170, 634.9890, 84.3190,  240, 240, 0,  2,  Ghita
P -971.2530, 745.6580, 83.3800,  240, 240, 0,  2,  Nicoli
P -1059.5090, 708.4340, 82.6190,  240, 240, 0,  2,  Anghel
P -1170.7050, 839.7890, 82.5030,  240, 127, 0,  3,  Minohten_Camp
P -1103.9130, 884.2470, -13.6860,  240, 127, 0,  3,  Spider_Caves
P -2557.0000, 489.0000, -60.0000,  0, 240, 240,  2,  redmoon_massacre_site
P 69.0000, 678.0000, 176.0000,  0, 240, 240,  2,  windwillow
P -308.0000, -13.0000, 13.0000,  0, 240, 240,  2,  hissing_bend
P 948.0000, 546.0000, 25.0000,  0, 240, 240,  2,  potameid_nymps
P -1240.0000, -149.0000, 36.0000,  0, 240, 240,  2,  dromrek_jaunt
P -3341.0000, -1260.0000, 80.0000,  0, 240, 240,  2,  path_to_harpies
P -1000.0000, -2005.0000, 0.0000,  1, 1, 1,  2,  1000
P -1500.0000, -2005.0000, 0.0000,  1, 1, 1,  2,  1500
P -2000.0000, -2005.0000, 0.0000,  1, 1, 1,  2,  2000
P -2500.0000, -2005.0000, 0.0000,  1, 1, 1,  2,  2500
P -3000.0000, -2005.0000, 0.0000,  1, 1, 1,  2,  3000
P -3500.0000, -2005.0000, 0.0000,  1, 1, 1,  2,  3500
P 500.0000, -2005.0000, 0.0000,  1, 1, 1,  2,  -500
P 1000.0000, -2005.0000, 0.0000,  1, 1, 1,  2,  -1000
P -3523.0000, -510.0000, 0.0000,  1, 1, 1,  2,  500
P -3523.0000, -1010.0000, 0.0000,  1, 1, 1,  2,  1000
P -3523.0000, -1510.0000, 0.0000,  1, 1, 1,  2,  1500
P -3523.0000, -2010.0000, 0.0000,  1, 1, 1,  2,  2000
P -3523.0000, 490.0000, 0.0000,  1, 1, 1,  2,  -500
P -3523.0000, 990.0000, 0.0000,  1, 1, 1,  2,  -1000
P -3523.0000, 1490.0000, 0.0000,  1, 1, 1,  2,  -1500
P -3523.0000, 1990.0000, 0.0000,  1, 1, 1,  2,  -2000
