L 3286, 4680, 612, 3280, 4684, 612, 240, 0, 0
L 3289, 4679, 612, 3286, 4680, 612, 240, 0, 0
L 3291, 4679, 612, 3289, 4679, 612, 240, 0, 0
L 3296, 4678, 612, 3291, 4679, 612, 240, 0, 0
L 3302, 4679, 612, 3296, 4678, 612, 240, 0, 0
L 3302, 4677, 612, 3302, 4679, 612, 240, 0, 0
L 3304, 4678, 612, 3302, 4677, 612, 240, 0, 0
L 3306, 4678, 612, 3304, 4678, 612, 240, 0, 0
L 3307, 4677, 612, 3306, 4678, 612, 240, 0, 0
L 3309, 4677, 612, 3307, 4677, 612, 240, 0, 0
L 3310, 4675, 612, 3309, 4677, 612, 240, 0, 0
L 3310, 4674, 612, 3310, 4675, 612, 240, 0, 0
L 3314, 4673, 612, 3310, 4674, 612, 240, 0, 0
L 3316, 4673, 612, 3314, 4673, 612, 240, 0, 0
L 3318, 4674, 612, 3316, 4673, 612, 240, 0, 0
L 3319, 4674, 612, 3318, 4674, 612, 240, 0, 0
L 3321, 4676, 612, 3319, 4674, 612, 240, 0, 0
L 3322, 4676, 612, 3321, 4676, 612, 240, 0, 0
L 3322, 4678, 612, 3322, 4676, 612, 240, 0, 0
L 3323, 4679, 612, 3322, 4678, 612, 240, 0, 0
L 3325, 4680, 612, 3323, 4679, 612, 240, 0, 0
L 3328, 4680, 612, 3325, 4680, 612, 240, 0, 0
L 3330, 4679, 612, 3328, 4680, 612, 240, 0, 0
L 3331, 4677, 612, 3330, 4679, 612, 240, 0, 0
L 3332, 4676, 612, 3331, 4677, 612, 240, 0, 0
L 3334, 4676, 612, 3332, 4676, 612, 240, 0, 0
L 3339, 4678, 612, 3334, 4676, 612, 240, 0, 0
L 3351, 4684, 612, 3339, 4678, 612, 240, 0, 0
L 3353, 4688, 612, 3351, 4684, 612, 240, 0, 0
L 3359, 4695, 612, 3353, 4688, 612, 240, 0, 0
L 3360, 4697, 612, 3359, 4695, 612, 240, 0, 0
L 3361, 4697, 612, 3360, 4697, 612, 240, 0, 0
L 3365, 4699, 612, 3361, 4697, 612, 240, 0, 0
L 3366, 4699, 612, 3365, 4699, 612, 240, 0, 0
L 3368, 4700, 612, 3366, 4699, 612, 240, 0, 0
L 3377, 4717, 612, 3368, 4700, 612, 240, 0, 0
L 3378, 4720, 612, 3377, 4717, 612, 240, 0, 0
L 3379, 4723, 614, 3378, 4720, 612, 240, 0, 0
L 3379, 4726, 615, 3379, 4723, 614, 240, 0, 0
L 3380, 4730, 615, 3379, 4726, 615, 240, 0, 0
L 3380, 4747, 612, 3380, 4730, 615, 240, 0, 0
L 3378, 4758, 612, 3380, 4747, 612, 240, 0, 0
L 3378, 4761, 612, 3378, 4758, 612, 240, 0, 0
L 3371, 4773, 612, 3378, 4761, 612, 240, 0, 0
L 3368, 4776, 612, 3371, 4773, 612, 240, 0, 0
L 3360, 4781, 612, 3368, 4776, 612, 240, 0, 0
L 3358, 4782, 612, 3360, 4781, 612, 240, 0, 0
L 3356, 4786, 612, 3358, 4782, 612, 240, 0, 0
L 3357, 4787, 612, 3356, 4786, 612, 240, 0, 0
L 3356, 4790, 612, 3357, 4787, 612, 240, 0, 0
L 3355, 4791, 612, 3356, 4790, 612, 240, 0, 0
L 3351, 4794, 612, 3355, 4791, 612, 240, 0, 0
L 3338, 4801, 612, 3351, 4794, 612, 240, 0, 0
L 3334, 4802, 612, 3338, 4801, 612, 240, 0, 0
L 3324, 4804, 612, 3334, 4802, 612, 240, 0, 0
L 3315, 4805, 612, 3324, 4804, 612, 240, 0, 0
L 3312, 4804, 612, 3315, 4805, 612, 240, 0, 0
L 3302, 4802, 612, 3312, 4804, 612, 240, 0, 0
L 3301, 4802, 612, 3302, 4802, 612, 240, 0, 0
L 3298, 4801, 612, 3301, 4802, 612, 240, 0, 0
L 3295, 4799, 613, 3298, 4801, 612, 240, 0, 0
L 3294, 4802, 613, 3295, 4799, 613, 240, 0, 0
L 3294, 4802, 614, 3294, 4802, 613, 240, 0, 0
L 3291, 4801, 615, 3294, 4802, 614, 240, 0, 0
L 3286, 4798, 615, 3291, 4801, 615, 240, 0, 0
L 3282, 4795, 612, 3286, 4798, 615, 240, 0, 0
L 3281, 4794, 612, 3282, 4795, 612, 240, 0, 0
L 3278, 4792, 612, 3281, 4794, 612, 240, 0, 0
L 3275, 4788, 612, 3278, 4792, 612, 240, 0, 0
L 3273, 4786, 612, 3275, 4788, 612, 240, 0, 0
L 3271, 4782, 612, 3273, 4786, 612, 240, 0, 0
L 3268, 4781, 612, 3271, 4782, 612, 240, 0, 0
L 3267, 4780, 612, 3268, 4781, 612, 240, 0, 0
L 3265, 4780, 612, 3267, 4780, 612, 240, 0, 0
L 3262, 4777, 612, 3265, 4780, 612, 240, 0, 0
L 3259, 4773, 612, 3262, 4777, 612, 240, 0, 0
L 3258, 4771, 612, 3259, 4773, 612, 240, 0, 0
L 3252, 4761, 612, 3258, 4771, 612, 240, 0, 0
L 3252, 4759, 612, 3252, 4761, 612, 240, 0, 0
L 3250, 4745, 612, 3252, 4759, 612, 240, 0, 0
L 3252, 4735, 612, 3250, 4745, 612, 240, 0, 0
L 3252, 4729, 612, 3252, 4735, 612, 240, 0, 0
L 3253, 4728, 612, 3252, 4729, 612, 240, 0, 0
L 3253, 4724, 612, 3253, 4728, 612, 240, 0, 0
L 3251, 4723, 612, 3253, 4724, 612, 240, 0, 0
L 3252, 4720, 612, 3251, 4723, 612, 240, 0, 0
L 3252, 4719, 612, 3252, 4720, 612, 240, 0, 0
L 3258, 4706, 612, 3252, 4719, 612, 240, 0, 0
L 3259, 4705, 612, 3258, 4706, 612, 240, 0, 0
L 3268, 4698, 612, 3259, 4705, 612, 240, 0, 0
L 3271, 4696, 612, 3268, 4698, 612, 240, 0, 0
L 3272, 4695, 612, 3271, 4696, 612, 240, 0, 0
L 3273, 4693, 612, 3272, 4695, 612, 240, 0, 0
L 3274, 4692, 612, 3273, 4693, 612, 240, 0, 0
L 3274, 4687, 612, 3274, 4692, 612, 240, 0, 0
L 3275, 4686, 612, 3274, 4687, 612, 240, 0, 0
L 3283, 4682, 612, 3275, 4686, 612, 240, 0, 0
L 3296, 4676, 612, 3283, 4682, 612, 240, 0, 0
L 3314, 4692, 612, 3305, 4693, 612, 59, 0, 63
L 3325, 4694, 612, 3314, 4692, 612, 59, 0, 63
L 3329, 4696, 611, 3325, 4694, 612, 59, 0, 63
L 3330, 4696, 611, 3329, 4696, 611, 59, 0, 63
L 3341, 4701, 608, 3330, 4696, 611, 59, 0, 63
L 3342, 4701, 608, 3341, 4701, 608, 59, 0, 63
L 3349, 4708, 606, 3342, 4701, 608, 59, 0, 63
L 3350, 4709, 606, 3349, 4708, 606, 59, 0, 63
L 3353, 4713, 604, 3350, 4709, 606, 59, 0, 63
L 3353, 4714, 604, 3353, 4713, 604, 59, 0, 63
L 3357, 4721, 601, 3353, 4714, 604, 59, 0, 63
L 3357, 4722, 601, 3357, 4721, 601, 59, 0, 63
L 3358, 4724, 600, 3357, 4722, 601, 59, 0, 63
L 3360, 4731, 598, 3358, 4724, 600, 59, 0, 63
L 3361, 4732, 597, 3360, 4731, 598, 59, 0, 63
L 3361, 4740, 595, 3361, 4732, 597, 59, 0, 63
L 3360, 4742, 594, 3361, 4740, 595, 59, 0, 63
L 3360, 4749, 592, 3360, 4742, 594, 59, 0, 63
L 3359, 4751, 591, 3360, 4749, 592, 59, 0, 63
L 3357, 4757, 588, 3359, 4751, 591, 59, 0, 63
L 3356, 4759, 588, 3357, 4757, 588, 59, 0, 63
L 3355, 4761, 587, 3356, 4759, 588, 59, 0, 63
L 3352, 4766, 585, 3355, 4761, 587, 59, 0, 63
L 3350, 4768, 583, 3352, 4766, 585, 59, 0, 63
L 3349, 4769, 583, 3350, 4768, 583, 59, 0, 63
L 3341, 4775, 580, 3349, 4769, 583, 59, 0, 63
L 3339, 4776, 579, 3341, 4775, 580, 59, 0, 63
L 3334, 4778, 577, 3339, 4776, 579, 59, 0, 63
L 3333, 4779, 577, 3334, 4778, 577, 59, 0, 63
L 3332, 4780, 576, 3333, 4779, 577, 59, 0, 63
L 3326, 4782, 575, 3332, 4780, 576, 59, 0, 63
L 3320, 4782, 575, 3326, 4782, 575, 59, 0, 63
L 3308, 4783, 575, 3320, 4782, 575, 59, 0, 63
L 3304, 4783, 575, 3308, 4783, 575, 59, 0, 63
L 3303, 4782, 575, 3304, 4783, 575, 59, 0, 63
L 3302, 4782, 576, 3303, 4782, 575, 59, 0, 63
L 3295, 4779, 578, 3302, 4782, 576, 59, 0, 63
L 3295, 4778, 578, 3295, 4779, 578, 59, 0, 63
L 3292, 4777, 579, 3295, 4778, 578, 59, 0, 63
L 3291, 4776, 580, 3292, 4777, 579, 59, 0, 63
L 3285, 4771, 583, 3291, 4776, 580, 59, 0, 63
L 3284, 4769, 583, 3285, 4771, 583, 59, 0, 63
L 3280, 4767, 585, 3284, 4769, 583, 59, 0, 63
L 3280, 4766, 585, 3280, 4767, 585, 59, 0, 63
L 3278, 4763, 586, 3280, 4766, 585, 59, 0, 63
L 3277, 4762, 587, 3278, 4763, 586, 59, 0, 63
L 3274, 4754, 590, 3277, 4762, 587, 59, 0, 63
L 3273, 4753, 590, 3274, 4754, 590, 59, 0, 63
L 3273, 4751, 591, 3273, 4753, 590, 59, 0, 63
L 3271, 4744, 594, 3273, 4751, 591, 59, 0, 63
L 3271, 4742, 594, 3271, 4744, 594, 59, 0, 63
L 3271, 4741, 595, 3271, 4742, 594, 59, 0, 63
L 3270, 4738, 596, 3271, 4741, 595, 59, 0, 63
L 3271, 4736, 597, 3270, 4738, 596, 59, 0, 63
L 3272, 4732, 599, 3271, 4736, 597, 59, 0, 63
L 3272, 4729, 599, 3272, 4732, 599, 59, 0, 63
L 3273, 4728, 600, 3272, 4729, 599, 59, 0, 63
L 3276, 4719, 603, 3273, 4728, 600, 59, 0, 63
L 3277, 4717, 604, 3276, 4719, 603, 59, 0, 63
L 3277, 4716, 604, 3277, 4717, 604, 59, 0, 63
L 3281, 4711, 606, 3277, 4716, 604, 59, 0, 63
L 3283, 4710, 607, 3281, 4711, 606, 59, 0, 63
L 3290, 4703, 609, 3283, 4710, 607, 59, 0, 63
L 3291, 4702, 609, 3290, 4703, 609, 59, 0, 63
L 3299, 4697, 611, 3291, 4702, 609, 59, 0, 63
L 3300, 4696, 611, 3299, 4697, 611, 59, 0, 63
L 3304, 4694, 612, 3300, 4696, 611, 59, 0, 63
L 3309, 4692, 612, 3304, 4694, 612, 59, 0, 63
L 3290, 4693, 609, 3293, 4691, 612, 59, 0, 63
L 3289, 4694, 609, 3290, 4693, 609, 59, 0, 63
L 3288, 4696, 608, 3289, 4694, 609, 59, 0, 63
L 3285, 4700, 608, 3288, 4696, 608, 59, 0, 63
L 3280, 4706, 606, 3285, 4700, 608, 59, 0, 63
L 3275, 4712, 605, 3280, 4706, 606, 59, 0, 63
L 3274, 4713, 604, 3275, 4712, 605, 59, 0, 63
L 3272, 4716, 603, 3274, 4713, 604, 59, 0, 63
L 3272, 4717, 603, 3272, 4716, 603, 59, 0, 63
L 3270, 4721, 601, 3272, 4717, 603, 59, 0, 63
L 3269, 4722, 600, 3270, 4721, 601, 59, 0, 63
L 3269, 4723, 600, 3269, 4722, 600, 59, 0, 63
L 3268, 4724, 600, 3269, 4723, 600, 59, 0, 63
L 3267, 4727, 598, 3268, 4724, 600, 59, 0, 63
L 3266, 4730, 598, 3267, 4727, 598, 59, 0, 63
L 3266, 4731, 597, 3266, 4730, 598, 59, 0, 63
L 3266, 4743, 593, 3266, 4731, 597, 59, 0, 63
L 3266, 4744, 593, 3266, 4743, 593, 59, 0, 63
L 3267, 4749, 592, 3266, 4744, 593, 59, 0, 63
L 3268, 4752, 591, 3267, 4749, 592, 59, 0, 63
L 3268, 4753, 590, 3268, 4752, 591, 59, 0, 63
L 3269, 4756, 589, 3268, 4753, 590, 59, 0, 63
L 3270, 4757, 589, 3269, 4756, 589, 59, 0, 63
L 3271, 4759, 588, 3270, 4757, 589, 59, 0, 63
L 3275, 4768, 585, 3271, 4759, 588, 59, 0, 63
L 3276, 4769, 584, 3275, 4768, 585, 59, 0, 63
L 3276, 4770, 584, 3276, 4769, 584, 59, 0, 63
L 3278, 4771, 583, 3276, 4770, 584, 59, 0, 63
L 3285, 4778, 580, 3278, 4771, 583, 59, 0, 63
L 3286, 4779, 580, 3285, 4778, 580, 59, 0, 63
L 3292, 4784, 577, 3286, 4779, 580, 59, 0, 63
L 3293, 4785, 577, 3292, 4784, 577, 59, 0, 63
L 3297, 4788, 575, 3293, 4785, 577, 59, 0, 63
L 3298, 4788, 575, 3297, 4788, 575, 59, 0, 63
L 3294, 4787, 573, 3298, 4788, 575, 59, 0, 63
L 3293, 4787, 573, 3294, 4787, 573, 59, 0, 63
L 3286, 4783, 571, 3293, 4787, 573, 59, 0, 63
L 3285, 4783, 570, 3286, 4783, 571, 59, 0, 63
L 3282, 4780, 569, 3285, 4783, 570, 59, 0, 63
L 3280, 4779, 569, 3282, 4780, 569, 59, 0, 63
L 3278, 4777, 567, 3280, 4779, 569, 59, 0, 63
L 3276, 4775, 566, 3278, 4777, 567, 59, 0, 63
L 3275, 4774, 566, 3276, 4775, 566, 59, 0, 63
L 3271, 4769, 564, 3275, 4774, 566, 59, 0, 63
L 3270, 4768, 564, 3271, 4769, 564, 59, 0, 63
L 3269, 4766, 563, 3270, 4768, 564, 59, 0, 63
L 3269, 4765, 563, 3269, 4766, 563, 59, 0, 63
L 3267, 4761, 561, 3269, 4765, 563, 59, 0, 63
L 3264, 4755, 560, 3267, 4761, 561, 59, 0, 63
L 3264, 4754, 560, 3264, 4755, 560, 59, 0, 63
L 3264, 4752, 559, 3264, 4754, 560, 59, 0, 63
L 3263, 4748, 557, 3264, 4752, 559, 59, 0, 63
L 3263, 4747, 557, 3263, 4748, 557, 59, 0, 63
L 3263, 4744, 556, 3263, 4747, 557, 59, 0, 63
L 3263, 4743, 555, 3263, 4744, 556, 59, 0, 63
L 3262, 4739, 555, 3263, 4743, 555, 59, 0, 63
L 3262, 4735, 553, 3262, 4739, 555, 59, 0, 63
L 3263, 4730, 552, 3262, 4735, 553, 59, 0, 63
L 3264, 4728, 551, 3263, 4730, 552, 59, 0, 63
L 3264, 4727, 551, 3264, 4728, 551, 59, 0, 63
L 3264, 4725, 550, 3264, 4727, 551, 59, 0, 63
L 3265, 4724, 550, 3264, 4725, 550, 59, 0, 63
L 3266, 4721, 549, 3265, 4724, 550, 59, 0, 63
L 3267, 4719, 548, 3266, 4721, 549, 59, 0, 63
L 3267, 4718, 548, 3267, 4719, 548, 59, 0, 63
L 3268, 4715, 547, 3267, 4718, 548, 59, 0, 63
L 3269, 4713, 547, 3268, 4715, 547, 59, 0, 63
L 3269, 4713, 546, 3269, 4713, 547, 59, 0, 63
L 3275, 4704, 543, 3269, 4713, 546, 59, 0, 63
L 3276, 4704, 543, 3275, 4704, 543, 59, 0, 63
L 3280, 4700, 541, 3276, 4704, 543, 59, 0, 63
L 3281, 4699, 541, 3280, 4700, 541, 59, 0, 63
L 3281, 4698, 541, 3281, 4699, 541, 59, 0, 63
L 3283, 4697, 540, 3281, 4698, 541, 59, 0, 63
L 3291, 4693, 538, 3283, 4697, 540, 59, 0, 63
L 3292, 4693, 537, 3291, 4693, 538, 59, 0, 63
L 3302, 4689, 535, 3292, 4693, 537, 59, 0, 63
L 3304, 4682, 535, 3304, 4684, 535, 59, 0, 63
L 3299, 4683, 535, 3304, 4682, 535, 59, 0, 63
L 3297, 4683, 535, 3299, 4683, 535, 59, 0, 63
L 3293, 4685, 537, 3297, 4683, 535, 59, 0, 63
L 3291, 4686, 537, 3293, 4685, 537, 59, 0, 63
L 3283, 4690, 539, 3291, 4686, 537, 59, 0, 63
L 3281, 4691, 540, 3283, 4690, 539, 59, 0, 63
L 3280, 4692, 541, 3281, 4691, 540, 59, 0, 63
L 3279, 4693, 541, 3280, 4692, 541, 59, 0, 63
L 3272, 4700, 544, 3279, 4693, 541, 59, 0, 63
L 3270, 4701, 544, 3272, 4700, 544, 59, 0, 63
L 3269, 4703, 545, 3270, 4701, 544, 59, 0, 63
L 3268, 4705, 545, 3269, 4703, 545, 59, 0, 63
L 3263, 4713, 548, 3268, 4705, 545, 59, 0, 63
L 3262, 4716, 549, 3263, 4713, 548, 59, 0, 63
L 3261, 4718, 549, 3262, 4716, 549, 59, 0, 63
L 3261, 4719, 550, 3261, 4718, 549, 59, 0, 63
L 3260, 4721, 550, 3261, 4719, 550, 59, 0, 63
L 3259, 4724, 551, 3260, 4721, 550, 59, 0, 63
L 3258, 4725, 551, 3259, 4724, 551, 59, 0, 63
L 3258, 4727, 553, 3258, 4725, 551, 59, 0, 63
L 3257, 4730, 553, 3258, 4727, 553, 59, 0, 63
L 3257, 4731, 554, 3257, 4730, 553, 59, 0, 63
L 3257, 4734, 554, 3257, 4731, 554, 59, 0, 63
L 3257, 4737, 555, 3257, 4734, 554, 59, 0, 63
L 3257, 4739, 555, 3257, 4737, 555, 59, 0, 63
L 3257, 4744, 557, 3257, 4739, 555, 59, 0, 63
L 3258, 4746, 557, 3257, 4744, 557, 59, 0, 63
L 3258, 4748, 558, 3258, 4746, 557, 59, 0, 63
L 3259, 4750, 558, 3258, 4748, 558, 59, 0, 63
L 3259, 4752, 559, 3259, 4750, 558, 59, 0, 63
L 3260, 4758, 561, 3259, 4752, 559, 59, 0, 63
L 3261, 4761, 562, 3260, 4758, 561, 59, 0, 63
L 3262, 4764, 562, 3261, 4761, 562, 59, 0, 63
L 3263, 4767, 563, 3262, 4764, 562, 59, 0, 63
L 3264, 4767, 563, 3263, 4767, 563, 59, 0, 63
L 3266, 4770, 565, 3264, 4767, 563, 59, 0, 63
L 3271, 4776, 567, 3266, 4770, 565, 59, 0, 63
L 3273, 4778, 568, 3271, 4776, 567, 59, 0, 63
L 3282, 4787, 571, 3273, 4778, 568, 59, 0, 63
L 3284, 4789, 572, 3282, 4787, 571, 59, 0, 63
L 3286, 4790, 572, 3284, 4789, 572, 59, 0, 63
L 3289, 4791, 573, 3286, 4790, 572, 59, 0, 63
L 3290, 4792, 574, 3289, 4791, 573, 59, 0, 63
L 3297, 4795, 575, 3290, 4792, 574, 59, 0, 63
L 3300, 4796, 575, 3297, 4795, 575, 59, 0, 63
L 3310, 4797, 575, 3300, 4796, 575, 59, 0, 63
L 3313, 4798, 575, 3310, 4797, 575, 59, 0, 63
L 3326, 4796, 575, 3313, 4798, 575, 59, 0, 63
L 3330, 4795, 575, 3326, 4796, 575, 59, 0, 63
L 3333, 4795, 575, 3330, 4795, 575, 59, 0, 63
L 3336, 4794, 574, 3333, 4795, 575, 59, 0, 63
L 3337, 4793, 573, 3336, 4794, 574, 59, 0, 63
L 3345, 4789, 571, 3337, 4793, 573, 59, 0, 63
L 3347, 4788, 571, 3345, 4789, 571, 59, 0, 63
L 3348, 4787, 570, 3347, 4788, 571, 59, 0, 63
L 3352, 4784, 569, 3348, 4787, 570, 59, 0, 63
L 3355, 4782, 568, 3352, 4784, 569, 59, 0, 63
L 3360, 4777, 566, 3355, 4782, 568, 59, 0, 63
L 3360, 4776, 566, 3360, 4777, 566, 59, 0, 63
L 3363, 4772, 564, 3360, 4776, 566, 59, 0, 63
L 3364, 4770, 563, 3363, 4772, 564, 59, 0, 63
L 3365, 4768, 563, 3364, 4770, 563, 59, 0, 63
L 3366, 4767, 562, 3365, 4768, 563, 59, 0, 63
L 3367, 4764, 562, 3366, 4767, 562, 59, 0, 63
L 3370, 4759, 560, 3367, 4764, 562, 59, 0, 63
L 3371, 4757, 560, 3370, 4759, 560, 59, 0, 63
L 3372, 4752, 558, 3371, 4757, 560, 59, 0, 63
L 3372, 4749, 557, 3372, 4752, 558, 59, 0, 63
L 3373, 4747, 557, 3372, 4749, 557, 59, 0, 63
L 3373, 4734, 553, 3373, 4747, 557, 59, 0, 63
L 3373, 4732, 552, 3373, 4734, 553, 59, 0, 63
L 3372, 4729, 552, 3373, 4732, 552, 59, 0, 63
L 3372, 4728, 551, 3372, 4729, 552, 59, 0, 63
L 3371, 4722, 550, 3372, 4728, 551, 59, 0, 63
L 3371, 4721, 550, 3371, 4722, 550, 59, 0, 63
L 3368, 4714, 547, 3371, 4721, 550, 59, 0, 63
L 3363, 4706, 545, 3368, 4714, 547, 59, 0, 63
L 3363, 4705, 545, 3363, 4706, 545, 59, 0, 63
L 3353, 4695, 541, 3363, 4705, 545, 59, 0, 63
L 3351, 4693, 541, 3353, 4695, 541, 59, 0, 63
L 3350, 4691, 540, 3351, 4693, 541, 59, 0, 63
L 3337, 4685, 536, 3350, 4691, 540, 59, 0, 63
L 3332, 4683, 535, 3337, 4685, 536, 59, 0, 63
L 3353, 4710, 537, 3354, 4711, 535, 59, 0, 63
L 3356, 4709, 542, 3353, 4710, 537, 59, 0, 63
L 3356, 4708, 544, 3356, 4709, 542, 59, 0, 63
L 3354, 4706, 544, 3356, 4708, 544, 59, 0, 63
L 3352, 4704, 543, 3354, 4706, 544, 59, 0, 63
L 3351, 4703, 542, 3352, 4704, 543, 59, 0, 63
L 3346, 4698, 540, 3351, 4703, 542, 59, 0, 63
L 3336, 4693, 610, 3332, 4690, 612, 59, 0, 63
L 3337, 4694, 610, 3336, 4693, 610, 59, 0, 63
L 3346, 4699, 607, 3337, 4694, 610, 59, 0, 63
L 3347, 4699, 607, 3346, 4699, 607, 59, 0, 63
L 3353, 4705, 606, 3347, 4699, 607, 59, 0, 63
L 3354, 4706, 606, 3353, 4705, 606, 59, 0, 63
L 3355, 4708, 605, 3354, 4706, 606, 59, 0, 63
L 3358, 4712, 604, 3355, 4708, 605, 59, 0, 63
L 3361, 4718, 601, 3358, 4712, 604, 59, 0, 63
L 3362, 4720, 601, 3361, 4718, 601, 59, 0, 63
L 3363, 4721, 600, 3362, 4720, 601, 59, 0, 63
L 3363, 4723, 600, 3363, 4721, 600, 59, 0, 63
L 3364, 4725, 599, 3363, 4723, 600, 59, 0, 63
L 3364, 4726, 599, 3364, 4725, 599, 59, 0, 63
L 3365, 4728, 599, 3364, 4726, 599, 59, 0, 63
L 3365, 4734, 596, 3365, 4728, 599, 59, 0, 63
L 3366, 4736, 596, 3365, 4734, 596, 59, 0, 63
L 3366, 4738, 595, 3366, 4736, 596, 59, 0, 63
L 3366, 4742, 594, 3366, 4738, 595, 59, 0, 63
L 3366, 4744, 593, 3366, 4742, 594, 59, 0, 63
L 3365, 4747, 592, 3366, 4744, 593, 59, 0, 63
L 3365, 4748, 592, 3365, 4747, 592, 59, 0, 63
L 3364, 4754, 590, 3365, 4748, 592, 59, 0, 63
L 3364, 4755, 590, 3364, 4754, 590, 59, 0, 63
L 3363, 4757, 589, 3364, 4755, 590, 59, 0, 63
L 3363, 4759, 588, 3363, 4757, 589, 59, 0, 63
L 3362, 4761, 588, 3363, 4759, 588, 59, 0, 63
L 3361, 4762, 587, 3362, 4761, 588, 59, 0, 63
L 3361, 4763, 587, 3361, 4762, 587, 59, 0, 63
L 3360, 4765, 586, 3361, 4763, 587, 59, 0, 63
L 3359, 4767, 586, 3360, 4765, 586, 59, 0, 63
L 3358, 4768, 585, 3359, 4767, 586, 59, 0, 63
L 3356, 4771, 584, 3358, 4768, 585, 59, 0, 63
L 3355, 4772, 584, 3356, 4771, 584, 59, 0, 63
L 3348, 4777, 581, 3355, 4772, 584, 59, 0, 63
L 3340, 4782, 578, 3348, 4777, 581, 59, 0, 63
L 3338, 4784, 577, 3340, 4782, 578, 59, 0, 63
L 3330, 4788, 575, 3338, 4784, 577, 59, 0, 63
L 3330, 4789, 575, 3330, 4788, 575, 59, 0, 63
L 3333, 4788, 574, 3330, 4789, 575, 59, 0, 63
L 3342, 4786, 571, 3333, 4788, 574, 59, 0, 63
L 3343, 4785, 571, 3342, 4786, 571, 59, 0, 63
L 3344, 4785, 571, 3343, 4785, 571, 59, 0, 63
L 3346, 4783, 570, 3344, 4785, 571, 59, 0, 63
L 3348, 4782, 569, 3346, 4783, 570, 59, 0, 63
L 3352, 4778, 568, 3348, 4782, 569, 59, 0, 63
L 3353, 4776, 567, 3352, 4778, 568, 59, 0, 63
L 3355, 4775, 566, 3353, 4776, 567, 59, 0, 63
L 3357, 4772, 565, 3355, 4775, 566, 59, 0, 63
L 3357, 4771, 565, 3357, 4772, 565, 59, 0, 63
L 3359, 4769, 564, 3357, 4771, 565, 59, 0, 63
L 3360, 4767, 563, 3359, 4769, 564, 59, 0, 63
L 3362, 4762, 562, 3360, 4767, 563, 59, 0, 63
L 3364, 4758, 560, 3362, 4762, 562, 59, 0, 63
L 3365, 4757, 560, 3364, 4758, 560, 59, 0, 63
L 3365, 4755, 560, 3365, 4757, 560, 59, 0, 63
L 3366, 4754, 559, 3365, 4755, 560, 59, 0, 63
L 3366, 4753, 559, 3366, 4754, 559, 59, 0, 63
L 3368, 4745, 556, 3366, 4753, 559, 59, 0, 63
L 3368, 4744, 556, 3368, 4745, 556, 59, 0, 63
L 3368, 4742, 555, 3368, 4744, 556, 59, 0, 63
L 3369, 4738, 555, 3368, 4742, 555, 59, 0, 63
L 3369, 4737, 555, 3369, 4738, 555, 59, 0, 63
L 3368, 4735, 553, 3369, 4737, 555, 59, 0, 63
L 3365, 4726, 551, 3368, 4735, 553, 59, 0, 63
L 3365, 4725, 550, 3365, 4726, 551, 59, 0, 63
L 3364, 4722, 549, 3365, 4725, 550, 59, 0, 63
L 3363, 4721, 549, 3364, 4722, 549, 59, 0, 63
L 3363, 4719, 548, 3363, 4721, 549, 59, 0, 63
L 3362, 4718, 548, 3363, 4719, 548, 59, 0, 63
L 3358, 4710, 545, 3362, 4718, 548, 59, 0, 63
L 3356, 4706, 544, 3358, 4710, 545, 59, 0, 63
L 3346, 4700, 535, 3348, 4701, 535, 59, 0, 63
L 3346, 4698, 537, 3346, 4700, 535, 59, 0, 63
L 3344, 4697, 540, 3346, 4698, 537, 59, 0, 63
L 3343, 4696, 539, 3344, 4697, 540, 59, 0, 63
L 3342, 4696, 539, 3343, 4696, 539, 59, 0, 63
L 3333, 4692, 535, 3342, 4696, 539, 59, 0, 63
L 3322, 4653, 527, 3323, 4651, 527, 0, 0, 0
L 3320, 4655, 527, 3322, 4653, 527, 0, 0, 0
L 3320, 4679, 535, 3320, 4655, 527, 0, 0, 0
L 3320, 4680, 535, 3320, 4679, 535, 0, 0, 0
L 3321, 4681, 535, 3320, 4680, 535, 0, 0, 0
L 3333, 4683, 535, 3321, 4681, 535, 0, 0, 0
L 3334, 4691, 537, 3332, 4690, 536, 0, 0, 0
L 3335, 4692, 537, 3334, 4691, 537, 0, 0, 0
L 3343, 4698, 535, 3335, 4692, 537, 0, 0, 0
L 3346, 4700, 535, 3343, 4698, 535, 0, 0, 0
L 3356, 4710, 535, 3346, 4700, 535, 0, 0, 0
L 3361, 4720, 535, 3356, 4710, 535, 0, 0, 0
L 3363, 4727, 535, 3361, 4720, 535, 0, 0, 0
L 3364, 4729, 535, 3363, 4727, 535, 0, 0, 0
L 3368, 4728, 535, 3364, 4729, 535, 0, 0, 0
L 3378, 4727, 535, 3368, 4728, 535, 0, 0, 0
L 3383, 4727, 535, 3378, 4727, 535, 0, 0, 0
L 3383, 4720, 535, 3383, 4727, 535, 0, 0, 0
L 3405, 4717, 535, 3383, 4720, 535, 0, 0, 0
L 3407, 4717, 535, 3405, 4717, 535, 0, 0, 0
L 3408, 4718, 536, 3407, 4717, 535, 0, 0, 0
L 3408, 4719, 537, 3408, 4718, 536, 0, 0, 0
L 3409, 4721, 537, 3408, 4719, 537, 0, 0, 0
L 3409, 4723, 535, 3409, 4721, 537, 0, 0, 0
L 3410, 4730, 535, 3409, 4723, 535, 0, 0, 0
L 3410, 4731, 535, 3410, 4730, 535, 0, 0, 0
L 3408, 4733, 535, 3410, 4731, 535, 0, 0, 0
L 3395, 4735, 535, 3408, 4733, 535, 0, 0, 0
L 3392, 4732, 535, 3395, 4735, 535, 0, 0, 0
L 3392, 4731, 535, 3392, 4732, 535, 0, 0, 0
L 3391, 4730, 535, 3392, 4731, 535, 0, 0, 0
L 3389, 4731, 535, 3391, 4730, 535, 0, 0, 0
L 3388, 4731, 535, 3389, 4731, 535, 0, 0, 0
L 3387, 4733, 536, 3388, 4731, 535, 0, 0, 0
L 3386, 4734, 535, 3387, 4733, 536, 0, 0, 0
L 3384, 4732, 535, 3386, 4734, 535, 0, 0, 0
L 3382, 4731, 535, 3384, 4732, 535, 0, 0, 0
L 3376, 4732, 535, 3382, 4731, 535, 0, 0, 0
L 3366, 4733, 535, 3376, 4732, 535, 0, 0, 0
L 3365, 4733, 535, 3366, 4733, 535, 0, 0, 0
L 3365, 4739, 535, 3365, 4733, 535, 0, 0, 0
L 3364, 4749, 535, 3365, 4739, 535, 0, 0, 0
L 3363, 4752, 535, 3364, 4749, 535, 0, 0, 0
L 3362, 4754, 535, 3363, 4752, 535, 0, 0, 0
L 3363, 4755, 535, 3362, 4754, 535, 0, 0, 0
L 3362, 4757, 535, 3363, 4755, 535, 0, 0, 0
L 3361, 4757, 535, 3362, 4757, 535, 0, 0, 0
L 3361, 4761, 535, 3361, 4757, 535, 0, 0, 0
L 3364, 4762, 535, 3361, 4761, 535, 0, 0, 0
L 3371, 4765, 535, 3364, 4762, 535, 0, 0, 0
L 3374, 4768, 535, 3371, 4765, 535, 0, 0, 0
L 3376, 4767, 535, 3374, 4768, 535, 0, 0, 0
L 3377, 4766, 537, 3376, 4767, 535, 0, 0, 0
L 3378, 4763, 535, 3377, 4766, 537, 0, 0, 0
L 3379, 4762, 535, 3378, 4763, 535, 0, 0, 0
L 3401, 4774, 535, 3379, 4762, 535, 0, 0, 0
L 3403, 4776, 535, 3401, 4774, 535, 0, 0, 0
L 3402, 4778, 535, 3403, 4776, 535, 0, 0, 0
L 3396, 4781, 535, 3402, 4778, 535, 0, 0, 0
L 3397, 4783, 536, 3396, 4781, 535, 0, 0, 0
L 3396, 4784, 535, 3397, 4783, 536, 0, 0, 0
L 3395, 4785, 535, 3396, 4784, 535, 0, 0, 0
L 3395, 4787, 535, 3395, 4785, 535, 0, 0, 0
L 3396, 4789, 535, 3395, 4787, 535, 0, 0, 0
L 3396, 4790, 535, 3396, 4789, 535, 0, 0, 0
L 3373, 4778, 535, 3396, 4790, 535, 0, 0, 0
L 3374, 4776, 535, 3373, 4778, 535, 0, 0, 0
L 3374, 4775, 535, 3374, 4776, 535, 0, 0, 0
L 3373, 4772, 535, 3374, 4775, 535, 0, 0, 0
L 3360, 4765, 535, 3373, 4772, 535, 0, 0, 0
L 3358, 4765, 535, 3360, 4765, 535, 0, 0, 0
L 3356, 4769, 535, 3358, 4765, 535, 0, 0, 0
L 3345, 4779, 535, 3356, 4769, 535, 0, 0, 0
L 3343, 4781, 535, 3345, 4779, 535, 0, 0, 0
L 3330, 4787, 535, 3343, 4781, 535, 0, 0, 0
L 3315, 4790, 535, 3330, 4787, 535, 0, 0, 0
L 3306, 4788, 535, 3315, 4790, 535, 0, 0, 0
L 3302, 4786, 535, 3306, 4788, 535, 0, 0, 0
L 3299, 4787, 535, 3302, 4786, 535, 0, 0, 0
L 3285, 4780, 535, 3299, 4787, 535, 0, 0, 0
L 3276, 4770, 535, 3285, 4780, 535, 0, 0, 0
L 3274, 4769, 535, 3276, 4770, 535, 0, 0, 0
L 3272, 4765, 535, 3274, 4769, 535, 0, 0, 0
L 3271, 4765, 535, 3272, 4765, 535, 0, 0, 0
L 3262, 4769, 535, 3271, 4765, 535, 0, 0, 0
L 3259, 4769, 535, 3262, 4769, 535, 0, 0, 0
L 3257, 4768, 535, 3259, 4769, 535, 0, 0, 0
L 3256, 4769, 535, 3257, 4768, 535, 0, 0, 0
L 3256, 4772, 535, 3256, 4769, 535, 0, 0, 0
L 3257, 4773, 535, 3256, 4772, 535, 0, 0, 0
L 3257, 4775, 535, 3257, 4773, 535, 0, 0, 0
L 3258, 4777, 535, 3257, 4775, 535, 0, 0, 0
L 3256, 4776, 535, 3258, 4777, 535, 0, 0, 0
L 3252, 4778, 535, 3256, 4776, 535, 0, 0, 0
L 3251, 4779, 536, 3252, 4778, 535, 0, 0, 0
L 3249, 4779, 535, 3251, 4779, 536, 0, 0, 0
L 3247, 4780, 535, 3249, 4779, 535, 0, 0, 0
L 3247, 4781, 535, 3247, 4780, 535, 0, 0, 0
L 3247, 4783, 536, 3247, 4781, 535, 0, 0, 0
L 3236, 4789, 535, 3247, 4783, 536, 0, 0, 0
L 3235, 4789, 535, 3236, 4789, 535, 0, 0, 0
L 3234, 4788, 535, 3235, 4789, 535, 0, 0, 0
L 3232, 4787, 535, 3234, 4788, 535, 0, 0, 0
L 3226, 4775, 535, 3232, 4787, 535, 0, 0, 0
L 3237, 4770, 535, 3226, 4775, 535, 0, 0, 0
L 3238, 4769, 535, 3237, 4770, 535, 0, 0, 0
L 3241, 4770, 535, 3238, 4769, 535, 0, 0, 0
L 3243, 4769, 536, 3241, 4770, 535, 0, 0, 0
L 3246, 4769, 535, 3243, 4769, 536, 0, 0, 0
L 3248, 4768, 535, 3246, 4769, 535, 0, 0, 0
L 3249, 4767, 535, 3248, 4768, 535, 0, 0, 0
L 3249, 4765, 535, 3249, 4767, 535, 0, 0, 0
L 3251, 4764, 535, 3249, 4765, 535, 0, 0, 0
L 3251, 4765, 535, 3251, 4764, 535, 0, 0, 0
L 3254, 4767, 535, 3251, 4765, 535, 0, 0, 0
L 3264, 4762, 535, 3254, 4767, 535, 0, 0, 0
L 3267, 4761, 535, 3264, 4762, 535, 0, 0, 0
L 3269, 4759, 535, 3267, 4761, 535, 0, 0, 0
L 3267, 4755, 535, 3269, 4759, 535, 0, 0, 0
L 3266, 4748, 535, 3267, 4755, 535, 0, 0, 0
L 3267, 4743, 535, 3266, 4748, 535, 0, 0, 0
L 3269, 4739, 535, 3267, 4743, 535, 0, 0, 0
L 3265, 4739, 535, 3269, 4739, 535, 0, 0, 0
L 3266, 4736, 535, 3265, 4739, 535, 0, 0, 0
L 3265, 4734, 535, 3266, 4736, 535, 0, 0, 0
L 3253, 4732, 535, 3265, 4734, 535, 0, 0, 0
L 3249, 4730, 535, 3253, 4732, 535, 0, 0, 0
L 3247, 4734, 535, 3249, 4730, 535, 0, 0, 0
L 3247, 4737, 535, 3247, 4733, 535, 0, 0, 0
L 3219, 4732, 535, 3247, 4737, 535, 0, 0, 0
L 3222, 4716, 535, 3219, 4732, 535, 0, 0, 0
L 3242, 4719, 535, 3222, 4716, 535, 0, 0, 0
L 3244, 4719, 535, 3242, 4719, 535, 0, 0, 0
L 3247, 4725, 535, 3244, 4719, 535, 0, 0, 0
L 3248, 4726, 535, 3247, 4725, 535, 0, 0, 0
L 3264, 4730, 535, 3248, 4726, 535, 0, 0, 0
L 3266, 4729, 535, 3264, 4730, 535, 0, 0, 0
L 3267, 4729, 535, 3266, 4729, 535, 0, 0, 0
L 3270, 4725, 535, 3267, 4729, 535, 0, 0, 0
L 3267, 4724, 535, 3270, 4725, 535, 0, 0, 0
L 3274, 4710, 535, 3267, 4724, 535, 0, 0, 0
L 3277, 4707, 535, 3274, 4710, 535, 0, 0, 0
L 3281, 4704, 535, 3277, 4707, 535, 0, 0, 0
L 3286, 4701, 535, 3281, 4704, 535, 0, 0, 0
L 3295, 4696, 535, 3286, 4701, 535, 0, 0, 0
L 3303, 4691, 535, 3295, 4696, 535, 0, 0, 0
L 3309, 4685, 535, 3304, 4685, 535, 0, 0, 0
L 3309, 4684, 535, 3309, 4685, 535, 0, 0, 0
L 3310, 4660, 527, 3309, 4684, 535, 0, 0, 0
L 3310, 4654, 527, 3310, 4660, 527, 0, 0, 0
L 3307, 4655, 527, 3310, 4654, 527, 0, 0, 0
L 3307, 4651, 527, 3307, 4655, 527, 0, 0, 0
L 3306, 4647, 527, 3307, 4651, 527, 0, 0, 0
L 3322, 4643, 525, 3323, 4648, 527, 127, 127, 127
L 3320, 4624, 519, 3322, 4643, 525, 127, 127, 127
L 3320, 4622, 519, 3320, 4624, 519, 127, 127, 127
L 3322, 4622, 519, 3320, 4622, 519, 127, 127, 127
L 3326, 4647, 519, 3322, 4622, 519, 127, 127, 127
L 3344, 4650, 519, 3326, 4647, 519, 127, 127, 127
L 3367, 4662, 519, 3344, 4650, 519, 127, 127, 127
L 3369, 4662, 519, 3367, 4662, 519, 127, 127, 127
L 3377, 4653, 519, 3369, 4662, 519, 127, 127, 127
L 3379, 4651, 519, 3377, 4653, 519, 127, 127, 127
L 3381, 4650, 519, 3379, 4651, 519, 127, 127, 127
L 3399, 4669, 518, 3381, 4650, 519, 127, 127, 127
L 3403, 4672, 518, 3399, 4669, 518, 127, 127, 127
L 3404, 4673, 518, 3403, 4672, 518, 127, 127, 127
L 3404, 4674, 518, 3404, 4673, 518, 127, 127, 127
L 3393, 4685, 519, 3404, 4674, 518, 127, 127, 127
L 3392, 4687, 519, 3393, 4685, 519, 127, 127, 127
L 3397, 4697, 519, 3392, 4687, 519, 127, 127, 127
L 3400, 4699, 519, 3397, 4697, 519, 127, 127, 127
L 3400, 4702, 519, 3400, 4699, 519, 127, 127, 127
L 3400, 4700, 519, 3400, 4702, 519, 127, 127, 127
L 3401, 4701, 519, 3400, 4700, 519, 127, 127, 127
L 3400, 4702, 519, 3401, 4701, 519, 127, 127, 127
L 3401, 4705, 519, 3400, 4702, 519, 127, 127, 127
L 3402, 4706, 519, 3401, 4705, 519, 127, 127, 127
L 3405, 4708, 519, 3402, 4706, 519, 127, 127, 127
L 3413, 4707, 519, 3405, 4708, 519, 127, 127, 127
L 3418, 4705, 519, 3413, 4707, 519, 127, 127, 127
L 3419, 4705, 519, 3418, 4705, 519, 127, 127, 127
L 3420, 4707, 519, 3419, 4705, 519, 127, 127, 127
L 3425, 4736, 519, 3420, 4707, 519, 127, 127, 127
L 3425, 4739, 519, 3425, 4736, 519, 127, 127, 127
L 3410, 4741, 519, 3425, 4739, 519, 127, 127, 127
L 3408, 4742, 519, 3410, 4741, 519, 127, 127, 127
L 3408, 4744, 519, 3408, 4742, 519, 127, 127, 127
L 3404, 4766, 519, 3408, 4744, 519, 127, 127, 127
L 3412, 4770, 519, 3404, 4766, 519, 127, 127, 127
L 3414, 4770, 519, 3412, 4770, 519, 127, 127, 127
L 3420, 4768, 519, 3414, 4770, 519, 127, 127, 127
L 3420, 4774, 519, 3420, 4768, 519, 127, 127, 127
L 3405, 4803, 519, 3420, 4774, 519, 127, 127, 127
L 3404, 4803, 519, 3405, 4803, 519, 127, 127, 127
L 3389, 4796, 519, 3404, 4803, 519, 127, 127, 127
L 3370, 4815, 519, 3389, 4796, 519, 127, 127, 127
L 3350, 4825, 519, 3370, 4815, 519, 127, 127, 127
L 3345, 4828, 519, 3350, 4825, 519, 127, 127, 127
L 3332, 4830, 519, 3345, 4828, 519, 127, 127, 127
L 3332, 4847, 519, 3332, 4830, 519, 127, 127, 127
L 3331, 4849, 519, 3332, 4847, 519, 127, 127, 127
L 3299, 4849, 519, 3331, 4849, 519, 127, 127, 127
L 3298, 4832, 519, 3299, 4849, 519, 127, 127, 127
L 3297, 4831, 519, 3298, 4832, 519, 127, 127, 127
L 3297, 4830, 519, 3297, 4831, 519, 127, 127, 127
L 3289, 4831, 519, 3297, 4830, 519, 127, 127, 127
L 3289, 4829, 519, 3289, 4831, 519, 127, 127, 127
L 3287, 4829, 519, 3289, 4829, 519, 127, 127, 127
L 3260, 4815, 519, 3287, 4829, 519, 127, 127, 127
L 3241, 4796, 519, 3260, 4815, 519, 127, 127, 127
L 3225, 4804, 519, 3241, 4796, 519, 127, 127, 127
L 3209, 4774, 519, 3225, 4804, 519, 127, 127, 127
L 3225, 4766, 519, 3221, 4741, 519, 127, 127, 127
L 3225, 4766, 519, 3211, 4773, 519, 127, 127, 127
L 3204, 4741, 519, 3222, 4743, 519, 127, 127, 127
L 3207, 4707, 519, 3205, 4736, 519, 127, 127, 127
L 3238, 4686, 519, 3228, 4676, 519, 127, 127, 127
L 3227, 4707, 519, 3238, 4686, 519, 127, 127, 127
L 3209, 4710, 519, 3227, 4707, 519, 127, 127, 127
L 3205, 4706, 519, 3209, 4710, 519, 127, 127, 127
L 3214, 4706, 519, 3206, 4706, 519, 127, 127, 127
L 3227, 4708, 519, 3214, 4706, 519, 127, 127, 127
L 3247, 4648, 519, 3231, 4669, 519, 127, 127, 127
L 3252, 4653, 519, 3247, 4648, 519, 127, 127, 127
L 3262, 4662, 519, 3252, 4653, 519, 127, 127, 127
L 3282, 4652, 519, 3262, 4662, 519, 127, 127, 127
L 3290, 4649, 519, 3282, 4652, 519, 127, 127, 127
L 3304, 4647, 519, 3290, 4649, 519, 127, 127, 127
L 3307, 4620, 519, 3304, 4647, 519, 127, 127, 127
L 4248, 4091, 424, 4250, 4091, 424, 127, 127, 127
L 4244, 4089, 424, 4248, 4091, 424, 127, 127, 127
L 4243, 4090, 424, 4244, 4089, 424, 127, 127, 127
L 4242, 4123, 423, 4243, 4090, 424, 127, 127, 127
L 4242, 4127, 422, 4242, 4123, 423, 127, 127, 127
L 4241, 4131, 422, 4242, 4127, 422, 127, 127, 127
L 4243, 4130, 421, 4241, 4131, 422, 127, 127, 127
L 4243, 4134, 420, 4243, 4130, 421, 127, 127, 127
L 4243, 4137, 420, 4243, 4134, 420, 127, 127, 127
L 4240, 4140, 420, 4243, 4137, 420, 127, 127, 127
L 4238, 4140, 420, 4240, 4140, 420, 127, 127, 127
L 4238, 4137, 421, 4238, 4140, 420, 127, 127, 127
L 4237, 4136, 421, 4238, 4137, 421, 127, 127, 127
L 4237, 4135, 421, 4237, 4136, 421, 127, 127, 127
L 4239, 4137, 420, 4237, 4135, 421, 127, 127, 127
L 4241, 4138, 420, 4239, 4137, 420, 127, 127, 127
L 4255, 4139, 418, 4241, 4138, 420, 127, 127, 127
L 4258, 4139, 417, 4255, 4139, 418, 127, 127, 127
L 4261, 4140, 417, 4258, 4139, 417, 127, 127, 127
L 4264, 4143, 417, 4261, 4140, 417, 127, 127, 127
L 4269, 4147, 412, 4264, 4143, 417, 127, 127, 127
L 4271, 4149, 412, 4269, 4147, 412, 127, 127, 127
L 4272, 4151, 412, 4271, 4149, 412, 127, 127, 127
L 4272, 4151, 411, 4272, 4151, 412, 127, 127, 127
L 4271, 4153, 410, 4272, 4151, 411, 127, 127, 127
L 4270, 4154, 410, 4271, 4153, 410, 127, 127, 127
L 4269, 4155, 409, 4270, 4154, 410, 127, 127, 127
L 4272, 4154, 408, 4269, 4155, 409, 127, 127, 127
L 4277, 4155, 406, 4272, 4154, 408, 127, 127, 127
L 4281, 4155, 404, 4277, 4155, 406, 127, 127, 127
L 4290, 4156, 403, 4281, 4155, 404, 127, 127, 127
L 4298, 4155, 403, 4290, 4156, 403, 127, 127, 127
L 4306, 4155, 403, 4298, 4155, 403, 127, 127, 127
L 4312, 4152, 403, 4306, 4155, 403, 127, 127, 127
L 4313, 4151, 402, 4312, 4152, 403, 127, 127, 127
L 4314, 4144, 401, 4313, 4151, 402, 127, 127, 127
L 4315, 4108, 401, 4314, 4144, 401, 127, 127, 127
L 4314, 4106, 402, 4315, 4108, 401, 127, 127, 127
L 4311, 4102, 404, 4314, 4106, 402, 127, 127, 127
L 4308, 4099, 406, 4311, 4102, 404, 127, 127, 127
L 4305, 4096, 407, 4308, 4099, 406, 127, 127, 127
L 4303, 4094, 408, 4305, 4096, 407, 127, 127, 127
L 4300, 4093, 409, 4303, 4094, 408, 127, 127, 127
L 4298, 4094, 409, 4300, 4093, 409, 127, 127, 127
L 4295, 4095, 410, 4298, 4094, 409, 127, 127, 127
L 4292, 4095, 410, 4295, 4095, 410, 127, 127, 127
L 4289, 4093, 411, 4292, 4095, 410, 127, 127, 127
L 4287, 4092, 411, 4289, 4093, 411, 127, 127, 127
L 4286, 4092, 411, 4287, 4092, 411, 127, 127, 127
L 4285, 4091, 412, 4286, 4092, 411, 127, 127, 127
L 4281, 4090, 412, 4285, 4091, 412, 127, 127, 127
L 4024, 4061, 402, 4026, 4154, 383, 127, 127, 127
L 4021, 4059, 401, 4119, 4059, 400, 127, 127, 127
L 4115, 4149, 393, 4120, 4059, 400, 127, 127, 127
L 4026, 4148, 380, 4115, 4150, 392, 127, 127, 127
L 2886, 3909, 383, 2913, 3913, 385, 127, 127, 127
L 2883, 3920, 384, 2886, 3909, 383, 127, 127, 127
L 2883, 3924, 384, 2883, 3920, 384, 127, 127, 127
L 2882, 3928, 384, 2883, 3924, 384, 127, 127, 127
L 2882, 3935, 384, 2882, 3928, 384, 127, 127, 127
L 2883, 3940, 385, 2882, 3935, 384, 127, 127, 127
L 2898, 3944, 385, 2883, 3940, 385, 127, 127, 127
L 2901, 3944, 385, 2898, 3944, 385, 127, 127, 127
L 2905, 3944, 384, 2901, 3944, 385, 127, 127, 127
L 2908, 3943, 384, 2905, 3944, 384, 127, 127, 127
L 2910, 3942, 384, 2908, 3943, 384, 127, 127, 127
L 2911, 3934, 383, 2910, 3942, 384, 127, 127, 127
L 2912, 3930, 383, 2911, 3934, 383, 127, 127, 127
L 2913, 3927, 383, 2912, 3930, 383, 127, 127, 127
L 2913, 3920, 384, 2913, 3927, 383, 127, 127, 127
L 2913, 3916, 384, 2913, 3920, 384, 127, 127, 127
L 2912, 3913, 384, 2913, 3916, 384, 127, 127, 127
L 2911, 3911, 384, 2912, 3913, 384, 127, 127, 127
L 2907, 3910, 384, 2911, 3911, 384, 127, 127, 127
L 3161, 3777, 344, 3157, 3783, 345, 127, 127, 127
L 3165, 3769, 344, 3161, 3777, 344, 127, 127, 127
L 3171, 3751, 344, 3165, 3769, 344, 127, 127, 127
L 3172, 3749, 344, 3171, 3751, 344, 127, 127, 127
L 3171, 3745, 346, 3172, 3749, 344, 127, 127, 127
L 3171, 3742, 347, 3171, 3745, 346, 127, 127, 127
L 3169, 3739, 348, 3171, 3742, 347, 127, 127, 127
L 3166, 3735, 350, 3169, 3739, 348, 127, 127, 127
L 3164, 3734, 351, 3166, 3735, 350, 127, 127, 127
L 3162, 3730, 352, 3164, 3734, 351, 127, 127, 127
L 3159, 3727, 353, 3162, 3730, 352, 127, 127, 127
L 3157, 3724, 354, 3159, 3727, 353, 127, 127, 127
L 3154, 3722, 355, 3157, 3724, 354, 127, 127, 127
L 3149, 3721, 355, 3154, 3722, 355, 127, 127, 127
L 3144, 3722, 355, 3149, 3721, 355, 127, 127, 127
L 3142, 3721, 355, 3144, 3722, 355, 127, 127, 127
L 3141, 3721, 355, 3142, 3721, 355, 127, 127, 127
L 3138, 3720, 356, 3141, 3721, 355, 127, 127, 127
L 3135, 3717, 356, 3138, 3720, 356, 127, 127, 127
L 3127, 3713, 358, 3135, 3717, 356, 127, 127, 127
L 3123, 3712, 359, 3127, 3713, 358, 127, 127, 127
L 3118, 3711, 359, 3123, 3712, 359, 127, 127, 127
L 3114, 3710, 360, 3118, 3711, 359, 127, 127, 127
L 3105, 3709, 360, 3114, 3710, 360, 127, 127, 127
L 3097, 3709, 360, 3105, 3709, 360, 127, 127, 127
L 3089, 3711, 361, 3097, 3709, 360, 127, 127, 127
L 3085, 3712, 361, 3089, 3711, 361, 127, 127, 127
L 3082, 3713, 361, 3085, 3712, 361, 127, 127, 127
L 3080, 3714, 361, 3082, 3713, 361, 127, 127, 127
L 3080, 3716, 361, 3080, 3714, 361, 127, 127, 127
L 3079, 3717, 361, 3080, 3716, 361, 127, 127, 127
L 3079, 3718, 362, 3079, 3717, 361, 127, 127, 127
L 3078, 3719, 362, 3079, 3718, 362, 127, 127, 127
L 3071, 3731, 362, 3078, 3719, 362, 127, 127, 127
L 3066, 3739, 361, 3071, 3731, 362, 127, 127, 127
L 3055, 3756, 360, 3066, 3739, 361, 127, 127, 127
L 3054, 3759, 360, 3055, 3756, 360, 127, 127, 127
L 3053, 3760, 360, 3054, 3759, 360, 127, 127, 127
L 3052, 3766, 359, 3053, 3760, 360, 127, 127, 127
L 3051, 3771, 359, 3052, 3766, 359, 127, 127, 127
L 3050, 3775, 359, 3051, 3771, 359, 127, 127, 127
L 3050, 3780, 359, 3050, 3775, 359, 127, 127, 127
L 3051, 3783, 359, 3050, 3780, 359, 127, 127, 127
L 3052, 3798, 358, 3051, 3783, 359, 127, 127, 127
L 3052, 3802, 358, 3052, 3798, 358, 127, 127, 127
L 3053, 3808, 358, 3052, 3802, 358, 127, 127, 127
L 3053, 3810, 358, 3053, 3808, 358, 127, 127, 127
L 3054, 3816, 357, 3053, 3810, 358, 127, 127, 127
L 3055, 3820, 357, 3054, 3816, 357, 127, 127, 127
L 3057, 3823, 356, 3055, 3820, 357, 127, 127, 127
L 3059, 3826, 356, 3057, 3823, 356, 127, 127, 127
L 3061, 3829, 355, 3059, 3826, 356, 127, 127, 127
L 3063, 3830, 355, 3061, 3829, 355, 127, 127, 127
L 3065, 3833, 354, 3063, 3830, 355, 127, 127, 127
L 3066, 3837, 354, 3065, 3833, 354, 127, 127, 127
L 3068, 3841, 353, 3066, 3837, 354, 127, 127, 127
L 3069, 3845, 352, 3068, 3841, 353, 127, 127, 127
L 3072, 3849, 351, 3069, 3845, 352, 127, 127, 127
L 3074, 3852, 350, 3072, 3849, 351, 127, 127, 127
L 3077, 3855, 349, 3074, 3852, 350, 127, 127, 127
L 3080, 3858, 349, 3077, 3855, 349, 127, 127, 127
L 3083, 3860, 348, 3080, 3858, 349, 127, 127, 127
L 3086, 3861, 347, 3083, 3860, 348, 127, 127, 127
L 3088, 3861, 347, 3086, 3861, 347, 127, 127, 127
L 3091, 3862, 346, 3088, 3861, 347, 127, 127, 127
L 3094, 3865, 346, 3091, 3862, 346, 127, 127, 127
L 3095, 3866, 345, 3094, 3865, 346, 127, 127, 127
L 3105, 3866, 345, 3095, 3866, 345, 127, 127, 127
L 3111, 3865, 345, 3105, 3866, 345, 127, 127, 127
L 3115, 3864, 345, 3111, 3865, 345, 127, 127, 127
L 3119, 3863, 344, 3115, 3864, 345, 127, 127, 127
L 3123, 3861, 343, 3119, 3863, 344, 127, 127, 127
L 3126, 3860, 343, 3123, 3861, 343, 127, 127, 127
L 3131, 3856, 342, 3126, 3860, 343, 127, 127, 127
L 3134, 3854, 342, 3131, 3856, 342, 127, 127, 127
L 3160, 3846, 341, 3134, 3854, 342, 127, 127, 127
L 3167, 3845, 341, 3160, 3846, 341, 127, 127, 127
L 3170, 3844, 341, 3167, 3845, 341, 127, 127, 127
L 3172, 3844, 340, 3170, 3844, 341, 127, 127, 127
L 3181, 3838, 341, 3172, 3844, 340, 127, 127, 127
L 3187, 3832, 341, 3181, 3838, 341, 127, 127, 127
L 3189, 3829, 341, 3187, 3832, 341, 127, 127, 127
L 3191, 3825, 341, 3189, 3829, 341, 127, 127, 127
L 3192, 3821, 342, 3191, 3825, 341, 127, 127, 127
L 3192, 3815, 342, 3192, 3821, 342, 127, 127, 127
L 3188, 3811, 343, 3192, 3815, 342, 127, 127, 127
L 3182, 3806, 344, 3188, 3811, 343, 127, 127, 127
L 3181, 3803, 345, 3182, 3806, 344, 127, 127, 127
L 3181, 3802, 344, 3181, 3803, 345, 127, 127, 127
L 3179, 3800, 344, 3181, 3802, 344, 127, 127, 127
L 3176, 3799, 344, 3179, 3800, 344, 127, 127, 127
L 3170, 3790, 344, 3176, 3799, 344, 127, 127, 127
L 3168, 3788, 343, 3170, 3790, 344, 127, 127, 127
L 3166, 3786, 343, 3168, 3788, 343, 127, 127, 127
L 3163, 3786, 343, 3166, 3786, 343, 127, 127, 127
L 3162, 3786, 342, 3163, 3786, 343, 127, 127, 127
L 3160, 3784, 340, 3162, 3786, 342, 127, 127, 127
L 3524, 3250, 421, 3524, 3357, 419, 127, 127, 127
L 3536, 3250, 420, 3524, 3250, 421, 127, 127, 127
L 3534, 3357, 408, 3536, 3250, 421, 127, 127, 127
L 3523, 3354, 408, 3534, 3357, 407, 127, 127, 127
L 3351, 3394, 407, 3347, 3328, 408, 127, 127, 127
L 3347, 3391, 408, 3338, 3391, 408, 127, 127, 127
L 3343, 3332, 407, 3351, 3334, 408, 127, 127, 127
L 3340, 3394, 403, 3342, 3332, 408, 127, 127, 127
L 3890, 3669, 402, 3916, 3667, 403, 127, 127, 127
L 3880, 3623, 404, 3880, 3695, 403, 127, 127, 127
L 3888, 3661, 404, 3890, 3620, 403, 127, 127, 127
L 3910, 3655, 404, 3888, 3661, 404, 127, 127, 127
L 3913, 3667, 404, 3910, 3656, 405, 127, 127, 127
L 3888, 3695, 405, 3888, 3668, 403, 127, 127, 127
L 3875, 3693, 405, 3888, 3695, 405, 127, 127, 127
L 3889, 3620, 399, 3880, 3617, 400, 127, 127, 127
L 4194, 3482, 355, 4193, 3411, 357, 127, 127, 127
L 4200, 3482, 354, 4194, 3482, 356, 127, 127, 127
L 4200, 3410, 348, 4200, 3482, 354, 127, 127, 127
L 4194, 3411, 347, 4200, 3410, 348, 127, 127, 127
L 2348, 2292, 299, 3901, 2299, 299, 0, 0, 240
L 2190, 2336, 299, 2282, 2298, 299, 0, 0, 240
L 2113, 2367, 299, 2189, 2336, 299, 0, 0, 240
L 2048, 2394, 299, 2112, 2368, 299, 0, 0, 240
L 2002, 2459, 298, 2048, 2394, 299, 0, 0, 240
L 1970, 2767, 299, 2002, 2460, 297, 0, 0, 240
L 1959, 3000, 299, 1971, 2767, 299, 0, 0, 240
L 1957, 3197, 297, 1959, 3003, 299, 0, 0, 240
L 1963, 3509, 299, 1957, 3200, 298, 0, 0, 240
L 1969, 4334, 299, 1963, 3510, 299, 0, 0, 240
L 1975, 4707, 299, 1969, 4334, 299, 0, 0, 240
L 1974, 4684, 297, 1980, 4912, 297, 0, 0, 240
L 1981, 4956, 299, 1979, 4889, 294, 0, 0, 240
L 1981, 4943, 299, 1979, 5064, 300, 0, 0, 240
L 1977, 5117, 299, 1979, 5054, 300, 0, 0, 240
L 1975, 5225, 300, 1977, 5117, 300, 0, 0, 240
L 1980, 5420, 301, 1975, 5225, 301, 0, 0, 240
L 1999, 5631, 300, 1981, 5422, 301, 0, 0, 240
L 2004, 5683, 299, 1999, 5631, 299, 0, 0, 240
L 2006, 5707, 299, 2004, 5683, 300, 0, 0, 240
L 2008, 5728, 301, 2006, 5707, 300, 0, 0, 240
L 2008, 5730, 298, 2008, 5728, 300, 0, 0, 240
L 2024, 5736, 299, 2008, 5730, 299, 0, 0, 240
L 2609, 5745, 299, 2024, 5736, 299, 0, 0, 240
L 3752, 5736, 301, 2609, 5745, 299, 0, 0, 240
L 4542, 5721, 299, 3752, 5736, 300, 0, 0, 240
L 4666, 5711, 300, 4542, 5721, 299, 0, 0, 240
L 4881, 5683, 299, 4666, 5711, 300, 0, 0, 240
L 4970, 5671, 299, 4882, 5683, 300, 0, 0, 240
L 5087, 5633, 301, 4971, 5671, 300, 0, 0, 240
L 5150, 5610, 299, 5089, 5632, 301, 0, 0, 240
L 5226, 5529, 300, 5266, 5469, 299, 0, 0, 240
L 5145, 5612, 299, 5226, 5529, 301, 0, 0, 240
L 5141, 5579, 301, 5144, 5612, 300, 0, 0, 240
L 5202, 5544, 301, 5141, 5579, 300, 0, 0, 240
L 5262, 5475, 301, 5203, 5543, 301, 0, 0, 240
L 5300, 5417, 301, 5262, 5475, 301, 0, 0, 240
L 5310, 5403, 299, 5326, 5271, 300, 0, 0, 240
L 5309, 5404, 299, 5310, 5403, 301, 0, 0, 240
L 5308, 5405, 299, 5309, 5404, 299, 0, 0, 240
L 5306, 5406, 300, 5308, 5405, 299, 0, 0, 240
L 5301, 5405, 300, 5306, 5406, 300, 0, 0, 240
L 5299, 5404, 300, 5301, 5405, 300, 0, 0, 240
L 5297, 5404, 300, 5299, 5404, 300, 0, 0, 240
L 5296, 5402, 300, 5297, 5404, 300, 0, 0, 240
L 5296, 5397, 301, 5296, 5402, 300, 0, 0, 240
L 5298, 5367, 301, 5296, 5397, 301, 0, 0, 240
L 5300, 5352, 301, 5298, 5367, 301, 0, 0, 240
L 5300, 5348, 301, 5300, 5352, 301, 0, 0, 240
L 5301, 5344, 301, 5300, 5348, 301, 0, 0, 240
L 5302, 5339, 300, 5301, 5344, 301, 0, 0, 240
L 5306, 5331, 300, 5302, 5339, 300, 0, 0, 240
L 5317, 5306, 299, 5306, 5331, 300, 0, 0, 240
L 5322, 5293, 299, 5317, 5306, 299, 0, 0, 240
L 5323, 5289, 299, 5322, 5293, 299, 0, 0, 240
L 5324, 5285, 300, 5323, 5289, 299, 0, 0, 240
L 5329, 5241, 301, 5324, 5285, 300, 0, 0, 240
L 5331, 5229, 301, 5329, 5241, 301, 0, 0, 240
L 5337, 5174, 299, 5331, 5229, 301, 0, 0, 240
L 5339, 5160, 300, 5337, 5174, 299, 0, 0, 240
L 5339, 5158, 300, 5339, 5160, 300, 0, 0, 240
L 5340, 5156, 301, 5339, 5158, 300, 0, 0, 240
L 5343, 3560, 292, 5340, 5156, 299, 0, 0, 240
L 5356, 3442, 309, 5343, 3560, 292, 0, 0, 240
L 5356, 3485, 307, 5359, 2944, 308, 0, 0, 240
L 5360, 2781, 308, 5359, 2976, 309, 0, 0, 240
L 5360, 2679, 308, 5360, 2768, 307, 0, 0, 240
L 5314, 2580, 309, 5358, 2675, 309, 0, 0, 240
L 5268, 2479, 308, 5308, 2566, 309, 0, 0, 240
L 5121, 2368, 309, 5264, 2469, 309, 0, 0, 240
L 5032, 2319, 309, 5113, 2364, 309, 0, 0, 240
L 4872, 2330, 308, 5033, 2320, 309, 0, 0, 240
L 3843, 2299, 309, 4869, 2330, 307, 0, 0, 240
L 4197, 3379, 335, 4127, 3380, 334, 127, 127, 127
L 4194, 3388, 336, 4197, 3380, 334, 127, 127, 127
L 4123, 3387, 335, 4193, 3388, 336, 127, 127, 127
L 4125, 3380, 331, 4123, 3387, 334, 127, 127, 127
L 4117, 3356, 331, 4118, 3365, 329, 127, 127, 127
L 4126, 3357, 330, 4117, 3356, 330, 127, 127, 127
L 4128, 3363, 332, 4126, 3356, 332, 127, 127, 127
L 4116, 3363, 332, 4128, 3363, 332, 127, 127, 127
L 4125, 3342, 328, 4112, 3333, 327, 127, 127, 127
L 4132, 3336, 327, 4126, 3341, 328, 127, 127, 127
L 4122, 3328, 329, 4131, 3335, 328, 127, 127, 127
L 4117, 3334, 327, 4122, 3328, 329, 127, 127, 127
L 4087, 3325, 325, 4078, 3332, 327, 127, 127, 127
L 4090, 3330, 326, 4087, 3325, 325, 127, 127, 127
L 4083, 3340, 325, 4090, 3330, 325, 127, 127, 127
L 4078, 3333, 324, 4083, 3340, 326, 127, 127, 127
L 4037, 3370, 333, 4035, 3353, 331, 127, 127, 127
L 4100, 3365, 332, 4037, 3370, 333, 127, 127, 127
L 4096, 3354, 331, 4099, 3365, 331, 127, 127, 127
L 4038, 3358, 331, 4096, 3354, 332, 127, 127, 127
L 4091, 3312, 330, 4093, 3309, 331, 127, 127, 127
L 4090, 3313, 330, 4091, 3312, 330, 127, 127, 127
L 4083, 3314, 329, 4090, 3313, 330, 127, 127, 127
L 4082, 3314, 329, 4083, 3314, 329, 127, 127, 127
L 4081, 3310, 331, 4082, 3314, 329, 127, 127, 127
L 4080, 3307, 331, 4081, 3310, 331, 127, 127, 127
L 4080, 3306, 331, 4080, 3307, 331, 127, 127, 127
L 4081, 3305, 331, 4080, 3306, 331, 127, 127, 127
L 4083, 3305, 331, 4081, 3305, 331, 127, 127, 127
L 4082, 3303, 331, 4083, 3305, 331, 127, 127, 127
L 4088, 3303, 331, 4082, 3303, 331, 127, 127, 127
L 4089, 3302, 332, 4088, 3303, 331, 127, 127, 127
L 4090, 3305, 332, 4089, 3302, 332, 127, 127, 127
L 4052, 3089, 306, 4052, 3090, 306, 240, 127, 0
L 4054, 3089, 306, 4052, 3089, 306, 240, 127, 0
L 4055, 3090, 305, 4054, 3089, 306, 240, 127, 0
L 4056, 3090, 304, 4055, 3090, 305, 240, 127, 0
L 4057, 3088, 303, 4056, 3090, 304, 240, 127, 0
L 4057, 3079, 300, 4057, 3088, 303, 240, 127, 0
L 4057, 3078, 300, 4057, 3079, 300, 240, 127, 0
L 4055, 3073, 298, 4057, 3078, 300, 240, 127, 0
L 4053, 3069, 298, 4055, 3073, 298, 240, 127, 0
L 4046, 3062, 297, 4053, 3069, 298, 240, 127, 0
L 4041, 3057, 297, 4046, 3062, 297, 240, 127, 0
L 4039, 3056, 297, 4041, 3057, 297, 240, 127, 0
L 4034, 3054, 297, 4039, 3056, 297, 240, 127, 0
L 4033, 3053, 298, 4034, 3054, 297, 240, 127, 0
L 4027, 3062, 299, 4033, 3053, 298, 240, 127, 0
L 4027, 3065, 299, 4027, 3062, 299, 240, 127, 0
L 4028, 3067, 299, 4027, 3065, 299, 240, 127, 0
L 4029, 3068, 299, 4028, 3067, 299, 240, 127, 0
L 4030, 3071, 299, 4029, 3068, 299, 240, 127, 0
L 4034, 3076, 298, 4030, 3071, 299, 240, 127, 0
L 4041, 3083, 298, 4034, 3076, 298, 240, 127, 0
L 4043, 3084, 300, 4041, 3083, 298, 240, 127, 0
L 4049, 3087, 303, 4043, 3084, 300, 240, 127, 0
L 3995, 3126, 304, 3988, 3132, 304, 0, 0, 240
L 4007, 3115, 304, 3995, 3126, 304, 0, 0, 240
L 4069, 3062, 306, 4007, 3115, 304, 0, 0, 240
L 4078, 3055, 306, 4069, 3062, 306, 0, 0, 240
L 4083, 3051, 305, 4078, 3055, 306, 0, 0, 240
L 4088, 3047, 305, 4083, 3051, 305, 0, 0, 240
L 4094, 3044, 305, 4088, 3047, 305, 0, 0, 240
L 4100, 3040, 305, 4094, 3044, 305, 0, 0, 240
L 4106, 3037, 305, 4100, 3040, 305, 0, 0, 240
L 4113, 3035, 305, 4106, 3037, 305, 0, 0, 240
L 4120, 3033, 304, 4113, 3035, 305, 0, 0, 240
L 4140, 3030, 304, 4120, 3033, 304, 0, 0, 240
L 4167, 3027, 304, 4140, 3030, 304, 0, 0, 240
L 4174, 3027, 304, 4167, 3027, 304, 0, 0, 240
L 4181, 3026, 304, 4174, 3027, 304, 0, 0, 240
L 4189, 3027, 304, 4181, 3026, 304, 0, 0, 240
L 4196, 3027, 304, 4189, 3027, 304, 0, 0, 240
L 4246, 3033, 305, 4196, 3027, 304, 0, 0, 240
L 4278, 3035, 306, 4246, 3033, 305, 0, 0, 240
L 4295, 3038, 306, 4278, 3035, 306, 0, 0, 240
L 4301, 3040, 305, 4295, 3038, 306, 0, 0, 240
L 4307, 3042, 305, 4301, 3040, 305, 0, 0, 240
L 4359, 3074, 304, 4307, 3042, 305, 0, 0, 240
L 4370, 3081, 304, 4359, 3074, 304, 0, 0, 240
L 4384, 3092, 304, 4370, 3081, 304, 0, 0, 240
L 4388, 3096, 304, 4384, 3092, 304, 0, 0, 240
L 4413, 3119, 305, 4388, 3096, 304, 0, 0, 240
L 4417, 3122, 305, 4413, 3119, 305, 0, 0, 240
L 4432, 3134, 306, 4417, 3122, 305, 0, 0, 240
L 4437, 3138, 306, 4432, 3134, 306, 0, 0, 240
L 4445, 3145, 305, 4437, 3138, 306, 0, 0, 240
L 4449, 3149, 305, 4445, 3145, 305, 0, 0, 240
L 4453, 3154, 305, 4449, 3149, 305, 0, 0, 240
L 4455, 3157, 304, 4453, 3154, 305, 0, 0, 240
L 4457, 3160, 304, 4455, 3157, 304, 0, 0, 240
L 4459, 3164, 304, 4457, 3160, 304, 0, 0, 240
L 4461, 3172, 304, 4459, 3164, 304, 0, 0, 240
L 4462, 3177, 304, 4461, 3172, 304, 0, 0, 240
L 4463, 3187, 304, 4462, 3177, 304, 0, 0, 240
L 4464, 3192, 304, 4463, 3187, 304, 0, 0, 240
L 4464, 3229, 304, 4464, 3192, 304, 0, 0, 240
L 4464, 3235, 305, 4464, 3229, 304, 0, 0, 240
L 4461, 3259, 305, 4464, 3235, 305, 0, 0, 240
L 4456, 3289, 306, 4461, 3259, 305, 0, 0, 240
L 4452, 3307, 305, 4456, 3289, 306, 0, 0, 240
L 4434, 3359, 304, 4452, 3307, 305, 0, 0, 240
L 4430, 3371, 304, 4434, 3359, 304, 0, 0, 240
L 4427, 3376, 304, 4430, 3371, 304, 0, 0, 240
L 4419, 3392, 304, 4427, 3376, 304, 0, 0, 240
L 4414, 3401, 304, 4419, 3392, 304, 0, 0, 240
L 4412, 3405, 304, 4414, 3401, 304, 0, 0, 240
L 4385, 3442, 306, 4412, 3405, 304, 0, 0, 240
L 4379, 3450, 306, 4385, 3442, 306, 0, 0, 240
L 4375, 3455, 305, 4379, 3450, 306, 0, 0, 240
L 4369, 3460, 305, 4375, 3455, 305, 0, 0, 240
L 4351, 3475, 304, 4369, 3460, 305, 0, 0, 240
L 4310, 3505, 304, 4351, 3475, 304, 0, 0, 240
L 4288, 3522, 304, 4310, 3505, 304, 0, 0, 240
L 4278, 3530, 305, 4288, 3522, 304, 0, 0, 240
L 4256, 3551, 305, 4278, 3530, 305, 0, 0, 240
L 4249, 3559, 306, 4256, 3551, 305, 0, 0, 240
L 4245, 3564, 306, 4249, 3559, 306, 0, 0, 240
L 4241, 3568, 306, 4245, 3564, 306, 0, 0, 240
L 4238, 3573, 306, 4241, 3568, 306, 0, 0, 240
L 4231, 3583, 305, 4238, 3573, 306, 0, 0, 240
L 4221, 3601, 305, 4231, 3583, 305, 0, 0, 240
L 4218, 3605, 305, 4221, 3601, 305, 0, 0, 240
L 4215, 3610, 304, 4218, 3605, 305, 0, 0, 240
L 4207, 3618, 304, 4215, 3610, 304, 0, 0, 240
L 4193, 3631, 304, 4207, 3618, 304, 0, 0, 240
L 4182, 3639, 304, 4193, 3631, 304, 0, 0, 240
L 4177, 3643, 304, 4182, 3639, 304, 0, 0, 240
L 4160, 3655, 304, 4177, 3643, 304, 0, 0, 240
L 4111, 3685, 306, 4160, 3655, 304, 0, 0, 240
L 4102, 3691, 306, 4111, 3685, 306, 0, 0, 240
L 4097, 3695, 306, 4102, 3691, 306, 0, 0, 240
L 4089, 3703, 306, 4097, 3695, 306, 0, 0, 240
L 4081, 3712, 305, 4089, 3703, 306, 0, 0, 240
L 4070, 3726, 305, 4081, 3712, 305, 0, 0, 240
L 4067, 3731, 305, 4070, 3726, 305, 0, 0, 240
L 4063, 3737, 304, 4067, 3731, 305, 0, 0, 240
L 4052, 3759, 304, 4063, 3737, 304, 0, 0, 240
L 4049, 3764, 304, 4052, 3759, 304, 0, 0, 240
L 4033, 3786, 304, 4049, 3764, 304, 0, 0, 240
L 4026, 3795, 304, 4033, 3786, 304, 0, 0, 240
L 4017, 3804, 304, 4026, 3795, 304, 0, 0, 240
L 4012, 3808, 305, 4017, 3804, 304, 0, 0, 240
L 3988, 3823, 305, 4012, 3808, 305, 0, 0, 240
L 3982, 3826, 305, 3988, 3823, 305, 0, 0, 240
L 3975, 3829, 306, 3982, 3826, 305, 0, 0, 240
L 3968, 3831, 306, 3975, 3829, 306, 0, 0, 240
L 3954, 3833, 306, 3968, 3831, 306, 0, 0, 240
L 3925, 3833, 305, 3954, 3833, 306, 0, 0, 240
L 3918, 3833, 305, 3925, 3833, 305, 0, 0, 240
L 3911, 3834, 305, 3918, 3833, 305, 0, 0, 240
L 3904, 3836, 305, 3911, 3834, 305, 0, 0, 240
L 3892, 3839, 304, 3904, 3836, 305, 0, 0, 240
L 3863, 3848, 304, 3892, 3839, 304, 0, 0, 240
L 3853, 3852, 304, 3863, 3848, 304, 0, 0, 240
L 3849, 3855, 304, 3853, 3852, 304, 0, 0, 240
L 3844, 3857, 304, 3849, 3855, 304, 0, 0, 240
L 3841, 3860, 304, 3844, 3857, 304, 0, 0, 240
L 3837, 3863, 304, 3841, 3860, 304, 0, 0, 240
L 3823, 3878, 305, 3837, 3863, 304, 0, 0, 240
L 3816, 3886, 305, 3823, 3878, 305, 0, 0, 240
L 3814, 3888, 305, 3816, 3886, 305, 0, 0, 240
L 3812, 3891, 306, 3814, 3888, 305, 0, 0, 240
L 3810, 3893, 306, 3812, 3891, 306, 0, 0, 240
L 3809, 3895, 306, 3810, 3893, 306, 0, 0, 240
L 3808, 3898, 306, 3809, 3895, 306, 0, 0, 240
L 3808, 3902, 306, 3808, 3898, 306, 0, 0, 240
L 3809, 3904, 305, 3808, 3902, 306, 0, 0, 240
L 3810, 3906, 305, 3809, 3904, 305, 0, 0, 240
L 3813, 3909, 305, 3810, 3906, 305, 0, 0, 240
L 3819, 3911, 305, 3813, 3909, 305, 0, 0, 240
L 3825, 3912, 304, 3819, 3911, 305, 0, 0, 240
L 3851, 3905, 304, 3825, 3912, 304, 0, 0, 240
L 3867, 3905, 304, 3851, 3905, 304, 0, 0, 240
L 3872, 3906, 304, 3867, 3905, 304, 0, 0, 240
L 3878, 3908, 304, 3872, 3906, 304, 0, 0, 240
L 3883, 3910, 304, 3878, 3908, 304, 0, 0, 240
L 3897, 3916, 305, 3883, 3910, 304, 0, 0, 240
L 3902, 3918, 305, 3897, 3916, 305, 0, 0, 240
L 3906, 3919, 305, 3902, 3918, 305, 0, 0, 240
L 3911, 3920, 305, 3906, 3919, 305, 0, 0, 240
L 3915, 3920, 305, 3911, 3920, 305, 0, 0, 240
L 3919, 3920, 306, 3915, 3920, 305, 0, 0, 240
L 3923, 3919, 306, 3919, 3920, 306, 0, 0, 240
L 3927, 3917, 306, 3923, 3919, 306, 0, 0, 240
L 3932, 3916, 306, 3927, 3917, 306, 0, 0, 240
L 3951, 3907, 305, 3932, 3916, 306, 0, 0, 240
L 3956, 3906, 305, 3951, 3907, 305, 0, 0, 240
L 3965, 3903, 305, 3956, 3906, 305, 0, 0, 240
L 3976, 3900, 304, 3965, 3903, 305, 0, 0, 240
L 3994, 3897, 304, 3976, 3900, 304, 0, 0, 240
L 4063, 3893, 304, 3994, 3897, 304, 0, 0, 240
L 4070, 3892, 305, 4063, 3893, 304, 0, 0, 240
L 4107, 3885, 305, 4070, 3892, 305, 0, 0, 240
L 4143, 3877, 306, 4107, 3885, 305, 0, 0, 240
L 4157, 3873, 305, 4143, 3877, 306, 0, 0, 240
L 4184, 3864, 305, 4157, 3873, 305, 0, 0, 240
L 4191, 3862, 305, 4184, 3864, 305, 0, 0, 240
L 4225, 3847, 304, 4191, 3862, 305, 0, 0, 240
L 4236, 3843, 304, 4225, 3847, 304, 0, 0, 240
L 4246, 3839, 304, 4236, 3843, 304, 0, 0, 240
L 4269, 3834, 304, 4246, 3839, 304, 0, 0, 240
L 4277, 3834, 305, 4269, 3834, 304, 0, 0, 240
L 4281, 3834, 305, 4277, 3834, 305, 0, 0, 240
L 4289, 3835, 305, 4281, 3834, 305, 0, 0, 240
L 4296, 3836, 306, 4289, 3835, 305, 0, 0, 240
L 4304, 3838, 306, 4296, 3836, 306, 0, 0, 240
L 4308, 3840, 306, 4304, 3838, 306, 0, 0, 240
L 4313, 3842, 306, 4308, 3840, 306, 0, 0, 240
L 4317, 3845, 306, 4313, 3842, 306, 0, 0, 240
L 4326, 3851, 305, 4317, 3845, 306, 0, 0, 240
L 4335, 3858, 305, 4326, 3851, 305, 0, 0, 240
L 4362, 3882, 304, 4335, 3858, 305, 0, 0, 240
L 4371, 3891, 304, 4362, 3882, 304, 0, 0, 240
L 4376, 3897, 304, 4371, 3891, 304, 0, 0, 240
L 4388, 3912, 305, 4376, 3897, 304, 0, 0, 240
L 4395, 3921, 305, 4388, 3912, 305, 0, 0, 240
L 4400, 3927, 306, 4395, 3921, 305, 0, 0, 240
L 4405, 3935, 306, 4400, 3927, 306, 0, 0, 240
L 4412, 3945, 305, 4405, 3935, 306, 0, 0, 240
L 4413, 3948, 305, 4412, 3945, 305, 0, 0, 240
L 4415, 3951, 305, 4413, 3948, 305, 0, 0, 240
L 4416, 3955, 305, 4415, 3951, 305, 0, 0, 240
L 4419, 3963, 304, 4416, 3955, 305, 0, 0, 240
L 4422, 3980, 304, 4419, 3963, 304, 0, 0, 240
L 4424, 3995, 304, 4422, 3980, 304, 0, 0, 240
L 4424, 4025, 304, 4424, 3995, 304, 0, 0, 240
L 4421, 4090, 306, 4424, 4025, 304, 0, 0, 240
L 4420, 4108, 305, 4421, 4090, 306, 0, 0, 240
L 4419, 4129, 305, 4420, 4108, 305, 0, 0, 240
L 4418, 4153, 304, 4419, 4129, 305, 0, 0, 240
L 4418, 4157, 304, 4418, 4153, 304, 0, 0, 240
L 4416, 4167, 304, 4418, 4157, 304, 0, 0, 240
L 4414, 4171, 304, 4416, 4167, 304, 0, 0, 240
L 4412, 4176, 304, 4414, 4171, 304, 0, 0, 240
L 4406, 4186, 304, 4412, 4176, 304, 0, 0, 240
L 4401, 4197, 304, 4406, 4186, 304, 0, 0, 240
L 4397, 4202, 304, 4401, 4197, 304, 0, 0, 240
L 4394, 4207, 304, 4397, 4202, 304, 0, 0, 240
L 4390, 4212, 305, 4394, 4207, 304, 0, 0, 240
L 4377, 4227, 305, 4390, 4212, 305, 0, 0, 240
L 4367, 4238, 305, 4377, 4227, 305, 0, 0, 240
L 4362, 4243, 306, 4367, 4238, 305, 0, 0, 240
L 4339, 4262, 306, 4362, 4243, 306, 0, 0, 240
L 4328, 4271, 305, 4339, 4262, 306, 0, 0, 240
L 4322, 4275, 305, 4328, 4271, 305, 0, 0, 240
L 4316, 4280, 305, 4322, 4275, 305, 0, 0, 240
L 4310, 4283, 305, 4316, 4280, 305, 0, 0, 240
L 4297, 4290, 305, 4310, 4283, 305, 0, 0, 240
L 4283, 4296, 304, 4297, 4290, 305, 0, 0, 240
L 4269, 4302, 304, 4283, 4296, 304, 0, 0, 240
L 4227, 4314, 304, 4269, 4302, 304, 0, 0, 240
L 4213, 4320, 304, 4227, 4314, 304, 0, 0, 240
L 4161, 4347, 305, 4213, 4320, 304, 0, 0, 240
L 4110, 4377, 305, 4161, 4347, 305, 0, 0, 240
L 4097, 4385, 305, 4110, 4377, 305, 0, 0, 240
L 4077, 4394, 305, 4097, 4385, 305, 0, 0, 240
L 4064, 4400, 304, 4077, 4394, 305, 0, 0, 240
L 4050, 4405, 304, 4064, 4400, 304, 0, 0, 240
L 4022, 4414, 304, 4050, 4405, 304, 0, 0, 240
L 3930, 4442, 305, 4022, 4414, 304, 0, 0, 240
L 3896, 4455, 306, 3930, 4442, 305, 0, 0, 240
L 3889, 4457, 306, 3896, 4455, 306, 0, 0, 240
L 3882, 4459, 305, 3889, 4457, 306, 0, 0, 240
L 3861, 4462, 305, 3882, 4459, 305, 0, 0, 240
L 3841, 4464, 304, 3861, 4462, 305, 0, 0, 240
L 3811, 4467, 304, 3841, 4464, 304, 0, 0, 240
L 3806, 4467, 304, 3811, 4467, 304, 0, 0, 240
L 3796, 4469, 304, 3806, 4467, 304, 0, 0, 240
L 3786, 4472, 304, 3796, 4469, 304, 0, 0, 240
L 3782, 4473, 304, 3786, 4472, 304, 0, 0, 240
L 3778, 4475, 304, 3782, 4473, 304, 0, 0, 240
L 3771, 4479, 304, 3778, 4475, 304, 0, 0, 240
L 3764, 4483, 305, 3771, 4479, 304, 0, 0, 240
L 3758, 4487, 305, 3764, 4483, 305, 0, 0, 240
L 3754, 4491, 305, 3758, 4487, 305, 0, 0, 240
L 3752, 4493, 306, 3754, 4491, 305, 0, 0, 240
L 3750, 4495, 306, 3752, 4493, 306, 0, 0, 240
L 3750, 4498, 306, 3750, 4495, 306, 0, 0, 240
L 3749, 4500, 306, 3750, 4498, 306, 0, 0, 240
L 3750, 4503, 306, 3749, 4500, 306, 0, 0, 240
L 3750, 4505, 306, 3750, 4503, 306, 0, 0, 240
L 3752, 4508, 305, 3750, 4505, 306, 0, 0, 240
L 3754, 4510, 305, 3752, 4508, 305, 0, 0, 240
L 3756, 4513, 305, 3754, 4510, 305, 0, 0, 240
L 3759, 4515, 305, 3756, 4513, 305, 0, 0, 240
L 3762, 4518, 305, 3759, 4515, 305, 0, 0, 240
L 3774, 4524, 304, 3762, 4518, 305, 0, 0, 240
L 3782, 4530, 304, 3774, 4524, 304, 0, 0, 240
L 3786, 4534, 304, 3782, 4530, 304, 0, 0, 240
L 3789, 4538, 304, 3786, 4534, 304, 0, 0, 240
L 3791, 4544, 304, 3789, 4538, 304, 0, 0, 240
L 3794, 4550, 304, 3791, 4544, 304, 0, 0, 240
L 3795, 4556, 304, 3794, 4550, 304, 0, 0, 240
L 3797, 4562, 304, 3795, 4556, 304, 0, 0, 240
L 3801, 4591, 304, 3797, 4562, 304, 0, 0, 240
L 3805, 4635, 305, 3801, 4591, 304, 0, 0, 240
L 3806, 4642, 305, 3805, 4635, 305, 0, 0, 240
L 3811, 4671, 306, 3806, 4642, 305, 0, 0, 240
L 3812, 4678, 306, 3811, 4671, 306, 0, 0, 240
L 3812, 4686, 306, 3812, 4678, 306, 0, 0, 240
L 3814, 4737, 304, 3812, 4686, 306, 0, 0, 240
L 3815, 4752, 304, 3814, 4737, 304, 0, 0, 240
L 3817, 4759, 304, 3815, 4752, 304, 0, 0, 240
L 3818, 4766, 304, 3817, 4759, 304, 0, 0, 240
L 3822, 4780, 304, 3818, 4766, 304, 0, 0, 240
L 3829, 4801, 304, 3822, 4780, 304, 0, 0, 240
L 3832, 4807, 304, 3829, 4801, 304, 0, 0, 240
L 3852, 4852, 305, 3832, 4807, 304, 0, 0, 240
L 3856, 4863, 305, 3852, 4852, 305, 0, 0, 240
L 3858, 4868, 306, 3856, 4863, 305, 0, 0, 240
L 3860, 4873, 306, 3858, 4868, 306, 0, 0, 240
L 3863, 4891, 306, 3860, 4873, 306, 0, 0, 240
L 3865, 4903, 305, 3863, 4891, 306, 0, 0, 240
L 3866, 4909, 305, 3865, 4903, 305, 0, 0, 240
L 3869, 4956, 304, 3866, 4909, 305, 0, 0, 240
L 3870, 4960, 304, 3869, 4956, 304, 0, 0, 240
L 3873, 4979, 304, 3870, 4960, 304, 0, 0, 240
L 3875, 4986, 304, 3873, 4979, 304, 0, 0, 240
L 3879, 5001, 305, 3875, 4986, 304, 0, 0, 240
L 3880, 5008, 306, 3879, 5001, 305, 0, 0, 240
L 3880, 5013, 306, 3880, 5008, 306, 0, 0, 240
L 3881, 5016, 305, 3880, 5013, 306, 0, 0, 240
L 3881, 5018, 305, 3881, 5016, 305, 0, 0, 240
L 3882, 5022, 305, 3881, 5018, 305, 0, 0, 240
L 3882, 5024, 306, 3882, 5022, 305, 0, 0, 240
L 3882, 5037, 306, 3882, 5024, 306, 0, 0, 240
L 3881, 5044, 305, 3882, 5037, 306, 0, 0, 240
L 3878, 5056, 305, 3881, 5044, 305, 0, 0, 240
L 3876, 5061, 305, 3878, 5056, 305, 0, 0, 240
L 3873, 5065, 304, 3876, 5061, 305, 0, 0, 240
L 3871, 5069, 304, 3873, 5065, 304, 0, 0, 240
L 3864, 5078, 304, 3871, 5069, 304, 0, 0, 240
L 3857, 5086, 304, 3864, 5078, 304, 0, 0, 240
L 3853, 5091, 304, 3857, 5086, 304, 0, 0, 240
L 3849, 5095, 304, 3853, 5091, 304, 0, 0, 240
L 3843, 5099, 304, 3849, 5095, 304, 0, 0, 240
L 3838, 5102, 304, 3843, 5099, 304, 0, 0, 240
L 3832, 5106, 304, 3838, 5102, 304, 0, 0, 240
L 3779, 5131, 305, 3832, 5106, 304, 0, 0, 240
L 3759, 5142, 306, 3779, 5131, 305, 0, 0, 240
L 3727, 5160, 306, 3759, 5142, 306, 0, 0, 240
L 3715, 5168, 305, 3727, 5160, 306, 0, 0, 240
L 3709, 5172, 305, 3715, 5168, 305, 0, 0, 240
L 3674, 5199, 304, 3709, 5172, 305, 0, 0, 240
L 3643, 5220, 304, 3674, 5199, 304, 0, 0, 240
L 3626, 5234, 304, 3643, 5220, 304, 0, 0, 240
L 3605, 5254, 304, 3626, 5234, 304, 0, 0, 240
L 3600, 5259, 305, 3605, 5254, 304, 0, 0, 240
L 3588, 5267, 305, 3600, 5259, 305, 0, 0, 240
L 3582, 5270, 305, 3588, 5267, 305, 0, 0, 240
L 3575, 5273, 305, 3582, 5270, 305, 0, 0, 240
L 3568, 5275, 305, 3575, 5273, 305, 0, 0, 240
L 3561, 5277, 306, 3568, 5275, 305, 0, 0, 240
L 3554, 5279, 306, 3561, 5277, 306, 0, 0, 240
L 3539, 5280, 306, 3554, 5279, 306, 0, 0, 240
L 3532, 5279, 306, 3539, 5280, 306, 0, 0, 240
L 3525, 5277, 306, 3532, 5279, 306, 0, 0, 240
L 3518, 5275, 305, 3525, 5277, 306, 0, 0, 240
L 3504, 5271, 305, 3518, 5275, 305, 0, 0, 240
L 3477, 5261, 304, 3504, 5271, 305, 0, 0, 240
L 3456, 5252, 304, 3477, 5261, 304, 0, 0, 240
L 3428, 5242, 304, 3456, 5252, 304, 0, 0, 240
L 3408, 5232, 304, 3428, 5242, 304, 0, 0, 240
L 3396, 5225, 304, 3408, 5232, 304, 0, 0, 240
L 3390, 5221, 304, 3396, 5225, 304, 0, 0, 240
L 3366, 5204, 305, 3390, 5221, 304, 0, 0, 240
L 3360, 5200, 305, 3366, 5204, 305, 0, 0, 240
L 3354, 5197, 305, 3360, 5200, 305, 0, 0, 240
L 3347, 5196, 305, 3354, 5197, 305, 0, 0, 240
L 3340, 5195, 306, 3347, 5196, 305, 0, 0, 240
L 3333, 5196, 306, 3340, 5195, 306, 0, 0, 240
L 3326, 5198, 306, 3333, 5196, 306, 0, 0, 240
L 3320, 5201, 306, 3326, 5198, 306, 0, 0, 240
L 3314, 5206, 306, 3320, 5201, 306, 0, 0, 240
L 3308, 5210, 306, 3314, 5206, 306, 0, 0, 240
L 3303, 5216, 305, 3308, 5210, 306, 0, 0, 240
L 3298, 5221, 305, 3303, 5216, 305, 0, 0, 240
L 3284, 5238, 305, 3298, 5221, 305, 0, 0, 240
L 3279, 5243, 305, 3284, 5238, 305, 0, 0, 240
L 3274, 5248, 304, 3279, 5243, 305, 0, 0, 240
L 3268, 5253, 304, 3274, 5248, 304, 0, 0, 240
L 3262, 5256, 304, 3268, 5253, 304, 0, 0, 240
L 3255, 5259, 304, 3262, 5256, 304, 0, 0, 240
L 3241, 5263, 304, 3255, 5259, 304, 0, 0, 240
L 3234, 5264, 304, 3241, 5263, 304, 0, 0, 240
L 3190, 5266, 304, 3234, 5264, 304, 0, 0, 240
L 3175, 5268, 304, 3190, 5266, 304, 0, 0, 240
L 3117, 5279, 306, 3175, 5268, 304, 0, 0, 240
L 3102, 5281, 306, 3117, 5279, 306, 0, 0, 240
L 3073, 5284, 305, 3102, 5281, 306, 0, 0, 240
L 3036, 5286, 304, 3073, 5284, 305, 0, 0, 240
L 3014, 5286, 304, 3036, 5286, 304, 0, 0, 240
L 3007, 5285, 304, 3014, 5286, 304, 0, 0, 240
L 2978, 5279, 304, 3007, 5285, 304, 0, 0, 240
L 2964, 5275, 304, 2978, 5279, 304, 0, 0, 240
L 2957, 5272, 304, 2964, 5275, 304, 0, 0, 240
L 2951, 5268, 304, 2957, 5272, 304, 0, 0, 240
L 2926, 5253, 305, 2951, 5268, 304, 0, 0, 240
L 2914, 5245, 305, 2926, 5253, 305, 0, 0, 240
L 2902, 5236, 305, 2914, 5245, 305, 0, 0, 240
L 2896, 5231, 306, 2902, 5236, 305, 0, 0, 240
L 2886, 5221, 306, 2896, 5231, 306, 0, 0, 240
L 2881, 5215, 306, 2886, 5221, 306, 0, 0, 240
L 2873, 5203, 306, 2881, 5215, 306, 0, 0, 240
L 2869, 5197, 305, 2873, 5203, 306, 0, 0, 240
L 2866, 5190, 305, 2869, 5197, 305, 0, 0, 240
L 2863, 5184, 305, 2866, 5190, 305, 0, 0, 240
L 2860, 5177, 305, 2863, 5184, 305, 0, 0, 240
L 2855, 5163, 305, 2860, 5177, 305, 0, 0, 240
L 2853, 5156, 304, 2855, 5163, 305, 0, 0, 240
L 2851, 5149, 304, 2853, 5156, 304, 0, 0, 240
L 2845, 5105, 304, 2851, 5149, 304, 0, 0, 240
L 2837, 5016, 305, 2845, 5105, 304, 0, 0, 240
L 2835, 4965, 306, 2837, 5016, 305, 0, 0, 240
L 2835, 4936, 305, 2835, 4965, 306, 0, 0, 240
L 2836, 4906, 304, 2835, 4936, 305, 0, 0, 240
L 2841, 4854, 304, 2836, 4906, 304, 0, 0, 240
L 2843, 4840, 304, 2841, 4854, 304, 0, 0, 240
L 2845, 4833, 304, 2843, 4840, 304, 0, 0, 240
L 2857, 4783, 305, 2845, 4833, 304, 0, 0, 240
L 2862, 4768, 305, 2857, 4783, 305, 0, 0, 240
L 2871, 4741, 306, 2862, 4768, 305, 0, 0, 240
L 2873, 4734, 306, 2871, 4741, 306, 0, 0, 240
L 2875, 4726, 306, 2873, 4734, 306, 0, 0, 240
L 2876, 4719, 305, 2875, 4726, 306, 0, 0, 240
L 2877, 4712, 305, 2876, 4719, 305, 0, 0, 240
L 2878, 4675, 304, 2877, 4712, 305, 0, 0, 240
L 2877, 4667, 304, 2878, 4675, 304, 0, 0, 240
L 2875, 4638, 304, 2877, 4667, 304, 0, 0, 240
L 2875, 4623, 304, 2875, 4638, 304, 0, 0, 240
L 2877, 4609, 304, 2875, 4623, 304, 0, 0, 240
L 2883, 4588, 304, 2877, 4609, 304, 0, 0, 240
L 2889, 4574, 304, 2883, 4588, 304, 0, 0, 240
L 2922, 4508, 306, 2889, 4574, 304, 0, 0, 240
L 2932, 4488, 305, 2922, 4508, 306, 0, 0, 240
L 2935, 4482, 305, 2932, 4488, 305, 0, 0, 240
L 2952, 4433, 304, 2935, 4482, 305, 0, 0, 240
L 2957, 4419, 304, 2952, 4433, 304, 0, 0, 240
L 2959, 4412, 304, 2957, 4419, 304, 0, 0, 240
L 2962, 4397, 304, 2959, 4412, 304, 0, 0, 240
L 2966, 4368, 304, 2962, 4397, 304, 0, 0, 240
L 2969, 4331, 305, 2966, 4368, 304, 0, 0, 240
L 2970, 4324, 305, 2969, 4331, 305, 0, 0, 240
L 2976, 4295, 306, 2970, 4324, 305, 0, 0, 240
L 2979, 4281, 306, 2976, 4295, 306, 0, 0, 240
L 2988, 4253, 305, 2979, 4281, 306, 0, 0, 240
L 2998, 4218, 305, 2988, 4253, 305, 0, 0, 240
L 3000, 4211, 304, 2998, 4218, 305, 0, 0, 240
L 3002, 4198, 304, 3000, 4211, 304, 0, 0, 240
L 3002, 4179, 304, 3002, 4198, 304, 0, 0, 240
L 2998, 4167, 304, 3002, 4179, 304, 0, 0, 240
L 2994, 4162, 304, 2998, 4167, 304, 0, 0, 240
L 2990, 4156, 304, 2994, 4162, 304, 0, 0, 240
L 2980, 4146, 304, 2990, 4156, 304, 0, 0, 240
L 2974, 4142, 304, 2980, 4146, 304, 0, 0, 240
L 2968, 4137, 304, 2974, 4142, 304, 0, 0, 240
L 2962, 4133, 304, 2968, 4137, 304, 0, 0, 240
L 2956, 4130, 305, 2962, 4133, 304, 0, 0, 240
L 2949, 4127, 305, 2956, 4130, 305, 0, 0, 240
L 2935, 4123, 305, 2949, 4127, 305, 0, 0, 240
L 2921, 4120, 305, 2935, 4123, 305, 0, 0, 240
L 2906, 4118, 306, 2921, 4120, 305, 0, 0, 240
L 2892, 4116, 306, 2906, 4118, 306, 0, 0, 240
L 2884, 4116, 306, 2892, 4116, 306, 0, 0, 240
L 2855, 4116, 305, 2884, 4116, 306, 0, 0, 240
L 2847, 4116, 305, 2855, 4116, 305, 0, 0, 240
L 2840, 4115, 305, 2847, 4116, 305, 0, 0, 240
L 2811, 4111, 304, 2840, 4115, 305, 0, 0, 240
L 2796, 4110, 304, 2811, 4111, 304, 0, 0, 240
L 2789, 4109, 304, 2796, 4110, 304, 0, 0, 240
L 2782, 4110, 304, 2789, 4109, 304, 0, 0, 240
L 2775, 4110, 304, 2782, 4110, 304, 0, 0, 240
L 2761, 4114, 304, 2775, 4110, 304, 0, 0, 240
L 2754, 4117, 304, 2761, 4114, 304, 0, 0, 240
L 2747, 4121, 304, 2754, 4117, 304, 0, 0, 240
L 2728, 4131, 304, 2747, 4121, 304, 0, 0, 240
L 2721, 4134, 305, 2728, 4131, 304, 0, 0, 240
L 2714, 4137, 305, 2721, 4134, 305, 0, 0, 240
L 2693, 4143, 305, 2714, 4137, 305, 0, 0, 240
L 2686, 4144, 305, 2693, 4143, 305, 0, 0, 240
L 2678, 4145, 306, 2686, 4144, 305, 0, 0, 240
L 2657, 4145, 306, 2678, 4145, 306, 0, 0, 240
L 2635, 4143, 305, 2657, 4145, 306, 0, 0, 240
L 2613, 4140, 305, 2635, 4143, 305, 0, 0, 240
L 2585, 4131, 304, 2613, 4140, 305, 0, 0, 240
L 2571, 4127, 304, 2585, 4131, 304, 0, 0, 240
L 2557, 4121, 304, 2571, 4127, 304, 0, 0, 240
L 2533, 4105, 304, 2557, 4121, 304, 0, 0, 240
L 2498, 4078, 305, 2533, 4105, 304, 0, 0, 240
L 2487, 4068, 305, 2498, 4078, 305, 0, 0, 240
L 2461, 4042, 306, 2487, 4068, 305, 0, 0, 240
L 2451, 4031, 306, 2461, 4042, 306, 0, 0, 240
L 2428, 4003, 305, 2451, 4031, 306, 0, 0, 240
L 2420, 3992, 305, 2428, 4003, 305, 0, 0, 240
L 2416, 3987, 305, 2420, 3992, 305, 0, 0, 240
L 2413, 3981, 304, 2416, 3987, 305, 0, 0, 240
L 2409, 3975, 304, 2413, 3981, 304, 0, 0, 240
L 2407, 3969, 304, 2409, 3975, 304, 0, 0, 240
L 2404, 3963, 304, 2407, 3969, 304, 0, 0, 240
L 2402, 3956, 304, 2404, 3963, 304, 0, 0, 240
L 2400, 3942, 304, 2402, 3956, 304, 0, 0, 240
L 2397, 3904, 304, 2400, 3942, 304, 0, 0, 240
L 2396, 3898, 304, 2397, 3904, 304, 0, 0, 240
L 2396, 3892, 304, 2396, 3898, 304, 0, 0, 240
L 2394, 3887, 305, 2396, 3892, 304, 0, 0, 240
L 2393, 3881, 305, 2394, 3887, 305, 0, 0, 240
L 2391, 3877, 305, 2393, 3881, 305, 0, 0, 240
L 2388, 3872, 305, 2391, 3877, 305, 0, 0, 240
L 2381, 3859, 306, 2388, 3872, 305, 0, 0, 240
L 2377, 3851, 306, 2381, 3859, 306, 0, 0, 240
L 2375, 3846, 306, 2377, 3851, 306, 0, 0, 240
L 2374, 3841, 306, 2375, 3846, 306, 0, 0, 240
L 2374, 3836, 306, 2374, 3841, 306, 0, 0, 240
L 2374, 3830, 305, 2374, 3836, 306, 0, 0, 240
L 2376, 3825, 305, 2374, 3830, 305, 0, 0, 240
L 2379, 3820, 305, 2376, 3825, 305, 0, 0, 240
L 2382, 3814, 305, 2379, 3820, 305, 0, 0, 240
L 2386, 3810, 305, 2382, 3814, 305, 0, 0, 240
L 2391, 3806, 305, 2386, 3810, 305, 0, 0, 240
L 2396, 3802, 304, 2391, 3806, 305, 0, 0, 240
L 2409, 3792, 304, 2396, 3802, 304, 0, 0, 240
L 2413, 3788, 304, 2409, 3792, 304, 0, 0, 240
L 2416, 3784, 304, 2413, 3788, 304, 0, 0, 240
L 2419, 3778, 304, 2416, 3784, 304, 0, 0, 240
L 2421, 3773, 304, 2419, 3778, 304, 0, 0, 240
L 2423, 3766, 304, 2421, 3773, 304, 0, 0, 240
L 2426, 3746, 304, 2423, 3766, 304, 0, 0, 240
L 2428, 3739, 304, 2426, 3746, 304, 0, 0, 240
L 2430, 3733, 304, 2428, 3739, 304, 0, 0, 240
L 2433, 3726, 304, 2430, 3733, 304, 0, 0, 240
L 2437, 3721, 305, 2433, 3726, 304, 0, 0, 240
L 2448, 3710, 305, 2437, 3721, 305, 0, 0, 240
L 2460, 3702, 305, 2448, 3710, 305, 0, 0, 240
L 2485, 3687, 306, 2460, 3702, 305, 0, 0, 240
L 2504, 3675, 306, 2485, 3687, 306, 0, 0, 240
L 2510, 3671, 305, 2504, 3675, 306, 0, 0, 240
L 2516, 3667, 305, 2510, 3671, 305, 0, 0, 240
L 2543, 3655, 305, 2516, 3667, 305, 0, 0, 240
L 2550, 3653, 304, 2543, 3655, 305, 0, 0, 240
L 2606, 3635, 304, 2550, 3653, 304, 0, 0, 240
L 2689, 3603, 305, 2606, 3635, 304, 0, 0, 240
L 2703, 3598, 306, 2689, 3603, 305, 0, 0, 240
L 2738, 3587, 305, 2703, 3598, 306, 0, 0, 240
L 2767, 3579, 305, 2738, 3587, 305, 0, 0, 240
L 2774, 3578, 305, 2767, 3579, 305, 0, 0, 240
L 2781, 3576, 304, 2774, 3578, 305, 0, 0, 240
L 2840, 3568, 304, 2781, 3576, 304, 0, 0, 240
L 2884, 3568, 304, 2840, 3568, 304, 0, 0, 240
L 2943, 3573, 306, 2884, 3568, 304, 0, 0, 240
L 2980, 3575, 305, 2943, 3573, 306, 0, 0, 240
L 2995, 3575, 305, 2980, 3575, 305, 0, 0, 240
L 3009, 3574, 305, 2995, 3575, 305, 0, 0, 240
L 3016, 3574, 305, 3009, 3574, 305, 0, 0, 240
L 3024, 3573, 304, 3016, 3574, 305, 0, 0, 240
L 3031, 3572, 304, 3024, 3573, 304, 0, 0, 240
L 3038, 3570, 304, 3031, 3572, 304, 0, 0, 240
L 3050, 3564, 304, 3038, 3570, 304, 0, 0, 240
L 3062, 3554, 304, 3050, 3564, 304, 0, 0, 240
L 3067, 3549, 304, 3062, 3554, 304, 0, 0, 240
L 3091, 3521, 304, 3067, 3549, 304, 0, 0, 240
L 3129, 3486, 305, 3091, 3521, 304, 0, 0, 240
L 3134, 3480, 305, 3129, 3486, 305, 0, 0, 240
L 3139, 3475, 306, 3134, 3480, 305, 0, 0, 240
L 3147, 3463, 306, 3139, 3475, 306, 0, 0, 240
L 3153, 3449, 306, 3147, 3463, 306, 0, 0, 240
L 3167, 3410, 305, 3153, 3449, 306, 0, 0, 240
L 3169, 3404, 305, 3167, 3410, 305, 0, 0, 240
L 3170, 3398, 304, 3169, 3404, 305, 0, 0, 240
L 3171, 3392, 304, 3170, 3398, 304, 0, 0, 240
L 3171, 3386, 304, 3171, 3392, 304, 0, 0, 240
L 3167, 3374, 304, 3171, 3386, 304, 0, 0, 240
L 3164, 3368, 304, 3167, 3374, 304, 0, 0, 240
L 3160, 3362, 304, 3164, 3368, 304, 0, 0, 240
L 3157, 3356, 304, 3160, 3362, 304, 0, 0, 240
L 3152, 3351, 304, 3157, 3356, 304, 0, 0, 240
L 3119, 3308, 305, 3152, 3351, 304, 0, 0, 240
L 3112, 3298, 305, 3119, 3308, 305, 0, 0, 240
L 3108, 3293, 305, 3112, 3298, 305, 0, 0, 240
L 3106, 3288, 305, 3108, 3293, 305, 0, 0, 240
L 3101, 3278, 306, 3106, 3288, 305, 0, 0, 240
L 3097, 3268, 306, 3101, 3278, 306, 0, 0, 240
L 3096, 3264, 306, 3097, 3268, 306, 0, 0, 240
L 3094, 3259, 306, 3096, 3264, 306, 0, 0, 240
L 3093, 3253, 305, 3094, 3259, 306, 0, 0, 240
L 3093, 3229, 305, 3093, 3253, 305, 0, 0, 240
L 3094, 3223, 305, 3093, 3229, 305, 0, 0, 240
L 3096, 3216, 304, 3094, 3223, 305, 0, 0, 240
L 3099, 3210, 304, 3096, 3216, 304, 0, 0, 240
L 3102, 3203, 304, 3099, 3210, 304, 0, 0, 240
L 3106, 3197, 304, 3102, 3203, 304, 0, 0, 240
L 3111, 3191, 304, 3106, 3197, 304, 0, 0, 240
L 3115, 3185, 304, 3111, 3191, 304, 0, 0, 240
L 3125, 3175, 304, 3115, 3185, 304, 0, 0, 240
L 3131, 3170, 304, 3125, 3175, 304, 0, 0, 240
L 3137, 3166, 304, 3131, 3170, 304, 0, 0, 240
L 3143, 3163, 304, 3137, 3166, 304, 0, 0, 240
L 3150, 3159, 304, 3143, 3163, 304, 0, 0, 240
L 3170, 3150, 304, 3150, 3159, 304, 0, 0, 240
L 3177, 3148, 305, 3170, 3150, 304, 0, 0, 240
L 3191, 3144, 305, 3177, 3148, 305, 0, 0, 240
L 3213, 3141, 305, 3191, 3144, 305, 0, 0, 240
L 3250, 3138, 306, 3213, 3141, 305, 0, 0, 240
L 3264, 3136, 305, 3250, 3138, 306, 0, 0, 240
L 3300, 3129, 305, 3264, 3136, 305, 0, 0, 240
L 3388, 3117, 304, 3300, 3129, 305, 0, 0, 240
L 3418, 3115, 305, 3388, 3117, 304, 0, 0, 240
L 3454, 3113, 305, 3418, 3115, 305, 0, 0, 240
L 3469, 3113, 306, 3454, 3113, 305, 0, 0, 240
L 3484, 3114, 306, 3469, 3113, 306, 0, 0, 240
L 3491, 3114, 306, 3484, 3114, 306, 0, 0, 240
L 3499, 3115, 306, 3491, 3114, 306, 0, 0, 240
L 3564, 3126, 304, 3499, 3115, 306, 0, 0, 240
L 3571, 3127, 304, 3564, 3126, 304, 0, 0, 240
L 3585, 3131, 304, 3571, 3127, 304, 0, 0, 240
L 3597, 3136, 304, 3585, 3131, 304, 0, 0, 240
L 3610, 3141, 304, 3597, 3136, 304, 0, 0, 240
L 3615, 3144, 304, 3610, 3141, 304, 0, 0, 240
L 3621, 3147, 304, 3615, 3144, 304, 0, 0, 240
L 3626, 3150, 304, 3621, 3147, 304, 0, 0, 240
L 3637, 3158, 304, 3626, 3150, 304, 0, 0, 240
L 3647, 3165, 305, 3637, 3158, 304, 0, 0, 240
L 3660, 3178, 305, 3647, 3165, 305, 0, 0, 240
L 3664, 3183, 306, 3660, 3178, 305, 0, 0, 240
L 3668, 3189, 306, 3664, 3183, 306, 0, 0, 240
L 3674, 3201, 306, 3668, 3189, 306, 0, 0, 240
L 3677, 3208, 306, 3674, 3201, 306, 0, 0, 240
L 3683, 3229, 306, 3677, 3208, 306, 0, 0, 240
L 3685, 3236, 305, 3683, 3229, 306, 0, 0, 240
L 3687, 3251, 305, 3685, 3236, 305, 0, 0, 240
L 3687, 3323, 304, 3687, 3251, 305, 0, 0, 240
L 3683, 3354, 304, 3687, 3323, 304, 0, 0, 240
L 3683, 3376, 305, 3683, 3354, 304, 0, 0, 240
L 3684, 3386, 305, 3683, 3376, 305, 0, 0, 240
L 3684, 3391, 305, 3684, 3386, 305, 0, 0, 240
L 3685, 3395, 306, 3684, 3391, 305, 0, 0, 240
L 3687, 3404, 306, 3685, 3395, 306, 0, 0, 240
L 3689, 3407, 306, 3687, 3404, 306, 0, 0, 240
L 3690, 3411, 306, 3689, 3407, 306, 0, 0, 240
L 3692, 3414, 306, 3690, 3411, 306, 0, 0, 240
L 3693, 3418, 306, 3692, 3414, 306, 0, 0, 240
L 3695, 3421, 306, 3693, 3418, 306, 0, 0, 240
L 3697, 3423, 305, 3695, 3421, 306, 0, 0, 240
L 3699, 3426, 305, 3697, 3423, 305, 0, 0, 240
L 3701, 3428, 305, 3699, 3426, 305, 0, 0, 240
L 3704, 3429, 305, 3701, 3428, 305, 0, 0, 240
L 3708, 3430, 305, 3704, 3429, 305, 0, 0, 240
L 3711, 3431, 304, 3708, 3430, 305, 0, 0, 240
L 3715, 3431, 304, 3711, 3431, 304, 0, 0, 240
L 3719, 3430, 304, 3715, 3431, 304, 0, 0, 240
L 3731, 3425, 304, 3719, 3430, 304, 0, 0, 240
L 3735, 3421, 304, 3731, 3425, 304, 0, 0, 240
L 3740, 3418, 304, 3735, 3421, 304, 0, 0, 240
L 3744, 3414, 304, 3740, 3418, 304, 0, 0, 240
L 3767, 3389, 304, 3744, 3414, 304, 0, 0, 240
L 3772, 3384, 304, 3767, 3389, 304, 0, 0, 240
L 3778, 3379, 304, 3772, 3384, 304, 0, 0, 240
L 3783, 3374, 305, 3778, 3379, 304, 0, 0, 240
L 3808, 3357, 305, 3783, 3374, 305, 0, 0, 240
L 3833, 3341, 306, 3808, 3357, 305, 0, 0, 240
L 3839, 3337, 306, 3833, 3341, 306, 0, 0, 240
L 3844, 3332, 306, 3839, 3337, 306, 0, 0, 240
L 3871, 3306, 305, 3844, 3332, 306, 0, 0, 240
L 3881, 3295, 305, 3871, 3306, 305, 0, 0, 240
L 3886, 3290, 304, 3881, 3295, 305, 0, 0, 240
L 3908, 3260, 304, 3886, 3290, 304, 0, 0, 240
L 3916, 3248, 304, 3908, 3260, 304, 0, 0, 240
L 3941, 3203, 304, 3916, 3248, 304, 0, 0, 240
L 3949, 3190, 305, 3941, 3203, 304, 0, 0, 240
L 3979, 3152, 306, 3949, 3190, 305, 0, 0, 240
L 4001, 3124, 305, 3979, 3152, 306, 0, 0, 240
L 4004, 3120, 305, 4001, 3124, 305, 0, 0, 240
