P -3657.0762, -1237.7466, -276.9153,  0, 0, 0,  3,  Fendlemend_Figlefop_(Quest)
P -3710.0198, -1594.5485, -192.5240,  0, 0, 0,  3,  Gull_Skytalon_(wanders)
P -7361.4297, -1150.3030, -268.0965,  0, 127, 0,  3,  Aquagoblin_Isles
P -7692.9893, 1438.2544, -223.7648,  0, 0, 0,  3,  Sanian_Shearsin_(Fishing_Supplies)
P 3125.4817, -2023.2057, -140.5028,  0, 0, 0,  3,  Toko_Binlittle
P 1149.4286, 1990.0983, -168.6295,  0, 127, 0,  3,  Goblin_Isle
P 1342.0935, 1882.0934, -230.5344,  0, 0, 0,  3,  Gubblegrot_Smashfist
P -7588.0864, 1308.7076, -294.3442,  0, 0, 0,  3,  Craven_Jonsbrow_(Fishing_Supplies)
P 8008.5757, -2554.5293, -281.8756,  0, 0, 0,  3,  Velanae_Marcynn
P 8256.5039, -2391.3892, -266.4990,  0, 0, 0,  3,  Elona_Tunbrin
P 8287.4873, -2396.4546, -266.6671,  0, 0, 0,  3,  Glendl_Vargnus
P 7653.5356, -2095.8535, -285.3296,  0, 0, 0,  3,  Melanae_Marcynn
P 7569.8818, -2156.9236, -284.1861,  0, 0, 0,  3,  Hugan_Tunbrin
P 7659.7856, -2262.7900, -287.3818,  0, 0, 0,  3,  Euboea_Delewyn_(wanders)
P 7658.8979, -2206.5171, -287.3818,  0, 0, 0,  3,  Tegea_Prendyn_(wanders)
P 7624.4341, -2351.0178, -283.7261,  0, 0, 0,  3,  Doran_Vargnus_(Armor_Merchant)
P 5797.3530, -2085.7173, -198.2369,  0, 0, 0,  3,  Elesseryl_Terussar_(Spell_Merchant)
P 3841.9917, -1859.9784, -214.2414,  0, 127, 0,  3,  Seafury_Isle
P 3588.0962, -2046.5962, -138.8006,  0, 0, 0,  3,  Dixl_Drool
P 3614.7722, -2021.9042, -140.4038,  0, 0, 0,  3,  a_buccaneer
P 3727.3982, -2261.7874, -181.2122,  0, 0, 0,  3,  Gornit_(wanders)
P 2993.6997, -2419.2273, -131.2409,  0, 0, 0,  3,  Captain_Surestout
P 2854.6453, -2325.1826, -139.4105,  0, 0, 0,  3,  The_Oblong_Bottle
P 3030.1909, -1912.3595, -183.6740,  0, 0, 0,  3,  Boog_Mudtoe
P 7967.2041, -2554.9468, -281.6262,  0, 0, 0,  3,  Antinime
P 8032.7656, -2222.6775, -232.4815,  0, 0, 0,  3,  Kaeylie_Prendyn
P 7851.2212, -1956.7527, -200.5027,  0, 0, 0,  3,  Styria_Fearnon_(wanders)
P 7817.3750, -1955.6318, -199.5267,  0, 0, 0,  3,  Vaelinia_Dalwynn
P 7896.2085, -1556.8199, -279.9813,  0, 127, 0,  3,  Dock
P 8170.9375, -2490.1799, -274.5484,  0, 0, 0,  3,  Dayle_Jornin_(wanders)
P 7958.3516, -2302.7607, -232.6566,  0, 127, 0,  3,  Sisters_of_Erollisi_Isle
P 7468.9756, 338.1849, -297.1932,  0, 0, 0,  3,  Secaldru_Zandar
P 7535.6221, -103.3582, -299.4221,  0, 0, 0,  3,  Festering_Greysong_Pirate
P 6731.5132, 32.2832, -200.9261,  0, 0, 0,  3,  Assistant_Jeyular
P 6732.1763, 18.9068, -202.9778,  0, 0, 0,  3,  Oracle_of_K`Arnon
P 6756.1807, 17.2498, -208.0031,  0, 0, 0,  3,  Guardian_of_K`Arnon
P 7895.1016, -1567.1763, -322.4208,  0, 0, 0,  3,  A_Strongbox
P -7002.8857, -2042.2262, -374.8717,  0, 0, 0,  3,  Nerbilik
P -7798.8125, 1566.9944, -120.4947,  0, 0, 0,  3,  Seplawishni_Bladeblight
P 2962.4773, -2491.7998, -132.0077,  0, 0, 0,  3,  Goob_Mudtoe
P 5306.1797, -2445.9932, -107.2311,  0, 0, 0,  3,  Gellmana_Sunara
P 5805.3320, -2263.7644, -86.4041,  0, 0, 0,  3,  Moad_Delangan
P 7662.9966, -2234.7705, -284.9098,  0, 0, 0,  3,  Laeviniia_Sortellin
P 5639.8760, -2264.2009, -174.4864,  240, 0, 0,  3,  Gobby_Island
P 3291.6602, -1536.0712, -287.6760,  0, 0, 240,  2,  Druid_Ring
P 4846.4468, 66.0420, -127.8826,  240, 0, 0,  3,  Undead_Island
P 7129.6460, 68.7197, -229.5332,  240, 0, 0,  3,  More_Gobbies
P -2036.2789, -141.4679, -302.6310,  240, 0, 0,  3,  Sirens'_Pass
P -7354.1763, -1352.8481, -289.5753,  240, 0, 0,  3,  The_Koada'Dal_Tear
P 7558.6685, -81.9253, -288.1550,  127, 0, 0,  3,  Ship_Debris
P 7558.6685, -81.9253, -287.3883,  127, 0, 0,  3,  Rotting_Greysong_Pirates
P 5089.2739, 59.6215, -198.6837,  0, 0, 0,  3,  Spectres_and_Skellies
P 5796.8945, -2085.7786, -197.5900,  0, 0, 0,  3,  Spell_Merchant
P 3538.1194, -2096.1226, -140.4732,  0, 0, 0,  3,  Pirates
P 2799.7229, -1704.4055, -283.2132,  0, 0, 0,  3,  Seafury_Cyclops
P 705.2027, 2195.9922, -283.1409,  0, 0, 0,  3,  Alliz?
P -2072.2368, 337.9704, -261.7046,  0, 0, 0,  3,  Aqua_Goblins
P -1995.0105, -662.7795, -196.6030,  0, 0, 0,  3,  Marrey_McGrannel
P -3730.4031, -1328.3745, -182.0729,  0, 0, 0,  3,  Aviaks_and_Gnomes
P -6993.7808, -1255.8309, -269.9550,  0, 0, 0,  3,  Aqua_Goblin_Isles
P -7591.2202, 1318.1846, -293.1146,  0, 0, 0,  3,  Fishing
P 7042.0996, -202.6736, -259.8550,  0, 0, 0,  3,  Goblins
P 787.2010, 1599.3651, -294.4609,  0, 0, 0,  3,  Nyuae_the_Cruel
P -2108.2324, -492.8351, -211.1293,  0, 0, 0,  3,  Aqua_Goblins
P -7858.2725, -925.1143, -235.5312,  0, 0, 0,  3,  Sirens
P -7491.8477, 1281.1433, -283.6443,  0, 0, 0,  3,  Dock
P 5299.3652, -2113.6021, -289.4149,  0, 0, 0,  3,  Goblins
P -4096.1313, -1548.6010, -69.7446,  0, 0, 0,  3,  Raotin_Teawel
P -3986.0764, -1454.4005, -73.9411,  0, 127, 0,  3,  Aviak_Island
P 7925.0000, -1610.0000, -293.9167,  240, 240, 0,  3,  Succor_Point
P 7551.5220, -88.1093, -294.1394,  0, 0, 0,  3,  Greysong_Ship_Debris
P 4772.9287, -157.2090, -197.5057,  0, 0, 0,  3,  Sentry_Xyrin
P 5799.4150, -2081.3672, -198.4868,  0, 0, 0,  3,  Ancients'_Island
P 4886.9990, 87.5783, -104.9536,  0, 0, 0,  3,  Island_of_the_Dead
P -7269.6245, -1386.1179, -302.4166,  0, 0, 0,  3,  Aqua_Goblin_Galapogus
P -7837.5166, 1426.3647, -114.5969,  0, 0, 0,  3,  Fisher's_Island_(Docks)
P -2014.0490, -124.8636, -293.9761,  0, 0, 0,  3,  Siren's_Gate
P 1034.3646, 2007.1901, -213.8731,  0, 0, 0,  3,  Elite_Isle_Goblin_Island
P 7074.3970, 3.1672, -221.3142,  0, 0, 0,  3,  Oracle_Island_(Beware!__Lvl_76-78_Skellies)
P -3979.0044, -1539.2076, -77.1639,  0, 0, 0,  3,  Aviak_Island
P -3613.8230, 2668.2878, -287.9967,  240, 0, 0,  3,  Butcherblock_Route
P 711.1457, -392.9218, -287.9885,  240, 0, 0,  3,  Freeport_Route
P 3041.7896, -1548.3594, -295.8632,  0, 0, 0,  3,  Seafury_Cyclops
P 6972.6719, 44.1680, -262.2541,  0, 0, 0,  3,  Isla_goblins
P 8022.8823, -2215.5510, -232.8420,  0, 0, 0,  1,  Larisa_Gelrith
P 7953.8345, -2124.9744, -235.0250,  0, 0, 0,  1,  Rope_Bridge
P 7999.8223, -1987.4987, -199.9560,  0, 0, 0,  1,  Phalcoa_Neldarin
P 8003.8286, -1985.3647, -199.9560,  0, 0, 0,  1,  Jaelinia_Dalwynn
P 7822.4087, -1972.6669, -199.9246,  0, 0, 0,  1,  Cleonae_Kalen_(merchant)
P 7898.9263, -1560.4114, -280.3242,  0, 0, 0,  1,  Boat_Dock
P -7873.1587, 1485.2180, -160.9831,  0, 0, 0,  1,  Donoven_Blurr
P -7825.4331, 1263.8779, -255.3242,  0, 0, 0,  1,  Valaryn_Elben
P -7670.3496, 1461.6409, -224.1788,  0, 0, 0,  1,  Ran_Aldorne
P -7675.5020, 1476.3981, -224.2028,  0, 0, 0,  1,  Lorna_Shearsin
P -7576.1514, 1353.8324, -295.0005,  0, 0, 0,  1,  Dunvan_Mercwinn
P -7590.0591, 1334.0085, -295.0121,  0, 0, 0,  1,  Endan_Halsom_(merchant)
P -7465.7383, 1259.7612, -280.2345,  0, 0, 0,  1,  Boat_Dock
P -2028.5348, 138.9302, -289.7613,  0, 0, 0,  1,  Alluring_sirens
P -1946.6571, -565.3845, 177.9853,  0, 0, 0,  1,  Aqua_goblins
P -3645.0933, -1299.8762, -288.3551,  0, 0, 0,  1,  Denken_Strongpick_(_quest_)
P -4000.5425, -1279.1024, -172.4252,  0, 0, 0,  1,  Kaiaren_(quest)
P 7869.9985, -2245.1663, -218.9854,  0, 0, 0,  2,  Talaniea_Derenell
P -7691.6860, 1440.0360, -224.3117,  0, 0, 0,  2,  Merchant
P -7592.3330, 1325.2108, -295.1518,  0, 0, 0,  2,  Merchants
P -7455.2554, 1245.0231, -279.9961,  0, 0, 0,  2,  Zachariah_Reigh
P -7043.7788, -692.0442, -278.2861,  0, 0, 0,  2,  Aqua_Goblins
P -2147.0183, -581.2787, -242.9929,  0, 0, 0,  2,  Aqua_Goblins
P -2053.8977, 165.1842, -297.6746,  0, 0, 0,  2,  Sirens
P 5153.6182, 133.0098, -200.9910,  0, 0, 0,  2,  Spectres
P 5531.2642, -168.7061, -299.5485,  0, 127, 0,  2,  Gargoyle_Island
P 3608.0081, -2052.3145, -139.6161,  0, 0, 0,  2,  Dixl_Drool
P 5800.0576, -2081.4771, -198.7417,  0, 0, 0,  2,  Merchant_Elesseryl_Terussar
P 3238.6863, -2691.4617, -296.0447,  0, 0, 240,  2,  Cyclops_Island
P 7894.3311, -1555.1652, -280.5086,  0, 0, 127,  2,  Dock_from_BB
P 5482.1030, -2286.1082, -155.3866,  0, 0, 0,  2,  Breecyll_Skene
