L 1070, -3482, 32, 1085, -3485, 49, 0, 0, 0
L 1055, -3475, 28, 1070, -3482, 32, 0, 0, 0
L 1046, -3469, 20, 1055, -3475, 28, 0, 0, 0
L 1044, -3466, 13, 1046, -3469, 20, 0, 0, 0
L 1035, -3449, 11, 1044, -3466, 13, 0, 0, 0
L 1061, -3344, 60, 1075, -3334, 73, 0, 0, 0
L 1042, -3355, 22, 1061, -3344, 60, 0, 0, 0
L 1031, -3361, 17, 1042, -3355, 22, 0, 0, 0
L 1026, -3368, 8, 1031, -3361, 17, 0, 0, 0
L 1020, -3400, 6, 1026, -3368, 8, 0, 0, 0
L 1015, -3401, 4, 1020, -3400, 6, 0, 0, 0
L 984, -3404, 2, 1015, -3401, 4, 0, 0, 0
L 987, -3425, 1, 984, -3404, 2, 0, 0, 0
L 1012, -3425, 5, 987, -3425, 1, 0, 0, 0
L 1020, -3433, 8, 1012, -3425, 5, 0, 0, 0
L 1031, -3438, 9, 1020, -3433, 8, 0, 0, 0
L 1041, -3456, 13, 1031, -3438, 9, 0, 0, 0
L -144, -727, 11, -103, -73, 10, 127, 127, 127
L -112, -904, 16, -144, -727, 11, 127, 127, 127
L -136, -968, 16, -112, -904, 16, 127, 127, 127
L -153, -985, 16, -136, -968, 16, 127, 127, 127
L -175, -1023, 15, -153, -985, 16, 127, 127, 127
L -196, -1038, 14, -175, -1023, 15, 127, 127, 127
L -203, -1052, 12, -196, -1038, 14, 127, 127, 127
L -256, -1111, 3, -203, -1052, 12, 127, 127, 127
L -301, -1324, 13, -256, -1111, 3, 127, 127, 127
L -441, -1524, 20, -301, -1324, 13, 127, 127, 127
L -443, -2132, 12, -441, -1524, 20, 127, 127, 127
L -321, -2400, 9, -443, -2132, 12, 127, 127, 127
L -162, -2481, 9, -321, -2400, 9, 127, 127, 127
L -133, -2512, 9, -162, -2481, 9, 127, 127, 127
L -109, -2865, 9, -133, -2512, 9, 127, 127, 127
L -115, -3268, 9, -109, -2865, 9, 127, 127, 127
L -185, -3489, 7, -115, -3268, 9, 127, 127, 127
L -386, -3562, 8, -185, -3489, 7, 127, 127, 127
L -421, -3612, 8, -386, -3562, 8, 127, 127, 127
L -418, -4045, 7, -421, -3612, 8, 127, 127, 127
L -267, -4498, 7, -418, -4045, 7, 127, 127, 127
L -265, -4693, 7, -267, -4498, 7, 127, 127, 127
L -269, -4708, 7, -265, -4693, 7, 127, 127, 127
L -293, -4739, 7, -269, -4708, 7, 127, 127, 127
L -304, -4770, 7, -293, -4739, 7, 127, 127, 127
L -273, -4773, 6, -304, -4770, 7, 127, 127, 127
L -233, -4825, 6, -273, -4773, 6, 127, 127, 127
L -207, -4830, 6, -233, -4825, 6, 127, 127, 127
L -198, -4827, 6, -207, -4830, 6, 127, 127, 127
L -182, -4812, 6, -198, -4827, 6, 127, 127, 127
L -248, -4457, 7, -182, -4812, 6, 127, 127, 127
L -333, -4171, 8, -248, -4457, 7, 127, 127, 127
L -383, -4102, 8, -333, -4171, 8, 127, 127, 127
L -395, -3703, 8, -383, -4102, 8, 127, 127, 127
L -366, -3592, 8, -395, -3703, 8, 127, 127, 127
L -232, -3535, 8, -366, -3592, 8, 127, 127, 127
L -141, -3482, 9, -232, -3535, 8, 127, 127, 127
L -89, -3310, 8, -141, -3482, 9, 127, 127, 127
L -92, -2936, 8, -89, -3310, 8, 127, 127, 127
L -80, -2871, 8, -92, -2936, 8, 127, 127, 127
L -104, -2482, 12, -80, -2871, 8, 127, 127, 127
L -141, -2440, 10, -104, -2482, 12, 127, 127, 127
L -233, -2404, 7, -141, -2440, 10, 127, 127, 127
L -287, -2374, 7, -233, -2404, 7, 127, 127, 127
L -387, -2144, 16, -287, -2374, 7, 127, 127, 127
L -403, -1664, 21, -387, -2144, 16, 127, 127, 127
L -418, -1630, 18, -403, -1664, 21, 127, 127, 127
L -408, -1531, 13, -418, -1630, 18, 127, 127, 127
L -400, -1503, 13, -408, -1531, 13, 127, 127, 127
L -289, -1379, 13, -400, -1503, 13, 127, 127, 127
L -217, -1180, 15, -289, -1379, 13, 127, 127, 127
L -158, -1060, 16, -217, -1180, 15, 127, 127, 127
L -146, -1051, 16, -158, -1060, 16, 127, 127, 127
L -81, -951, 11, -146, -1051, 16, 127, 127, 127
L -89, -588, 11, -81, -951, 11, 127, 127, 127
L -17, -538, 11, -89, -588, 11, 127, 127, 127
L 12, -482, 11, -17, -538, 11, 127, 127, 127
L 342, -481, 17, 12, -482, 11, 127, 127, 127
L 403, -506, 21, 342, -481, 17, 127, 127, 127
L 488, -745, 25, 403, -506, 21, 127, 127, 127
L 749, -1220, 32, 488, -745, 25, 127, 127, 127
L 1154, -1331, 33, 749, -1220, 32, 127, 127, 127
L 1180, -1321, 32, 1154, -1331, 33, 127, 127, 127
L 1734, -1332, 18, 1180, -1321, 32, 127, 127, 127
L 1870, -1376, 21, 1734, -1332, 18, 127, 127, 127
L 1840, -1288, 25, 1917, -1353, 23, 127, 127, 127
L 1146, -1272, 33, 1840, -1288, 25, 127, 127, 127
L 935, -1231, 25, 1146, -1272, 33, 127, 127, 127
L 823, -1220, 24, 935, -1231, 25, 127, 127, 127
L 750, -1166, 22, 823, -1220, 24, 127, 127, 127
L 649, -964, 22, 750, -1166, 22, 127, 127, 127
L 590, -889, 22, 649, -964, 22, 127, 127, 127
L 501, -668, 17, 590, -889, 22, 127, 127, 127
L 489, -591, 12, 501, -668, 17, 127, 127, 127
L 442, -509, 11, 489, -591, 12, 127, 127, 127
L 428, -468, 11, 442, -509, 11, 127, 127, 127
L 369, -428, 11, 428, -468, 11, 127, 127, 127
L 319, -438, 10, 369, -428, 11, 127, 127, 127
L 89, -447, 10, 319, -438, 10, 127, 127, 127
L -19, -442, 10, 89, -447, 10, 127, 127, 127
L -35, -434, 10, -19, -442, 10, 127, 127, 127
L -78, -386, 10, -35, -434, 10, 127, 127, 127
L -86, -128, 10, -78, -386, 10, 127, 127, 127
L 1199, -23, 95, 1198, -5, 97, 0, 0, 0
L 1200, -46, 78, 1199, -23, 95, 0, 0, 0
L 1195, -72, 65, 1200, -46, 78, 0, 0, 0
L 1166, -157, 66, 1195, -72, 65, 0, 0, 0
L 1161, -199, 68, 1166, -157, 66, 0, 0, 0
L 1166, -237, 71, 1161, -199, 68, 0, 0, 0
L 1168, -255, 63, 1166, -237, 71, 0, 0, 0
L 1183, -396, 70, 1168, -255, 63, 0, 0, 0
L 1180, -416, 73, 1183, -396, 70, 0, 0, 0
L 1176, -416, 73, 1180, -416, 73, 0, 0, 0
L 1176, -430, 80, 1176, -416, 73, 0, 0, 0
L 1156, -993, 97, 1176, -430, 80, 0, 0, 0
L 1155, -1020, 87, 1156, -993, 97, 0, 0, 0
L 1154, -1038, 86, 1155, -1020, 87, 0, 0, 0
L 1124, -1127, 87, 1154, -1038, 86, 0, 0, 0
L 1108, -1143, 87, 1124, -1127, 87, 0, 0, 0
L 1107, -1166, 87, 1108, -1143, 87, 0, 0, 0
L 1111, -1175, 87, 1107, -1166, 87, 0, 0, 0
L 1141, -1197, 82, 1111, -1175, 87, 0, 0, 0
L 1183, -1218, 67, 1141, -1197, 82, 0, 0, 0
L 1371, -1249, 56, 1183, -1218, 67, 0, 0, 0
L 1542, -1239, 42, 1371, -1249, 56, 0, 0, 0
L 1586, -1242, 47, 1542, -1239, 42, 0, 0, 0
L 1274, -1399, 123, 1608, -1361, 67, 0, 0, 0
L 1233, -1424, 130, 1274, -1399, 123, 0, 0, 0
L 1212, -1457, 135, 1233, -1424, 130, 0, 0, 0
L 1190, -1529, 136, 1212, -1457, 135, 0, 0, 0
L 1176, -1760, 160, 1190, -1529, 136, 0, 0, 0
L 1173, -1823, 125, 1176, -1760, 160, 0, 0, 0
L 1171, -1877, 124, 1173, -1823, 125, 0, 0, 0
L 1195, -2198, 164, 1171, -1877, 124, 0, 0, 0
L 1196, -2219, 161, 1195, -2198, 164, 0, 0, 0
L 1197, -2233, 154, 1196, -2219, 161, 0, 0, 0
L 1199, -2242, 141, 1197, -2233, 154, 0, 0, 0
L 1202, -2343, 153, 1199, -2242, 141, 0, 0, 0
L 1200, -2478, 158, 1202, -2343, 153, 0, 0, 0
L 1182, -2627, 118, 1200, -2478, 158, 0, 0, 0
L 1179, -2651, 106, 1182, -2627, 118, 0, 0, 0
L 1178, -2685, 103, 1179, -2651, 106, 0, 0, 0
L 1162, -2989, 129, 1178, -2685, 103, 0, 0, 0
L 1147, -3070, 131, 1162, -2989, 129, 0, 0, 0
L 1146, -3076, 133, 1147, -3070, 131, 0, 0, 0
L 1146, -3119, 135, 1146, -3076, 133, 0, 0, 0
L 1145, -3120, 132, 1146, -3119, 135, 0, 0, 0
L 1142, -3125, 131, 1145, -3120, 132, 0, 0, 0
L 1142, -3147, 127, 1142, -3125, 131, 0, 0, 0
L 1137, -3180, 110, 1142, -3147, 127, 0, 0, 0
L 1136, -3198, 93, 1137, -3180, 110, 0, 0, 0
L 1077, -3324, 100, 1136, -3198, 93, 0, 0, 0
L 1079, -3451, 98, 1077, -3324, 100, 0, 0, 0
L 1150, -3650, 109, 1079, -3451, 98, 0, 0, 0
L 1154, -4165, 132, 1150, -3650, 109, 0, 0, 0
L 1222, -4288, 140, 1154, -4165, 132, 0, 0, 0
L 1225, -4414, 143, 1222, -4288, 140, 0, 0, 0
L 1204, -4606, 136, 1225, -4414, 143, 0, 0, 0
L 1203, -4618, 129, 1204, -4606, 136, 0, 0, 0
L 1192, -4792, 119, 1203, -4618, 129, 0, 0, 0
L 1181, -4826, 118, 1192, -4792, 119, 0, 0, 0
L 1179, -4835, 114, 1181, -4826, 118, 0, 0, 0
L 1170, -4861, 113, 1179, -4835, 114, 0, 0, 0
L 1163, -4858, 102, 1170, -4861, 113, 0, 0, 0
L 1111, -4842, 78, 1163, -4858, 102, 0, 0, 0
L 1079, -4840, 77, 1111, -4842, 78, 0, 0, 0
L 939, -4876, 77, 1079, -4840, 77, 0, 0, 0
L 897, -4906, 77, 939, -4876, 77, 0, 0, 0
L 914, -4929, 77, 897, -4906, 77, 0, 0, 0
L 915, -4930, 79, 914, -4929, 77, 0, 0, 0
L 919, -4926, 79, 915, -4930, 79, 0, 0, 0
L 912, -4922, 79, 919, -4926, 79, 0, 0, 0
L 913, -4920, 79, 912, -4922, 79, 0, 0, 0
L 965, -4886, 81, 913, -4920, 79, 0, 0, 0
L 984, -4880, 82, 965, -4886, 81, 0, 0, 0
L 993, -4916, 85, 984, -4880, 82, 0, 0, 0
L 1033, -4909, 85, 993, -4916, 85, 0, 0, 0
L 1034, -4908, 85, 1033, -4909, 85, 0, 0, 0
L 1024, -4871, 85, 1034, -4908, 85, 0, 0, 0
L 1107, -4860, 104, 1024, -4871, 85, 0, 0, 0
L 1154, -4873, 121, 1107, -4860, 104, 0, 0, 0
L 1166, -4877, 132, 1154, -4873, 121, 0, 0, 0
L 1167, -4875, 133, 1166, -4877, 132, 0, 0, 0
L 1164, -4900, 133, 1167, -4875, 133, 0, 0, 0
L 1162, -4912, 136, 1164, -4900, 133, 0, 0, 0
L 1161, -4913, 134, 1162, -4912, 136, 0, 0, 0
L 1156, -4951, 123, 1161, -4913, 134, 0, 0, 0
L 1140, -5005, 131, 1156, -4951, 123, 0, 0, 0
L 1142, -5019, 127, 1140, -5005, 131, 0, 0, 0
L 1143, -5024, 122, 1142, -5019, 127, 0, 0, 0
L 1145, -5045, 122, 1143, -5024, 122, 0, 0, 0
L 1142, -5061, 115, 1145, -5045, 122, 0, 0, 0
L 1142, -5118, 121, 1142, -5061, 115, 0, 0, 0
L 1133, -5134, 122, 1142, -5118, 121, 0, 0, 0
L 1128, -5141, 119, 1133, -5134, 122, 0, 0, 0
L 1121, -5150, 119, 1128, -5141, 119, 0, 0, 0
L 1104, -5163, 117, 1121, -5150, 119, 0, 0, 0
L 1044, -5179, 123, 1104, -5163, 117, 0, 0, 0
L 874, -5184, 129, 1044, -5179, 123, 0, 0, 0
L 842, -5184, 122, 874, -5184, 129, 0, 0, 0
L 821, -5171, 114, 842, -5184, 122, 0, 0, 0
L 802, -5146, 101, 821, -5171, 114, 0, 0, 0
L 793, -5136, 86, 802, -5146, 101, 0, 0, 0
L 792, -5113, 79, 793, -5136, 86, 0, 0, 0
L 811, -5045, 79, 792, -5113, 79, 0, 0, 0
L 839, -5063, 79, 811, -5045, 79, 0, 0, 0
L 867, -5019, 79, 839, -5063, 79, 0, 0, 0
L 838, -4996, 79, 867, -5019, 79, 0, 0, 0
L 847, -4981, 79, 838, -4996, 79, 0, 0, 0
L 890, -4942, 79, 847, -4981, 79, 0, 0, 0
L 901, -4953, 79, 890, -4942, 79, 0, 0, 0
L 906, -4951, 79, 901, -4953, 79, 0, 0, 0
L 885, -4922, 79, 906, -4951, 79, 0, 0, 0
L 877, -4924, 80, 885, -4922, 79, 0, 0, 0
L 858, -4937, 80, 877, -4924, 80, 0, 0, 0
L 820, -4985, 81, 858, -4937, 80, 0, 0, 0
L 774, -5075, 90, 820, -4985, 81, 0, 0, 0
L 774, -5078, 91, 774, -5075, 90, 0, 0, 0
L 774, -5080, 90, 774, -5078, 91, 0, 0, 0
L 771, -5113, 98, 774, -5080, 90, 0, 0, 0
L 776, -5147, 108, 771, -5113, 98, 0, 0, 0
L 750, -5148, 112, 776, -5147, 108, 0, 0, 0
L 688, -5136, 139, 750, -5148, 112, 0, 0, 0
L 677, -5140, 139, 688, -5136, 139, 0, 0, 0
L 666, -5144, 135, 677, -5140, 139, 0, 0, 0
L 611, -5159, 133, 666, -5144, 135, 0, 0, 0
L 518, -5186, 147, 611, -5159, 133, 0, 0, 0
L 430, -5186, 152, 518, -5186, 147, 0, 0, 0
L 402, -5180, 150, 430, -5186, 152, 0, 0, 0
L 399, -5177, 145, 402, -5180, 150, 0, 0, 0
L 392, -5168, 143, 399, -5177, 145, 0, 0, 0
L 373, -5167, 141, 392, -5168, 143, 0, 0, 0
L 360, -5167, 136, 373, -5167, 141, 0, 0, 0
L 134, -5159, 120, 360, -5167, 136, 0, 0, 0
L 78, -5155, 123, 134, -5159, 120, 0, 0, 0
L 5, -5133, 136, 78, -5155, 123, 0, 0, 0
L -22, -5129, 138, 5, -5133, 136, 0, 0, 0
L -37, -5116, 104, -22, -5129, 138, 0, 0, 0
L -38, -5115, 104, -37, -5116, 104, 0, 0, 0
L -48, -5085, 36, -38, -5115, 104, 0, 0, 0
L -55, -5071, 24, -48, -5085, 36, 0, 0, 0
L -66, -5065, 22, -55, -5071, 24, 0, 0, 0
L -75, -5062, 16, -66, -5065, 22, 0, 0, 0
L -78, -5060, 10, -75, -5062, 16, 0, 0, 0
L -96, -5054, 10, -78, -5060, 10, 0, 0, 0
L -107, -5052, 7, -96, -5054, 10, 0, 0, 0
L -211, -5049, 7, -107, -5052, 7, 0, 0, 0
L -220, -5113, 11, -211, -5049, 7, 0, 0, 0
L -230, -5121, 12, -220, -5113, 11, 0, 0, 0
L -232, -5122, 6, -230, -5121, 12, 0, 0, 0
L -238, -5122, 6, -232, -5122, 6, 0, 0, 0
L -236, -5127, 6, -238, -5122, 6, 0, 0, 0
L -234, -5129, 3, -236, -5127, 6, 0, 0, 0
L -220, -5148, 4, -234, -5129, 3, 0, 0, 0
L -199, -5156, 4, -220, -5148, 4, 0, 0, 0
L -198, -5158, 3, -199, -5156, 4, 0, 0, 0
L -195, -5168, 4, -198, -5158, 3, 0, 0, 0
L -192, -5171, 4, -195, -5168, 4, 0, 0, 0
L -186, -5173, 4, -192, -5171, 4, 0, 0, 0
L -175, -5182, 4, -186, -5173, 4, 0, 0, 0
L -174, -5186, 4, -175, -5182, 4, 0, 0, 0
L -181, -5209, 4, -174, -5186, 4, 0, 0, 0
L -196, -5213, 2, -181, -5209, 4, 0, 0, 0
L -222, -5233, 2, -196, -5213, 2, 0, 0, 0
L -244, -5234, 2, -222, -5233, 2, 0, 0, 0
L -246, -5250, 2, -244, -5234, 2, 0, 0, 0
L -242, -5267, 2, -246, -5250, 2, 0, 0, 0
L -235, -5264, 2, -242, -5267, 2, 0, 0, 0
L -219, -5272, 2, -235, -5264, 2, 0, 0, 0
L -201, -5314, 3, -219, -5272, 2, 0, 0, 0
L -210, -5320, 5, -201, -5314, 3, 0, 0, 0
L -217, -5365, 10, -210, -5320, 5, 0, 0, 0
L -221, -5372, 11, -217, -5365, 10, 0, 0, 0
L -222, -5383, 7, -221, -5372, 11, 0, 0, 0
L -212, -5409, 7, -222, -5383, 7, 0, 0, 0
L -204, -5452, 7, -212, -5409, 7, 0, 0, 0
L -205, -5454, 7, -204, -5452, 7, 0, 0, 0
L -230, -5462, 7, -205, -5454, 7, 0, 0, 0
L -232, -5461, 7, -230, -5462, 7, 0, 0, 0
L -231, -5465, 7, -232, -5461, 7, 0, 0, 0
L -240, -5470, 6, -231, -5465, 7, 0, 0, 0
L -263, -5528, 4, -240, -5470, 6, 0, 0, 0
L -255, -5538, 4, -263, -5528, 4, 0, 0, 0
L -250, -5536, 4, -255, -5538, 4, 0, 0, 0
L -202, -5559, 5, -250, -5536, 4, 0, 0, 0
L -188, -5573, 5, -202, -5559, 5, 0, 0, 0
L -131, -5598, 9, -188, -5573, 5, 0, 0, 0
L -132, -5609, 10, -131, -5598, 9, 0, 0, 0
L -125, -5612, 10, -132, -5609, 10, 0, 0, 0
L -126, -5616, 11, -125, -5612, 10, 0, 0, 0
L -122, -5635, 13, -126, -5616, 11, 0, 0, 0
L -108, -5664, 16, -122, -5635, 13, 0, 0, 0
L -103, -5658, 16, -108, -5664, 16, 0, 0, 0
L -48, -5669, 20, -103, -5658, 16, 0, 0, 0
L 3, -5712, 26, -48, -5669, 20, 0, 0, 0
L 19, -5719, 29, 3, -5712, 26, 0, 0, 0
L 39, -5720, 35, 19, -5719, 29, 0, 0, 0
L 54, -5716, 39, 39, -5720, 35, 0, 0, 0
L 62, -5700, 43, 54, -5716, 39, 0, 0, 0
L 68, -5687, 42, 62, -5700, 43, 0, 0, 0
L 74, -5678, 32, 68, -5687, 42, 0, 0, 0
L 144, -5587, 40, 74, -5678, 32, 0, 0, 0
L 161, -5576, 40, 143, -5587, 40, 0, 0, 0
L 168, -5577, 41, 161, -5576, 40, 0, 0, 0
L 177, -5564, 43, 168, -5577, 41, 0, 0, 0
L 185, -5568, 25, 177, -5564, 43, 0, 0, 0
L 195, -5573, 26, 185, -5568, 25, 0, 0, 0
L 210, -5564, 27, 195, -5573, 26, 0, 0, 0
L 217, -5570, 27, 210, -5564, 27, 0, 0, 0
L 296, -5547, 38, 217, -5570, 27, 0, 0, 0
L 314, -5539, 36, 296, -5547, 38, 0, 0, 0
L 325, -5537, 31, 314, -5539, 36, 0, 0, 0
L 357, -5528, 27, 325, -5537, 31, 0, 0, 0
L 384, -5521, 32, 357, -5528, 27, 0, 0, 0
L 394, -5521, 31, 384, -5521, 32, 0, 0, 0
L 396, -5529, 16, 394, -5521, 31, 0, 0, 0
L 398, -5530, 16, 396, -5529, 16, 0, 0, 0
L 458, -5528, 28, 398, -5530, 16, 0, 0, 0
L 551, -5563, 55, 458, -5528, 28, 0, 0, 0
L 562, -5581, 58, 551, -5563, 55, 0, 0, 0
L 564, -5590, 54, 562, -5581, 58, 0, 0, 0
L 566, -5614, 52, 564, -5590, 54, 0, 0, 0
L 567, -5642, 55, 566, -5614, 52, 0, 0, 0
L 564, -5651, 48, 567, -5642, 55, 0, 0, 0
L 540, -5699, 56, 564, -5651, 48, 0, 0, 0
L 535, -5695, 57, 540, -5699, 56, 0, 0, 0
L 527, -5700, 63, 535, -5695, 57, 0, 0, 0
L 488, -5727, 68, 527, -5700, 63, 0, 0, 0
L 491, -5731, 68, 488, -5727, 68, 0, 0, 0
L 467, -5746, 69, 491, -5731, 68, 0, 0, 0
L 462, -5749, 60, 467, -5746, 69, 0, 0, 0
L 460, -5752, 60, 462, -5749, 60, 0, 0, 0
L 455, -5755, 46, 460, -5752, 60, 0, 0, 0
L 441, -5756, 28, 455, -5755, 46, 0, 0, 0
L 424, -5763, 17, 441, -5756, 28, 0, 0, 0
L 385, -5772, 20, 424, -5763, 17, 0, 0, 0
L 364, -5778, 28, 385, -5772, 20, 0, 0, 0
L 364, -5781, 29, 364, -5778, 28, 0, 0, 0
L 357, -5783, 34, 364, -5781, 29, 0, 0, 0
L 284, -5821, 46, 357, -5783, 34, 0, 0, 0
L 255, -5820, 51, 284, -5821, 46, 0, 0, 0
L 228, -5826, 56, 255, -5820, 51, 0, 0, 0
L 221, -5828, 51, 228, -5826, 56, 0, 0, 0
L 216, -5828, 51, 221, -5828, 51, 0, 0, 0
L 209, -5830, 48, 216, -5828, 51, 0, 0, 0
L 198, -5836, 49, 209, -5830, 48, 0, 0, 0
L 195, -5838, 46, 198, -5836, 49, 0, 0, 0
L 150, -5873, 51, 195, -5838, 46, 0, 0, 0
L 132, -5908, 53, 150, -5873, 51, 0, 0, 0
L 133, -5919, 55, 132, -5908, 53, 0, 0, 0
L 136, -5938, 53, 133, -5919, 55, 0, 0, 0
L 136, -5944, 50, 136, -5938, 53, 0, 0, 0
L 139, -5966, 52, 136, -5944, 50, 0, 0, 0
L 125, -5996, 56, 139, -5966, 52, 0, 0, 0
L 76, -6072, 69, 94, -6051, 63, 0, 0, 0
L 73, -6080, 69, 76, -6072, 69, 0, 0, 0
L 55, -6099, 66, 73, -6080, 69, 0, 0, 0
L 54, -6100, 64, 55, -6099, 66, 0, 0, 0
L 31, -6098, 45, 54, -6100, 64, 0, 0, 0
L 26, -6099, 45, 31, -6098, 45, 0, 0, 0
L 8, -6159, 51, 26, -6099, 45, 0, 0, 0
L 8, -6201, 43, 8, -6159, 51, 0, 0, 0
L 6, -6209, 36, 8, -6201, 43, 0, 0, 0
L 0, -6220, 36, 6, -6209, 36, 0, 0, 0
L -44, -6241, 38, 0, -6220, 36, 0, 0, 0
L -113, -6253, 40, -44, -6241, 38, 0, 0, 0
L -130, -6253, 35, -113, -6253, 40, 0, 0, 0
L -170, -6253, 40, -130, -6253, 35, 0, 0, 0
L -221, -6227, 42, -170, -6253, 40, 0, 0, 0
L -266, -6167, 42, -221, -6227, 42, 0, 0, 0
L -260, -6142, 42, -266, -6167, 42, 0, 0, 0
L -283, -6059, 45, -260, -6142, 42, 0, 0, 0
L -291, -6002, 45, -283, -6059, 45, 0, 0, 0
L -189, -5765, 34, -291, -6002, 45, 0, 0, 0
L -169, -5728, 15, -189, -5765, 34, 0, 0, 0
L -136, -5683, 13, -169, -5728, 15, 0, 0, 0
L -135, -5682, 11, -136, -5683, 13, 0, 0, 0
L -131, -5673, 10, -135, -5682, 11, 0, 0, 0
L -137, -5668, 10, -131, -5673, 10, 0, 0, 0
L -145, -5654, 10, -137, -5668, 10, 0, 0, 0
L -147, -5654, 10, -145, -5654, 10, 0, 0, 0
L -171, -5600, 10, -147, -5654, 10, 0, 0, 0
L -179, -5595, 8, -171, -5600, 10, 0, 0, 0
L -247, -5560, 9, -179, -5595, 8, 0, 0, 0
L -284, -5557, 9, -247, -5560, 9, 0, 0, 0
L -301, -5548, 8, -284, -5557, 9, 0, 0, 0
L -305, -5547, 5, -301, -5548, 8, 0, 0, 0
L -307, -5544, 5, -305, -5547, 5, 0, 0, 0
L -304, -5539, 5, -307, -5544, 5, 0, 0, 0
L -297, -5502, 8, -304, -5539, 5, 0, 0, 0
L -308, -5457, 6, -297, -5502, 8, 0, 0, 0
L -304, -5455, 6, -308, -5457, 6, 0, 0, 0
L -288, -5457, 7, -304, -5455, 6, 0, 0, 0
L -287, -5456, 7, -288, -5457, 7, 0, 0, 0
L -287, -5454, 7, -287, -5456, 7, 0, 0, 0
L -258, -5445, 5, -287, -5454, 7, 0, 0, 0
L -232, -5431, 6, -258, -5445, 5, 0, 0, 0
L -240, -5416, 7, -232, -5431, 6, 0, 0, 0
L -244, -5415, 8, -240, -5416, 7, 0, 0, 0
L -272, -5395, 12, -244, -5415, 8, 0, 0, 0
L -271, -5391, 13, -272, -5395, 12, 0, 0, 0
L -266, -5392, 12, -271, -5391, 13, 0, 0, 0
L -259, -5385, 12, -266, -5392, 12, 0, 0, 0
L -259, -5381, 12, -259, -5385, 12, 0, 0, 0
L -255, -5375, 8, -259, -5381, 12, 0, 0, 0
L -248, -5369, 8, -255, -5375, 8, 0, 0, 0
L -237, -5348, 11, -248, -5369, 8, 0, 0, 0
L -228, -5316, 8, -237, -5348, 11, 0, 0, 0
L -234, -5305, 8, -228, -5316, 8, 0, 0, 0
L -269, -5286, 6, -234, -5305, 8, 0, 0, 0
L -269, -5284, 4, -269, -5286, 6, 0, 0, 0
L -264, -5276, 4, -269, -5284, 4, 0, 0, 0
L -264, -5271, 5, -264, -5276, 4, 0, 0, 0
L -267, -5267, 5, -264, -5271, 5, 0, 0, 0
L -265, -5261, 4, -267, -5267, 5, 0, 0, 0
L -276, -5238, 4, -265, -5261, 4, 0, 0, 0
L -270, -5234, 4, -276, -5238, 4, 0, 0, 0
L -271, -5227, 4, -270, -5234, 4, 0, 0, 0
L -268, -5220, 3, -271, -5227, 4, 0, 0, 0
L -259, -5214, 2, -268, -5220, 3, 0, 0, 0
L -250, -5215, 1, -259, -5214, 2, 0, 0, 0
L -248, -5213, 0, -250, -5215, 1, 0, 0, 0
L -216, -5203, 0, -248, -5213, 0, 0, 0, 0
L -216, -5179, 11, -216, -5203, 0, 0, 0, 0
L -218, -5174, 9, -216, -5179, 11, 0, 0, 0
L -221, -5173, 8, -218, -5174, 9, 0, 0, 0
L -266, -5141, 8, -221, -5173, 8, 0, 0, 0
L -267, -5140, 5, -266, -5141, 8, 0, 0, 0
L -260, -5130, 2, -267, -5140, 5, 0, 0, 0
L -259, -5110, 4, -260, -5130, 2, 0, 0, 0
L -251, -5105, 6, -259, -5110, 4, 0, 0, 0
L -235, -5082, 10, -251, -5105, 6, 0, 0, 0
L -235, -5069, 11, -235, -5082, 10, 0, 0, 0
L -235, -5068, 15, -235, -5069, 11, 0, 0, 0
L -236, -5053, 22, -235, -5068, 15, 0, 0, 0
L -252, -5058, 23, -236, -5053, 22, 0, 0, 0
L -336, -5075, 65, -252, -5058, 23, 0, 0, 0
L -366, -5099, 87, -336, -5075, 65, 0, 0, 0
L -443, -5135, 119, -366, -5099, 87, 0, 0, 0
L -521, -5160, 132, -443, -5135, 119, 0, 0, 0
L -608, -5178, 144, -521, -5160, 132, 0, 0, 0
L -774, -5180, 166, -608, -5178, 144, 0, 0, 0
L -920, -5195, 181, -774, -5180, 166, 0, 0, 0
L -1021, -5188, 188, -920, -5195, 181, 0, 0, 0
L -1078, -5171, 191, -1021, -5188, 188, 0, 0, 0
L -1100, -5159, 192, -1078, -5171, 191, 0, 0, 0
L -1169, -5082, 189, -1100, -5159, 192, 0, 0, 0
L -1184, -4986, 195, -1169, -5082, 189, 0, 0, 0
L -1228, -4547, 137, -1184, -4986, 195, 0, 0, 0
L -1219, -4154, 130, -1228, -4547, 137, 0, 0, 0
L -1206, -3915, 155, -1219, -4154, 130, 0, 0, 0
L -1217, -3785, 156, -1206, -3915, 155, 0, 0, 0
L -1203, -3723, 154, -1217, -3785, 156, 0, 0, 0
L -1196, -3695, 145, -1203, -3723, 154, 0, 0, 0
L -1197, -3538, 155, -1196, -3695, 145, 0, 0, 0
L -1253, -3457, 147, -1197, -3538, 155, 0, 0, 0
L -1253, -3305, 138, -1253, -3457, 147, 0, 0, 0
L -1216, -2681, 124, -1253, -3305, 138, 0, 0, 0
L -1198, -2593, 121, -1216, -2681, 124, 0, 0, 0
L -1163, -2517, 122, -1198, -2593, 121, 0, 0, 0
L -1156, -2444, 120, -1163, -2517, 122, 0, 0, 0
L -1156, -2403, 102, -1156, -2444, 120, 0, 0, 0
L -1157, -2383, 99, -1156, -2403, 102, 0, 0, 0
L -1160, -2367, 100, -1157, -2383, 99, 0, 0, 0
L -1163, -2286, 87, -1160, -2367, 100, 0, 0, 0
L -1164, -2118, 92, -1163, -2286, 87, 0, 0, 0
L -1161, -1953, 69, -1164, -2118, 92, 0, 0, 0
L -1162, -1667, 87, -1161, -1953, 69, 0, 0, 0
L -1161, -1647, 81, -1162, -1667, 87, 0, 0, 0
L -1160, -1604, 77, -1161, -1647, 81, 0, 0, 0
L -1155, -1349, 118, -1160, -1604, 77, 0, 0, 0
L -1173, -1150, 156, -1155, -1349, 118, 0, 0, 0
L -1168, -1059, 159, -1173, -1150, 156, 0, 0, 0
L -1165, -1008, 142, -1168, -1059, 159, 0, 0, 0
L -1163, -977, 140, -1165, -1008, 142, 0, 0, 0
L -1151, -907, 119, -1163, -977, 140, 0, 0, 0
L -1152, -700, 115, -1151, -907, 119, 0, 0, 0
L -1141, -648, 116, -1152, -700, 115, 0, 0, 0
L -1140, -644, 121, -1141, -648, 116, 0, 0, 0
L -1139, -597, 120, -1140, -644, 121, 0, 0, 0
L -1144, -565, 115, -1139, -597, 120, 0, 0, 0
L -1147, -546, 104, -1144, -565, 115, 0, 0, 0
L -1147, -525, 98, -1147, -546, 104, 0, 0, 0
L -1153, -314, 102, -1147, -525, 98, 0, 0, 0
L 155, -2902, 93, 174, -2916, 93, 127, 127, 127
L 174, -2916, 93, 179, -2910, 92, 127, 127, 127
L 179, -2910, 92, 178, -2908, 93, 127, 127, 127
L 178, -2908, 93, 163, -2895, 93, 127, 127, 127
L 163, -2895, 93, 157, -2900, 94, 127, 127, 127
L 163, -2866, 93, 175, -2853, 94, 127, 127, 127
L 175, -2853, 94, 171, -2848, 93, 127, 127, 127
L 171, -2848, 94, 158, -2860, 92, 127, 127, 127
L 158, -2860, 93, 162, -2865, 93, 127, 127, 127
L 203, -2849, 92, 220, -2866, 93, 127, 127, 127
L 220, -2866, 94, 227, -2861, 93, 127, 127, 127
L 227, -2861, 93, 212, -2845, 92, 127, 127, 127
L 212, -2845, 93, 206, -2851, 93, 127, 127, 127
L -1019, -3529, -16, -1042, -3534, -17, 0, 0, 127
L -1042, -3534, -17, -1056, -3549, -18, 0, 0, 127
L -1056, -3549, -18, -1075, -3778, -20, 0, 0, 127
L -1075, -3778, -20, -1045, -3857, -19, 0, 0, 127
L -1045, -3857, -19, -1038, -3941, -21, 0, 0, 127
L -1038, -3941, -21, -1089, -4186, -21, 0, 0, 127
L -1089, -4186, -21, -1104, -4354, -19, 0, 0, 127
L -1104, -4354, -19, -1071, -4490, -19, 0, 0, 127
L -1071, -4490, -19, -992, -4570, -19, 0, 0, 127
L -992, -4570, -19, -892, -4632, -19, 0, 0, 127
L -892, -4632, -19, -877, -4651, -19, 0, 0, 127
L -877, -4651, -19, -877, -4658, -19, 0, 0, 127
L -877, -4658, -19, -880, -4659, -18, 0, 0, 127
L -880, -4659, -18, -889, -4660, -7, 0, 0, 127
L -889, -4660, -7, -858, -4702, -13, 0, 0, 127
L -858, -4702, -13, -805, -4755, -19, 0, 0, 127
L -805, -4755, -19, -760, -4771, -21, 0, 0, 127
L -760, -4771, -21, -721, -4783, -15, 0, 0, 127
L -721, -4783, -15, -683, -4790, -17, 0, 0, 127
L -683, -4790, -17, -660, -4786, -17, 0, 0, 127
L -660, -4786, -17, -638, -4771, -18, 0, 0, 127
L -638, -4771, -18, -628, -4744, -19, 0, 0, 127
L -628, -4744, -19, -632, -4736, -19, 0, 0, 127
L -632, -4736, -19, -636, -4733, -19, 0, 0, 127
L -636, -4733, -19, -634, -4682, -20, 0, 0, 127
L -634, -4682, -20, -641, -4652, -20, 0, 0, 127
L -641, -4652, -20, -746, -4530, -17, 0, 0, 127
L -746, -4530, -17, -775, -4506, -17, 0, 0, 127
L -775, -4506, -17, -791, -4487, -17, 0, 0, 127
L -791, -4487, -17, -823, -4430, -17, 0, 0, 127
L -823, -4430, -17, -902, -4357, -18, 0, 0, 127
L -902, -4357, -18, -943, -4329, -17, 0, 0, 127
L -943, -4329, -17, -976, -4295, -18, 0, 0, 127
L -976, -4295, -18, -987, -4245, -18, 0, 0, 127
L -987, -4245, -18, -950, -4134, -20, 0, 0, 127
L -950, -4134, -20, -941, -4070, -20, 0, 0, 127
L -941, -4070, -20, -971, -3946, -21, 0, 0, 127
L -971, -3946, -21, -959, -3933, -21, 0, 0, 127
L -959, -3933, -21, -944, -3905, -22, 0, 0, 127
L -944, -3905, -22, -942, -3899, -19, 0, 0, 127
L -942, -3899, -19, -938, -3841, -20, 0, 0, 127
L -938, -3841, -20, -946, -3808, -22, 0, 0, 127
L -946, -3808, -22, -954, -3803, -21, 0, 0, 127
L -954, -3803, -21, -1001, -3820, -20, 0, 0, 127
L -1001, -3820, -20, -1010, -3818, -18, 0, 0, 127
L -1010, -3818, -18, -1014, -3812, -18, 0, 0, 127
L -1014, -3812, -18, -1010, -3758, -19, 0, 0, 127
L -1010, -3758, -19, -999, -3749, -20, 0, 0, 127
L -999, -3749, -20, -978, -3719, -21, 0, 0, 127
L -978, -3719, -21, -971, -3700, -21, 0, 0, 127
L -971, -3700, -21, -976, -3583, -21, 0, 0, 127
L -976, -3583, -21, -1002, -3545, -21, 0, 0, 127
L -1002, -3545, -21, -1015, -3534, -20, 0, 0, 127
L -969, -3786, -12, -962, -3782, -12, 0, 0, 0
L -962, -3782, -12, -963, -3768, -12, 0, 0, 0
L -963, -3768, -12, -976, -3760, -12, 0, 0, 0
L -976, -3760, -12, -991, -3768, -12, 0, 0, 0
L -991, -3768, -12, -990, -3782, -12, 0, 0, 0
L -990, -3782, -12, -981, -3788, -11, 0, 0, 0
L 925, -5071, 103, 1032, -5169, 104, 0, 0, 0
L 1032, -5169, 104, 1127, -5064, 104, 0, 0, 0
L 1127, -5064, 104, 1027, -4970, 104, 0, 0, 0
L 1027, -4970, 104, 966, -5031, 104, 0, 0, 0
L 946, -5051, 104, 926, -5069, 104, 0, 0, 0
L 1035, -5101, 161, 1059, -5076, 161, 0, 127, 127
L 1059, -5076, 161, 1004, -5019, 161, 0, 127, 127
L 1004, -5019, 161, 979, -5045, 161, 0, 127, 127
L 979, -5045, 161, 1036, -5102, 161, 0, 127, 127
L 1021, -3441, 4, 1021, -3428, 5, 0, 127, 127
L 1021, -3428, 5, 1016, -3428, 6, 0, 127, 127
L 1016, -3428, 6, 1016, -3421, 7, 0, 127, 127
L 1016, -3421, 7, 1032, -3421, 7, 0, 127, 127
L 1032, -3421, 7, 1032, -3407, 7, 0, 127, 127
L 1032, -3407, 7, 1016, -3407, 7, 0, 127, 127
L 1016, -3407, 7, 1015, -3397, 7, 0, 127, 127
L 1015, -3397, 7, 1022, -3387, 7, 0, 127, 127
L 1022, -3387, 7, 1027, -3383, 11, 0, 127, 127
L 1027, -3383, 11, 1033, -3386, 13, 0, 127, 127
L 801, -1089, 43, 844, -1091, 41, 0, 127, 127
L 844, -1091, 41, 846, -1090, 41, 0, 127, 127
L 846, -1090, 41, 846, -1055, 39, 0, 127, 127
L 846, -1055, 39, 801, -1054, 38, 0, 127, 127
L 801, -1054, 38, 803, -1082, 37, 0, 127, 127
L 2079, -1504, 18, 2041, -1473, 19, 0, 0, 0
L 2041, -1473, 19, 2035, -1468, 23, 0, 0, 0
L 2035, -1468, 23, 1956, -1378, 24, 0, 0, 0
L 1956, -1378, 24, 1850, -1281, 20, 0, 0, 0
L 1850, -1281, 20, 1842, -1276, 24, 0, 0, 0
L 1842, -1276, 24, 1811, -1260, 24, 0, 0, 0
L 1811, -1260, 24, 1747, -1248, 24, 0, 0, 0
L 1747, -1248, 24, 1731, -1248, 42, 0, 0, 0
L 1731, -1248, 42, 1712, -1247, 51, 0, 0, 0
L 1712, -1247, 51, 1595, -1240, 45, 0, 0, 0
L 1591, -1354, 32, 1617, -1360, 31, 0, 0, 0
L 1617, -1360, 31, 1626, -1361, 36, 0, 0, 0
L 1626, -1361, 36, 1645, -1363, 38, 0, 0, 0
L 1645, -1363, 38, 1671, -1365, 58, 0, 0, 0
L 1671, -1365, 58, 1732, -1372, 61, 0, 0, 0
L 1732, -1372, 61, 1763, -1373, 71, 0, 0, 0
L 1763, -1373, 71, 1819, -1382, 78, 0, 0, 0
L 1819, -1382, 78, 1849, -1392, 71, 0, 0, 0
L 1849, -1392, 71, 1935, -1490, 41, 0, 0, 0
L 1935, -1490, 41, 1996, -1547, 26, 0, 0, 0
L 1996, -1547, 26, 2070, -1583, 17, 0, 0, 0
L 2070, -1583, 17, 2088, -1583, 16, 0, 0, 0
L 98, -6010, -2, 101, -6011, -1, 0, 0, 0
L 101, -6011, -1, 122, -6023, -2, 0, 127, 127
L 122, -6023, -2, 131, -6013, -1, 0, 127, 127
L 131, -6013, -1, 135, -6017, -2, 0, 127, 127
L 135, -6017, -2, 134, -6020, -2, 0, 127, 127
L 134, -6020, -2, 135, -6026, -3, 0, 127, 127
L 135, -6026, -3, 143, -6037, -1, 0, 127, 127
L 143, -6037, -1, 152, -6040, -1, 0, 127, 127
L 152, -6040, -1, 155, -6044, -3, 0, 127, 127
L 155, -6044, -3, 150, -6061, -3, 0, 127, 127
L 150, -6061, -3, 139, -6073, -2, 0, 127, 127
L 139, -6073, -2, 135, -6082, -3, 0, 127, 127
L 135, -6082, -3, 135, -6087, -2, 0, 127, 127
L 135, -6087, -2, 151, -6103, -2, 0, 127, 127
L 151, -6103, -2, 173, -6112, 0, 0, 127, 127
L 173, -6112, 0, 180, -6106, 2, 0, 127, 127
L 180, -6106, 2, 183, -6100, 3, 0, 127, 127
L 183, -6100, 3, 197, -6097, 9, 0, 127, 127
L 197, -6097, 9, 209, -6091, 9, 0, 127, 127
L 209, -6091, 9, 229, -6069, 9, 0, 127, 127
L 229, -6069, 9, 231, -6052, 9, 0, 127, 127
L 231, -6052, 9, 256, -6037, 11, 0, 127, 127
L 256, -6037, 11, 259, -6029, 12, 0, 127, 127
L 259, -6029, 12, 259, -6021, 12, 0, 127, 127
L 259, -6021, 12, 289, -5996, 17, 0, 127, 127
L 289, -5996, 17, 290, -5993, 17, 0, 127, 127
L 290, -5993, 17, 303, -5986, 17, 0, 127, 127
L 303, -5986, 17, 305, -5986, 21, 0, 127, 127
L 305, -5986, 21, 332, -5993, 15, 0, 127, 127
L 332, -5993, 15, 332, -6008, 16, 0, 127, 127
L 332, -6008, 16, 332, -6013, 15, 0, 127, 127
L 332, -6013, 15, 339, -6020, 13, 0, 127, 127
L 339, -6020, 13, 357, -6016, 13, 0, 127, 127
L 357, -6016, 13, 364, -5999, 14, 0, 127, 127
L 364, -5999, 14, 354, -5949, 15, 0, 127, 127
L 354, -5949, 15, 338, -5936, 16, 0, 127, 127
L 338, -5936, 16, 333, -5939, 17, 0, 127, 127
L 333, -5939, 17, 327, -5935, 16, 0, 127, 127
L 327, -5935, 16, 326, -5922, 16, 0, 127, 127
L 326, -5922, 16, 332, -5898, 16, 0, 127, 127
L 332, -5898, 16, 327, -5874, 19, 0, 127, 127
L 327, -5874, 19, 344, -5863, 21, 0, 127, 127
L 344, -5863, 21, 348, -5861, 25, 0, 127, 127
L 348, -5861, 25, 355, -5854, 24, 0, 127, 127
L 355, -5854, 24, 365, -5845, 16, 0, 127, 127
L 365, -5845, 16, 374, -5804, 17, 0, 127, 127
L 374, -5804, 17, 366, -5787, 17, 0, 127, 127
L 366, -5787, 17, 367, -5783, 17, 0, 127, 127
L 367, -5783, 17, 362, -5777, 17, 0, 127, 127
L 374, -5778, 20, 374, -5783, 18, 0, 127, 127
L 374, -5783, 18, 394, -5809, 16, 0, 127, 127
L 394, -5809, 16, 383, -5817, 17, 0, 127, 127
L 383, -5817, 17, 374, -5843, 16, 0, 127, 127
L 374, -5843, 16, 379, -5854, 16, 0, 127, 127
L 379, -5854, 16, 352, -5883, 17, 0, 127, 127
L 352, -5883, 17, 351, -5902, 16, 0, 127, 127
L 351, -5902, 16, 358, -5935, 16, 0, 127, 127
L 358, -5935, 16, 361, -5938, 15, 0, 127, 127
L 361, -5938, 15, 370, -5938, 15, 0, 127, 127
L 370, -5938, 15, 384, -5977, 16, 0, 127, 127
L 384, -5977, 16, 380, -6007, 15, 0, 127, 127
L 380, -6007, 15, 379, -6008, 18, 0, 127, 127
L 379, -6008, 18, 378, -6030, 23, 0, 127, 127
L 378, -6030, 23, 378, -6045, 16, 0, 127, 127
L 378, -6045, 16, 378, -6047, 14, 0, 127, 127
L 378, -6047, 14, 389, -6056, 13, 0, 127, 127
L 389, -6056, 13, 402, -6066, 21, 0, 127, 127
L 402, -6066, 21, 417, -6071, 32, 0, 127, 127
L 417, -6071, 32, 433, -6060, 39, 0, 127, 127
L 433, -6060, 39, 441, -6044, 40, 0, 127, 127
L 441, -6044, 40, 428, -6028, 42, 0, 127, 127
L 428, -6028, 42, 421, -6025, 42, 0, 127, 127
L 421, -6025, 42, 426, -6006, 40, 0, 127, 127
L 426, -6006, 40, 438, -5982, 38, 0, 127, 127
L 438, -5982, 38, 438, -5973, 37, 0, 127, 127
L 438, -5973, 37, 414, -5947, 37, 0, 127, 127
L 420, -5951, 37, 415, -5946, 36, 0, 127, 127
L 415, -5946, 36, 434, -5941, 36, 0, 127, 127
L 434, -5941, 36, 435, -5910, 38, 0, 127, 127
L 435, -5910, 38, 434, -5907, 40, 0, 127, 127
L 434, -5907, 40, 434, -5899, 36, 0, 127, 127
L 434, -5899, 36, 418, -5900, 37, 0, 127, 127
L 418, -5900, 37, 422, -5892, 39, 0, 127, 127
L 422, -5892, 39, 423, -5890, 43, 0, 127, 127
L 423, -5890, 43, 424, -5880, 44, 0, 127, 127
L 424, -5880, 44, 424, -5872, 35, 0, 127, 127
L 424, -5872, 35, 424, -5854, 40, 0, 127, 127
L 424, -5854, 40, 426, -5852, 39, 0, 127, 127
L 426, -5852, 39, 427, -5850, 36, 0, 127, 127
L 427, -5850, 36, 424, -5840, 37, 0, 127, 127
L 424, -5840, 37, 441, -5831, 38, 0, 127, 127
L 441, -5831, 38, 457, -5837, 37, 0, 127, 127
L 457, -5837, 37, 458, -5840, 38, 0, 127, 127
L 458, -5840, 38, 457, -5842, 38, 0, 127, 127
L 457, -5842, 38, 458, -5844, 40, 0, 127, 127
L 458, -5844, 40, 465, -5858, 40, 0, 127, 127
L 465, -5858, 40, 468, -5860, 40, 0, 127, 127
L 468, -5860, 40, 467, -5867, 40, 0, 127, 127
L 467, -5867, 40, 469, -5869, 41, 0, 127, 127
L 469, -5869, 41, 477, -5870, 41, 0, 127, 127
L 477, -5870, 41, 478, -5873, 42, 0, 127, 127
L 478, -5873, 42, 469, -5876, 41, 0, 127, 127
L 469, -5876, 41, 464, -5886, 41, 0, 127, 127
L 464, -5886, 41, 464, -5891, 40, 0, 127, 127
L 464, -5891, 40, 466, -5894, 40, 0, 127, 127
L 466, -5894, 40, 448, -5899, 38, 0, 127, 127
L 448, -5899, 38, 446, -5924, 41, 0, 127, 127
L 446, -5924, 41, 447, -5926, 45, 0, 127, 127
L 447, -5926, 45, 448, -5937, 41, 0, 127, 127
L 448, -5937, 41, 449, -5940, 37, 0, 127, 127
L 449, -5940, 37, 449, -5956, 36, 0, 127, 127
L 449, -5956, 36, 474, -5946, 36, 0, 127, 127
L 474, -5946, 36, 473, -5955, 36, 0, 127, 127
L 473, -5955, 36, 449, -5977, 37, 0, 127, 127
L 449, -5977, 37, 433, -6006, 40, 0, 127, 127
L 433, -6006, 40, 438, -6020, 41, 0, 127, 127
L 438, -6020, 41, 449, -6025, 40, 0, 127, 127
L 449, -6025, 40, 453, -6024, 40, 0, 127, 127
L 453, -6024, 40, 458, -6016, 40, 0, 127, 127
L 458, -6016, 40, 465, -6015, 40, 0, 127, 127
L 465, -6015, 40, 479, -6021, 42, 0, 127, 127
L 479, -6021, 42, 482, -6027, 39, 0, 127, 127
L 482, -6027, 39, 484, -6034, 39, 0, 127, 127
L 484, -6034, 39, 482, -6042, 40, 0, 127, 127
L 482, -6042, 40, 462, -6040, 40, 0, 127, 127
L 462, -6040, 40, 442, -6058, 40, 0, 127, 127
L 442, -6058, 40, 441, -6063, 39, 0, 127, 127
L 441, -6063, 39, 445, -6069, 39, 0, 127, 127
L 445, -6069, 39, 435, -6076, 37, 0, 127, 127
L 435, -6076, 37, 420, -6077, 34, 0, 127, 127
L 420, -6077, 34, 377, -6062, 13, 0, 127, 127
L 377, -6062, 13, 372, -6065, 13, 0, 127, 127
L 372, -6065, 13, 361, -6055, 13, 0, 127, 127
L 361, -6055, 13, 349, -6053, 11, 0, 127, 127
L 349, -6053, 11, 339, -6063, 8, 0, 127, 127
L 339, -6063, 8, 337, -6076, 9, 0, 127, 127
L 337, -6076, 9, 344, -6084, 10, 0, 127, 127
L 344, -6084, 10, 349, -6110, 10, 0, 127, 127
L 349, -6110, 10, 337, -6131, 22, 0, 127, 127
L 337, -6131, 22, 320, -6146, 28, 0, 127, 127
L 320, -6146, 28, 319, -6157, 31, 0, 127, 127
L 319, -6157, 31, 328, -6167, 38, 0, 127, 127
L 328, -6167, 38, 338, -6173, 38, 0, 127, 127
L 338, -6173, 38, 344, -6190, 41, 0, 127, 127
L 344, -6190, 41, 350, -6193, 42, 0, 127, 127
L 350, -6193, 42, 350, -6204, 46, 0, 127, 127
L 350, -6204, 46, 349, -6211, 47, 0, 127, 127
L 349, -6211, 47, 355, -6217, 51, 0, 127, 127
L 355, -6217, 51, 370, -6221, 53, 0, 127, 127
L 370, -6221, 53, 379, -6216, 54, 0, 127, 127
L 379, -6216, 54, 385, -6208, 54, 0, 127, 127
L 385, -6208, 54, 388, -6214, 55, 0, 127, 127
L 388, -6214, 55, 380, -6232, 54, 0, 127, 127
L 380, -6232, 54, 380, -6236, 55, 0, 127, 127
L 380, -6236, 55, 381, -6238, 55, 0, 127, 127
L 381, -6238, 55, 386, -6244, 55, 0, 127, 127
L 386, -6244, 55, 383, -6249, 55, 0, 127, 127
L 383, -6249, 55, 366, -6248, 54, 0, 127, 127
L 366, -6248, 54, 352, -6270, 58, 0, 127, 127
L 352, -6270, 58, 353, -6297, 60, 0, 127, 127
L 353, -6297, 60, 373, -6320, 59, 0, 127, 127
L 373, -6320, 59, 366, -6337, 57, 0, 127, 127
L 366, -6337, 57, 356, -6348, 55, 0, 127, 127
L 356, -6348, 55, 343, -6367, 41, 0, 127, 127
L 343, -6367, 41, 339, -6379, 39, 0, 127, 127
L 339, -6379, 39, 350, -6379, 41, 0, 127, 127
L 350, -6379, 41, 362, -6369, 45, 0, 127, 127
L 362, -6369, 45, 373, -6368, 47, 0, 127, 127
L 373, -6368, 47, 383, -6362, 47, 0, 127, 127
L 383, -6362, 47, 385, -6349, 48, 0, 127, 127
L 385, -6349, 48, 381, -6340, 47, 0, 127, 127
L 381, -6340, 47, 381, -6338, 46, 0, 127, 127
L 381, -6338, 46, 391, -6334, 47, 0, 127, 127
L 391, -6334, 47, 403, -6333, 47, 0, 127, 127
L 403, -6333, 47, 419, -6324, 46, 0, 127, 127
L 419, -6324, 46, 432, -6308, 46, 0, 127, 127
L 432, -6308, 46, 446, -6317, 49, 0, 127, 127
L 446, -6317, 49, 449, -6317, 51, 0, 127, 127
L 449, -6317, 51, 451, -6327, 52, 0, 127, 127
L 451, -6327, 52, 456, -6335, 53, 0, 127, 127
L 456, -6335, 53, 443, -6341, 52, 0, 127, 127
L 443, -6341, 52, 429, -6359, 51, 0, 127, 127
L 429, -6359, 51, 426, -6359, 51, 0, 127, 127
L 426, -6359, 51, 415, -6347, 49, 0, 127, 127
L 415, -6347, 49, 404, -6347, 48, 0, 127, 127
L 404, -6347, 48, 396, -6352, 48, 0, 127, 127
L 396, -6352, 48, 389, -6364, 46, 0, 127, 127
L 389, -6364, 46, 389, -6384, 44, 0, 127, 127
L 389, -6384, 44, 392, -6395, 44, 0, 127, 127
L 392, -6395, 44, 416, -6422, 45, 0, 127, 127
L 416, -6422, 45, 428, -6427, 46, 0, 127, 127
L 428, -6427, 46, 438, -6428, 43, 0, 127, 127
L 438, -6428, 43, 451, -6410, 41, 0, 127, 127
L 451, -6410, 41, 450, -6398, 38, 0, 127, 127
L 450, -6398, 38, 440, -6393, 35, 0, 127, 127
L 440, -6393, 35, 446, -6381, 33, 0, 127, 127
L 446, -6381, 33, 463, -6376, 33, 0, 127, 127
L 463, -6376, 33, 466, -6373, 33, 0, 127, 127
L 466, -6373, 33, 469, -6374, 33, 0, 127, 127
L 469, -6374, 33, 472, -6386, 34, 0, 127, 127
L 472, -6386, 34, 458, -6414, 41, 0, 127, 127
L 458, -6414, 41, 456, -6422, 43, 0, 127, 127
L 456, -6422, 43, 446, -6430, 42, 0, 127, 127
L 446, -6430, 42, 441, -6428, 42, 0, 127, 127
L 441, -6428, 42, 431, -6439, 46, 0, 127, 127
L 431, -6439, 46, 434, -6449, 47, 0, 127, 127
L 434, -6449, 47, 432, -6451, 47, 0, 127, 127
L 432, -6451, 47, 425, -6448, 46, 0, 127, 127
L 425, -6448, 46, 410, -6454, 46, 0, 127, 127
L 410, -6454, 46, 410, -6456, 46, 0, 127, 127
L 410, -6456, 46, 403, -6454, 47, 0, 127, 127
L 403, -6454, 47, 398, -6417, 45, 0, 127, 127
L 398, -6417, 45, 394, -6411, 45, 0, 127, 127
L 394, -6411, 45, 383, -6404, 45, 0, 127, 127
L 383, -6404, 45, 369, -6390, 44, 0, 127, 127
L 369, -6390, 44, 360, -6387, 44, 0, 127, 127
L 360, -6387, 44, 356, -6388, 42, 0, 127, 127
L 356, -6388, 42, 348, -6395, 38, 0, 127, 127
L 348, -6395, 38, 332, -6396, 35, 0, 127, 127
L 332, -6396, 35, 324, -6404, 33, 0, 127, 127
L 324, -6404, 33, 323, -6410, 33, 0, 127, 127
L 323, -6410, 33, 321, -6413, 33, 0, 127, 127
L 321, -6413, 33, 318, -6412, 32, 0, 127, 127
L 318, -6412, 32, 316, -6409, 31, 0, 127, 127
L 316, -6409, 31, 315, -6407, 31, 0, 127, 127
L 315, -6407, 31, 318, -6403, 33, 0, 127, 127
L 318, -6403, 33, 317, -6392, 34, 0, 127, 127
L 317, -6392, 34, 311, -6392, 33, 0, 127, 127
L 311, -6392, 33, 308, -6387, 34, 0, 127, 127
L 308, -6387, 34, 314, -6359, 42, 0, 127, 127
L 314, -6359, 42, 320, -6363, 41, 0, 127, 127
L 320, -6363, 41, 324, -6364, 41, 0, 127, 127
L 324, -6364, 41, 336, -6357, 43, 0, 127, 127
L 336, -6357, 43, 352, -6319, 60, 0, 127, 127
L 352, -6319, 60, 350, -6305, 62, 0, 127, 127
L 350, -6305, 62, 350, -6303, 61, 0, 127, 127
L 350, -6303, 61, 343, -6303, 61, 0, 127, 127
L 343, -6303, 61, 343, -6295, 61, 0, 127, 127
L 343, -6295, 61, 337, -6282, 62, 0, 127, 127
L 337, -6282, 62, 350, -6253, 58, 0, 127, 127
L 350, -6253, 58, 354, -6243, 53, 0, 127, 127
L 354, -6243, 53, 343, -6224, 48, 0, 127, 127
L 343, -6224, 48, 332, -6206, 53, 0, 127, 127
L 332, -6206, 53, 321, -6187, 41, 0, 127, 127
L 321, -6187, 41, 315, -6193, 43, 0, 127, 127
L 315, -6193, 43, 315, -6202, 42, 0, 127, 127
L 315, -6202, 42, 294, -6226, 35, 0, 127, 127
L 294, -6226, 35, 293, -6248, 25, 0, 127, 127
L 293, -6248, 25, 320, -6262, 23, 0, 127, 127
L 320, -6262, 23, 324, -6272, 27, 0, 127, 127
L 324, -6272, 27, 325, -6284, 28, 0, 127, 127
L 325, -6284, 28, 311, -6316, 29, 0, 127, 127
L 311, -6316, 29, 292, -6353, 32, 0, 127, 127
L 292, -6353, 32, 293, -6379, 32, 0, 127, 127
L 293, -6379, 32, 284, -6377, 31, 0, 127, 127
L 284, -6377, 31, 268, -6386, 29, 0, 127, 127
L 268, -6386, 29, 263, -6414, 33, 0, 127, 127
L 263, -6414, 33, 263, -6422, 31, 0, 127, 127
L 263, -6422, 31, 267, -6429, 31, 0, 127, 127
L 267, -6429, 31, 268, -6442, 32, 0, 127, 127
L 268, -6442, 32, 293, -6471, 25, 0, 127, 127
L 293, -6471, 25, 301, -6470, 21, 0, 127, 127
L 301, -6470, 21, 313, -6459, 16, 0, 127, 127
L 313, -6459, 16, 321, -6464, 16, 0, 127, 127
L 321, -6464, 16, 322, -6466, 15, 0, 127, 127
L 322, -6466, 15, 320, -6472, 15, 0, 127, 127
L 320, -6472, 15, 309, -6484, 14, 0, 127, 127
L 309, -6484, 14, 308, -6489, 14, 0, 127, 127
L 308, -6489, 14, 331, -6484, 10, 0, 127, 127
L 331, -6484, 10, 340, -6475, 8, 0, 127, 127
L 340, -6475, 8, 344, -6459, 4, 0, 127, 127
L 344, -6459, 4, 343, -6455, 3, 0, 127, 127
L 343, -6455, 3, 333, -6453, 2, 0, 127, 127
L 333, -6453, 2, 328, -6420, -1, 0, 127, 127
L 328, -6420, -1, 337, -6408, -2, 0, 127, 127
L 337, -6408, -2, 339, -6408, -2, 0, 127, 127
L 339, -6408, -2, 344, -6410, 1, 0, 127, 127
L 344, -6410, 1, 345, -6412, 1, 0, 127, 127
L 345, -6412, 1, 345, -6416, -2, 0, 127, 127
L 345, -6416, -2, 350, -6418, -1, 0, 127, 127
L 350, -6418, -1, 361, -6418, 1, 0, 127, 127
L 361, -6418, 1, 382, -6442, 6, 0, 127, 127
L 382, -6442, 6, 378, -6478, 5, 0, 127, 127
L 378, -6478, 5, 368, -6493, 4, 0, 127, 127
L 368, -6493, 4, 366, -6506, 4, 0, 127, 127
L 366, -6506, 4, 353, -6518, 6, 0, 127, 127
L 353, -6518, 6, 351, -6521, 6, 0, 127, 127
L 351, -6521, 6, 356, -6534, 12, 0, 127, 127
L 356, -6534, 12, 349, -6565, 6, 0, 127, 127
L 349, -6565, 6, 355, -6580, 7, 0, 127, 127
L 355, -6580, 7, 353, -6586, 8, 0, 127, 127
L 353, -6586, 8, 347, -6591, 9, 0, 127, 127
L 347, -6591, 9, 347, -6605, 12, 0, 127, 127
L 347, -6605, 12, 355, -6612, 13, 0, 127, 127
L 355, -6612, 13, 354, -6616, 14, 0, 127, 127
L 354, -6616, 14, 336, -6616, 15, 0, 127, 127
L 336, -6616, 15, 323, -6627, 12, 0, 127, 127
L 323, -6627, 12, 315, -6636, 6, 0, 127, 127
L 315, -6636, 6, 313, -6639, 5, 0, 127, 127
L 313, -6639, 5, 323, -6656, 5, 0, 127, 127
L 323, -6656, 5, 322, -6660, 5, 0, 127, 127
L 322, -6660, 5, 313, -6661, 5, 0, 127, 127
L 313, -6661, 5, 309, -6656, 5, 0, 127, 127
L 309, -6656, 5, 282, -6644, 4, 0, 127, 127
L 282, -6644, 4, 285, -6635, 4, 0, 127, 127
L 285, -6635, 4, 316, -6617, 10, 0, 127, 127
L 316, -6617, 10, 320, -6607, 12, 0, 127, 127
L 320, -6607, 12, 324, -6603, 12, 0, 127, 127
L 324, -6603, 12, 326, -6602, 12, 0, 127, 127
L 326, -6602, 12, 333, -6592, 10, 0, 127, 127
L 333, -6592, 10, 321, -6577, 9, 0, 127, 127
L 321, -6577, 9, 295, -6564, 12, 0, 127, 127
L 295, -6564, 12, 285, -6564, 18, 0, 127, 127
L 285, -6564, 18, 280, -6571, 22, 0, 127, 127
L 280, -6571, 22, 273, -6591, 29, 0, 127, 127
L 273, -6591, 29, 265, -6593, 30, 0, 127, 127
L 265, -6593, 30, 252, -6587, 30, 0, 127, 127
L 252, -6587, 30, 249, -6579, 29, 0, 127, 127
L 249, -6579, 29, 254, -6557, 28, 0, 127, 127
L 254, -6557, 28, 267, -6566, 24, 0, 127, 127
L 267, -6566, 24, 270, -6566, 24, 0, 127, 127
L 270, -6566, 24, 274, -6567, 21, 0, 127, 127
L 274, -6567, 21, 277, -6560, 20, 0, 127, 127
L 277, -6560, 20, 302, -6557, 11, 0, 127, 127
L 302, -6557, 11, 327, -6569, 8, 0, 127, 127
L 327, -6569, 8, 334, -6567, 9, 0, 127, 127
L 334, -6567, 9, 339, -6566, 7, 0, 127, 127
L 339, -6566, 7, 342, -6562, 7, 0, 127, 127
L 342, -6562, 7, 341, -6547, 10, 0, 127, 127
L 341, -6547, 10, 346, -6527, 10, 0, 127, 127
L 346, -6527, 10, 344, -6522, 7, 0, 127, 127
L 344, -6522, 7, 337, -6516, 8, 0, 127, 127
L 337, -6516, 8, 324, -6519, 9, 0, 127, 127
L 324, -6519, 9, 311, -6517, 11, 0, 127, 127
L 311, -6517, 11, 301, -6522, 14, 0, 127, 127
L 301, -6522, 14, 282, -6516, 10, 0, 127, 127
L 282, -6516, 10, 276, -6511, 10, 0, 127, 127
L 276, -6511, 10, 271, -6510, 9, 0, 127, 127
L 271, -6510, 9, 265, -6501, 9, 0, 127, 127
L 265, -6501, 9, 261, -6498, 9, 0, 127, 127
L 261, -6498, 9, 220, -6506, 11, 0, 127, 127
L 220, -6506, 11, 180, -6491, 15, 0, 127, 127
L 180, -6491, 15, 172, -6493, 16, 0, 127, 127
L 172, -6493, 16, 174, -6492, 15, 0, 127, 127
L 174, -6492, 15, 169, -6487, 16, 0, 127, 127
L 169, -6487, 16, 161, -6486, 16, 0, 127, 127
L 161, -6486, 16, 150, -6501, 20, 0, 127, 127
L 150, -6501, 20, 143, -6501, 19, 0, 127, 127
L 143, -6501, 19, 142, -6495, 17, 0, 127, 127
L 142, -6495, 17, 131, -6480, 16, 0, 127, 127
L 131, -6480, 16, 119, -6469, 18, 0, 127, 127
L 119, -6469, 18, 128, -6444, 15, 0, 127, 127
L 128, -6444, 15, 125, -6443, 14, 0, 127, 127
L 125, -6443, 14, 135, -6402, 17, 0, 127, 127
L 135, -6402, 17, 135, -6385, 17, 0, 127, 127
L 135, -6385, 17, 120, -6376, 18, 0, 127, 127
L 120, -6376, 18, 115, -6368, 20, 0, 127, 127
L 115, -6368, 20, 98, -6354, 21, 0, 127, 127
L 98, -6354, 21, 91, -6352, 23, 0, 127, 127
L 91, -6352, 23, 84, -6346, 23, 0, 127, 127
L 84, -6346, 23, 77, -6319, 28, 0, 127, 127
L 77, -6319, 28, 86, -6293, 34, 0, 127, 127
L 86, -6293, 34, 98, -6285, 33, 0, 127, 127
L 98, -6285, 33, 104, -6259, 30, 0, 127, 127
L 104, -6259, 30, 123, -6267, 30, 0, 127, 127
L 123, -6267, 30, 131, -6278, 32, 0, 127, 127
L 131, -6278, 32, 122, -6293, 34, 0, 127, 127
L 122, -6293, 34, 123, -6303, 33, 0, 127, 127
L 123, -6303, 33, 125, -6310, 25, 0, 127, 127
L 125, -6310, 25, 134, -6324, 17, 0, 127, 127
L 134, -6324, 17, 146, -6333, 14, 0, 127, 127
L 146, -6333, 14, 160, -6328, 15, 0, 127, 127
L 160, -6328, 15, 166, -6332, 14, 0, 127, 127
L 166, -6332, 14, 171, -6339, 13, 0, 127, 127
L 171, -6339, 13, 169, -6349, 13, 0, 127, 127
L 169, -6349, 13, 155, -6359, 14, 0, 127, 127
L 155, -6359, 14, 154, -6368, 16, 0, 127, 127
L 154, -6368, 16, 155, -6383, 15, 0, 127, 127
L 155, -6383, 15, 157, -6389, 16, 0, 127, 127
L 157, -6389, 16, 138, -6432, 16, 0, 127, 127
L 138, -6432, 16, 137, -6444, 15, 0, 127, 127
L 137, -6444, 15, 145, -6462, 14, 0, 127, 127
L 145, -6462, 14, 156, -6471, 14, 0, 127, 127
L 156, -6471, 14, 201, -6485, 14, 0, 127, 127
L 201, -6485, 14, 220, -6498, 11, 0, 127, 127
L 220, -6498, 11, 228, -6499, 11, 0, 127, 127
L 228, -6499, 11, 231, -6497, 11, 0, 127, 127
L 231, -6497, 11, 243, -6498, 10, 0, 127, 127
L 243, -6498, 10, 248, -6493, 10, 0, 127, 127
L 248, -6493, 10, 247, -6477, 10, 0, 127, 127
L 247, -6477, 10, 242, -6463, 12, 0, 127, 127
L 242, -6463, 12, 235, -6459, 13, 0, 127, 127
L 235, -6459, 13, 230, -6442, 17, 0, 127, 127
L 230, -6442, 17, 228, -6439, 19, 0, 127, 127
L 228, -6439, 19, 212, -6436, 26, 0, 127, 127
L 212, -6436, 26, 203, -6451, 27, 0, 127, 127
L 203, -6451, 27, 202, -6455, 28, 0, 127, 127
L 202, -6455, 28, 193, -6444, 30, 0, 127, 127
L 193, -6444, 30, 182, -6448, 29, 0, 127, 127
L 182, -6448, 29, 182, -6454, 31, 0, 127, 127
L 182, -6454, 31, 180, -6455, 31, 0, 127, 127
L 180, -6455, 31, 175, -6454, 31, 0, 127, 127
L 175, -6454, 31, 171, -6439, 30, 0, 127, 127
L 171, -6439, 30, 177, -6434, 31, 0, 127, 127
L 177, -6434, 31, 186, -6430, 30, 0, 127, 127
L 186, -6430, 30, 189, -6429, 34, 0, 127, 127
L 189, -6429, 34, 190, -6424, 35, 0, 127, 127
L 190, -6424, 35, 191, -6423, 34, 0, 127, 127
L 191, -6423, 34, 192, -6421, 27, 0, 127, 127
L 192, -6421, 27, 197, -6409, 27, 0, 127, 127
L 197, -6409, 27, 200, -6408, 27, 0, 127, 127
L 200, -6408, 27, 209, -6415, 27, 0, 127, 127
L 209, -6415, 27, 219, -6412, 25, 0, 127, 127
L 219, -6412, 25, 222, -6421, 25, 0, 127, 127
L 222, -6421, 25, 223, -6422, 26, 0, 127, 127
L 223, -6422, 26, 235, -6435, 18, 0, 127, 127
L 235, -6435, 18, 246, -6458, 11, 0, 127, 127
L 246, -6458, 11, 261, -6461, 10, 0, 127, 127
L 261, -6461, 10, 272, -6497, 10, 0, 127, 127
L 272, -6497, 10, 279, -6507, 10, 0, 127, 127
L 279, -6507, 10, 293, -6511, 12, 0, 127, 127
L 293, -6511, 12, 304, -6509, 14, 0, 127, 127
L 304, -6509, 14, 337, -6512, 8, 0, 127, 127
L 337, -6512, 8, 356, -6501, 5, 0, 127, 127
L 356, -6501, 5, 376, -6461, 5, 0, 127, 127
L 376, -6461, 5, 375, -6454, 7, 0, 127, 127
L 375, -6454, 7, 360, -6433, 2, 0, 127, 127
L 360, -6433, 2, 352, -6428, -1, 0, 127, 127
L 352, -6428, -1, 350, -6432, -1, 0, 127, 127
L 350, -6432, -1, 352, -6459, 4, 0, 127, 127
L 352, -6459, 4, 356, -6472, 7, 0, 127, 127
L 356, -6472, 7, 354, -6479, 8, 0, 127, 127
L 354, -6479, 8, 336, -6488, 10, 0, 127, 127
L 336, -6488, 10, 324, -6499, 11, 0, 127, 127
L 324, -6499, 11, 312, -6498, 11, 0, 127, 127
L 312, -6498, 11, 300, -6502, 18, 0, 127, 127
L 300, -6502, 18, 288, -6493, 23, 0, 127, 127
L 288, -6493, 23, 283, -6480, 25, 0, 127, 127
L 283, -6480, 25, 283, -6469, 26, 0, 127, 127
L 283, -6469, 26, 268, -6457, 29, 0, 127, 127
L 268, -6457, 29, 262, -6449, 29, 0, 127, 127
L 262, -6449, 29, 261, -6447, 31, 0, 127, 127
L 261, -6447, 31, 242, -6401, 36, 0, 127, 127
L 242, -6401, 36, 240, -6392, 33, 0, 127, 127
L 240, -6392, 33, 231, -6382, 34, 0, 127, 127
L 231, -6382, 34, 238, -6369, 32, 0, 127, 127
L 238, -6369, 32, 251, -6371, 31, 0, 127, 127
L 251, -6371, 31, 260, -6376, 31, 0, 127, 127
L 260, -6376, 31, 267, -6377, 29, 0, 127, 127
L 267, -6377, 29, 280, -6373, 31, 0, 127, 127
L 280, -6373, 31, 281, -6372, 32, 0, 127, 127
L 281, -6372, 32, 285, -6344, 31, 0, 127, 127
L 285, -6344, 31, 294, -6316, 25, 0, 127, 127
L 294, -6316, 25, 302, -6291, 27, 0, 127, 127
L 302, -6291, 27, 302, -6281, 24, 0, 127, 127
L 302, -6281, 24, 290, -6252, 24, 0, 127, 127
L 290, -6252, 24, 273, -6225, 32, 0, 127, 127
L 273, -6225, 32, 276, -6217, 34, 0, 127, 127
L 276, -6217, 34, 301, -6204, 37, 0, 127, 127
L 301, -6204, 37, 309, -6196, 44, 0, 127, 127
L 309, -6196, 44, 311, -6184, 42, 0, 127, 127
L 311, -6184, 42, 299, -6166, 39, 0, 127, 127
L 299, -6166, 39, 297, -6155, 38, 0, 127, 127
L 297, -6155, 38, 305, -6145, 32, 0, 127, 127
L 305, -6145, 32, 310, -6142, 31, 0, 127, 127
L 310, -6142, 31, 313, -6142, 29, 0, 127, 127
L 313, -6142, 29, 320, -6136, 27, 0, 127, 127
L 320, -6136, 27, 328, -6110, 21, 0, 127, 127
L 328, -6110, 21, 329, -6106, 17, 0, 127, 127
L 329, -6106, 17, 330, -6102, 16, 0, 127, 127
L 330, -6102, 16, 330, -6100, 13, 0, 127, 127
L 330, -6100, 13, 330, -6091, 12, 0, 127, 127
L 330, -6091, 12, 327, -6087, 11, 0, 127, 127
L 327, -6087, 11, 319, -6088, 12, 0, 127, 127
L 319, -6088, 12, 319, -6079, 10, 0, 127, 127
L 319, -6079, 10, 327, -6060, 9, 0, 127, 127
L 327, -6060, 9, 340, -6045, 13, 0, 127, 127
L 340, -6045, 13, 338, -6030, 13, 0, 127, 127
L 338, -6030, 13, 333, -6026, 13, 0, 127, 127
L 333, -6026, 13, 327, -6024, 14, 0, 127, 127
L 327, -6024, 14, 319, -6028, 14, 0, 127, 127
L 319, -6028, 14, 302, -6029, 14, 0, 127, 127
L 302, -6029, 14, 289, -6039, 13, 0, 127, 127
L 289, -6039, 13, 288, -6045, 12, 0, 127, 127
L 288, -6045, 12, 287, -6052, 17, 0, 127, 127
L 287, -6052, 17, 253, -6076, 11, 0, 127, 127
L 253, -6076, 11, 237, -6109, 9, 0, 127, 127
L 237, -6109, 9, 221, -6117, 11, 0, 127, 127
L 221, -6117, 11, 207, -6131, 8, 0, 127, 127
L 207, -6131, 8, 207, -6151, 3, 0, 127, 127
L 207, -6151, 3, 202, -6154, 3, 0, 127, 127
L 202, -6154, 3, 189, -6155, -1, 0, 127, 127
L 189, -6155, -1, 181, -6153, -1, 0, 127, 127
L 181, -6153, -1, 183, -6169, 0, 0, 127, 127
L 183, -6169, 0, 202, -6187, -1, 0, 127, 127
L 202, -6187, -1, 207, -6190, -1, 0, 127, 127
L 207, -6190, -1, 208, -6208, -1, 0, 127, 127
L 208, -6208, -1, 171, -6228, 1, 0, 127, 127
L 171, -6228, 1, 169, -6263, -1, 0, 127, 127
L 169, -6263, -1, 178, -6276, -2, 0, 127, 127
L 178, -6276, -2, 184, -6279, -3, 0, 127, 127
L 184, -6279, -3, 185, -6282, -3, 0, 127, 127
L 185, -6282, -3, 187, -6283, -3, 0, 127, 127
L 187, -6283, -3, 211, -6260, 1, 0, 127, 127
L 211, -6260, 1, 230, -6260, 9, 0, 127, 127
L 230, -6260, 9, 234, -6262, 10, 0, 127, 127
L 234, -6262, 10, 219, -6276, 7, 0, 127, 127
L 219, -6276, 7, 216, -6284, 6, 0, 127, 127
L 216, -6284, 6, 214, -6293, 1, 0, 127, 127
L 214, -6293, 1, 216, -6325, -0, 0, 127, 127
L 216, -6325, -0, 203, -6321, -2, 0, 127, 127
L 203, -6321, -2, 193, -6312, -2, 0, 127, 127
L 193, -6312, -2, 193, -6294, -3, 0, 127, 127
L 193, -6294, -3, 186, -6290, -3, 0, 127, 127
L 186, -6290, -3, 147, -6283, -1, 0, 127, 127
L 147, -6283, -1, 143, -6272, -0, 0, 127, 127
L 143, -6272, -0, 152, -6221, 1, 0, 127, 127
L 152, -6221, 1, 167, -6203, 1, 0, 127, 127
L 167, -6203, 1, 171, -6192, -0, 0, 127, 127
L 171, -6192, -0, 171, -6183, -1, 0, 127, 127
L 171, -6183, -1, 165, -6170, -0, 0, 127, 127
L 165, -6170, -0, 149, -6158, -1, 0, 127, 127
L 149, -6158, -1, 155, -6137, -2, 0, 127, 127
L 155, -6137, -2, 143, -6118, -2, 0, 127, 127
L 143, -6118, -2, 124, -6112, -1, 0, 127, 127
L 124, -6112, -1, 107, -6043, -1, 0, 127, 127
L 107, -6043, -1, 85, -6027, -2, 0, 127, 127
