L -1040, -800, 9, -1047, -793, 7, 0, 0, 0
L -1039, -802, 7, -1040, -800, 9, 0, 0, 0
L -1066, -825, 7, -1039, -802, 7, 0, 0, 0
L -1066, -836, 7, -1066, -825, 7, 0, 0, 0
L -1041, -866, 6, -1066, -836, 7, 0, 0, 0
L -1052, -874, 7, -1041, -866, 6, 0, 0, 0
L -1080, -844, 7, -1052, -874, 7, 0, 0, 0
L -1085, -843, 7, -1080, -844, 7, 0, 0, 0
L -1115, -866, 8, -1085, -843, 7, 0, 0, 0
L -1124, -855, 8, -1115, -866, 8, 0, 0, 0
L -1097, -833, 8, -1124, -855, 8, 0, 0, 0
L -1096, -822, 8, -1097, -833, 8, 0, 0, 0
L -1119, -794, 8, -1096, -822, 8, 0, 0, 0
L -1109, -785, 8, -1119, -794, 8, 0, 0, 0
L -1084, -812, 7, -1109, -785, 8, 0, 0, 0
L -1077, -814, 7, -1084, -812, 7, 0, 0, 0
L -1047, -791, 7, -1077, -814, 7, 0, 0, 0
L -1053, 3, 28, -1053, -9, 30, 127, 127, 127
L -1058, 16, 28, -1053, 3, 28, 127, 127, 127
L -1048, 27, 26, -1058, 16, 28, 127, 127, 127
L -1020, 43, 21, -1048, 27, 26, 127, 127, 127
L -1017, 46, 21, -1020, 43, 21, 127, 127, 127
L -894, 47, 14, -1017, 46, 21, 127, 127, 127
L -826, 40, 13, -894, 47, 14, 127, 127, 127
L -765, 42, 6, -826, 40, 13, 127, 127, 127
L -738, 23, 4, -765, 42, 6, 127, 127, 127
L -727, -6, 3, -738, 23, 4, 127, 127, 127
L -728, -132, -1, -727, -6, 3, 127, 127, 127
L -760, -174, -1, -728, -132, -1, 127, 127, 127
L -812, -189, 2, -760, -174, -1, 127, 127, 127
L -870, -180, 11, -812, -189, 2, 127, 127, 127
L -966, -68, 27, -870, -180, 11, 127, 127, 127
L -1017, -52, 32, -966, -68, 27, 127, 127, 127
L -1057, -6, 30, -1017, -52, 32, 127, 127, 127
L -1056, 70, 23, -1290, 66, 15, 127, 127, 127
L -925, 66, 14, -1056, 70, 23, 127, 127, 127
L -903, 73, 14, -925, 66, 14, 127, 127, 127
L -871, 92, 14, -903, 73, 14, 127, 127, 127
L -860, 115, 14, -871, 92, 14, 127, 127, 127
L -850, 122, 14, -860, 115, 14, 127, 127, 127
L -835, 125, 13, -850, 122, 14, 127, 127, 127
L -818, 120, 13, -835, 125, 13, 127, 127, 127
L -812, 113, 13, -818, 120, 13, 127, 127, 127
L -823, 87, 13, -812, 113, 13, 127, 127, 127
L -744, 68, 4, -823, 87, 13, 127, 127, 127
L -702, 35, 2, -744, 68, 4, 127, 127, 127
L -680, -279, -3, -702, 35, 2, 127, 127, 127
L -644, -382, -8, -680, -279, -3, 127, 127, 127
L -550, -407, -8, -644, -382, -8, 127, 127, 127
L -297, -422, 14, -550, -407, -8, 127, 127, 127
L -223, -447, 17, -297, -422, 14, 127, 127, 127
L -190, -443, 19, -223, -447, 17, 127, 127, 127
L -108, -378, 21, -190, -443, 19, 127, 127, 127
L -80, -116, 21, -108, -378, 21, 127, 127, 127
L -51, -80, 21, -80, -116, 21, 127, 127, 127
L 4, -55, 21, -51, -80, 21, 127, 127, 127
L 263, -51, 21, 4, -55, 21, 127, 127, 127
L 310, -22, 21, 263, -51, 21, 127, 127, 127
L 334, -22, 21, 310, -22, 21, 127, 127, 127
L 368, -56, 21, 334, -22, 21, 127, 127, 127
L 483, -55, 18, 368, -56, 21, 127, 127, 127
L 622, -60, 4, 483, -55, 18, 127, 127, 127
L 676, -77, 6, 622, -60, 4, 127, 127, 127
L 749, -159, 13, 676, -77, 6, 127, 127, 127
L 790, -181, 21, 749, -159, 13, 127, 127, 127
L 972, -150, 30, 790, -181, 21, 127, 127, 127
L 1248, -150, 44, 972, -150, 30, 127, 127, 127
L 1278, -139, 45, 1248, -150, 44, 127, 127, 127
L 1326, 57, 60, 1278, -139, 45, 127, 127, 127
L 1334, 330, 56, 1326, 57, 60, 127, 127, 127
L 1341, 351, 56, 1334, 330, 56, 127, 127, 127
L 1379, 374, 56, 1341, 351, 56, 127, 127, 127
L 1460, 372, 55, 1379, 374, 56, 127, 127, 127
L 1512, 343, 51, 1460, 372, 55, 127, 127, 127
L 1575, 338, 46, 1512, 343, 51, 127, 127, 127
L 1632, 344, 43, 1575, 338, 46, 127, 127, 127
L 1681, 322, 35, 1632, 344, 43, 127, 127, 127
L 1704, 305, 33, 1681, 322, 35, 127, 127, 127
L 1726, 193, 21, 1704, 305, 33, 127, 127, 127
L 1736, 52, 17, 1726, 193, 21, 127, 127, 127
L 1784, -5, 20, 1736, 52, 17, 127, 127, 127
L 1888, -51, 31, 1784, -5, 20, 127, 127, 127
L 1915, -50, 33, 1888, -51, 31, 127, 127, 127
L 1939, -23, 33, 1915, -50, 33, 127, 127, 127
L 1960, -25, 33, 1939, -23, 33, 127, 127, 127
L 1973, -33, 34, 1960, -25, 33, 127, 127, 127
L 1975, -48, 34, 1973, -33, 34, 127, 127, 127
L 1985, -61, 35, 1975, -48, 34, 127, 127, 127
L 2000, -67, 33, 1985, -61, 35, 127, 127, 127
L 2111, -53, 19, 2000, -67, 33, 127, 127, 127
L 2286, 64, 13, 2111, -53, 19, 127, 127, 127
L 2442, 64, 10, 2286, 64, 13, 127, 127, 127
L 2464, 54, 10, 2442, 64, 10, 127, 127, 127
L 2506, -28, 9, 2464, 54, 10, 127, 127, 127
L 2515, -132, 9, 2506, -28, 9, 127, 127, 127
L 2520, -142, 9, 2515, -132, 9, 127, 127, 127
L 2609, -173, 8, 2520, -142, 9, 127, 127, 127
L 2664, -165, 6, 2609, -173, 8, 127, 127, 127
L 2708, -130, 6, 2664, -165, 6, 127, 127, 127
L 2745, -88, 5, 2708, -130, 6, 127, 127, 127
L 2789, -90, 4, 2745, -88, 5, 127, 127, 127
L 2807, -104, 4, 2789, -90, 4, 127, 127, 127
L 2812, -122, 4, 2807, -104, 4, 127, 127, 127
L 2813, -151, 5, 2812, -122, 4, 127, 127, 127
L 2832, -174, 5, 2813, -151, 5, 127, 127, 127
L 2936, -176, 4, 2832, -174, 5, 127, 127, 127
L 3274, -160, 9, 2936, -176, 4, 127, 127, 127
L 3345, -152, 7, 3274, -160, 9, 127, 127, 127
L 3384, -183, 7, 3345, -152, 7, 127, 127, 127
L 3390, -202, 7, 3384, -183, 7, 127, 127, 127
L 3381, -224, 6, 3390, -202, 7, 127, 127, 127
L 3352, -234, 7, 3381, -224, 6, 127, 127, 127
L 3320, -227, 9, 3352, -234, 7, 127, 127, 127
L 3235, -192, 11, 3320, -227, 9, 127, 127, 127
L 3192, -204, 13, 3235, -192, 11, 127, 127, 127
L 3076, -206, 14, 3192, -204, 13, 127, 127, 127
L 3043, -255, 14, 3076, -206, 14, 127, 127, 127
L 2988, -406, 12, 3043, -255, 14, 127, 127, 127
L 2947, -443, 14, 2988, -406, 12, 127, 127, 127
L 2815, -474, 6, 2947, -443, 14, 127, 127, 127
L 2773, -520, 7, 2815, -474, 6, 127, 127, 127
L 2753, -593, 10, 2773, -520, 7, 127, 127, 127
L 2727, -946, 24, 2753, -593, 10, 127, 127, 127
L 2708, -970, 24, 2727, -946, 24, 127, 127, 127
L 2545, -992, 24, 2708, -970, 24, 127, 127, 127
L 2501, -1013, 32, 2545, -992, 24, 127, 127, 127
L 2495, -1030, 34, 2501, -1013, 32, 127, 127, 127
L 2517, -1068, 36, 2495, -1030, 34, 127, 127, 127
L 2519, -1078, 39, 2517, -1068, 36, 127, 127, 127
L 2470, -1098, 36, 2519, -1078, 39, 127, 127, 127
L 2454, -1133, 44, 2470, -1098, 36, 127, 127, 127
L 2448, -1143, 47, 2454, -1133, 44, 127, 127, 127
L 2439, -1149, 48, 2448, -1143, 47, 127, 127, 127
L 2411, -1071, 35, 2439, -1149, 48, 127, 127, 127
L 2378, -1054, 39, 2411, -1071, 35, 127, 127, 127
L 2381, -1047, 38, 2378, -1054, 39, 127, 127, 127
L 2429, -1021, 35, 2381, -1047, 38, 127, 127, 127
L 2453, -993, 33, 2429, -1021, 35, 127, 127, 127
L 2509, -958, 26, 2453, -993, 33, 127, 127, 127
L 2522, -956, 22, 2509, -958, 26, 127, 127, 127
L 2684, -942, 22, 2522, -956, 22, 127, 127, 127
L 2710, -907, 22, 2684, -942, 22, 127, 127, 127
L 2731, -513, 7, 2710, -907, 22, 127, 127, 127
L 2769, -454, 6, 2731, -513, 7, 127, 127, 127
L 2960, -380, 11, 2769, -454, 6, 127, 127, 127
L 2994, -302, 12, 2960, -380, 11, 127, 127, 127
L 2992, -239, 12, 2994, -302, 12, 127, 127, 127
L 2981, -228, 11, 2992, -239, 12, 127, 127, 127
L 2893, -211, 2, 2981, -228, 11, 127, 127, 127
L 2544, -214, 9, 2893, -211, 2, 127, 127, 127
L 2475, -137, 10, 2544, -214, 9, 127, 127, 127
L 2446, 14, 10, 2475, -137, 10, 127, 127, 127
L 2407, 38, 10, 2446, 14, 10, 127, 127, 127
L 2315, 36, 11, 2407, 38, 10, 127, 127, 127
L 2250, 2, 11, 2315, 36, 11, 127, 127, 127
L 2181, -55, 13, 2250, 2, 11, 127, 127, 127
L 2060, -92, 24, 2181, -55, 13, 127, 127, 127
L 1946, -87, 37, 2060, -92, 24, 127, 127, 127
L 1927, -79, 35, 1946, -87, 37, 127, 127, 127
L 1788, -50, 18, 1927, -79, 35, 127, 127, 127
L 1743, -19, 15, 1788, -50, 18, 127, 127, 127
L 1690, 76, 19, 1743, -19, 15, 127, 127, 127
L 1694, 248, 27, 1690, 76, 19, 127, 127, 127
L 1677, 274, 31, 1694, 248, 27, 127, 127, 127
L 1634, 295, 35, 1677, 274, 31, 127, 127, 127
L 1425, 300, 54, 1634, 295, 35, 127, 127, 127
L 1358, 279, 56, 1425, 300, 54, 127, 127, 127
L 1341, -31, 52, 1358, 279, 56, 127, 127, 127
L 1313, -143, 46, 1341, -31, 52, 127, 127, 127
L 1254, -179, 44, 1313, -143, 46, 127, 127, 127
L 1160, -195, 44, 1254, -179, 44, 127, 127, 127
L 906, -183, 25, 1160, -195, 44, 127, 127, 127
L 801, -224, 25, 906, -183, 25, 127, 127, 127
L 716, -165, 10, 801, -224, 25, 127, 127, 127
L 647, -97, 5, 716, -165, 10, 127, 127, 127
L 558, -85, 9, 647, -97, 5, 127, 127, 127
L 470, -102, 20, 558, -85, 9, 127, 127, 127
L 454, -114, 20, 470, -102, 20, 127, 127, 127
L 470, -686, -11, 454, -114, 20, 127, 127, 127
L 504, -720, -15, 470, -686, -11, 127, 127, 127
L 750, -849, -9, 504, -720, -15, 127, 127, 127
L 771, -873, -7, 750, -849, -9, 127, 127, 127
L 757, -897, -5, 771, -873, -7, 127, 127, 127
L 739, -901, -6, 757, -897, -5, 127, 127, 127
L 648, -832, -11, 739, -901, -6, 127, 127, 127
L 454, -715, -10, 648, -832, -11, 127, 127, 127
L 436, -668, -7, 454, -715, -10, 127, 127, 127
L 408, -131, 21, 436, -668, -7, 127, 127, 127
L 398, -120, 21, 408, -131, 21, 127, 127, 127
L 380, -122, 21, 398, -120, 21, 127, 127, 127
L 356, -146, 21, 380, -122, 21, 127, 127, 127
L 337, -187, 21, 356, -146, 21, 127, 127, 127
L 320, -196, 21, 337, -187, 21, 127, 127, 127
L 277, -197, 21, 320, -196, 21, 127, 127, 127
L 259, -193, 21, 277, -197, 21, 127, 127, 127
L 238, -180, 21, 259, -193, 21, 127, 127, 127
L 241, -153, 21, 238, -180, 21, 127, 127, 127
L 265, -124, 21, 241, -153, 21, 127, 127, 127
L 187, -100, 21, 265, -124, 21, 127, 127, 127
L 0, -96, 21, 187, -100, 21, 127, 127, 127
L -46, -121, 21, 0, -96, 21, 127, 127, 127
L -85, -400, 21, -46, -121, 21, 127, 127, 127
L -144, -452, 20, -85, -400, 21, 127, 127, 127
L -184, -463, 19, -144, -452, 20, 127, 127, 127
L -275, -449, 13, -184, -463, 19, 127, 127, 127
L -300, -440, 11, -275, -449, 13, 127, 127, 127
L -593, -438, -14, -300, -440, 11, 127, 127, 127
L -686, -389, -7, -593, -438, -14, 127, 127, 127
L -743, -261, -1, -686, -389, -7, 127, 127, 127
L -869, -206, 8, -743, -261, -1, 127, 127, 127
L -936, -153, 22, -869, -206, 8, 127, 127, 127
L -963, -122, 27, -936, -153, 22, 127, 127, 127
L -1015, -93, 32, -963, -122, 27, 127, 127, 127
L -1024, -75, 34, -1015, -93, 32, 127, 127, 127
L -1079, -40, 33, -1024, -75, 34, 127, 127, 127
L -1113, 21, 29, -1079, -40, 33, 127, 127, 127
L -1130, 38, 27, -1113, 21, 29, 127, 127, 127
L -1301, 49, 13, -1130, 38, 27, 127, 127, 127
L -1333, 61, 11, -1301, 49, 13, 127, 127, 127
L -1356, 123, 12, -1333, 61, 11, 127, 127, 127
L -1388, 398, 13, -1356, 123, 12, 127, 127, 127
L -1402, 415, 12, -1388, 398, 13, 127, 127, 127
L -1506, 437, -2, -1402, 415, 12, 127, 127, 127
L -1821, 457, 1, -1506, 437, -2, 127, 127, 127
L -1845, 447, -3, -1821, 457, 1, 127, 127, 127
L -1889, 447, -10, -1845, 447, -3, 127, 127, 127
L -1942, 239, -20, -1952, 242, -21, 127, 127, 127
L -1929, 197, -21, -1942, 239, -20, 127, 127, 127
L -1937, 145, -21, -1929, 197, -21, 127, 127, 127
L -1972, 134, -20, -1937, 145, -21, 127, 127, 127
L -2025, 142, -20, -1972, 134, -20, 127, 127, 127
L -2030, 146, -20, -2025, 142, -20, 127, 127, 127
L -2033, 244, -21, -2030, 146, -20, 127, 127, 127
L -1961, 246, -21, -2033, 244, -21, 127, 127, 127
L -2048, 426, -24, -1880, 449, -8, 127, 127, 127
L -2104, 356, -26, -2048, 426, -24, 127, 127, 127
L -2115, 231, -20, -2104, 356, -26, 127, 127, 127
L -2136, 199, -20, -2115, 231, -20, 127, 127, 127
L -2143, 200, -20, -2136, 199, -20, 127, 127, 127
L -2208, 138, -28, -2143, 200, -20, 127, 127, 127
L -2242, 136, -30, -2208, 138, -28, 127, 127, 127
L -2293, 141, -31, -2242, 136, -30, 127, 127, 127
L -2509, 135, -35, -2293, 141, -31, 127, 127, 127
L -2612, 156, -36, -2509, 135, -35, 127, 127, 127
L -2840, 168, -22, -2612, 156, -36, 127, 127, 127
L -2957, 178, -15, -2840, 168, -22, 127, 127, 127
L -3036, 155, -6, -2957, 178, -15, 127, 127, 127
L -3136, 163, -16, -3036, 155, -6, 127, 127, 127
L -3255, 190, -10, -3136, 163, -16, 127, 127, 127
L -3318, 187, -6, -3255, 190, -10, 127, 127, 127
L -3363, 146, -5, -3318, 187, -6, 127, 127, 127
L -3388, 58, -10, -3363, 146, -5, 127, 127, 127
L -3388, -526, 1, -3388, 58, -10, 127, 127, 127
L -3356, -705, 11, -3388, -526, 1, 127, 127, 127
L -3361, -794, 26, -3356, -705, 11, 127, 127, 127
L -3361, -872, 33, -3361, -794, 26, 127, 127, 127
L -3372, -893, 38, -3361, -872, 33, 127, 127, 127
L -3450, -888, 34, -3372, -893, 38, 127, 127, 127
L -3512, -844, 34, -3450, -888, 34, 127, 127, 127
L -3513, -833, 36, -3512, -844, 34, 127, 127, 127
L -3511, -830, 33, -3513, -833, 36, 127, 127, 127
L -3481, -789, 22, -3511, -830, 33, 127, 127, 127
L -3414, -781, 20, -3481, -789, 22, 127, 127, 127
L -3401, -714, 9, -3414, -781, 20, 127, 127, 127
L -3424, -405, -0, -3401, -714, 9, 127, 127, 127
L -3401, -217, -3, -3424, -405, -0, 127, 127, 127
L -3428, -59, 3, -3401, -217, -3, 127, 127, 127
L -3401, 146, -4, -3428, -59, 3, 127, 127, 127
L -3342, 220, -5, -3401, 146, -4, 127, 127, 127
L -3303, 229, -8, -3342, 220, -5, 127, 127, 127
L -3114, 194, -14, -3303, 229, -8, 127, 127, 127
L -3023, 193, -9, -3114, 194, -14, 127, 127, 127
L -2987, 200, -14, -3023, 193, -9, 127, 127, 127
L -2177, 206, -20, -2987, 200, -14, 127, 127, 127
L -2168, 209, -20, -2177, 206, -20, 127, 127, 127
L -2141, 240, -20, -2168, 209, -20, 127, 127, 127
L -2134, 384, -26, -2141, 240, -20, 127, 127, 127
L -2110, 428, -23, -2134, 384, -26, 127, 127, 127
L -2071, 452, -22, -2110, 428, -23, 127, 127, 127
L -1843, 484, 1, -2071, 452, -22, 127, 127, 127
L -1764, 478, 6, -1843, 484, 1, 127, 127, 127
L -1703, 469, 2, -1764, 478, 6, 127, 127, 127
L -1464, 461, 3, -1703, 469, 2, 127, 127, 127
L -1404, 450, 11, -1464, 461, 3, 127, 127, 127
L -1368, 432, 14, -1404, 450, 11, 127, 127, 127
L -1297, 312, 13, -1368, 432, 14, 127, 127, 127
L -1278, 298, 14, -1297, 312, 13, 127, 127, 127
L -1280, 262, 14, -1278, 298, 14, 127, 127, 127
L -1268, 238, 14, -1280, 262, 14, 127, 127, 127
L -1276, 144, 15, -1268, 238, 14, 127, 127, 127
L -1281, 136, 15, -1276, 144, 15, 127, 127, 127
L -1304, 135, 15, -1281, 136, 15, 127, 127, 127
L -1304, 130, 15, -1304, 135, 15, 127, 127, 127
L -1316, 119, 14, -1304, 130, 15, 127, 127, 127
L -1313, 89, 14, -1316, 119, 14, 127, 127, 127
L -1287, 63, 15, -1313, 89, 14, 127, 127, 127
L -1702, -231, 11, -1702, -216, 11, 0, 0, 0
L -1764, -230, 9, -1702, -231, 11, 0, 0, 0
L -1764, -243, 9, -1764, -230, 9, 0, 0, 0
L -1777, -243, 9, -1764, -243, 9, 0, 0, 0
L -1779, -306, 9, -1777, -243, 9, 0, 0, 0
L -1791, -305, 9, -1779, -306, 9, 0, 0, 0
L -1791, -243, 9, -1791, -305, 9, 0, 0, 0
L -1803, -243, 8, -1791, -243, 9, 0, 0, 0
L -1803, -230, 8, -1803, -243, 8, 0, 0, 0
L -1865, -228, 9, -1803, -230, 8, 0, 0, 0
L -1864, -216, 10, -1865, -228, 9, 0, 0, 0
L -1803, -215, 8, -1864, -216, 10, 0, 0, 0
L -1803, -203, 9, -1803, -215, 8, 0, 0, 0
L -1791, -203, 9, -1803, -203, 9, 0, 0, 0
L -1790, -140, 8, -1791, -203, 9, 0, 0, 0
L -1775, -140, 8, -1790, -140, 8, 0, 0, 0
L -1778, -205, 9, -1775, -140, 8, 0, 0, 0
L -1764, -205, 10, -1778, -205, 9, 0, 0, 0
L -1764, -215, 9, -1764, -205, 10, 0, 0, 0
L -1699, -215, 11, -1764, -215, 9, 0, 0, 0
L -2723, -384, -41, -2717, -397, -40, 0, 0, 127
L -2721, -359, -40, -2723, -384, -41, 0, 0, 127
L -2653, -242, -40, -2721, -359, -40, 0, 0, 127
L -2590, -180, -40, -2653, -242, -40, 0, 0, 127
L -2515, -128, -40, -2590, -180, -40, 0, 0, 127
L -2503, -123, -40, -2515, -128, -40, 0, 0, 127
L -2345, -106, -40, -2503, -123, -40, 0, 0, 127
L -2296, -112, -40, -2345, -106, -40, 0, 0, 127
L -2153, -186, -39, -2296, -112, -40, 0, 0, 127
L -2136, -217, -40, -2153, -186, -39, 0, 0, 127
L -2138, -356, -40, -2136, -217, -40, 0, 0, 127
L -2159, -376, -40, -2138, -356, -40, 0, 0, 127
L -2276, -433, -40, -2159, -376, -40, 0, 0, 127
L -2405, -417, -38, -2276, -433, -40, 0, 0, 127
L -2652, -433, -40, -2405, -417, -38, 0, 0, 127
L -2717, -398, -40, -2652, -433, -40, 0, 0, 127
L -3645, -1026, 36, -3687, -1149, 39, 0, 0, 0
L -3512, -875, 34, -3645, -1026, 36, 0, 0, 0
L -3506, -846, 32, -3512, -875, 34, 0, 0, 0
L -3525, -822, 48, -3506, -846, 32, 0, 0, 0
L -3532, -814, 48, -3525, -822, 48, 0, 0, 0
L -3555, -802, 47, -3532, -814, 48, 0, 0, 0
L -3583, -795, 57, -3555, -802, 47, 0, 0, 0
L -3608, -793, 59, -3583, -795, 57, 0, 0, 0
L -3627, -791, 65, -3608, -793, 59, 0, 0, 0
L -3697, -781, 70, -3627, -791, 65, 0, 0, 0
L -3723, -787, 78, -3697, -781, 70, 0, 0, 0
L -3729, -788, 78, -3723, -787, 78, 0, 0, 0
L -3733, -787, 77, -3729, -788, 78, 0, 0, 0
L -3762, -743, 80, -3733, -787, 77, 0, 0, 0
L -3781, -662, 82, -3762, -743, 80, 0, 0, 0
L -3773, -619, 65, -3781, -662, 82, 0, 0, 0
L -3708, -498, 72, -3773, -619, 65, 0, 0, 0
L -3716, -448, 68, -3708, -498, 72, 0, 0, 0
L -3735, -396, 47, -3716, -448, 68, 0, 0, 0
L -3773, -331, 28, -3735, -396, 47, 0, 0, 0
L -3790, -237, 53, -3773, -331, 28, 0, 0, 0
L -3779, -161, 63, -3790, -237, 53, 0, 0, 0
L -3727, -125, 67, -3779, -161, 63, 0, 0, 0
L -3684, -72, 74, -3727, -125, 67, 0, 0, 0
L -3684, -38, 73, -3684, -72, 74, 0, 0, 0
L -3693, 67, 25, -3684, -38, 73, 0, 0, 0
L -3683, 109, 17, -3693, 67, 25, 0, 0, 0
L -3622, 227, 5, -3683, 109, 17, 0, 0, 0
L -3604, 262, 19, -3622, 227, 5, 0, 0, 0
L -3597, 277, 33, -3604, 262, 19, 0, 0, 0
L -3580, 313, 44, -3597, 277, 33, 0, 0, 0
L -3575, 322, 43, -3580, 313, 44, 0, 0, 0
L -3573, 335, 45, -3575, 322, 43, 0, 0, 0
L -3577, 431, 13, -3573, 335, 45, 0, 0, 0
L -3601, 479, 14, -3577, 431, 13, 0, 0, 0
L -3628, 527, 24, -3601, 479, 14, 0, 0, 0
L -3616, 570, 20, -3628, 527, 24, 0, 0, 0
L -3591, 600, 16, -3616, 570, 20, 0, 0, 0
L -3549, 636, 19, -3591, 600, 16, 0, 0, 0
L -3532, 656, 15, -3549, 636, 19, 0, 0, 0
L -3479, 776, -0, -3532, 656, 15, 0, 0, 0
L -3431, 867, 12, -3479, 776, -0, 0, 0, 0
L -3232, 901, 23, -3431, 867, 12, 0, 0, 0
L -3224, 902, 28, -3232, 901, 23, 0, 0, 0
L -3198, 909, 36, -3224, 902, 28, 0, 0, 0
L -3171, 917, 30, -3198, 909, 36, 0, 0, 0
L -3146, 930, 33, -3171, 917, 30, 0, 0, 0
L -3118, 934, 39, -3146, 930, 33, 0, 0, 0
L -3033, 932, 78, -3118, 934, 39, 0, 0, 0
L -3010, 925, 82, -3033, 932, 78, 0, 0, 0
L -2972, 895, 82, -3010, 925, 82, 0, 0, 0
L -2949, 886, 94, -2972, 895, 82, 0, 0, 0
L -2925, 879, 94, -2949, 886, 94, 0, 0, 0
L -2893, 871, 104, -2925, 879, 94, 0, 0, 0
L -2875, 869, 118, -2893, 871, 104, 0, 0, 0
L -2777, 856, 124, -2875, 869, 118, 0, 0, 0
L -2744, 836, 111, -2777, 856, 124, 0, 0, 0
L -2739, 836, 114, -2744, 836, 111, 0, 0, 0
L -2720, 846, 127, -2739, 836, 114, 0, 0, 0
L -2711, 851, 128, -2720, 846, 127, 0, 0, 0
L -2704, 855, 127, -2711, 851, 128, 0, 0, 0
L -2669, 879, 130, -2704, 855, 127, 0, 0, 0
L -2660, 886, 121, -2669, 879, 130, 0, 0, 0
L -2641, 910, 161, -2660, 886, 121, 0, 0, 0
L -2635, 918, 164, -2641, 910, 161, 0, 0, 0
L -2612, 940, 140, -2635, 918, 164, 0, 0, 0
L -2592, 960, 143, -2612, 940, 140, 0, 0, 0
L -2580, 977, 169, -2592, 960, 143, 0, 0, 0
L -2552, 1014, 168, -2580, 977, 169, 0, 0, 0
L -2550, 1017, 170, -2552, 1014, 168, 0, 0, 0
L -2543, 1032, 171, -2550, 1017, 170, 0, 0, 0
L -2539, 1040, 169, -2543, 1032, 171, 0, 0, 0
L -2535, 1049, 175, -2539, 1040, 169, 0, 0, 0
L -2522, 1074, 184, -2535, 1049, 175, 0, 0, 0
L -2513, 1089, 172, -2522, 1074, 184, 0, 0, 0
L -2503, 1103, 170, -2513, 1089, 172, 0, 0, 0
L -2481, 1126, 115, -2503, 1103, 170, 0, 0, 0
L -2467, 1129, 109, -2481, 1126, 115, 0, 0, 0
L -2438, 1135, 115, -2467, 1129, 109, 0, 0, 0
L -2418, 1139, 114, -2438, 1135, 115, 0, 0, 0
L -2393, 1139, 106, -2418, 1139, 114, 0, 0, 0
L -2363, 1142, 102, -2393, 1139, 106, 0, 0, 0
L -2355, 1145, 99, -2363, 1142, 102, 0, 0, 0
L -2327, 1157, 96, -2355, 1145, 99, 0, 0, 0
L -2300, 1168, 109, -2327, 1157, 96, 0, 0, 0
L -2283, 1175, 109, -2300, 1168, 109, 0, 0, 0
L -2205, 1190, 127, -2283, 1175, 109, 0, 0, 0
L -2167, 1191, 123, -2205, 1190, 127, 0, 0, 0
L -2070, 1180, 123, -2167, 1191, 123, 0, 0, 0
L -2031, 1172, 117, -2070, 1180, 123, 0, 0, 0
L -1985, 1155, 118, -2031, 1172, 117, 0, 0, 0
L -1964, 1139, 107, -1985, 1155, 118, 0, 0, 0
L -1942, 1113, 101, -1964, 1139, 107, 0, 0, 0
L -1914, 1075, 102, -1942, 1113, 101, 0, 0, 0
L -1887, 1030, 107, -1914, 1075, 102, 0, 0, 0
L -1865, 1019, 111, -1887, 1030, 107, 0, 0, 0
L -1840, 1007, 100, -1865, 1019, 111, 0, 0, 0
L -1820, 1003, 102, -1840, 1007, 100, 0, 0, 0
L -1791, 1000, 96, -1820, 1003, 102, 0, 0, 0
L -1753, 996, 80, -1791, 1000, 96, 0, 0, 0
L -1722, 990, 101, -1753, 996, 80, 0, 0, 0
L -1675, 975, 114, -1722, 990, 101, 0, 0, 0
L -1567, 945, 111, -1675, 975, 114, 0, 0, 0
L -1508, 942, 136, -1567, 945, 111, 0, 0, 0
L -1405, 946, 137, -1508, 942, 136, 0, 0, 0
L -1338, 960, 122, -1405, 946, 137, 0, 0, 0
L -1276, 972, 101, -1338, 960, 122, 0, 0, 0
L -1258, 975, 99, -1276, 972, 101, 0, 0, 0
L -1210, 987, 97, -1258, 975, 99, 0, 0, 0
L -1192, 993, 90, -1210, 987, 97, 0, 0, 0
L -1184, 996, 90, -1192, 993, 90, 0, 0, 0
L -1166, 1006, 85, -1184, 996, 90, 0, 0, 0
L -1150, 1016, 76, -1166, 1006, 85, 0, 0, 0
L -1137, 1024, 74, -1150, 1016, 76, 0, 0, 0
L -1111, 1034, 85, -1137, 1024, 74, 0, 0, 0
L -1103, 1038, 86, -1111, 1034, 85, 0, 0, 0
L -1084, 1044, 76, -1103, 1038, 86, 0, 0, 0
L -1012, 1061, 64, -1084, 1044, 76, 0, 0, 0
L -1002, 1064, 57, -1012, 1061, 64, 0, 0, 0
L -964, 1074, 43, -1002, 1064, 57, 0, 0, 0
L -963, 1147, 41, -964, 1074, 43, 0, 0, 0
L -964, 1148, 41, -963, 1147, 41, 0, 0, 0
L -1052, 1145, 41, -964, 1148, 41, 0, 0, 0
L -1052, 1164, 41, -1052, 1145, 41, 0, 0, 0
L -942, 1166, 41, -1032, 1165, 41, 0, 0, 0
L -941, 1072, 41, -942, 1166, 41, 0, 0, 0
L -933, 1059, 41, -941, 1072, 41, 0, 0, 0
L -923, 1060, 49, -933, 1059, 41, 0, 0, 0
L -905, 1061, 55, -923, 1060, 49, 0, 0, 0
L -807, 1072, 41, -905, 1061, 55, 0, 0, 0
L -734, 1074, 55, -807, 1072, 41, 0, 0, 0
L -693, 1053, 60, -734, 1074, 55, 0, 0, 0
L -652, 1023, 76, -693, 1053, 60, 0, 0, 0
L -616, 1012, 80, -652, 1023, 76, 0, 0, 0
L -529, 971, 69, -616, 1012, 80, 0, 0, 0
L -510, 932, 66, -529, 971, 69, 0, 0, 0
L -496, 926, 75, -510, 932, 66, 0, 0, 0
L -450, 917, 85, -496, 926, 75, 0, 0, 0
L -395, 906, 85, -450, 917, 85, 0, 0, 0
L -347, 902, 96, -395, 906, 85, 0, 0, 0
L -306, 915, 93, -347, 902, 96, 0, 0, 0
L -290, 932, 90, -306, 915, 93, 0, 0, 0
L -221, 1060, 98, -290, 932, 90, 0, 0, 0
L -210, 1065, 99, -221, 1060, 98, 0, 0, 0
L -23, 1070, 114, -210, 1065, 99, 0, 0, 0
L 43, 1063, 138, -23, 1070, 114, 0, 0, 0
L 174, 1035, 149, 43, 1063, 138, 0, 0, 0
L 276, 1005, 134, 174, 1035, 149, 0, 0, 0
L 556, 1011, 107, 276, 1005, 134, 0, 0, 0
L 583, 1005, 103, 556, 1011, 107, 0, 0, 0
L 629, 1001, 82, 583, 1005, 103, 0, 0, 0
L 638, 1002, 80, 629, 1001, 82, 0, 0, 0
L 647, 1003, 72, 638, 1002, 80, 0, 0, 0
L 680, 1005, 68, 647, 1003, 72, 0, 0, 0
L 725, 1023, 63, 680, 1005, 68, 0, 0, 0
L 796, 1066, 52, 725, 1023, 63, 0, 0, 0
L 802, 1070, 49, 796, 1066, 52, 0, 0, 0
L 821, 1089, 56, 802, 1070, 49, 0, 0, 0
L 885, 1157, 51, 821, 1089, 56, 0, 0, 0
L 970, 1191, 58, 885, 1157, 51, 0, 0, 0
L 1095, 1168, 68, 970, 1191, 58, 0, 0, 0
L 1132, 1161, 78, 1095, 1168, 68, 0, 0, 0
L 1180, 1155, 76, 1132, 1161, 78, 0, 0, 0
L 1271, 1150, 48, 1180, 1155, 76, 0, 0, 0
L 1368, 1135, 48, 1271, 1150, 48, 0, 0, 0
L 1576, 1076, 88, 1368, 1135, 48, 0, 0, 0
L 1789, 1051, 50, 1576, 1076, 88, 0, 0, 0
L 1831, 1031, 41, 1789, 1051, 50, 0, 0, 0
L 1846, 1034, 49, 1831, 1031, 41, 0, 0, 0
L 1868, 1042, 48, 1846, 1034, 49, 0, 0, 0
L 1888, 1056, 30, 1868, 1042, 48, 0, 0, 0
L 1942, 1087, 24, 1888, 1056, 30, 0, 0, 0
L 1959, 1092, 32, 1942, 1087, 24, 0, 0, 0
L 2142, 1098, 50, 1959, 1092, 32, 0, 0, 0
L 2155, 1095, 45, 2142, 1098, 50, 0, 0, 0
L 2158, 1095, 47, 2155, 1095, 45, 0, 0, 0
L 2170, 1107, 55, 2158, 1095, 47, 0, 0, 0
L 2178, 1113, 48, 2170, 1107, 55, 0, 0, 0
L 2186, 1123, 54, 2178, 1113, 48, 0, 0, 0
L 2180, 1220, 64, 2186, 1123, 54, 0, 0, 0
L 2150, 1372, 61, 2180, 1220, 64, 0, 0, 0
L 2158, 1571, 57, 2150, 1372, 61, 0, 0, 0
L 2224, 1811, 19, 2158, 1571, 57, 0, 0, 0
L 2269, 1922, 49, 2224, 1811, 19, 0, 0, 0
L 2356, 2105, 53, 2269, 1922, 49, 0, 0, 0
L 2345, 1945, 49, 2399, 2072, 56, 0, 0, 0
L 2333, 1898, 30, 2345, 1945, 49, 0, 0, 0
L 2343, 1889, 30, 2333, 1898, 30, 0, 0, 0
L 2434, 1868, 34, 2343, 1889, 30, 0, 0, 0
L 2510, 1913, 41, 2434, 1868, 34, 0, 0, 0
L 2646, 2000, 33, 2510, 1913, 41, 0, 0, 0
L 2660, 2000, 36, 2646, 2000, 33, 0, 0, 0
L 2737, 1969, 41, 2660, 2000, 36, 0, 0, 0
L 2790, 1929, 54, 2737, 1969, 41, 0, 0, 0
L 2816, 1896, 45, 2790, 1929, 54, 0, 0, 0
L 2843, 1848, 47, 2816, 1896, 45, 0, 0, 0
L 2854, 1823, 41, 2843, 1848, 47, 0, 0, 0
L 2769, 1643, 37, 2854, 1823, 41, 0, 0, 0
L 2708, 1576, 51, 2769, 1643, 37, 0, 0, 0
L 2673, 1556, 48, 2708, 1576, 51, 0, 0, 0
L 2646, 1548, 42, 2673, 1556, 48, 0, 0, 0
L 2606, 1532, 51, 2646, 1548, 42, 0, 0, 0
L 2577, 1527, 47, 2606, 1532, 51, 0, 0, 0
L 2563, 1530, 52, 2577, 1527, 47, 0, 0, 0
L 2416, 1644, 36, 2563, 1530, 52, 0, 0, 0
L 2413, 1648, 32, 2416, 1644, 36, 0, 0, 0
L 2403, 1666, 32, 2413, 1648, 32, 0, 0, 0
L 2358, 1668, 30, 2403, 1666, 32, 0, 0, 0
L 2325, 1662, 27, 2358, 1668, 30, 0, 0, 0
L 2316, 1664, 26, 2325, 1662, 27, 0, 0, 0
L 2316, 1666, 26, 2316, 1664, 26, 0, 0, 0
L 2296, 1666, 23, 2316, 1666, 26, 0, 0, 0
L 2295, 1665, 23, 2296, 1666, 23, 0, 0, 0
L 2286, 1666, 23, 2295, 1665, 23, 0, 0, 0
L 2279, 1652, 32, 2286, 1666, 23, 0, 0, 0
L 2249, 1619, 44, 2279, 1652, 32, 0, 0, 0
L 2240, 1594, 57, 2249, 1619, 44, 0, 0, 0
L 2215, 1403, 62, 2240, 1594, 57, 0, 0, 0
L 2216, 1392, 64, 2215, 1403, 62, 0, 0, 0
L 2226, 1343, 59, 2216, 1392, 64, 0, 0, 0
L 2253, 1248, 68, 2226, 1343, 59, 0, 0, 0
L 2301, 1113, 48, 2253, 1248, 68, 0, 0, 0
L 2385, 1037, 47, 2301, 1113, 48, 0, 0, 0
L 2413, 1024, 53, 2385, 1037, 47, 0, 0, 0
L 2440, 1019, 41, 2413, 1024, 53, 0, 0, 0
L 2459, 1016, 39, 2440, 1019, 41, 0, 0, 0
L 2476, 1013, 42, 2459, 1016, 39, 0, 0, 0
L 2486, 1010, 51, 2476, 1013, 42, 0, 0, 0
L 2513, 1000, 61, 2486, 1010, 51, 0, 0, 0
L 2530, 994, 57, 2513, 1000, 61, 0, 0, 0
L 2562, 981, 60, 2530, 994, 57, 0, 0, 0
L 2620, 960, 50, 2562, 981, 60, 0, 0, 0
L 2658, 948, 72, 2620, 960, 50, 0, 0, 0
L 2667, 946, 73, 2658, 948, 72, 0, 0, 0
L 2713, 929, 59, 2667, 946, 73, 0, 0, 0
L 2751, 916, 59, 2713, 929, 59, 0, 0, 0
L 2816, 892, 75, 2751, 916, 59, 0, 0, 0
L 2879, 868, 76, 2816, 892, 75, 0, 0, 0
L 2923, 851, 66, 2879, 868, 76, 0, 0, 0
L 2958, 843, 66, 2923, 851, 66, 0, 0, 0
L 3020, 818, 68, 2958, 843, 66, 0, 0, 0
L 3243, 675, 63, 3020, 818, 68, 0, 0, 0
L 3275, 394, 31, 3243, 675, 63, 0, 0, 0
L 3284, 380, 33, 3275, 394, 31, 0, 0, 0
L 3331, 332, 21, 3284, 380, 33, 0, 0, 0
L 3378, 281, 23, 3331, 332, 21, 0, 0, 0
L 3400, 260, 35, 3378, 281, 23, 0, 0, 0
L 3419, 247, 47, 3400, 260, 35, 0, 0, 0
L 3444, 231, 48, 3419, 247, 47, 0, 0, 0
L 3475, 212, 42, 3444, 231, 48, 0, 0, 0
L 3544, 167, 53, 3475, 212, 42, 0, 0, 0
L 3568, 160, 60, 3544, 167, 53, 0, 0, 0
L 3595, 152, 51, 3568, 160, 60, 0, 0, 0
L 3618, 145, 33, 3595, 152, 51, 0, 0, 0
L 3672, 114, 30, 3618, 145, 33, 0, 0, 0
L 3726, 67, 29, 3672, 114, 30, 0, 0, 0
L 3763, 54, 33, 3726, 67, 29, 0, 0, 0
L 4053, 12, 18, 3763, 54, 33, 0, 0, 0
L 4077, 13, 18, 4053, 12, 18, 0, 0, 0
L 3705, -662, 36, 4051, -634, 30, 0, 0, 0
L 3461, -759, 38, 3705, -662, 36, 0, 0, 0
L 3366, -848, 64, 3461, -759, 38, 0, 0, 0
L 3183, -1023, 98, 3366, -848, 64, 0, 0, 0
L 3092, -1102, 109, 3183, -1023, 98, 0, 0, 0
L 3049, -1111, 106, 3092, -1102, 109, 0, 0, 0
L 2979, -1107, 78, 3049, -1111, 106, 0, 0, 0
L 2926, -1099, 78, 2979, -1107, 78, 0, 0, 0
L 2924, -1099, 79, 2926, -1099, 78, 0, 0, 0
L 2858, -1091, 78, 2924, -1099, 79, 0, 0, 0
L 2738, -1064, 55, 2858, -1091, 78, 0, 0, 0
L 2684, -1035, 38, 2738, -1064, 55, 0, 0, 0
L 2657, -1025, 42, 2684, -1035, 38, 0, 0, 0
L 2640, -1020, 40, 2657, -1025, 42, 0, 0, 0
L 2596, -1026, 45, 2640, -1020, 40, 0, 0, 0
L 2577, -1032, 42, 2596, -1026, 45, 0, 0, 0
L 2487, -1109, 40, 2577, -1032, 42, 0, 0, 0
L 2477, -1137, 61, 2487, -1109, 40, 0, 0, 0
L 2458, -1190, 64, 2477, -1137, 61, 0, 0, 0
L 2456, -1204, 67, 2458, -1190, 64, 0, 0, 0
L 2467, -1224, 75, 2456, -1204, 67, 0, 0, 0
L 2478, -1245, 73, 2467, -1224, 75, 0, 0, 0
L 2368, -1040, 42, 2400, -1296, 82, 0, 0, 0
L 2357, -958, 53, 2368, -1040, 42, 0, 0, 0
L 2357, -948, 51, 2357, -958, 53, 0, 0, 0
L 2341, -924, 53, 2357, -948, 51, 0, 0, 0
L 2277, -842, 47, 2341, -924, 53, 0, 0, 0
L 2236, -835, 85, 2277, -842, 47, 0, 0, 0
L 2227, -834, 86, 2236, -835, 85, 0, 0, 0
L 2184, -834, 101, 2227, -834, 86, 0, 0, 0
L 2072, -849, 105, 2184, -834, 101, 0, 0, 0
L 2032, -843, 92, 2072, -849, 105, 0, 0, 0
L 1957, -838, 52, 2032, -843, 92, 0, 0, 0
L 1915, -868, 32, 1957, -838, 52, 0, 0, 0
L 1851, -974, 10, 1915, -868, 32, 0, 0, 0
L 1802, -1016, 14, 1851, -974, 10, 0, 0, 0
L 1798, -1020, 11, 1802, -1016, 14, 0, 0, 0
L 1760, -1047, 14, 1798, -1020, 11, 0, 0, 0
L 1727, -1056, 13, 1760, -1047, 14, 0, 0, 0
L 1694, -1062, 16, 1727, -1056, 13, 0, 0, 0
L 1665, -1066, 11, 1694, -1062, 16, 0, 0, 0
L 1647, -1069, 15, 1665, -1066, 11, 0, 0, 0
L 1628, -1072, 10, 1647, -1069, 15, 0, 0, 0
L 1561, -1085, 19, 1628, -1072, 10, 0, 0, 0
L 1517, -1084, 13, 1561, -1085, 19, 0, 0, 0
L 1418, -1058, -9, 1517, -1084, 13, 0, 0, 0
L 1198, -1067, -6, 1418, -1058, -9, 0, 0, 0
L 1146, -1063, 14, 1198, -1067, -6, 0, 0, 0
L 1138, -1064, 19, 1146, -1063, 14, 0, 0, 0
L 1121, -1067, 20, 1138, -1064, 19, 0, 0, 0
L 1096, -1071, 13, 1121, -1067, 20, 0, 0, 0
L 1026, -1081, 16, 1096, -1071, 13, 0, 0, 0
L 1002, -1084, 9, 1026, -1081, 16, 0, 0, 0
L 967, -1089, 11, 1002, -1084, 9, 0, 0, 0
L 866, -1131, 21, 967, -1089, 11, 0, 0, 0
L 794, -1137, 19, 866, -1131, 21, 0, 0, 0
L 732, -1132, 21, 794, -1137, 19, 0, 0, 0
L 729, -1132, 25, 732, -1132, 21, 0, 0, 0
L 701, -1149, 40, 729, -1132, 25, 0, 0, 0
L 683, -1164, 58, 701, -1149, 40, 0, 0, 0
L 670, -1175, 62, 683, -1164, 58, 0, 0, 0
L 632, -1181, 73, 670, -1175, 62, 0, 0, 0
L 592, -1155, 69, 632, -1181, 73, 0, 0, 0
L 546, -1088, 55, 592, -1155, 69, 0, 0, 0
L 536, -1079, 52, 546, -1088, 55, 0, 0, 0
L 512, -1036, 32, 536, -1079, 52, 0, 0, 0
L 497, -993, 20, 512, -1036, 32, 0, 0, 0
L 467, -970, 18, 497, -993, 20, 0, 0, 0
L 462, -968, 28, 467, -970, 18, 0, 0, 0
L 452, -965, 33, 462, -968, 28, 0, 0, 0
L 443, -962, 27, 452, -965, 33, 0, 0, 0
L 396, -945, 29, 443, -962, 27, 0, 0, 0
L 361, -927, 49, 396, -945, 29, 0, 0, 0
L 332, -912, 52, 361, -927, 49, 0, 0, 0
L 305, -896, 58, 332, -912, 52, 0, 0, 0
L 273, -874, 55, 305, -896, 58, 0, 0, 0
L 212, -842, 72, 273, -874, 55, 0, 0, 0
L 203, -839, 80, 212, -842, 72, 0, 0, 0
L 183, -836, 92, 203, -839, 80, 0, 0, 0
L 165, -835, 96, 183, -836, 92, 0, 0, 0
L 117, -836, 93, 165, -835, 96, 0, 0, 0
L 112, -840, 98, 117, -836, 93, 0, 0, 0
L 77, -866, 108, 112, -840, 98, 0, 0, 0
L -24, -965, 120, 77, -866, 108, 0, 0, 0
L -50, -990, 113, -24, -965, 120, 0, 0, 0
L -61, -1000, 106, -50, -990, 113, 0, 0, 0
L -86, -1038, 94, -61, -1000, 106, 0, 0, 0
L -104, -1061, 93, -86, -1038, 94, 0, 0, 0
L -180, -1102, 71, -104, -1061, 93, 0, 0, 0
L -269, -1143, 31, -180, -1102, 71, 0, 0, 0
L -293, -1147, 22, -269, -1143, 31, 0, 0, 0
L -294, -1149, 21, -293, -1147, 22, 0, 0, 0
L -295, -1148, 21, -294, -1149, 21, 0, 0, 0
L -297, -1145, 20, -295, -1148, 21, 0, 0, 0
L -303, -1165, 22, -297, -1145, 20, 0, 0, 0
L -433, -1208, 6, -303, -1165, 22, 0, 0, 0
L -521, -1194, -4, -433, -1208, 6, 0, 0, 0
L -605, -1160, -7, -521, -1194, -4, 0, 0, 0
L -742, -1055, 11, -605, -1160, -7, 0, 0, 0
L -752, -1049, 15, -742, -1055, 11, 0, 0, 0
L -752, -1046, 14, -752, -1049, 15, 0, 0, 0
L -830, -986, 62, -752, -1046, 14, 0, 0, 0
L -867, -986, 85, -830, -986, 62, 0, 0, 0
L -935, -998, 104, -867, -986, 85, 0, 0, 0
L -948, -1000, 102, -935, -998, 104, 0, 0, 0
L -965, -1003, 94, -948, -1000, 102, 0, 0, 0
L -991, -1005, 94, -965, -1003, 94, 0, 0, 0
L -1026, -1007, 77, -991, -1005, 94, 0, 0, 0
L -1054, -1005, 54, -1026, -1007, 77, 0, 0, 0
L -1071, -1005, 46, -1054, -1005, 54, 0, 0, 0
L -1080, -1005, 45, -1071, -1005, 46, 0, 0, 0
L -1102, -1009, 60, -1080, -1005, 45, 0, 0, 0
L -1133, -1010, 73, -1102, -1009, 60, 0, 0, 0
L -1165, -1000, 81, -1133, -1010, 73, 0, 0, 0
L -1172, -996, 82, -1165, -1000, 81, 0, 0, 0
L -1175, -993, 80, -1172, -996, 82, 0, 0, 0
L -1191, -977, 90, -1175, -993, 80, 0, 0, 0
L -1220, -950, 109, -1191, -977, 90, 0, 0, 0
L -1252, -840, 91, -1220, -950, 109, 0, 0, 0
L -1245, -819, 85, -1252, -840, 91, 0, 0, 0
L -1248, -788, 81, -1245, -819, 85, 0, 0, 0
L -1259, -757, 67, -1248, -788, 81, 0, 0, 0
L -1276, -749, 55, -1259, -757, 67, 0, 0, 0
L -1313, -754, 32, -1276, -749, 55, 0, 0, 0
L -1336, -777, 20, -1313, -754, 32, 0, 0, 0
L -1345, -808, 20, -1336, -777, 20, 0, 0, 0
L -1343, -848, 18, -1345, -808, 20, 0, 0, 0
L -1328, -950, 42, -1343, -848, 18, 0, 0, 0
L -1330, -1012, 71, -1328, -950, 42, 0, 0, 0
L -1328, -1163, 84, -1330, -1012, 71, 0, 0, 0
L -1339, -1175, 82, -1328, -1163, 84, 0, 0, 0
L -1380, -1197, 79, -1339, -1175, 82, 0, 0, 0
L -1483, -1200, 77, -1380, -1197, 79, 0, 0, 0
L -1537, -1177, 76, -1483, -1200, 77, 0, 0, 0
L -1585, -1141, 83, -1537, -1177, 76, 0, 0, 0
L -1565, -1046, 72, -1585, -1141, 83, 0, 0, 0
L -1544, -1008, 67, -1565, -1046, 72, 0, 0, 0
L -1515, -970, 61, -1544, -1008, 67, 0, 0, 0
L -1474, -907, 23, -1515, -970, 61, 0, 0, 0
L -1529, -889, -5, -1474, -907, 23, 0, 0, 0
L -1562, -888, -10, -1529, -889, -5, 0, 0, 0
L -1568, -888, -10, -1562, -888, -10, 0, 0, 0
L -1578, -891, -1, -1568, -888, -10, 0, 0, 0
L -1605, -901, 8, -1578, -891, -1, 0, 0, 0
L -1619, -911, 15, -1605, -901, 8, 0, 0, 0
L -1645, -921, 14, -1619, -911, 15, 0, 0, 0
L -1732, -951, 1, -1645, -921, 14, 0, 0, 0
L -1801, -978, 15, -1732, -951, 1, 0, 0, 0
L -1819, -987, 15, -1801, -978, 15, 0, 0, 0
L -1856, -1026, 28, -1819, -987, 15, 0, 0, 0
L -1941, -1104, 34, -1856, -1026, 28, 0, 0, 0
L -1955, -1118, 31, -1941, -1104, 34, 0, 0, 0
L -1961, -1124, 32, -1955, -1118, 31, 0, 0, 0
L -1966, -1130, 29, -1961, -1124, 32, 0, 0, 0
L -2010, -1182, 33, -1966, -1130, 29, 0, 0, 0
L -2123, -1289, 29, -2010, -1182, 33, 0, 0, 0
L -2223, -1305, 34, -2123, -1289, 29, 0, 0, 0
L -2248, -1312, 28, -2223, -1305, 34, 0, 0, 0
L -2386, -1330, 30, -2248, -1312, 28, 0, 0, 0
L -2406, -1324, 33, -2386, -1330, 30, 0, 0, 0
L -2411, -1321, 31, -2406, -1324, 33, 0, 0, 0
L -2513, -1267, 38, -2411, -1321, 31, 0, 0, 0
L -2517, -1264, 41, -2513, -1267, 38, 0, 0, 0
L -2541, -1252, 44, -2517, -1264, 41, 0, 0, 0
L -2557, -1243, 36, -2541, -1252, 44, 0, 0, 0
L -2562, -1242, 38, -2557, -1243, 36, 0, 0, 0
L -2599, -1230, 41, -2562, -1242, 38, 0, 0, 0
L -2635, -1219, 35, -2599, -1230, 41, 0, 0, 0
L -2666, -1209, 42, -2635, -1219, 35, 0, 0, 0
L -2719, -1196, 24, -2666, -1209, 42, 0, 0, 0
L -2746, -1191, 21, -2719, -1196, 24, 0, 0, 0
L -2775, -1175, 17, -2746, -1191, 21, 0, 0, 0
L -2813, -1132, 14, -2775, -1175, 17, 0, 0, 0
L -2817, -1128, 15, -2813, -1132, 14, 0, 0, 0
L -2824, -1122, 10, -2817, -1128, 15, 0, 0, 0
L -2874, -1092, 17, -2824, -1122, 10, 0, 0, 0
L -2916, -1086, 23, -2874, -1092, 17, 0, 0, 0
L -2921, -1087, 28, -2916, -1086, 23, 0, 0, 0
L -3024, -1135, 38, -2921, -1087, 28, 0, 0, 0
L -3128, -1178, 32, -3024, -1135, 38, 0, 0, 0
L -3173, -1180, 36, -3128, -1178, 32, 0, 0, 0
L -3222, -1161, 40, -3173, -1180, 36, 0, 0, 0
L -3252, -1143, 51, -3222, -1161, 40, 0, 0, 0
L -3251, -1109, 35, -3252, -1143, 51, 0, 0, 0
L -3242, -1038, 31, -3251, -1109, 35, 0, 0, 0
L -3242, -1006, 33, -3242, -1038, 31, 0, 0, 0
L -3241, -1003, 31, -3242, -1006, 33, 0, 0, 0
L -3242, -943, 21, -3241, -1003, 31, 0, 0, 0
L -3275, -905, 32, -3242, -943, 21, 0, 0, 0
L -3321, -895, 37, -3275, -905, 32, 0, 0, 0
L -3389, -900, 40, -3321, -895, 37, 0, 0, 0
L -3449, -931, 49, -3389, -900, 40, 0, 0, 0
L -3590, -1040, 42, -3449, -931, 49, 0, 0, 0
L -3630, -1109, 45, -3590, -1040, 42, 0, 0, 0
L -3651, -1166, 37, -3630, -1109, 45, 0, 0, 0
L -3652, -1183, 36, -3651, -1166, 37, 0, 0, 0
