L -153, 1776, -190, -153, 1767, -190, 0, 0, 0
L -95, 1775, -193, -153, 1776, -190, 0, 0, 0
L -95, 1905, -169, -95, 1775, -193, 0, 0, 0
L -225, 1905, -169, -95, 1905, -169, 0, 0, 0
L -225, 1818, -191, -225, 1905, -169, 0, 0, 0
L -224, 1776, -194, -225, 1818, -191, 0, 0, 0
L -165, 1780, -194, -224, 1776, -194, 0, 0, 0
L -165, 1767, -194, -165, 1780, -194, 0, 0, 0
L -232, 1768, -194, -165, 1767, -194, 0, 0, 0
L -233, 1912, -194, -232, 1768, -194, 0, 0, 0
L -88, 1912, -194, -233, 1912, -194, 0, 0, 0
L -87, 1766, -194, -88, 1912, -194, 0, 0, 0
L -153, 1767, -194, -87, 1766, -194, 0, 0, 0
L 2250, 1417, -763, 2255, 1279, -764, 0, 0, 0
L 2375, 1414, -765, 2250, 1417, -763, 0, 0, 0
L 2374, 1457, -762, 2375, 1414, -765, 0, 0, 0
L 2400, 1457, -755, 2374, 1457, -762, 0, 0, 0
L 2434, 1455, -755, 2400, 1457, -755, 0, 0, 0
L 2434, 1496, -755, 2434, 1455, -755, 0, 0, 0
L 2476, 1497, -758, 2434, 1496, -755, 0, 0, 0
L 2476, 1375, -762, 2476, 1497, -758, 0, 0, 0
L 2383, 1377, -762, 2476, 1375, -762, 0, 0, 0
L 2383, 1383, -762, 2383, 1377, -762, 0, 0, 0
L 2287, 1382, -762, 2383, 1383, -762, 0, 0, 0
L 2286, 1380, -762, 2287, 1382, -762, 0, 0, 0
L 2287, 1276, -762, 2286, 1380, -762, 0, 0, 0
L 2287, 876, -762, 2287, 962, -762, 0, 0, 0
L 2288, 875, -762, 2287, 876, -762, 0, 0, 0
L 2288, 854, -762, 2288, 875, -762, 0, 0, 0
L 2308, 857, -762, 2288, 854, -762, 0, 0, 0
L 2310, 857, -765, 2308, 857, -762, 0, 0, 0
L 2416, 856, -765, 2310, 857, -765, 0, 0, 0
L 2414, 886, -765, 2416, 856, -765, 0, 0, 0
L 2506, 885, -765, 2414, 886, -765, 0, 0, 0
L 2506, 793, -765, 2506, 885, -765, 0, 0, 0
L 2493, 794, -765, 2506, 793, -765, 0, 0, 0
L 2493, 784, -765, 2493, 794, -765, 0, 0, 0
L 2515, 783, -765, 2493, 784, -765, 0, 0, 0
L 2516, 744, -765, 2515, 783, -765, 0, 0, 0
L 2445, 743, -764, 2516, 744, -765, 0, 0, 0
L 2446, 780, -764, 2445, 743, -764, 0, 0, 0
L 2479, 782, -764, 2446, 780, -764, 0, 0, 0
L 2481, 793, -764, 2479, 782, -764, 0, 0, 0
L 2416, 793, -764, 2481, 793, -764, 0, 0, 0
L 2415, 822, -764, 2416, 793, -764, 0, 0, 0
L 2414, 825, -765, 2415, 822, -764, 0, 0, 0
L 2254, 820, -765, 2414, 825, -765, 0, 0, 0
L 2254, 966, -769, 2254, 820, -765, 0, 0, 0
L 2278, 1074, -769, 2254, 1061, -769, 127, 127, 127
L 2286, 1084, -769, 2278, 1074, -769, 127, 127, 127
L 2291, 1098, -769, 2286, 1084, -769, 127, 127, 127
L 2290, 1111, -769, 2291, 1098, -769, 127, 127, 127
L 2271, 1111, -761, 2290, 1111, -769, 127, 127, 127
L 2271, 1107, -761, 2271, 1111, -761, 127, 127, 127
L 2283, 1107, -761, 2271, 1107, -761, 127, 127, 127
L 2281, 1093, -760, 2283, 1107, -761, 127, 127, 127
L 2266, 1074, -759, 2281, 1093, -760, 127, 127, 127
L 2253, 1067, -758, 2266, 1074, -759, 127, 127, 127
L 2195, 1067, -761, 2253, 1067, -758, 127, 127, 127
L 2175, 1083, -761, 2195, 1067, -761, 127, 127, 127
L 2165, 1102, -761, 2175, 1083, -761, 127, 127, 127
L 2164, 1141, -761, 2165, 1102, -761, 127, 127, 127
L 2173, 1158, -761, 2164, 1141, -761, 127, 127, 127
L 2202, 1173, -761, 2173, 1158, -761, 127, 127, 127
L 2263, 1168, -761, 2202, 1173, -761, 127, 127, 127
L 2278, 1156, -761, 2263, 1168, -761, 127, 127, 127
L 2286, 1141, -761, 2278, 1156, -761, 127, 127, 127
L 2280, 1133, -761, 2286, 1141, -761, 127, 127, 127
L 2268, 1132, -761, 2280, 1133, -761, 127, 127, 127
L 2268, 1128, -761, 2268, 1132, -761, 127, 127, 127
L 2291, 1128, -771, 2268, 1128, -761, 127, 127, 127
L 2277, 1165, -771, 2291, 1128, -771, 127, 127, 127
L 2256, 1180, -771, 2277, 1165, -771, 127, 127, 127
L 2246, 1181, -771, 2256, 1180, -771, 127, 127, 127
L 2226, 1183, -783, 2246, 1181, -771, 127, 127, 127
L 2200, 1181, -784, 2226, 1183, -783, 127, 127, 127
L 2170, 1161, -784, 2200, 1181, -784, 127, 127, 127
L 2156, 1122, -783, 2170, 1161, -784, 127, 127, 127
L 2169, 1079, -783, 2156, 1122, -783, 127, 127, 127
L 2197, 1060, -782, 2169, 1079, -783, 127, 127, 127
L 2252, 1059, -771, 2197, 1060, -782, 127, 127, 127
L 2219, 1047, -786, 2254, 1046, -771, 127, 127, 127
L 2198, 1047, -789, 2219, 1047, -786, 127, 127, 127
L 2197, 1043, -789, 2198, 1047, -789, 127, 127, 127
L 2125, 1048, -789, 2197, 1043, -789, 127, 127, 127
L 2106, 1065, -789, 2125, 1048, -789, 127, 127, 127
L 2086, 1104, -789, 2106, 1065, -789, 127, 127, 127
L 1884, 1106, -688, 2086, 1104, -789, 127, 127, 127
L 1883, 1105, -687, 1884, 1106, -688, 127, 127, 127
L 1893, 1097, -688, 1883, 1105, -687, 127, 127, 127
L 1921, 1096, -690, 1893, 1097, -688, 127, 127, 127
L 2057, 1097, -737, 1921, 1096, -690, 127, 127, 127
L 2088, 1097, -737, 2057, 1097, -737, 127, 127, 127
L 2089, 1090, -737, 2088, 1097, -737, 127, 127, 127
L 2089, 1088, -738, 2089, 1090, -737, 127, 127, 127
L 2106, 1060, -736, 2089, 1088, -738, 127, 127, 127
L 2122, 1048, -734, 2106, 1060, -736, 127, 127, 127
L 2146, 1042, -734, 2122, 1048, -734, 127, 127, 127
L 2149, 1042, -742, 2146, 1042, -734, 127, 127, 127
L 2198, 1043, -743, 2149, 1042, -742, 127, 127, 127
L 2199, 921, -689, 2198, 1043, -743, 127, 127, 127
L 2144, 920, -689, 2199, 921, -689, 127, 127, 127
L 2069, 938, -689, 2144, 920, -689, 127, 127, 127
L 1992, 980, -689, 2069, 938, -689, 127, 127, 127
L 1939, 1045, -689, 1992, 980, -689, 127, 127, 127
L 1927, 1096, -689, 1939, 1045, -689, 127, 127, 127
L 1735, 950, -605, 1735, 948, -605, 59, 46, 0
L 1736, 951, -605, 1735, 950, -605, 59, 46, 0
L 1749, 952, -605, 1736, 951, -605, 59, 46, 0
L 1750, 1000, -605, 1749, 952, -605, 59, 46, 0
L 1742, 1000, -605, 1750, 1000, -605, 59, 46, 0
L 1742, 1016, -605, 1742, 1000, -605, 59, 46, 0
L 1753, 1017, -605, 1742, 1016, -605, 59, 46, 0
L 1751, 1074, -608, 1753, 1017, -605, 59, 46, 0
L 1750, 1075, -608, 1751, 1074, -608, 59, 46, 0
L 1734, 1076, -609, 1750, 1075, -608, 59, 46, 0
L 1733, 1285, -613, 1734, 1076, -609, 59, 46, 0
L 1737, 1286, -613, 1733, 1285, -613, 59, 46, 0
L 1737, 1350, -646, 1737, 1286, -613, 59, 46, 0
L 1736, 1351, -646, 1737, 1350, -646, 59, 46, 0
L 1734, 1492, -649, 1736, 1351, -646, 59, 46, 0
L 1735, 1493, -649, 1734, 1492, -649, 59, 46, 0
L 1736, 1494, -649, 1735, 1493, -649, 59, 46, 0
L 1737, 1507, -649, 1736, 1494, -649, 59, 46, 0
L 1807, 1505, -654, 1737, 1507, -649, 59, 46, 0
L 1863, 1504, -682, 1807, 1505, -654, 59, 46, 0
L 2101, 1503, -682, 1863, 1504, -682, 59, 46, 0
L 2103, 1362, -682, 2101, 1503, -682, 59, 46, 0
L 2069, 1354, -682, 2103, 1362, -682, 59, 46, 0
L 2047, 1337, -682, 2069, 1354, -682, 59, 46, 0
L 2030, 1344, -682, 2047, 1337, -682, 59, 46, 0
L 1950, 1295, -682, 2030, 1344, -682, 59, 46, 0
L 1908, 1235, -682, 1950, 1295, -682, 59, 46, 0
L 1895, 1203, -682, 1908, 1235, -682, 59, 46, 0
L 1880, 1192, -682, 1895, 1203, -682, 59, 46, 0
L 1863, 1203, -682, 1880, 1192, -682, 59, 46, 0
L 1857, 1215, -682, 1863, 1203, -682, 59, 46, 0
L 1807, 1216, -682, 1857, 1215, -682, 59, 46, 0
L 1806, 1205, -682, 1807, 1216, -682, 59, 46, 0
L 1801, 1205, -682, 1806, 1205, -682, 59, 46, 0
L 1801, 1161, -682, 1801, 1205, -682, 59, 46, 0
L 1805, 1161, -682, 1801, 1161, -682, 59, 46, 0
L 1805, 1151, -682, 1805, 1161, -682, 59, 46, 0
L 1802, 1149, -683, 1805, 1151, -682, 59, 46, 0
L 1801, 1096, -683, 1802, 1149, -683, 59, 46, 0
L 1804, 1096, -683, 1801, 1096, -683, 59, 46, 0
L 1805, 1079, -683, 1804, 1096, -683, 59, 46, 0
L 1801, 1077, -683, 1805, 1079, -683, 59, 46, 0
L 1801, 1039, -683, 1801, 1077, -683, 59, 46, 0
L 1805, 1039, -683, 1801, 1039, -683, 59, 46, 0
L 1805, 1027, -683, 1805, 1039, -683, 59, 46, 0
L 1806, 1026, -683, 1805, 1027, -683, 59, 46, 0
L 1858, 1025, -683, 1806, 1026, -683, 59, 46, 0
L 1860, 1035, -683, 1858, 1025, -683, 59, 46, 0
L 1867, 1042, -683, 1860, 1035, -683, 59, 46, 0
L 1878, 1047, -683, 1867, 1042, -683, 59, 46, 0
L 1893, 1042, -683, 1878, 1047, -683, 59, 46, 0
L 1904, 1022, -682, 1893, 1042, -683, 59, 46, 0
L 1901, 1006, -682, 1904, 1022, -682, 59, 46, 0
L 1955, 940, -682, 1901, 1006, -682, 59, 46, 0
L 2014, 908, -682, 1955, 940, -682, 59, 46, 0
L 2059, 895, -682, 2014, 908, -682, 59, 46, 0
L 2072, 881, -682, 2059, 895, -682, 59, 46, 0
L 2099, 882, -682, 2072, 881, -682, 59, 46, 0
L 2103, 876, -682, 2099, 882, -682, 59, 46, 0
L 2103, 746, -682, 2103, 876, -682, 59, 46, 0
L 2101, 745, -682, 2103, 746, -682, 59, 46, 0
L 2100, 738, -682, 2101, 745, -682, 59, 46, 0
L 2090, 735, -681, 2100, 738, -682, 59, 46, 0
L 1774, 734, -601, 2090, 735, -681, 59, 46, 0
L 1739, 737, -600, 1774, 734, -601, 59, 46, 0
L 1739, 738, -600, 1739, 737, -600, 59, 46, 0
L 1734, 742, -600, 1739, 738, -600, 59, 46, 0
L 1735, 946, -600, 1734, 742, -600, 59, 46, 0
L 1254, 1072, -569, 1255, 1216, -569, 59, 46, 0
L 1270, 1067, -569, 1254, 1072, -569, 59, 46, 0
L 1272, 1024, -569, 1270, 1067, -569, 59, 46, 0
L 1460, 1024, -571, 1272, 1024, -569, 59, 46, 0
L 1520, 1025, -601, 1460, 1024, -571, 59, 46, 0
L 1559, 1024, -608, 1520, 1025, -601, 59, 46, 0
L 1687, 1024, -608, 1559, 1024, -608, 59, 46, 0
L 1689, 1068, -609, 1687, 1024, -608, 59, 46, 0
L 1705, 1068, -609, 1689, 1068, -609, 59, 46, 0
L 1706, 1278, -610, 1705, 1068, -609, 59, 46, 0
L 1704, 1288, -615, 1706, 1278, -610, 59, 46, 0
L 1700, 1536, -644, 1704, 1288, -615, 59, 46, 0
L 1708, 1537, -649, 1700, 1536, -644, 59, 46, 0
L 1794, 1534, -650, 1708, 1537, -649, 59, 46, 0
L 1868, 1536, -684, 1794, 1534, -650, 59, 46, 0
L 2137, 1538, -685, 1868, 1536, -684, 59, 46, 0
L 2137, 1529, -689, 2137, 1538, -685, 59, 46, 0
L 2139, 1370, -689, 2137, 1529, -689, 59, 46, 0
L 2179, 1374, -689, 2139, 1370, -689, 59, 46, 0
L 2185, 1368, -689, 2179, 1374, -689, 59, 46, 0
L 2197, 1362, -689, 2185, 1368, -689, 59, 46, 0
L 2199, 1264, -694, 2197, 1362, -689, 59, 46, 0
L 2200, 1262, -693, 2199, 1264, -694, 59, 46, 0
L 2201, 1262, -693, 2200, 1262, -693, 59, 46, 0
L 2203, 1198, -733, 2201, 1262, -693, 59, 46, 0
L 2246, 1197, -734, 2203, 1198, -733, 59, 46, 0
L 2248, 1198, -733, 2246, 1197, -734, 59, 46, 0
L 2248, 1200, -733, 2248, 1198, -733, 59, 46, 0
L 2250, 1200, -734, 2248, 1200, -733, 59, 46, 0
L 2250, 1205, -730, 2250, 1200, -734, 59, 46, 0
L 2246, 1279, -721, 2250, 1205, -730, 59, 46, 0
L 2293, 1279, -717, 2246, 1279, -721, 59, 46, 0
L 2370, 1245, -715, 2293, 1279, -717, 59, 46, 0
L 2411, 1178, -713, 2370, 1245, -715, 59, 46, 0
L 2418, 1148, -713, 2411, 1178, -713, 59, 46, 0
L 2365, 1144, -712, 2418, 1148, -713, 59, 46, 0
L 2351, 1132, -711, 2365, 1144, -712, 59, 46, 0
L 2360, 1090, -710, 2351, 1132, -711, 59, 46, 0
L 2414, 1091, -706, 2360, 1090, -710, 59, 46, 0
L 2416, 1090, -705, 2414, 1091, -706, 59, 46, 0
L 2402, 1045, -703, 2416, 1090, -705, 59, 46, 0
L 2367, 995, -702, 2402, 1045, -703, 59, 46, 0
L 2300, 966, -702, 2367, 995, -702, 59, 46, 0
L 2247, 959, -697, 2300, 966, -702, 59, 46, 0
L 2246, 975, -696, 2247, 959, -697, 59, 46, 0
L 2247, 1039, -731, 2246, 975, -696, 59, 46, 0
L 2242, 1041, -731, 2247, 1039, -731, 59, 46, 0
L 2194, 1039, -728, 2242, 1041, -731, 59, 46, 0
L 2197, 1029, -727, 2194, 1039, -728, 59, 46, 0
L 2196, 901, -684, 2197, 1029, -727, 59, 46, 0
L 2197, 883, -684, 2196, 901, -684, 59, 46, 0
L 2176, 872, -684, 2197, 883, -684, 59, 46, 0
L 2141, 870, -684, 2176, 872, -684, 59, 46, 0
L 2136, 847, -684, 2141, 870, -684, 59, 46, 0
L 2135, 707, -683, 2136, 847, -684, 59, 46, 0
L 2134, 706, -683, 2135, 707, -683, 59, 46, 0
L 2077, 707, -676, 2134, 706, -683, 59, 46, 0
L 1764, 705, -600, 2077, 707, -676, 59, 46, 0
L 1704, 701, -599, 1764, 705, -600, 59, 46, 0
L 1703, 952, -599, 1704, 701, -599, 59, 46, 0
L 1694, 953, -599, 1703, 952, -599, 59, 46, 0
L 1694, 997, -599, 1694, 953, -599, 59, 46, 0
L 1580, 996, -598, 1694, 997, -599, 59, 46, 0
L 1526, 996, -588, 1580, 996, -598, 59, 46, 0
L 1454, 997, -566, 1526, 996, -588, 59, 46, 0
L 1275, 995, -564, 1454, 997, -566, 59, 46, 0
L 1271, 983, -564, 1275, 995, -564, 59, 46, 0
L 1272, 940, -564, 1271, 983, -564, 59, 46, 0
L 1208, 940, -564, 1272, 940, -564, 59, 46, 0
L 1209, 1001, -564, 1208, 940, -564, 59, 46, 0
L 1217, 1001, -564, 1209, 1001, -564, 59, 46, 0
L 1217, 1021, -564, 1217, 1001, -564, 59, 46, 0
L 1208, 1021, -564, 1217, 1021, -564, 59, 46, 0
L 1209, 1074, -564, 1208, 1021, -564, 59, 46, 0
L 1225, 1074, -564, 1209, 1074, -564, 59, 46, 0
L 1223, 1209, -565, 1225, 1074, -564, 59, 46, 0
L 1224, 1221, -567, 1223, 1209, -565, 59, 46, 0
L 1204, 1277, -253, 1198, 1303, -253, 127, 64, 0
L 1228, 1261, -251, 1204, 1277, -253, 127, 64, 0
L 1241, 1259, -251, 1228, 1261, -251, 127, 64, 0
L 1242, 1258, -251, 1241, 1259, -251, 127, 64, 0
L 1248, 1257, -251, 1242, 1258, -251, 127, 64, 0
L 1263, 1262, -251, 1248, 1257, -251, 127, 64, 0
L 1286, 1300, -251, 1263, 1262, -251, 127, 64, 0
L 1285, 1302, -254, 1286, 1300, -251, 127, 64, 0
L 1283, 1302, -254, 1285, 1302, -254, 127, 64, 0
L 1277, 1322, -254, 1283, 1302, -254, 127, 64, 0
L 1257, 1341, -254, 1277, 1322, -254, 127, 64, 0
L 1224, 1340, -254, 1257, 1341, -254, 127, 64, 0
L 1213, 1333, -254, 1224, 1340, -254, 127, 64, 0
L 1203, 1317, -254, 1213, 1333, -254, 127, 64, 0
L 1199, 1304, -252, 1203, 1317, -254, 127, 64, 0
L 1255, 1085, -253, 1256, 1129, -249, 127, 64, 0
L 1258, 1085, -253, 1255, 1085, -253, 127, 64, 0
L 1259, 1016, -288, 1258, 1085, -253, 127, 64, 0
L 1256, 1013, -288, 1259, 1016, -288, 127, 64, 0
L 1255, 887, -289, 1256, 1013, -288, 127, 64, 0
L 1256, 886, -289, 1255, 887, -289, 127, 64, 0
L 1257, 865, -289, 1256, 886, -289, 127, 64, 0
L 1354, 864, -290, 1257, 865, -289, 127, 64, 0
L 1440, 865, -328, 1354, 864, -290, 127, 64, 0
L 1484, 866, -329, 1440, 865, -328, 127, 64, 0
L 1485, 867, -329, 1484, 866, -329, 127, 64, 0
L 1499, 867, -329, 1485, 867, -329, 127, 64, 0
L 1505, 881, -329, 1499, 867, -329, 127, 64, 0
L 1506, 968, -330, 1505, 881, -329, 127, 64, 0
L 1505, 1061, -363, 1506, 968, -330, 127, 64, 0
L 1504, 1240, -365, 1505, 1061, -363, 127, 64, 0
L 1488, 1240, -365, 1504, 1240, -365, 127, 64, 0
L 1490, 1285, -365, 1488, 1240, -365, 127, 64, 0
L 1492, 1286, -365, 1490, 1285, -365, 127, 64, 0
L 1502, 1284, -365, 1492, 1286, -365, 127, 64, 0
L 1333, 1285, -366, 1502, 1284, -365, 127, 64, 0
L 1322, 1260, -366, 1333, 1285, -366, 127, 64, 0
L 1321, 1236, -366, 1322, 1260, -366, 127, 64, 0
L 1318, 1226, -366, 1321, 1236, -366, 127, 64, 0
L 1309, 1217, -366, 1318, 1226, -366, 127, 64, 0
L 1170, 1217, -367, 1309, 1217, -366, 127, 64, 0
L 1156, 1231, -367, 1170, 1217, -367, 127, 64, 0
L 1158, 1369, -364, 1156, 1231, -367, 127, 64, 0
L 1159, 1370, -364, 1158, 1369, -364, 127, 64, 0
L 1161, 1370, -364, 1159, 1370, -364, 127, 64, 0
L 1171, 1383, -364, 1161, 1370, -364, 127, 64, 0
L 1309, 1381, -364, 1171, 1383, -364, 127, 64, 0
L 1322, 1372, -364, 1309, 1381, -364, 127, 64, 0
L 1325, 1339, -364, 1322, 1372, -364, 127, 64, 0
L 1339, 1313, -364, 1325, 1339, -364, 127, 64, 0
L 1340, 1314, -364, 1339, 1313, -364, 127, 64, 0
L 1486, 1315, -360, 1340, 1314, -364, 127, 64, 0
L 1486, 1363, -360, 1486, 1315, -360, 127, 64, 0
L 1504, 1364, -360, 1486, 1363, -360, 127, 64, 0
L 1507, 1539, -348, 1504, 1364, -360, 127, 64, 0
L 1505, 1624, -325, 1507, 1539, -348, 127, 64, 0
L 1503, 1697, -322, 1505, 1624, -325, 127, 64, 0
L 1327, 1696, -286, 1503, 1697, -322, 127, 64, 0
L 1255, 1693, -284, 1327, 1696, -286, 127, 64, 0
L 1255, 1535, -249, 1255, 1693, -284, 127, 64, 0
L 1255, 1471, -249, 1255, 1535, -249, 127, 64, 0
L 1226, 1541, -250, 1225, 1470, -249, 127, 64, 0
L 1225, 1679, -289, 1226, 1541, -250, 127, 64, 0
L 1224, 1727, -289, 1225, 1679, -289, 127, 64, 0
L 1343, 1724, -292, 1224, 1727, -289, 127, 64, 0
L 1416, 1724, -329, 1343, 1724, -292, 127, 64, 0
L 1535, 1728, -329, 1416, 1724, -329, 127, 64, 0
L 1533, 1598, -337, 1535, 1728, -329, 127, 64, 0
L 1534, 1533, -361, 1533, 1598, -337, 127, 64, 0
L 1536, 1362, -361, 1534, 1533, -361, 127, 64, 0
L 1555, 1362, -361, 1536, 1362, -361, 127, 64, 0
L 1554, 1312, -361, 1555, 1362, -361, 127, 64, 0
L 1545, 1314, -361, 1554, 1312, -361, 127, 64, 0
L 1545, 1293, -361, 1545, 1314, -361, 127, 64, 0
L 1553, 1292, -361, 1545, 1293, -361, 127, 64, 0
L 1553, 1243, -361, 1553, 1292, -361, 127, 64, 0
L 1535, 1244, -361, 1553, 1243, -361, 127, 64, 0
L 1535, 1102, -361, 1535, 1244, -361, 127, 64, 0
L 1535, 947, -324, 1535, 1102, -361, 127, 64, 0
L 1540, 833, -323, 1535, 947, -324, 127, 64, 0
L 1446, 837, -317, 1540, 833, -323, 127, 64, 0
L 1355, 836, -287, 1446, 837, -317, 127, 64, 0
L 1224, 831, -282, 1355, 836, -287, 127, 64, 0
L 1225, 938, -281, 1224, 831, -282, 127, 64, 0
L 1226, 1021, -270, 1225, 938, -281, 127, 64, 0
L 1225, 1085, -249, 1226, 1021, -270, 127, 64, 0
L 1225, 1141, -247, 1225, 1085, -249, 127, 64, 0
L 1092, 1279, -189, 1097, 1255, -189, 127, 127, 127
L 1105, 1361, -189, 1092, 1279, -189, 127, 127, 127
L 1149, 1416, -189, 1105, 1361, -189, 127, 127, 127
L 1174, 1433, -188, 1149, 1416, -189, 127, 127, 127
L 1193, 1438, -188, 1174, 1433, -188, 127, 127, 127
L 1290, 1439, -188, 1193, 1438, -188, 127, 127, 127
L 1311, 1431, -190, 1290, 1439, -188, 127, 127, 127
L 1367, 1378, -189, 1311, 1431, -190, 127, 127, 127
L 1379, 1358, -188, 1367, 1378, -189, 127, 127, 127
L 1322, 1358, -188, 1379, 1358, -188, 127, 127, 127
L 1321, 1311, -188, 1322, 1358, -188, 127, 127, 127
L 1351, 1312, -192, 1321, 1311, -188, 127, 127, 127
L 1410, 1311, -216, 1351, 1312, -192, 127, 127, 127
L 1411, 1310, -217, 1410, 1311, -216, 127, 127, 127
L 1411, 1309, -217, 1411, 1310, -217, 127, 127, 127
L 1410, 1308, -218, 1411, 1309, -217, 127, 127, 127
L 1331, 1308, -254, 1410, 1308, -218, 127, 127, 127
L 1332, 1294, -253, 1331, 1308, -254, 127, 127, 127
L 1411, 1292, -216, 1332, 1294, -253, 127, 127, 127
L 1411, 1288, -216, 1411, 1292, -216, 127, 127, 127
L 1406, 1288, -216, 1411, 1288, -216, 127, 127, 127
L 1355, 1289, -191, 1406, 1288, -216, 127, 127, 127
L 1323, 1288, -189, 1355, 1289, -191, 127, 127, 127
L 1323, 1244, -189, 1323, 1288, -189, 127, 127, 127
L 1373, 1244, -189, 1323, 1244, -189, 127, 127, 127
L 1364, 1216, -189, 1373, 1244, -189, 127, 127, 127
L 1315, 1168, -189, 1364, 1216, -189, 127, 127, 127
L 1268, 1159, -189, 1315, 1168, -189, 127, 127, 127
L 1174, 1164, -189, 1268, 1159, -189, 127, 127, 127
L 1110, 1229, -189, 1174, 1164, -189, 127, 127, 127
L 1097, 1255, -186, 1110, 1229, -189, 127, 127, 127
L 1055, 1403, -158, 1048, 1271, -158, 127, 127, 127
L 1126, 1476, -159, 1055, 1403, -158, 127, 127, 127
L 1164, 1503, -159, 1126, 1476, -159, 127, 127, 127
L 1165, 1529, -158, 1164, 1503, -159, 127, 127, 127
L 1169, 1529, -159, 1165, 1529, -158, 127, 127, 127
L 1170, 1525, -163, 1169, 1529, -159, 127, 127, 127
L 1172, 1480, -186, 1170, 1525, -163, 127, 127, 127
L 1171, 1471, -187, 1172, 1480, -186, 127, 127, 127
L 1170, 1470, -187, 1171, 1471, -187, 127, 127, 127
L 1167, 1471, -187, 1170, 1470, -187, 127, 127, 127
L 1166, 1490, -183, 1167, 1471, -187, 127, 127, 127
L 1136, 1480, -183, 1166, 1490, -183, 127, 127, 127
L 1054, 1389, -183, 1136, 1480, -183, 127, 127, 127
L 1066, 1194, -183, 1054, 1389, -183, 127, 127, 127
L 1136, 1126, -183, 1066, 1194, -183, 127, 127, 127
L 1170, 1117, -181, 1136, 1126, -183, 127, 127, 127
L 1171, 1102, -175, 1170, 1117, -181, 127, 127, 127
L 1170, 1093, -167, 1171, 1102, -175, 127, 127, 127
L 1171, 1072, -158, 1170, 1093, -167, 127, 127, 127
L 1165, 1071, -159, 1171, 1072, -158, 127, 127, 127
L 1162, 1106, -159, 1165, 1071, -159, 127, 127, 127
L 1140, 1115, -159, 1162, 1106, -159, 127, 127, 127
L 1096, 1149, -159, 1140, 1115, -159, 127, 127, 127
L 1046, 1230, -159, 1096, 1149, -159, 127, 127, 127
L 1049, 1247, -156, 1046, 1230, -159, 127, 127, 127
L 1048, 1248, -156, 1049, 1247, -156, 127, 127, 127
L 1048, 1271, -154, 1048, 1248, -156, 127, 127, 127
L -6, 45, 1, -50, 44, 1, 0, 0, 0
L -5, 89, 1, -6, 45, 1, 0, 0, 0
L 4, 90, 1, -5, 89, 1, 0, 0, 0
L 5, 108, 1, 4, 90, 1, 0, 0, 0
L -1, 108, 1, 5, 108, 1, 0, 0, 0
L -2, 239, -33, -1, 108, 1, 0, 0, 0
L -2, 273, -33, -2, 239, -33, 0, 0, 0
L 3, 273, -33, -2, 273, -33, 0, 0, 0
L 2, 289, -33, 3, 273, -33, 0, 0, 0
L -4, 288, -33, 2, 289, -33, 0, 0, 0
L -5, 336, -33, -4, 288, -33, 0, 0, 0
L -54, 336, -33, -5, 336, -33, 0, 0, 0
L -54, 344, -33, -54, 336, -33, 0, 0, 0
L -177, 343, -33, -54, 344, -33, 0, 0, 0
L -176, 467, -33, -177, 343, -33, 0, 0, 0
L -183, 465, -33, -176, 467, -33, 0, 0, 0
L -217, 464, -33, -183, 465, -33, 0, 0, 0
L -218, 577, -33, -217, 464, -33, 0, 0, 0
L -190, 579, -33, -218, 577, -33, 0, 0, 0
L -190, 491, -39, -190, 579, -33, 0, 0, 0
L -176, 490, -39, -190, 491, -39, 0, 0, 0
L -177, 578, -72, -176, 490, -39, 0, 0, 0
L -177, 696, -72, -177, 578, -72, 0, 0, 0
L -176, 697, -72, -177, 696, -72, 0, 0, 0
L 23, 696, -72, -176, 697, -72, 0, 0, 0
L 24, 735, -72, 23, 696, -72, 0, 0, 0
L 64, 736, -72, 24, 735, -72, 0, 0, 0
L 64, 902, -72, 64, 736, -72, 0, 0, 0
L 24, 902, -72, 64, 902, -72, 0, 0, 0
L 24, 943, -72, 24, 902, -72, 0, 0, 0
L -19, 942, -74, 24, 943, -72, 0, 0, 0
L -21, 942, -75, -19, 942, -74, 0, 0, 0
L -64, 942, -75, -21, 942, -75, 0, 0, 0
L -65, 942, -75, -64, 942, -75, 0, 0, 0
L -64, 902, -75, -65, 942, -75, 0, 0, 0
L -173, 901, -75, -64, 902, -75, 0, 0, 0
L -173, 931, -75, -173, 901, -75, 0, 0, 0
L -95, 931, -77, -173, 931, -75, 0, 0, 0
L -95, 945, -79, -95, 931, -77, 0, 0, 0
L -107, 945, -85, -95, 945, -79, 0, 0, 0
L -309, 945, -116, -107, 945, -85, 0, 0, 0
L -309, 937, -116, -309, 945, -116, 0, 0, 0
L -388, 938, -116, -309, 937, -116, 0, 0, 0
L -388, 943, -116, -388, 938, -116, 0, 0, 0
L -410, 942, -116, -388, 943, -116, 0, 0, 0
L -410, 934, -116, -410, 942, -116, 0, 0, 0
L -506, 933, -116, -410, 934, -116, 0, 0, 0
L -507, 1010, -119, -506, 933, -116, 0, 0, 0
L -498, 1011, -119, -507, 1010, -119, 0, 0, 0
L -496, 1012, -119, -498, 1011, -119, 0, 0, 0
L -497, 1027, -119, -496, 1012, -119, 0, 0, 0
L -502, 1027, -119, -497, 1027, -119, 0, 0, 0
L -503, 1067, -119, -502, 1027, -119, 0, 0, 0
L -502, 1149, -154, -503, 1067, -119, 0, 0, 0
L -501, 1190, -154, -502, 1149, -154, 0, 0, 0
L -495, 1190, -154, -501, 1190, -154, 0, 0, 0
L -495, 1205, -154, -495, 1190, -154, 0, 0, 0
L -501, 1206, -154, -495, 1205, -154, 0, 0, 0
L -500, 1291, -154, -501, 1206, -154, 0, 0, 0
L -497, 1292, -154, -500, 1291, -154, 0, 0, 0
L -495, 1384, -154, -497, 1292, -154, 0, 0, 0
L -537, 1384, -154, -495, 1384, -154, 0, 0, 0
L -536, 1423, -154, -537, 1384, -154, 0, 0, 0
L -623, 1423, -154, -536, 1423, -154, 0, 0, 0
L -622, 1386, -154, -623, 1423, -154, 0, 0, 0
L -738, 1384, -154, -622, 1386, -154, 0, 0, 0
L -738, 1415, -154, -738, 1384, -154, 0, 0, 0
L -723, 1429, -154, -738, 1415, -154, 0, 0, 0
L -721, 1446, -154, -723, 1429, -154, 0, 0, 0
L -735, 1459, -154, -721, 1446, -154, 0, 0, 0
L -735, 1498, -154, -735, 1459, -154, 0, 0, 0
L -625, 1495, -154, -735, 1498, -154, 0, 0, 0
L -625, 1457, -154, -625, 1495, -154, 0, 0, 0
L -536, 1456, -154, -625, 1457, -154, 0, 0, 0
L -535, 1496, -154, -536, 1456, -154, 0, 0, 0
L -495, 1498, -154, -535, 1496, -154, 0, 0, 0
L -497, 1585, -154, -495, 1498, -154, 0, 0, 0
L -536, 1584, -154, -497, 1585, -154, 0, 0, 0
L -537, 1696, -154, -536, 1584, -154, 0, 0, 0
L -503, 1697, -154, -537, 1696, -154, 0, 0, 0
L -486, 1681, -154, -503, 1697, -154, 0, 0, 0
L -480, 1681, -154, -486, 1681, -154, 0, 0, 0
L -458, 1696, -153, -480, 1681, -154, 0, 0, 0
L -424, 1696, -153, -458, 1696, -153, 0, 0, 0
L -421, 1599, -153, -424, 1696, -153, 0, 0, 0
L -421, 1593, -156, -421, 1599, -153, 0, 0, 0
L -422, 1585, -156, -421, 1593, -156, 0, 0, 0
L -464, 1588, -156, -422, 1585, -156, 0, 0, 0
L -467, 1497, -156, -464, 1588, -156, 0, 0, 0
L -424, 1497, -156, -467, 1497, -156, 0, 0, 0
L -423, 1496, -157, -424, 1497, -156, 0, 0, 0
L -425, 1455, -159, -423, 1496, -157, 0, 0, 0
L -360, 1456, -159, -425, 1455, -159, 0, 0, 0
L -330, 1457, -166, -360, 1456, -159, 0, 0, 0
L -282, 1457, -190, -330, 1457, -166, 0, 0, 0
L -177, 1455, -194, -282, 1457, -190, 0, 0, 0
L -176, 1544, -194, -177, 1455, -194, 0, 0, 0
L -340, 1545, -194, -176, 1544, -194, 0, 0, 0
L -340, 1586, -195, -340, 1545, -194, 0, 0, 0
L -340, 1587, -196, -340, 1586, -195, 0, 0, 0
L -335, 1588, -196, -340, 1587, -196, 0, 0, 0
L -334, 1613, -196, -335, 1588, -196, 0, 0, 0
L -332, 1613, -196, -334, 1613, -196, 0, 0, 0
L -322, 1635, -196, -332, 1613, -196, 0, 0, 0
L -333, 1648, -195, -322, 1635, -196, 0, 0, 0
L -334, 1964, -195, -333, 1648, -195, 0, 0, 0
L -340, 1964, -195, -334, 1964, -195, 0, 0, 0
L -339, 2021, -195, -340, 1964, -195, 0, 0, 0
L -321, 2023, -195, -339, 2021, -195, 0, 0, 0
L -321, 2015, -195, -321, 2023, -195, 0, 0, 0
L -314, 2013, -195, -321, 2015, -195, 0, 0, 0
L -241, 2015, -190, -314, 2013, -195, 0, 0, 0
L -242, 2027, -190, -241, 2015, -190, 0, 0, 0
L -309, 2026, -190, -242, 2027, -190, 0, 0, 0
L -310, 2132, -190, -309, 2026, -190, 0, 0, 0
L -189, 2132, -190, -310, 2132, -190, 0, 0, 0
L -190, 2033, -190, -189, 2132, -190, 0, 0, 0
L -229, 2033, -190, -190, 2033, -190, 0, 0, 0
L -230, 2014, -190, -229, 2033, -190, 0, 0, 0
L -175, 2014, -189, -230, 2014, -190, 0, 0, 0
L -175, 2017, -188, -175, 2014, -189, 0, 0, 0
L -175, 2018, -187, -175, 2017, -188, 0, 0, 0
L -176, 2060, -181, -175, 2018, -187, 0, 0, 0
L -177, 2143, -151, -176, 2060, -181, 0, 0, 0
L -273, 2146, -151, -177, 2143, -151, 0, 0, 0
L -272, 2133, -151, -273, 2146, -151, 0, 0, 0
L -268, 2134, -151, -272, 2133, -151, 0, 0, 0
L -268, 2135, -151, -268, 2134, -151, 0, 0, 0
L -222, 2135, -151, -268, 2135, -151, 0, 0, 0
L -221, 2114, -151, -222, 2135, -151, 0, 0, 0
L -217, 2114, -151, -221, 2114, -151, 0, 0, 0
L -217, 2135, -151, -217, 2114, -151, 0, 0, 0
L -185, 2135, -151, -217, 2135, -151, 0, 0, 0
L -185, 2103, -151, -185, 2135, -151, 0, 0, 0
L -215, 2102, -151, -185, 2103, -151, 0, 0, 0
L -216, 2107, -151, -215, 2102, -151, 0, 0, 0
L -221, 2105, -151, -216, 2107, -151, 0, 0, 0
L -221, 2070, -151, -221, 2105, -151, 0, 0, 0
L -218, 2069, -151, -221, 2070, -151, 0, 0, 0
L -217, 2096, -151, -218, 2069, -151, 0, 0, 0
L -185, 2098, -151, -217, 2096, -151, 0, 0, 0
L -186, 2052, -151, -185, 2098, -151, 0, 0, 0
L -187, 2051, -151, -186, 2052, -151, 0, 0, 0
L -185, 2025, -151, -187, 2051, -151, 0, 0, 0
L -216, 2025, -153, -185, 2025, -151, 0, 0, 0
L -216, 2045, -153, -216, 2025, -153, 0, 0, 0
L -196, 2045, -153, -216, 2045, -153, 0, 0, 0
L -195, 2052, -153, -196, 2045, -153, 0, 0, 0
L -215, 2053, -153, -195, 2052, -153, 0, 0, 0
L -216, 2061, -153, -215, 2053, -153, 0, 0, 0
L -222, 2062, -153, -216, 2061, -153, 0, 0, 0
L -221, 2025, -153, -222, 2062, -153, 0, 0, 0
L -309, 2025, -153, -221, 2025, -153, 0, 0, 0
L -310, 2134, -153, -309, 2025, -153, 0, 0, 0
L -287, 2134, -153, -310, 2134, -153, 0, 0, 0
L -287, 2142, -153, -287, 2134, -153, 0, 0, 0
L -291, 2142, -153, -287, 2142, -153, 0, 0, 0
L -292, 2141, -153, -291, 2142, -153, 0, 0, 0
L -319, 2141, -153, -292, 2141, -153, 0, 0, 0
L -318, 2177, -153, -319, 2141, -153, 0, 0, 0
L -1, 2179, -155, -318, 2177, -153, 0, 0, 0
L -1, 2145, -155, -1, 2179, -155, 0, 0, 0
L -109, 2147, -156, -1, 2145, -155, 0, 0, 0
L -141, 2145, -159, -109, 2147, -156, 0, 0, 0
L -141, 2019, -195, -141, 2145, -159, 0, 0, 0
L -142, 2011, -195, -141, 2019, -195, 0, 0, 0
L -92, 2010, -195, -142, 2011, -195, 0, 0, 0
L -91, 2026, -195, -92, 2010, -195, 0, 0, 0
L -98, 2026, -195, -91, 2026, -195, 0, 0, 0
L -99, 2025, -195, -98, 2026, -195, 0, 0, 0
L -128, 2025, -195, -99, 2025, -195, 0, 0, 0
L -129, 2135, -195, -128, 2025, -195, 0, 0, 0
L -110, 2135, -195, -129, 2135, -195, 0, 0, 0
L -110, 2133, -195, -110, 2135, -195, 0, 0, 0
L -34, 2132, -195, -110, 2133, -195, 0, 0, 0
L -33, 2133, -195, -34, 2132, -195, 0, 0, 0
L -33, 2135, -195, -33, 2133, -195, 0, 0, 0
L -5, 2135, -195, -33, 2135, -195, 0, 0, 0
L -5, 2086, -197, -5, 2135, -195, 0, 0, 0
L -15, 2085, -197, -5, 2086, -197, 0, 0, 0
L -16, 2056, -197, -15, 2085, -197, 0, 0, 0
L -17, 2055, -197, -16, 2056, -197, 0, 0, 0
L -77, 2055, -197, -17, 2055, -197, 0, 0, 0
L -77, 2036, -195, -77, 2055, -197, 0, 0, 0
L -78, 2011, -195, -78, 2033, -195, 0, 0, 0
L 6, 2011, -195, -78, 2011, -195, 0, 0, 0
L 6, 2024, -195, 6, 2011, -195, 0, 0, 0
L 14, 2024, -195, 6, 2024, -195, 0, 0, 0
L 12, 1653, -195, 14, 2024, -195, 0, 0, 0
L 1, 1624, -195, 12, 1653, -195, 0, 0, 0
L 13, 1613, -194, 1, 1624, -195, 0, 0, 0
L 14, 1546, -194, 13, 1613, -194, 0, 0, 0
L -145, 1544, -194, 14, 1546, -194, 0, 0, 0
L -144, 1423, -194, -145, 1544, -194, 0, 0, 0
L -247, 1424, -188, -144, 1423, -194, 0, 0, 0
L -393, 1424, -150, -247, 1424, -188, 0, 0, 0
L -423, 1423, -150, -393, 1424, -150, 0, 0, 0
L -425, 1385, -150, -423, 1423, -150, 0, 0, 0
L -465, 1386, -150, -425, 1385, -150, 0, 0, 0
L -464, 1290, -144, -465, 1386, -150, 0, 0, 0
L -459, 1290, -144, -464, 1290, -144, 0, 0, 0
L -463, 1177, -135, -459, 1290, -144, 0, 0, 0
L -455, 1177, -134, -463, 1177, -135, 0, 0, 0
L -456, 1086, -118, -455, 1177, -134, 0, 0, 0
L -458, 1034, -112, -456, 1086, -118, 0, 0, 0
L -463, 1034, -112, -458, 1034, -112, 0, 0, 0
L -462, 1010, -112, -463, 1034, -112, 0, 0, 0
L -455, 1010, -112, -462, 1010, -112, 0, 0, 0
L -454, 985, -112, -455, 1010, -112, 0, 0, 0
L -407, 985, -112, -454, 985, -112, 0, 0, 0
L -407, 976, -112, -407, 985, -112, 0, 0, 0
L -394, 975, -112, -407, 976, -112, 0, 0, 0
L -393, 982, -112, -394, 975, -112, 0, 0, 0
L -308, 982, -111, -393, 982, -112, 0, 0, 0
L -308, 974, -111, -308, 982, -111, 0, 0, 0
L -175, 975, -97, -308, 974, -111, 0, 0, 0
L -94, 977, -75, -175, 975, -97, 0, 0, 0
L -97, 989, -75, -94, 977, -75, 0, 0, 0
L -175, 990, -75, -97, 989, -75, 0, 0, 0
L -175, 1011, -75, -175, 990, -75, 0, 0, 0
L -176, 1012, -75, -175, 1011, -75, 0, 0, 0
L -178, 1012, -75, -176, 1012, -75, 0, 0, 0
L -178, 1018, -75, -178, 1012, -75, 0, 0, 0
L -63, 1017, -75, -178, 1018, -75, 0, 0, 0
L -64, 975, -78, -63, 1017, -75, 0, 0, 0
L 23, 976, -78, -64, 975, -78, 0, 0, 0
L 23, 1015, -78, 23, 976, -78, 0, 0, 0
L 62, 1016, -78, 23, 1015, -78, 0, 0, 0
L 71, 1003, -78, 62, 1016, -78, 0, 0, 0
L 78, 1001, -78, 71, 1003, -78, 0, 0, 0
L 93, 1006, -78, 78, 1001, -78, 0, 0, 0
L 96, 1016, -78, 93, 1006, -78, 0, 0, 0
L 136, 1019, -78, 96, 1016, -78, 0, 0, 0
L 137, 976, -79, 136, 1019, -78, 0, 0, 0
L 352, 975, -79, 137, 976, -79, 0, 0, 0
L 352, 985, -79, 352, 975, -79, 0, 0, 0
L 426, 985, -79, 352, 985, -79, 0, 0, 0
L 426, 977, -79, 426, 985, -79, 0, 0, 0
L 427, 976, -79, 426, 977, -79, 0, 0, 0
L 449, 976, -79, 427, 976, -79, 0, 0, 0
L 449, 986, -79, 449, 976, -79, 0, 0, 0
L 494, 986, -79, 449, 986, -79, 0, 0, 0
L 495, 1033, -79, 494, 986, -79, 0, 0, 0
L 505, 1033, -79, 495, 1033, -79, 0, 0, 0
L 505, 1047, -79, 505, 1033, -79, 0, 0, 0
L 497, 1047, -79, 505, 1047, -79, 0, 0, 0
L 497, 1076, -79, 497, 1047, -79, 0, 0, 0
L 497, 1167, -115, 497, 1076, -79, 0, 0, 0
L 498, 1210, -115, 497, 1167, -115, 0, 0, 0
L 502, 1210, -115, 498, 1210, -115, 0, 0, 0
L 503, 1231, -115, 502, 1210, -115, 0, 0, 0
L 493, 1232, -115, 503, 1231, -115, 0, 0, 0
L 493, 1326, -115, 493, 1232, -115, 0, 0, 0
L 588, 1326, -116, 493, 1326, -115, 0, 0, 0
L 589, 1317, -116, 588, 1326, -116, 0, 0, 0
L 611, 1317, -116, 589, 1317, -116, 0, 0, 0
L 611, 1327, -116, 611, 1317, -116, 0, 0, 0
L 692, 1327, -117, 611, 1327, -116, 0, 0, 0
L 692, 1315, -119, 692, 1327, -117, 0, 0, 0
L 778, 1316, -120, 692, 1315, -119, 0, 0, 0
L 850, 1317, -155, 778, 1316, -120, 0, 0, 0
L 985, 1317, -155, 850, 1317, -155, 0, 0, 0
L 986, 1346, -155, 985, 1317, -155, 0, 0, 0
L 994, 1347, -155, 986, 1346, -155, 0, 0, 0
L 995, 1368, -155, 994, 1347, -155, 0, 0, 0
L 1016, 1408, -155, 995, 1368, -155, 0, 0, 0
L 1037, 1420, -155, 1016, 1408, -155, 0, 0, 0
L 1036, 1445, -155, 1037, 1420, -155, 0, 0, 0
L 1094, 1502, -155, 1036, 1445, -155, 0, 0, 0
L 1123, 1502, -155, 1094, 1502, -155, 0, 0, 0
L 1132, 1524, -155, 1123, 1502, -155, 0, 0, 0
L 1158, 1536, -155, 1132, 1524, -155, 0, 0, 0
L 1193, 1544, -155, 1158, 1536, -155, 0, 0, 0
L 1197, 1548, -155, 1193, 1544, -155, 0, 0, 0
L 1196, 1615, -155, 1197, 1548, -155, 0, 0, 0
L 1223, 1617, -155, 1196, 1615, -155, 0, 0, 0
L 1223, 1703, -155, 1223, 1617, -155, 0, 0, 0
L 1184, 1705, -155, 1223, 1703, -155, 0, 0, 0
L 1184, 1816, -155, 1184, 1705, -155, 0, 0, 0
L 1216, 1817, -155, 1184, 1816, -155, 0, 0, 0
L 1240, 1800, -155, 1216, 1817, -155, 0, 0, 0
L 1254, 1805, -155, 1240, 1800, -155, 0, 0, 0
L 1261, 1815, -155, 1254, 1805, -155, 0, 0, 0
L 1296, 1815, -155, 1261, 1815, -155, 0, 0, 0
L 1297, 1705, -155, 1296, 1815, -155, 0, 0, 0
L 1255, 1706, -155, 1297, 1705, -155, 0, 0, 0
L 1256, 1617, -155, 1255, 1706, -155, 0, 0, 0
L 1283, 1616, -155, 1256, 1617, -155, 0, 0, 0
L 1283, 1614, -155, 1283, 1616, -155, 0, 0, 0
L 1287, 1613, -155, 1283, 1614, -155, 0, 0, 0
L 1286, 1559, -155, 1287, 1613, -155, 0, 0, 0
L 1283, 1558, -155, 1286, 1559, -155, 0, 0, 0
L 1284, 1546, -155, 1283, 1558, -155, 0, 0, 0
L 1313, 1548, -155, 1284, 1546, -155, 0, 0, 0
L 1349, 1528, -155, 1313, 1548, -155, 0, 0, 0
L 1358, 1506, -155, 1349, 1528, -155, 0, 0, 0
L 1385, 1505, -155, 1358, 1506, -155, 0, 0, 0
L 1417, 1480, -155, 1385, 1505, -155, 0, 0, 0
L 1447, 1441, -155, 1417, 1480, -155, 0, 0, 0
L 1441, 1422, -155, 1447, 1441, -155, 0, 0, 0
L 1470, 1404, -153, 1441, 1422, -155, 0, 0, 0
L 1486, 1363, -153, 1470, 1404, -153, 0, 0, 0
L 1488, 1319, -153, 1486, 1363, -153, 0, 0, 0
L 1478, 1311, -153, 1488, 1319, -153, 0, 0, 0
L 1482, 1293, -153, 1478, 1311, -153, 0, 0, 0
L 1491, 1277, -153, 1482, 1293, -153, 0, 0, 0
L 1485, 1235, -153, 1491, 1277, -153, 0, 0, 0
L 1465, 1195, -153, 1485, 1235, -153, 0, 0, 0
L 1452, 1190, -153, 1465, 1195, -153, 0, 0, 0
L 1448, 1183, -153, 1452, 1190, -153, 0, 0, 0
L 1447, 1157, -153, 1448, 1183, -153, 0, 0, 0
L 1419, 1119, -153, 1447, 1157, -153, 0, 0, 0
L 1380, 1094, -153, 1419, 1119, -153, 0, 0, 0
L 1360, 1094, -153, 1380, 1094, -153, 0, 0, 0
L 1350, 1073, -153, 1360, 1094, -153, 0, 0, 0
L 1314, 1055, -153, 1350, 1073, -153, 0, 0, 0
L 1283, 1052, -153, 1314, 1055, -153, 0, 0, 0
L 1284, 984, -153, 1283, 1052, -153, 0, 0, 0
L 1256, 984, -153, 1284, 984, -153, 0, 0, 0
L 1255, 896, -153, 1256, 984, -153, 0, 0, 0
L 1295, 896, -153, 1255, 896, -153, 0, 0, 0
L 1299, 785, -153, 1295, 896, -153, 0, 0, 0
L 1264, 780, -153, 1299, 785, -153, 0, 0, 0
L 1262, 782, -154, 1264, 780, -153, 0, 0, 0
L 1258, 783, -154, 1262, 782, -154, 0, 0, 0
L 1249, 797, -154, 1258, 783, -154, 0, 0, 0
L 1233, 797, -154, 1249, 797, -154, 0, 0, 0
L 1220, 783, -154, 1233, 797, -154, 0, 0, 0
L 1183, 784, -154, 1220, 783, -154, 0, 0, 0
L 1181, 897, -154, 1183, 784, -154, 0, 0, 0
L 1223, 897, -154, 1181, 897, -154, 0, 0, 0
L 1223, 985, -154, 1223, 897, -154, 0, 0, 0
L 1194, 985, -154, 1223, 985, -154, 0, 0, 0
L 1196, 1040, -154, 1194, 985, -154, 0, 0, 0
L 1197, 1040, -154, 1196, 1040, -154, 0, 0, 0
L 1198, 1051, -154, 1197, 1040, -154, 0, 0, 0
L 1195, 1053, -154, 1198, 1051, -154, 0, 0, 0
L 1171, 1054, -154, 1195, 1053, -154, 0, 0, 0
L 1127, 1076, -154, 1171, 1054, -154, 0, 0, 0
L 1126, 1085, -154, 1127, 1076, -154, 0, 0, 0
L 1114, 1094, -154, 1126, 1085, -154, 0, 0, 0
L 1099, 1092, -154, 1114, 1094, -154, 0, 0, 0
L 1058, 1122, -154, 1099, 1092, -154, 0, 0, 0
L 1033, 1154, -154, 1058, 1122, -154, 0, 0, 0
L 1033, 1181, -154, 1033, 1154, -154, 0, 0, 0
L 1021, 1188, -154, 1033, 1181, -154, 0, 0, 0
L 999, 1236, -154, 1021, 1188, -154, 0, 0, 0
L 998, 1257, -154, 999, 1236, -154, 0, 0, 0
L 984, 1257, -154, 998, 1257, -154, 0, 0, 0
L 982, 1284, -154, 984, 1257, -154, 0, 0, 0
L 889, 1282, -149, 982, 1284, -154, 0, 0, 0
L 776, 1283, -115, 889, 1282, -149, 0, 0, 0
L 694, 1284, -112, 776, 1283, -115, 0, 0, 0
L 694, 1275, -112, 694, 1284, -112, 0, 0, 0
L 606, 1274, -112, 694, 1275, -112, 0, 0, 0
L 605, 1283, -112, 606, 1274, -112, 0, 0, 0
L 596, 1283, -112, 605, 1283, -112, 0, 0, 0
L 591, 1282, -112, 596, 1283, -112, 0, 0, 0
L 591, 1274, -112, 591, 1282, -112, 0, 0, 0
L 546, 1273, -112, 591, 1274, -112, 0, 0, 0
L 545, 1227, -110, 546, 1273, -112, 0, 0, 0
L 537, 1227, -110, 545, 1227, -110, 0, 0, 0
L 537, 1213, -109, 537, 1227, -110, 0, 0, 0
L 544, 1213, -109, 537, 1213, -109, 0, 0, 0
L 545, 1093, -73, 544, 1213, -109, 0, 0, 0
L 545, 1050, -73, 545, 1093, -73, 0, 0, 0
L 537, 1050, -73, 545, 1050, -73, 0, 0, 0
L 538, 1034, -73, 537, 1050, -73, 0, 0, 0
L 546, 1034, -73, 538, 1034, -73, 0, 0, 0
L 547, 933, -73, 546, 1034, -73, 0, 0, 0
L 449, 934, -73, 547, 933, -73, 0, 0, 0
L 449, 943, -73, 449, 934, -73, 0, 0, 0
L 433, 942, -73, 449, 943, -73, 0, 0, 0
L 432, 936, -73, 433, 942, -73, 0, 0, 0
L 348, 935, -73, 432, 936, -73, 0, 0, 0
L 348, 944, -73, 348, 935, -73, 0, 0, 0
L 257, 943, -73, 348, 944, -73, 0, 0, 0
L 260, 901, -73, 257, 943, -73, 0, 0, 0
L 252, 900, -73, 260, 901, -73, 0, 0, 0
L 260, 901, -73, 252, 900, -73, 0, 0, 0
L 223, 902, -73, 260, 901, -73, 0, 0, 0
L 226, 943, -73, 223, 902, -73, 0, 0, 0
L 137, 943, -73, 226, 943, -73, 0, 0, 0
L 138, 903, -73, 137, 943, -73, 0, 0, 0
L 97, 902, -73, 138, 903, -73, 0, 0, 0
L 97, 737, -73, 97, 902, -73, 0, 0, 0
L 136, 738, -73, 97, 737, -73, 0, 0, 0
L 135, 697, -73, 136, 738, -73, 0, 0, 0
L 145, 698, -73, 135, 697, -73, 0, 0, 0
L 151, 700, -73, 145, 698, -73, 0, 0, 0
L 185, 700, -73, 151, 700, -73, 0, 0, 0
L 185, 663, -73, 185, 700, -73, 0, 0, 0
L 137, 664, -73, 185, 663, -73, 0, 0, 0
L 139, 623, -73, 137, 664, -73, 0, 0, 0
L 97, 623, -73, 139, 623, -73, 0, 0, 0
L 97, 616, -73, 97, 623, -73, 0, 0, 0
L 98, 615, -73, 97, 616, -73, 0, 0, 0
L 99, 575, -74, 98, 615, -73, 0, 0, 0
L 62, 577, -75, 99, 575, -74, 0, 0, 0
L 63, 623, -75, 62, 577, -75, 0, 0, 0
L 25, 625, -75, 63, 623, -75, 0, 0, 0
L 25, 664, -75, 25, 625, -75, 0, 0, 0
L -143, 663, -75, 25, 664, -75, 0, 0, 0
L -146, 578, -68, -143, 663, -75, 0, 0, 0
L -146, 495, -35, -146, 578, -68, 0, 0, 0
L -133, 495, -33, -146, 495, -35, 0, 0, 0
L -132, 579, -32, -133, 495, -33, 0, 0, 0
L -100, 579, -32, -132, 579, -32, 0, 0, 0
L -101, 464, -35, -100, 579, -32, 0, 0, 0
L -143, 465, -35, -101, 464, -35, 0, 0, 0
L -143, 376, -35, -143, 465, -35, 0, 0, 0
L -54, 377, -35, -143, 376, -35, 0, 0, 0
L -53, 387, -35, -54, 377, -35, 0, 0, 0
L 46, 387, -35, -53, 387, -35, 0, 0, 0
L 46, 288, -31, 46, 387, -35, 0, 0, 0
L 37, 287, -31, 46, 288, -31, 0, 0, 0
L 37, 273, -28, 37, 287, -31, 0, 0, 0
L 45, 273, -28, 37, 273, -28, 0, 0, 0
L 45, 214, -14, 45, 273, -28, 0, 0, 0
L 46, 180, 0, 45, 214, -14, 0, 0, 0
L 46, 112, 6, 46, 180, 0, 0, 0, 0
L 37, 112, 6, 46, 112, 6, 0, 0, 0
L 37, 94, 6, 37, 112, 6, 0, 0, 0
L 47, 93, 6, 37, 94, 6, 0, 0, 0
L 45, -2, 6, 47, 93, 6, 0, 0, 0
L 47, -1, 6, 45, -2, 6, 0, 0, 0
L 47, -7, 6, 47, -1, 6, 0, 0, 0
L -50, -3, 1, 47, -7, 6, 0, 0, 0
