L 258, 130, 6, 258, 91, 6, 0, 0, 0
L 237, 139, 6, 237, 196, 6, 0, 0, 0
L 237, 67, 6, 237, 130, 6, 0, 0, 0
L -27, 330, 6, -43, 330, 6, 0, 0, 0
L -43, 330, 6, -43, 235, 6, 0, 0, 0
L -43, 235, 6, 9, 235, 6, 0, 0, 0
L 92, 235, 6, 144, 235, 6, 0, 0, 0
L 144, 235, 6, 144, 330, 6, 0, 0, 0
L 144, 330, 6, 120, 330, 6, 0, 0, 0
L 112, 292, 6, 83, 292, 4, 0, 0, 0
L 83, 292, 4, -1, 292, 6, 0, 0, 0
L 92, 235, 6, 92, 196, 6, 0, 0, 0
L 9, 235, 6, 9, 196, 6, 0, 0, 0
L 20, 211, 6, 20, 221, 6, 0, 0, 0
L 20, 221, 6, 30, 221, 6, 0, 0, 0
L 30, 221, 6, 30, 211, 6, 0, 0, 0
L 30, 211, 6, 20, 211, 6, 0, 0, 0
L 80, 210, 6, 70, 210, 6, 0, 0, 0
L 70, 210, 6, 70, 221, 6, 0, 0, 0
L 70, 221, 6, 80, 221, 6, 0, 0, 0
L 80, 221, 6, 80, 210, 6, 0, 0, 0
L 92, 196, 6, 237, 196, 6, 0, 0, 0
L 237, 139, 6, 258, 139, 6, 0, 0, 0
L 258, 139, 6, 258, 187, 6, 0, 0, 0
L 258, 187, 6, 320, 187, 6, 0, 0, 0
L 320, 187, 6, 320, 91, 6, 0, 0, 0
L 320, 91, 6, 258, 91, 6, 0, 0, 0
L 258, 130, 6, 237, 130, 6, 0, 0, 0
L 237, 67, 6, 185, 67, 6, 0, 0, 0
L 185, 67, 6, 185, 62, 6, 0, 0, 0
L 185, 62, 6, 237, 62, 6, 0, 0, 0
L 237, 62, 6, 237, 24, 6, 0, 0, 0
L 237, 24, 6, 185, 24, 6, 0, 0, 0
L 185, 24, 6, 185, 19, 6, 0, 0, 0
L 185, 19, 6, 237, 19, 6, 0, 0, 0
L 237, 19, 6, 237, -14, 6, 0, 0, 0
L 237, -14, 6, 278, -14, 6, 0, 0, 0
L 278, -14, 6, 278, -24, 6, 0, 0, 0
L 278, -24, 6, 320, -24, 6, 0, 0, 0
L 320, -24, 6, 320, -34, 6, 0, 0, 0
L 320, -34, 6, 330, -34, 6, 0, 0, 0
L 330, -34, 6, 330, -39, 6, 0, 0, 0
L 330, -39, 6, 333, -39, 6, 0, 0, 0
L 333, -39, 6, 333, -47, 6, 0, 0, 0
L 333, -47, 6, 330, -47, 6, 0, 0, 0
L 330, -47, 6, 330, -52, 6, 0, 0, 0
L 330, -52, 6, 320, -52, 6, 0, 0, 0
L 320, -52, 6, 320, -62, 6, 0, 0, 0
L 320, -62, 6, 278, -62, 6, 0, 0, 0
L 278, -62, 6, 278, -72, 6, 0, 0, 0
L 278, -72, 6, 237, -72, 6, 0, 0, 0
L 253, -61, 5, 238, -61, 5, 0, 0, 0
L 238, -61, 5, 238, -56, 5, 0, 0, 0
L 238, -56, 5, 253, -56, 5, 0, 0, 0
L 253, -56, 5, 253, -61, 5, 0, 0, 0
L 253, -29, 4, 238, -29, 4, 0, 0, 0
L 238, -29, 4, 238, -24, 4, 0, 0, 0
L 238, -24, 4, 253, -24, 4, 0, 0, 0
L 253, -24, 4, 253, -29, 4, 0, 0, 0
L 237, -72, 6, 237, -110, 5, 0, 0, 0
L 237, -110, 6, 227, -110, 6, 0, 0, 0
L 227, -110, 6, 227, -158, 6, 0, 0, 0
L 227, -158, 6, 206, -158, 6, 0, 0, 0
L 206, -158, 6, 206, -167, 6, 0, 0, 0
L 206, -167, 6, 144, -167, 6, 0, 0, 0
L 144, -167, 6, 144, -129, 6, 0, 0, 0
L 144, -129, 6, 206, -129, 6, 0, 0, 0
L 206, -129, 6, 206, -110, 6, 0, 0, 0
L 206, -110, 6, 196, -110, 6, 0, 0, 0
L 196, -110, 6, 196, -100, 6, 0, 0, 0
L 196, -100, 6, -43, -100, 6, 0, 0, 0
L -43, -100, 6, -43, -91, 6, 0, 0, 0
L -43, -91, 6, -53, -91, 6, 0, 0, 0
L -53, -91, 7, -53, -100, 7, 0, 0, 0
L -53, -100, 7, -125, -100, 7, 0, 0, 0
L -125, -100, 7, -125, -72, 7, 0, 0, 0
L -125, -72, 7, -53, -72, 7, 0, 0, 0
L -53, -72, 7, -53, -82, 7, 0, 0, 0
L -53, -82, 7, -43, -82, 7, 0, 0, 0
L -43, -82, 7, -42, -42, 7, 0, 0, 0
L -42, -42, 4, -56, -42, 4, 0, 0, 0
L -53, -47, 6, -53, -62, 6, 0, 0, 0
L -53, -62, 6, -136, -62, 6, 0, 0, 0
L -136, -62, 6, -136, -56, 6, 0, 0, 0
L -136, -56, 6, -107, -56, 1, 0, 0, 0
L -107, -56, 1, -95, -56, 1, 0, 0, 0
L -94, -30, 1, -125, -30, -0, 0, 0, 0
L -125, -30, -0, -136, -30, 1, 0, 0, 0
L -136, -30, 1, -136, -5, 6, 0, 0, 0
L -136, -5, 6, -94, -5, 6, 0, 0, 0
L -94, -5, 6, -94, 15, 6, 0, 0, 0
L -94, 15, 6, -167, 15, 6, 0, 0, 0
L -167, 15, 6, -167, 53, 6, 0, 0, 0
L -167, 53, 2, -188, 53, -2, 0, 0, 0
L -188, 53, -3, -188, 15, -4, 0, 0, 0
L -188, 15, -4, -250, 15, -4, 0, 0, 0
L -250, 15, -4, -250, 62, -4, 0, 0, 0
L -250, 62, -4, -195, 62, -4, 0, 0, 0
L -195, 62, -4, -136, 62, 2, 0, 0, 0
L -136, 62, 6, -136, 81, 6, 0, 0, 0
L -136, 81, 6, -125, 81, 6, 0, 0, 0
L -125, 81, 6, -125, 91, 6, 0, 0, 0
L -125, 91, 6, -136, 91, 6, 0, 0, 0
L -136, 91, 6, -136, 127, 6, 0, 0, 0
L -136, 127, 6, -106, 127, 2, 0, 0, 0
L -106, 127, 2, -94, 126, 1, 0, 0, 0
L -94, 152, 1, -136, 152, 1, 0, 0, 0
L -136, 152, 6, -136, 163, 6, 0, 0, 0
L -136, 163, 7, -76, 163, 7, 0, 0, 0
L -76, 163, 7, -76, 159, 7, 0, 0, 0
L -56, -42, 4, -56, -47, 4, 0, 0, 0
L -56, -47, 5, -53, -47, 6, 0, 0, 0
L -76, 159, 6, -63, 159, 6, 0, 0, 0
L -63, 159, 6, -63, 178, 6, 0, 0, 0
L -63, 178, 6, -74, 178, 6, 0, 0, 0
L -74, 178, 6, -74, 168, 6, 0, 0, 0
L -74, 168, 6, -147, 168, 6, 0, 0, 0
L -147, 168, 6, -147, 162, 6, 0, 0, 0
L -147, 162, 6, -177, 162, 6, 0, 0, 0
L -177, 162, 6, -177, 196, 6, 0, 0, 0
L -177, 196, 6, -74, 196, 6, 0, 0, 0
L -74, 196, 6, -74, 187, 6, 0, 0, 0
L -74, 187, 6, -63, 187, 6, 0, 0, 0
L -63, 187, 6, -63, 196, 6, 0, 0, 0
L -63, 196, 6, -22, 196, 6, 0, 0, 0
L -22, 196, 6, -22, 191, 6, 0, 0, 0
L -22, 191, 6, -17, 191, 6, 0, 0, 0
L -17, 191, 6, -17, 196, 6, 0, 0, 0
L -17, 196, 6, 9, 196, 6, 0, 0, 0
L -74, 91, 6, -116, 91, 6, 0, 0, 0
L -116, 91, 6, -116, 81, 6, 0, 0, 0
L -116, 81, 6, -74, 81, 6, 0, 0, 0
L -74, 81, 6, -74, 5, 6, 0, 0, 0
L -74, 5, 6, -84, 5, 6, 0, 0, 0
L -84, 5, 6, -84, -5, 6, 0, 0, 0
L -84, -5, 6, -64, -5, 6, 0, 0, 0
L -64, -5, 6, -64, -14, 6, 0, 0, 0
L -64, -14, 6, -56, -14, 6, 0, 0, 0
L -56, -14, 6, -56, -16, 6, 0, 0, 0
L -56, -16, 6, -43, -16, 6, 0, 0, 0
L -43, -16, 6, -43, -4, 6, 0, 0, 0
L -43, -4, 6, -53, -4, 6, 0, 0, 0
L -53, -4, 6, -53, 91, 6, 0, 0, 0
L -53, 91, 6, -63, 91, 6, 0, 0, 0
L -63, 91, 6, -63, 132, 6, 0, 0, 0
L -63, 132, 5, -76, 132, 5, 0, 0, 0
L -76, 132, 5, -76, 127, 5, 0, 0, 0
L -76, 127, 6, -74, 127, 6, 0, 0, 0
L -74, 127, 6, -74, 91, 6, 0, 0, 0
L -84, 24, 6, -136, 24, 6, 0, 0, 0
L -136, 24, 6, -136, 34, 6, 0, 0, 0
L -136, 34, 6, -84, 34, 6, 0, 0, 0
L -84, 34, 6, -84, 24, 6, 0, 0, 0
L -22, 140, 6, -17, 140, 6, 0, 0, 0
L -17, 140, 6, -17, 129, 6, 0, 0, 0
L -17, 129, 6, -22, 129, 6, 0, 0, 0
L -22, 129, 6, -22, 140, 6, 0, 0, 0
L -17, 78, 6, -17, 67, 6, 0, 0, 0
L -17, 67, 6, 9, 67, 6, 0, 0, 0
L 9, 67, 6, 9, 62, 6, 0, 0, 0
L 9, 62, 6, -22, 62, 6, 0, 0, 0
L -22, 62, 6, -22, 77, 6, 0, 0, 0
L -22, 77, 6, -17, 78, 6, 0, 0, 0
L -22, 24, 6, 9, 24, 6, 0, 0, 0
L 9, 24, 6, 9, 19, 6, 0, 0, 0
L 9, 19, 6, -17, 19, 6, 0, 0, 0
L -17, 19, 6, -17, 9, 6, 0, 0, 0
L -17, 9, 6, -22, 9, 6, 0, 0, 0
L -22, 9, 6, -22, 24, 6, 0, 0, 0
L -22, -42, 6, -17, -42, 6, 0, 0, 0
L -17, -42, 6, -17, -53, 6, 0, 0, 0
L -17, -53, 6, -22, -53, 6, 0, 0, 0
L -22, -53, 6, -22, -42, 6, 0, 0, 0
L 18, -50, 1, 18, -45, 1, 0, 0, 0
L 18, -45, 2, 22, -45, 2, 0, 0, 0
L 22, -49, 2, 22, -45, 2, 0, 0, 0
L 18, -50, 2, 22, -49, 2, 0, 0, 0
L 32, -36, 2, 36, -36, 2, 0, 0, 0
L 36, -31, 1, 32, -31, 1, 0, 0, 0
L 32, -36, 2, 32, -31, 2, 0, 0, 0
L 45, -45, 2, 50, -45, 2, 0, 0, 0
L 50, -45, 2, 50, -49, 2, 0, 0, 0
L 50, -49, 2, 45, -49, 2, 0, 0, 0
L 45, -49, 2, 45, -45, 2, 0, 0, 0
L 32, -59, 2, 36, -59, 2, 0, 0, 0
L 36, -59, 1, 36, -63, 1, 0, 0, 0
L 36, -63, 1, 32, -63, 1, 0, 0, 0
L 32, -63, 1, 32, -59, 1, 0, 0, 0
L 36, -31, 2, 36, -36, 2, 0, 0, 0
L 134, 19, 6, 123, 19, 6, 0, 0, 0
L 123, 24, 6, 123, 19, 6, 0, 0, 0
L 123, 24, 6, 134, 24, 6, 0, 0, 0
L 134, 24, 6, 134, 19, 6, 0, 0, 0
L 72, 19, 6, 61, 19, 6, 0, 0, 0
L 61, 19, 6, 61, 24, 6, 0, 0, 0
L 61, 24, 6, 72, 24, 6, 0, 0, 0
L 72, 24, 6, 72, 19, 6, 0, 0, 0
L 134, 62, 6, 123, 62, 6, 0, 0, 0
L 123, 62, 6, 123, 67, 6, 0, 0, 0
L 123, 67, 6, 134, 67, 6, 0, 0, 0
L 134, 67, 6, 134, 62, 6, 0, 0, 0
L 72, 62, 6, 61, 62, 6, 0, 0, 0
L 61, 62, 6, 61, 67, 6, 0, 0, 0
L 61, 67, 6, 72, 67, 6, 0, 0, 0
L 72, 67, 6, 72, 62, 6, 0, 0, 0
L -21, 330, 6, -28, 330, 6, 0, 0, 0
L -94, -52, 2, -95, -56, 2, 0, 0, 0
L -94, -34, 1, -94, -30, 1, 0, 0, 0
L -94, 126, 1, -94, 130, 1, 0, 0, 0
L -94, 148, 1, -94, 152, 1, 0, 0, 0
L 134, 43, 193, 129, 43, 196, 128, 128, 255
L 129, 43, 197, 126, 43, 198, 128, 128, 255
L 126, 43, 198, 121, 42, 203, 128, 128, 255
L 121, 42, 203, 119, 41, 203, 128, 128, 255
L 119, 41, 203, 115, 39, 207, 128, 128, 255
L 115, 39, 207, 115, 37, 208, 128, 128, 255
L 115, 37, 208, 116, 32, 216, 128, 128, 255
L 116, 32, 216, 119, 27, 222, 128, 128, 255
L 119, 27, 222, 123, 25, 223, 128, 128, 255
L 123, 25, 223, 129, 22, 228, 128, 128, 255
L 129, 22, 228, 131, 23, 229, 128, 128, 255
L 131, 23, 229, 134, 24, 230, 128, 128, 255
L 132, 23, 230, 133, 24, 231, 128, 128, 255
L 134, 62, 191, 127, 61, 195, 128, 128, 255
L 127, 61, 195, 117, 59, 197, 128, 128, 255
L 117, 59, 197, 116, 58, 198, 128, 128, 255
L 116, 58, 198, 106, 55, 202, 128, 128, 255
L 106, 55, 202, 105, 54, 203, 128, 128, 255
L 105, 54, 203, 97, 46, 206, 128, 128, 255
L 97, 46, 206, 96, 42, 209, 128, 128, 255
L 96, 42, 209, 94, 34, 214, 128, 128, 255
L 94, 34, 214, 95, 32, 216, 128, 128, 255
L 95, 32, 216, 101, 22, 219, 128, 128, 255
L 101, 22, 219, 103, 21, 220, 128, 128, 255
L 103, 21, 220, 104, 20, 221, 128, 128, 255
L 104, 20, 221, 122, 11, 226, 128, 128, 255
L 122, 11, 226, 130, 7, 229, 128, 128, 255
L 130, 7, 229, 134, 5, 231, 128, 128, 255
L 134, 24, 236, 134, 34, 236, 128, 128, 255
L 134, 53, 236, 144, 53, 236, 128, 128, 255
L 144, 53, 236, 144, 63, 236, 128, 128, 255
L 144, 63, 236, 134, 63, 236, 128, 128, 255
L 134, 63, 236, 134, 91, 236, 128, 128, 255
L 134, 91, 236, 163, 91, 234, 128, 128, 255
L 163, 91, 234, 164, 91, 236, 128, 128, 255
L 164, 91, 236, 164, 63, 236, 128, 128, 255
L 154, 63, 236, 164, 63, 236, 128, 128, 255
L 154, 53, 236, 154, 63, 236, 128, 128, 255
L 154, 53, 236, 164, 53, 236, 128, 128, 255
L 164, 53, 236, 164, 33, 236, 128, 128, 255
L 164, 33, 236, 175, 33, 236, 128, 128, 255
L 175, 33, 236, 175, 91, 236, 128, 128, 255
L 207, 87, 236, 207, 91, 236, 128, 128, 255
L 175, 91, 236, 207, 91, 236, 128, 128, 255
L 207, 87, 236, 212, 87, 236, 128, 128, 255
L 212, 90, 236, 252, 90, 234, 128, 128, 255
L 252, 90, 235, 252, 87, 237, 128, 128, 255
L 252, 87, 237, 257, 87, 237, 128, 128, 255
L 257, 87, 237, 257, 91, 242, 128, 128, 255
L 257, 91, 242, 289, 91, 242, 128, 128, 255
L 287, 91, 242, 289, 91, 242, 128, 128, 255
L 289, 91, 242, 289, 33, 242, 128, 128, 255
L 289, 33, 242, 300, 33, 242, 128, 128, 255
L 300, 33, 236, 300, 53, 236, 128, 128, 255
L 300, 53, 236, 310, 53, 236, 128, 128, 255
L 310, 53, 236, 310, 63, 236, 128, 128, 255
L 310, 63, 236, 300, 63, 236, 128, 128, 255
L 300, 63, 236, 300, 91, 236, 128, 128, 255
L 300, 91, 236, 330, 91, 236, 128, 128, 255
L 330, 91, 236, 330, 63, 236, 128, 128, 255
L 330, 63, 236, 320, 63, 236, 128, 128, 255
L 320, 63, 236, 320, 53, 236, 128, 128, 255
L 320, 53, 236, 330, 53, 236, 128, 128, 255
L 330, 53, 236, 330, 43, 236, 128, 128, 255
L 330, 25, 236, 330, 14, 236, 128, 128, 255
L 330, -4, 236, 320, -4, 236, 128, 128, 255
L 320, -4, 236, 320, -15, 236, 128, 128, 255
L 320, -15, 236, 330, -15, 236, 128, 128, 255
L 330, -15, 236, 330, -43, 236, 128, 128, 255
L 330, -43, 236, 300, -43, 236, 128, 128, 255
L 300, -43, 236, 300, -15, 236, 128, 128, 255
L 300, -15, 236, 310, -15, 236, 128, 128, 255
L 310, -15, 236, 310, -4, 236, 128, 128, 255
L 310, -4, 236, 300, -4, 236, 128, 128, 255
L 300, -4, 236, 300, 15, 236, 128, 128, 255
L 300, 15, 236, 289, 15, 236, 128, 128, 255
L 289, 15, 236, 289, -43, 236, 128, 128, 255
L 289, -43, 236, 257, -43, 236, 128, 128, 255
L 257, -43, 236, 257, -39, 236, 128, 128, 255
L 257, -39, 236, 252, -39, 236, 128, 128, 255
L 252, -39, 238, 252, -42, 238, 128, 128, 255
L 252, -42, 238, 212, -42, 238, 128, 128, 255
L 212, -42, 238, 212, -39, 238, 128, 128, 255
L 212, -39, 238, 207, -39, 238, 128, 128, 255
L 207, -39, 238, 207, -43, 242, 128, 128, 255
L 207, -43, 242, 175, -43, 242, 128, 128, 255
L 175, -43, 242, 175, 15, 242, 128, 128, 255
L 175, 15, 242, 164, 15, 242, 128, 128, 255
L 164, 15, 242, 164, -4, 242, 128, 128, 255
L 164, -4, 242, 154, -4, 242, 128, 128, 255
L 154, -4, 242, 154, -15, 242, 128, 128, 255
L 154, -15, 242, 164, -15, 242, 128, 128, 255
L 164, -15, 242, 164, -43, 242, 128, 128, 255
L 164, -43, 242, 135, -43, 244, 128, 128, 255
L 135, -43, 244, 134, -43, 244, 128, 128, 255
L 134, -43, 244, 134, -15, 244, 128, 128, 255
L 134, -15, 244, 144, -15, 243, 128, 128, 255
L 144, -15, 242, 144, -4, 241, 128, 128, 255
L 144, -4, 242, 134, -4, 242, 128, 128, 255
L 134, -4, 242, 134, 5, 242, 128, 128, 255
L 212, 90, 241, 212, 87, 241, 128, 128, 255
L 270, 32, 230, 248, 32, 230, 128, 128, 255
L 248, 32, 230, 236, 43, 230, 128, 128, 255
L 236, 43, 230, 236, 74, 230, 128, 128, 255
L 236, 74, 230, 270, 74, 230, 128, 128, 255
L 270, 74, 230, 270, 32, 230, 128, 128, 255
L 271, 17, 230, 271, -26, 230, 128, 128, 255
L 271, -26, 230, 235, -26, 230, 128, 128, 255
L 235, -26, 230, 235, 5, 230, 128, 128, 255
L 235, 5, 230, 247, 17, 230, 128, 128, 255
L 247, 17, 230, 271, 17, 230, 128, 128, 255
L 217, 17, 230, 229, 5, 230, 128, 128, 255
L 229, 5, 230, 229, -26, 230, 128, 128, 255
L 229, -26, 230, 193, -26, 230, 128, 128, 255
L 193, -26, 230, 193, 17, 230, 128, 128, 255
L 193, 17, 230, 217, 17, 230, 128, 128, 255
L 216, 32, 230, 228, 43, 230, 128, 128, 255
L 228, 43, 230, 228, 74, 230, 128, 128, 255
L 228, 74, 230, 194, 74, 230, 128, 128, 255
L 194, 74, 230, 194, 32, 230, 128, 128, 255
L 194, 32, 230, 216, 32, 230, 128, 128, 255
L 351, 53, 191, 366, 50, 198, 128, 128, 255
L 366, 50, 198, 368, 49, 198, 128, 128, 255
L 368, 49, 198, 378, 46, 202, 128, 128, 255
L 378, 46, 202, 380, 44, 204, 128, 128, 255
L 380, 44, 204, 388, 36, 207, 128, 128, 255
L 388, 36, 207, 388, 34, 208, 128, 128, 255
L 388, 34, 208, 389, 33, 209, 128, 128, 255
L 389, 33, 209, 391, 25, 214, 128, 128, 255
L 391, 25, 214, 389, 21, 216, 128, 128, 255
L 389, 21, 216, 384, 12, 220, 128, 128, 255
L 384, 12, 220, 382, 11, 220, 128, 128, 255
L 382, 11, 220, 362, 1, 227, 128, 128, 255
L 362, 1, 227, 360, 0, 228, 128, 128, 255
L 360, 0, 228, 330, -4, 230, 128, 128, 255
L 351, 34, 192, 359, 33, 198, 128, 128, 255
L 359, 33, 198, 361, 33, 201, 128, 128, 255
L 361, 33, 201, 364, 32, 202, 128, 128, 255
L 364, 32, 202, 366, 31, 204, 128, 128, 255
L 366, 31, 204, 369, 29, 208, 128, 128, 255
L 370, 24, 216, 368, 21, 217, 128, 128, 255
L 368, 21, 217, 366, 18, 221, 128, 128, 255
L 366, 18, 221, 362, 17, 221, 128, 128, 255
L 362, 17, 221, 351, 13, 228, 128, 128, 255
L 351, 13, 228, 330, 14, 230, 128, 128, 255
L 370, 24, 210, 369, 29, 208, 128, 128, 255
L 151, 37, 263, 151, 6, 263, 128, 128, 255
L 151, 6, 263, 146, 6, 263, 128, 128, 255
L 146, 6, 263, 146, 37, 263, 128, 128, 255
L 146, 37, 262, 151, 37, 262, 128, 128, 255
L 312, 6, 264, 312, 37, 263, 128, 128, 255
L 312, 37, 261, 317, 37, 261, 128, 128, 255
L 317, 37, 264, 317, 6, 264, 128, 128, 255
L 317, 6, 264, 312, 6, 264, 128, 128, 255
L 341, -43, 146, 341, -62, 146, 0, 127, 0
L 341, -62, 139, 345, -70, 137, 0, 127, 0
L 352, -75, 133, 345, -70, 136, 0, 127, 0
L 357, -77, 130, 352, -75, 132, 0, 127, 0
L 359, -77, 130, 357, -77, 130, 0, 127, 0
L 368, -78, 127, 359, -77, 130, 0, 127, 0
L 370, -79, 126, 368, -78, 127, 0, 127, 0
L 379, -79, 123, 370, -79, 126, 0, 127, 0
L 384, -78, 123, 379, -79, 123, 0, 127, 0
L 394, -76, 119, 384, -78, 123, 0, 127, 0
L 397, -74, 119, 394, -76, 119, 0, 127, 0
L 402, -68, 116, 397, -74, 119, 0, 127, 0
L 404, -64, 116, 402, -68, 116, 0, 127, 0
L 404, -62, 115, 404, -64, 116, 0, 127, 0
L 403, -52, 112, 404, -62, 115, 0, 127, 0
L 423, -56, 132, 424, -52, 129, 0, 127, 0
L 419, -69, 134, 423, -56, 132, 0, 127, 0
L 408, -82, 136, 419, -69, 134, 0, 127, 0
L 390, -92, 138, 408, -82, 136, 0, 127, 0
L 383, -93, 138, 390, -92, 138, 0, 127, 0
L 373, -94, 139, 383, -93, 138, 0, 127, 0
L 357, -92, 141, 373, -94, 139, 0, 127, 0
L 341, -85, 141, 357, -92, 141, 0, 127, 0
L 328, -74, 141, 341, -85, 141, 0, 127, 0
L 320, -62, 141, 328, -74, 141, 0, 127, 0
L 279, 62, 156, 279, 72, 156, 0, 127, 0
L 216, 62, 156, 279, 62, 156, 0, 127, 0
L 216, 110, 156, 216, 62, 156, 0, 127, 0
L 185, 110, 156, 216, 110, 156, 0, 127, 0
L 185, 120, 156, 185, 110, 156, 0, 127, 0
L 154, 120, 156, 185, 120, 156, 0, 127, 0
L 154, 110, 156, 154, 120, 156, 0, 127, 0
L 134, 110, 156, 154, 110, 156, 0, 127, 0
L 134, 81, 156, 134, 110, 156, 0, 127, 0
L 113, 81, 156, 134, 81, 156, 0, 127, 0
L 113, 53, 156, 113, 81, 156, 0, 127, 0
L 134, 53, 156, 113, 53, 156, 0, 127, 0
L 134, -5, 156, 134, 53, 156, 0, 127, 0
L 114, -5, 156, 134, -5, 156, 0, 127, 0
L 113, -24, 156, 134, -24, 156, 0, 127, 0
L 134, -52, 156, 134, -24, 156, 0, 127, 0
L 165, -52, 156, 134, -52, 156, 0, 127, 0
L 165, -72, 156, 165, -52, 156, 0, 127, 0
L 185, -72, 156, 165, -72, 156, 0, 127, 0
L 185, -43, 156, 185, -72, 156, 0, 127, 0
L 216, -43, 156, 185, -43, 156, 0, 127, 0
L 216, 43, 156, 216, -43, 156, 0, 127, 0
L 289, 43, 156, 216, 43, 156, 0, 127, 0
L 289, 33, 156, 289, 43, 156, 0, 127, 0
L 237, 33, 156, 289, 33, 156, 0, 127, 0
L 237, 15, 156, 237, 33, 156, 0, 127, 0
L 258, 15, 156, 237, 15, 156, 0, 127, 0
L 258, 15, 155, 258, 5, 157, 0, 127, 0
L 269, -5, 150, 258, 5, 151, 0, 127, 0
L 268, -15, 148, 269, -5, 149, 0, 127, 0
L 237, -15, 146, 268, -15, 146, 0, 127, 0
L 237, -43, 145, 237, -15, 146, 0, 127, 0
L 237, -43, 144, 237, -43, 145, 0, 127, 0
L 269, -43, 146, 237, -43, 144, 0, 127, 0
L 269, -53, 146, 269, -43, 146, 0, 127, 0
L 206, -53, 146, 269, -53, 146, 0, 127, 0
L 206, -91, 146, 206, -53, 146, 0, 127, 0
L 278, -91, 146, 206, -91, 146, 0, 127, 0
L 278, -43, 146, 278, -91, 146, 0, 127, 0
L 320, -43, 146, 278, -43, 146, 0, 127, 0
L 320, -43, 146, 320, -62, 146, 0, 127, 0
L 361, -43, 146, 341, -43, 146, 0, 127, 0
L 361, -15, 146, 361, -43, 146, 0, 127, 0
L 278, -15, 146, 361, -15, 146, 0, 127, 0
L 278, -5, 152, 278, -15, 152, 0, 127, 0
L 289, 5, 157, 278, -5, 157, 0, 127, 0
L 289, 15, 156, 289, 5, 157, 0, 127, 0
L 320, 15, 157, 289, 15, 157, 0, 127, 0
L 320, -4, 158, 320, 15, 158, 0, 127, 0
L 372, -4, 158, 320, -4, 158, 0, 127, 0
L 372, 33, 156, 372, -4, 158, 0, 127, 0
L 351, 33, 156, 372, 33, 156, 0, 127, 0
L 351, 43, 156, 351, 33, 156, 0, 127, 0
L 363, 43, 156, 351, 43, 156, 0, 127, 0
L 299, 72, 156, 279, 72, 156, 0, 127, 0
L 362, 62, 156, 341, 62, 156, 0, 127, 0
L 289, 163, 122, 289, 158, 121, 0, 127, 0
L 288, 177, 122, 289, 163, 122, 0, 127, 0
L 288, 179, 122, 288, 177, 122, 0, 127, 0
L 289, 185, 122, 288, 179, 122, 0, 127, 0
L 289, 186, 122, 289, 185, 122, 0, 127, 0
L 291, 189, 125, 289, 186, 122, 0, 127, 0
L 293, 193, 126, 291, 189, 125, 0, 127, 0
L 297, 194, 129, 293, 193, 125, 0, 127, 0
L 299, 195, 129, 297, 194, 129, 0, 127, 0
L 299, 195, 130, 299, 195, 129, 0, 127, 0
L 303, 193, 134, 299, 195, 130, 0, 127, 0
L 304, 193, 134, 303, 193, 134, 0, 127, 0
L 305, 192, 135, 304, 193, 134, 0, 127, 0
L 306, 192, 135, 305, 192, 135, 0, 127, 0
L 306, 188, 136, 306, 192, 135, 0, 127, 0
L 307, 183, 139, 306, 188, 136, 0, 127, 0
L 307, 181, 139, 307, 183, 139, 0, 127, 0
L 304, 170, 144, 307, 181, 139, 0, 127, 0
L 303, 161, 146, 304, 170, 144, 0, 127, 0
L 303, 152, 149, 303, 161, 146, 0, 127, 0
L 302, 137, 151, 303, 152, 149, 0, 127, 0
L 302, 127, 151, 302, 137, 151, 0, 127, 0
L 301, 105, 152, 302, 127, 151, 0, 127, 0
L 299, 72, 152, 301, 105, 152, 0, 127, 0
L 339, 139, 149, 341, 62, 151, 0, 127, 0
L 338, 158, 147, 339, 139, 149, 0, 127, 0
L 338, 175, 143, 338, 158, 147, 0, 127, 0
L 338, 177, 143, 338, 175, 143, 0, 127, 0
L 332, 196, 139, 338, 177, 143, 0, 127, 0
L 319, 209, 137, 332, 196, 139, 0, 127, 0
L 318, 210, 136, 319, 209, 137, 0, 127, 0
L 300, 218, 130, 318, 210, 136, 0, 127, 0
L 285, 212, 125, 300, 218, 130, 0, 127, 0
L 283, 211, 125, 285, 212, 125, 0, 127, 0
L 271, 199, 122, 283, 211, 125, 0, 127, 0
L 270, 198, 121, 271, 199, 122, 0, 127, 0
L 264, 185, 118, 270, 198, 121, 0, 127, 0
L 263, 183, 117, 264, 185, 118, 0, 127, 0
L 262, 177, 116, 263, 183, 117, 0, 127, 0
L 259, 162, 112, 262, 177, 116, 0, 127, 0
L 258, 158, 112, 259, 162, 112, 0, 127, 0
L 157, -74, 42, 157, 27, 42, 240, 0, 120
L -4, -74, 42, 157, -74, 42, 240, 0, 120
L -4, 27, 42, -4, -74, 42, 240, 0, 120
L 157, 27, 42, -4, 27, 42, 240, 0, 120
L -4, 60, 42, 157, 60, 42, 240, 0, 120
L -4, 151, 42, -4, 60, 42, 240, 0, 120
L 157, 151, 42, -4, 151, 42, 240, 0, 120
L 157, 60, 42, 157, 151, 42, 240, 0, 120
L 195, 63, 47, 237, 63, 46, 240, 0, 120
L 196, 53, 47, 195, 63, 47, 240, 0, 120
L 206, 53, 48, 196, 53, 48, 240, 0, 120
L 206, 15, 48, 206, 53, 48, 240, 0, 120
L 195, 15, 48, 206, 15, 48, 240, 0, 120
L 195, 5, 48, 195, 15, 48, 240, 0, 120
L 237, 5, 48, 195, 5, 48, 240, 0, 120
L 237, 63, 48, 237, 5, 48, 240, 0, 120
L -177, 104, 41, -177, 101, 42, 240, 0, 120
L -176, 106, 41, -177, 104, 41, 240, 0, 120
L -176, 107, 40, -176, 106, 41, 240, 0, 120
L -175, 109, 40, -176, 107, 40, 240, 0, 120
L -174, 111, 37, -175, 109, 40, 240, 0, 120
L -173, 112, 37, -174, 111, 37, 240, 0, 120
L -173, 114, 36, -173, 112, 37, 240, 0, 120
L -172, 115, 37, -173, 114, 36, 240, 0, 120
L -172, 118, 37, -172, 115, 37, 240, 0, 120
L -171, 119, 38, -172, 118, 37, 240, 0, 120
L -170, 120, 37, -171, 119, 38, 240, 0, 120
L -170, 122, 38, -170, 120, 37, 240, 0, 120
L -169, 123, 35, -170, 122, 38, 240, 0, 120
L -168, 125, 32, -169, 123, 35, 240, 0, 120
L -167, 127, 30, -168, 125, 32, 240, 0, 120
L -166, 128, 29, -167, 127, 30, 240, 0, 120
L -162, 134, 28, -166, 128, 29, 240, 0, 120
L -162, 136, 28, -162, 134, 28, 240, 0, 120
L -161, 137, 26, -162, 135, 26, 240, 0, 120
L -150, 146, 25, -161, 137, 26, 240, 0, 120
L -136, 148, 23, -150, 146, 25, 240, 0, 120
L -125, 148, 18, -136, 148, 22, 240, 0, 120
L -94, 148, 8, -125, 148, 18, 240, 0, 120
L -177, 0, 43, -177, 101, 43, 240, 0, 120
L -176, -5, 39, -177, 0, 39, 240, 0, 120
L -176, -7, 39, -176, -5, 39, 240, 0, 120
L -175, -9, 37, -176, -7, 39, 240, 0, 120
L -174, -13, 36, -175, -9, 37, 240, 0, 120
L -171, -22, 32, -174, -13, 36, 240, 0, 120
L -170, -23, 31, -171, -22, 32, 240, 0, 120
L -166, -31, 28, -170, -23, 31, 240, 0, 120
L -165, -33, 28, -166, -31, 28, 240, 0, 120
L -162, -39, 26, -165, -33, 28, 240, 0, 120
L -161, -41, 26, -162, -39, 26, 240, 0, 120
L -159, -42, 26, -161, -41, 26, 240, 0, 120
L -150, -50, 25, -159, -42, 26, 240, 0, 120
L -136, -52, 23, -150, -50, 25, 240, 0, 120
L -94, -52, 3, -136, -52, 20, 240, 0, 120
L -146, -7, 37, -147, 2, 40, 240, 0, 120
L -145, -9, 35, -146, -7, 37, 240, 0, 120
L -145, -11, 34, -145, -9, 35, 240, 0, 120
L -145, -13, 32, -145, -11, 34, 240, 0, 120
L -144, -17, 31, -145, -13, 32, 240, 0, 120
L -141, -26, 27, -144, -17, 31, 240, 0, 120
L -136, -34, 28, -141, -26, 27, 240, 0, 120
L -94, -34, 3, -136, -34, 24, 240, 0, 120
L -147, 15, 47, -147, 2, 45, 240, 0, 120
L -43, 15, 47, -147, 15, 47, 240, 0, 120
L -43, -110, 47, -43, 15, 47, 240, 0, 120
L 206, -110, 47, -43, -110, 47, 240, 0, 120
L 206, -82, 47, 206, -110, 47, 240, 0, 120
L 195, -82, 47, 206, -82, 47, 240, 0, 120
L 196, -72, 47, 195, -82, 47, 240, 0, 120
L 206, -72, 47, 196, -72, 47, 240, 0, 120
L 206, -34, 47, 206, -72, 47, 240, 0, 120
L 196, -34, 47, 206, -34, 47, 240, 0, 120
L 195, -24, 47, 196, -34, 47, 240, 0, 120
L 237, -24, 47, 195, -24, 47, 240, 0, 120
L 237, -129, 47, 237, -24, 47, 240, 0, 120
L 248, -129, 47, 237, -129, 47, 240, 0, 120
L 248, -139, 47, 248, -129, 47, 240, 0, 120
L 258, -139, 47, 248, -139, 47, 240, 0, 120
L 258, -148, 47, 258, -139, 47, 240, 0, 120
L 314, -148, 47, 258, -148, 47, 240, 0, 120
L 278, -129, 49, 324, -130, 49, 240, 0, 120
L 278, 139, 49, 278, -129, 49, 240, 0, 120
L 310, 139, 49, 278, 139, 49, 240, 0, 120
L 310, 168, 49, 310, 139, 49, 240, 0, 120
L 289, 168, 49, 310, 168, 48, 240, 0, 120
L 258, 158, 47, 258, 168, 47, 240, 0, 120
L 248, 158, 47, 258, 158, 47, 240, 0, 120
L 248, 148, 47, 248, 158, 47, 240, 0, 120
L 237, 148, 47, 248, 148, 47, 240, 0, 120
L 237, 100, 47, 237, 148, 47, 240, 0, 120
L 195, 100, 47, 237, 100, 47, 240, 0, 120
L 195, 111, 47, 195, 100, 47, 240, 0, 120
L 206, 111, 47, 195, 111, 47, 240, 0, 120
L 206, 148, 47, 206, 111, 47, 240, 0, 120
L 195, 148, 47, 206, 148, 47, 240, 0, 120
L 195, 158, 47, 195, 148, 47, 240, 0, 120
L 206, 158, 47, 195, 158, 47, 240, 0, 120
L 206, 187, 47, 206, 158, 47, 240, 0, 120
L -43, 187, 47, 206, 187, 47, 240, 0, 120
L -43, 62, 47, -43, 187, 47, 240, 0, 120
L -147, 62, 47, -43, 62, 47, 240, 0, 120
L -147, 97, 47, -147, 62, 45, 240, 0, 120
L -145, 104, 35, -147, 97, 36, 240, 0, 120
L -145, 107, 34, -145, 104, 35, 240, 0, 120
L -145, 109, 32, -145, 107, 34, 240, 0, 120
L -144, 111, 32, -145, 109, 32, 240, 0, 120
L -144, 113, 30, -144, 111, 32, 240, 0, 120
L -142, 118, 29, -144, 113, 30, 240, 0, 120
L -141, 122, 28, -142, 118, 29, 240, 0, 120
L -136, 130, 26, -141, 122, 28, 240, 0, 120
L -94, 130, 1, -136, 130, 19, 240, 0, 120
L 320, -14, 196, 320, 15, 196, 0, 240, 240
L 331, -14, 196, 320, -14, 196, 0, 240, 240
L 331, -24, 196, 331, -14, 196, 0, 240, 240
L 320, -24, 196, 331, -24, 196, 0, 240, 240
L 320, -71, 196, 320, -24, 196, 0, 240, 240
L 351, -72, 196, 320, -71, 196, 0, 240, 240
L 351, -24, 196, 351, -72, 196, 0, 240, 240
L 341, -24, 196, 351, -24, 196, 0, 240, 240
L 341, -14, 196, 341, -24, 196, 0, 240, 240
L 351, -14, 196, 341, -14, 196, 0, 240, 240
L 351, 5, 196, 351, -14, 196, 0, 240, 240
L 359, 8, 189, 352, 5, 192, 0, 240, 240
L 367, 10, 188, 359, 8, 189, 0, 240, 240
L 376, 13, 186, 367, 10, 188, 0, 240, 240
L 377, 13, 186, 376, 13, 186, 0, 240, 240
L 392, 21, 182, 377, 13, 186, 0, 240, 240
L 394, 22, 181, 392, 21, 182, 0, 240, 240
L 400, 31, 178, 394, 22, 181, 0, 240, 240
L 401, 32, 177, 400, 31, 178, 0, 240, 240
L 401, 34, 175, 401, 32, 177, 0, 240, 240
L 399, 42, 169, 401, 34, 175, 0, 240, 240
L 399, 44, 169, 399, 42, 169, 0, 240, 240
L 398, 46, 168, 399, 44, 169, 0, 240, 240
L 397, 47, 168, 398, 46, 168, 0, 240, 240
L 390, 54, 165, 397, 47, 168, 0, 240, 240
L 389, 55, 164, 390, 54, 165, 0, 240, 240
L 378, 59, 159, 389, 55, 164, 0, 240, 240
L 376, 59, 158, 378, 59, 159, 0, 240, 240
L 362, 62, 153, 376, 59, 158, 0, 240, 240
L 351, 34, 196, 351, 24, 196, 0, 240, 240
L 380, 37, 171, 380, 39, 170, 0, 240, 240
L 351, 24, 190, 354, 22, 190, 0, 240, 240
L 364, 22, 186, 354, 22, 190, 0, 240, 240
L 366, 22, 186, 364, 22, 186, 0, 240, 240
L 374, 26, 182, 366, 22, 186, 0, 240, 240
L 376, 27, 182, 374, 26, 182, 0, 240, 240
L 378, 30, 180, 376, 27, 182, 0, 240, 240
L 379, 31, 178, 378, 30, 180, 0, 240, 240
L 380, 33, 177, 379, 31, 178, 0, 240, 240
L 380, 37, 169, 380, 33, 177, 0, 240, 240
L 377, 41, 165, 380, 39, 169, 0, 240, 240
L 375, 42, 164, 377, 41, 165, 0, 240, 240
L 371, 43, 161, 375, 42, 164, 0, 240, 240
L 369, 43, 160, 371, 43, 161, 0, 240, 240
L 363, 43, 154, 369, 43, 160, 0, 240, 240
L 300, 14, 112, 216, 14, 111, 0, 255, 64
L 300, 53, 115, 300, 14, 115, 0, 255, 64
L 216, 53, 108, 300, 53, 108, 0, 255, 64
L 216, 14, 108, 216, 53, 108, 0, 255, 64
L 123, -33, 111, 123, -43, 111, 0, 255, 64
L 51, -33, 111, 123, -33, 111, 0, 255, 64
L 51, 53, 111, 51, -33, 111, 0, 255, 64
L 144, 53, 111, 51, 53, 111, 0, 255, 64
L 144, -33, 111, 144, 53, 111, 0, 255, 64
L 133, -33, 111, 144, -33, 111, 0, 255, 64
L 133, -43, 111, 133, -33, 111, 0, 255, 64
L 154, -43, 111, 133, -43, 111, 0, 255, 64
L 154, 111, 111, 154, -43, 111, 0, 255, 64
L 40, 111, 111, 154, 111, 111, 0, 255, 64
L 40, 81, 111, 40, 111, 111, 0, 255, 64
L 51, 81, 111, 40, 81, 111, 0, 255, 64
L 51, 100, 111, 51, 81, 111, 0, 255, 64
L 102, 100, 111, 51, 100, 111, 0, 255, 64
L 102, 91, 111, 102, 100, 111, 0, 255, 64
L 113, 91, 111, 102, 91, 111, 0, 255, 64
L 113, 100, 111, 113, 91, 111, 0, 255, 64
L 144, 100, 111, 113, 100, 111, 0, 255, 64
L 144, 63, 111, 144, 100, 111, 0, 255, 64
L 113, 63, 111, 144, 63, 111, 0, 255, 64
L 113, 82, 111, 113, 63, 111, 0, 255, 64
L 102, 82, 111, 113, 82, 111, 0, 255, 64
L 102, 63, 111, 102, 82, 111, 0, 255, 64
L 51, 63, 111, 102, 63, 111, 0, 255, 64
L 51, 72, 111, 51, 63, 111, 0, 255, 64
L 40, 72, 111, 51, 72, 111, 0, 255, 64
L 40, -43, 111, 40, 72, 111, 0, 255, 64
L 123, -43, 111, 40, -43, 111, 0, 255, 64
L 289, 158, 116, 310, 158, 116, 0, 255, 64
L 258, 130, 115, 258, 158, 116, 0, 255, 64
L 300, 130, 115, 258, 130, 115, 0, 255, 64
L 300, 81, 115, 300, 130, 115, 0, 255, 64
L 225, 81, 105, 300, 81, 114, 0, 255, 64
L 185, 81, 105, 225, 81, 105, 0, 255, 64
L 185, 139, 105, 185, 81, 105, 0, 255, 64
L 10, 139, 106, 185, 139, 105, 0, 255, 64
L 10, -62, 107, 10, 139, 106, 0, 255, 64
L 20, -62, 107, 10, -62, 107, 0, 255, 64
L 20, -72, 106, 20, -62, 107, 0, 255, 64
L 10, -72, 106, 20, -72, 106, 0, 255, 64
L 10, -129, 105, 10, -72, 106, 0, 255, 64
L 40, -129, 105, 10, -129, 105, 0, 255, 64
L 40, -72, 105, 40, -129, 105, 0, 255, 64
L 30, -72, 105, 40, -72, 105, 0, 255, 64
L 30, -62, 105, 30, -72, 105, 0, 255, 64
L 61, -62, 106, 30, -62, 106, 0, 255, 64
L 61, -72, 106, 61, -62, 106, 0, 255, 64
L 51, -72, 106, 61, -72, 106, 0, 255, 64
L 51, -158, 105, 51, -72, 106, 0, 255, 64
L 165, -158, 105, 51, -158, 105, 0, 255, 64
L 165, -72, 105, 165, -158, 105, 0, 255, 64
L 71, -72, 105, 165, -72, 105, 0, 255, 64
L 71, -62, 105, 71, -72, 105, 0, 255, 64
L 185, -62, 105, 185, -14, 105, 0, 255, 64
L 185, -62, 105, 71, -62, 105, 0, 255, 64
L 404, -14, 116, 185, -14, 106, 0, 255, 64
L 404, -33, 116, 404, -14, 116, 0, 255, 64
L 386, -38, 100, 404, -33, 111, 0, 255, 64
L 384, -39, 99, 386, -38, 100, 0, 255, 64
L 371, -52, 92, 384, -39, 99, 0, 255, 64
L 370, -54, 92, 371, -52, 92, 0, 255, 64
L 369, -55, 90, 370, -54, 92, 0, 255, 64
L 363, -73, 84, 369, -55, 90, 0, 255, 64
L 362, -75, 83, 363, -73, 84, 0, 255, 64
L 362, -77, 83, 362, -75, 83, 0, 255, 64
L 361, -81, 80, 362, -77, 83, 0, 255, 64
L 361, -83, 79, 361, -81, 80, 0, 255, 64
L 359, -94, 73, 361, -83, 79, 0, 255, 64
L 359, -96, 72, 359, -94, 73, 0, 255, 64
L 356, -103, 67, 359, -96, 72, 0, 255, 64
L 353, -109, 67, 356, -103, 67, 0, 255, 64
L 347, -117, 59, 353, -109, 66, 0, 255, 64
L 344, -120, 58, 347, -117, 59, 0, 255, 64
L 336, -127, 56, 344, -120, 57, 0, 255, 64
L 334, -128, 56, 336, -127, 56, 0, 255, 64
L 334, -128, 54, 324, -130, 59, 0, 255, 64
L 390, -54, 100, 403, -52, 110, 0, 255, 64
L 389, -54, 100, 390, -54, 100, 0, 255, 64
L 381, -62, 94, 389, -54, 100, 0, 255, 64
L 380, -64, 92, 381, -62, 94, 0, 255, 64
L 378, -65, 92, 380, -64, 92, 0, 255, 64
L 378, -67, 91, 378, -65, 92, 0, 255, 64
L 376, -76, 85, 378, -67, 91, 0, 255, 64
L 375, -80, 84, 376, -76, 85, 0, 255, 64
L 374, -82, 83, 375, -80, 84, 0, 255, 64
L 373, -91, 77, 374, -82, 83, 0, 255, 64
L 373, -93, 75, 373, -91, 77, 0, 255, 64
L 372, -96, 73, 373, -93, 75, 0, 255, 64
L 372, -98, 72, 372, -96, 73, 0, 255, 64
L 367, -110, 67, 372, -98, 72, 0, 255, 64
L 366, -111, 66, 367, -110, 67, 0, 255, 64
L 366, -113, 65, 366, -111, 66, 0, 255, 64
L 355, -128, 58, 366, -113, 65, 0, 255, 64
L 354, -130, 58, 355, -128, 58, 0, 255, 64
L 338, -144, 51, 354, -130, 58, 0, 255, 64
L 331, -146, 47, 338, -144, 51, 0, 255, 64
L 314, -148, 44, 331, -146, 47, 0, 255, 64
L 424, 33, 115, 424, -52, 115, 0, 255, 64
L 382, 33, 115, 424, 33, 115, 0, 255, 64
L 382, 81, 115, 382, 33, 115, 0, 255, 64
L 341, 81, 115, 382, 81, 115, 0, 255, 64
L 341, 158, 115, 341, 81, 115, 0, 255, 64
L 340, 161, 108, 341, 159, 111, 0, 255, 64
L 340, 166, 105, 341, 158, 106, 0, 255, 64
L 339, 168, 104, 340, 166, 105, 0, 255, 64
L 339, 171, 102, 339, 168, 104, 0, 255, 64
L 339, 173, 101, 339, 171, 102, 0, 255, 64
L 338, 175, 100, 339, 173, 101, 0, 255, 64
L 338, 177, 99, 338, 175, 100, 0, 255, 64
L 335, 185, 95, 338, 177, 99, 0, 255, 64
L 332, 196, 91, 335, 185, 95, 0, 255, 64
L 319, 209, 85, 332, 196, 91, 0, 255, 64
L 318, 210, 85, 319, 209, 85, 0, 255, 64
L 309, 214, 79, 318, 210, 85, 0, 255, 64
L 300, 218, 75, 309, 214, 79, 0, 255, 64
L 285, 212, 65, 300, 218, 75, 0, 255, 64
L 283, 211, 65, 285, 212, 65, 0, 255, 64
L 271, 199, 58, 283, 211, 65, 0, 255, 64
L 270, 198, 56, 271, 199, 58, 0, 255, 64
L 263, 183, 50, 270, 198, 56, 0, 255, 64
L 261, 178, 48, 263, 183, 50, 0, 255, 64
L 258, 168, 44, 261, 178, 48, 0, 255, 64
L 310, 159, 108, 310, 158, 111, 0, 255, 64
L 311, 161, 106, 310, 159, 108, 0, 255, 64
L 311, 164, 104, 311, 161, 106, 0, 255, 64
L 312, 166, 103, 311, 164, 104, 0, 255, 64
L 312, 174, 97, 312, 166, 103, 0, 255, 64
L 311, 183, 92, 312, 174, 97, 0, 255, 64
L 308, 192, 89, 311, 183, 92, 0, 255, 64
L 308, 193, 85, 308, 192, 86, 0, 255, 64
L 305, 195, 84, 308, 193, 85, 0, 255, 64
L 305, 195, 81, 305, 195, 84, 0, 255, 64
L 299, 198, 78, 305, 195, 81, 0, 255, 64
L 296, 197, 69, 299, 198, 73, 0, 255, 64
L 295, 197, 66, 296, 197, 69, 0, 255, 64
L 291, 196, 64, 295, 197, 66, 0, 255, 64
L 289, 191, 60, 291, 196, 64, 0, 255, 64
L 288, 190, 59, 289, 191, 60, 0, 255, 64
L 287, 188, 59, 288, 190, 59, 0, 255, 64
L 287, 177, 50, 287, 188, 59, 0, 255, 64
L 287, 175, 48, 287, 177, 50, 0, 255, 64
L 288, 173, 46, 287, 175, 48, 0, 255, 64
L 288, 171, 45, 288, 173, 46, 0, 255, 64
L 289, 168, 44, 288, 171, 45, 0, 255, 64
L 320, 15, 196, 310, 15, 196, 0, 240, 240
L 310, 15, 196, 310, -6, 196, 0, 240, 240
L 310, -6, 196, 306, -6, 196, 0, 240, 240
L 306, -12, 195, 306, -6, 195, 0, 240, 240
L 309, -51, 197, 306, -51, 198, 0, 240, 240
L 309, -51, 198, 309, -12, 198, 0, 240, 240
L 306, -12, 199, 309, -12, 199, 0, 240, 240
L 306, -51, 195, 306, -57, 195, 0, 240, 240
L 306, -57, 196, 310, -57, 196, 0, 240, 240
L 310, -57, 196, 310, -72, 196, 0, 240, 240
L 310, -72, 196, 281, -72, 195, 0, 240, 240
L 281, -72, 195, 268, -72, 196, 0, 240, 240
L 268, -72, 196, 268, -68, 196, 0, 240, 240
L 262, -68, 194, 268, -68, 194, 0, 240, 240
L 262, -68, 198, 262, -71, 199, 0, 240, 240
L 262, -71, 199, 223, -71, 199, 0, 240, 240
L 223, -71, 199, 223, -68, 199, 0, 240, 240
L 223, -68, 199, 217, -68, 199, 0, 240, 240
L 217, -68, 199, 217, -72, 199, 0, 240, 240
L 217, -72, 199, 175, -72, 199, 0, 240, 240
L 175, -72, 199, 175, -57, 199, 0, 240, 240
L 175, -57, 199, 179, -57, 198, 0, 240, 240
L 179, -57, 192, 179, -52, 192, 0, 240, 240
L 179, -52, 198, 176, -52, 198, 0, 240, 240
L 176, -52, 198, 176, -12, 198, 0, 240, 240
L 179, -12, 198, 176, -12, 198, 0, 240, 240
L 179, -12, 198, 179, -7, 198, 0, 240, 240
L 179, -7, 198, 175, -7, 198, 0, 240, 240
L 175, -7, 198, 175, 15, 198, 0, 240, 240
L 175, 15, 198, 164, 15, 198, 0, 240, 240
L 164, 15, 198, 164, -14, 198, 0, 240, 240
L 164, -14, 196, 154, -14, 196, 0, 240, 240
L 154, -14, 196, 154, -24, 196, 0, 240, 240
L 154, -24, 196, 164, -24, 196, 0, 240, 240
L 164, -24, 196, 164, -72, 196, 0, 240, 240
L 164, -72, 196, 134, -72, 196, 0, 240, 240
L 134, -72, 196, 134, -24, 196, 0, 240, 240
L 134, -24, 196, 144, -24, 196, 0, 240, 240
L 144, -24, 196, 144, -14, 196, 0, 240, 240
L 144, -14, 196, 134, -14, 196, 0, 240, 240
L 134, -14, 196, 134, 15, 196, 0, 240, 240
L 134, 15, 191, 120, 17, 191, 0, 240, 240
L 120, 17, 191, 119, 17, 191, 0, 240, 240
L 119, 17, 191, 108, 16, 188, 0, 240, 240
L 108, 16, 186, 104, 14, 183, 0, 240, 240
L 104, 14, 183, 98, 11, 177, 0, 240, 240
L 98, 11, 177, 94, 5, 177, 0, 240, 240
L 94, 5, 177, 95, -1, 177, 0, 240, 240
L 101, -3, 176, 104, -4, 174, 0, 240, 240
L 104, -4, 174, 106, -5, 170, 0, 240, 240
L 106, -5, 169, 114, -5, 168, 0, 240, 240
L 101, -3, 163, 95, -1, 166, 0, 240, 240
L 113, -24, 152, 98, -20, 157, 0, 240, 240
L 98, -20, 157, 96, -20, 157, 0, 240, 240
L 96, -20, 157, 86, -17, 160, 0, 240, 240
L 86, -17, 160, 84, -15, 162, 0, 240, 240
L 84, -15, 162, 76, -7, 166, 0, 240, 240
L 76, -7, 166, 76, -6, 166, 0, 240, 240
L 76, -6, 166, 75, -4, 166, 0, 240, 240
L 75, -4, 166, 73, 5, 170, 0, 240, 240
L 73, 5, 170, 74, 7, 171, 0, 240, 240
L 74, 7, 171, 81, 17, 175, 0, 240, 240
L 81, 17, 175, 82, 18, 176, 0, 240, 240
L 82, 18, 176, 97, 25, 180, 0, 240, 240
L 97, 25, 180, 99, 26, 181, 0, 240, 240
L 99, 26, 181, 116, 31, 186, 0, 240, 240
L 116, 31, 186, 118, 31, 186, 0, 240, 240
L 118, 31, 186, 134, 33, 191, 0, 240, 240
L 351, 53, 196, 351, 72, 196, 0, 240, 240
L 351, 72, 196, 341, 72, 196, 0, 240, 240
L 341, 72, 196, 341, 82, 196, 0, 240, 240
L 341, 82, 196, 351, 82, 196, 0, 240, 240
L 351, 82, 196, 351, 139, 196, 0, 240, 240
L 351, 139, 196, 320, 139, 196, 0, 240, 240
L 320, 139, 196, 320, 82, 196, 0, 240, 240
L 320, 82, 196, 331, 82, 196, 0, 240, 240
L 331, 82, 196, 331, 72, 196, 0, 240, 240
L 331, 72, 196, 320, 72, 196, 0, 240, 240
L 320, 72, 196, 320, 33, 196, 0, 240, 240
L 320, 33, 196, 310, 33, 196, 0, 240, 240
L 310, 33, 196, 310, 64, 196, 0, 240, 240
L 310, 64, 196, 306, 64, 196, 0, 240, 240
L 306, 64, 196, 306, 69, 196, 0, 240, 240
L 306, 69, 198, 309, 69, 198, 0, 240, 240
L 309, 69, 198, 309, 109, 198, 0, 240, 240
L 309, 109, 198, 306, 109, 198, 0, 240, 240
L 306, 109, 198, 306, 114, 198, 0, 240, 240
L 306, 114, 198, 310, 114, 198, 0, 240, 240
L 310, 114, 198, 310, 139, 198, 0, 240, 240
L 310, 139, 198, 267, 139, 198, 0, 240, 240
L 267, 139, 198, 267, 134, 198, 0, 240, 240
L 267, 134, 198, 262, 134, 198, 0, 240, 240
L 262, 134, 199, 262, 137, 199, 0, 240, 240
L 262, 137, 199, 222, 137, 199, 0, 240, 240
L 222, 137, 199, 222, 134, 199, 0, 240, 240
L 222, 134, 199, 217, 134, 199, 0, 240, 240
L 217, 134, 199, 217, 139, 199, 0, 240, 240
L 217, 139, 199, 175, 139, 199, 0, 240, 240
L 175, 139, 199, 175, 114, 199, 0, 240, 240
L 175, 114, 199, 179, 114, 199, 0, 240, 240
L 179, 114, 199, 179, 109, 199, 0, 240, 240
L 176, 109, 199, 176, 69, 199, 0, 240, 240
L 176, 69, 199, 179, 69, 199, 0, 240, 240
L 179, 109, 198, 176, 109, 198, 0, 240, 240
L 179, 69, 198, 179, 64, 198, 0, 240, 240
L 175, 64, 198, 179, 64, 198, 0, 240, 240
L 175, 64, 198, 175, 33, 198, 0, 240, 240
L 175, 33, 196, 164, 33, 196, 0, 240, 240
L 164, 33, 196, 164, 72, 196, 0, 240, 240
L 164, 72, 196, 154, 72, 196, 0, 240, 240
L 154, 72, 196, 154, 82, 196, 0, 240, 240
L 154, 82, 196, 164, 82, 196, 0, 240, 240
L 164, 82, 196, 164, 139, 196, 0, 240, 240
L 164, 139, 196, 134, 139, 196, 0, 240, 240
L 134, 139, 196, 134, 82, 196, 0, 240, 240
L 144, 82, 196, 134, 82, 196, 0, 240, 240
L 144, 82, 196, 144, 72, 196, 0, 240, 240
L 144, 72, 196, 134, 72, 196, 0, 240, 240
L 134, 72, 196, 134, 62, 196, 0, 240, 240
L 134, 43, 196, 134, 33, 195, 0, 240, 240
L 281, 8, 197, 281, 38, 197, 0, 240, 240
L 276, 38, 192, 281, 38, 192, 0, 240, 240
L 276, 38, 195, 276, 8, 195, 0, 240, 240
L 281, 8, 194, 276, 8, 194, 0, 240, 240
L 257, -35, 194, 257, -40, 194, 0, 240, 240
L 257, -40, 196, 227, -40, 196, 0, 240, 240
L 227, -40, 194, 227, -35, 194, 0, 240, 240
L 227, -35, 196, 257, -35, 196, 0, 240, 240
L 209, 8, 196, 204, 8, 196, 0, 240, 240
L 204, 8, 196, 204, 38, 197, 0, 240, 240
L 204, 38, 197, 209, 38, 197, 0, 240, 240
L 209, 38, 197, 209, 8, 197, 0, 240, 240
L 257, 102, 196, 227, 102, 196, 0, 240, 240
L 227, 102, 196, 227, 107, 196, 0, 240, 240
L 227, 107, 197, 257, 107, 197, 0, 240, 240
L 257, 107, 192, 257, 102, 192, 0, 240, 240
L 330, 43, 263, 341, 40, 268, 0, 0, 240
L 341, 40, 268, 343, 39, 269, 0, 0, 240
L 343, 39, 269, 350, 37, 273, 0, 0, 240
L 350, 37, 273, 352, 35, 273, 0, 0, 240
L 352, 35, 273, 358, 27, 278, 0, 0, 240
L 358, 27, 278, 358, 25, 279, 0, 0, 240
L 358, 25, 279, 358, 23, 279, 0, 0, 240
L 358, 23, 279, 359, 21, 280, 0, 0, 240
L 359, 21, 280, 359, 19, 282, 0, 0, 240
L 359, 19, 282, 360, 15, 285, 0, 0, 240
L 360, 15, 285, 359, 14, 287, 0, 0, 240
L 359, 14, 287, 358, 12, 288, 0, 0, 240
L 358, 12, 288, 352, 1, 293, 0, 0, 240
L 352, 1, 293, 350, -0, 295, 0, 0, 240
L 350, -0, 295, 342, -5, 298, 0, 0, 240
L 342, -5, 298, 334, -9, 301, 0, 0, 240
L 334, -9, 301, 332, -10, 302, 0, 0, 240
L 332, -10, 302, 307, -14, 311, 0, 0, 240
L 330, 25, 263, 333, 27, 264, 0, 0, 240
L 333, 27, 264, 334, 28, 266, 0, 0, 240
L 334, 28, 268, 338, 27, 270, 0, 0, 240
L 338, 27, 270, 340, 27, 270, 0, 0, 240
L 340, 27, 270, 340, 26, 271, 0, 0, 240
L 340, 26, 271, 341, 25, 272, 0, 0, 240
L 341, 25, 272, 342, 23, 276, 0, 0, 240
L 342, 23, 277, 342, 17, 283, 0, 0, 240
L 342, 17, 283, 341, 15, 287, 0, 0, 240
L 341, 15, 287, 337, 11, 292, 0, 0, 240
L 337, 11, 293, 333, 9, 295, 0, 0, 240
L 333, 9, 295, 328, 6, 299, 0, 0, 240
L 328, 6, 299, 326, 6, 299, 0, 0, 240
L 326, 6, 299, 299, 5, 311, 0, 0, 240
L 307, -14, 316, 268, -14, 316, 0, 0, 240
L 268, -14, 316, 268, -52, 316, 0, 0, 240
L 268, -52, 316, 196, -52, 316, 0, 0, 240
L 196, -52, 316, 196, -14, 316, 0, 0, 240
L 196, -14, 316, 154, -14, 316, 0, 0, 240
L 155, 5, 316, 196, 5, 316, 0, 0, 240
L 194, 5, 316, 195, 5, 316, 0, 0, 240
L 196, 5, 316, 196, 43, 316, 0, 0, 240
L 196, 43, 316, 228, 43, 316, 0, 0, 240
L 228, 93, 316, 228, 43, 316, 0, 0, 240
L 228, 93, 316, 267, 93, 316, 0, 0, 240
L 267, 93, 316, 267, 53, 316, 0, 0, 240
L 267, 53, 316, 247, 53, 316, 0, 0, 240
L 247, 53, 316, 247, 43, 316, 0, 0, 240
L 247, 43, 316, 268, 43, 316, 0, 0, 240
L 268, 43, 316, 268, 5, 316, 0, 0, 240
L 299, 5, 316, 268, 5, 316, 0, 0, 240
L 134, 53, 262, 121, 44, 270, 0, 0, 240
L 121, 44, 270, 114, 39, 275, 0, 0, 240
L 114, 39, 275, 113, 37, 276, 0, 0, 240
L 113, 37, 276, 112, 36, 277, 0, 0, 240
L 112, 36, 277, 107, 27, 282, 0, 0, 240
L 107, 27, 282, 106, 26, 283, 0, 0, 240
L 106, 26, 283, 106, 24, 284, 0, 0, 240
L 106, 24, 284, 105, 22, 285, 0, 0, 240
L 105, 22, 285, 105, 20, 286, 0, 0, 240
L 105, 20, 286, 105, 18, 288, 0, 0, 240
L 105, 18, 288, 104, 16, 290, 0, 0, 240
L 104, 16, 290, 105, 13, 292, 0, 0, 240
L 105, 13, 292, 105, 12, 292, 0, 0, 240
L 105, 12, 292, 112, 0, 296, 0, 0, 240
L 112, 0, 296, 113, -1, 297, 0, 0, 240
L 113, -1, 297, 115, -2, 298, 0, 0, 240
L 115, -2, 298, 129, -10, 303, 0, 0, 240
L 129, -10, 303, 131, -10, 303, 0, 0, 240
L 131, -10, 303, 154, -14, 311, 0, 0, 240
L 134, 34, 263, 128, 33, 268, 0, 0, 240
L 128, 33, 268, 127, 32, 270, 0, 0, 240
L 127, 32, 270, 126, 30, 272, 0, 0, 240
L 126, 30, 272, 124, 28, 274, 0, 0, 240
L 124, 28, 274, 124, 26, 276, 0, 0, 240
L 124, 26, 276, 123, 25, 278, 0, 0, 240
L 123, 25, 278, 122, 22, 281, 0, 0, 240
L 122, 22, 281, 122, 20, 283, 0, 0, 240
L 122, 20, 283, 123, 16, 289, 0, 0, 240
L 123, 16, 289, 126, 10, 295, 0, 0, 240
L 126, 10, 296, 131, 8, 297, 0, 0, 240
L 131, 8, 297, 136, 6, 300, 0, 0, 240
L 136, 6, 300, 137, 6, 300, 0, 0, 240
L 137, 6, 300, 147, 5, 305, 0, 0, 240
L 147, 5, 305, 155, 5, 311, 0, 0, 240
