P -852.1720, -5399.2451, -32.9270,  0, 0, 240,  2,  Ashrana_(Quests)
P -92.9590, -5285.8721, -132.9750,  240, 0, 0,  2,  Lady_Inthra
P 1.9540, -3980.7209, 0.7890,  0, 0, 240,  2,  Mestle_(Quests)
P -353.6650, -3101.1479, -114.0410,  0, 0, 240,  2,  Coryn_(Quests)
P 2010.5680, -3028.5820, -114.4660,  0, 0, 240,  2,  Dorinda_(Tasks)
P 1538.2640, -2037.6899, -309.3180,  0, 0, 240,  2,  Lucian_(Tasks)
P 1524.6899, -2038.2000, -309.0090,  0, 0, 240,  2,  Adrian_(Tasks)
P -473.8150, -6148.6558, 16.3960,  240, 0, 0,  2,  Captain_Slarus
P 150.6140, -6311.5430, 257.1170,  0, 0, 240,  2,  Queen's_Palace
P 921.6600, -2255.6699, -311.8420,  0, 0, 240,  2,  Fenith_(Quests)
P -407.7430, -6154.5361, 26.9370,  0, 0, 240,  2,  To_Royal_Throne
P -744.6890, -5435.3931, -31.1410,  0, 0, 240,  2,  To_Harpy_Cliffs
P -202.0750, -5121.9219, -127.6880,  0, 0, 240,  2,  To_Harpy_Mesa
P -389.2760, -3181.9460, -101.5610,  0, 0, 240,  2,  To_First_Ledge
P 128.7540, -3265.9409, -191.8260,  0, 0, 240,  2,  To_Harpy_Grove
P 479.6660, -2660.2959, -190.0230,  0, 0, 240,  2,  To_Base_Level
P 1591.7150, -2124.3301, -311.1880,  0, 0, 0,  2,  Graveyard
P 10.4090, -138.0750, -52.6680,  0, 240, 0,  3,  to_Goru`kar_Mesa
P 1036.0000, -2453.0000, -293.0000,  0, 0, 0,  2,  feathered_fern
P 507.0000, -2662.0000, -197.0000,  0, 0, 0,  2,  nest_(down)
P 133.0000, -3264.0000, -195.0000,  0, 0, 0,  2,  nest_(up)
P 1003.0000, -2306.0000, -310.0000,  0, 0, 0,  2,  nest_(up)
P -358.0000, -3158.0000, -112.0000,  0, 0, 0,  2,  nest_(down)
P -562.0000, -3693.0000, -82.0000,  0, 0, 0,  2,  nest_(up)
P -43.0000, -3789.0000, 3.0000,  0, 0, 0,  2,  nest_(down)
P 626.0000, -4966.0000, -57.0000,  0, 0, 0,  2,  Gayatri
P -184.0000, -5103.0000, -136.0000,  0, 0, 0,  2,  nest_(up)
P -358.0000, -6164.0000, 17.0000,  0, 0, 0,  2,  nest_(up)
P -739.0000, -5430.0000, -29.0000,  0, 0, 0,  2,  nest_(down)
P -1076.0000, -6369.0000, 21.0000,  0, 0, 0,  2,  ground_spawn_-_feather
P 75.0000, -6198.0000, 219.0000,  0, 0, 0,  2,  nest_(down)
