L -671.0049, 1920.9757, -447.8416,  -671.0356, 1887.0201, -447.8417,  0, 240, 0
L -543.0388, 1920.9656, -447.8416,  -543.0229, 1887.0588, -447.8416,  0, 240, 0
L -576.9671, 1920.9724, -447.8416,  -543.0388, 1920.9656, -447.8416,  0, 240, 0
L -576.9713, 1887.0068, -447.8416,  -576.9671, 1920.9724, -447.8416,  0, 240, 0
L -543.0229, 1887.0588, -447.8416,  -576.9713, 1887.0068, -447.8416,  0, 240, 0
L -543.0409, 1792.9623, -447.8416,  -543.0280, 1759.0271, -447.8416,  0, 240, 0
L -576.9736, 1792.9843, -447.8416,  -543.0409, 1792.9623, -447.8417,  0, 240, 0
L -576.9559, 1759.0360, -447.8416,  -576.9736, 1792.9843, -447.8417,  0, 240, 0
L -543.0280, 1759.0271, -447.8416,  -576.9559, 1759.0360, -447.8416,  0, 240, 0
L -543.0557, 1664.9603, -447.8416,  -543.0044, 1631.0311, -447.8416,  0, 240, 0
L -576.9846, 1664.9916, -447.8416,  -543.0557, 1664.9603, -447.8417,  0, 240, 0
L -576.9586, 1631.0341, -447.8416,  -576.9846, 1664.9916, -447.8417,  0, 240, 0
L -543.0044, 1631.0311, -447.8416,  -576.9586, 1631.0341, -447.8417,  0, 240, 0
L -543.0281, 1503.0206, -447.8416,  -576.9573, 1503.0360, -447.8416,  0, 240, 0
L -543.0403, 1536.9764, -447.8416,  -543.0281, 1503.0206, -447.8416,  0, 240, 0
L -576.9778, 1536.9734, -447.8416,  -543.0403, 1536.9764, -447.8417,  0, 240, 0
L -576.9573, 1503.0360, -447.8416,  -576.9778, 1536.9734, -447.8416,  0, 240, 0
L -593.0026, 1408.9832, -447.8416,  -592.9438, 1375.0566, -447.8416,  0, 240, 0
L -512.9822, 1408.9598, -447.8415,  -593.0026, 1408.9832, -447.8417,  0, 240, 0
L -512.9771, 1472.9650, -447.8416,  -512.9822, 1408.9598, -447.8417,  0, 240, 0
L -448.9178, 1472.9943, -447.8416,  -512.9771, 1472.9650, -447.8416,  0, 240, 0
L -448.9810, 1951.0166, -447.8416,  -448.9178, 1472.9943, -447.8416,  0, 240, 0
L -512.9724, 1951.0126, -447.8416,  -448.9810, 1951.0166, -447.8417,  0, 240, 0
L -512.9858, 2015.0187, -447.8416,  -512.9724, 1951.0126, -447.8416,  0, 240, 0
L -592.9905, 2015.0448, -447.8416,  -512.9858, 2015.0187, -447.8417,  0, 240, 0
L -734.9990, 2015.0308, -447.8416,  -654.9418, 2015.0217, -447.8417,  0, 240, 0
L -735.0382, 1951.0358, -447.8416,  -734.9990, 2015.0308, -447.8417,  0, 240, 0
L -799.0087, 1950.9888, -447.8416,  -735.0382, 1951.0358, -447.8416,  0, 240, 0
L -799.0262, 1472.9813, -447.8416,  -799.0087, 1950.9888, -447.8416,  0, 240, 0
L -735.0190, 1472.9810, -447.8416,  -799.0262, 1472.9813, -447.8415,  0, 240, 0
L -735.0142, 1408.9365, -447.8416,  -735.0190, 1472.9810, -447.8417,  0, 240, 0
L -655.0096, 1409.0002, -447.8416,  -735.0142, 1408.9365, -447.8416,  0, 240, 0
L -655.0535, 1375.0244, -447.8416,  -655.0096, 1409.0002, -447.8416,  0, 240, 0
L -592.9438, 1375.0453, -447.8416,  -655.0535, 1375.1112, -447.8416,  255, 0, 136
L -592.9541, 1380.9714, -447.8416,  -655.0458, 1381.0568, -447.8416,  255, 0, 136
L -576.9883, 1375.0222, -447.8416,  -576.9594, 928.9745, -447.8417,  0, 240, 0
L -592.9438, 1375.0566, -447.8416,  -577.2942, 1375.0227, -447.8416,  0, 240, 0
L -671.0589, 1375.0367, -447.8416,  -655.0535, 1375.0244, -447.8416,  0, 240, 0
L -671.0589, 1375.0367, -447.8416,  -671.0063, 1023.0534, -447.8416,  0, 240, 0
L -576.9594, 928.9745, -415.8416,  -863.0576, 929.0226, -415.8417,  0, 240, 0
L -577.2942, 1375.0227, -415.8416,  -576.9385, 929.0393, -415.8417,  0, 240, 0
L -671.0063, 1023.0534, -403.5068,  -768.9689, 1022.9847, -399.4425,  0, 240, 0
L -863.0576, 929.0226, -383.8416,  -862.8781, 1215.0248, -383.8417,  0, 240, 0
L -576.9385, 929.0393, -383.8416,  -863.0226, 928.9562, -383.8416,  0, 240, 0
L -768.9689, 1022.9847, -371.7940,  -768.9702, 1120.9650, -367.3879,  0, 240, 0
L -862.8781, 1215.0248, -351.8416,  -576.9960, 1215.0197, -351.8416,  0, 240, 0
L -863.0226, 928.9562, -351.8416,  -863.0331, 1215.0388, -351.8417,  0, 240, 0
L -768.9702, 1120.9650, -336.7192,  -671.0139, 1120.9672, -329.8140,  0, 240, 0
L -576.9960, 1215.0197, -319.8416,  -576.9026, 928.9907, -319.8417,  0, 240, 0
L -636.2620, 928.9729, -287.8416,  -641.3896, 928.9832, -287.8417,  0, 240, 0
L -576.9026, 928.9907, -287.8417,  -863.0162, 928.9052, -287.8416,  0, 240, 0
L -577.1210, 1215.0254, -287.8416,  -576.9607, 928.7828, -287.8417,  0, 240, 0
L -671.0139, 1120.9672, -307.1625,  -671.0523, 1023.0303, -303.0186,  0, 240, 0
L -863.0331, 1215.0388, -319.8416,  -577.1210, 1215.0254, -319.8417,  0, 240, 0
L -671.0523, 1023.0303, -273.2930,  -768.9817, 1023.0307, -268.4173,  0, 240, 240
L -768.9817, 1023.0307, -239.8582,  -768.9612, 1120.9712, -236.7281,  0, 240, 240
L -768.9612, 1120.9712, -208.2058,  -670.9758, 1120.9669, -204.4901,  0, 240, 240
L -670.9758, 1120.9669, -177.6560,  -671.0688, 1022.9283, -173.2000,  0, 240, 240
L -863.0162, 928.9052, -255.8417,  -863.0225, 1215.0277, -255.8417,  0, 240, 240
L -576.9607, 928.7828, -255.8416,  -863.1282, 929.0163, -255.8417,  0, 240, 240
L -863.0225, 1215.0277, -223.8417,  -576.9844, 1214.9963, -223.8417,  0, 240, 240
L -863.1282, 929.0163, -223.8416,  -863.0032, 1215.0975, -223.8417,  0, 240, 240
L -576.9844, 1214.9963, -191.8417,  -576.9221, 929.0074, -191.8417,  0, 240, 240
L -863.0032, 1215.0975, -191.8417,  -577.0853, 1215.0182, -191.8417,  0, 240, 240
L -576.9221, 929.0074, -159.8417,  -923.0317, 928.8187, -159.8417,  0, 240, 240
L -577.0853, 1215.0182, -159.8416,  -576.9417, 929.0146, -159.8417,  0, 240, 240
L -923.0322, 1023.0351, -127.8417,  -671.0688, 1022.9283, -127.8417,  0, 240, 240
L -923.0322, 1023.0351, -127.8417,  -923.0319, 1007.0527, -127.8417,  0, 240, 240
L -923.0316, 928.9671, -127.8417,  -576.9417, 929.0146, -127.8417,  0, 240, 240
L -923.0242, 944.9449, -127.8417,  -923.0317, 928.8187, -127.8417,  0, 240, 240
L -1471.0313, 1296.9576, -127.8417,  -1471.0326, 1280.4093, -127.8417,  0, 240, 240
L -1488.9701, 1296.9799, -127.8417,  -1471.0313, 1296.9576, -127.8417,  0, 240, 240
L -1488.9630, 1280.9838, -127.8417,  -1488.9701, 1296.9799, -127.8417,  0, 240, 240
L -1504.3960, 1280.9537, -127.8417,  -1488.9630, 1280.9838, -127.8417,  0, 240, 240
L -1536.4293, 1248.9772, -127.8417,  -1504.3960, 1280.9537, -127.8417,  0, 240, 240
L -1552.9614, 1248.9786, -127.8417,  -1536.4293, 1248.9772, -127.8417,  0, 240, 240
L -1552.9747, 1231.0121, -127.8417,  -1552.9614, 1248.9786, -127.8417,  0, 240, 240
L -1615.0393, 1236.9442, -127.8417,  -1552.9705, 1236.9359, -127.8417,  255, 0, 136
L -1552.9749, 1230.9927, -127.8417,  -1615.0542, 1230.9525, -127.8417,  255, 0, 136
L -1503.0354, 655.1638, -127.8417,  -1536.9458, 655.0027, -127.8417,  0, 240, 240
L -1503.0045, 688.9794, -127.8417,  -1503.0354, 655.1638, -127.8417,  0, 240, 240
L -1536.9885, 688.9799, -127.8417,  -1503.0045, 688.9794, -127.8417,  0, 240, 240
L -1536.9458, 655.0027, -127.8417,  -1536.9885, 688.9799, -127.8417,  0, 240, 240
L -1664.9738, 655.0303, -127.8417,  -1664.9652, 688.9891, -127.8417,  0, 240, 240
L -1631.0355, 655.0329, -127.8417,  -1664.9738, 655.0303, -127.8417,  0, 240, 240
L -1631.0208, 688.9641, -127.8417,  -1631.0355, 655.0329, -127.8417,  0, 240, 240
L -1664.9652, 688.9891, -127.8417,  -1631.0208, 688.9641, -127.8417,  0, 240, 240
L -1664.9730, 816.9583, -127.8417,  -1631.0273, 816.9743, -127.8417,  0, 240, 240
L -1664.9852, 783.0195, -127.8417,  -1664.9730, 816.9583, -127.8417,  0, 240, 240
L -1631.0377, 783.0248, -127.8417,  -1664.9852, 783.0195, -127.8417,  0, 240, 240
L -1631.0273, 816.9743, -127.8417,  -1631.0377, 783.0248, -127.8417,  0, 240, 240
L -1503.0323, 783.0363, -127.8417,  -1536.9707, 783.0276, -127.8417,  0, 240, 240
L -1503.0258, 816.9694, -127.8417,  -1503.0323, 783.0363, -127.8417,  0, 240, 240
L -1536.9777, 816.9628, -127.8417,  -1503.0258, 816.9694, -127.8417,  0, 240, 240
L -1536.9707, 783.0276, -127.8417,  -1536.9777, 816.9628, -127.8417,  0, 240, 240
L -1616.9794, 703.0328, -127.8417,  -1616.9714, 769.0079, -127.8417,  0, 240, 240
L -1551.0317, 703.0199, -127.8417,  -1616.9794, 703.0328, -127.8417,  0, 240, 240
L -1551.0253, 768.9748, -127.8417,  -1551.0317, 703.0199, -127.8417,  0, 240, 240
L -1616.9714, 769.0079, -127.8417,  -1551.0253, 768.9748, -127.8417,  0, 240, 240
L -1536.9768, 1231.0411, -127.8417,  -1552.9747, 1231.0121, -127.8417,  0, 240, 240
L -1536.9600, 1199.0183, -127.8417,  -1536.9768, 1231.0411, -127.8417,  0, 240, 240
L -1504.9647, 1199.0199, -127.8417,  -1536.9600, 1199.0183, -127.8417,  0, 240, 240
L -1504.9884, 1136.9639, -127.8417,  -1504.9647, 1199.0199, -127.8417,  0, 240, 240
L -1536.9869, 1136.9714, -127.8417,  -1504.9884, 1136.9639, -127.8417,  0, 240, 240
L -1536.9523, 1103.0063, -127.8417,  -1536.9869, 1136.9714, -127.8417,  0, 240, 240
L -1504.9913, 1103.0270, -127.8417,  -1536.9523, 1103.0063, -127.8417,  0, 240, 240
L -1504.9626, 1040.9692, -127.8417,  -1504.9913, 1103.0270, -127.8417,  0, 240, 240
L -1536.9720, 1040.9883, -127.8417,  -1504.9626, 1040.9692, -127.8417,  0, 240, 240
L -1536.9640, 1007.0271, -127.8417,  -1536.9720, 1040.9883, -127.8417,  0, 240, 240
L -1504.9596, 1007.0375, -127.8417,  -1536.9640, 1007.0271, -127.8417,  0, 240, 240
L -1505.0162, 944.9832, -127.8417,  -1504.9596, 1007.0375, -127.8417,  0, 240, 240
L -1536.9589, 944.9651, -127.8417,  -1505.0162, 944.9832, -127.8417,  0, 240, 240
L -1536.9873, 911.0288, -127.8417,  -1536.9589, 944.9651, -127.8417,  0, 240, 240
L -1504.4387, 911.0214, -127.8417,  -1536.9873, 911.0288, -127.8417,  0, 240, 240
L -1408.9915, 815.6353, -127.8417,  -1504.4387, 911.0214, -127.8417,  0, 240, 240
L -1408.9690, 656.4142, -127.8417,  -1408.9915, 815.6353, -127.8417,  0, 240, 240
L -1504.4165, 560.9655, -127.8417,  -1408.9690, 656.4142, -127.8417,  0, 240, 240
L -1663.5977, 560.9778, -127.8417,  -1504.4165, 560.9655, -127.8417,  0, 240, 240
L -1759.0415, 656.4191, -127.8417,  -1663.5977, 560.9778, -127.8417,  0, 240, 240
L -1759.0145, 815.6038, -127.8417,  -1759.0415, 656.4191, -127.8417,  0, 240, 240
L -1663.6105, 911.0173, -127.8417,  -1759.0145, 815.6038, -127.8417,  0, 240, 240
L -1631.0369, 911.0236, -127.8417,  -1663.6105, 911.0173, -127.8417,  0, 240, 240
L -1631.0022, 944.9833, -127.8417,  -1631.0369, 911.0236, -127.8417,  0, 240, 240
L -1662.9932, 944.9768, -127.8417,  -1631.0022, 944.9833, -127.8417,  0, 240, 240
L -1663.0449, 1007.0323, -127.8417,  -1662.9932, 944.9768, -127.8417,  0, 240, 240
L -1631.0320, 1007.0087, -127.8417,  -1663.0449, 1007.0323, -127.8417,  0, 240, 240
L -1631.0310, 1040.9565, -127.8417,  -1631.0320, 1007.0087, -127.8417,  0, 240, 240
L -1663.0592, 1040.9989, -127.8417,  -1631.0310, 1040.9565, -127.8417,  0, 240, 240
L -1662.9817, 1103.0358, -127.8417,  -1663.0592, 1040.9989, -127.8417,  0, 240, 240
L -1631.0208, 1103.0068, -127.8417,  -1662.9817, 1103.0358, -127.8417,  0, 240, 240
L -1631.0195, 1136.9669, -127.8417,  -1631.0208, 1103.0068, -127.8417,  0, 240, 240
L -1663.0208, 1136.9648, -127.8417,  -1631.0195, 1136.9669, -127.8417,  0, 240, 240
L -1663.0360, 1199.0375, -127.8417,  -1663.0208, 1136.9648, -127.8417,  0, 240, 240
L -1631.0522, 1199.0118, -127.8417,  -1663.0360, 1199.0375, -127.8417,  0, 240, 240
L -1630.9850, 1231.0083, -127.8417,  -1631.0522, 1199.0118, -127.8417,  0, 240, 240
L -1615.0538, 1231.0537, -127.8417,  -1630.9850, 1231.0083, -127.8417,  0, 240, 240
L -1615.0094, 1248.9650, -127.8417,  -1615.0538, 1231.0537, -127.8417,  0, 240, 240
L -1631.6322, 1248.9672, -127.8417,  -1615.0094, 1248.9650, -127.8417,  0, 240, 240
L -1663.5265, 1280.9733, -127.8417,  -1631.6322, 1248.9672, -127.8417,  0, 240, 240
L -1679.0209, 1280.9725, -127.8417,  -1663.5265, 1280.9733, -127.8417,  0, 240, 240
L -1679.0281, 1375.0286, -127.8417,  -1679.0209, 1280.9725, -127.8417,  0, 240, 240
L -1663.5790, 1375.0319, -127.8417,  -1679.0281, 1375.0286, -127.8417,  0, 240, 240
L -1652.2485, 1386.3607, -127.8417,  -1652.4252, 1386.1805, -127.8417,  0, 240, 240
L -1631.5795, 1407.0265, -127.8417,  -1663.5790, 1375.0319, -127.8417,  0, 240, 240
L -1536.4127, 1407.0341, -127.8417,  -1631.5795, 1407.0265, -127.8417,  0, 240, 240
L -1504.3939, 1375.0073, -127.8417,  -1536.4127, 1407.0341, -127.8417,  0, 240, 240
L -1488.9650, 1375.0653, -127.8417,  -1504.3939, 1375.0073, -127.8417,  0, 240, 240
L -1488.9648, 1359.0165, -127.8417,  -1488.9650, 1375.0653, -127.8417,  0, 240, 240
L -1471.0004, 1359.0276, -127.8417,  -1488.9648, 1359.0165, -127.8417,  0, 240, 240
L -1265.0038, 1764.9219, -127.8417,  -1327.0284, 1764.9093, -127.8417,  255, 0, 136
L -1265.0122, 1758.9860, -127.8417,  -1327.0282, 1758.9585, -127.8417,  255, 0, 136
L -1216.9620, 1568.9694, -127.8417,  -1216.9688, 1535.0168, -127.8417,  0, 240, 240
L -1344.9886, 1376.9690, -127.8417,  -1247.0365, 1376.9697, -127.8417,  0, 240, 240
L -1344.9611, 1278.9890, -127.8417,  -1344.9886, 1376.9690, -127.8417,  0, 240, 240
L -1247.0194, 1279.0469, -127.8417,  -1344.9611, 1278.9890, -127.8417,  0, 240, 240
L -1247.0365, 1376.9697, -127.8417,  -1247.0194, 1279.0469, -127.8417,  0, 240, 240
L -1120.9816, 1359.0481, -127.8417,  -1120.9763, 1375.6475, -127.8417,  0, 240, 240
L -1120.9451, 1280.4366, -127.8417,  -1121.0073, 1296.9956, -127.8417,  0, 240, 240
L -1184.4218, 1216.9578, -127.8417,  -1120.9451, 1280.4366, -127.8417,  0, 240, 240
L -1216.9861, 1216.9819, -127.8417,  -1184.4218, 1216.9578, -127.8417,  0, 240, 240
L -1216.9564, 1185.0222, -127.8417,  -1216.9861, 1216.9819, -127.8417,  0, 240, 240
L -1375.0304, 1184.9547, -127.8417,  -1216.9564, 1185.0222, -127.8417,  0, 240, 240
L -1375.0125, 1216.9753, -127.8417,  -1375.0304, 1184.9547, -127.8417,  0, 240, 240
L -1407.5878, 1216.9702, -127.8417,  -1375.0125, 1216.9753, -127.8417,  0, 240, 240
L -1471.0326, 1280.4093, -127.8417,  -1407.5878, 1216.9702, -127.8417,  0, 240, 240
L -1471.0464, 1375.5941, -127.8417,  -1471.0004, 1359.0276, -127.8417,  0, 240, 240
L -1407.5940, 1439.0092, -127.8417,  -1471.0464, 1375.5941, -127.8417,  0, 240, 240
L -1375.0243, 1439.0692, -127.8417,  -1407.5940, 1439.0092, -127.8417,  0, 240, 240
L -1375.0316, 1472.9912, -127.8417,  -1375.0243, 1439.0692, -127.8417,  0, 240, 240
L -1407.0347, 1472.9465, -127.8417,  -1375.0316, 1472.9912, -127.8417,  0, 240, 240
L -1407.0255, 1535.0284, -127.8417,  -1407.0347, 1472.9465, -127.8417,  0, 240, 240
L -1375.0367, 1535.0293, -127.8417,  -1407.0255, 1535.0284, -127.8417,  0, 240, 240
L -1374.9960, 1568.9669, -127.8417,  -1375.0367, 1535.0293, -127.8417,  0, 240, 240
L -1407.0018, 1568.9718, -127.8417,  -1374.9960, 1568.9669, -127.8417,  0, 240, 240
L -1407.0439, 1631.0291, -127.8417,  -1407.0018, 1568.9718, -127.8417,  0, 240, 240
L -1375.0165, 1631.0286, -127.8417,  -1407.0439, 1631.0291, -127.8417,  0, 240, 240
L -1375.0187, 1664.9692, -127.8417,  -1375.0165, 1631.0286, -127.8417,  0, 240, 240
L -1407.0344, 1664.9912, -127.8417,  -1375.0187, 1664.9692, -127.8417,  0, 240, 240
L -1407.0242, 1727.0129, -127.8417,  -1407.0344, 1664.9912, -127.8417,  0, 240, 240
L -1375.0355, 1727.0356, -127.8417,  -1407.0242, 1727.0129, -127.8417,  0, 240, 240
L -1374.9937, 1759.0364, -127.8417,  -1375.0355, 1727.0356, -127.8417,  0, 240, 240
L -1327.0280, 1759.0237, -127.8417,  -1374.9937, 1759.0364, -127.8417,  0, 240, 240
L -1184.4652, 1439.0482, -127.8417,  -1120.9763, 1375.6475, -127.8417,  0, 240, 240
L -1216.9883, 1438.9968, -127.8417,  -1184.4652, 1439.0482, -127.8417,  0, 240, 240
L -1216.9507, 1472.9584, -127.8417,  -1216.9883, 1438.9968, -127.8417,  0, 240, 240
L -1184.9431, 1472.9958, -127.8417,  -1216.9507, 1472.9584, -127.8417,  0, 240, 240
L -1185.0015, 1535.0208, -127.8417,  -1184.9431, 1472.9958, -127.8417,  0, 240, 240
L -1216.9688, 1535.0168, -127.8417,  -1185.0015, 1535.0208, -127.8417,  0, 240, 240
L -1184.9648, 1568.9617, -127.8417,  -1216.9620, 1568.9694, -127.8417,  0, 240, 240
L -1184.9657, 1631.0177, -127.8417,  -1184.9648, 1568.9617, -127.8417,  0, 240, 240
L -1216.9447, 1631.0411, -127.8417,  -1184.9657, 1631.0177, -127.8417,  0, 240, 240
L -1217.0355, 1664.9883, -127.8417,  -1216.9447, 1631.0411, -127.8417,  0, 240, 240
L -1184.9913, 1664.9431, -127.8417,  -1217.0355, 1664.9883, -127.8417,  0, 240, 240
L -1184.9590, 1727.0123, -127.8417,  -1184.9913, 1664.9431, -127.8417,  0, 240, 240
L -1216.9830, 1727.0486, -127.8417,  -1184.9590, 1727.0123, -127.8417,  0, 240, 240
L -1216.9641, 1759.0419, -127.8417,  -1216.9830, 1727.0486, -127.8417,  0, 240, 240
L -1265.0120, 1759.0172, -127.8417,  -1216.9641, 1759.0419, -127.8417,  0, 240, 240
L -1151.0428, 1985.0150, -47.6925,  -1151.0217, 1887.0198, -42.2506,  0, 240, 240
L -1056.9117, 2079.0313, -63.8417,  -1057.1680, 1792.9811, -63.8417,  0, 240, 240
L -1342.9910, 2078.9805, -63.8417,  -1057.0953, 2079.0186, -63.8417,  0, 240, 240
L -1248.9280, 1984.9395, -84.4596,  -1151.0428, 1985.0150, -78.1199,  0, 240, 240
L -1342.9504, 2079.0249, -95.8417,  -1056.9117, 2079.0313, -95.8417,  0, 240, 240
L -1343.1771, 1792.9795, -95.8417,  -1342.9910, 2078.9805, -95.8417,  0, 240, 240
L -1343.0377, 1792.9795, -127.8417,  -1342.9504, 2079.0249, -127.8417,  0, 240, 240
L -1327.0303, 1792.9727, -127.8417,  -1343.1771, 1792.9795, -127.8417,  0, 240, 240
L -1327.0280, 1759.0237, -127.8417,  -1327.0303, 1792.9727, -127.8417,  0, 240, 240
L -1248.9832, 1792.9656, -127.8417,  -1248.9280, 1984.9395, -127.8417,  0, 240, 240
L -1264.9646, 1792.9650, -127.8417,  -1248.9832, 1792.9656, -127.8417,  0, 240, 240
L -1265.0120, 1759.0172, -127.8417,  -1264.9646, 1792.9650, -127.8417,  0, 240, 240
L -1056.9944, 1808.9796, 64.1582,  -1056.9585, 2079.0127, 64.1582,  240, 127, 0
L -1056.9249, 1792.8053, -31.8417,  -1057.0953, 2079.0186, -32.4771,  240, 127, 0
L -1081.1980, 1792.9739, -31.8417,  -1079.0530, 1792.9674, -31.8417,  240, 127, 0
L -1343.0227, 1792.8947, -31.8417,  -1057.1680, 1792.9811, -31.8417,  240, 127, 0
L -1151.0217, 1887.0198, -20.0607,  -1248.9709, 1887.0302, -12.8229,  240, 127, 0
L -1343.0206, 1793.0286, 0.1582,  -1342.9984, 2079.0598, 0.1582,  240, 127, 0
L -1056.9249, 1792.8053, 0.1582,  -1343.0206, 1793.0286, 0.1582,  240, 127, 0
L -1248.9709, 1887.0302, 14.9101,  -1248.9640, 1984.9777, 18.9102,  240, 127, 0
L -1343.0330, 2079.0469, 32.1582,  -1056.9941, 2078.8506, 32.1582,  240, 127, 0
L -1343.0330, 2079.0469, 32.1582,  -1343.0227, 1792.8947, 32.1582,  240, 127, 0
L -1248.9640, 1984.9777, 45.7939,  -1150.9448, 1984.9698, 49.3331,  240, 127, 0
L -1056.9585, 2079.0127, 64.1582,  -1342.9984, 2079.0598, 64.1582,  240, 127, 0
L -1072.9647, 1791.0742, 100.1582,  -1135.0176, 1790.9888, 100.1582,  255, 0, 136
L -1135.0245, 1796.9948, 100.1582,  -1072.9656, 1796.9836, 100.1582,  255, 0, 136
L -1135.0383, 1808.9667, 100.1582,  -1135.0176, 1791.0123, 100.1582,  240, 127, 0
L -1151.0492, 1808.9900, 100.1582,  -1135.0383, 1808.9667, 100.1582,  240, 127, 0
L -1150.9448, 1984.9698, 100.1582,  -1151.0492, 1808.9900, 100.1582,  240, 127, 0
L -1056.9722, 1808.9797, 100.1582,  -1056.9941, 2078.8506, 100.1582,  240, 127, 0
L -1072.9672, 1808.9584, 100.1582,  -1056.9944, 1808.9796, 100.1582,  240, 127, 0
L -1072.9646, 1791.0408, 100.1582,  -1072.9672, 1808.9584, 100.1582,  240, 127, 0
L -1056.3475, 1790.9865, 100.1582,  -1072.9646, 1791.0408, 100.1582,  240, 127, 0
L -896.9595, 1695.4548, 100.1582,  -1056.3475, 1790.9865, 100.1582,  240, 127, 0
L -896.9750, 1631.0216, 100.1582,  -896.9595, 1695.4548, 100.1582,  240, 127, 0
L -893.5404, 1631.0345, 100.1582,  -896.9750, 1631.0216, 100.1582,  240, 127, 0
L -893.4830, 1608.8430, 100.1582,  -893.5404, 1631.0345, 100.1582,  240, 127, 0
L -835.5699, 1608.8158, 100.1582,  -893.4830, 1608.8430, 100.1582,  240, 127, 0
L -835.5621, 1631.0339, 100.1582,  -835.5699, 1608.8158, 100.1582,  240, 127, 0
L -828.9056, 1631.0309, 100.1582,  -835.5621, 1631.0339, 100.1582,  240, 127, 0
L -828.9013, 1608.8181, 100.1582,  -828.9056, 1631.0309, 100.1582,  240, 127, 0
L -770.9432, 1608.8234, 100.1582,  -828.9013, 1608.8181, 100.1582,  240, 127, 0
L -770.9548, 1631.0306, 100.1582,  -770.9432, 1608.8234, 100.1582,  240, 127, 0
L -764.5398, 1631.0162, 100.1582,  -770.9548, 1631.0306, 100.1582,  240, 127, 0
L -765.0702, 1609.5632, 100.1582,  -764.5398, 1631.0162, 100.1582,  240, 127, 0
L -707.1367, 1608.1040, 100.1582,  -765.0702, 1609.5632, 100.1582,  240, 127, 0
L -707.1367, 1608.1040, 100.1582,  -706.5700, 1631.0364, 100.1582,  240, 127, 0
L -704.9748, 1631.0341, 100.1582,  -706.5700, 1631.0364, 100.1582,  240, 127, 0
L -704.9681, 1504.9684, 100.1582,  -704.9748, 1631.0341, 100.1582,  240, 127, 0
L -708.7517, 1504.9674, 100.1582,  -704.9681, 1504.9684, 100.1582,  240, 127, 0
L -708.7466, 1527.1644, 100.1582,  -708.7517, 1504.9674, 100.1582,  240, 127, 0
L -766.6902, 1527.1646, 100.1582,  -708.7466, 1527.1644, 100.1582,  240, 127, 0
L -766.7159, 1504.9663, 100.1582,  -766.6902, 1527.1646, 100.1582,  240, 127, 0
L -770.7554, 1504.9695, 100.1582,  -766.7159, 1504.9663, 100.1582,  240, 127, 0
L -770.7592, 1527.1926, 100.1582,  -770.7554, 1504.9695, 100.1582,  240, 127, 0
L -828.7599, 1527.1465, 100.1582,  -770.7592, 1527.1926, 100.1582,  240, 127, 0
L -828.6706, 1504.9346, 100.1582,  -828.7599, 1527.1465, 100.1582,  240, 127, 0
L -835.0295, 1505.0001, 100.1582,  -828.6706, 1504.9346, 100.1582,  240, 127, 0
L -835.0004, 1527.1870, 100.1582,  -835.0295, 1505.0001, 100.1582,  240, 127, 0
L -892.9673, 1527.1527, 100.1582,  -835.0004, 1527.1870, 100.1582,  240, 127, 0
L -892.9623, 1505.0439, 100.1582,  -892.9673, 1527.1527, 100.1582,  240, 127, 0
L -892.9623, 1505.0439, 100.1582,  -896.9677, 1504.9624, 100.1582,  240, 127, 0
L -896.9757, 1454.1206, 100.1582,  -896.9677, 1504.9624, 100.1582,  240, 127, 0
L -915.7370, 1454.1057, 100.1582,  -896.9757, 1454.1206, 100.1582,  240, 127, 0
L -915.7808, 1426.1853, 100.1582,  -915.7370, 1454.1057, 100.1582,  240, 127, 0
L -896.9808, 1426.1702, 100.1582,  -915.7808, 1426.1853, 100.1582,  240, 127, 0
L -896.9565, 1375.0150, 100.1582,  -896.9808, 1426.1702, 100.1582,  240, 127, 0
L -893.1600, 1375.0341, 100.1582,  -896.9565, 1375.0150, 100.1582,  240, 127, 0
L -893.1761, 1352.8148, 100.1582,  -893.1600, 1375.0341, 100.1582,  240, 127, 0
L -835.1835, 1352.8406, 100.1582,  -893.1761, 1352.8148, 100.1582,  240, 127, 0
L -835.2403, 1375.0302, 100.1582,  -835.1835, 1352.8406, 100.1582,  240, 127, 0
L -829.1454, 1375.0095, 100.1582,  -835.2403, 1375.0302, 100.1582,  240, 127, 0
L -829.1299, 1352.8284, 100.1582,  -829.1454, 1375.0095, 100.1582,  240, 127, 0
L -771.1702, 1352.8330, 100.1582,  -829.1299, 1352.8284, 100.1582,  240, 127, 0
L -771.2062, 1375.0260, 100.1582,  -771.1702, 1352.8330, 100.1582,  240, 127, 0
L -766.3045, 1375.0385, 100.1582,  -771.2062, 1375.0260, 100.1582,  240, 127, 0
L -766.3036, 1352.8409, 100.1582,  -766.3045, 1375.0385, 100.1582,  240, 127, 0
L -708.3418, 1352.8259, 100.1582,  -766.3036, 1352.8409, 100.1582,  240, 127, 0
L -708.3354, 1375.0261, 100.1582,  -708.3418, 1352.8259, 100.1582,  240, 127, 0
L -704.9432, 1375.0336, 100.1582,  -708.3354, 1375.0261, 100.1582,  240, 127, 0
L -704.9749, 1248.7867, 100.1582,  -704.9432, 1375.0336, 100.1582,  240, 127, 0
L -708.2379, 1249.0477, 100.1582,  -704.9749, 1248.7867, 100.1582,  240, 127, 0
L -708.2354, 1273.4037, 100.1582,  -708.2379, 1249.0477, 100.1582,  240, 127, 0
L -766.5363, 1273.3790, 100.1582,  -708.2354, 1273.4037, 100.1582,  240, 127, 0
L -766.5387, 1248.9644, 100.1582,  -766.5363, 1273.3790, 100.1582,  240, 127, 0
L -771.2262, 1248.9657, 100.1582,  -766.5387, 1248.9644, 100.1582,  240, 127, 0
L -771.1912, 1273.3151, 100.1582,  -771.2262, 1248.9657, 100.1582,  240, 127, 0
L -829.1588, 1273.3387, 100.1582,  -771.1912, 1273.3151, 100.1582,  240, 127, 0
L -829.1970, 1248.9707, 100.1582,  -829.1588, 1273.3387, 100.1582,  240, 127, 0
L -835.2026, 1248.9728, 100.1582,  -829.1970, 1248.9707, 100.1582,  240, 127, 0
L -835.1485, 1273.3008, 100.1582,  -835.2026, 1248.9728, 100.1582,  240, 127, 0
L -893.1419, 1273.2993, 100.1582,  -835.1485, 1273.3008, 100.1582,  240, 127, 0
L -893.1487, 1248.9801, 100.1582,  -893.1419, 1273.2993, 100.1582,  240, 127, 0
L -893.1487, 1248.9801, 100.1582,  -896.9674, 1248.9438, 100.1582,  240, 127, 0
L -896.9775, 1184.9266, 100.1582,  -896.9674, 1248.9438, 100.1582,  240, 127, 0
L -1072.9556, 1184.9930, 100.1582,  -896.9775, 1184.9266, 100.1582,  240, 127, 0
L -1089.0120, 1568.9771, 100.1582,  -1089.0150, 1589.1118, 100.1582,  240, 127, 0
L -1055.0255, 1568.9689, 100.1582,  -1089.0120, 1568.9771, 100.1582,  240, 127, 0
L -1055.0358, 1564.6365, 100.1582,  -1055.0255, 1568.9689, 100.1582,  240, 127, 0
L -1032.6023, 1564.6304, 100.1582,  -1055.0358, 1564.6365, 100.1582,  240, 127, 0
L -1032.6750, 1506.6666, 100.1582,  -1032.6023, 1564.6304, 100.1582,  240, 127, 0
L -1055.0325, 1506.6995, 100.1582,  -1032.6750, 1506.6666, 100.1582,  240, 127, 0
L -1055.0232, 1501.6423, 100.1582,  -1055.0325, 1506.6995, 100.1582,  240, 127, 0
L -1032.8279, 1501.6061, 100.1582,  -1055.0232, 1501.6423, 100.1582,  240, 127, 0
L -1032.8140, 1443.6672, 100.1582,  -1032.8279, 1501.6061, 100.1582,  240, 127, 0
L -1055.0253, 1443.6537, 100.1582,  -1032.8140, 1443.6672, 100.1582,  240, 127, 0
L -1055.0333, 1437.5623, 100.1582,  -1055.0253, 1443.6537, 100.1582,  240, 127, 0
L -1032.7836, 1437.5841, 100.1582,  -1055.0333, 1437.5623, 100.1582,  240, 127, 0
L -1032.8811, 1379.6223, 100.1582,  -1032.7836, 1437.5841, 100.1582,  240, 127, 0
L -1055.0286, 1379.5911, 100.1582,  -1032.8811, 1379.6223, 100.1582,  240, 127, 0
L -1055.0403, 1372.7542, 100.1582,  -1055.0286, 1379.5911, 100.1582,  240, 127, 0
L -1032.8026, 1372.7697, 100.1582,  -1055.0403, 1372.7542, 100.1582,  240, 127, 0
L -1032.8326, 1314.8011, 100.1582,  -1032.8026, 1372.7697, 100.1582,  240, 127, 0
L -1055.0342, 1314.8124, 100.1582,  -1032.8326, 1314.8011, 100.1582,  240, 127, 0
L -1055.0342, 1314.8124, 100.1582,  -1055.0315, 1310.9410, 100.1582,  240, 127, 0
L -1152.9667, 1311.0576, 100.1582,  -1055.0315, 1310.9410, 100.1582,  240, 127, 0
L -1152.9658, 1314.5461, 100.1582,  -1152.9667, 1311.0576, 100.1582,  240, 127, 0
L -1175.2719, 1314.6140, 100.1582,  -1152.9658, 1314.5461, 100.1582,  240, 127, 0
L -1175.2965, 1372.5442, 100.1582,  -1175.2719, 1314.6140, 100.1582,  240, 127, 0
L -1152.9658, 1372.5214, 100.1582,  -1175.2965, 1372.5442, 100.1582,  240, 127, 0
L -1152.9666, 1379.0558, 100.1582,  -1152.9658, 1372.5214, 100.1582,  240, 127, 0
L -1175.1786, 1379.0677, 100.1582,  -1152.9666, 1379.0558, 100.1582,  240, 127, 0
L -1175.1849, 1437.0109, 100.1582,  -1175.1786, 1379.0677, 100.1582,  240, 127, 0
L -1152.9657, 1437.0474, 100.1582,  -1175.1849, 1437.0109, 100.1582,  240, 127, 0
L -1152.9802, 1443.3644, 100.1582,  -1152.9657, 1437.0474, 100.1582,  240, 127, 0
L -1175.1605, 1443.3644, 100.1582,  -1152.9802, 1443.3644, 100.1582,  240, 127, 0
L -1175.1680, 1501.3340, 100.1582,  -1175.1605, 1443.3644, 100.1582,  240, 127, 0
L -1152.9729, 1501.3036, 100.1582,  -1175.1680, 1501.3340, 100.1582,  240, 127, 0
L -1152.9645, 1506.4650, 100.1582,  -1152.9729, 1501.3036, 100.1582,  240, 127, 0
L -1175.2101, 1506.5022, 100.1582,  -1152.9645, 1506.4650, 100.1582,  240, 127, 0
L -1175.1421, 1564.4640, 100.1582,  -1175.2101, 1506.5022, 100.1582,  240, 127, 0
L -1152.9666, 1564.4298, 100.1582,  -1175.1421, 1564.4640, 100.1582,  240, 127, 0
L -1152.9636, 1568.9705, 100.1582,  -1152.9666, 1564.4298, 100.1582,  240, 127, 0
L -1118.9597, 1568.9930, 100.1582,  -1152.9636, 1568.9705, 100.1582,  240, 127, 0
L -1118.9794, 1589.0759, 100.1582,  -1118.9597, 1568.9930, 100.1582,  240, 127, 0
L -1089.0150, 1589.1118, 100.1582,  -1118.9794, 1589.0759, 100.1582,  240, 127, 0
L -1151.6285, 1791.0490, 100.1582,  -1135.0176, 1791.0123, 100.1582,  240, 127, 0
L -1311.0188, 1695.4629, 100.1582,  -1151.6285, 1791.0490, 100.1582,  240, 127, 0
L -1311.0333, 1631.0266, 100.1582,  -1311.0188, 1695.4629, 100.1582,  240, 127, 0
L -1315.2405, 1631.0292, 100.1582,  -1311.0333, 1631.0266, 100.1582,  240, 127, 0
L -1315.2426, 1608.8459, 100.1582,  -1315.2405, 1631.0292, 100.1582,  240, 127, 0
L -1373.1936, 1608.7991, 100.1582,  -1315.2426, 1608.8459, 100.1582,  240, 127, 0
L -1373.2103, 1631.0277, 100.1582,  -1373.1936, 1608.7991, 100.1582,  240, 127, 0
L -1379.5615, 1631.0323, 100.1582,  -1373.2103, 1631.0277, 100.1582,  240, 127, 0
L -1379.5922, 1608.8195, 100.1582,  -1379.5615, 1631.0323, 100.1582,  240, 127, 0
L -1437.5304, 1608.8145, 100.1582,  -1379.5922, 1608.8195, 100.1582,  240, 127, 0
L -1437.5355, 1631.0099, 100.1582,  -1437.5304, 1608.8145, 100.1582,  240, 127, 0
L -1441.1748, 1631.0530, 100.1582,  -1437.5355, 1631.0099, 100.1582,  240, 127, 0
L -1441.1781, 1608.8473, 100.1582,  -1441.1748, 1631.0530, 100.1582,  240, 127, 0
L -1499.1527, 1608.8048, 100.1582,  -1441.1781, 1608.8473, 100.1582,  240, 127, 0
L -1499.1337, 1631.0206, 100.1582,  -1499.1527, 1608.8048, 100.1582,  240, 127, 0
L -1503.0156, 1631.0337, 100.1582,  -1499.1337, 1631.0206, 100.1582,  240, 127, 0
L -1501.4738, 1375.0341, 100.1582,  -1502.9735, 1375.0323, 100.1582,  240, 127, 0
L -1501.4783, 1352.8512, 100.1582,  -1501.4738, 1375.0341, 100.1582,  240, 127, 0
L -1500.0853, 1248.9655, 100.1582,  -1503.0732, 1248.9658, 100.1582,  240, 127, 0
L -1500.3700, 1270.8135, 100.1582,  -1500.0853, 1248.9655, 100.1582,  240, 127, 0
L -1503.0347, 1504.9657, 100.1582,  -1501.0598, 1504.9659, 100.1582,  240, 127, 0
L -1501.0730, 1527.2166, 100.1582,  -1501.0598, 1504.9659, 100.1582,  240, 127, 0
L -1503.0347, 1504.9657, 100.1582,  -1503.0156, 1631.0337, 100.1582,  240, 127, 0
L -1443.1080, 1527.1379, 100.1582,  -1501.0730, 1527.2166, 100.1582,  240, 127, 0
L -1443.0825, 1504.9769, 100.1582,  -1443.1080, 1527.1379, 100.1582,  240, 127, 0
L -1436.8545, 1504.9653, 100.1582,  -1443.0825, 1504.9769, 100.1582,  240, 127, 0
L -1437.1515, 1526.8260, 100.1582,  -1436.8545, 1504.9653, 100.1582,  240, 127, 0
L -1379.1741, 1527.5273, 100.1582,  -1437.1515, 1526.8260, 100.1582,  240, 127, 0
L -1378.8990, 1504.9623, 100.1582,  -1379.1741, 1527.5273, 100.1582,  240, 127, 0
L -1372.0769, 1504.9745, 100.1582,  -1378.8990, 1504.9623, 100.1582,  240, 127, 0
L -1371.4752, 1527.8982, 100.1582,  -1372.0769, 1504.9745, 100.1582,  240, 127, 0
L -1313.5358, 1526.3705, 100.1582,  -1371.4752, 1527.8982, 100.1582,  240, 127, 0
L -1374.1013, 1352.8031, 100.1582,  -1316.1803, 1352.8225, 100.1582,  240, 127, 0
L -1374.0995, 1375.0315, 100.1582,  -1374.1013, 1352.8031, 100.1582,  240, 127, 0
L -1379.4598, 1375.0354, 100.1582,  -1374.0995, 1375.0315, 100.1582,  240, 127, 0
L -1379.5074, 1352.8125, 100.1582,  -1379.4598, 1375.0354, 100.1582,  240, 127, 0
L -1437.4532, 1352.8197, 100.1582,  -1379.5074, 1352.8125, 100.1582,  240, 127, 0
L -1437.4673, 1375.0209, 100.1582,  -1437.4532, 1352.8197, 100.1582,  240, 127, 0
L -1443.5377, 1375.0389, 100.1582,  -1437.4673, 1375.0209, 100.1582,  240, 127, 0
L -1443.5377, 1375.0389, 100.1582,  -1443.4971, 1352.8021, 100.1582,  240, 127, 0
L -1501.4783, 1352.8512, 100.1582,  -1443.4971, 1352.8021, 100.1582,  240, 127, 0
L -1442.4153, 1271.5126, 100.1582,  -1500.3700, 1270.8135, 100.1582,  240, 127, 0
L -1442.0782, 1249.0314, 100.1582,  -1442.4153, 1271.5126, 100.1582,  240, 127, 0
L -1442.0782, 1249.0314, 100.1582,  -1437.1453, 1248.9233, 100.1582,  240, 127, 0
L -1437.1217, 1271.1727, 100.1582,  -1437.1453, 1248.9233, 100.1582,  240, 127, 0
L -1379.1578, 1271.1550, 100.1582,  -1437.1217, 1271.1727, 100.1582,  240, 127, 0
L -1372.9884, 1271.1420, 100.1582,  -1310.9435, 1271.2178, 100.1582,  240, 127, 0
L -1379.1896, 1248.9683, 100.1582,  -1379.1578, 1271.1550, 100.1582,  240, 127, 0
L -1373.0308, 1248.9658, 100.1582,  -1372.9884, 1271.1420, 100.1582,  240, 127, 0
L -1373.0308, 1248.9658, 100.1582,  -1379.1896, 1248.9683, 100.1582,  240, 127, 0
L -1313.5358, 1526.3705, 100.1582,  -1314.0865, 1504.9656, 100.1582,  240, 127, 0
L -1314.0865, 1504.9656, 100.1582,  -1311.0043, 1504.9692, 100.1582,  240, 127, 0
L -1311.0403, 1455.1342, 100.1582,  -1311.0043, 1504.9692, 100.1582,  240, 127, 0
L -1290.8530, 1455.1395, 100.1582,  -1311.0403, 1455.1342, 100.1582,  240, 127, 0
L -1290.8495, 1425.2041, 100.1582,  -1290.8530, 1455.1395, 100.1582,  240, 127, 0
L -1311.0220, 1425.2037, 100.1582,  -1290.8495, 1425.2041, 100.1582,  240, 127, 0
L -1311.0309, 1375.0313, 100.1582,  -1311.0220, 1425.2037, 100.1582,  240, 127, 0
L -1316.1078, 1375.0288, 100.1582,  -1311.0309, 1375.0313, 100.1582,  240, 127, 0
L -1316.1803, 1352.8225, 100.1582,  -1316.1078, 1375.0288, 100.1582,  240, 127, 0
L -1503.0732, 1248.9658, 100.1582,  -1502.9735, 1375.0323, 100.1582,  240, 127, 0
L -1311.1094, 1184.9326, 100.1582,  -1310.9435, 1271.2178, 100.1582,  240, 127, 0
L -1135.0057, 1184.9951, 100.1582,  -1311.1094, 1184.9326, 100.1582,  240, 127, 0
L -1135.0057, 1185.0455, 100.1582,  -1072.9556, 1185.0232, 100.1582,  255, 0, 136
L -1072.9645, 1179.0835, 100.1582,  -1135.0173, 1179.1112, 100.1582,  255, 0, 136
L -735.0992, 1007.0508, 100.1582,  -735.1730, 944.9897, 100.1582,  255, 0, 136
L -741.0522, 1007.0355, 100.1582,  -741.1196, 944.9824, 100.1582,  255, 0, 136
L -1135.0057, 1184.9951, 100.1582,  -1135.0408, 1167.0096, 100.1582,  240, 127, 0
L -1151.0746, 1167.0355, 100.1582,  -1135.0408, 1167.0096, 100.1582,  240, 127, 0
L -1072.9825, 1167.0149, 100.1582,  -1072.9556, 1184.9930, 100.1582,  240, 127, 0
L -1056.9590, 1167.0446, 100.1582,  -1072.9825, 1167.0149, 100.1582,  240, 127, 0
L -1056.9739, 1023.0728, 100.1582,  -1056.9590, 1167.0446, 100.1582,  240, 127, 0
L -1150.9781, 929.0820, 100.1582,  -1151.0746, 1167.0355, 100.1582,  240, 127, 0
L -752.9834, 928.9655, 100.1582,  -1150.9781, 929.0820, 100.1582,  240, 127, 0
L -752.9592, 944.9677, 100.1582,  -752.9834, 928.9655, 100.1582,  240, 127, 0
L -735.0396, 944.9899, 100.1582,  -752.9592, 944.9677, 100.1582,  240, 127, 0
L -752.9675, 1023.0167, 100.1582,  -1056.9739, 1023.0728, 100.1582,  240, 127, 0
L -752.9616, 1007.0049, 100.1582,  -752.9675, 1023.0167, 100.1582,  240, 127, 0
L -735.0373, 1007.0509, 100.1582,  -752.9616, 1007.0049, 100.1582,  240, 127, 0
L 151.0264, 1398.9895, 99.8330,  151.0266, 1257.0884, 99.8330,  0, 0, 240
L 8.4613, 1399.0428, 99.8330,  151.0264, 1398.9895, 99.8330,  0, 0, 240
L 9.0777, 1256.9705, 99.8330,  8.4613, 1399.0428, 99.8330,  0, 0, 240
L 151.0266, 1257.0884, 99.8330,  9.0777, 1256.9705, 99.8330,  0, 0, 240
L 31.1399, 1279.1221, 99.8330,  128.9164, 1278.8695, 99.8330,  0, 0, 240
L 30.8225, 1376.6478, 99.8330,  31.1399, 1279.1221, 99.8330,  0, 0, 240
L 129.1547, 1377.1523, 99.8330,  30.8225, 1376.6478, 99.8330,  0, 0, 240
L 128.9164, 1278.8695, 99.8330,  129.1547, 1377.1523, 99.8330,  0, 0, 240
L 111.0250, 794.8867, 100.1582,  48.9745, 794.8771, 100.1582,  255, 0, 136
L 48.9639, 1156.9946, 100.1582,  111.0357, 1157.0557, 100.1582,  255, 0, 136
L 48.9619, 1151.0624, 100.1582,  111.0419, 1151.0659, 100.1582,  255, 0, 136
L -65.0828, 944.9397, 100.1582,  -65.0147, 1007.0148, 100.1582,  255, 0, 136
L -59.1352, 944.9557, 100.1582,  -59.0620, 1007.0231, 100.1582,  255, 0, 136
L 111.0262, 800.7791, 100.1582,  48.9716, 800.8893, 100.1582,  255, 0, 136
L 126.9366, 800.9684, 100.1582,  111.0263, 800.9636, 100.1582,  240, 127, 0
L 127.0324, 1151.0195, 100.1582,  126.9366, 800.9684, 100.1582,  240, 127, 0
L 127.0324, 1151.0195, 100.1582,  111.0419, 1151.0254, 100.1582,  240, 127, 0
L 111.0070, 1184.9752, 100.1582,  111.0419, 1151.0254, 100.1582,  240, 127, 0
L 223.0002, 1184.9749, 100.1582,  111.0070, 1184.9752, 100.1582,  240, 127, 0
L 223.0268, 1471.0420, 100.1582,  223.0002, 1184.9749, 100.1582,  240, 127, 0
L -63.0533, 1471.0217, 100.1582,  223.0268, 1471.0420, 100.1582,  240, 127, 0
L -63.0212, 1184.9889, 100.1582,  -63.0533, 1471.0217, 100.1582,  240, 127, 0
L 48.9732, 1184.9639, 100.1582,  -63.0212, 1184.9889, 100.1582,  240, 127, 0
L 48.9619, 1151.0126, 100.1582,  48.9732, 1184.9639, 100.1582,  240, 127, 0
L 32.9706, 1151.0269, 100.1582,  48.9619, 1151.0126, 100.1582,  240, 127, 0
L 32.9787, 1023.0263, 100.1582,  32.9706, 1151.0269, 100.1582,  240, 127, 0
L -47.0423, 1023.0285, 100.1582,  32.9787, 1023.0263, 100.1582,  240, 127, 0
L -47.0166, 1007.0397, 100.1582,  -47.0423, 1023.0285, 100.1582,  240, 127, 0
L -64.9512, 1007.0149, 100.1582,  -47.0166, 1007.0397, 100.1582,  240, 127, 0
L -65.0896, 944.9396, 100.1582,  -47.0233, 944.9884, 100.1582,  240, 127, 0
L -47.0134, 928.9866, 100.1582,  -47.0233, 944.9884, 100.1582,  240, 127, 0
L 32.9743, 928.9608, 100.1582,  -47.0134, 928.9866, 100.1582,  240, 127, 0
L 32.9701, 800.9637, 100.1582,  32.9743, 928.9608, 100.1582,  240, 127, 0
L 48.9715, 800.9837, 100.1582,  32.9701, 800.9637, 100.1582,  240, 127, 0
L 48.9715, 800.9837, 100.1582,  48.9802, 783.0309, 100.1582,  240, 127, 0
L 32.4700, 783.0341, 100.1582,  48.9802, 783.0309, 100.1582,  240, 127, 0
L -31.0255, 703.6564, 100.1582,  32.4700, 783.0341, 100.1582,  240, 127, 0
L -31.0260, 608.3370, 100.1582,  -31.0255, 703.6564, 100.1582,  240, 127, 0
L 32.4898, 528.9659, 100.1582,  -31.0260, 608.3370, 100.1582,  240, 127, 0
L 127.5585, 528.9800, 100.1582,  32.4898, 528.9659, 100.1582,  240, 127, 0
L 191.0429, 608.3831, 100.1582,  127.5585, 528.9800, 100.1582,  240, 127, 0
L 191.0125, 703.6348, 100.1582,  191.0429, 608.3831, 100.1582,  240, 127, 0
L 127.5421, 783.0338, 100.1582,  191.0125, 703.6348, 100.1582,  240, 127, 0
L 111.0227, 783.0322, 100.1582,  127.5421, 783.0338, 100.1582,  240, 127, 0
L 111.0263, 800.9636, 100.1582,  111.0227, 783.0322, 100.1582,  240, 127, 0
L -225.0014, 928.5512, 75.6494,  -159.0027, 929.3370, 77.9836,  240, 127, 0
L -640.9436, 414.6440, 100.1582,  -642.1708, 928.9644, 100.1582,  240, 127, 0
L -159.7122, 415.0375, 100.1582,  -640.9436, 414.6440, 100.1582,  240, 127, 0
L -159.0027, 929.3370, 100.1582,  -159.7122, 415.0375, 100.1582,  240, 127, 0
L -64.9870, 1023.0082, 52.1582,  -735.0270, 1023.0655, 52.1582,  240, 127, 0
L -64.9512, 1007.0149, 100.1582,  -64.9866, 1022.7748, 100.1582,  240, 127, 0
L -64.9515, 320.9035, 100.1582,  -65.0896, 944.9396, 100.1582,  240, 127, 0
L -734.9233, 320.9860, 100.1582,  -64.9515, 320.9035, 100.1582,  240, 127, 0
L -735.0396, 944.9899, 100.1582,  -734.9233, 320.9860, 100.1582,  240, 127, 0
L 112.0000, 801.0000, 1037.0000,  112.0000, 801.0000, 103.0000,  0, 255, 0
L -58.0000, 1005.0000, 1037.0000,  -58.0000, 1005.0000, 103.0000,  0, 255, 0
L 110.0000, 1149.0000, 1037.0000,  110.0000, 1149.0000, 103.0000,  0, 255, 0
L 33.0000, 928.0000, 1037.0000,  33.0000, 928.0000, 103.0000,  153, 153, 153
L -470.0000, 830.0000, 37.0000,  -470.0000, 830.0000, 3.0000,  153, 153, 153
L 49.0000, 1157.0000, 1037.0000,  49.0000, 1157.0000, 103.0000,  153, 153, 153
L 30.0000, 929.0000, 1037.0000,  30.0000, 929.0000, 103.0000,  153, 153, 153
L -354.0000, 161.0000, 37.0000,  -354.0000, 161.0000, 3.0000,  153, 153, 153
L 63.6355, -94.9845, 0.1582,  -31.5502, -95.0566, 0.1582,  0, 0, 0
L -31.5502, -95.0566, 0.1582,  -95.0449, -31.5752, 0.1582,  0, 0, 0
L -95.0449, -31.5752, 0.1582,  -95.0167, -15.0465, 0.1582,  0, 0, 0
L -95.0331, 47.0202, 0.1582,  -95.0325, 63.6110, 0.1582,  0, 0, 0
L -95.0325, 63.6110, 0.1582,  -31.5675, 127.0309, 0.1582,  0, 0, 0
L -31.5675, 127.0309, 0.1582,  63.7334, 127.0006, 0.1582,  0, 0, 0
L 63.7334, 127.0006, 0.1582,  127.0415, 63.4751, 0.1582,  0, 0, 0
L 127.0415, 63.4751, 0.1582,  127.0294, -31.6003, 0.1582,  0, 0, 0
L 127.0294, -31.6003, 0.1582,  63.6355, -94.9845, 0.1582,  0, 0, 0
L -95.1584, -15.0462, 0.1582,  -95.2710, 47.0205, 0.1582,  255, 0, 136
L -95.0167, -15.0465, 0.1582,  -112.9561, -15.0132, 0.1582,  0, 0, 0
L -95.0331, 47.0202, 0.1582,  -112.9633, 47.0413, 0.1582,  0, 0, 0
L -112.9633, 47.0413, 0.1582,  -112.9725, 63.0260, 0.1582,  0, 0, 0
L -112.9725, 63.0260, 0.1582,  -160.5703, 63.0166, 0.1582,  0, 0, 0
L -160.5703, 63.0166, 0.1582,  -176.6253, 95.0209, 0.1582,  0, 0, 0
L -176.6253, 95.0209, 0.1582,  -207.4409, 95.0222, 0.1582,  0, 0, 0
L -207.4409, 95.0222, 0.1582,  -223.3621, 63.0254, 0.1582,  0, 0, 0
L -223.3621, 63.0254, 0.1582,  -272.3114, 63.0370, 0.1582,  0, 0, 0
L -272.3114, 63.0370, 0.1582,  -320.6062, 95.2466, 0.1582,  0, 0, 0
L -112.9561, -15.0132, 0.1582,  -112.9953, -30.9834, 0.1582,  0, 0, 0
L -112.9953, -30.9834, 0.1582,  -160.6116, -31.0589, 0.1582,  0, 0, 0
L -160.6116, -31.0589, 0.1582,  -176.5773, -62.9961, 0.1582,  0, 0, 0
L -176.5773, -62.9961, 0.1582,  -207.4065, -63.0445, 0.1582,  0, 0, 0
L -207.4065, -63.0445, 0.1582,  -223.3740, -31.0359, 0.1582,  0, 0, 0
L -223.3740, -31.0359, 0.1582,  -272.2862, -31.0161, 0.1582,  0, 0, 0
L -272.2862, -31.0161, 0.1582,  -320.2701, -63.0001, 0.1582,  0, 0, 0
L -320.2701, -63.0001, 0.1582,  -479.5765, -63.0926, 0.1582,  0, 0, 0
L -479.5765, -63.0926, 0.1582,  -527.0334, -31.4675, 0.1582,  0, 0, 0
L -527.0334, -31.4675, 0.1582,  -527.0012, 63.5044, 0.1582,  0, 0, 0
L -527.0012, 63.5044, 0.1582,  -479.2597, 95.3290, 0.1582,  0, 0, 0
L -101.0578, 47.0273, 0.1582,  -101.1466, -15.0351, 0.1582,  255, 0, 136
L -352.6374, 143.0117, 0.1582,  -368.9645, 143.0338, 0.1582,  0, 0, 0
L -368.9645, 143.0338, 0.1582,  -368.9706, 160.9804, 0.1582,  0, 0, 0
L -368.9686, 155.0916, 0.1582,  -431.0301, 155.1158, 0.1582,  255, 0, 136
L -447.4785, 143.0226, 0.1582,  -431.0325, 143.0424, 0.1582,  0, 0, 0
L -431.0325, 143.0424, 0.1582,  -431.0290, 160.9722, 0.1582,  0, 0, 0
L -447.4785, 143.0226, 0.1582,  -479.2597, 95.3290, 0.1582,  0, 0, 0
L -320.6062, 95.2466, 0.1582,  -352.6374, 143.0117, 0.1582,  0, 0, 0
L -431.0289, 161.1517, 0.1582,  -368.9707, 161.0560, 0.1582,  255, 0, 136
L -431.0290, 160.9722, 0.1582,  -447.0429, 160.9672, 0.1582,  0, 0, 0
L -447.0429, 160.9672, 0.1582,  -446.9458, 288.3581, 0.1582,  0, 0, 0
L -368.9706, 160.9804, 0.1582,  -352.9654, 160.9536, 0.1582,  0, 0, 0
L -352.9654, 160.9536, 0.1582,  -352.9721, 288.3932, 0.1582,  0, 0, 0
L -446.9458, 288.3581, 0.1582,  -479.6710, 321.0105, 0.1582,  0, 0, 0
L -479.6710, 321.0105, 0.1582,  -734.9957, 320.7903, 0.1582,  0, 0, 0
L -734.9957, 320.7903, 0.1582,  -735.5810, 1023.0123, 0.1582,  0, 0, 0
L -735.5810, 1023.0123, 0.1582,  -640.9947, 1023.0183, 0.1582,  0, 0, 0
L -640.9947, 1023.0183, 0.1582,  -640.9508, 826.6801, 0.1582,  0, 0, 0
L -640.9508, 826.6801, 0.1582,  -631.0436, 826.6823, 0.1582,  0, 0, 0
L -631.0436, 826.6823, 0.1582,  -630.9802, 911.0341, 0.1582,  0, 0, 0
L -630.9802, 911.0341, 0.1582,  -623.0106, 911.0319, 0.1582,  0, 0, 0
L -623.0106, 911.0319, 0.1582,  -623.0316, 919.0070, 0.1582,  0, 0, 0
L -623.0316, 919.0070, 0.1582,  -584.9523, 919.0203, 0.1582,  0, 0, 0
L -584.9523, 919.0203, 0.1582,  -585.0517, 831.0312, 0.1582,  0, 0, 0
L -631.0132, 741.2966, 0.1582,  -631.0240, 680.9672, 0.1582,  0, 0, 0
L -631.0240, 680.9672, 0.1582,  -623.0360, 680.9689, 0.1582,  0, 0, 0
L -623.0360, 680.9689, 0.1582,  -623.0284, 663.0340, 0.1582,  0, 0, 0
L -623.0284, 663.0340, 0.1582,  -631.0243, 663.0311, 0.1582,  0, 0, 0
L -631.0243, 663.0311, 0.1582,  -631.0309, 602.6886, 0.1582,  0, 0, 0
L -631.0309, 602.6886, 0.1582,  -640.9843, 602.6793, 0.1582,  0, 0, 0
L -640.9843, 602.6793, 0.1582,  -640.9442, 741.3360, 0.1582,  0, 0, 0
L -640.9442, 741.3360, 0.1582,  -631.0132, 741.2966, 0.1582,  0, 0, 0
L -585.0517, 831.0312, 0.1582,  -575.0116, 831.0276, 0.1582,  0, 0, 0
L -480.9705, 831.0206, 0.1582,  -470.9954, 831.0338, 0.1582,  0, 0, 0
L -470.9954, 831.0338, 0.1582,  -471.1261, 919.0247, 0.1582,  0, 0, 0
L -471.1261, 919.0247, 0.1582,  -464.9739, 919.0223, 0.1582,  0, 0, 0
L -464.9739, 919.0223, 0.1582,  -464.9736, 911.0031, 0.1582,  0, 0, 0
L -464.9736, 911.0031, 0.1582,  -456.9928, 911.0350, 0.1582,  0, 0, 0
L -456.9928, 911.0350, 0.1582,  -456.9403, 863.5815, 0.1582,  0, 0, 0
L -456.9403, 863.5815, 0.1582,  -416.4873, 823.0507, 0.1582,  0, 0, 0
L -416.4873, 823.0507, 0.1582,  -383.5864, 823.0081, 0.1582,  0, 0, 0
L -383.5864, 823.0081, 0.1582,  -343.0046, 863.6769, 0.1582,  0, 0, 0
L -343.0046, 863.6769, 0.1582,  -343.0700, 911.0236, 0.1582,  0, 0, 0
L -343.0700, 911.0236, 0.1582,  -335.0302, 911.0229, 0.1582,  0, 0, 0
L -335.0302, 911.0229, 0.1582,  -335.0275, 919.0251, 0.1582,  0, 0, 0
L -335.0275, 919.0251, 0.1582,  -328.9971, 919.0417, 0.1582,  0, 0, 0
L -328.9971, 919.0417, 0.1582,  -328.9142, 831.0268, 0.1582,  0, 0, 0
L -328.9142, 831.0268, 0.1582,  -318.9702, 831.0300, 0.1582,  0, 0, 0
L -318.9702, 831.0300, 18.3997,  -319.0918, 928.9588, 23.2122,  0, 0, 0
L -224.9479, 831.0457, 23.2338,  -225.0014, 928.5512, 26.7867,  0, 0, 0
L -319.0918, 928.9588, 52.1582,  -352.9842, 929.0016, 52.1582,  0, 0, 0
L -352.9842, 929.0016, 52.1582,  -352.9659, 864.4581, 52.1582,  0, 0, 0
L -352.9659, 864.4581, 52.1582,  -384.3542, 832.9799, 52.1582,  0, 0, 0
L -384.3542, 832.9799, 52.1582,  -415.6213, 832.9855, 52.1582,  0, 0, 0
L -415.6213, 832.9855, 52.1582,  -447.0073, 864.3824, 52.1582,  0, 0, 0
L -447.0073, 864.3824, 52.1582,  -447.0495, 928.9719, 52.1582,  0, 0, 0
L -447.0495, 928.9719, 52.1582,  -480.9778, 928.9590, 52.1582,  0, 0, 0
L -480.9705, 831.0206, 19.1023,  -480.9778, 928.9590, 22.6687,  0, 0, 0
L -575.0116, 831.0276, 24.9002,  -575.0424, 928.9770, 29.5316,  0, 0, 0
L -64.9866, 1022.7748, 100.1582,  -735.0271, 1023.0413, 100.1582,  240, 127, 0
L -735.0373, 1007.0509, 100.1582,  -735.0270, 1023.0655, 100.1582,  240, 127, 0
L -575.0424, 928.9770, 77.1411,  -642.1708, 928.9644, 82.2958,  240, 127, 0
L -631.0339, 517.3533, 0.1582,  -640.9932, 517.3044, 0.1582,  0, 0, 0
L -640.9932, 517.3044, 0.1582,  -640.9965, 415.0264, 0.1582,  0, 0, 0
L -640.9965, 415.0264, 0.1582,  -442.6844, 415.0399, 0.1582,  0, 0, 0
L -320.4792, 320.8896, 0.1582,  -352.9721, 288.3932, 0.1582,  0, 0, 0
L 63.9109, 22.2293, 0.1582,  63.9897, 54.2662, 0.1582,  0, 0, 0
L 63.9897, 54.2662, 0.1582,  95.8934, 54.1979, 0.1582,  0, 0, 0
L 95.8934, 54.1979, 0.1582,  95.9111, 22.3289, 0.1582,  0, 0, 0
L 95.9111, 22.3289, 0.1582,  63.9109, 22.2293, 0.1582,  0, 0, 0
L 64.0020, 3.6341, 0.1582,  95.9403, 3.6894, 0.1582,  0, 0, 0
L 95.9403, 3.6894, 0.1582,  95.8801, -28.2824, 0.1582,  0, 0, 0
L 95.8801, -28.2824, 0.1582,  63.8862, -28.2808, 0.1582,  0, 0, 0
L 63.8862, -28.2808, 0.1582,  64.0020, 3.6341, 0.1582,  0, 0, 0
L -224.9479, 831.0457, 0.1582,  -215.0179, 831.0161, 0.1582,  0, 0, 0
L -215.0179, 831.0161, 0.1582,  -215.0624, 919.0444, 0.1582,  0, 0, 0
L -215.0624, 919.0444, 0.1582,  -176.9733, 918.9965, 0.1582,  0, 0, 0
L -176.9733, 918.9965, 0.1582,  -176.9766, 911.0156, 0.1582,  0, 0, 0
L -168.9873, 911.0372, 0.1582,  -176.9766, 911.0156, 0.1582,  0, 0, 0
L -168.9873, 911.0372, 0.1582,  -168.9799, 826.6852, 0.1582,  0, 0, 0
L -168.9799, 826.6852, 0.1582,  -159.0407, 826.6828, 0.1582,  0, 0, 0
L -159.0407, 826.6828, 0.1582,  -158.9495, 1023.0429, 0.1582,  0, 0, 0
L -158.9495, 1023.0429, 0.1582,  -64.9683, 1022.9938, 0.1582,  0, 0, 0
L -64.9683, 1022.9938, 0.1582,  -65.1905, 321.0018, 0.1582,  0, 0, 0
L -65.1905, 321.0018, 0.1582,  -320.4792, 320.8896, 0.1582,  0, 0, 0
L -159.0472, 741.3068, 0.1582,  -158.9648, 602.6814, 0.1582,  0, 0, 0
L -159.0051, 517.3205, 0.1582,  -159.0431, 415.0279, 0.1582,  0, 0, 0
L -159.0431, 415.0279, 0.1582,  -357.3171, 415.0060, 0.1582,  0, 0, 0
L -442.6844, 415.0399, 0.1572,  -442.6840, 424.9821, 0.1582,  0, 0, 0
L -442.6840, 424.9821, 0.1582,  -623.0311, 424.9791, 0.1582,  0, 0, 0
L -623.0311, 424.9791, 0.1582,  -623.0307, 432.9641, 0.1582,  0, 0, 0
L -631.0211, 432.9709, 0.1582,  -623.0307, 432.9641, 0.1582,  0, 0, 0
L -631.0211, 432.9709, 0.1582,  -631.0339, 517.3533, 0.1582,  0, 0, 0
L -357.3171, 415.0060, 0.1582,  -357.3158, 424.9864, 0.1582,  0, 0, 0
L -357.3158, 424.9864, 0.1582,  -176.9770, 424.9566, 0.1582,  0, 0, 0
L -176.9770, 424.9566, 0.1582,  -176.9679, 432.9690, 0.1582,  0, 0, 0
L -176.9679, 432.9690, 0.1582,  -168.9863, 432.9742, 0.1582,  0, 0, 0
L -168.9863, 432.9742, 0.1582,  -168.9607, 517.3112, 0.1582,  0, 0, 0
L -168.9607, 517.3112, 0.1582,  -159.0051, 517.3205, 0.1582,  0, 0, 0
L -158.9648, 602.6814, 0.1582,  -168.9678, 602.6824, 0.1582,  0, 0, 0
L -168.9678, 602.6824, 0.1582,  -168.9703, 663.0294, 0.1582,  0, 0, 0
L -168.9703, 663.0294, 0.1582,  -176.9618, 663.0352, 0.1582,  0, 0, 0
L -176.9618, 663.0352, 0.1582,  -176.9697, 680.9456, 0.1582,  0, 0, 0
L -176.9697, 680.9456, 0.1582,  -168.9861, 680.9759, 0.1582,  0, 0, 0
L -168.9861, 680.9759, 0.1582,  -168.9730, 741.3492, 0.1582,  0, 0, 0
L -168.9730, 741.3492, 0.1582,  -159.0472, 741.3068, 0.1582,  0, 0, 0
L -1120.9816, 1359.0481, -127.8417,  -1103.0409, 1359.0070, -127.8417,  0, 240, 240
L -1103.0409, 1359.0070, -127.8417,  -1103.0105, 1375.0129, -127.8417,  0, 240, 240
L -1103.0105, 1375.0129, -127.8417,  -1087.6237, 1375.0375, -127.8417,  0, 240, 240
L -1087.6237, 1375.0375, -127.8417,  -1055.5596, 1407.0283, -127.8417,  0, 240, 240
L -1055.5596, 1407.0283, -127.8417,  -960.3820, 1407.0236, -127.8417,  0, 240, 240
L -960.3820, 1407.0236, -127.8417,  -928.4388, 1375.0194, -127.8417,  0, 240, 240
L -928.4388, 1375.0194, -127.8417,  -912.9874, 1375.0375, -127.8417,  0, 240, 240
L -912.9874, 1375.0375, -127.8417,  -912.9683, 1280.9336, -127.8417,  0, 240, 240
L -912.9683, 1280.9336, -127.8417,  -928.3927, 1280.9885, -127.8417,  0, 240, 240
L -928.3927, 1280.9885, -127.8417,  -960.4481, 1248.9353, -127.8417,  0, 240, 240
L -960.4481, 1248.9353, -127.8417,  -976.9592, 1248.9899, -127.8417,  0, 240, 240
L -976.9592, 1248.9899, -127.8417,  -976.9810, 1231.0162, -127.8417,  0, 240, 240
L -976.9738, 1236.9904, -127.8417,  -1039.0281, 1236.9631, -127.8417,  255, 0, 136
L -976.9810, 1231.0284, -127.8417,  -1039.0233, 1231.0408, -127.8417,  255, 0, 136
L -976.9810, 1231.0162, -127.8417,  -960.9681, 1231.0343, -127.8417,  0, 240, 240
L -960.9681, 1231.0343, -127.8417,  -960.9636, 1199.0173, -127.8417,  0, 240, 240
L -960.9636, 1199.0173, -127.8417,  -928.9968, 1199.0199, -127.8417,  0, 240, 240
L -928.9968, 1199.0199, -127.8417,  -928.9473, 1136.9633, -127.8417,  0, 240, 240
L -928.9473, 1136.9633, -127.8417,  -960.9610, 1136.9866, -127.8417,  0, 240, 240
L -960.9610, 1136.9866, -127.8417,  -960.9874, 1103.0240, -127.8417,  0, 240, 240
L -960.9874, 1103.0240, -127.8417,  -928.9569, 1103.0270, -127.8417,  0, 240, 240
L -928.9569, 1103.0270, -127.8417,  -928.9993, 1040.9827, -127.8417,  0, 240, 240
L -928.9993, 1040.9827, -127.8417,  -960.9777, 1040.9608, -127.8417,  0, 240, 240
L -960.9777, 1040.9608, -127.8417,  -960.9787, 1007.0042, -127.8417,  0, 240, 240
L -960.9787, 1007.0042, -127.8417,  -923.0319, 1007.0527, -127.8417,  0, 240, 240
L -923.0242, 944.9449, -127.8417,  -960.9781, 944.9962, -127.8417,  0, 240, 240
L -960.9781, 944.9962, -127.8417,  -960.9793, 911.0352, -127.8417,  0, 240, 240
L -960.9793, 911.0352, -127.8417,  -928.4534, 911.0280, -127.8417,  0, 240, 240
L -928.4534, 911.0280, -127.8417,  -832.9599, 815.6833, -127.8417,  0, 240, 240
L -832.9599, 815.6833, -127.8417,  -832.9937, 656.3815, -127.8417,  0, 240, 240
L -832.9937, 656.3815, -127.8417,  -928.4077, 560.9821, -127.8417,  0, 240, 240
L -928.4077, 560.9821, -127.8417,  -1087.6063, 560.9637, -127.8417,  0, 240, 240
L -1087.6063, 560.9637, -127.8417,  -1183.0258, 656.4388, -127.8417,  0, 240, 240
L -1183.0258, 656.4388, -127.8417,  -1183.0292, 815.6076, -127.8417,  0, 240, 240
L -1183.0292, 815.6076, -127.8417,  -1087.5952, 911.0011, -127.8417,  0, 240, 240
L -1087.5952, 911.0011, -127.8417,  -1055.0448, 911.0173, -127.8417,  0, 240, 240
L -1055.0448, 911.0173, -127.8417,  -1055.0068, 944.9573, -127.8417,  0, 240, 240
L -1055.0068, 944.9573, -127.8417,  -1087.0197, 944.9837, -127.8417,  0, 240, 240
L -1087.0197, 944.9837, -127.8417,  -1087.0183, 1007.0324, -127.8417,  0, 240, 240
L -1087.0183, 1007.0324, -127.8417,  -1055.0199, 1007.0298, -127.8417,  0, 240, 240
L -1055.0199, 1007.0298, -127.8417,  -1055.0229, 1040.9825, -127.8417,  0, 240, 240
L -1055.0229, 1040.9825, -127.8417,  -1087.0377, 1040.9669, -127.8417,  0, 240, 240
L -1087.0377, 1040.9669, -127.8417,  -1087.0189, 1103.0150, -127.8417,  0, 240, 240
L -1087.0189, 1103.0150, -127.8417,  -1055.0183, 1103.0302, -127.8417,  0, 240, 240
L -1055.0183, 1103.0302, -127.8417,  -1055.0201, 1136.9646, -127.8417,  0, 240, 240
L -1055.0201, 1136.9646, -127.8417,  -1087.0087, 1136.9653, -127.8417,  0, 240, 240
L -1087.0087, 1136.9653, -127.8417,  -1087.0319, 1199.0236, -127.8417,  0, 240, 240
L -1087.0319, 1199.0236, -127.8417,  -1055.0261, 1199.0331, -127.8417,  0, 240, 240
L -1055.0261, 1199.0331, -127.8417,  -1055.0304, 1231.0558, -127.8417,  0, 240, 240
L -1055.0304, 1231.0558, -127.8417,  -1039.0232, 1231.0103, -127.8417,  0, 240, 240
L -1039.0232, 1231.0103, -127.8417,  -1039.0377, 1248.9993, -127.8417,  0, 240, 240
L -1039.0377, 1248.9993, -127.8417,  -1055.6056, 1248.9633, -127.8417,  0, 240, 240
L -1055.6056, 1248.9633, -127.8417,  -1087.5880, 1280.9637, -127.8417,  0, 240, 240
L -1087.5880, 1280.9637, -127.8417,  -1103.0087, 1280.9719, -127.8417,  0, 240, 240
L -1103.0087, 1280.9719, -127.8417,  -1103.0294, 1296.9337, -127.8417,  0, 240, 240
L -1103.0294, 1296.9337, -127.8417,  -1121.0073, 1296.9956, -127.8417,  0, 240, 240
L -960.9785, 816.9622, -127.8417,  -927.0334, 816.9731, -127.8417,  0, 240, 240
L -927.0334, 816.9731, -127.8417,  -927.0308, 783.0438, -127.8417,  0, 240, 240
L -927.0308, 783.0438, -127.8417,  -960.9601, 783.0096, -127.8417,  0, 240, 240
L -960.9601, 783.0096, -127.8417,  -960.9785, 816.9622, -127.8417,  0, 240, 240
L -1055.0001, 816.9882, -127.8417,  -1055.0383, 783.0320, -127.8417,  0, 240, 240
L -1055.0383, 783.0320, -127.8417,  -1088.9897, 783.0052, -127.8417,  0, 240, 240
L -1088.9897, 783.0052, -127.8417,  -1088.9766, 816.9572, -127.8417,  0, 240, 240
L -1088.9766, 816.9572, -127.8417,  -1055.0001, 816.9882, -127.8417,  0, 240, 240
L -1040.9637, 769.0185, -127.8417,  -975.0168, 768.9581, -127.8417,  0, 240, 240
L -975.0168, 768.9581, -127.8417,  -975.0309, 703.0103, -127.8417,  0, 240, 240
L -975.0309, 703.0103, -127.8417,  -1040.9901, 703.0318, -127.8417,  0, 240, 240
L -1040.9901, 703.0318, -127.8417,  -1040.9637, 769.0185, -127.8417,  0, 240, 240
L -1055.0343, 795.5316, -127.8417,  -1055.0343, 795.5316, -127.8417,  0, 240, 240
L -1088.9824, 688.9887, -127.8417,  -1088.9633, 655.0266, -127.8417,  0, 240, 240
L -1088.9633, 655.0266, -127.8417,  -1055.0261, 655.0274, -127.8417,  0, 240, 240
L -1055.0261, 655.0274, -127.8417,  -1055.0319, 688.9497, -127.8417,  0, 240, 240
L -1055.0319, 688.9497, -127.8417,  -1088.9824, 688.9887, -127.8417,  0, 240, 240
L -961.0062, 655.0248, -127.8417,  -960.9555, 689.0025, -127.8417,  0, 240, 240
L -960.9555, 689.0025, -127.8417,  -927.0270, 688.9600, -127.8417,  0, 240, 240
L -927.0270, 688.9600, -127.8417,  -927.0294, 655.0189, -127.8417,  0, 240, 240
L -927.0294, 655.0189, -127.8417,  -961.0062, 655.0248, -127.8417,  0, 240, 240
L -671.0356, 1887.0201, -447.8416,  -704.9810, 1887.0198, -447.8417,  0, 240, 0
L -704.9810, 1887.0198, -447.8416,  -704.9825, 1920.9459, -447.8416,  0, 240, 0
L -704.9825, 1920.9459, -447.8416,  -671.0049, 1920.9757, -447.8416,  0, 240, 0
L -704.9667, 1792.9573, -447.8416,  -671.0377, 1792.9730, -447.8416,  0, 240, 0
L -671.0377, 1792.9730, -447.8416,  -671.0274, 1759.0364, -447.8416,  0, 240, 0
L -671.0274, 1759.0364, -447.8416,  -704.9633, 1759.0259, -447.8417,  0, 240, 0
L -704.9633, 1759.0259, -447.8416,  -704.9667, 1792.9573, -447.8416,  0, 240, 0
L -704.9877, 1664.9642, -447.8416,  -671.0479, 1664.9691, -447.8416,  0, 240, 0
L -671.0479, 1664.9691, -447.8416,  -670.9984, 1631.0313, -447.8417,  0, 240, 0
L -670.9984, 1631.0313, -447.8415,  -704.9532, 1631.0313, -447.8416,  0, 240, 0
L -704.9532, 1631.0313, -447.8416,  -704.9877, 1664.9642, -447.8416,  0, 240, 0
L -704.9669, 1536.9684, -447.8416,  -671.0444, 1536.9658, -447.8416,  0, 240, 0
L -671.0444, 1536.9658, -447.8416,  -671.0071, 1503.0399, -447.8417,  0, 240, 0
L -671.0071, 1503.0399, -447.8416,  -704.9935, 1503.0162, -447.8417,  0, 240, 0
L -704.9935, 1503.0162, -447.8416,  -704.9669, 1536.9684, -447.8416,  0, 240, 0
L -655.0512, 2144.9612, -447.8416,  -703.0004, 2144.9766, -447.8416,  0, 240, 0
L -703.0004, 2144.9766, -447.8416,  -703.0381, 2176.9553, -447.8416,  0, 240, 0
L -703.0381, 2176.9553, -447.8416,  -736.9655, 2176.9895, -447.8416,  0, 240, 0
L -736.9655, 2176.9895, -451.8416,  -736.9922, 2146.3508, -451.8416,  0, 240, 0
L -736.9922, 2146.3508, -451.8416,  -861.6124, 2271.0286, -451.8416,  0, 240, 0
L -861.6124, 2271.0286, -451.8416,  -831.0390, 2271.0327, -451.8416,  0, 240, 0
L -831.0390, 2271.0327, -447.8416,  -831.0283, 2304.9744, -447.8416,  0, 240, 0
L -831.0283, 2304.9744, -447.8416,  -863.0369, 2304.9775, -447.8416,  0, 240, 0
L -863.0369, 2304.9775, -447.8416,  -862.9874, 2463.0645, -447.8416,  0, 240, 0
L -862.9874, 2463.0645, -447.8416,  -831.0449, 2463.0095, -447.8416,  0, 240, 0
L -831.0449, 2463.0095, -447.8416,  -831.0079, 2496.9536, -447.8416,  0, 240, 0
L -831.0079, 2496.9536, -451.8416,  -861.6430, 2496.9873, -451.8415,  0, 240, 0
L -861.6430, 2496.9873, -451.8416,  -736.9594, 2621.6555, -451.8416,  0, 240, 0
L -736.9594, 2621.6555, -451.8416,  -736.9897, 2591.0359, -451.8416,  0, 240, 0
L -736.9897, 2591.0359, -447.8416,  -703.0325, 2591.0281, -447.8416,  0, 240, 0
L -703.0325, 2591.0281, -447.8416,  -703.0328, 2623.0339, -447.8416,  0, 240, 0
L -703.0328, 2623.0339, -447.8416,  -544.9797, 2623.0112, -447.8416,  0, 240, 0
L -544.9797, 2623.0112, -447.8416,  -544.9821, 2591.0198, -447.8417,  0, 240, 0
L -544.9821, 2591.0198, -447.8416,  -511.0352, 2591.0181, -447.8417,  0, 240, 0
L -511.0352, 2591.0181, -451.8416,  -511.0314, 2621.6663, -451.8417,  0, 240, 0
L -511.0314, 2621.6663, -451.8417,  -386.3304, 2496.9578, -451.8417,  0, 240, 0
L -386.3304, 2496.9578, -451.8416,  -416.9536, 2496.9851, -451.8416,  0, 240, 0
L -416.9536, 2496.9851, -447.8416,  -416.9914, 2463.0173, -447.8416,  0, 240, 0
L -416.9914, 2463.0173, -447.8416,  -385.0004, 2463.0193, -447.8416,  0, 240, 0
L -385.0004, 2463.0193, -447.8416,  -384.9192, 2304.9651, -447.8416,  0, 240, 0
L -384.9192, 2304.9651, -447.8416,  -416.9688, 2304.9651, -447.8416,  0, 240, 0
L -416.9688, 2304.9651, -447.8415,  -416.9860, 2271.0342, -447.8416,  0, 240, 0
L -416.9860, 2271.0342, -451.8416,  -386.3242, 2271.0237, -451.8416,  0, 240, 0
L -386.3242, 2271.0237, -451.8416,  -511.0973, 2146.3796, -451.8416,  0, 240, 0
L -511.0973, 2146.3796, -451.8416,  -511.0154, 2176.9609, -451.8416,  0, 240, 0
L -511.0154, 2176.9609, -447.8416,  -544.9596, 2176.9709, -447.8416,  0, 240, 0
L -544.9596, 2176.9709, -447.8416,  -544.9852, 2144.9705, -447.8416,  0, 240, 0
L -544.9852, 2144.9705, -447.8416,  -592.9799, 2144.9622, -447.8416,  0, 240, 0
L -592.9799, 2144.9622, -447.8416,  -592.9905, 2015.0448, -447.8416,  0, 240, 0
L -655.0512, 2144.9612, -447.8416,  -654.9418, 2015.0217, -447.8417,  0, 240, 0
L -511.0308, 2271.0688, -447.8416,  -736.9595, 2271.0061, -447.8416,  0, 240, 0
L -736.9595, 2271.0061, -447.8416,  -737.0524, 2496.9663, -447.8416,  0, 240, 0
L -737.0524, 2496.9663, -447.8416,  -511.0184, 2496.9836, -447.8416,  0, 240, 0
L -511.0184, 2496.9836, -447.8416,  -511.0308, 2271.0688, -447.8416,  0, 240, 0
L -567.0964, 2440.9751, -420.2382,  -566.9756, 2327.0012, -420.2455,  0, 240, 0
L -566.9756, 2327.0012, -420.2460,  -680.9473, 2327.0698, -420.2410,  0, 240, 0
L -680.9473, 2327.0698, -420.2378,  -681.0131, 2440.9751, -420.2410,  0, 240, 0
L -681.0131, 2440.9751, -420.2400,  -567.0964, 2440.9751, -420.2399,  0, 240, 0
L -385.6887, 2496.3564, -708.1065,  -384.8584, 2272.5229, -708.1065,  0, 0, 240
L -384.8584, 2272.5229, -708.1065,  -512.3394, 2144.9858, -708.1065,  0, 0, 240
L -512.3394, 2144.9858, -708.1065,  -735.5909, 2144.9402, -708.1065,  0, 0, 240
L -735.5909, 2144.9402, -708.1065,  -863.0474, 2272.4905, -708.1065,  0, 0, 240
L -863.0474, 2272.4905, -708.1065,  -862.9846, 2495.6428, -708.1065,  0, 0, 240
L -862.9846, 2495.6428, -708.1065,  -735.5566, 2623.0405, -708.1065,  0, 0, 240
L -735.5566, 2623.0405, -708.1155,  -512.3965, 2623.0112, -708.1155,  0, 0, 240
L -512.3965, 2623.0112, -708.1155,  -385.6887, 2496.3564, -708.1155,  0, 0, 240
L -385.4302, 2426.6787, -703.8414,  -127.0462, 2426.6763, -703.8593,  0, 240, 0
L -127.0226, 2431.3127, -703.8413,  -127.0462, 2426.6763, -703.8413,  0, 240, 0
L -127.0226, 2431.3127, -703.8415,  -31.9119, 2462.9719, -703.8415,  0, 240, 0
L -31.9119, 2462.9719, -703.8415,  63.5392, 2463.1226, -703.8415,  0, 240, 0
L 63.5392, 2463.1226, -703.8415,  159.0078, 2431.3110, -703.8415,  0, 240, 0
L 159.0078, 2431.3110, -703.8413,  159.0416, 2336.6980, -703.8415,  0, 240, 0
L 159.0416, 2336.6980, -703.8415,  63.7920, 2304.9773, -703.8415,  0, 240, 0
L 63.7920, 2304.9773, -703.8415,  -31.8052, 2304.9758, -703.8415,  0, 240, 0
L -31.8052, 2304.9758, -703.8415,  -127.0376, 2336.6936, -703.8415,  0, 240, 0
L -127.0376, 2336.6936, -703.8414,  -127.0251, 2341.3247, -703.8413,  0, 240, 0
L -127.0251, 2341.3247, -703.8655,  -385.1136, 2341.3159, -703.8616,  0, 240, 0
L 15.0621, 2341.4478, -882.9133,  384.9699, 2341.2822, -882.9292,  0, 240, 0
L 15.1992, 2426.6101, -882.9565,  384.9728, 2426.5378, -882.9312,  0, 240, 0
L -26.9476, 2383.9846, -920.8435,  -14.2344, 2353.7236, -917.7032,  0, 240, 0
L -26.9476, 2383.9846, -919.0458,  -14.2607, 2414.2532, -915.6826,  0, 240, 0
L -14.2607, 2414.2532, -895.4525,  15.1992, 2426.6101, -889.3937,  0, 240, 0
L -14.2344, 2353.7236, -899.8181,  15.0621, 2341.4478, -891.0316,  0, 240, 0
L 606.9575, 2303.7151, -996.6366,  607.4029, 2464.7671, -996.6366,  0, 0, 240
L 607.4029, 2464.7671, -996.6366,  639.7027, 2497.0806, -996.6366,  0, 0, 240
L 639.7027, 2497.0806, -996.6366,  767.0372, 2496.6250, -996.6366,  0, 0, 240
L 767.0372, 2496.6250, -996.6366,  767.0219, 2527.0254, -996.6366,  0, 0, 240
L 767.0219, 2527.0254, -996.6366,  480.4275, 2527.0613, -996.6366,  0, 0, 240
L 480.4275, 2527.0613, -996.6371,  384.9730, 2431.5603, -996.6371,  0, 0, 240
L 384.9728, 2426.5378, -996.6371,  384.9697, 2336.4128, -996.6371,  0, 0, 240
L 384.9697, 2336.4128, -996.6371,  480.3700, 2240.9841, -996.6371,  0, 0, 240
L 480.3700, 2240.9841, -996.6371,  767.0170, 2240.9631, -996.6371,  0, 0, 240
L 767.0170, 2240.9631, -996.6371,  766.9980, 2271.0293, -996.6371,  0, 0, 240
L 766.9980, 2271.0293, -996.6371,  639.5645, 2271.0142, -996.6371,  0, 0, 240
L 606.9575, 2303.7151, -996.6371,  639.5645, 2271.0142, -996.6371,  0, 0, 240
L 607.0496, 2336.9856, -991.8414,  640.9532, 2336.9644, -991.8414,  0, 240, 0
L 640.9532, 2336.9644, -991.8412,  641.0007, 2304.9619, -991.8413,  0, 240, 0
L 641.0007, 2304.9619, -991.8415,  735.0297, 2305.0088, -991.8416,  0, 240, 0
L 735.0297, 2305.0088, -991.8414,  735.0267, 2341.3262, -991.8414,  0, 240, 0
L 735.0267, 2341.3262, -991.8413,  1000.4593, 2341.3337, -991.8414,  0, 240, 0
L 1000.8840, 2426.6987, -991.8413,  735.0310, 2426.6772, -991.8416,  0, 240, 0
L 735.0310, 2426.6772, -991.8414,  735.0322, 2463.0437, -991.8415,  0, 240, 0
L 735.0322, 2463.0437, -991.8415,  640.9551, 2462.9480, -991.8414,  0, 240, 0
L 640.9551, 2462.9480, -991.8415,  640.9829, 2431.0002, -991.8416,  0, 240, 0
L 640.9829, 2431.0002, -991.8413,  607.3097, 2431.0518, -991.8414,  0, 240, 0
L 833.0941, 2212.7473, -1062.2725,  833.0941, 2212.7473, -1062.2725,  0, 240, 0
L 827.4334, 1728.9606, -1062.2725,  2143.0237, 1729.1270, -1062.2725,  0, 0, 240
L 2143.0237, 1729.1270, -1062.2725,  2143.1274, 3044.0137, -1062.2725,  0, 0, 240
L 2143.1274, 3044.0137, -1062.2725,  834.1008, 3037.5383, -1062.2725,  0, 0, 240
L 834.1008, 3037.5383, -1062.2725,  827.4334, 1728.9606, -1062.2725,  0, 0, 240
L 951.0024, 2678.9368, -1062.2725,  951.0382, 2920.9409, -1062.2725,  0, 0, 240
L 951.0382, 2920.9409, -1062.2725,  1192.9757, 2921.0610, -1062.2725,  0, 0, 240
L 1192.9757, 2921.0610, -1062.2725,  1192.9747, 2679.0615, -1062.2725,  0, 0, 240
L 1192.9747, 2679.0615, -1062.2725,  951.0024, 2678.9368, -1062.2725,  0, 0, 240
L 1192.9739, 2088.9639, -1062.2725,  951.0446, 2088.9749, -1062.2725,  0, 0, 240
L 951.0446, 2088.9749, -1062.2725,  951.0112, 1847.0287, -1062.2725,  0, 0, 240
L 951.0112, 1847.0287, -1062.2725,  1192.9694, 1847.0277, -1062.2725,  0, 0, 240
L 1192.9694, 1847.0277, -1062.2725,  1192.9739, 2088.9639, -1062.2725,  0, 0, 240
L 1783.0236, 1847.0181, -1062.2725,  1783.0403, 2088.9714, -1062.2725,  0, 0, 240
L 1783.0403, 2088.9714, -1062.2725,  2024.9722, 2088.9854, -1062.2725,  0, 0, 240
L 2024.9722, 2088.9854, -1062.2725,  2024.9695, 1847.0326, -1062.2725,  0, 0, 240
L 2024.9695, 1847.0326, -1062.2725,  1783.0236, 1847.0181, -1062.2725,  0, 0, 240
L 2024.9757, 2679.0398, -1062.2725,  1783.0217, 2679.0039, -1062.2725,  0, 0, 240
L 1783.0217, 2679.0039, -1062.2581,  1783.0465, 2920.9695, -1062.2581,  0, 0, 240
L 1783.0465, 2920.9695, -1062.2581,  2024.9694, 2920.9746, -1062.2581,  0, 0, 240
L 2024.9694, 2920.9746, -1062.2581,  2024.9757, 2679.0398, -1062.2581,  0, 0, 240
L 1728.9292, 2624.6760, -1061.9810,  1729.0239, 2143.0232, -1061.9810,  0, 0, 240
L 1729.0239, 2143.0232, -1061.9810,  1536.9817, 2143.0308, -1061.9810,  0, 0, 240
L 1643.8674, 2143.0269, -1061.9810,  1641.3322, 2143.0269, -1061.9810,  0, 0, 240
L 1536.9817, 2143.0308, -1061.9810,  1536.8937, 2038.6952, -1061.9810,  0, 240, 0
L 1438.4109, 2038.7770, -1061.9810,  1439.0938, 2143.0247, -1061.9810,  0, 240, 0
L 1439.0938, 2143.0247, -1061.9810,  1247.0552, 2143.0247, -1061.9810,  0, 0, 240
L 1247.0552, 2143.0247, -1061.9810,  1246.9373, 2624.9702, -1061.9810,  0, 0, 240
L 1246.9373, 2624.9702, -1061.9810,  1438.8037, 2624.9766, -1061.9810,  0, 0, 240
L 1438.8037, 2624.9766, -1061.9810,  1439.8831, 2728.7180, -1061.9810,  0, 240, 0
L 1536.9866, 2625.1467, -1062.7201,  1536.9379, 2728.7810, -1062.7201,  0, 240, 0
L 1536.9866, 2625.1467, -1062.5076,  1728.9292, 2624.6760, -1062.5076,  0, 0, 240
L 1631.5028, 2624.9150, -1055.8414,  1631.5137, 2527.4939, -1055.8414,  0, 240, 0
L 1631.5137, 2527.4939, -1055.8414,  1728.9484, 2527.5259, -1055.8414,  0, 240, 0
L 1631.5077, 2240.4832, -1055.8414,  1729.0048, 2240.5098, -1055.8414,  0, 240, 0
L 1631.5077, 2240.4832, -1055.8414,  1631.5177, 2143.0271, -1055.8414,  0, 240, 0
L 1344.4885, 2240.4861, -1055.8414,  1344.4868, 2143.0247, -1055.8414,  0, 240, 0
L 1344.4885, 2240.4861, -1055.8414,  1247.0314, 2240.5188, -1055.8414,  0, 240, 0
L 1246.9612, 2527.5488, -1055.8414,  1344.5167, 2527.4392, -1055.8414,  0, 240, 0
L 1344.5167, 2527.4392, -1055.8414,  1344.4515, 2624.9736, -1055.8414,  0, 240, 0
L 1832.9799, 2728.9915, -991.8413,  1832.9800, 2039.0505, -991.8414,  0, 240, 0
L 1832.9800, 2039.0505, -991.8413,  1536.8937, 2038.6952, -991.8413,  0, 240, 0
L 1143.0349, 1897.0187, -991.8414,  1832.9585, 1896.9681, -991.8414,  0, 240, 0
L 1832.9585, 1896.9681, -991.8413,  1832.9729, 1847.0211, -991.8413,  0, 240, 0
L 1974.9994, 1847.0297, -991.8413,  1975.0313, 1896.9493, -991.8416,  0, 240, 0
L 1975.0313, 1896.9493, -991.8414,  2024.9701, 1896.9980, -991.8414,  0, 240, 0
L 2024.9717, 2039.0250, -991.8414,  1975.0518, 2039.0330, -991.8416,  0, 240, 0
L 1975.0518, 2039.0330, -991.8413,  1973.8663, 2728.9670, -991.8414,  0, 240, 0
L 1143.0349, 1897.0187, -991.8414,  1143.0314, 1847.0280, -991.8414,  0, 240, 0
L 1000.9408, 1847.0286, -991.8414,  1000.9904, 1896.9659, -991.8415,  0, 240, 0
L 1000.9904, 1896.9659, -991.8414,  951.0181, 1896.9680, -991.8414,  0, 240, 0
L 951.0377, 2039.0457, -991.8413,  1001.0270, 2039.0065, -991.8415,  0, 240, 0
L 1001.0270, 2039.0065, -991.8414,  1000.4593, 2341.3337, -991.8415,  0, 240, 0
L 1142.4701, 2728.9941, -991.8413,  1143.0454, 2039.0421, -991.8416,  0, 240, 0
L 1143.0454, 2039.0421, -991.8414,  1438.4109, 2038.7770, -991.8416,  0, 240, 0
L 1000.8840, 2426.6987, -991.8412,  1000.9758, 2728.9592, -991.8416,  0, 240, 0
L 1000.9758, 2728.9592, -991.8414,  951.0098, 2728.9995, -991.8415,  0, 240, 0
L 951.0308, 2871.0024, -991.8414,  1000.9385, 2871.0398, -991.8416,  0, 240, 0
L 1000.9385, 2871.0398, -991.8414,  1001.0313, 2920.9658, -991.8413,  0, 240, 0
L 1143.0289, 2921.0364, -991.8413,  1143.0316, 2871.0295, -991.8416,  0, 240, 0
L 1143.0316, 2871.0295, -991.8414,  1832.9636, 2870.5852, -991.8416,  0, 240, 0
L 1439.8831, 2728.7180, -991.8414,  1142.4701, 2728.9941, -991.8416,  0, 240, 0
L 1536.9379, 2728.7810, -991.8414,  1832.9799, 2728.9915, -991.8415,  0, 240, 0
L 1832.9636, 2870.5852, -991.8414,  1832.9674, 2920.9707, -991.8415,  0, 240, 0
L 1975.0199, 2871.0347, -991.8414,  1975.0215, 2920.9736, -991.8416,  0, 240, 0
L 1975.0199, 2871.0347, -991.8413,  2024.9707, 2871.0208, -991.8416,  0, 240, 0
L 1973.8663, 2728.9670, -991.8414,  2024.9745, 2728.9634, -991.8415,  0, 240, 0
L 1381.5710, 2500.7700, -1055.8412,  1436.2441, 2533.8442, -1055.8414,  0, 240, 0
L 1436.2441, 2533.8442, -1055.8414,  1498.4630, 2542.6934, -1055.8206,  0, 240, 0
L 1498.4630, 2542.6934, -1055.8414,  1559.1246, 2527.0747, -1055.8147,  0, 240, 0
L 1559.1246, 2527.0747, -1055.8184,  1609.1979, 2489.4731, -1055.8131,  0, 240, 0
L 1609.1979, 2489.4731, -1055.8195,  1641.0802, 2435.5300, -1055.8110,  0, 240, 0
L 1641.0802, 2435.5300, -1055.8147,  1649.8973, 2373.4966, -1055.8190,  0, 240, 0
L 1649.8973, 2373.4966, -1055.8212,  1634.2892, 2312.8250, -1055.8213,  0, 240, 0
L 1634.2892, 2312.8250, -1055.8063,  1596.6616, 2262.7427, -1055.7972,  0, 240, 0
L 1596.6616, 2262.7427, -1055.8147,  1542.7408, 2230.8743, -1055.8087,  0, 240, 0
L 1542.7408, 2230.8743, -1055.8187,  1480.7135, 2222.0518, -1055.8098,  0, 240, 0
L 1480.7135, 2222.0518, -1055.8153,  1420.0419, 2237.6570, -1055.8031,  0, 240, 0
L 1420.0419, 2237.6570, -1055.7899,  1369.9797, 2275.2676, -1055.8055,  0, 240, 0
L 1369.9797, 2275.2676, -1055.8043,  1337.9592, 2329.3987, -1055.8208,  0, 240, 0
L 1337.9592, 2329.3987, -1055.8098,  1329.3285, 2391.5120, -1055.8083,  0, 240, 0
L 1329.3285, 2391.5120, -1055.8156,  1344.8690, 2451.9167, -1055.8193,  0, 240, 0
L 1344.8690, 2451.9167, -1055.7931,  1381.5710, 2500.7700, -1055.8112,  0, 240, 0
