L -3530, -695, -390, -3531, -694, -391, 0, 0, 0
L -3520, -682, -334, -3536, -703, -390, 0, 0, 0
L -3519, -680, -334, -3520, -682, -334, 0, 0, 0
L -3519, -654, -320, -3519, -680, -334, 0, 0, 0
L -3532, -650, -310, -3519, -654, -320, 0, 0, 0
L -3560, -653, -306, -3532, -650, -310, 0, 0, 0
L -3566, -673, -294, -3560, -653, -306, 0, 0, 0
L -3567, -691, -291, -3566, -673, -294, 0, 0, 0
L -3552, -703, -279, -3567, -691, -291, 0, 0, 0
L -3536, -703, -267, -3552, -703, -279, 0, 0, 0
L 29, -604, 110, 29, -629, 104, 0, 127, 127
L 30, -603, 109, 29, -604, 110, 0, 127, 127
L -5, -603, 108, 30, -603, 109, 0, 127, 127
L -5, -584, 109, -5, -603, 108, 0, 127, 127
L 23, -583, 110, -5, -584, 109, 0, 127, 127
L 22, -554, 99, 23, -583, 110, 0, 127, 127
L 45, -584, 111, 45, -555, 101, 0, 127, 127
L 184, -583, 110, 45, -584, 111, 0, 127, 127
L 183, -559, 100, 184, -583, 110, 0, 127, 127
L 183, -551, 99, 183, -559, 100, 0, 127, 127
L 207, -582, 110, 208, -554, 100, 0, 127, 127
L 208, -584, 110, 207, -582, 110, 0, 127, 127
L 396, -583, 111, 208, -584, 110, 0, 127, 127
L 209, -604, 111, 396, -603, 111, 0, 127, 127
L 212, -634, 99, 209, -604, 111, 0, 127, 127
L 186, -601, 110, 185, -634, 99, 0, 127, 127
L 182, -603, 110, 186, -601, 110, 0, 127, 127
L 46, -603, 110, 182, -603, 110, 0, 127, 127
L 46, -641, 99, 46, -603, 110, 0, 127, 127
L -116, -606, 108, -92, -605, 99, 0, 127, 127
L -157, -608, 113, -116, -606, 108, 0, 127, 127
L -155, -655, 114, -157, -608, 113, 0, 127, 127
L -139, -666, 118, -155, -655, 114, 0, 127, 127
L -6, -668, 123, -139, -666, 118, 0, 127, 127
L 23, -668, 114, -6, -668, 123, 0, 127, 127
L 52, -666, 114, 23, -668, 114, 0, 127, 127
L 57, -646, 113, 52, -666, 114, 0, 127, 127
L 71, -634, 113, 57, -646, 113, 0, 127, 127
L 93, -634, 113, 71, -634, 113, 0, 127, 127
L 106, -644, 113, 93, -634, 113, 0, 127, 127
L 114, -667, 113, 106, -644, 113, 0, 127, 127
L 163, -668, 123, 114, -667, 113, 0, 127, 127
L 268, -667, 123, 163, -668, 123, 0, 127, 127
L 295, -668, 114, 268, -667, 123, 0, 127, 127
L 327, -668, 114, 295, -668, 114, 0, 127, 127
L 332, -644, 114, 327, -668, 114, 0, 127, 127
L 350, -633, 114, 332, -644, 114, 0, 127, 127
L 367, -633, 114, 350, -633, 114, 0, 127, 127
L 377, -639, 114, 367, -633, 114, 0, 127, 127
L 388, -669, 114, 377, -639, 114, 0, 127, 127
L 421, -667, 114, 388, -669, 114, 0, 127, 127
L 436, -649, 114, 421, -667, 114, 0, 127, 127
L 453, -648, 113, 436, -649, 114, 0, 127, 127
L 454, -649, 114, 453, -648, 113, 0, 127, 127
L 452, -657, 114, 454, -649, 114, 0, 127, 127
L 435, -681, 113, 452, -657, 114, 0, 127, 127
L 415, -689, 115, 435, -681, 113, 0, 127, 127
L 261, -687, 122, 415, -689, 115, 0, 127, 127
L 191, -681, 123, 261, -687, 122, 0, 127, 127
L 191, -688, 123, 191, -681, 123, 0, 127, 127
L 8, -689, 123, 191, -688, 123, 0, 127, 127
L -45, -681, 123, 8, -689, 123, 0, 127, 127
L -85, -681, 123, -45, -681, 123, 0, 127, 127
L -85, -687, 123, -85, -681, 123, 0, 127, 127
L -111, -688, 121, -85, -687, 123, 0, 127, 127
L -133, -687, 115, -111, -688, 121, 0, 127, 127
L -153, -683, 115, -133, -687, 115, 0, 127, 127
L -173, -667, 115, -153, -683, 115, 0, 127, 127
L -178, -657, 114, -173, -667, 115, 0, 127, 127
L -175, -563, 114, -178, -657, 114, 0, 127, 127
L -178, -562, 115, -175, -563, 114, 0, 127, 127
L -177, -518, 114, -178, -562, 115, 0, 127, 127
L -153, -500, 117, -177, -518, 114, 0, 127, 127
L -88, -496, 125, -153, -500, 117, 0, 127, 127
L -87, -502, 124, -88, -496, 125, 0, 127, 127
L -84, -503, 124, -87, -502, 124, 0, 127, 127
L -33, -503, 124, -84, -503, 124, 0, 127, 127
L -33, -501, 124, -33, -503, 124, 0, 127, 127
L -32, -500, 123, -33, -501, 124, 0, 127, 127
L 234, -504, 123, -32, -500, 123, 0, 127, 127
L 247, -503, 122, 234, -504, 123, 0, 127, 127
L 248, -497, 123, 247, -503, 122, 0, 127, 127
L 249, -496, 123, 248, -497, 123, 0, 127, 127
L 269, -496, 123, 249, -496, 123, 0, 127, 127
L 297, -496, 114, 269, -496, 123, 0, 127, 127
L 433, -503, 115, 297, -496, 114, 0, 127, 127
L 446, -515, 114, 433, -503, 115, 0, 127, 127
L 457, -538, 112, 446, -515, 114, 0, 127, 127
L 435, -539, 113, 457, -538, 112, 0, 127, 127
L 429, -526, 113, 435, -539, 113, 0, 127, 127
L 415, -523, 113, 429, -526, 113, 0, 127, 127
L 388, -523, 114, 415, -523, 113, 0, 127, 127
L 377, -545, 115, 388, -523, 114, 0, 127, 127
L 347, -555, 116, 377, -545, 115, 0, 127, 127
L 330, -540, 116, 347, -555, 116, 0, 127, 127
L 321, -520, 116, 330, -540, 116, 0, 127, 127
L 267, -518, 123, 321, -520, 116, 0, 127, 127
L 184, -519, 123, 267, -518, 123, 0, 127, 127
L 135, -520, 113, 184, -519, 123, 0, 127, 127
L 114, -521, 113, 135, -520, 113, 0, 127, 127
L 104, -545, 113, 114, -521, 113, 0, 127, 127
L 96, -553, 112, 104, -545, 113, 0, 127, 127
L 63, -550, 113, 96, -553, 112, 0, 127, 127
L 52, -534, 114, 63, -550, 113, 0, 127, 127
L 52, -521, 113, 52, -534, 114, 0, 127, 127
L 50, -520, 113, 52, -521, 113, 0, 127, 127
L -107, -518, 123, 50, -520, 113, 0, 127, 127
L -142, -520, 111, -107, -518, 123, 0, 127, 127
L -157, -534, 111, -142, -520, 111, 0, 127, 127
L -156, -581, 111, -157, -534, 111, 0, 127, 127
L -123, -582, 109, -156, -581, 111, 0, 127, 127
L -111, -583, 105, -123, -582, 109, 0, 127, 127
L -90, -583, 106, -111, -583, 105, 0, 127, 127
L -324, -1093, 265, -260, -1094, 266, 0, 0, 0
L -346, -1115, 266, -324, -1093, 265, 0, 0, 0
L -346, -1250, 265, -346, -1115, 266, 0, 0, 0
L -371, -1280, 266, -346, -1250, 265, 0, 0, 0
L -452, -1276, 263, -371, -1280, 266, 0, 0, 0
L -452, -1298, 263, -452, -1276, 263, 0, 0, 0
L -445, -1298, 263, -452, -1298, 263, 0, 0, 0
L -444, -1299, 263, -445, -1298, 263, 0, 0, 0
L -443, -1333, 263, -444, -1299, 263, 0, 0, 0
L -463, -1351, 263, -443, -1333, 263, 0, 0, 0
L -473, -1343, 263, -463, -1351, 263, 0, 0, 0
L -523, -1383, 263, -473, -1343, 263, 0, 0, 0
L -513, -1405, 263, -523, -1383, 263, 0, 0, 0
L -530, -1419, 263, -513, -1405, 263, 0, 0, 0
L -652, -1417, 263, -530, -1419, 263, 0, 0, 0
L -653, -1421, 263, -652, -1417, 263, 0, 0, 0
L -712, -1368, 263, -653, -1421, 263, 0, 0, 0
L -704, -1362, 263, -712, -1368, 263, 0, 0, 0
L -732, -1315, 263, -704, -1362, 263, 0, 0, 0
L -740, -1306, 263, -732, -1315, 263, 0, 0, 0
L -744, -1236, 265, -740, -1306, 263, 0, 0, 0
L -741, -1212, 266, -744, -1236, 265, 0, 0, 0
L -734, -1212, 266, -741, -1212, 266, 0, 0, 0
L -662, -1129, 266, -734, -1212, 266, 0, 0, 0
L -643, -1120, 266, -662, -1129, 266, 0, 0, 0
L -639, -1120, 267, -643, -1120, 266, 0, 0, 0
L -634, -1134, 267, -639, -1120, 267, 0, 0, 0
L -553, -1135, 267, -634, -1134, 267, 0, 0, 0
L -552, -1128, 267, -553, -1135, 267, 0, 0, 0
L -530, -1129, 267, -552, -1128, 267, 0, 0, 0
L -445, -1210, 267, -530, -1129, 267, 0, 0, 0
L -441, -1243, 267, -445, -1210, 267, 0, 0, 0
L -450, -1243, 267, -441, -1243, 267, 0, 0, 0
L -451, -1256, 267, -450, -1243, 267, 0, 0, 0
L -442, -1266, 266, -451, -1256, 267, 0, 0, 0
L -375, -1264, 267, -442, -1266, 266, 0, 0, 0
L -358, -1248, 267, -375, -1264, 267, 0, 0, 0
L -358, -1107, 267, -358, -1248, 267, 0, 0, 0
L -332, -1081, 266, -358, -1107, 267, 0, 0, 0
L -256, -1082, 267, -332, -1081, 266, 0, 0, 0
L -261, -1096, 268, 421, -1098, 268, 0, 127, 127
L -254, -1082, 266, -260, -1082, 266, 0, 127, 127
L -253, -1081, 266, -254, -1082, 266, 0, 127, 127
L 411, -1079, 265, -253, -1081, 266, 0, 127, 127
L 899, -39, 122, 901, -4, 122, 0, 0, 0
L 910, -42, 122, 899, -39, 122, 0, 0, 0
L 923, -62, 123, 910, -42, 122, 0, 0, 0
L 910, -85, 124, 923, -62, 123, 0, 0, 0
L 900, -92, 124, 910, -85, 124, 0, 0, 0
L 898, -164, 125, 900, -92, 124, 0, 0, 0
L 873, -190, 125, 898, -164, 125, 0, 0, 0
L 793, -194, 126, 873, -190, 125, 0, 0, 0
L 788, -219, 125, 793, -194, 126, 0, 0, 0
L 786, -220, 126, 788, -219, 125, 0, 0, 0
L 764, -222, 125, 786, -220, 126, 0, 0, 0
L 764, -253, 129, 764, -222, 125, 0, 0, 0
L 766, -325, 156, 764, -253, 129, 0, 0, 0
L 764, -363, 157, 766, -325, 156, 0, 0, 0
L 769, -364, 157, 764, -363, 157, 0, 0, 0
L 771, -378, 157, 769, -364, 157, 0, 0, 0
L 781, -375, 157, 771, -378, 157, 0, 0, 0
L 784, -372, 157, 781, -375, 157, 0, 0, 0
L 832, -419, 157, 784, -372, 157, 0, 0, 0
L 834, -432, 157, 832, -419, 157, 0, 0, 0
L 843, -439, 157, 834, -432, 157, 0, 0, 0
L 873, -440, 155, 843, -439, 157, 0, 0, 0
L 939, -438, 123, 873, -440, 155, 0, 0, 0
L 1045, -435, 123, 939, -438, 123, 0, 0, 0
L 1076, -462, 123, 1045, -435, 123, 0, 0, 0
L 1075, -546, 123, 1076, -462, 123, 0, 0, 0
L 1088, -544, 123, 1075, -546, 123, 0, 0, 0
L 1094, -561, 123, 1088, -544, 123, 0, 0, 0
L 1088, -562, 123, 1094, -561, 123, 0, 0, 0
L 1079, -578, 123, 1088, -562, 123, 0, 0, 0
L 1079, -589, 123, 1079, -578, 123, 0, 0, 0
L 1053, -587, 123, 1079, -589, 123, 0, 0, 0
L 1052, -585, 123, 1053, -587, 123, 0, 0, 0
L 964, -636, 123, 1052, -585, 123, 0, 0, 0
L 970, -643, 123, 964, -636, 123, 0, 0, 0
L 949, -667, 123, 970, -643, 123, 0, 0, 0
L 949, -958, 123, 949, -667, 123, 0, 0, 0
L 979, -958, 123, 949, -958, 123, 0, 0, 0
L 983, -1026, 123, 979, -958, 123, 0, 0, 0
L 948, -1029, 123, 983, -1026, 123, 0, 0, 0
L 948, -1113, 147, 948, -1029, 123, 0, 0, 0
L 947, -1252, 161, 948, -1113, 147, 0, 0, 0
L 948, -1362, 161, 947, -1252, 161, 0, 0, 0
L 959, -1360, 161, 948, -1362, 161, 0, 0, 0
L 968, -1389, 161, 959, -1360, 161, 0, 0, 0
L 1063, -1443, 161, 968, -1389, 161, 0, 0, 0
L 1075, -1422, 161, 1063, -1443, 161, 0, 0, 0
L 1069, -1418, 161, 1075, -1422, 161, 0, 0, 0
L 1079, -1404, 161, 1069, -1418, 161, 0, 0, 0
L 1169, -1376, 161, 1079, -1404, 161, 0, 0, 0
L 1168, -1394, 161, 1169, -1376, 161, 0, 0, 0
L 1230, -1431, 161, 1168, -1394, 161, 0, 0, 0
L 1238, -1421, 161, 1230, -1431, 161, 0, 0, 0
L 1247, -1430, 161, 1238, -1421, 161, 0, 0, 0
L 1271, -1517, 161, 1247, -1430, 161, 0, 0, 0
L 1265, -1516, 161, 1271, -1517, 161, 0, 0, 0
L 1262, -1523, 161, 1265, -1516, 161, 0, 0, 0
L 1260, -1523, 162, 1262, -1523, 161, 0, 0, 0
L 1251, -1519, 161, 1260, -1523, 162, 0, 0, 0
L 1217, -1577, 162, 1251, -1519, 161, 0, 0, 0
L 1228, -1587, 161, 1217, -1577, 162, 0, 0, 0
L 1220, -1594, 162, 1228, -1587, 161, 0, 0, 0
L 1127, -1621, 162, 1220, -1594, 162, 0, 0, 0
L 1125, -1620, 162, 1127, -1621, 162, 0, 0, 0
L 1128, -1611, 162, 1125, -1620, 162, 0, 0, 0
L 1125, -1610, 162, 1128, -1611, 162, 0, 0, 0
L 1127, -1601, 161, 1125, -1610, 162, 0, 0, 0
L 1065, -1570, 161, 1127, -1601, 161, 0, 0, 0
L 1061, -1575, 162, 1065, -1570, 161, 0, 0, 0
L 1051, -1569, 161, 1061, -1575, 162, 0, 0, 0
L 1027, -1480, 161, 1051, -1569, 161, 0, 0, 0
L 1037, -1469, 162, 1027, -1480, 161, 0, 0, 0
L 1046, -1464, 162, 1037, -1469, 162, 0, 0, 0
L 1051, -1445, 162, 1046, -1464, 162, 0, 0, 0
L 1044, -1444, 162, 1051, -1445, 162, 0, 0, 0
L 959, -1397, 162, 1044, -1444, 162, 0, 0, 0
L 955, -1406, 162, 959, -1397, 162, 0, 0, 0
L 937, -1405, 162, 955, -1406, 162, 0, 0, 0
L 929, -1384, 162, 937, -1405, 162, 0, 0, 0
L 921, -1378, 162, 929, -1384, 162, 0, 0, 0
L 930, -1358, 162, 921, -1378, 162, 0, 0, 0
L 933, -1360, 162, 930, -1358, 162, 0, 0, 0
L 938, -1353, 162, 933, -1360, 162, 0, 0, 0
L 937, -1221, 162, 938, -1353, 162, 0, 0, 0
L 935, -1220, 162, 937, -1221, 162, 0, 0, 0
L 890, -1222, 164, 935, -1220, 162, 0, 0, 0
L 890, -1247, 170, 890, -1222, 164, 0, 0, 0
L 854, -1246, 174, 890, -1247, 170, 0, 0, 0
L 825, -1222, 177, 854, -1246, 174, 0, 0, 0
L 821, -1137, 195, 825, -1222, 177, 0, 0, 0
L 820, -1136, 195, 821, -1137, 195, 0, 0, 0
L 780, -1132, 195, 820, -1136, 195, 0, 0, 0
L 779, -1093, 195, 780, -1132, 195, 0, 0, 0
L 777, -1092, 195, 779, -1093, 195, 0, 0, 0
L 773, -1095, 195, 777, -1092, 195, 0, 0, 0
L 657, -1094, 234, 773, -1095, 195, 0, 0, 0
L 618, -1094, 239, 657, -1094, 234, 0, 0, 0
L 556, -1096, 266, 618, -1094, 239, 0, 0, 0
L 421, -1095, 265, 556, -1096, 266, 0, 0, 0
L 532, -1085, 264, 417, -1084, 264, 0, 0, 0
L 551, -1085, 260, 532, -1085, 264, 0, 0, 0
L 613, -1084, 228, 551, -1085, 260, 0, 0, 0
L 675, -1083, 227, 613, -1084, 228, 0, 0, 0
L 743, -1083, 192, 675, -1083, 227, 0, 0, 0
L 783, -1084, 190, 743, -1083, 192, 0, 0, 0
L 783, -1062, 190, 783, -1084, 190, 0, 0, 0
L 773, -1061, 190, 783, -1062, 190, 0, 0, 0
L 771, -1043, 190, 773, -1061, 190, 0, 0, 0
L 807, -1041, 190, 771, -1043, 190, 0, 0, 0
L 852, -1101, 190, 807, -1041, 190, 0, 0, 0
L 862, -1132, 190, 852, -1101, 190, 0, 0, 0
L 865, -1202, 157, 862, -1132, 190, 0, 0, 0
L 869, -1203, 157, 865, -1202, 157, 0, 0, 0
L 870, -1194, 157, 869, -1203, 157, 0, 0, 0
L 877, -1193, 156, 870, -1194, 157, 0, 0, 0
L 879, -1191, 157, 877, -1193, 156, 0, 0, 0
L 891, -1194, 157, 879, -1191, 157, 0, 0, 0
L 889, -1204, 157, 891, -1194, 157, 0, 0, 0
L 893, -1205, 157, 889, -1204, 157, 0, 0, 0
L 894, -1206, 156, 893, -1205, 157, 0, 0, 0
L 893, -1211, 156, 894, -1206, 156, 0, 0, 0
L 938, -1208, 156, 893, -1211, 156, 0, 0, 0
L 938, -1124, 148, 938, -1208, 156, 0, 0, 0
L 940, -1080, 123, 938, -1124, 148, 0, 0, 0
L 938, -1014, 123, 940, -1080, 123, 0, 0, 0
L 911, -1016, 123, 938, -1014, 123, 0, 0, 0
L 908, -1000, 122, 911, -1016, 123, 0, 0, 0
L 860, -1001, 123, 908, -1000, 122, 0, 0, 0
L -681, -237, 197, -681, -335, 197, 0, 0, 0
L -703, -235, 197, -681, -237, 197, 0, 0, 0
L -703, -238, 195, -703, -235, 197, 0, 0, 0
L -703, -240, 195, -703, -238, 195, 0, 0, 0
L -714, -240, 195, -703, -240, 195, 0, 0, 0
L -713, -171, 195, -714, -240, 195, 0, 0, 0
L -716, -162, 195, -713, -171, 195, 0, 0, 0
L -709, -159, 195, -716, -162, 195, 0, 0, 0
L -684, -165, 195, -709, -159, 195, 0, 0, 0
L -677, -159, 195, -684, -165, 195, 0, 0, 0
L -676, -117, 179, -677, -159, 195, 0, 0, 0
L -680, -95, 164, -676, -117, 179, 0, 0, 0
L -719, -51, 142, -680, -95, 164, 0, 0, 0
L -720, -34, 134, -719, -51, 142, 0, 0, 0
L -697, 1, 117, -720, -34, 134, 0, 0, 0
L -673, 25, 115, -697, 1, 117, 0, 0, 0
L -634, 47, 115, -673, 25, 115, 0, 0, 0
L -576, 52, 115, -634, 47, 115, 0, 0, 0
L -521, 56, 115, -576, 52, 115, 0, 0, 0
L -511, 68, 116, -521, 56, 115, 0, 0, 0
L -489, 75, 117, -511, 68, 116, 0, 0, 0
L -456, 74, 117, -489, 75, 117, 0, 0, 0
L -443, 64, 114, -456, 74, 117, 0, 0, 0
L -446, 60, 113, -443, 64, 114, 0, 0, 0
L -441, 56, 113, -446, 60, 113, 0, 0, 0
L -397, 57, 111, -441, 56, 113, 0, 0, 0
L -345, 78, 110, -397, 57, 111, 0, 0, 0
L -307, 73, 110, -345, 78, 110, 0, 0, 0
L -246, 35, 102, -307, 73, 110, 0, 0, 0
L -221, 13, 85, -246, 35, 102, 0, 0, 0
L -174, 0, 86, -221, 13, 85, 0, 0, 0
L -145, -2, 87, -174, 0, 86, 0, 0, 0
L -140, 0, 88, -145, -2, 87, 0, 0, 0
L -166, -6, 89, -139, -6, 87, 0, 0, 0
L -209, -1, 86, -166, -6, 89, 0, 0, 0
L -266, 41, 109, -209, -1, 86, 0, 0, 0
L -330, 69, 114, -266, 41, 109, 0, 0, 0
L -358, 66, 115, -330, 69, 114, 0, 0, 0
L -397, 51, 114, -358, 66, 115, 0, 0, 0
L -437, 50, 115, -397, 51, 114, 0, 0, 0
L -454, 35, 114, -437, 50, 115, 0, 0, 0
L -487, 29, 114, -454, 35, 114, 0, 0, 0
L -498, 30, 114, -487, 29, 114, 0, 0, 0
L -522, 48, 114, -498, 30, 114, 0, 0, 0
L -528, 50, 112, -522, 48, 114, 0, 0, 0
L -642, 40, 112, -528, 50, 112, 0, 0, 0
L -692, 2, 123, -642, 40, 112, 0, 0, 0
L -713, -33, 142, -692, 2, 123, 0, 0, 0
L -703, -59, 155, -713, -33, 142, 0, 0, 0
L -670, -100, 177, -703, -59, 155, 0, 0, 0
L -672, -128, 190, -670, -100, 177, 0, 0, 0
L -672, -153, 195, -672, -128, 190, 0, 0, 0
L -674, -166, 194, -675, -157, 194, 0, 0, 0
L -641, -161, 194, -674, -166, 194, 0, 0, 0
L -640, -159, 194, -641, -161, 194, 0, 0, 0
L -640, -155, 194, -640, -159, 194, 0, 0, 0
L -635, -160, 193, -640, -155, 194, 0, 0, 0
L -637, -222, 197, -635, -160, 193, 0, 0, 0
L -635, -223, 197, -637, -222, 197, 0, 0, 0
L -634, -234, 198, -635, -223, 197, 0, 0, 0
L -638, -235, 198, -634, -234, 198, 0, 0, 0
L -639, -236, 198, -638, -235, 198, 0, 0, 0
L -668, -235, 198, -639, -236, 198, 0, 0, 0
L -669, -236, 198, -668, -235, 198, 0, 0, 0
L -670, -335, 198, -669, -236, 198, 0, 0, 0
L -475, -856, 235, -474, -822, 236, 0, 0, 0
L -474, -925, 202, -475, -856, 235, 0, 0, 0
L -474, -973, 202, -474, -925, 202, 0, 0, 0
L -439, -971, 202, -474, -973, 202, 0, 0, 0
L -441, -976, 202, -439, -971, 202, 0, 0, 0
L -441, -1044, 202, -441, -976, 202, 0, 0, 0
L -518, -1040, 203, -441, -1044, 202, 0, 0, 0
L -517, -971, 203, -518, -1040, 203, 0, 0, 0
L -484, -969, 206, -517, -971, 203, 0, 0, 0
L -483, -934, 209, -484, -969, 206, 0, 0, 0
L -486, -829, 238, -483, -934, 209, 0, 0, 0
L -669, -1039, 197, -669, -846, 197, 0, 0, 0
L -638, -1040, 197, -669, -1039, 197, 0, 0, 0
L -637, -1041, 196, -638, -1040, 197, 0, 0, 0
L -639, -1115, 197, -637, -1041, 196, 0, 0, 0
L -708, -1113, 199, -639, -1115, 197, 0, 0, 0
L -710, -1047, 199, -708, -1113, 199, 0, 0, 0
L -705, -1045, 199, -710, -1047, 199, 0, 0, 0
L -705, -1041, 199, -705, -1045, 199, 0, 0, 0
L -679, -1039, 199, -705, -1041, 199, 0, 0, 0
L -678, -1038, 199, -679, -1039, 199, 0, 0, 0
L -682, -845, 200, -678, -1038, 199, 0, 0, 0
L -765, -393, 321, -765, -493, 321, 0, 0, 0
L -786, -391, 322, -765, -393, 321, 0, 0, 0
L -787, -365, 322, -786, -391, 322, 0, 0, 0
L -784, -362, 322, -787, -365, 322, 0, 0, 0
L -784, -360, 322, -784, -362, 322, 0, 0, 0
L -739, -359, 322, -784, -360, 322, 0, 0, 0
L -737, -357, 319, -739, -359, 322, 0, 0, 0
L -730, -374, 319, -737, -357, 319, 0, 0, 0
L -730, -391, 320, -730, -374, 319, 0, 0, 0
L -752, -391, 320, -730, -391, 320, 0, 0, 0
L -753, -495, 320, -752, -391, 320, 0, 0, 0
L -514, -392, 320, -517, -499, 320, 0, 0, 0
L -537, -390, 320, -514, -392, 320, 0, 0, 0
L -539, -358, 322, -537, -390, 320, 0, 0, 0
L -485, -358, 322, -539, -358, 322, 0, 0, 0
L -485, -377, 320, -485, -358, 322, 0, 0, 0
L -483, -377, 320, -485, -377, 320, 0, 0, 0
L -482, -391, 319, -483, -377, 320, 0, 0, 0
L -503, -392, 319, -482, -391, 319, 0, 0, 0
L -505, -494, 319, -503, -392, 319, 0, 0, 0
L -506, -786, 319, -505, -697, 319, 0, 0, 0
L -503, -787, 319, -506, -786, 319, 0, 0, 0
L -503, -796, 320, -503, -787, 319, 0, 0, 0
L -482, -796, 320, -503, -796, 320, 0, 0, 0
L -482, -823, 321, -482, -796, 320, 0, 0, 0
L -533, -823, 321, -482, -823, 321, 0, 0, 0
L -533, -792, 319, -533, -823, 321, 0, 0, 0
L -516, -790, 320, -533, -792, 319, 0, 0, 0
L -515, -783, 320, -516, -790, 320, 0, 0, 0
L -516, -783, 320, -515, -783, 320, 0, 0, 0
L -517, -679, 319, -516, -783, 320, 0, 0, 0
L -756, -792, 320, -753, -681, 319, 0, 0, 0
L -731, -792, 320, -756, -792, 320, 0, 0, 0
L -730, -825, 322, -731, -792, 320, 0, 0, 0
L -751, -825, 321, -730, -825, 322, 0, 0, 0
L -751, -827, 321, -751, -825, 321, 0, 0, 0
L -769, -827, 321, -751, -827, 321, 0, 0, 0
L -770, -824, 321, -769, -827, 321, 0, 0, 0
L -788, -824, 319, -770, -824, 321, 0, 0, 0
L -789, -792, 318, -788, -824, 319, 0, 0, 0
L -766, -791, 319, -789, -792, 318, 0, 0, 0
L -765, -688, 317, -766, -791, 319, 0, 0, 0
L -822, -687, 314, -795, -686, 317, 127, 127, 127
L -927, -685, 277, -822, -687, 314, 127, 127, 127
L -965, -652, 278, -927, -685, 277, 127, 127, 127
L -962, -517, 278, -965, -652, 278, 127, 127, 127
L -939, -499, 278, -962, -517, 278, 127, 127, 127
L -926, -496, 281, -939, -499, 278, 127, 127, 127
L -838, -495, 314, -926, -496, 281, 127, 127, 127
L -820, -495, 317, -838, -495, 314, 127, 127, 127
L -945, -603, 278, -927, -599, 278, 127, 127, 127
L -943, -635, 278, -945, -603, 278, 127, 127, 127
L -929, -665, 287, -943, -635, 278, 127, 127, 127
L -898, -670, 296, -929, -665, 287, 127, 127, 127
L -838, -668, 314, -898, -670, 296, 127, 127, 127
L -770, -665, 320, -838, -668, 314, 127, 127, 127
L -771, -520, 317, -770, -665, 320, 127, 127, 127
L -820, -516, 316, -771, -520, 317, 127, 127, 127
L -920, -517, 278, -820, -516, 316, 127, 127, 127
L -936, -519, 278, -920, -517, 278, 127, 127, 127
L -947, -534, 278, -936, -519, 278, 127, 127, 127
L -945, -577, 278, -947, -534, 278, 127, 127, 127
L -937, -582, 275, -945, -577, 278, 127, 127, 127
L -911, -582, 274, -937, -582, 275, 127, 127, 127
L -823, -584, 240, -911, -582, 274, 127, 127, 127
L -783, -585, 239, -823, -584, 240, 127, 127, 127
L -759, -518, 239, -783, -585, 239, 127, 127, 127
L -485, -295, 220, -486, -354, 236, 0, 0, 0
L -485, -261, 202, -485, -295, 220, 0, 0, 0
L -485, -222, 202, -485, -261, 202, 0, 0, 0
L -508, -193, 202, -485, -222, 202, 0, 0, 0
L -488, -169, 202, -508, -193, 202, 0, 0, 0
L -487, -95, 200, -488, -169, 202, 0, 0, 0
L -461, -72, 199, -487, -95, 200, 0, 0, 0
L -443, -69, 199, -461, -72, 199, 0, 0, 0
L -374, -70, 199, -443, -69, 199, 0, 0, 0
L -344, -70, 191, -374, -70, 199, 0, 0, 0
L -288, -69, 164, -344, -70, 191, 0, 0, 0
L -259, -68, 164, -288, -69, 164, 0, 0, 0
L -257, -67, 162, -259, -68, 164, 0, 0, 0
L -234, -48, 162, -257, -67, 162, 0, 0, 0
L -227, -46, 162, -234, -48, 162, 0, 0, 0
L -207, -58, 163, -227, -46, 162, 0, 0, 0
L -207, -59, 163, -207, -58, 163, 0, 0, 0
L -220, -71, 164, -207, -59, 163, 0, 0, 0
L -223, -80, 164, -220, -71, 164, 0, 0, 0
L -215, -80, 165, -223, -80, 164, 0, 0, 0
L -209, -92, 165, -215, -80, 165, 0, 0, 0
L -232, -102, 167, -209, -92, 165, 0, 0, 0
L -244, -92, 168, -232, -102, 167, 0, 0, 0
L -251, -81, 168, -244, -92, 168, 0, 0, 0
L -294, -81, 174, -251, -81, 168, 0, 0, 0
L -344, -80, 194, -294, -81, 174, 0, 0, 0
L -449, -80, 202, -344, -80, 194, 0, 0, 0
L -474, -102, 200, -449, -80, 202, 0, 0, 0
L -473, -167, 201, -474, -102, 200, 0, 0, 0
L -472, -169, 199, -473, -167, 201, 0, 0, 0
L -455, -194, 201, -472, -169, 199, 0, 0, 0
L -475, -220, 208, -455, -194, 201, 0, 0, 0
L -474, -361, 236, -475, -220, 208, 0, 0, 0
L -505, -491, 235, -531, -494, 236, 127, 127, 127
L -494, -483, 236, -505, -491, 235, 127, 127, 127
L -492, -432, 237, -494, -483, 236, 127, 127, 127
L -499, -428, 237, -492, -432, 237, 127, 127, 127
L -501, -428, 234, -499, -428, 237, 127, 127, 127
L -525, -427, 234, -501, -428, 234, 127, 127, 127
L -604, -427, 203, -525, -427, 234, 127, 127, 127
L -638, -429, 195, -604, -427, 203, 127, 127, 127
L -650, -436, 195, -638, -429, 195, 127, 127, 127
L -653, -446, 196, -650, -436, 195, 127, 127, 127
L -652, -462, 195, -653, -446, 196, 127, 127, 127
L -650, -468, 195, -652, -462, 195, 127, 127, 127
L -641, -472, 195, -650, -468, 195, 127, 127, 127
L -528, -472, 154, -641, -472, 195, 127, 127, 127
L -507, -460, 154, -528, -472, 154, 127, 127, 127
L -502, -449, 154, -507, -460, 154, 127, 127, 127
L -505, -417, 154, -502, -449, 154, 127, 127, 127
L -538, -416, 152, -505, -417, 154, 127, 127, 127
L -540, -396, 153, -538, -416, 152, 127, 127, 127
L -476, -394, 153, -540, -396, 153, 127, 127, 127
L -448, -396, 154, -476, -394, 153, 127, 127, 127
L -447, -397, 154, -448, -396, 154, 127, 127, 127
L -448, -416, 154, -447, -397, 154, 127, 127, 127
L -482, -416, 154, -448, -416, 154, 127, 127, 127
L -486, -467, 154, -482, -416, 154, 127, 127, 127
L -486, -468, 151, -486, -467, 154, 127, 127, 127
L -513, -488, 157, -486, -468, 151, 127, 127, 127
L -627, -490, 192, -513, -488, 157, 127, 127, 127
L -664, -475, 192, -627, -490, 192, 127, 127, 127
L -672, -456, 193, -664, -475, 192, 127, 127, 127
L -665, -425, 195, -672, -456, 193, 127, 127, 127
L -645, -411, 195, -665, -425, 195, 127, 127, 127
L -644, -411, 194, -645, -411, 195, 127, 127, 127
L -531, -409, 233, -644, -411, 194, 127, 127, 127
L -500, -409, 237, -531, -409, 233, 127, 127, 127
L -489, -402, 234, -500, -409, 237, 127, 127, 127
L -489, -367, 236, -489, -402, 234, 127, 127, 127
L -476, -493, 237, -470, -369, 237, 127, 127, 127
L -477, -494, 235, -476, -493, 237, 127, 127, 127
L -495, -511, 237, -477, -494, 235, 127, 127, 127
L -505, -514, 237, -495, -511, 237, 127, 127, 127
L -739, -518, 237, -505, -514, 237, 127, 127, 127
L -748, -525, 237, -739, -518, 237, 127, 127, 127
L -754, -533, 237, -748, -525, 237, 127, 127, 127
L -748, -660, 237, -754, -533, 237, 127, 127, 127
L -743, -659, 237, -748, -660, 237, 127, 127, 127
L -740, -664, 237, -743, -659, 237, 127, 127, 127
L -729, -667, 237, -740, -664, 237, 127, 127, 127
L -511, -670, 237, -729, -667, 237, 127, 127, 127
L -482, -684, 237, -511, -670, 237, 127, 127, 127
L -471, -716, 237, -482, -684, 237, 127, 127, 127
L -468, -820, 236, -471, -716, 237, 127, 127, 127
L -489, -822, 237, -468, -820, 237, 127, 127, 127
L -479, -603, 74, -602, -602, 36, 0, 127, 127
L -467, -604, 74, -479, -603, 74, 0, 127, 127
L -461, -619, 74, -467, -604, 74, 0, 127, 127
L -454, -775, 74, -461, -619, 74, 0, 127, 127
L -453, -777, 74, -454, -775, 74, 0, 127, 127
L -452, -778, 71, -453, -777, 74, 0, 127, 127
L -439, -791, 72, -452, -778, 71, 0, 127, 127
L -399, -818, 74, -439, -791, 72, 0, 127, 127
L -401, -936, 71, -399, -818, 74, 0, 127, 127
L -440, -946, 81, -401, -936, 71, 0, 127, 127
L -499, -947, 87, -440, -946, 81, 0, 127, 127
L -558, -946, 73, -499, -947, 87, 0, 127, 127
L -579, -935, 73, -558, -946, 73, 0, 127, 127
L -597, -896, 74, -579, -935, 73, 0, 127, 127
L -616, -886, 73, -597, -896, 74, 0, 127, 127
L -662, -883, 71, -616, -886, 73, 0, 127, 127
L -667, -877, 71, -662, -883, 71, 0, 127, 127
L -668, -854, 71, -667, -877, 71, 0, 127, 127
L -669, -740, 30, -668, -854, 71, 0, 127, 127
L -690, -850, 73, -690, -741, 31, 0, 127, 127
L -688, -872, 74, -690, -850, 73, 0, 127, 127
L -692, -879, 71, -688, -872, 74, 0, 127, 127
L -779, -879, 75, -692, -879, 71, 0, 127, 127
L -784, -860, 74, -779, -879, 75, 0, 127, 127
L -796, -848, 74, -784, -860, 74, 0, 127, 127
L -817, -843, 74, -796, -848, 74, 0, 127, 127
L -835, -857, 74, -817, -843, 74, 0, 127, 127
L -840, -867, 75, -835, -857, 74, 0, 127, 127
L -841, -879, 72, -840, -867, 75, 0, 127, 127
L -843, -880, 73, -841, -879, 72, 0, 127, 127
L -1029, -880, 74, -843, -880, 73, 0, 127, 127
L -1032, -878, 74, -1029, -880, 74, 0, 127, 127
L -1032, -877, 71, -1032, -878, 74, 0, 127, 127
L -1039, -854, 78, -1032, -877, 71, 0, 127, 127
L -1049, -738, 116, -1039, -854, 78, 0, 127, 127
L -1068, -717, 116, -1049, -738, 116, 0, 127, 127
L -1094, -710, 116, -1068, -717, 116, 0, 127, 127
L -1113, -711, 116, -1094, -710, 116, 0, 127, 127
L -1106, -733, 116, -1109, -735, 116, 0, 127, 127
L -1072, -734, 116, -1106, -733, 116, 0, 127, 127
L -1070, -736, 113, -1072, -734, 116, 0, 127, 127
L -1063, -751, 113, -1070, -736, 113, 0, 127, 127
L -1062, -856, 74, -1063, -751, 113, 0, 127, 127
L -1038, -890, 74, -1062, -856, 74, 0, 127, 127
L -1013, -903, 74, -1038, -890, 74, 0, 127, 127
L -613, -910, 73, -1013, -903, 74, 0, 127, 127
L -586, -958, 73, -613, -910, 73, 0, 127, 127
L -551, -971, 80, -586, -958, 73, 0, 127, 127
L -483, -970, 88, -551, -971, 80, 0, 127, 127
L -430, -969, 78, -483, -970, 88, 0, 127, 127
L -415, -966, 74, -430, -969, 78, 0, 127, 127
L -379, -937, 74, -415, -966, 74, 0, 127, 127
L -380, -808, 74, -379, -937, 74, 0, 127, 127
L -400, -787, 74, -380, -808, 74, 0, 127, 127
L -426, -774, 74, -400, -787, 74, 0, 127, 127
L -437, -755, 72, -426, -774, 74, 0, 127, 127
L -436, -420, 72, -437, -755, 72, 0, 127, 127
L -382, -377, 71, -436, -420, 72, 0, 127, 127
L -385, -233, 73, -382, -377, 71, 0, 127, 127
L -393, -224, 74, -385, -233, 73, 0, 127, 127
L -394, -223, 72, -393, -224, 74, 0, 127, 127
L -429, -213, 78, -394, -223, 72, 0, 127, 127
L -486, -213, 88, -429, -213, 78, 0, 127, 127
L -515, -213, 85, -486, -213, 88, 0, 127, 127
L -568, -215, 74, -515, -213, 85, 0, 127, 127
L -603, -246, 74, -568, -215, 74, 0, 127, 127
L -612, -271, 74, -603, -246, 74, 0, 127, 127
L -631, -279, 74, -612, -271, 74, 0, 127, 127
L -1029, -281, 74, -631, -279, 74, 0, 127, 127
L -1030, -281, 72, -1029, -281, 74, 0, 127, 127
L -1061, -321, 83, -1030, -281, 72, 0, 127, 127
L -1065, -436, 112, -1061, -321, 83, 0, 127, 127
L -1081, -448, 115, -1065, -436, 112, 0, 127, 127
L -1125, -451, 124, -1081, -448, 115, 0, 127, 127
L -1089, -471, 115, -1121, -473, 121, 0, 127, 127
L -1050, -456, 116, -1089, -471, 115, 0, 127, 127
L -1041, -432, 113, -1050, -456, 116, 0, 127, 127
L -1041, -335, 79, -1041, -432, 113, 0, 127, 127
L -1039, -333, 75, -1041, -335, 79, 0, 127, 127
L -1034, -325, 72, -1039, -333, 75, 0, 127, 127
L -1026, -309, 73, -1034, -325, 72, 0, 127, 127
L -1013, -302, 74, -1026, -309, 73, 0, 127, 127
L -837, -305, 74, -1013, -302, 74, 0, 127, 127
L -825, -334, 74, -837, -305, 74, 0, 127, 127
L -815, -339, 75, -825, -334, 74, 0, 127, 127
L -808, -339, 74, -815, -339, 75, 0, 127, 127
L -785, -319, 74, -808, -339, 74, 0, 127, 127
L -782, -311, 75, -785, -319, 74, 0, 127, 127
L -782, -303, 71, -782, -311, 75, 0, 127, 127
L -783, -303, 71, -782, -303, 71, 0, 127, 127
L -694, -302, 74, -783, -303, 71, 0, 127, 127
L -688, -308, 71, -694, -302, 74, 0, 127, 127
L -686, -334, 70, -688, -308, 71, 0, 127, 127
L -687, -444, 32, -686, -334, 70, 0, 127, 127
L -671, -337, 71, -671, -438, 31, 0, 127, 127
L -670, -304, 74, -671, -337, 71, 0, 127, 127
L -664, -302, 72, -670, -304, 74, 0, 127, 127
L -609, -295, 74, -664, -302, 72, 0, 127, 127
L -601, -291, 74, -609, -295, 74, 0, 127, 127
L -595, -286, 71, -601, -291, 74, 0, 127, 127
L -570, -239, 71, -595, -286, 71, 0, 127, 127
L -507, -235, 87, -570, -239, 71, 0, 127, 127
L -450, -234, 85, -507, -235, 87, 0, 127, 127
L -410, -233, 74, -450, -234, 85, 0, 127, 127
L -399, -249, 74, -410, -233, 74, 0, 127, 127
L -397, -374, 74, -399, -249, 74, 0, 127, 127
L -412, -384, 74, -397, -374, 74, 0, 127, 127
L -440, -396, 74, -412, -384, 74, 0, 127, 127
L -460, -431, 74, -440, -396, 74, 0, 127, 127
L -461, -573, 74, -460, -431, 74, 0, 127, 127
L -471, -581, 74, -461, -573, 74, 0, 127, 127
L -492, -583, 72, -471, -581, 74, 0, 127, 127
L -601, -581, 35, -492, -583, 72, 0, 127, 127
L -435, -605, 80, -437, -604, 80, 0, 0, 0
L -433, -592, 80, -435, -605, 80, 0, 0, 0
L -284, -596, 85, -433, -592, 80, 0, 0, 0
L -231, -597, 105, -284, -596, 85, 0, 0, 0
L -181, -598, 116, -231, -597, 105, 0, 0, 0
L -739, -500, 237, -759, -517, 237, 127, 127, 127
L -713, -495, 237, -739, -500, 237, 127, 127, 127
L -692, -496, 237, -713, -495, 237, 0, 127, 127
L -684, -491, 237, -692, -496, 237, 0, 127, 127
L -684, -414, 233, -684, -491, 237, 0, 127, 127
L -666, -414, 236, -684, -414, 233, 0, 127, 127
L -665, -414, 235, -666, -414, 236, 0, 127, 127
L -663, -415, 235, -665, -414, 235, 0, 127, 127
L -664, -494, 237, -663, -415, 235, 0, 127, 127
L -511, -496, 237, -664, -494, 237, 0, 127, 127
L -502, -493, 237, -511, -496, 237, 0, 127, 127
L -490, -476, 236, -502, -493, 237, 0, 127, 127
L -489, -436, 236, -490, -476, 236, 0, 127, 127
L -490, -434, 234, -489, -436, 236, 0, 127, 127
L -494, -427, 234, -490, -434, 234, 0, 127, 127
L -525, -426, 233, -494, -427, 234, 0, 127, 127
L -610, -427, 200, -525, -426, 233, 0, 127, 127
L -640, -430, 195, -610, -427, 200, 0, 127, 127
L -654, -448, 195, -640, -430, 195, 0, 127, 127
L -652, -462, 195, -654, -448, 195, 0, 127, 127
L -651, -464, 192, -652, -462, 195, 0, 127, 127
L -651, -466, 192, -651, -464, 192, 0, 127, 127
L -640, -474, 193, -651, -466, 192, 0, 127, 127
L -516, -473, 154, -640, -474, 193, 0, 127, 127
L -501, -459, 151, -516, -473, 154, 0, 127, 127
L -499, -427, 151, -501, -459, 151, 0, 127, 127
L -504, -414, 151, -499, -427, 151, 0, 127, 127
L -541, -414, 151, -504, -414, 151, 0, 127, 127
L -540, -395, 151, -541, -414, 151, 0, 127, 127
L -474, -394, 151, -540, -395, 151, 0, 127, 127
L -445, -395, 151, -474, -394, 151, 0, 127, 127
L -435, -621, 28, -435, -581, 28, 0, 0, 0
L -428, -622, 29, -435, -621, 28, 0, 0, 0
L -404, -622, 28, -428, -622, 28, 0, 0, 0
L -404, -659, 28, -404, -622, 28, 0, 0, 0
L -418, -659, 28, -404, -659, 28, 0, 0, 0
L -418, -640, 29, -418, -659, 28, 0, 0, 0
L -427, -639, 28, -418, -640, 29, 0, 0, 0
L -437, -640, 28, -427, -639, 28, 0, 0, 0
L -437, -656, 28, -437, -640, 28, 0, 0, 0
L -433, -656, 28, -437, -656, 28, 0, 0, 0
L -433, -676, 28, -433, -656, 28, 0, 0, 0
L -506, -677, 29, -433, -676, 28, 0, 0, 0
L -507, -719, 28, -506, -677, 29, 0, 0, 0
L -434, -719, 28, -507, -719, 28, 0, 0, 0
L -435, -742, 28, -434, -719, 28, 0, 0, 0
L -334, -743, 28, -435, -742, 28, 0, 0, 0
L -328, -978, 28, -334, -743, 28, 0, 0, 0
L -466, -979, 28, -328, -978, 28, 0, 0, 0
L -503, -978, 28, -466, -979, 28, 0, 0, 0
L -640, -979, 28, -503, -978, 28, 0, 0, 0
L -641, -917, 28, -640, -979, 28, 0, 0, 0
L -779, -916, 29, -641, -917, 28, 0, 0, 0
L -914, -917, 29, -779, -916, 29, 0, 0, 0
L -914, -849, 29, -914, -917, 29, 0, 0, 0
L -923, -848, 29, -914, -849, 29, 0, 0, 0
L -924, -895, 29, -923, -848, 29, 0, 0, 0
L -941, -896, 29, -924, -895, 29, 0, 0, 0
L -941, -854, 29, -941, -896, 29, 0, 0, 0
L -955, -854, 28, -941, -854, 29, 0, 0, 0
L -955, -917, 28, -955, -854, 28, 0, 0, 0
L -1074, -917, 29, -955, -917, 28, 0, 0, 0
L -960, -266, 28, -1074, -265, 28, 0, 0, 0
L -961, -329, 28, -960, -266, 28, 0, 0, 0
L -947, -330, 28, -961, -329, 28, 0, 0, 0
L -946, -326, 29, -947, -330, 28, 0, 0, 0
L -947, -325, 29, -946, -326, 29, 0, 0, 0
L -948, -286, 28, -947, -325, 29, 0, 0, 0
L -925, -285, 28, -948, -286, 28, 0, 0, 0
L -924, -330, 28, -925, -285, 28, 0, 0, 0
L -915, -331, 28, -924, -330, 28, 0, 0, 0
L -915, -266, 28, -915, -331, 28, 0, 0, 0
L -780, -265, 28, -915, -266, 28, 0, 0, 0
L -779, -333, 29, -780, -265, 28, 0, 0, 0
L -771, -334, 29, -779, -333, 29, 0, 0, 0
L -772, -286, 29, -771, -334, 29, 0, 0, 0
L -749, -285, 28, -772, -286, 29, 0, 0, 0
L -752, -333, 28, -749, -285, 28, 0, 0, 0
L -740, -332, 29, -752, -333, 28, 0, 0, 0
L -739, -265, 28, -740, -332, 29, 0, 0, 0
L -641, -265, 28, -739, -265, 28, 0, 0, 0
L -641, -204, 28, -641, -265, 28, 0, 0, 0
L -509, -204, 28, -641, -204, 28, 0, 0, 0
L -481, -204, 28, -509, -204, 29, 0, 0, 0
L -328, -204, 28, -481, -204, 28, 0, 0, 0
L -328, -440, 40, -328, -204, 28, 0, 0, 0
L -361, -442, 50, -328, -440, 40, 0, 0, 0
L -432, -440, 51, -361, -442, 50, 0, 0, 0
L -433, -441, 53, -432, -440, 51, 0, 0, 0
L -433, -468, 68, -433, -441, 53, 0, 0, 0
L -434, -576, 78, -433, -468, 68, 0, 0, 0
L -423, -577, 78, -434, -576, 78, 0, 0, 0
L -422, -584, 78, -423, -577, 78, 0, 0, 0
L -309, -586, 78, -422, -584, 78, 0, 0, 0
L -280, -586, 85, -309, -586, 78, 0, 0, 0
L -207, -585, 114, -280, -586, 85, 0, 0, 0
L -179, -585, 111, -207, -585, 114, 0, 0, 0
L 457, -493, 98, 246, -493, 98, 0, 0, 0
L 458, -536, 98, 457, -493, 98, 0, 0, 0
L 430, -535, 98, 458, -536, 98, 0, 0, 0
L 428, -538, 98, 430, -535, 98, 0, 0, 0
L 428, -549, 98, 428, -538, 98, 0, 0, 0
L 407, -583, 98, 428, -549, 98, 0, 0, 0
L 407, -603, 98, 407, -583, 98, 0, 0, 0
L 427, -639, 98, 407, -603, 98, 0, 0, 0
L 428, -648, 98, 427, -639, 98, 0, 0, 0
L 458, -648, 98, 428, -648, 98, 0, 0, 0
L 458, -694, 98, 458, -648, 98, 0, 0, 0
L -186, -694, 98, 458, -694, 98, 0, 0, 0
L -185, -664, 98, -186, -694, 98, 0, 0, 0
L -216, -665, 98, -185, -664, 98, 0, 0, 0
L -216, -640, 98, -216, -665, 98, 0, 0, 0
L -184, -642, 98, -216, -640, 98, 0, 0, 0
L -184, -606, 98, -184, -642, 98, 0, 0, 0
L -183, -604, 98, -184, -606, 98, 0, 0, 0
L -181, -604, 98, -183, -604, 98, 0, 0, 0
L -181, -583, 98, -181, -604, 98, 0, 0, 0
L -183, -583, 98, -181, -583, 98, 0, 0, 0
L -184, -561, 98, -183, -583, 98, 0, 0, 0
L -158, -561, 98, -184, -561, 98, 0, 0, 0
L -157, -548, 98, -158, -561, 98, 0, 0, 0
L -215, -548, 98, -157, -548, 98, 0, 0, 0
L -215, -522, 98, -215, -548, 98, 0, 0, 0
L -185, -523, 98, -215, -522, 98, 0, 0, 0
L -185, -493, 109, -185, -523, 98, 0, 0, 0
L -148, -495, 112, -185, -493, 109, 0, 0, 0
L -130, -495, 118, -148, -495, 112, 0, 0, 0
L -87, -497, 125, -130, -495, 118, 0, 0, 0
L -86, -502, 125, -87, -497, 125, 0, 0, 0
L -62, -501, 127, -86, -502, 125, 0, 0, 0
L -63, -460, 132, -62, -501, 127, 0, 0, 0
L -64, -327, 165, -63, -460, 132, 0, 0, 0
L -112, -327, 165, -64, -327, 165, 0, 0, 0
L -115, -344, 165, -112, -327, 165, 0, 0, 0
L -111, -345, 165, -115, -344, 165, 0, 0, 0
L -111, -361, 165, -111, -345, 165, 0, 0, 0
L -135, -361, 165, -111, -361, 165, 0, 0, 0
L -136, -360, 165, -135, -361, 165, 0, 0, 0
L -136, -359, 165, -136, -360, 165, 0, 0, 0
L -151, -358, 165, -136, -359, 165, 0, 0, 0
L -152, -361, 165, -151, -358, 165, 0, 0, 0
L -185, -362, 165, -152, -361, 165, 0, 0, 0
L -186, -361, 165, -185, -362, 165, 0, 0, 0
L -186, -355, 165, -186, -361, 165, 0, 0, 0
L -185, -350, 162, -186, -355, 165, 0, 0, 0
L -183, -326, 162, -185, -350, 162, 0, 0, 0
L -266, -323, 162, -183, -326, 162, 0, 0, 0
L -292, -301, 162, -266, -323, 162, 0, 0, 0
L -291, -165, 163, -292, -301, 162, 0, 0, 0
L -312, -143, 163, -291, -165, 163, 0, 0, 0
L -381, -142, 160, -312, -143, 163, 0, 0, 0
L -381, -148, 160, -381, -142, 160, 0, 0, 0
L -409, -162, 160, -381, -148, 160, 0, 0, 0
L -433, -151, 160, -409, -162, 160, 0, 0, 0
L -433, -119, 162, -433, -151, 162, 0, 0, 0
L -433, -119, 161, -410, -105, 161, 0, 0, 0
L -410, -105, 161, -382, -119, 161, 0, 0, 0
L -382, -119, 161, -382, -125, 161, 0, 0, 0
L -382, -125, 161, -379, -127, 163, 0, 0, 0
L -379, -127, 163, -304, -127, 163, 0, 0, 0
L -304, -127, 163, -277, -157, 163, 0, 0, 0
L -277, -157, 163, -278, -216, 163, 0, 0, 0
L -278, -216, 163, -279, -219, 163, 0, 0, 0
L -279, -219, 163, -279, -291, 163, 0, 0, 0
L -279, -291, 163, -273, -300, 163, 0, 0, 0
L -273, -300, 163, -256, -313, 162, 0, 0, 0
L -256, -313, 162, -185, -314, 162, 0, 0, 0
L -185, -314, 162, -185, -282, 162, 0, 0, 0
L -185, -282, 162, -183, -281, 162, 0, 0, 0
L -183, -281, 162, -101, -283, 163, 0, 0, 0
L -101, -283, 163, -102, -292, 162, 0, 0, 0
L -102, -292, 162, -114, -293, 162, 0, 0, 0
L -114, -293, 162, -113, -313, 162, 0, 0, 0
L -113, -313, 162, -11, -314, 162, 0, 0, 0
L -11, -314, 162, 4, -303, 163, 0, 0, 0
L 4, -303, 163, 12, -297, 166, 0, 0, 0
L 12, -297, 166, 19, -292, 165, 0, 0, 0
L 19, -292, 165, 35, -301, 165, 0, 0, 0
L 35, -301, 165, 29, -320, 164, 0, 0, 0
L 29, -320, 164, 30, -328, 164, 0, 0, 0
L 30, -328, 164, 38, -336, 164, 0, 0, 0
L 38, -336, 164, 20, -347, 161, 0, 0, 0
L 20, -347, 161, -8, -331, 162, 0, 0, 0
L -8, -331, 162, -7, -328, 162, 0, 0, 0
L -7, -328, 162, -7, -326, 162, 0, 0, 0
L -7, -326, 162, -50, -327, 162, 0, 0, 0
L -50, -327, 162, -49, -360, 162, 0, 0, 0
L -49, -360, 162, -49, -416, 153, 0, 0, 0
L -49, -416, 153, -49, -503, 125, 0, 0, 0
L -49, -503, 125, -29, -501, 126, 0, 0, 0
L -29, -501, 126, -18, -496, 125, 0, 0, 0
L -18, -496, 125, 197, -495, 124, 0, 0, 0
L 197, -495, 124, 198, -504, 125, 0, 0, 0
L 198, -504, 125, 215, -505, 125, 0, 0, 0
L 215, -505, 125, 214, -330, 160, 0, 0, 0
L 214, -330, 160, 214, -292, 161, 0, 0, 0
L 214, -292, 161, 245, -263, 162, 0, 0, 0
L 245, -263, 162, 319, -266, 162, 0, 0, 0
L 319, -266, 162, 322, -250, 161, 0, 0, 0
L 322, -250, 161, 331, -251, 161, 0, 0, 0
L 331, -251, 161, 332, -242, 160, 0, 0, 0
L 332, -242, 160, 341, -243, 160, 0, 0, 0
L 341, -243, 160, 342, -236, 160, 0, 0, 0
L 342, -236, 160, 348, -237, 160, 0, 0, 0
L 348, -237, 160, 351, -201, 158, 0, 0, 0
L 351, -201, 158, 349, -116, 130, 0, 0, 0
L 349, -116, 130, 349, -30, 126, 0, 0, 0
L 349, -30, 126, 329, -12, 126, 0, 0, 0
L 329, -12, 126, 163, -10, 126, 0, 0, 0
L 163, -10, 126, 163, -44, 126, 0, 0, 0
L 163, -44, 126, 133, -45, 126, 0, 0, 0
L 133, -45, 126, 131, -43, 125, 0, 0, 0
L 131, -43, 125, 85, -44, 125, 0, 0, 0
L 85, -44, 125, 84, -34, 125, 0, 0, 0
L 84, -34, 125, 92, -32, 125, 0, 0, 0
L 92, -32, 125, 90, -11, 125, 0, 0, 0
L 90, -11, 125, 36, -11, 119, 0, 0, 0
L 36, -11, 119, -33, -10, 93, 0, 0, 0
L -33, -10, 93, -59, -11, 92, 0, 0, 0
L -59, -11, 92, -60, -12, 92, 0, 0, 0
L -60, -12, 92, -59, -25, 91, 0, 0, 0
L -59, -25, 91, -56, -26, 91, 0, 0, 0
L -56, -26, 91, -55, -41, 91, 0, 0, 0
L -55, -41, 91, -132, -43, 90, 0, 0, 0
L -132, -43, 90, -134, 32, 88, 0, 0, 0
L -134, 32, 88, -100, 34, 88, 0, 0, 0
L -100, 34, 88, -101, 81, 83, 0, 0, 0
L -101, 81, 83, -102, 173, 51, 0, 0, 0
L -102, 173, 51, -104, 176, 50, 0, 0, 0
L -104, 176, 50, -103, 178, 50, 0, 0, 0
L -103, 178, 50, -129, 182, 39, 0, 0, 0
L -129, 182, 39, -183, 188, 28, 0, 0, 0
L -183, 188, 28, -185, 189, 26, 0, 0, 0
L -185, 189, 26, -182, 199, 22, 0, 0, 0
L -182, 199, 22, -230, 319, -9, 0, 0, 0
L -230, 319, -9, -261, 353, -26, 0, 0, 0
L -261, 353, -26, -282, 364, -34, 0, 0, 0
L -282, 364, -34, -338, 361, -45, 0, 0, 0
L -338, 361, -45, -339, 410, -43, 0, 0, 0
L -339, 410, -43, -280, 389, -38, 0, 0, 0
L -280, 389, -38, -240, 383, -38, 0, 0, 0
L -240, 383, -38, -220, 387, -41, 0, 0, 0
L -220, 387, -41, -209, 400, -42, 0, 0, 0
L -209, 400, -42, -207, 425, -42, 0, 0, 0
L -207, 425, -42, -216, 440, -42, 0, 0, 0
L -216, 440, -42, -229, 448, -34, 0, 0, 0
L -229, 448, -34, -236, 450, -34, 0, 0, 0
L -236, 450, -34, -248, 448, -36, 0, 0, 0
L -248, 448, -36, -243, 502, -39, 0, 0, 0
L -243, 502, -39, -221, 491, -40, 0, 0, 0
L -221, 491, -40, -209, 495, -35, 0, 0, 0
L -209, 495, -35, -239, 514, -20, 0, 0, 0
L -239, 514, -20, -242, 516, -16, 0, 0, 0
L -242, 516, -16, -243, 519, -13, 0, 0, 0
L -243, 519, -13, -239, 533, -9, 0, 0, 0
L -239, 546, -9, -240, 547, -9, 0, 0, 0
L -241, 553, -9, -247, 569, -9, 0, 0, 0
L -247, 569, -9, -210, 586, -9, 0, 0, 0
L -210, 586, -9, -191, 590, -9, 0, 0, 0
L -191, 590, -9, -163, 578, -13, 0, 0, 0
L -163, 578, -13, -117, 573, -18, 0, 0, 0
L -117, 573, -18, -97, 580, -20, 0, 0, 0
L -97, 580, -20, -65, 619, -21, 0, 0, 0
L -65, 619, -21, -33, 626, -21, 0, 0, 0
L -33, 626, -21, -16, 599, -23, 0, 0, 0
L -16, 599, -23, 2, 591, -23, 0, 0, 0
L 2, 591, -23, 28, 593, -25, 0, 0, 0
L 28, 593, -25, 30, 594, -23, 0, 0, 0
L 30, 594, -23, 34, 599, -23, 0, 0, 0
L 34, 599, -23, 66, 603, -23, 0, 0, 0
L 66, 603, -23, 67, 603, -23, 0, 0, 0
L 67, 603, -23, 68, 589, -24, 0, 0, 0
L 68, 589, -24, 53, 572, -23, 0, 0, 0
L 53, 572, -23, 46, 560, -17, 0, 0, 0
L 46, 560, -17, 51, 540, -17, 0, 0, 0
L 51, 540, -17, 68, 520, -13, 0, 0, 0
L 68, 520, -13, 104, 502, -5, 0, 0, 0
L 104, 502, -5, 106, 501, -1, 0, 0, 0
L 106, 501, -1, 116, 484, -1, 0, 0, 0
L 116, 484, -1, 131, 478, -5, 0, 0, 0
L 131, 478, -5, 183, 498, -16, 0, 0, 0
L 183, 498, -16, 199, 510, -23, 0, 0, 0
L 199, 510, -23, 201, 508, -24, 0, 0, 0
L 201, 508, -24, 203, 486, -22, 0, 0, 0
L 203, 486, -22, 204, 485, -22, 0, 0, 0
L 204, 485, -22, 204, 484, -17, 0, 0, 0
L 204, 484, -17, 187, 475, -14, 0, 0, 0
L 187, 475, -14, 186, 474, -11, 0, 0, 0
L 186, 474, -11, 143, 448, -6, 0, 0, 0
L 143, 448, -6, 137, 448, -7, 0, 0, 0
L 137, 448, -7, 136, 446, -7, 0, 0, 0
L 136, 446, -7, 136, 443, -7, 0, 0, 0
L 124, 442, -6, 101, 435, -10, 0, 0, 0
L 101, 435, -10, 94, 428, -14, 0, 0, 0
L 94, 428, -14, 100, 381, -22, 0, 0, 0
L 100, 381, -22, 109, 371, -23, 0, 0, 0
L 109, 371, -23, 123, 362, -12, 0, 0, 0
L 123, 362, -12, 111, 337, -14, 0, 0, 0
L 111, 337, -14, 109, 334, -15, 0, 0, 0
L 109, 334, -15, 111, 314, -15, 0, 0, 0
L 111, 314, -15, 114, 306, -10, 0, 0, 0
L 114, 306, -10, 133, 285, -9, 0, 0, 0
L 133, 285, -9, 155, 282, -7, 0, 0, 0
L 155, 282, -7, 173, 281, -10, 0, 0, 0
L 173, 281, -10, 209, 280, -8, 0, 0, 0
L 209, 280, -8, 207, 264, -9, 0, 0, 0
L 207, 264, -9, 148, 264, -9, 0, 0, 0
L 148, 264, -9, 138, 263, -7, 0, 0, 0
L 138, 263, -7, 117, 253, -9, 0, 0, 0
L 117, 253, -9, 105, 240, -7, 0, 0, 0
L 105, 240, -7, 88, 234, -7, 0, 0, 0
L 88, 234, -7, 85, 240, -8, 0, 0, 0
L 85, 240, -8, 70, 232, -9, 0, 0, 0
L 70, 232, -9, 55, 216, -4, 0, 0, 0
L 55, 216, -4, 54, 205, -2, 0, 0, 0
L 54, 205, -2, 53, 203, -2, 0, 0, 0
L 53, 203, -2, 49, 203, -2, 0, 0, 0
L 49, 203, -2, 41, 196, -2, 0, 0, 0
L 41, 196, -2, 42, 193, -2, 0, 0, 0
L 42, 193, -2, 36, 189, -3, 0, 0, 0
L 36, 189, -3, 36, 184, -2, 0, 0, 0
L 36, 184, -2, 35, 182, 0, 0, 0, 0
L 35, 182, 0, -14, 182, -3, 0, 0, 0
L -14, 182, -3, -18, 182, -6, 0, 0, 0
L -18, 182, -6, -54, 179, -8, 0, 0, 0
L -54, 179, -8, -90, 176, 46, 0, 0, 0
L -106, 173, 51, -109, 204, 47, 0, 127, 127
L -109, 204, 47, -115, 208, 47, 0, 127, 127
L -115, 208, 47, -157, 207, 47, 0, 127, 127
L -157, 207, 47, -186, 229, 47, 0, 127, 127
L -186, 229, 47, -197, 265, 47, 0, 127, 127
L -197, 265, 47, -195, 520, 47, 0, 127, 127
L -195, 520, 47, -202, 529, 47, 0, 127, 127
L -202, 529, 47, -260, 531, 47, 0, 127, 127
L -267, 554, 54, -212, 552, 49, 0, 127, 127
L -212, 552, 49, -178, 520, 49, 0, 127, 127
L -178, 520, 49, -170, 464, 49, 0, 127, 127
L -170, 464, 49, -167, 238, 46, 0, 127, 127
L -167, 238, 46, -158, 228, 47, 0, 127, 127
L -158, 228, 47, -31, 231, 47, 0, 127, 127
L -31, 231, 47, -22, 257, 43, 0, 127, 127
L -22, 257, 43, -21, 360, 10, 0, 127, 127
L -21, 360, 10, -10, 384, 7, 0, 127, 127
L -10, 384, 7, 9, 399, 5, 0, 127, 127
L 9, 399, 5, 31, 399, 5, 0, 127, 127
L 31, 399, 5, 47, 394, 6, 0, 127, 127
L 47, 394, 6, 57, 386, 5, 0, 127, 127
L 57, 386, 5, 68, 364, 4, 0, 127, 127
L 68, 364, 4, 69, 251, -38, 0, 127, 127
L 48, 246, -38, 46, 247, -38, 0, 127, 127
L 46, 247, -38, 43, 358, 2, 0, 127, 127
L 43, 358, 2, 42, 368, 3, 0, 127, 127
L 42, 368, 3, 34, 377, 3, 0, 127, 127
L 34, 377, 3, 22, 381, 6, 0, 127, 127
L 22, 381, 6, 13, 377, 6, 0, 127, 127
L 13, 377, 6, 5, 362, 6, 0, 127, 127
L 5, 362, 6, 4, 348, 5, 0, 127, 127
L 4, 348, 5, 1, 251, 44, 0, 127, 127
L 1, 251, 44, -3, 232, 44, 0, 127, 127
L -3, 232, 44, -24, 210, 44, 0, 127, 127
L -24, 210, 44, -80, 207, 44, 0, 127, 127
L -80, 207, 44, -87, 194, 47, 0, 127, 127
L -87, 194, 47, -87, 181, 47, 0, 127, 127
L -238, 532, 47, -241, 532, 47, 0, 0, 0
L -241, 553, 47, -260, 552, 47, 0, 0, 0
L -260, 552, 47, -281, 549, 54, 0, 0, 0
L -281, 549, 54, -282, 549, 57, 0, 0, 0
L -282, 549, 57, -350, 549, 58, 0, 0, 0
L -350, 549, 58, -370, 570, 58, 0, 0, 0
L -370, 570, 58, -370, 632, 57, 0, 0, 0
L -370, 632, 57, -370, 858, 93, 0, 0, 0
L -370, 858, 93, -362, 864, 93, 0, 0, 0
L -362, 864, 93, -353, 878, 92, 0, 0, 0
L -353, 878, 92, -369, 902, 92, 0, 0, 0
L -369, 902, 92, -364, 913, 92, 0, 0, 0
L -364, 913, 92, -372, 912, 92, 0, 0, 0
L -372, 912, 92, -373, 909, 92, 0, 0, 0
L -373, 909, 92, -389, 908, 92, 0, 0, 0
L -389, 908, 92, -391, 899, 92, 0, 0, 0
L -391, 899, 92, -478, 951, 94, 0, 0, 0
L -478, 951, 94, -480, 963, 94, 0, 0, 0
L -480, 963, 94, -475, 969, 94, 0, 0, 0
L -475, 969, 94, -472, 969, 94, 0, 0, 0
L -472, 969, 94, -458, 993, 94, 0, 0, 0
L -458, 993, 94, -479, 1052, 94, 0, 0, 0
L -479, 1052, 94, -486, 1081, 94, 0, 0, 0
L -486, 1081, 94, -488, 1082, 94, 0, 0, 0
L -488, 1082, 94, -499, 1073, 94, 0, 0, 0
L -499, 1073, 94, -561, 1109, 94, 0, 0, 0
L -561, 1109, 94, -556, 1120, 93, 0, 0, 0
L -556, 1120, 93, -562, 1125, 91, 0, 0, 0
L -562, 1125, 91, -653, 1102, 91, 0, 0, 0
L -653, 1102, 91, -660, 1091, 91, 0, 0, 0
L -660, 1091, 91, -648, 1085, 92, 0, 0, 0
L -648, 1085, 92, -682, 1021, 91, 0, 0, 0
L -682, 1021, 91, -691, 1025, 91, 0, 0, 0
L -691, 1025, 91, -693, 1023, 91, 0, 0, 0
L -693, 1023, 91, -697, 1026, 91, 0, 0, 0
L -697, 1026, 91, -699, 1025, 91, 0, 0, 0
L -699, 1025, 91, -701, 1023, 91, 0, 0, 0
L -701, 1023, 91, -703, 1020, 91, 0, 0, 0
L -703, 1020, 91, -678, 925, 91, 0, 0, 0
L -678, 925, 91, -670, 922, 91, 0, 0, 0
L -670, 922, 91, -663, 933, 91, 0, 0, 0
L -663, 933, 91, -598, 896, 92, 0, 0, 0
L -598, 896, 92, -604, 882, 92, 0, 0, 0
L -604, 882, 92, -596, 877, 92, 0, 0, 0
L -596, 877, 92, -502, 905, 92, 0, 0, 0
L -502, 905, 92, -493, 923, 91, 0, 0, 0
L -493, 923, 91, -504, 928, 92, 0, 0, 0
L -504, 928, 92, -497, 943, 92, 0, 0, 0
L -497, 943, 92, -403, 892, 93, 0, 0, 0
L -403, 892, 93, -392, 859, 93, 0, 0, 0
L -392, 859, 93, -384, 861, 93, 0, 0, 0
L -384, 861, 93, -383, 857, 95, 0, 0, 0
L -383, 857, 95, -382, 856, 95, 0, 0, 0
L -382, 856, 95, -381, 725, 90, 0, 0, 0
L -381, 725, 90, -382, 631, 57, 0, 0, 0
L -382, 631, 57, -382, 563, 57, 0, 0, 0
L -382, 563, 57, -351, 533, 58, 0, 0, 0
L -351, 533, 58, -242, 530, 53, 0, 0, 0
L 124, 442, -8, 132, 442, -9, 0, 0, 0
L 132, 442, -9, 153, 398, -7, 0, 0, 0
L 153, 398, -7, 180, 370, 10, 0, 0, 0
L 180, 370, 10, 205, 361, 20, 0, 0, 0
L 205, 361, 20, 231, 365, 34, 0, 0, 0
L 231, 365, 34, 250, 384, 39, 0, 0, 0
L 250, 384, 39, 267, 438, 38, 0, 0, 0
L 267, 438, 38, 267, 440, 39, 0, 0, 0
L 267, 440, 39, 249, 494, 19, 0, 0, 0
L 249, 494, 19, 210, 555, -5, 0, 0, 0
L 210, 555, -5, 203, 580, -6, 0, 0, 0
L 203, 580, -6, 207, 609, -10, 0, 0, 0
L 207, 609, -10, 226, 644, -10, 0, 0, 0
L 226, 644, -10, 227, 645, -10, 0, 0, 0
L 227, 645, -10, 236, 649, -10, 0, 0, 0
L 236, 649, -10, 248, 646, -11, 0, 0, 0
L 248, 646, -11, 263, 633, -11, 0, 0, 0
L 263, 633, -11, 321, 648, -11, 0, 0, 0
L 321, 648, -11, 322, 653, -11, 0, 0, 0
L 322, 653, -11, 335, 648, -11, 0, 0, 0
L 335, 648, -11, 344, 651, -11, 0, 0, 0
L 344, 651, -11, 345, 653, -10, 0, 0, 0
L 345, 653, -10, 420, 608, -8, 0, 0, 0
L 420, 608, -8, 506, 586, 35, 0, 0, 0
L 506, 586, 35, 546, 532, 36, 0, 0, 0
L 546, 532, 36, 562, 479, 29, 0, 0, 0
L 562, 479, 29, 587, 426, 10, 0, 0, 0
L 587, 426, 10, 606, 415, 6, 0, 0, 0
L 606, 415, 6, 629, 415, 6, 0, 0, 0
L 629, 415, 6, 630, 417, 6, 0, 0, 0
L 630, 417, 6, 623, 416, 7, 0, 0, 0
L 623, 416, 7, 623, 415, 6, 0, 0, 0
L 627, 420, 6, 596, 424, 7, 0, 0, 0
L 596, 424, 7, 572, 466, 20, 0, 0, 0
L 572, 466, 20, 560, 509, 35, 0, 0, 0
L 560, 509, 35, 536, 571, 37, 0, 0, 0
L 536, 571, 37, 507, 596, 36, 0, 0, 0
L 507, 596, 36, 420, 613, -8, 0, 0, 0
L 420, 613, -8, 348, 657, -10, 0, 0, 0
L 348, 657, -10, 342, 670, -10, 0, 0, 0
L 342, 670, -10, 338, 670, -10, 0, 0, 0
L 338, 670, -10, 334, 708, -12, 0, 0, 0
L 334, 708, -12, 311, 774, -12, 0, 0, 0
L 311, 774, -12, 310, 777, -6, 0, 0, 0
L 310, 777, -6, 296, 791, -8, 0, 0, 0
L 296, 791, -8, 267, 790, -14, 0, 0, 0
L 267, 790, -14, 256, 783, -13, 0, 0, 0
L 256, 783, -13, 254, 782, -12, 0, 0, 0
L 254, 782, -12, 252, 782, -4, 0, 0, 0
L 252, 782, -4, 245, 774, -6, 0, 0, 0
L 245, 774, -6, 243, 763, -10, 0, 0, 0
L 243, 763, -10, 236, 739, -11, 0, 0, 0
L 236, 739, -11, 236, 737, -12, 0, 0, 0
L 236, 737, -12, 241, 736, -12, 0, 0, 0
L 241, 736, -12, 237, 725, -12, 0, 0, 0
L 237, 725, -12, 232, 728, -12, 0, 0, 0
L 232, 728, -12, 205, 702, -12, 0, 0, 0
L 205, 702, -12, 205, 675, -12, 0, 0, 0
L 205, 675, -12, 213, 664, -12, 0, 0, 0
L 213, 664, -12, 214, 665, -12, 0, 0, 0
L 214, 665, -12, 221, 656, -12, 0, 0, 0
L 222, 657, -12, 224, 650, -12, 0, 0, 0
L 224, 650, -12, 223, 645, -10, 0, 0, 0
L 223, 645, -10, 200, 608, -10, 0, 0, 0
L 200, 608, -10, 203, 558, -7, 0, 0, 0
L 203, 558, -7, 259, 432, 37, 0, 0, 0
L 259, 432, 37, 254, 404, 38, 0, 0, 0
L 254, 404, 38, 223, 367, 34, 0, 0, 0
L 223, 367, 34, 190, 368, 16, 0, 0, 0
L 190, 368, 16, 147, 411, -6, 0, 0, 0
L 147, 411, -6, 136, 440, -8, 0, 0, 0
L 627, 414, 7, 632, 416, 7, 0, 0, 0
L 632, 416, 7, 633, 415, 7, 0, 0, 0
L 633, 415, 7, 634, 398, 7, 0, 0, 0
L 634, 398, 7, 630, 397, 7, 0, 0, 0
L 630, 397, 7, 630, 284, 6, 0, 0, 0
L 630, 284, 6, 677, 239, 6, 0, 0, 0
L 677, 239, 6, 741, 239, 6, 0, 0, 0
L 741, 239, 6, 787, 286, 6, 0, 0, 0
L 787, 286, 6, 786, 400, 6, 0, 0, 0
L 786, 400, 6, 787, 538, 7, 0, 0, 0
L 787, 538, 7, 739, 583, 7, 0, 0, 0
L 739, 583, 7, 679, 582, 6, 0, 0, 0
L 679, 582, 6, 677, 583, 6, 0, 0, 0
L 677, 583, 6, 676, 583, 6, 0, 0, 0
L 676, 583, 6, 628, 536, 6, 0, 0, 0
L 628, 536, 6, 630, 434, 6, 0, 0, 0
L 630, 434, 6, 634, 434, 6, 0, 0, 0
L 634, 434, 6, 632, 419, 6, 0, 0, 0
L 720, 432, 75, 720, 575, 76, 0, 127, 127
L 697, 576, 76, 695, 440, 76, 0, 127, 127
L 695, 440, 76, 678, 438, 78, 0, 127, 127
L 678, 438, 78, 667, 430, 78, 0, 127, 127
L 667, 430, 78, 658, 417, 78, 0, 127, 127
L 658, 417, 78, 660, 403, 78, 0, 127, 127
L 660, 403, 78, 667, 390, 78, 0, 127, 127
L 667, 390, 78, 681, 382, 78, 0, 127, 127
L 681, 382, 78, 696, 379, 78, 0, 127, 127
L 696, 379, 78, 696, 248, 117, 0, 127, 127
L 700, 239, 121, 702, 167, 121, 0, 0, 0
L 702, 167, 121, 731, 139, 121, 0, 0, 0
L 731, 139, 121, 869, 139, 122, 0, 0, 0
L 869, 139, 122, 886, 123, 121, 0, 0, 0
L 886, 123, 121, 885, -38, 121, 0, 0, 0
L 885, -38, 121, 884, -39, 121, 0, 0, 0
L 884, -39, 121, 882, -39, 121, 0, 0, 0
L 882, -39, 121, 866, -59, 121, 0, 0, 0
L 866, -59, 121, 881, -88, 121, 0, 0, 0
L 881, -88, 121, 887, -93, 121, 0, 0, 0
L 887, -93, 121, 886, -161, 122, 0, 0, 0
L 886, -161, 122, 865, -181, 121, 0, 0, 0
L 865, -181, 121, 793, -181, 121, 0, 0, 0
L 793, -181, 121, 793, -152, 121, 0, 0, 0
L 793, -152, 121, 801, -151, 121, 0, 0, 0
L 801, -151, 121, 800, -141, 121, 0, 0, 0
L 800, -141, 121, 776, -141, 122, 0, 0, 0
L 776, -141, 122, 776, -145, 121, 0, 0, 0
L 776, -145, 121, 744, -144, 121, 0, 0, 0
L 744, -144, 121, 715, -143, 122, 0, 0, 0
L 715, -143, 122, 714, -154, 121, 0, 0, 0
L 714, -154, 121, 724, -155, 121, 0, 0, 0
L 724, -155, 121, 723, -178, 122, 0, 0, 0
L 723, -178, 122, 673, -179, 121, 0, 0, 0
L 673, -179, 121, 672, -70, 122, 0, 0, 0
L 672, -70, 122, 644, -42, 121, 0, 0, 0
L 644, -42, 121, 508, -40, 122, 0, 0, 0
L 508, -40, 122, 486, -20, 121, 0, 0, 0
L 486, -20, 121, 487, 88, 115, 0, 0, 0
L 487, 88, 115, 484, 180, 90, 0, 0, 0
L 484, 180, 90, 520, 185, 86, 0, 0, 0
L 520, 185, 86, 521, 264, 84, 0, 0, 0
L 521, 264, 84, 507, 263, 83, 0, 0, 0
L 507, 263, 83, 506, 256, 84, 0, 0, 0
L 506, 256, 84, 487, 257, 84, 0, 0, 0
L 487, 257, 84, 486, 366, 84, 0, 0, 0
L 486, 366, 84, 508, 364, 84, 0, 0, 0
L 508, 364, 84, 508, 398, 86, 0, 0, 0
L 508, 398, 86, 489, 398, 86, 0, 0, 0
L 489, 398, 86, 489, 404, 86, 0, 0, 0
L 489, 404, 86, 468, 403, 86, 0, 0, 0
L 468, 403, 86, 467, 398, 85, 0, 0, 0
L 467, 398, 85, 449, 400, 86, 0, 0, 0
L 449, 400, 86, 451, 364, 86, 0, 0, 0
L 451, 364, 86, 456, 363, 85, 0, 0, 0
L 456, 363, 85, 457, 366, 85, 0, 0, 0
L 457, 366, 85, 465, 365, 85, 0, 0, 0
L 465, 365, 85, 465, 363, 85, 0, 0, 0
L 465, 363, 85, 476, 362, 84, 0, 0, 0
L 476, 362, 84, 476, 256, 84, 0, 0, 0
L 476, 256, 84, 446, 255, 84, 0, 0, 0
L 446, 255, 84, 447, 228, 84, 0, 0, 0
L 447, 228, 84, 338, 228, 85, 0, 0, 0
L 338, 228, 85, 337, 249, 85, 0, 0, 0
L 337, 249, 85, 303, 249, 86, 0, 0, 0
L 303, 249, 86, 302, 232, 87, 0, 0, 0
L 302, 232, 87, 299, 233, 87, 0, 0, 0
L 299, 233, 87, 298, 217, 86, 0, 0, 0
L 298, 217, 86, 302, 216, 87, 0, 0, 0
L 302, 216, 87, 302, 195, 87, 0, 0, 0
L 302, 195, 87, 337, 194, 86, 0, 0, 0
L 337, 194, 86, 337, 213, 86, 0, 0, 0
L 337, 213, 86, 445, 215, 86, 0, 0, 0
L 445, 215, 86, 445, 182, 86, 0, 0, 0
L 445, 182, 86, 474, 182, 86, 0, 0, 0
L 523, 219, 82, 566, 220, 84, 0, 0, 0
L 566, 220, 84, 587, 201, 85, 0, 0, 0
L 587, 201, 85, 588, 172, 93, 0, 0, 0
L 588, 172, 93, 587, 169, 96, 0, 0, 0
L 587, 169, 96, 577, 139, 105, 0, 0, 0
L 577, 139, 105, 588, 91, 136, 0, 0, 0
L 588, 91, 136, 604, 74, 150, 0, 0, 0
L 604, 74, 150, 625, 61, 151, 0, 0, 0
L 625, 61, 151, 664, 59, 151, 0, 0, 0
L 664, 59, 151, 687, 36, 153, 0, 0, 0
L 687, 36, 153, 702, 30, 152, 0, 0, 0
L 702, 30, 152, 716, 30, 149, 0, 0, 0
L 716, 30, 149, 743, 53, 152, 0, 0, 0
L 743, 53, 152, 749, 58, 155, 0, 0, 0
L 749, 58, 155, 750, 60, 154, 0, 0, 0
L 750, 60, 154, 795, 61, 154, 0, 0, 0
L 795, 61, 154, 840, 92, 154, 0, 0, 0
L 840, 92, 154, 858, 121, 157, 0, 0, 0
L 858, 121, 157, 893, 138, 151, 0, 0, 0
L 893, 138, 151, 921, 140, 147, 0, 0, 0
L 921, 140, 147, 973, 111, 127, 0, 0, 0
L 973, 111, 127, 983, 51, 119, 0, 0, 0
L 983, 51, 119, 943, 51, 120, 0, 0, 0
L 943, 51, 120, 944, 40, 120, 0, 0, 0
L 944, 40, 120, 947, 39, 120, 0, 0, 0
L 947, 39, 120, 947, 17, 120, 0, 0, 0
L 947, 17, 120, 942, 18, 120, 0, 0, 0
L 942, 18, 120, 941, 17, 120, 0, 0, 0
L 941, 17, 120, 901, 18, 120, 0, 0, 0
L 901, 18, 120, 900, 130, 120, 0, 0, 0
L 900, 130, 120, 870, 154, 120, 0, 0, 0
L 870, 154, 120, 737, 154, 120, 0, 0, 0
L 737, 154, 120, 714, 180, 121, 0, 0, 0
L 714, 180, 121, 715, 241, 121, 0, 0, 0
L 719, 249, 117, 718, 577, 78, 0, 127, 127
L 717, 585, 80, 716, 656, 80, 0, 0, 0
L 716, 656, 80, 685, 683, 80, 0, 0, 0
L 685, 683, 80, 546, 682, 80, 0, 0, 0
L 546, 682, 80, 529, 701, 80, 0, 0, 0
L 529, 701, 80, 532, 734, 80, 0, 0, 0
L 532, 734, 80, 552, 749, 80, 0, 0, 0
L 552, 749, 80, 623, 749, 80, 0, 0, 0
L 623, 749, 80, 624, 729, 80, 0, 0, 0
L 624, 729, 80, 622, 727, 80, 0, 0, 0
L 622, 727, 80, 622, 716, 80, 0, 0, 0
L 622, 716, 80, 697, 715, 80, 0, 0, 0
L 697, 715, 80, 697, 750, 80, 0, 0, 0
L 697, 750, 80, 797, 749, 80, 0, 0, 0
L 797, 749, 80, 820, 732, 80, 0, 0, 0
L 820, 732, 80, 842, 748, 80, 0, 0, 0
L 842, 748, 80, 845, 749, 80, 0, 0, 0
L 845, 749, 80, 847, 762, 80, 0, 0, 0
L 847, 762, 80, 849, 763, 80, 0, 0, 0
L 849, 763, 80, 845, 771, 80, 0, 0, 0
L 845, 771, 80, 843, 771, 80, 0, 0, 0
L 843, 771, 80, 889, 856, 79, 0, 0, 0
L 889, 856, 79, 889, 860, 80, 0, 0, 0
L 889, 860, 80, 895, 860, 79, 0, 0, 0
L 895, 860, 79, 896, 862, 80, 0, 0, 0
L 896, 862, 80, 912, 854, 80, 0, 0, 0
L 912, 854, 80, 912, 843, 79, 0, 0, 0
L 912, 843, 79, 1024, 868, 79, 0, 0, 0
L 1024, 868, 79, 1026, 869, 79, 0, 0, 0
L 1026, 869, 79, 1014, 883, 78, 0, 0, 0
L 1014, 883, 78, 1048, 941, 79, 0, 0, 0
L 1048, 941, 79, 1064, 934, 78, 0, 0, 0
L 1064, 934, 78, 1069, 944, 78, 0, 0, 0
L 1069, 944, 78, 1039, 1036, 78, 0, 0, 0
L 1039, 1036, 78, 1032, 1040, 79, 0, 0, 0
L 1032, 1040, 79, 1026, 1029, 79, 0, 0, 0
L 1026, 1029, 79, 964, 1062, 79, 0, 0, 0
L 964, 1062, 79, 968, 1072, 78, 0, 0, 0
L 968, 1072, 78, 968, 1077, 78, 0, 0, 0
L 968, 1077, 78, 955, 1083, 78, 0, 0, 0
L 955, 1083, 78, 866, 1056, 77, 0, 0, 0
L 866, 1056, 77, 863, 1050, 77, 0, 0, 0
L 863, 1050, 77, 876, 1042, 77, 0, 0, 0
L 876, 1042, 77, 836, 972, 77, 0, 0, 0
L 836, 972, 77, 822, 980, 78, 0, 0, 0
L 822, 980, 78, 820, 976, 78, 0, 0, 0
L 820, 976, 78, 846, 885, 78, 0, 0, 0
L 846, 885, 78, 864, 877, 78, 0, 0, 0
L 864, 877, 78, 867, 883, 78, 0, 0, 0
L 867, 883, 78, 880, 873, 78, 0, 0, 0
L 880, 873, 78, 880, 865, 79, 0, 0, 0
L 880, 865, 79, 832, 780, 78, 0, 0, 0
L 832, 780, 78, 821, 784, 78, 0, 0, 0
L 821, 784, 78, 803, 773, 77, 0, 0, 0
L 803, 773, 77, 802, 760, 78, 0, 0, 0
L 802, 760, 78, 698, 761, 77, 0, 0, 0
L 698, 761, 77, 698, 786, 78, 0, 0, 0
L 698, 786, 78, 705, 786, 79, 0, 0, 0
L 705, 786, 79, 705, 797, 79, 0, 0, 0
L 705, 797, 79, 685, 797, 79, 0, 0, 0
L 685, 797, 79, 685, 788, 79, 0, 0, 0
L 685, 788, 79, 667, 788, 79, 0, 0, 0
L 667, 788, 79, 666, 903, 78, 0, 0, 0
L 666, 903, 78, 698, 901, 79, 0, 0, 0
L 698, 901, 79, 699, 902, 78, 0, 0, 0
L 699, 902, 78, 699, 973, 79, 0, 0, 0
L 699, 973, 79, 666, 970, 78, 0, 0, 0
L 666, 970, 78, 667, 1066, 72, 0, 0, 0
L 652, 1067, 76, 654, 971, 78, 0, 0, 0
L 654, 971, 78, 624, 974, 79, 0, 0, 0
L 624, 974, 79, 622, 957, 80, 0, 0, 0
L 622, 957, 80, 621, 956, 79, 0, 0, 0
L 621, 956, 79, 622, 895, 79, 0, 0, 0
L 622, 895, 79, 632, 896, 78, 0, 0, 0
L 632, 896, 78, 632, 901, 79, 0, 0, 0
L 632, 901, 79, 649, 902, 79, 0, 0, 0
L 649, 902, 79, 651, 894, 79, 0, 0, 0
L 651, 894, 79, 653, 892, 78, 0, 0, 0
L 653, 892, 78, 653, 790, 79, 0, 0, 0
L 653, 790, 79, 627, 789, 79, 0, 0, 0
L 627, 789, 79, 624, 773, 79, 0, 0, 0
L 624, 773, 79, 622, 772, 80, 0, 0, 0
L 622, 772, 80, 622, 766, 79, 0, 0, 0
L 622, 766, 79, 621, 765, 80, 0, 0, 0
L 621, 765, 80, 621, 763, 80, 0, 0, 0
L 621, 763, 80, 542, 763, 79, 0, 0, 0
L 542, 763, 79, 514, 731, 80, 0, 0, 0
L 514, 731, 80, 515, 695, 79, 0, 0, 0
L 515, 695, 79, 544, 665, 79, 0, 0, 0
L 544, 665, 79, 684, 666, 79, 0, 0, 0
L 684, 666, 79, 702, 647, 79, 0, 0, 0
L 702, 647, 79, 702, 580, 80, 0, 0, 0
L 901, 0, 119, 950, 2, 122, 0, 0, 0
L 950, 2, 122, 949, -13, 121, 0, 0, 0
L 949, -13, 121, 944, -15, 122, 0, 0, 0
L 944, -15, 122, 944, -23, 122, 0, 0, 0
L 944, -23, 122, 1023, -27, 122, 0, 0, 0
L 1023, -27, 122, 1025, -25, 121, 0, 0, 0
L 1025, -25, 121, 1021, 54, 120, 0, 0, 0
L 1021, 54, 120, 1000, 53, 120, 0, 0, 0
L 1000, 53, 120, 999, 49, 121, 0, 0, 0
L 999, 49, 121, 985, 49, 120, 0, 0, 0
L 985, 49, 120, 986, 94, 119, 0, 0, 0
L 986, 94, 119, 972, 122, 123, 0, 0, 0
L 972, 122, 123, 952, 141, 135, 0, 0, 0
L 952, 141, 135, 939, 144, 142, 0, 0, 0
L 939, 144, 142, 888, 144, 149, 0, 0, 0
L 888, 144, 149, 855, 128, 154, 0, 0, 0
L 855, 128, 154, 835, 94, 154, 0, 0, 0
L 835, 94, 154, 803, 69, 152, 0, 0, 0
L 803, 69, 152, 790, 64, 152, 0, 0, 0
L 790, 64, 152, 745, 64, 152, 0, 0, 0
L 745, 64, 152, 733, 82, 154, 0, 0, 0
L 733, 82, 154, 731, 83, 155, 0, 0, 0
L 731, 83, 155, 687, 82, 154, 0, 0, 0
L 687, 82, 154, 670, 72, 153, 0, 0, 0
L 670, 72, 153, 658, 62, 153, 0, 0, 0
L 658, 62, 153, 620, 73, 152, 0, 0, 0
L 620, 73, 152, 590, 98, 139, 0, 0, 0
L 590, 98, 139, 583, 112, 126, 0, 0, 0
L 583, 112, 126, 596, 183, 93, 0, 0, 0
L 596, 183, 93, 591, 208, 87, 0, 0, 0
L 591, 208, 87, 578, 222, 85, 0, 0, 0
L 578, 222, 85, 565, 227, 84, 0, 0, 0
L 565, 227, 84, 524, 222, 83, 0, 0, 0
L 524, 222, 83, 520, 223, 83, 0, 0, 0
L 519, 219, 83, 523, 219, 83, 0, 0, 0
L 474, 185, 82, 473, 156, 83, 0, 0, 0
L 473, 156, 83, 475, 78, 116, 0, 0, 0
L 475, 78, 116, 477, -27, 119, 0, 0, 0
L 477, -27, 119, 502, -54, 119, 0, 0, 0
L 502, -54, 119, 639, -56, 120, 0, 0, 0
L 639, -56, 120, 660, -81, 121, 0, 0, 0
L 660, -81, 121, 659, -179, 121, 0, 0, 0
L 659, -179, 121, 582, -181, 121, 0, 0, 0
L 582, -181, 121, 532, -180, 148, 0, 0, 0
L 532, -180, 148, 451, -182, 155, 0, 0, 0
L 451, -182, 155, 451, -147, 156, 0, 0, 0
L 451, -147, 156, 436, -147, 159, 0, 0, 0
L 436, -147, 159, 439, -270, 158, 0, 0, 0
L 439, -270, 158, 393, -271, 159, 0, 0, 0
L 393, -271, 159, 390, -251, 158, 0, 0, 0
L 390, -251, 158, 379, -252, 158, 0, 0, 0
L 379, -252, 158, 378, -246, 158, 0, 0, 0
L 378, -246, 158, 362, -247, 158, 0, 0, 0
L 362, -247, 158, 361, -228, 158, 0, 0, 0
L 361, -228, 158, 360, -195, 159, 0, 0, 0
L 360, -195, 159, 361, -69, 125, 0, 0, 0
L 361, -69, 125, 361, -27, 122, 0, 0, 0
L 361, -27, 122, 361, -20, 125, 0, 0, 0
L 361, -20, 125, 334, 5, 125, 0, 0, 0
L 334, 5, 125, 160, 3, 125, 0, 0, 0
L 160, 3, 125, 163, 35, 126, 0, 0, 0
L 163, 35, 126, 88, 36, 125, 0, 0, 0
L 88, 36, 125, 87, 23, 125, 0, 0, 0
L 87, 23, 125, 91, 22, 125, 0, 0, 0
L 91, 22, 125, 89, 4, 125, 0, 0, 0
L 89, 4, 125, 45, 3, 122, 0, 0, 0
L 45, 3, 122, -56, 0, 93, 0, 0, 0
L -56, 0, 93, -57, 22, 93, 0, 0, 0
L -57, 22, 93, -51, 21, 93, 0, 0, 0
L -51, 21, 93, -51, 31, 93, 0, 0, 0
L -51, 31, 93, -86, 32, 93, 0, 0, 0
L -86, 32, 93, -86, 37, 93, 0, 0, 0
L -86, 37, 93, -88, 36, 93, 0, 0, 0
L -88, 36, 93, -90, 76, 86, 0, 0, 0
L -90, 76, 86, -89, 173, 55, 0, 0, 0
L -89, 173, 55, -89, 178, 55, 0, 0, 0
L 125, -44, 123, 127, -44, 123, 0, 0, 0
L 127, -44, 123, 123, -80, 122, 0, 0, 0
L 123, -80, 122, 132, -100, 118, 0, 0, 0
L 132, -100, 118, 130, -124, 114, 0, 0, 0
L 130, -124, 114, 115, -142, 114, 0, 0, 0
L 115, -142, 114, 86, -150, 114, 0, 0, 0
L 86, -150, 114, 55, -150, 113, 0, 0, 0
L 55, -150, 113, 47, -147, 113, 0, 0, 0
L 47, -147, 113, 51, -145, 113, 0, 0, 0
L 51, -145, 113, 46, -135, 115, 0, 0, 0
L 46, -135, 115, 44, -132, 117, 0, 0, 0
L 44, -132, 117, -2, -133, 117, 0, 0, 0
L -2, -133, 117, -20, -143, 115, 0, 0, 0
L -20, -143, 115, -28, -152, 114, 0, 0, 0
L -28, -152, 114, -43, -152, 115, 0, 0, 0
L -43, -152, 115, -72, -166, 114, 0, 0, 0
L -72, -166, 114, -81, -179, 115, 0, 0, 0
L -81, -179, 115, -91, -198, 125, 0, 0, 0
L -91, -198, 125, -109, -207, 134, 0, 0, 0
L -109, -207, 134, -137, -209, 141, 0, 0, 0
L -137, -209, 141, -156, -235, 156, 0, 0, 0
L -156, -235, 156, -151, -283, 161, 0, 0, 0
L -146, -283, 161, -148, -236, 157, 0, 0, 0
L -148, -236, 157, -128, -220, 147, 0, 0, 0
L -128, -220, 147, -98, -210, 134, 0, 0, 0
L -98, -210, 134, -82, -197, 125, 0, 0, 0
L -82, -197, 125, -73, -177, 117, 0, 0, 0
L -73, -177, 117, -56, -165, 115, 0, 0, 0
L -56, -165, 115, -25, -155, 115, 0, 0, 0
L -25, -155, 115, -7, -176, 116, 0, 0, 0
L -7, -176, 116, 7, -183, 116, 0, 0, 0
L 7, -183, 116, 27, -184, 110, 0, 0, 0
L 27, -184, 110, 32, -179, 111, 0, 0, 0
L 32, -179, 111, 38, -171, 110, 0, 0, 0
L 38, -171, 110, 35, -169, 110, 0, 0, 0
L 35, -169, 110, 41, -159, 110, 0, 0, 0
L 41, -159, 110, 60, -156, 111, 0, 0, 0
L 60, -156, 111, 68, -156, 114, 0, 0, 0
L 68, -156, 114, 91, -156, 114, 0, 0, 0
L 91, -156, 114, 122, -146, 115, 0, 0, 0
L 122, -146, 115, 143, -121, 116, 0, 0, 0
L 143, -121, 116, 141, -97, 120, 0, 0, 0
L 141, -97, 120, 137, -88, 120, 0, 0, 0
L 137, -88, 120, 130, -72, 124, 0, 0, 0
L 130, -72, 124, 129, -43, 122, 0, 0, 0
L 250, -494, 131, 249, -503, 131, 0, 0, 0
L 249, -503, 131, 227, -503, 130, 0, 0, 0
L 227, -503, 130, 225, -452, 130, 0, 0, 0
L 225, -452, 130, 226, -299, 161, 0, 0, 0
L 226, -299, 161, 248, -278, 161, 0, 0, 0
L 248, -278, 161, 323, -279, 161, 0, 0, 0
L 323, -279, 161, 321, -303, 160, 0, 0, 0
L 321, -303, 160, 323, -305, 160, 0, 0, 0
L 323, -305, 160, 382, -310, 160, 0, 0, 0
L 382, -310, 160, 384, -285, 160, 0, 0, 0
L 384, -285, 160, 441, -287, 160, 0, 0, 0
L 441, -287, 160, 442, -288, 160, 0, 0, 0
L 442, -288, 160, 439, -317, 160, 0, 0, 0
L 439, -317, 160, 453, -316, 160, 0, 0, 0
L 453, -316, 160, 451, -192, 159, 0, 0, 0
L 451, -192, 159, 522, -192, 154, 0, 0, 0
L 522, -192, 154, 603, -190, 128, 0, 0, 0
L 603, -190, 128, 721, -190, 127, 0, 0, 0
L 721, -190, 127, 722, -216, 127, 0, 0, 0
L 722, -216, 127, 751, -217, 125, 0, 0, 0
L 751, -217, 125, 753, -264, 125, 0, 0, 0
L 753, -264, 125, 753, -306, 142, 0, 0, 0
L 753, -306, 142, 753, -361, 155, 0, 0, 0
L 753, -361, 155, 748, -365, 156, 0, 0, 0
L 748, -365, 156, 749, -367, 156, 0, 0, 0
L 749, -367, 156, 734, -368, 155, 0, 0, 0
L 734, -368, 155, 734, -365, 156, 0, 0, 0
L 734, -365, 156, 719, -370, 155, 0, 0, 0
L 719, -370, 155, 677, -410, 155, 0, 0, 0
L 677, -410, 155, 662, -417, 155, 0, 0, 0
L 662, -417, 155, 652, -416, 155, 0, 0, 0
L 652, -416, 155, 606, -361, 156, 0, 0, 0
L 606, -361, 156, 532, -360, 146, 0, 0, 0
L 532, -360, 146, 484, -413, 135, 0, 0, 0
L 484, -413, 135, 487, -485, 136, 0, 0, 0
L 487, -485, 136, 536, -531, 143, 0, 0, 0
L 536, -531, 143, 606, -531, 148, 0, 0, 0
L 606, -531, 148, 662, -476, 154, 0, 0, 0
L 662, -476, 154, 693, -473, 155, 0, 0, 0
L 693, -473, 155, 732, -518, 155, 0, 0, 0
L 732, -518, 155, 729, -548, 155, 0, 0, 0
L 729, -548, 155, 669, -604, 155, 0, 0, 0
L 669, -604, 155, 605, -549, 155, 0, 0, 0
L 605, -549, 155, 537, -549, 154, 0, 0, 0
L 537, -549, 154, 483, -607, 147, 0, 0, 0
L 483, -607, 147, 489, -675, 143, 0, 0, 0
L 489, -675, 143, 521, -708, 139, 0, 0, 0
L 521, -708, 139, 537, -723, 143, 0, 0, 0
L 537, -723, 143, 577, -722, 143, 0, 0, 0
L 577, -722, 143, 607, -720, 149, 0, 0, 0
L 607, -720, 149, 661, -667, 154, 0, 0, 0
L 661, -667, 154, 694, -663, 154, 0, 0, 0
L 694, -663, 154, 743, -719, 157, 0, 0, 0
L 743, -719, 157, 791, -719, 156, 0, 0, 0
L 791, -719, 156, 788, -706, 157, 0, 0, 0
L 788, -706, 157, 838, -661, 157, 0, 0, 0
L 838, -661, 157, 843, -667, 157, 0, 0, 0
L 843, -667, 157, 848, -667, 157, 0, 0, 0
L 848, -667, 157, 846, -603, 157, 0, 0, 0
L 846, -603, 157, 837, -610, 157, 0, 0, 0
L 837, -610, 157, 788, -561, 157, 0, 0, 0
L 788, -561, 157, 793, -545, 157, 0, 0, 0
L 793, -545, 157, 791, -520, 156, 0, 0, 0
L 791, -520, 156, 785, -516, 155, 0, 0, 0
L 785, -516, 155, 785, -514, 156, 0, 0, 0
L 785, -514, 156, 840, -464, 156, 0, 0, 0
L 840, -464, 156, 840, -452, 156, 0, 0, 0
L 840, -452, 156, 898, -451, 152, 0, 0, 0
L 898, -451, 152, 952, -450, 132, 0, 0, 0
L 952, -450, 132, 1043, -452, 129, 0, 0, 0
L 1043, -452, 129, 1060, -471, 126, 0, 0, 0
L 1060, -471, 126, 1062, -542, 125, 0, 0, 0
L 1062, -542, 125, 1052, -549, 125, 0, 0, 0
L 1052, -549, 125, 1040, -565, 125, 0, 0, 0
L 1040, -565, 125, 1045, -570, 125, 0, 0, 0
L 1045, -570, 125, 1045, -572, 125, 0, 0, 0
L 1045, -572, 125, 959, -623, 124, 0, 0, 0
L 959, -623, 124, 959, -621, 124, 0, 0, 0
L 959, -621, 124, 957, -620, 124, 0, 0, 0
L 957, -620, 124, 931, -617, 124, 0, 0, 0
L 931, -617, 124, 933, -628, 124, 0, 0, 0
L 933, -628, 124, 920, -646, 124, 0, 0, 0
L 920, -646, 124, 915, -646, 124, 0, 0, 0
L 915, -646, 124, 928, -668, 124, 0, 0, 0
L 928, -668, 124, 935, -668, 124, 0, 0, 0
L 935, -668, 124, 934, -711, 124, 0, 0, 0
L 934, -711, 124, 823, -710, 124, 0, 0, 0
L 823, -710, 124, 798, -737, 124, 0, 0, 0
L 798, -737, 124, 799, -810, 124, 0, 0, 0
L 799, -810, 124, 802, -815, 124, 0, 0, 0
L 802, -815, 124, 793, -817, 124, 0, 0, 0
L 793, -817, 124, 793, -819, 124, 0, 0, 0
L 793, -819, 124, 782, -818, 123, 0, 0, 0
L 782, -818, 123, 782, -814, 123, 0, 0, 0
L 782, -814, 123, 771, -814, 123, 0, 0, 0
L 771, -814, 123, 770, -844, 121, 0, 0, 0
L 770, -844, 121, 764, -852, 120, 0, 0, 0
L 764, -852, 120, 733, -851, 110, 0, 0, 0
L 733, -851, 110, 723, -856, 106, 0, 0, 0
L 723, -856, 106, 720, -886, 105, 0, 0, 0
L 720, -886, 105, 709, -898, 106, 0, 0, 0
L 709, -898, 106, 693, -900, 108, 0, 0, 0
L 693, -900, 108, 686, -896, 107, 0, 0, 0
L 686, -896, 107, 688, -892, 109, 0, 0, 0
L 688, -892, 109, 690, -889, 112, 0, 0, 0
L 690, -889, 112, 660, -873, 113, 0, 0, 0
L 660, -873, 113, 656, -874, 113, 0, 0, 0
L 656, -874, 113, 658, -881, 112, 0, 0, 0
L 658, -881, 112, 651, -883, 111, 0, 0, 0
L 651, -883, 111, 647, -876, 112, 0, 0, 0
L 647, -876, 112, 618, -889, 109, 0, 0, 0
L 618, -889, 109, 606, -901, 110, 0, 0, 0
L 606, -901, 110, 548, -902, 100, 0, 0, 0
L 548, -902, 100, 528, -926, 91, 0, 0, 0
L 528, -926, 91, 545, -1000, 87, 0, 0, 0
L 545, -1000, 87, 542, -1005, 87, 0, 0, 0
L 542, -1005, 87, 513, -1007, 87, 0, 0, 0
L 513, -1007, 87, 512, -1014, 87, 0, 0, 0
L 512, -1014, 87, 510, -1033, 89, 0, 0, 0
L 510, -1033, 89, 508, -1036, 89, 0, 0, 0
L 508, -1036, 89, 401, -1036, 89, 0, 0, 0
L 401, -1036, 89, 400, -1011, 88, 0, 0, 0
L 400, -1011, 88, 402, -1011, 89, 0, 0, 0
L 402, -1011, 89, 397, -1012, 88, 0, 0, 0
L 397, -1012, 88, 396, -1011, 89, 0, 0, 0
L 396, -1011, 89, 370, -1012, 88, 0, 0, 0
L 370, -1012, 88, 370, -988, 88, 0, 0, 0
L 370, -988, 88, 212, -990, 86, 0, 0, 0
L 212, -990, 86, 212, -1020, 86, 0, 0, 0
L 212, -1020, 86, 186, -1017, 86, 0, 0, 0
L 186, -1017, 86, 182, -990, 86, 0, 0, 0
L 182, -990, 86, 154, -988, 86, 0, 0, 0
L 154, -988, 86, 125, -961, 86, 0, 0, 0
L 125, -961, 86, 124, -943, 86, 0, 0, 0
L 124, -943, 86, 117, -943, 86, 0, 0, 0
L 117, -943, 86, 116, -920, 86, 0, 0, 0
L 116, -920, 86, 195, -921, 87, 0, 0, 0
L 195, -921, 87, 227, -893, 87, 0, 0, 0
L 227, -893, 87, 228, -892, 88, 0, 0, 0
L 228, -892, 88, 226, -773, 95, 0, 0, 0
L 226, -773, 95, 225, -732, 118, 0, 0, 0
L 225, -732, 118, 225, -692, 124, 0, 0, 0
L 214, -693, 124, 215, -739, 119, 0, 0, 0
L 215, -739, 119, 216, -814, 92, 0, 0, 0
L 216, -814, 92, 215, -884, 87, 0, 0, 0
L 215, -884, 87, 193, -907, 88, 0, 0, 0
L 193, -907, 88, 120, -909, 88, 0, 0, 0
L 120, -909, 88, 120, -866, 88, 0, 0, 0
L 120, -866, 88, 41, -865, 88, 0, 0, 0
L 41, -865, 88, 42, -888, 89, 0, 0, 0
L 42, -888, 89, 45, -889, 88, 0, 0, 0
L 45, -889, 88, 48, -909, 88, 0, 0, 0
L 48, -909, 88, -32, -906, 88, 0, 0, 0
L -32, -906, 88, -49, -887, 88, 0, 0, 0
L -49, -887, 88, -51, -822, 88, 0, 0, 0
L -51, -822, 88, -51, -693, 124, 0, 0, 0
L -64, -694, 126, -63, -728, 123, 0, 0, 0
L -63, -728, 123, -62, -771, 103, 0, 0, 0
L -62, -771, 103, -60, -895, 95, 0, 0, 0
L -60, -895, 95, -36, -921, 94, 0, 0, 0
L -36, -921, 94, 44, -922, 93, 0, 0, 0
L 44, -922, 93, 43, -942, 93, 0, 0, 0
L 43, -942, 93, 36, -943, 93, 0, 0, 0
L 36, -943, 93, 37, -970, 92, 0, 0, 0
L 37, -970, 92, 15, -988, 92, 0, 0, 0
L 15, -988, 92, -21, -988, 93, 0, 0, 0
L -21, -988, 93, -22, -989, 92, 0, 0, 0
L -22, -989, 92, -23, -1014, 92, 0, 0, 0
L -23, -1014, 92, -58, -1010, 92, 0, 0, 0
L -58, -1010, 92, -56, -990, 93, 0, 0, 0
L -56, -990, 93, -211, -988, 93, 0, 0, 0
L -211, -988, 93, -213, -989, 92, 0, 0, 0
L -213, -989, 92, -213, -1011, 86, 0, 0, 0
L -213, -1011, 86, -247, -1014, 86, 0, 0, 0
L -247, -1014, 86, -246, -1190, 86, 0, 0, 0
L -246, -1190, 86, -239, -1190, 87, 0, 0, 0
L -239, -1190, 87, -241, -1161, 86, 0, 0, 0
L -241, -1161, 86, -211, -1160, 86, 0, 0, 0
L -211, -1160, 86, -209, -1189, 86, 0, 0, 0
L -209, -1189, 86, -173, -1187, 86, 0, 0, 0
L -173, -1187, 86, -162, -1166, 86, 0, 0, 0
L -162, -1166, 86, -139, -1157, 86, 0, 0, 0
L -139, -1157, 86, -109, -1168, 87, 0, 0, 0
L -109, -1168, 87, -103, -1189, 87, 0, 0, 0
L -103, -1189, 87, -49, -1190, 86, 0, 0, 0
L -49, -1190, 86, -49, -1164, 86, 0, 0, 0
L -49, -1164, 86, -15, -1164, 86, 0, 0, 0
L -15, -1164, 86, -4, -1187, 86, 0, 0, 0
L -4, -1187, 86, 51, -1187, 86, 0, 0, 0
L 51, -1187, 86, 60, -1164, 86, 0, 0, 0
L 60, -1164, 86, 83, -1159, 86, 0, 0, 0
L 83, -1159, 86, 115, -1170, 86, 0, 0, 0
L 115, -1170, 86, 115, -1182, 86, 0, 0, 0
L 115, -1182, 86, 118, -1190, 86, 0, 0, 0
L 118, -1190, 86, 186, -1188, 86, 0, 0, 0
L 186, -1188, 86, 186, -1159, 86, 0, 0, 0
L 186, -1159, 86, 213, -1160, 86, 0, 0, 0
L 213, -1160, 86, 213, -1186, 86, 0, 0, 0
L 213, -1186, 86, 268, -1186, 86, 0, 0, 0
L 268, -1186, 86, 278, -1165, 86, 0, 0, 0
L 278, -1165, 86, 303, -1158, 86, 0, 0, 0
L 303, -1158, 86, 333, -1171, 86, 0, 0, 0
L 333, -1171, 86, 333, -1183, 86, 0, 0, 0
L 333, -1183, 86, 336, -1189, 86, 0, 0, 0
L 336, -1189, 86, 376, -1189, 86, 0, 0, 0
L 376, -1189, 86, 379, -1161, 86, 0, 0, 0
L 379, -1161, 86, 380, -1160, 86, 0, 0, 0
L 380, -1160, 86, 402, -1161, 86, 0, 0, 0
L 402, -1161, 86, 402, -1140, 86, 0, 0, 0
L 402, -1140, 86, 509, -1138, 87, 0, 0, 0
L 509, -1138, 87, 512, -1163, 87, 0, 0, 0
L 512, -1163, 87, 521, -1163, 88, 0, 0, 0
L 521, -1163, 88, 521, -1161, 89, 0, 0, 0
L 521, -1161, 89, 543, -1161, 89, 0, 0, 0
L 543, -1161, 89, 545, -1161, 90, 0, 0, 0
L 545, -1161, 90, 545, -1142, 91, 0, 0, 0
L 545, -1142, 91, 549, -1142, 90, 0, 0, 0
L 549, -1142, 90, 549, -1128, 90, 0, 0, 0
L 549, -1128, 90, 543, -1128, 91, 0, 0, 0
L 543, -1128, 91, 542, -1106, 90, 0, 0, 0
L 542, -1106, 90, 511, -1106, 91, 0, 0, 0
L 511, -1106, 91, 511, -1129, 91, 0, 0, 0
L 511, -1129, 91, 400, -1130, 91, 0, 0, 0
L 400, -1130, 91, 401, -1106, 91, 0, 0, 0
L 401, -1106, 91, 412, -1106, 91, 0, 0, 0
L 412, -1106, 91, 411, -1068, 91, 0, 0, 0
L 411, -1068, 91, 400, -1065, 91, 0, 0, 0
L 400, -1065, 91, 400, -1047, 91, 0, 0, 0
L 400, -1047, 91, 512, -1046, 91, 0, 0, 0
L 512, -1046, 91, 511, -1066, 91, 0, 0, 0
L 511, -1066, 91, 506, -1067, 91, 0, 0, 0
L 506, -1067, 91, 506, -1082, 91, 0, 0, 0
L 506, -1082, 91, 584, -1086, 91, 0, 0, 0
L 584, -1086, 91, 586, -1085, 91, 0, 0, 0
L 586, -1085, 91, 586, -1007, 89, 0, 0, 0
L 586, -1007, 89, 550, -1008, 87, 0, 0, 0
L 550, -1008, 87, 546, -998, 87, 0, 0, 0
L 546, -998, 87, 546, -966, 87, 0, 0, 0
L 546, -966, 87, 535, -943, 86, 0, 0, 0
L 535, -943, 86, 537, -927, 86, 0, 0, 0
L 537, -927, 86, 548, -912, 96, 0, 0, 0
L 548, -912, 96, 577, -905, 105, 0, 0, 0
L 577, -905, 105, 612, -904, 107, 0, 0, 0
L 612, -904, 107, 620, -911, 108, 0, 0, 0
L 620, -911, 108, 629, -926, 111, 0, 0, 0
L 629, -926, 111, 648, -933, 111, 0, 0, 0
L 648, -933, 111, 646, -930, 110, 0, 0, 0
L 646, -930, 110, 652, -923, 110, 0, 0, 0
L 652, -923, 110, 654, -923, 110, 0, 0, 0
L 654, -923, 110, 656, -927, 110, 0, 0, 0
L 656, -927, 110, 684, -914, 110, 0, 0, 0
L 684, -914, 110, 690, -904, 110, 0, 0, 0
L 690, -904, 110, 720, -897, 107, 0, 0, 0
L 720, -897, 107, 730, -869, 104, 0, 0, 0
L 730, -869, 104, 730, -859, 105, 0, 0, 0
L 730, -859, 105, 738, -856, 108, 0, 0, 0
L 738, -856, 108, 759, -856, 119, 0, 0, 0
L 759, -856, 119, 759, -854, 119, 0, 0, 0
L 759, -854, 119, 761, -853, 119, 0, 0, 0
L 761, -853, 119, 769, -854, 119, 0, 0, 0
L 769, -854, 119, 770, -900, 123, 0, 0, 0
L 770, -900, 123, 764, -896, 123, 0, 0, 0
L 764, -896, 123, 768, -894, 123, 0, 0, 0
L 768, -894, 123, 846, -893, 122, 0, 0, 0
L 846, -893, 122, 846, -877, 121, 0, 0, 0
L 846, -877, 121, 843, -876, 121, 0, 0, 0
L 843, -876, 121, 843, -836, 121, 0, 0, 0
L 843, -836, 121, 846, -834, 121, 0, 0, 0
L 846, -834, 121, 849, -819, 121, 0, 0, 0
L 849, -819, 121, 811, -815, 121, 0, 0, 0
L 811, -815, 121, 812, -746, 121, 0, 0, 0
L 812, -746, 121, 833, -723, 121, 0, 0, 0
L 833, -723, 121, 936, -725, 122, 0, 0, 0
L 936, -725, 122, 937, -956, 122, 0, 0, 0
L 937, -956, 122, 905, -957, 122, 0, 0, 0
L 905, -957, 122, 906, -968, 121, 0, 0, 0
L 906, -968, 121, 908, -969, 121, 0, 0, 0
L 908, -969, 121, 907, -986, 121, 0, 0, 0
L 907, -986, 121, 856, -989, 123, 0, 0, 0
L 856, -989, 123, 838, -989, 133, 0, 0, 0
