L 426, 690, -133, 420, 690, -134, 0, 0, 0
L 436, 691, -133, 426, 690, -133, 0, 0, 0
L 448, 681, -131, 436, 691, -133, 0, 0, 0
L 448, 676, -131, 448, 681, -131, 0, 0, 0
L 445, 672, -132, 448, 676, -131, 0, 0, 0
L 434, 668, -130, 445, 672, -132, 0, 0, 0
L 418, 669, -124, 434, 668, -130, 0, 0, 0
L 399, 668, -127, 418, 669, -124, 0, 0, 0
L 390, 667, -131, 399, 668, -127, 0, 0, 0
L 386, 669, -133, 390, 667, -131, 0, 0, 0
L 383, 682, -134, 386, 669, -133, 0, 0, 0
L 382, 695, -137, 383, 682, -134, 0, 0, 0
L 390, 703, -138, 382, 695, -137, 0, 0, 0
L 395, 702, -138, 390, 703, -138, 0, 0, 0
L 410, 701, -135, 395, 702, -138, 0, 0, 0
L 419, 695, -133, 410, 701, -135, 0, 0, 0
L 420, 690, -134, 419, 695, -133, 0, 0, 0
L 511, 667, -131, 516, 676, -133, 0, 0, 0
L 504, 661, -132, 511, 667, -131, 0, 0, 0
L 496, 657, -133, 504, 661, -132, 0, 0, 0
L 486, 660, -133, 496, 657, -133, 0, 0, 0
L 487, 669, -132, 486, 660, -133, 0, 0, 0
L 495, 677, -130, 487, 669, -132, 0, 0, 0
L 499, 685, -128, 495, 677, -130, 0, 0, 0
L 508, 699, -124, 499, 685, -128, 0, 0, 0
L 513, 709, -131, 508, 699, -124, 0, 0, 0
L 522, 711, -132, 513, 709, -131, 0, 0, 0
L 528, 707, -132, 522, 711, -132, 0, 0, 0
L 534, 702, -130, 528, 707, -132, 0, 0, 0
L 535, 698, -129, 534, 702, -130, 0, 0, 0
L 533, 692, -129, 535, 698, -129, 0, 0, 0
L 533, 689, -130, 533, 692, -129, 0, 0, 0
L 531, 685, -130, 533, 689, -130, 0, 0, 0
L 525, 679, -128, 531, 685, -130, 0, 0, 0
L 516, 676, -124, 525, 679, -128, 0, 0, 0
L 530, 560, -144, 531, 551, -146, 0, 0, 0
L 519, 573, -144, 530, 560, -144, 0, 0, 0
L 508, 574, -145, 519, 573, -145, 0, 0, 0
L 503, 584, -144, 508, 574, -145, 0, 0, 0
L 499, 595, -144, 503, 584, -144, 0, 0, 0
L 498, 615, -139, 499, 595, -144, 0, 0, 0
L 505, 632, -123, 498, 615, -139, 0, 0, 0
L 521, 632, -108, 505, 632, -122, 0, 0, 0
L 541, 630, -107, 521, 632, -108, 0, 0, 0
L 557, 631, -109, 541, 630, -108, 0, 0, 0
L 572, 627, -109, 557, 631, -109, 0, 0, 0
L 582, 630, -107, 572, 627, -109, 0, 0, 0
L 590, 633, -107, 582, 630, -108, 0, 0, 0
L 600, 636, -105, 590, 633, -107, 0, 0, 0
L 596, 644, -108, 600, 636, -105, 0, 0, 0
L 609, 652, -109, 596, 644, -108, 0, 0, 0
L 623, 654, -111, 609, 652, -109, 0, 0, 0
L 628, 643, -114, 623, 654, -111, 0, 0, 0
L 642, 633, -115, 628, 643, -114, 0, 0, 0
L 652, 623, -117, 642, 633, -115, 0, 0, 0
L 652, 615, -121, 652, 623, -117, 0, 0, 0
L 653, 608, -123, 652, 615, -121, 0, 0, 0
L 653, 601, -125, 653, 608, -123, 0, 0, 0
L 652, 592, -127, 653, 601, -125, 0, 0, 0
L 659, 582, -133, 652, 592, -128, 0, 0, 0
L 665, 572, -138, 659, 582, -134, 0, 0, 0
L 667, 565, -141, 665, 572, -139, 0, 0, 0
L 667, 557, -142, 667, 565, -141, 0, 0, 0
L 672, 547, -144, 667, 557, -143, 0, 0, 0
L 667, 543, -145, 672, 547, -144, 0, 0, 0
L 660, 546, -146, 667, 543, -146, 0, 0, 0
L 657, 550, -144, 660, 546, -146, 0, 0, 0
L 652, 560, -145, 657, 550, -145, 0, 0, 0
L 641, 581, -144, 652, 560, -145, 0, 0, 0
L 638, 589, -144, 641, 581, -144, 0, 0, 0
L 629, 583, -144, 638, 589, -144, 0, 0, 0
L 635, 577, -145, 629, 583, -144, 0, 0, 0
L 636, 571, -145, 635, 577, -145, 0, 0, 0
L 637, 560, -144, 636, 571, -145, 0, 0, 0
L 637, 550, -143, 637, 560, -144, 0, 0, 0
L 636, 538, -143, 637, 550, -144, 0, 0, 0
L 633, 535, -142, 636, 538, -143, 0, 0, 0
L 631, 528, -142, 633, 535, -143, 0, 0, 0
L 626, 518, -142, 631, 528, -142, 0, 0, 0
L 626, 510, -141, 626, 518, -143, 0, 0, 0
L 635, 499, -142, 626, 510, -141, 0, 0, 0
L 636, 489, -141, 635, 499, -142, 0, 0, 0
L 636, 489, -142, 636, 489, -141, 0, 0, 0
L 636, 479, -140, 636, 489, -142, 0, 0, 0
L 633, 466, -137, 636, 479, -140, 0, 0, 0
L 642, 463, -138, 633, 466, -138, 0, 0, 0
L 644, 459, -136, 642, 463, -138, 0, 0, 0
L 647, 448, -134, 644, 459, -136, 0, 0, 0
L 645, 438, -134, 647, 448, -134, 0, 0, 0
L 641, 432, -135, 645, 438, -134, 0, 0, 0
L 629, 443, -103, 641, 432, -135, 0, 0, 0
L 620, 450, -104, 629, 443, -103, 0, 0, 0
L 616, 459, -106, 620, 450, -104, 0, 0, 0
L 614, 468, -107, 616, 459, -106, 0, 0, 0
L 612, 480, -109, 614, 468, -107, 0, 0, 0
L 605, 493, -112, 612, 480, -110, 0, 0, 0
L 601, 503, -115, 605, 493, -113, 0, 0, 0
L 599, 511, -116, 601, 503, -115, 0, 0, 0
L 589, 514, -121, 599, 511, -116, 0, 0, 0
L 569, 528, -123, 589, 514, -121, 0, 0, 0
L 557, 527, -124, 569, 528, -123, 0, 0, 0
L 551, 528, -125, 557, 527, -124, 0, 0, 0
L 541, 530, -128, 551, 528, -125, 0, 0, 0
L 534, 535, -129, 541, 530, -128, 0, 0, 0
L 525, 532, -133, 534, 535, -130, 0, 0, 0
L 522, 529, -134, 525, 532, -133, 0, 0, 0
L 519, 529, -136, 522, 529, -135, 0, 0, 0
L 508, 533, -143, 519, 529, -137, 0, 0, 0
L 505, 533, -142, 508, 533, -143, 0, 0, 0
L 500, 536, -146, 505, 533, -142, 0, 0, 0
L 499, 542, -149, 500, 536, -146, 0, 0, 0
L 501, 547, -148, 499, 542, -149, 0, 0, 0
L 504, 550, -147, 501, 547, -148, 0, 0, 0
L 512, 551, -147, 504, 550, -147, 0, 0, 0
L 520, 551, -146, 512, 551, -147, 0, 0, 0
L 531, 551, -146, 520, 551, -146, 0, 0, 0
L 239, 1007, -87, 243, 1000, -73, 255, 0, 0
L 222, 1005, -87, 239, 1007, -87, 255, 0, 0
L 209, 1014, -87, 222, 1005, -87, 255, 0, 0
L 198, 1042, -80, 209, 1014, -87, 255, 0, 0
L 196, 1057, -75, 198, 1042, -80, 255, 0, 0
L 190, 1085, -56, 196, 1057, -75, 255, 0, 0
L 245, 362, -122, 237, 366, -117, 0, 0, 0
L 256, 351, -126, 245, 362, -122, 0, 0, 0
L 262, 343, -122, 256, 351, -126, 0, 0, 0
L 266, 324, -122, 262, 343, -122, 0, 0, 0
L 270, 314, -125, 266, 324, -122, 0, 0, 0
L 275, 283, -123, 270, 314, -125, 0, 0, 0
L 277, 259, -117, 275, 283, -121, 0, 0, 0
L 270, 256, -118, 277, 259, -117, 0, 0, 0
L 262, 250, -117, 270, 256, -119, 0, 0, 0
L 266, 240, -115, 262, 250, -117, 0, 0, 0
L 269, 227, -107, 266, 240, -115, 0, 0, 0
L 259, 215, -105, 269, 227, -107, 0, 0, 0
L 256, 198, -103, 259, 215, -105, 0, 0, 0
L 241, 192, -102, 256, 198, -103, 0, 0, 0
L 234, 184, -100, 241, 192, -102, 0, 0, 0
L 234, 163, -84, 234, 184, -100, 0, 0, 0
L 230, 150, -72, 234, 163, -83, 0, 0, 0
L 229, 138, -70, 230, 150, -72, 0, 0, 0
L 250, 139, -68, 242, 133, -67, 0, 0, 0
L 254, 147, -70, 250, 139, -68, 0, 0, 0
L 255, 151, -73, 254, 147, -70, 0, 0, 0
L 255, 161, -80, 255, 151, -73, 0, 0, 0
L 260, 163, -86, 255, 161, -80, 0, 0, 0
L 262, 164, -103, 260, 163, -86, 0, 0, 0
L 270, 165, -107, 262, 164, -104, 0, 0, 0
L 275, 175, -110, 270, 165, -108, 0, 0, 0
L 269, 191, -103, 275, 175, -111, 0, 0, 0
L 281, 207, -106, 269, 191, -103, 0, 0, 0
L 287, 224, -109, 281, 207, -106, 0, 0, 0
L 298, 233, -116, 287, 224, -109, 0, 0, 0
L 296, 242, -117, 298, 233, -116, 0, 0, 0
L 290, 258, -117, 296, 242, -117, 0, 0, 0
L 293, 281, -119, 290, 258, -117, 0, 0, 0
L 289, 295, -120, 293, 281, -119, 0, 0, 0
L 284, 314, -122, 289, 295, -120, 0, 0, 0
L 273, 343, -122, 284, 314, -122, 0, 0, 0
L 263, 371, -127, 273, 343, -122, 0, 0, 0
L 261, 389, -128, 263, 371, -127, 0, 0, 0
L 282, 355, -158, 291, 349, -140, 255, 0, 0
L 278, 369, -158, 282, 355, -158, 255, 0, 0
L 285, 376, -159, 278, 369, -158, 255, 0, 0
L 289, 394, -160, 285, 377, -159, 255, 0, 0
L 281, 380, -158, 289, 394, -160, 255, 0, 0
L 272, 382, -158, 281, 380, -158, 255, 0, 0
L 258, 391, -159, 272, 382, -158, 255, 0, 0
L 253, 400, -158, 258, 391, -159, 255, 0, 0
L 250, 406, -158, 253, 400, -158, 255, 0, 0
L 249, 415, -158, 250, 406, -158, 255, 0, 0
L 248, 407, -158, 249, 415, -158, 255, 0, 0
L 249, 392, -159, 248, 407, -158, 255, 0, 0
L 249, 384, -159, 249, 391, -159, 255, 0, 0
L 244, 375, -160, 249, 384, -159, 255, 0, 0
L 237, 363, -162, 244, 375, -160, 255, 0, 0
L 233, 364, -162, 237, 363, -162, 255, 0, 0
L 224, 372, -161, 233, 364, -162, 255, 0, 0
L 226, 369, -161, 224, 372, -161, 255, 0, 0
L 231, 357, -161, 226, 369, -161, 255, 0, 0
L 242, 347, -161, 231, 357, -161, 255, 0, 0
L 242, 345, -161, 242, 347, -161, 255, 0, 0
L 246, 324, -156, 242, 344, -161, 255, 0, 0
L 245, 299, -149, 246, 324, -156, 255, 0, 0
L 248, 284, -143, 245, 299, -149, 255, 0, 0
L 249, 262, -139, 248, 284, -143, 255, 0, 0
L 242, 231, -139, 249, 262, -139, 255, 0, 0
L 249, 223, -139, 242, 231, -139, 255, 0, 0
L 231, 207, -139, 249, 223, -139, 255, 0, 0
L 227, 201, -139, 231, 207, -139, 255, 0, 0
L 226, 195, -139, 227, 201, -139, 255, 0, 0
L 224, 190, -140, 226, 195, -139, 255, 0, 0
L 219, 175, -141, 224, 190, -140, 255, 0, 0
L 211, 162, -147, 219, 175, -141, 255, 0, 0
L 204, 157, -152, 211, 162, -147, 255, 0, 0
L 201, 145, -160, 204, 157, -152, 255, 0, 0
L 201, 137, -161, 201, 145, -160, 255, 0, 0
L 207, 142, -139, 201, 137, -161, 255, 0, 0
L 209, 143, -139, 207, 142, -139, 255, 0, 0
L 214, 145, -138, 209, 143, -139, 255, 0, 0
L 219, 148, -139, 214, 145, -138, 255, 0, 0
L 222, 149, -139, 219, 148, -139, 255, 0, 0
L 225, 147, -139, 222, 149, -139, 255, 0, 0
L 234, 143, -143, 225, 147, -139, 255, 0, 0
L 247, 138, -141, 234, 143, -143, 255, 0, 0
L 254, 128, -139, 247, 138, -141, 255, 0, 0
L 258, 122, -139, 254, 128, -139, 255, 0, 0
L 258, 120, -139, 258, 122, -139, 255, 0, 0
L 259, 113, -139, 258, 120, -139, 255, 0, 0
L 262, 108, -139, 259, 113, -139, 255, 0, 0
L 261, 97, -153, 262, 108, -139, 255, 0, 0
L 265, 109, -151, 261, 97, -153, 255, 0, 0
L 265, 126, -138, 265, 109, -151, 255, 0, 0
L 268, 129, -138, 265, 126, -138, 255, 0, 0
L 270, 132, -138, 268, 129, -138, 255, 0, 0
L 271, 133, -139, 270, 132, -138, 255, 0, 0
L 281, 147, -139, 271, 133, -139, 255, 0, 0
L 286, 159, -139, 281, 147, -139, 255, 0, 0
L 299, 180, -139, 286, 159, -139, 255, 0, 0
L 298, 187, -139, 299, 180, -139, 255, 0, 0
L 299, 197, -139, 298, 187, -139, 255, 0, 0
L 300, 203, -139, 299, 197, -139, 255, 0, 0
L 303, 212, -139, 300, 203, -139, 255, 0, 0
L 305, 220, -139, 303, 212, -139, 255, 0, 0
L 311, 236, -139, 305, 220, -139, 255, 0, 0
L 319, 241, -139, 311, 236, -139, 255, 0, 0
L 321, 246, -139, 319, 241, -139, 255, 0, 0
L 318, 256, -139, 321, 246, -139, 255, 0, 0
L 310, 273, -139, 318, 256, -139, 255, 0, 0
L 314, 285, -139, 310, 273, -139, 255, 0, 0
L 316, 296, -139, 314, 285, -139, 255, 0, 0
L 317, 306, -139, 316, 296, -139, 255, 0, 0
L 313, 323, -141, 317, 306, -139, 255, 0, 0
L 298, 346, -134, 313, 323, -141, 255, 0, 0
L 291, 349, -138, 298, 346, -134, 255, 0, 0
L 111, 598, -146, 107, 593, -147, 0, 0, 0
L 113, 604, -146, 111, 598, -146, 0, 0, 0
L 111, 612, -146, 113, 604, -146, 0, 0, 0
L 114, 611, -146, 111, 612, -146, 0, 0, 0
L 120, 608, -146, 114, 611, -146, 0, 0, 0
L 127, 609, -146, 120, 608, -146, 0, 0, 0
L 131, 609, -146, 127, 609, -146, 0, 0, 0
L 131, 607, -146, 131, 609, -146, 0, 0, 0
L 132, 601, -147, 131, 607, -146, 0, 0, 0
L 136, 596, -147, 132, 601, -147, 0, 0, 0
L 138, 594, -146, 136, 596, -147, 0, 0, 0
L 137, 592, -146, 138, 594, -146, 0, 0, 0
L 132, 584, -146, 137, 592, -146, 0, 0, 0
L 131, 579, -146, 132, 584, -146, 0, 0, 0
L 132, 571, -146, 131, 579, -146, 0, 0, 0
L 167, 538, -140, 169, 524, -138, 0, 0, 0
L 162, 559, -141, 167, 538, -140, 0, 0, 0
L 163, 563, -144, 162, 559, -141, 0, 0, 0
L 167, 567, -146, 163, 563, -144, 0, 0, 0
L 170, 575, -146, 167, 567, -146, 0, 0, 0
L 169, 585, -146, 170, 575, -146, 0, 0, 0
L 165, 591, -146, 169, 585, -146, 0, 0, 0
L 157, 596, -146, 165, 591, -146, 0, 0, 0
L 154, 602, -147, 157, 596, -146, 0, 0, 0
L 153, 612, -147, 154, 602, -147, 0, 0, 0
L 150, 615, -147, 153, 612, -147, 0, 0, 0
L 144, 618, -146, 150, 615, -147, 0, 0, 0
L 149, 631, -146, 144, 618, -146, 0, 0, 0
L 148, 641, -146, 149, 631, -146, 0, 0, 0
L 142, 651, -146, 148, 641, -146, 0, 0, 0
L 130, 658, -146, 142, 651, -146, 0, 0, 0
L 123, 659, -146, 130, 658, -146, 0, 0, 0
L 111, 656, -146, 123, 659, -146, 0, 0, 0
L 107, 652, -146, 111, 656, -146, 0, 0, 0
L 104, 655, -146, 107, 652, -146, 0, 0, 0
L 99, 663, -146, 104, 655, -146, 0, 0, 0
L 93, 669, -146, 99, 663, -146, 0, 0, 0
L 86, 673, -146, 93, 669, -146, 0, 0, 0
L 72, 673, -146, 86, 673, -146, 0, 0, 0
L 68, 670, -146, 72, 673, -146, 0, 0, 0
L 59, 662, -146, 68, 670, -146, 0, 0, 0
L 54, 653, -146, 59, 662, -146, 0, 0, 0
L 55, 642, -146, 54, 653, -146, 0, 0, 0
L 60, 633, -146, 55, 642, -146, 0, 0, 0
L 66, 628, -146, 60, 633, -146, 0, 0, 0
L 73, 627, -148, 66, 628, -146, 0, 0, 0
L 78, 622, -146, 73, 627, -148, 0, 0, 0
L 74, 619, -146, 78, 622, -146, 0, 0, 0
L 70, 610, -146, 74, 619, -146, 0, 0, 0
L 71, 600, -146, 70, 610, -146, 0, 0, 0
L 74, 594, -146, 71, 600, -146, 0, 0, 0
L 81, 588, -146, 74, 594, -146, 0, 0, 0
L 91, 585, -146, 81, 588, -146, 0, 0, 0
L 101, 587, -146, 91, 585, -146, 0, 0, 0
L 107, 593, -146, 101, 587, -146, 0, 0, 0
L 141, 560, -146, 132, 571, -146, 0, 0, 0
L 148, 557, -140, 141, 560, -146, 0, 0, 0
L 152, 544, -141, 148, 557, -140, 0, 0, 0
L 158, 520, -135, 152, 544, -141, 0, 0, 0
L -219, 403, -91, -214, 402, -91, 0, 0, 0
L -221, 406, -92, -219, 403, -91, 0, 0, 0
L -226, 423, -94, -221, 406, -92, 0, 0, 0
L -241, 436, -94, -226, 423, -94, 0, 0, 0
L -258, 440, -94, -241, 436, -94, 0, 0, 0
L -277, 434, -94, -258, 440, -94, 0, 0, 0
L -288, 424, -93, -277, 434, -94, 0, 0, 0
L -295, 424, -92, -288, 424, -93, 0, 0, 0
L -306, 431, -90, -295, 424, -92, 0, 0, 0
L -317, 442, -90, -306, 431, -90, 0, 0, 0
L -324, 456, -90, -317, 442, -90, 0, 0, 0
L -327, 465, -91, -324, 456, -90, 0, 0, 0
L -325, 471, -91, -327, 465, -91, 0, 0, 0
L -300, 483, -88, -325, 471, -91, 0, 0, 0
L -294, 488, -88, -300, 483, -88, 0, 0, 0
L -282, 507, -90, -294, 488, -88, 0, 0, 0
L -276, 536, -88, -282, 507, -90, 0, 0, 0
L -278, 548, -87, -276, 536, -88, 0, 0, 0
L -282, 561, -87, -278, 548, -87, 0, 0, 0
L -292, 576, -87, -282, 561, -87, 0, 0, 0
L -307, 590, -88, -292, 576, -87, 0, 0, 0
L -319, 593, -92, -307, 590, -88, 0, 0, 0
L -332, 599, -88, -319, 593, -92, 0, 0, 0
L -334, 605, -91, -332, 599, -88, 0, 0, 0
L -332, 618, -90, -334, 605, -91, 0, 0, 0
L -328, 633, -90, -332, 618, -90, 0, 0, 0
L -320, 649, -90, -328, 633, -90, 0, 0, 0
L -305, 663, -90, -320, 649, -90, 0, 0, 0
L -297, 667, -90, -305, 663, -90, 0, 0, 0
L -288, 671, -90, -297, 667, -90, 0, 0, 0
L -276, 674, -90, -288, 671, -90, 0, 0, 0
L -263, 676, -90, -276, 674, -90, 0, 0, 0
L -245, 674, -90, -263, 676, -90, 0, 0, 0
L -231, 668, -90, -245, 674, -90, 0, 0, 0
L -215, 658, -90, -231, 668, -90, 0, 0, 0
L -220, 651, -87, -215, 658, -90, 0, 0, 0
L -224, 639, -92, -220, 651, -87, 0, 0, 0
L -229, 624, -93, -224, 639, -92, 0, 0, 0
L -229, 613, -92, -229, 624, -93, 0, 0, 0
L -229, 596, -89, -229, 613, -92, 0, 0, 0
L -218, 575, -87, -229, 596, -89, 0, 0, 0
L -202, 563, -92, -218, 575, -87, 0, 0, 0
L -189, 553, -91, -202, 563, -92, 0, 0, 0
L -189, 550, -91, -189, 553, -91, 0, 0, 0
L -190, 547, -90, -189, 550, -91, 0, 0, 0
L -191, 532, -90, -190, 547, -90, 0, 0, 0
L -189, 511, -90, -191, 532, -90, 0, 0, 0
L -182, 490, -90, -189, 511, -90, 0, 0, 0
L -174, 476, -90, -182, 490, -90, 0, 0, 0
L -172, 468, -90, -174, 476, -90, 0, 0, 0
L -173, 455, -94, -172, 468, -90, 0, 0, 0
L -172, 442, -94, -173, 455, -94, 0, 0, 0
L -166, 429, -92, -172, 442, -94, 0, 0, 0
L -168, 422, -91, -166, 429, -92, 0, 0, 0
L -174, 416, -90, -168, 422, -91, 0, 0, 0
L -189, 407, -90, -174, 416, -90, 0, 0, 0
L -201, 403, -91, -189, 407, -90, 0, 0, 0
L -210, 402, -90, -201, 403, -91, 0, 0, 0
L -215, 402, -91, -210, 402, -90, 0, 0, 0
L 83, 451, -112, 93, 450, -116, 0, 0, 0
L 66, 451, -106, 83, 451, -112, 0, 0, 0
L 46, 450, -98, 66, 451, -106, 0, 0, 0
L 30, 442, -95, 46, 450, -98, 0, 0, 0
L 9, 427, -91, 30, 442, -95, 0, 0, 0
L -3, 412, -90, 9, 427, -91, 0, 0, 0
L -8, 409, -87, -3, 412, -90, 0, 0, 0
L -11, 410, -86, -8, 409, -87, 0, 0, 0
L -31, 413, -86, -11, 410, -86, 0, 0, 0
L -43, 411, -93, -31, 413, -86, 0, 0, 0
L -56, 408, -92, -43, 411, -93, 0, 0, 0
L -67, 403, -93, -56, 408, -92, 0, 0, 0
L -77, 411, -90, -67, 403, -93, 0, 0, 0
L -91, 424, -90, -77, 411, -90, 0, 0, 0
L -100, 433, -90, -91, 424, -90, 0, 0, 0
L -102, 437, -88, -100, 433, -90, 0, 0, 0
L -99, 446, -94, -102, 437, -88, 0, 0, 0
L -98, 458, -94, -99, 446, -94, 0, 0, 0
L -102, 471, -94, -98, 458, -94, 0, 0, 0
L -111, 481, -94, -102, 471, -94, 0, 0, 0
L -123, 488, -94, -111, 481, -94, 0, 0, 0
L -142, 489, -95, -123, 488, -94, 0, 0, 0
L -153, 484, -92, -142, 489, -95, 0, 0, 0
L -158, 491, -90, -153, 484, -92, 0, 0, 0
L -168, 515, -90, -158, 491, -90, 0, 0, 0
L -169, 531, -90, -168, 515, -90, 0, 0, 0
L -169, 540, -90, -169, 531, -90, 0, 0, 0
L -168, 548, -91, -169, 540, -90, 0, 0, 0
L -166, 548, -89, -168, 548, -91, 0, 0, 0
L -161, 549, -90, -166, 548, -89, 0, 0, 0
L -144, 553, -87, -161, 549, -90, 0, 0, 0
L -126, 563, -87, -144, 553, -87, 0, 0, 0
L -111, 576, -91, -126, 563, -87, 0, 0, 0
L -109, 578, -91, -111, 576, -91, 0, 0, 0
L -100, 576, -91, -109, 578, -91, 0, 0, 0
L -89, 577, -91, -100, 576, -91, 0, 0, 0
L -69, 581, -91, -89, 577, -91, 0, 0, 0
L -56, 589, -90, -69, 581, -91, 0, 0, 0
L -44, 599, -90, -56, 589, -90, 0, 0, 0
L -41, 609, -96, -44, 599, -90, 0, 0, 0
L -36, 611, -94, -41, 609, -96, 0, 0, 0
L -34, 609, -94, -36, 611, -94, 0, 0, 0
L 6, 585, -101, -34, 609, -94, 0, 0, 0
L 47, 562, -111, 6, 585, -101, 0, 0, 0
L 90, 529, -111, 47, 562, -111, 0, 0, 0
L 100, 517, -105, 90, 529, -111, 0, 0, 0
L 132, 487, -99, 100, 517, -105, 0, 0, 0
L 140, 480, -106, 132, 487, -99, 0, 0, 0
L 149, 471, -116, 140, 480, -106, 0, 0, 0
L 116, 455, -119, 149, 471, -117, 0, 0, 0
L 93, 450, -116, 116, 455, -119, 0, 0, 0
L 578, 6, -108, 580, 10, -108, 0, 0, 0
L 573, 3, -107, 578, 6, -108, 0, 0, 0
L 566, 2, -105, 573, 3, -107, 0, 0, 0
L 559, 5, -105, 566, 2, -105, 0, 0, 0
L 549, 2, -108, 559, 5, -105, 0, 0, 0
L 540, 14, -105, 549, 2, -108, 0, 0, 0
L 535, 19, -107, 540, 14, -105, 0, 0, 0
L 524, 21, -110, 535, 19, -107, 0, 0, 0
L 518, 26, -109, 524, 21, -110, 0, 0, 0
L 519, 33, -95, 518, 26, -109, 0, 0, 0
L 517, 41, -112, 519, 33, -95, 0, 0, 0
L 510, 43, -118, 517, 41, -112, 0, 0, 0
L 507, 62, -126, 510, 43, -118, 0, 0, 0
L 513, 68, -127, 507, 62, -126, 0, 0, 0
L 521, 64, -124, 513, 68, -127, 0, 0, 0
L 529, 65, -123, 521, 64, -124, 0, 0, 0
L 541, 60, -115, 529, 65, -123, 0, 0, 0
L 556, 55, -106, 541, 60, -115, 0, 0, 0
L 567, 56, -113, 556, 55, -106, 0, 0, 0
L 571, 55, -113, 567, 56, -113, 0, 0, 0
L 577, 51, -109, 571, 55, -113, 0, 0, 0
L 582, 49, -111, 577, 51, -109, 0, 0, 0
L 585, 47, -113, 582, 49, -111, 0, 0, 0
L 585, 41, -112, 585, 47, -113, 0, 0, 0
L 585, 33, -111, 585, 41, -112, 0, 0, 0
L 583, 29, -108, 585, 33, -111, 0, 0, 0
L 580, 10, -108, 583, 29, -108, 0, 0, 0
L 323, -114, -45, 324, -110, -39, 0, 0, 0
L 322, -117, -50, 323, -114, -45, 0, 0, 0
L 324, -126, -56, 322, -117, -50, 0, 0, 0
L 316, -131, -55, 324, -126, -56, 0, 0, 0
L 307, -131, -53, 316, -131, -55, 0, 0, 0
L 302, -129, -50, 307, -131, -53, 0, 0, 0
L 295, -130, -53, 302, -129, -50, 0, 0, 0
L 287, -130, -55, 295, -130, -53, 0, 0, 0
L 283, -122, -52, 287, -130, -55, 0, 0, 0
L 284, -113, -49, 283, -122, -52, 0, 0, 0
L 291, -105, -28, 284, -113, -49, 0, 0, 0
L 294, -104, -33, 291, -105, -28, 0, 0, 0
L 299, -99, -39, 294, -104, -33, 0, 0, 0
L 305, -91, -44, 299, -99, -39, 0, 0, 0
L 315, -69, -37, 305, -91, -44, 0, 0, 0
L 318, -57, -46, 315, -69, -37, 0, 0, 0
L 323, -53, -45, 318, -57, -46, 0, 0, 0
L 332, -51, -43, 323, -53, -45, 0, 0, 0
L 339, -43, -46, 332, -51, -43, 0, 0, 0
L 355, -43, -46, 339, -43, -46, 0, 0, 0
L 359, -52, -44, 355, -43, -46, 0, 0, 0
L 369, -61, -55, 359, -52, -44, 0, 0, 0
L 370, -76, -57, 369, -61, -55, 0, 0, 0
L 367, -88, -57, 370, -76, -57, 0, 0, 0
L 358, -97, -56, 367, -88, -57, 0, 0, 0
L 349, -100, -55, 358, -97, -56, 0, 0, 0
L 344, -94, -47, 349, -100, -55, 0, 0, 0
L 337, -97, -52, 344, -94, -47, 0, 0, 0
L 330, -111, -53, 337, -97, -52, 0, 0, 0
L 324, -110, -35, 330, -111, -53, 0, 0, 0
L -106, -33, 22, -95, 2, 6, 0, 0, 0
L -106, -44, 26, -106, -33, 22, 0, 0, 0
L -80, -46, 17, -106, -44, 26, 0, 0, 0
L -58, -47, 13, -80, -46, 17, 0, 0, 0
L -32, -53, 14, -58, -47, 13, 0, 0, 0
L -13, -57, 11, -32, -53, 14, 0, 0, 0
L 24, -65, 26, -13, -57, 11, 0, 0, 0
L 53, -64, 26, 25, -65, 26, 0, 0, 0
L 75, -58, 20, 53, -64, 26, 0, 0, 0
L 129, -39, 17, 75, -58, 20, 0, 0, 0
L 184, -7, 3, 129, -39, 17, 0, 0, 0
L 195, 0, 1, 184, -7, 3, 0, 0, 0
L 215, 20, -13, 195, 0, 1, 0, 0, 0
L 221, 42, -38, 215, 20, -13, 0, 0, 0
L 222, 44, -42, 221, 42, -38, 0, 0, 0
L 227, 40, -43, 222, 44, -42, 0, 0, 0
L 231, 36, -43, 227, 40, -43, 0, 0, 0
L 241, 27, -43, 231, 36, -43, 0, 0, 0
L 248, 19, -43, 241, 27, -43, 0, 0, 0
L 261, 3, -46, 248, 19, -43, 0, 0, 0
L 272, -2, -47, 261, 3, -46, 0, 0, 0
L 270, -9, -45, 272, -2, -47, 0, 0, 0
L 269, -17, -45, 270, -9, -45, 0, 0, 0
L 254, -26, -47, 269, -17, -45, 0, 0, 0
L 242, -26, -37, 254, -26, -47, 0, 0, 0
L 233, -29, -39, 242, -26, -37, 0, 0, 0
L 236, -41, -39, 233, -29, -39, 0, 0, 0
L 244, -43, -47, 236, -41, -39, 0, 0, 0
L 247, -46, -47, 244, -43, -47, 0, 0, 0
L 249, -54, -49, 247, -46, -47, 0, 0, 0
L 247, -60, -47, 249, -54, -49, 0, 0, 0
L 246, -72, -45, 247, -60, -47, 0, 0, 0
L 239, -76, -42, 246, -72, -45, 0, 0, 0
L 243, -86, -46, 239, -76, -42, 0, 0, 0
L 257, -91, -45, 243, -86, -46, 0, 0, 0
L 250, -111, -39, 257, -91, -45, 0, 0, 0
L 251, -117, -51, 250, -111, -39, 0, 0, 0
L 249, -131, -52, 251, -117, -51, 0, 0, 0
L 252, -139, -52, 249, -131, -52, 0, 0, 0
L 263, -149, -45, 252, -139, -52, 0, 0, 0
L 279, -155, -48, 263, -149, -45, 0, 0, 0
L 298, -155, -52, 279, -155, -48, 0, 0, 0
L 306, -157, -53, 298, -155, -52, 0, 0, 0
L 312, -163, -50, 306, -157, -53, 0, 0, 0
L 319, -168, -57, 312, -163, -50, 0, 0, 0
L 320, -176, -55, 319, -168, -57, 0, 0, 0
L 317, -185, -51, 320, -176, -55, 0, 0, 0
L 324, -200, -51, 317, -185, -51, 0, 0, 0
L 331, -208, -50, 324, -200, -51, 0, 0, 0
L 338, -216, -50, 331, -208, -50, 0, 0, 0
L 347, -209, -57, 338, -216, -50, 0, 0, 0
L 352, -209, -55, 347, -209, -57, 0, 0, 0
L 357, -209, -55, 352, -209, -55, 0, 0, 0
L 371, -214, -47, 357, -209, -55, 0, 0, 0
L 379, -212, -54, 371, -214, -47, 0, 0, 0
L 381, -209, -55, 379, -212, -54, 0, 0, 0
L 380, -197, -55, 381, -209, -55, 0, 0, 0
L 378, -192, -56, 380, -197, -55, 0, 0, 0
L 385, -185, -56, 378, -192, -56, 0, 0, 0
L 389, -182, -57, 385, -185, -56, 0, 0, 0
L 399, -181, -58, 389, -182, -57, 0, 0, 0
L 415, -181, -33, 399, -181, -58, 0, 0, 0
L 418, -169, -53, 415, -181, -33, 0, 0, 0
L 429, -153, -52, 418, -169, -53, 0, 0, 0
L 429, -140, -59, 429, -153, -52, 0, 0, 0
L 429, -130, -62, 429, -140, -59, 0, 0, 0
L 433, -118, -59, 429, -130, -62, 0, 0, 0
L 431, -108, -55, 433, -118, -59, 0, 0, 0
L 421, -111, -68, 431, -108, -55, 0, 0, 0
L 415, -103, -62, 421, -111, -68, 0, 0, 0
L 416, -93, -69, 415, -103, -62, 0, 0, 0
L 421, -84, -67, 416, -93, -69, 0, 0, 0
L 428, -80, -66, 421, -84, -67, 0, 0, 0
L 437, -74, -63, 428, -80, -66, 0, 0, 0
L 443, -67, -63, 437, -74, -63, 0, 0, 0
L 447, -56, -64, 443, -67, -63, 0, 0, 0
L 451, -41, -63, 447, -56, -64, 0, 0, 0
L 464, -36, -54, 451, -41, -63, 0, 0, 0
L 477, -39, -57, 464, -36, -54, 0, 0, 0
L 481, -42, -61, 477, -39, -57, 0, 0, 0
L 486, -46, -67, 481, -42, -61, 0, 0, 0
L 475, -61, -49, 486, -46, -67, 0, 0, 0
L 469, -72, -64, 475, -61, -49, 0, 0, 0
L 466, -82, -69, 469, -72, -64, 0, 0, 0
L 457, -100, -70, 466, -82, -69, 0, 0, 0
L 453, -114, -70, 457, -100, -70, 0, 0, 0
L 459, -126, -54, 453, -114, -70, 0, 0, 0
L 469, -127, -67, 459, -126, -54, 0, 0, 0
L 476, -128, -70, 469, -127, -67, 0, 0, 0
L 482, -133, -64, 476, -128, -70, 0, 0, 0
L 482, -137, -62, 482, -133, -64, 0, 0, 0
L 470, -150, -53, 482, -137, -62, 0, 0, 0
L 458, -147, -50, 470, -150, -53, 0, 0, 0
L 449, -149, -52, 458, -147, -50, 0, 0, 0
L 438, -158, -44, 449, -149, -52, 0, 0, 0
L 437, -161, -39, 438, -158, -44, 0, 0, 0
L 441, -167, -49, 437, -161, -39, 0, 0, 0
L 442, -182, -50, 441, -167, -49, 0, 0, 0
L 438, -191, -52, 442, -182, -50, 0, 0, 0
L 429, -207, -49, 438, -191, -52, 0, 0, 0
L 430, -215, -50, 429, -207, -49, 0, 0, 0
L 435, -225, -40, 430, -215, -50, 0, 0, 0
L 440, -226, -37, 435, -225, -40, 0, 0, 0
L 447, -214, -56, 440, -226, -37, 0, 0, 0
L 460, -216, -44, 447, -214, -56, 0, 0, 0
L 470, -225, -46, 460, -216, -44, 0, 0, 0
L 481, -233, -36, 470, -225, -46, 0, 0, 0
L 497, -231, -34, 482, -233, -36, 0, 0, 0
L 509, -223, -37, 497, -231, -34, 0, 0, 0
L 518, -209, -56, 509, -223, -37, 0, 0, 0
L 532, -205, -58, 518, -209, -56, 0, 0, 0
L 550, -206, -60, 532, -205, -58, 0, 0, 0
L 561, -197, -67, 550, -206, -60, 0, 0, 0
L 570, -189, -70, 561, -197, -67, 0, 0, 0
L 577, -171, -73, 570, -189, -70, 0, 0, 0
L 582, -159, -69, 577, -171, -73, 0, 0, 0
L 580, -146, -80, 582, -159, -69, 0, 0, 0
L 586, -139, -85, 580, -146, -80, 0, 0, 0
L 591, -137, -83, 586, -139, -85, 0, 0, 0
L 603, -138, -75, 591, -137, -83, 0, 0, 0
L 611, -130, -65, 603, -138, -75, 0, 0, 0
L 612, -118, -69, 611, -130, -65, 0, 0, 0
L 615, -104, -73, 612, -118, -69, 0, 0, 0
L 613, -97, -82, 615, -104, -73, 0, 0, 0
L 607, -90, -92, 613, -97, -82, 0, 0, 0
L 603, -81, -97, 607, -90, -92, 0, 0, 0
L 599, -71, -104, 603, -81, -97, 0, 0, 0
L 599, -59, -105, 599, -71, -104, 0, 0, 0
L 600, -43, -102, 599, -59, -105, 0, 0, 0
L 594, -29, -105, 600, -43, -102, 0, 0, 0
L 601, -17, -106, 594, -29, -105, 0, 0, 0
L 610, -18, -109, 601, -17, -106, 0, 0, 0
L 616, -21, -107, 610, -18, -109, 0, 0, 0
L 622, -26, -106, 616, -21, -107, 0, 0, 0
L 633, -31, -115, 622, -26, -106, 0, 0, 0
L 645, -33, -101, 633, -31, -115, 0, 0, 0
L 654, -28, -106, 645, -33, -101, 0, 0, 0
L 663, -17, -117, 654, -28, -106, 0, 0, 0
L 667, 0, -117, 663, -17, -117, 0, 0, 0
L 663, 9, -129, 667, 0, -117, 0, 0, 0
L 663, 17, -136, 663, 9, -129, 0, 0, 0
L 673, 25, -133, 663, 17, -136, 0, 0, 0
L 679, 30, -128, 673, 25, -133, 0, 0, 0
L 682, 40, -127, 679, 30, -128, 0, 0, 0
L 670, 55, -129, 682, 40, -127, 0, 0, 0
L 666, 64, -130, 670, 55, -129, 0, 0, 0
L 656, 69, -131, 666, 64, -130, 0, 0, 0
L 650, 71, -137, 656, 69, -131, 0, 0, 0
L 637, 76, -128, 650, 71, -137, 0, 0, 0
L 626, 82, -131, 637, 76, -128, 0, 0, 0
L 614, 80, -132, 626, 82, -131, 0, 0, 0
L 606, 78, -133, 614, 80, -132, 0, 0, 0
L 596, 76, -124, 606, 78, -133, 0, 0, 0
L 581, 74, -112, 596, 76, -124, 0, 0, 0
L 565, 79, -116, 581, 74, -112, 0, 0, 0
L 557, 87, -118, 565, 79, -116, 0, 0, 0
L 557, 91, -120, 557, 87, -118, 0, 0, 0
L 558, 99, -123, 557, 91, -120, 0, 0, 0
L 558, 110, -134, 558, 99, -123, 0, 0, 0
L 579, 106, -125, 558, 110, -134, 0, 0, 0
L 591, 106, -128, 579, 106, -125, 0, 0, 0
L 603, 116, -136, 591, 106, -128, 0, 0, 0
L 620, 112, -115, 603, 116, -136, 0, 0, 0
L 634, 117, -120, 620, 112, -115, 0, 0, 0
L 639, 124, -131, 634, 117, -120, 0, 0, 0
L 638, 133, -134, 639, 124, -131, 0, 0, 0
L 638, 140, -131, 638, 133, -134, 0, 0, 0
L 638, 151, -130, 638, 140, -131, 0, 0, 0
L 637, 157, -132, 638, 151, -130, 0, 0, 0
L 633, 165, -133, 637, 157, -132, 0, 0, 0
L 619, 170, -131, 633, 165, -133, 0, 0, 0
L 611, 167, -135, 619, 170, -131, 0, 0, 0
L 602, 172, -134, 611, 167, -135, 0, 0, 0
L 598, 175, -132, 602, 172, -134, 0, 0, 0
L 593, 180, -128, 598, 175, -132, 0, 0, 0
L 587, 182, -128, 593, 180, -128, 0, 0, 0
L 575, 177, -136, 587, 182, -128, 0, 0, 0
L 569, 176, -134, 575, 177, -136, 0, 0, 0
L 559, 185, -123, 569, 176, -134, 0, 0, 0
L 553, 190, -127, 559, 185, -123, 0, 0, 0
L 539, 193, -133, 553, 190, -127, 0, 0, 0
L 527, 192, -131, 539, 193, -133, 0, 0, 0
L 517, 192, -126, 527, 192, -131, 0, 0, 0
L 512, 186, -132, 517, 192, -126, 0, 0, 0
L 506, 183, -134, 512, 186, -132, 0, 0, 0
L 498, 183, -132, 506, 183, -134, 0, 0, 0
L 493, 186, -128, 498, 183, -132, 0, 0, 0
L 488, 185, -128, 493, 186, -128, 0, 0, 0
L 483, 176, -129, 488, 185, -128, 0, 0, 0
L 490, 169, -134, 483, 176, -129, 0, 0, 0
L 496, 153, -134, 490, 169, -134, 0, 0, 0
L 502, 141, -133, 496, 153, -134, 0, 0, 0
L 509, 131, -131, 502, 141, -133, 0, 0, 0
L 518, 125, -131, 509, 131, -131, 0, 0, 0
L 524, 121, -135, 518, 125, -131, 0, 0, 0
L 530, 117, -136, 524, 121, -135, 0, 0, 0
L 529, 106, -116, 530, 117, -136, 0, 0, 0
L 530, 95, -122, 529, 106, -116, 0, 0, 0
L 534, 88, -119, 530, 95, -122, 0, 0, 0
L 534, 84, -119, 534, 88, -119, 0, 0, 0
L 527, 82, -121, 534, 84, -119, 0, 0, 0
L 519, 88, -123, 527, 82, -121, 0, 0, 0
L 518, 92, -122, 519, 88, -123, 0, 0, 0
L 518, 98, -115, 518, 92, -122, 0, 0, 0
L 512, 104, -121, 518, 98, -115, 0, 0, 0
L 502, 109, -124, 512, 104, -121, 0, 0, 0
L 490, 113, -124, 502, 109, -124, 0, 0, 0
L 485, 119, -117, 490, 113, -124, 0, 0, 0
L 478, 112, -126, 485, 119, -117, 0, 0, 0
L 471, 112, -124, 478, 112, -126, 0, 0, 0
L 459, 113, -123, 471, 112, -124, 0, 0, 0
L 454, 119, -119, 459, 113, -123, 0, 0, 0
L 450, 122, -115, 454, 119, -119, 0, 0, 0
L 443, 117, -120, 450, 122, -115, 0, 0, 0
L 441, 110, -123, 443, 117, -120, 0, 0, 0
L 437, 101, -119, 441, 110, -123, 0, 0, 0
L 432, 97, -117, 437, 101, -119, 0, 0, 0
L 426, 88, -112, 432, 97, -117, 0, 0, 0
L 422, 78, -107, 426, 88, -112, 0, 0, 0
L 415, 63, -93, 422, 78, -107, 0, 0, 0
L 420, 57, -98, 415, 63, -93, 0, 0, 0
L 432, 59, -111, 420, 57, -98, 0, 0, 0
L 442, 45, -105, 432, 59, -111, 0, 0, 0
L 455, 29, -102, 442, 45, -105, 0, 0, 0
L 477, 25, -111, 455, 29, -102, 0, 0, 0
L 486, 26, -108, 477, 25, -111, 0, 0, 0
L 495, 15, -111, 486, 26, -108, 0, 0, 0
L 505, 4, -105, 495, 15, -111, 0, 0, 0
L 522, -10, -101, 505, 4, -105, 0, 0, 0
L 536, -18, -105, 522, -10, -100, 0, 0, 0
L 544, -19, -106, 536, -18, -105, 0, 0, 0
L 550, -25, -106, 544, -19, -106, 0, 0, 0
L 551, -37, -101, 550, -25, -106, 0, 0, 0
L 551, -38, -102, 551, -37, -101, 0, 0, 0
L 561, -57, -98, 551, -38, -102, 0, 0, 0
L 566, -65, -101, 561, -57, -98, 0, 0, 0
L 576, -77, -103, 566, -65, -101, 0, 0, 0
L 583, -84, -100, 576, -77, -103, 0, 0, 0
L 586, -93, -92, 583, -84, -100, 0, 0, 0
L 585, -100, -90, 586, -93, -92, 0, 0, 0
L 570, -99, -63, 585, -100, -90, 0, 0, 0
L 562, -109, -77, 570, -99, -63, 0, 0, 0
L 561, -120, -87, 562, -109, -77, 0, 0, 0
L 549, -130, -72, 561, -120, -87, 0, 0, 0
L 543, -148, -57, 549, -130, -72, 0, 0, 0
L 538, -163, -65, 543, -148, -57, 0, 0, 0
L 534, -173, -68, 538, -163, -65, 0, 0, 0
L 515, -173, -54, 534, -173, -68, 0, 0, 0
L 498, -157, -54, 515, -173, -54, 0, 0, 0
L 496, -148, -60, 498, -157, -54, 0, 0, 0
L 497, -142, -61, 496, -148, -60, 0, 0, 0
L 502, -132, -65, 497, -142, -61, 0, 0, 0
L 504, -124, -69, 502, -132, -65, 0, 0, 0
L 516, -126, -71, 504, -124, -69, 0, 0, 0
L 524, -134, -63, 516, -126, -71, 0, 0, 0
L 537, -122, -63, 524, -134, -63, 0, 0, 0
L 541, -116, -57, 537, -122, -63, 0, 0, 0
L 542, -102, -55, 541, -116, -57, 0, 0, 0
L 543, -95, -62, 542, -102, -55, 0, 0, 0
L 547, -81, -66, 543, -95, -62, 0, 0, 0
L 540, -61, -51, 547, -81, -66, 0, 0, 0
L 531, -43, -51, 540, -61, -51, 0, 0, 0
L 531, -33, -49, 531, -43, -51, 0, 0, 0
L 524, -26, -61, 531, -33, -49, 0, 0, 0
L 514, -23, -64, 524, -26, -61, 0, 0, 0
L 504, -12, -54, 514, -23, -64, 0, 0, 0
L 487, -11, -60, 504, -12, -54, 0, 0, 0
L 469, -9, -62, 487, -11, -60, 0, 0, 0
L 461, -0, -55, 469, -9, -62, 0, 0, 0
L 451, 5, -53, 461, -0, -53, 0, 0, 0
L 440, 8, -57, 451, 5, -53, 0, 0, 0
L 441, -3, -62, 440, 8, -57, 0, 0, 0
L 437, -13, -60, 441, -3, -62, 0, 0, 0
L 429, -12, -60, 437, -13, -60, 0, 0, 0
L 428, -11, -57, 429, -12, -60, 0, 0, 0
L 413, -16, -43, 428, -11, -57, 0, 0, 0
L 405, -21, -50, 413, -16, -43, 0, 0, 0
L 400, -27, -50, 405, -21, -50, 0, 0, 0
L 406, -37, -59, 400, -27, -50, 0, 0, 0
L 401, -43, -59, 406, -37, -59, 0, 0, 0
L 389, -39, -53, 401, -43, -59, 0, 0, 0
L 376, -33, -49, 389, -39, -53, 0, 0, 0
L 374, -24, -45, 376, -33, -49, 0, 0, 0
L 385, -15, -36, 374, -24, -45, 0, 0, 0
L 390, -4, -43, 385, -15, -36, 0, 0, 0
L 393, 8, -43, 390, -4, -43, 0, 0, 0
L 401, 23, -41, 393, 8, -43, 0, 0, 0
L 395, 47, -28, 401, 23, -41, 0, 0, 0
L 397, 57, -31, 395, 47, -28, 0, 0, 0
L 393, 62, -41, 397, 57, -31, 0, 0, 0
L 378, 63, -45, 393, 62, -41, 0, 0, 0
L 362, 70, -29, 378, 63, -45, 0, 0, 0
L 351, 64, -42, 362, 70, -29, 0, 0, 0
L 341, 63, -41, 351, 64, -42, 0, 0, 0
L 334, 65, -39, 341, 63, -41, 0, 0, 0
L 323, 57, -39, 334, 65, -39, 0, 0, 0
L 319, 50, -37, 323, 57, -39, 0, 0, 0
L 317, 41, -41, 319, 50, -37, 0, 0, 0
L 306, 31, -38, 317, 41, -41, 0, 0, 0
L 301, 26, -42, 306, 31, -38, 0, 0, 0
L 294, 18, -45, 301, 26, -42, 0, 0, 0
L 286, 16, -46, 294, 18, -45, 0, 0, 0
L 277, 21, -45, 286, 16, -46, 0, 0, 0
L 269, 33, -42, 277, 21, -45, 0, 0, 0
L 258, 36, -43, 269, 33, -42, 0, 0, 0
L 253, 42, -41, 258, 36, -43, 0, 0, 0
L 241, 54, -42, 253, 42, -41, 0, 0, 0
L 268, 72, -23, 241, 54, -42, 0, 0, 0
L 285, 101, -35, 268, 72, -23, 0, 0, 0
L 314, 149, -42, 285, 101, -35, 0, 0, 0
L 342, 238, -62, 314, 149, -42, 0, 0, 0
L 346, 262, -66, 342, 238, -62, 0, 0, 0
L 342, 318, -89, 346, 262, -66, 0, 0, 0
L 346, 355, -82, 342, 318, -89, 0, 0, 0
L 340, 392, -89, 346, 355, -82, 0, 0, 0
L 315, 457, -106, 340, 392, -89, 0, 0, 0
L 286, 481, -129, 315, 457, -106, 0, 0, 0
L 283, 486, -133, 286, 481, -129, 0, 0, 0
L 289, 489, -135, 283, 486, -133, 0, 0, 0
L 302, 495, -136, 289, 489, -135, 0, 0, 0
L 315, 503, -143, 302, 495, -136, 0, 0, 0
L 318, 501, -144, 315, 503, -143, 0, 0, 0
L 327, 502, -145, 318, 501, -144, 0, 0, 0
L 341, 513, -146, 327, 502, -145, 0, 0, 0
L 355, 519, -145, 341, 513, -146, 0, 0, 0
L 359, 521, -144, 355, 519, -145, 0, 0, 0
L 372, 526, -143, 359, 521, -144, 0, 0, 0
L 380, 527, -145, 372, 526, -143, 0, 0, 0
L 395, 533, -145, 380, 527, -145, 0, 0, 0
L 398, 533, -146, 395, 533, -145, 0, 0, 0
L 411, 535, -148, 398, 533, -146, 0, 0, 0
L 420, 535, -150, 411, 535, -148, 0, 0, 0
L 426, 531, -150, 420, 535, -150, 0, 0, 0
L 432, 532, -151, 426, 531, -150, 0, 0, 0
L 438, 531, -151, 432, 532, -151, 0, 0, 0
L 441, 522, -152, 438, 531, -151, 0, 0, 0
L 444, 511, -152, 441, 522, -152, 0, 0, 0
L 446, 505, -151, 444, 511, -152, 0, 0, 0
L 449, 496, -145, 446, 505, -151, 0, 0, 0
L 452, 487, -143, 449, 496, -145, 0, 0, 0
L 464, 488, -146, 452, 487, -143, 0, 0, 0
L 472, 487, -145, 464, 488, -146, 0, 0, 0
L 486, 482, -144, 472, 487, -145, 0, 0, 0
L 496, 481, -146, 486, 482, -144, 0, 0, 0
L 504, 482, -147, 496, 481, -146, 0, 0, 0
L 517, 479, -147, 504, 482, -147, 0, 0, 0
L 523, 476, -145, 517, 479, -147, 0, 0, 0
L 527, 479, -145, 523, 476, -145, 0, 0, 0
L 532, 490, -145, 527, 479, -145, 0, 0, 0
L 527, 491, -148, 532, 490, -145, 0, 0, 0
L 522, 493, -149, 527, 491, -148, 0, 0, 0
L 505, 495, -150, 522, 493, -149, 0, 0, 0
L 493, 497, -148, 505, 495, -150, 0, 0, 0
L 491, 502, -148, 493, 497, -148, 0, 0, 0
L 488, 507, -147, 491, 502, -148, 0, 0, 0
L 496, 512, -148, 488, 507, -147, 0, 0, 0
L 510, 508, -134, 496, 512, -148, 0, 0, 0
L 526, 504, -131, 510, 508, -134, 0, 0, 0
L 541, 501, -131, 526, 504, -131, 0, 0, 0
L 550, 496, -126, 541, 501, -131, 0, 0, 0
L 566, 491, -122, 550, 496, -126, 0, 0, 0
L 575, 483, -118, 566, 491, -122, 0, 0, 0
L 585, 472, -114, 575, 483, -118, 0, 0, 0
L 589, 465, -109, 585, 472, -114, 0, 0, 0
L 592, 456, -110, 589, 465, -109, 0, 0, 0
L 596, 439, -106, 592, 456, -110, 0, 0, 0
L 592, 430, -103, 596, 439, -106, 0, 0, 0
L 589, 423, -105, 592, 430, -103, 0, 0, 0
L 585, 405, -106, 589, 423, -105, 0, 0, 0
L 586, 389, -107, 585, 405, -106, 0, 0, 0
L 581, 378, -106, 586, 389, -107, 0, 0, 0
L 589, 378, -114, 581, 378, -105, 0, 0, 0
L 596, 378, -120, 589, 378, -114, 0, 0, 0
L 603, 379, -125, 596, 378, -120, 0, 0, 0
L 613, 379, -132, 603, 379, -125, 0, 0, 0
L 618, 378, -134, 613, 379, -132, 0, 0, 0
L 627, 376, -138, 618, 378, -134, 0, 0, 0
L 622, 370, -139, 627, 376, -138, 0, 0, 0
L 620, 367, -139, 622, 370, -139, 0, 0, 0
L 612, 366, -139, 620, 367, -139, 0, 0, 0
L 604, 366, -138, 612, 366, -139, 0, 0, 0
L 598, 366, -138, 604, 366, -138, 0, 0, 0
L 591, 360, -136, 598, 366, -138, 0, 0, 0
L 591, 357, -136, 591, 360, -136, 0, 0, 0
L 592, 348, -136, 591, 357, -136, 0, 0, 0
L 595, 340, -136, 592, 348, -136, 0, 0, 0
L 600, 322, -135, 595, 340, -136, 0, 0, 0
L 604, 314, -135, 600, 322, -135, 0, 0, 0
L 604, 309, -135, 604, 314, -135, 0, 0, 0
L 606, 300, -134, 604, 309, -135, 0, 0, 0
L 602, 292, -132, 606, 300, -134, 0, 0, 0
L 611, 291, -131, 602, 292, -132, 0, 0, 0
L 620, 293, -132, 611, 291, -131, 0, 0, 0
L 620, 301, -133, 620, 293, -132, 0, 0, 0
L 620, 302, -134, 620, 301, -133, 0, 0, 0
L 625, 304, -134, 620, 302, -134, 0, 0, 0
L 633, 305, -133, 625, 304, -134, 0, 0, 0
L 638, 307, -132, 633, 305, -133, 0, 0, 0
L 645, 307, -132, 638, 307, -132, 0, 0, 0
L 655, 308, -133, 645, 307, -132, 0, 0, 0
L 662, 305, -132, 655, 308, -133, 0, 0, 0
L 671, 304, -133, 662, 305, -132, 0, 0, 0
L 671, 329, -133, 671, 304, -133, 0, 0, 0
L 670, 342, -135, 671, 329, -133, 0, 0, 0
L 670, 351, -135, 670, 342, -135, 0, 0, 0
L 667, 365, -136, 670, 351, -135, 0, 0, 0
L 679, 387, -133, 667, 365, -136, 0, 0, 0
L 679, 392, -134, 679, 387, -133, 0, 0, 0
L 680, 404, -133, 679, 392, -134, 0, 0, 0
L 676, 403, -134, 680, 404, -133, 0, 0, 0
L 673, 404, -135, 676, 403, -134, 0, 0, 0
L 670, 407, -135, 673, 404, -135, 0, 0, 0
L 668, 411, -135, 670, 407, -135, 0, 0, 0
L 672, 438, -134, 668, 411, -135, 0, 0, 0
L 667, 452, -135, 672, 438, -134, 0, 0, 0
L 668, 462, -140, 667, 452, -135, 0, 0, 0
L 669, 470, -143, 668, 462, -140, 0, 0, 0
L 671, 483, -145, 669, 470, -143, 0, 0, 0
L 671, 488, -146, 671, 483, -145, 0, 0, 0
L 680, 498, -146, 671, 488, -146, 0, 0, 0
L 684, 499, -145, 680, 498, -146, 0, 0, 0
L 687, 499, -147, 684, 499, -145, 0, 0, 0
L 696, 499, -148, 687, 499, -147, 0, 0, 0
L 708, 500, -148, 696, 499, -148, 0, 0, 0
L 714, 502, -147, 708, 500, -148, 0, 0, 0
L 712, 505, -149, 714, 502, -147, 0, 0, 0
L 712, 513, -148, 712, 505, -149, 0, 0, 0
L 711, 528, -147, 712, 513, -148, 0, 0, 0
L 713, 540, -146, 711, 528, -147, 0, 0, 0
L 717, 549, -145, 713, 540, -146, 0, 0, 0
L 717, 557, -144, 717, 549, -145, 0, 0, 0
L 717, 565, -144, 717, 557, -144, 0, 0, 0
L 720, 581, -142, 717, 565, -144, 0, 0, 0
L 723, 583, -141, 720, 581, -142, 0, 0, 0
L 720, 585, -142, 723, 583, -141, 0, 0, 0
L 711, 590, -142, 720, 585, -142, 0, 0, 0
L 703, 592, -141, 711, 590, -142, 0, 0, 0
L 705, 581, -143, 703, 592, -141, 0, 0, 0
L 704, 577, -144, 705, 581, -143, 0, 0, 0
L 699, 570, -145, 704, 577, -144, 0, 0, 0
L 697, 566, -146, 699, 570, -145, 0, 0, 0
L 689, 561, -135, 697, 566, -146, 0, 0, 0
L 684, 568, -133, 688, 561, -135, 0, 0, 0
L 686, 582, -125, 684, 568, -133, 0, 0, 0
L 691, 595, -124, 686, 582, -125, 0, 0, 0
L 688, 600, -126, 691, 595, -124, 0, 0, 0
L 681, 612, -125, 688, 600, -126, 0, 0, 0
L 679, 630, -118, 681, 612, -125, 0, 0, 0
L 669, 644, -116, 679, 630, -118, 0, 0, 0
L 661, 657, -114, 669, 644, -116, 0, 0, 0
L 646, 668, -114, 661, 657, -114, 0, 0, 0
L 628, 675, -112, 646, 668, -114, 0, 0, 0
L 614, 678, -110, 628, 675, -112, 0, 0, 0
L 605, 680, -110, 614, 678, -110, 0, 0, 0
L 603, 683, -111, 605, 680, -110, 0, 0, 0
L 589, 694, -115, 603, 683, -111, 0, 0, 0
L 585, 701, -118, 589, 694, -115, 0, 0, 0
L 596, 718, -112, 585, 701, -118, 0, 0, 0
L 585, 726, -113, 596, 718, -112, 0, 0, 0
L 580, 723, -116, 585, 726, -113, 0, 0, 0
L 577, 720, -118, 580, 723, -116, 0, 0, 0
L 568, 722, -121, 577, 720, -118, 0, 0, 0
L 561, 720, -126, 568, 722, -121, 0, 0, 0
L 554, 719, -128, 561, 720, -126, 0, 0, 0
L 544, 721, -129, 554, 719, -128, 0, 0, 0
L 538, 723, -129, 544, 721, -129, 0, 0, 0
L 525, 724, -133, 538, 723, -129, 0, 0, 0
L 511, 724, -133, 525, 724, -133, 0, 0, 0
L 498, 725, -131, 511, 724, -133, 0, 0, 0
L 488, 729, -129, 498, 725, -131, 0, 0, 0
L 481, 720, -130, 488, 729, -129, 0, 0, 0
L 472, 718, -132, 481, 720, -130, 0, 0, 0
L 464, 716, -134, 472, 718, -132, 0, 0, 0
L 449, 715, -135, 464, 716, -134, 0, 0, 0
L 439, 718, -132, 449, 715, -135, 0, 0, 0
L 432, 719, -134, 439, 718, -132, 0, 0, 0
L 423, 728, -133, 432, 719, -134, 0, 0, 0
L 420, 728, -133, 423, 728, -133, 0, 0, 0
L 414, 723, -134, 420, 728, -133, 0, 0, 0
L 408, 721, -134, 414, 723, -134, 0, 0, 0
L 404, 719, -136, 408, 721, -134, 0, 0, 0
L 394, 722, -135, 404, 719, -136, 0, 0, 0
L 380, 719, -137, 394, 722, -135, 0, 0, 0
L 373, 719, -138, 380, 719, -137, 0, 0, 0
L 363, 717, -139, 373, 719, -138, 0, 0, 0
L 357, 714, -139, 363, 717, -139, 0, 0, 0
L 341, 714, -139, 357, 714, -139, 0, 0, 0
L 336, 717, -138, 341, 714, -139, 0, 0, 0
L 330, 721, -137, 336, 717, -138, 0, 0, 0
L 319, 721, -137, 330, 721, -137, 0, 0, 0
L 313, 718, -136, 319, 721, -137, 0, 0, 0
L 314, 704, -137, 313, 718, -136, 0, 0, 0
L 316, 701, -137, 314, 704, -137, 0, 0, 0
L 320, 693, -137, 316, 701, -137, 0, 0, 0
L 321, 686, -136, 320, 693, -137, 0, 0, 0
L 329, 684, -139, 321, 686, -136, 0, 0, 0
L 335, 678, -140, 329, 684, -139, 0, 0, 0
L 335, 675, -140, 335, 678, -140, 0, 0, 0
L 335, 667, -139, 335, 675, -140, 0, 0, 0
L 327, 658, -138, 335, 667, -139, 0, 0, 0
L 312, 654, -135, 327, 658, -138, 0, 0, 0
L 312, 649, -134, 312, 654, -135, 0, 0, 0
L 314, 643, -132, 312, 649, -134, 0, 0, 0
L 320, 636, -131, 314, 643, -132, 0, 0, 0
L 329, 631, -130, 320, 636, -131, 0, 0, 0
L 327, 638, -133, 329, 631, -130, 0, 0, 0
L 330, 640, -133, 327, 638, -133, 0, 0, 0
L 332, 641, -133, 330, 640, -133, 0, 0, 0
L 338, 642, -134, 332, 641, -133, 0, 0, 0
L 349, 641, -132, 338, 642, -134, 0, 0, 0
L 365, 644, -132, 349, 641, -132, 0, 0, 0
L 373, 644, -132, 365, 644, -132, 0, 0, 0
L 385, 649, -133, 373, 644, -132, 0, 0, 0
L 392, 649, -134, 385, 649, -133, 0, 0, 0
L 400, 650, -134, 392, 649, -134, 0, 0, 0
L 406, 647, -134, 400, 650, -134, 0, 0, 0
L 412, 643, -134, 406, 647, -134, 0, 0, 0
L 413, 638, -134, 412, 643, -134, 0, 0, 0
L 418, 641, -135, 413, 638, -134, 0, 0, 0
L 424, 645, -136, 418, 641, -135, 0, 0, 0
L 432, 643, -137, 424, 645, -136, 0, 0, 0
L 440, 643, -139, 432, 643, -137, 0, 0, 0
L 444, 642, -141, 440, 643, -139, 0, 0, 0
L 466, 643, -146, 444, 642, -141, 0, 0, 0
L 468, 638, -147, 466, 643, -146, 0, 0, 0
L 472, 629, -147, 468, 638, -147, 0, 0, 0
L 469, 620, -145, 472, 629, -147, 0, 0, 0
L 467, 613, -146, 469, 620, -145, 0, 0, 0
L 467, 604, -147, 467, 613, -146, 0, 0, 0
L 470, 591, -148, 467, 604, -147, 0, 0, 0
L 468, 581, -147, 470, 591, -148, 0, 0, 0
L 468, 576, -146, 468, 581, -147, 0, 0, 0
L 461, 572, -144, 468, 576, -146, 0, 0, 0
L 455, 567, -147, 461, 572, -144, 0, 0, 0
L 448, 564, -148, 455, 567, -147, 0, 0, 0
L 440, 561, -150, 448, 564, -148, 0, 0, 0
L 431, 560, -151, 440, 561, -150, 0, 0, 0
L 423, 558, -151, 431, 560, -151, 0, 0, 0
L 413, 561, -148, 423, 558, -151, 0, 0, 0
L 398, 567, -141, 413, 561, -148, 0, 0, 0
L 391, 564, -143, 398, 567, -141, 0, 0, 0
L 379, 563, -142, 391, 564, -143, 0, 0, 0
L 365, 562, -140, 379, 563, -142, 0, 0, 0
L 350, 556, -142, 365, 562, -140, 0, 0, 0
L 346, 553, -143, 350, 556, -142, 0, 0, 0
L 341, 549, -142, 346, 553, -143, 0, 0, 0
L 334, 546, -140, 341, 549, -142, 0, 0, 0
L 324, 541, -143, 334, 546, -140, 0, 0, 0
L 312, 539, -143, 324, 541, -143, 0, 0, 0
L 302, 529, -143, 312, 539, -143, 0, 0, 0
L 296, 511, -139, 302, 529, -143, 0, 0, 0
L 280, 507, -125, 296, 511, -139, 0, 0, 0
L 252, 572, -107, 280, 507, -125, 0, 0, 0
L 230, 598, -88, 252, 572, -108, 0, 0, 0
L 222, 606, -105, 230, 598, -88, 0, 0, 0
L 197, 630, -105, 222, 606, -105, 0, 0, 0
L 174, 647, -108, 197, 630, -105, 0, 0, 0
L 147, 667, -106, 174, 647, -108, 0, 0, 0
L 119, 687, -104, 147, 668, -106, 0, 0, 0
L 80, 714, -88, 119, 687, -104, 0, 0, 0
L 60, 724, -98, 80, 714, -88, 0, 0, 0
L 48, 734, -90, 60, 724, -98, 0, 0, 0
L 24, 741, -90, 48, 734, -90, 0, 0, 0
L -0, 757, -84, 24, 741, -90, 0, 0, 0
L -15, 773, -65, -0, 757, -84, 0, 0, 0
L -26, 783, -70, -15, 773, -65, 0, 0, 0
L -33, 805, -52, -26, 783, -70, 0, 0, 0
L -37, 847, -19, -33, 805, -52, 0, 0, 0
L -40, 859, -42, -37, 847, -19, 0, 0, 0
L -28, 873, -1, -40, 859, -42, 0, 0, 0
L -15, 892, -15, -28, 873, -1, 0, 0, 0
L -9, 901, -19, -15, 892, -15, 0, 0, 0
L 9, 909, -7, -9, 901, -19, 0, 0, 0
L 18, 914, 3, 9, 909, -7, 0, 0, 0
L 38, 914, 6, 18, 914, 3, 0, 0, 0
L 56, 911, 4, 38, 914, 6, 0, 0, 0
L 69, 916, 2, 56, 911, 4, 0, 0, 0
L 118, 923, -3, 69, 916, 2, 0, 0, 0
L 140, 932, -9, 118, 923, -3, 0, 0, 0
L 149, 942, -24, 140, 932, -9, 0, 0, 0
L 177, 946, -30, 149, 942, -24, 0, 0, 0
L 196, 967, -50, 177, 946, -30, 0, 0, 0
L 214, 979, -64, 196, 967, -50, 0, 0, 0
L 231, 978, -62, 214, 979, -64, 0, 0, 0
L 244, 1000, -77, 231, 978, -62, 0, 0, 0
L 253, 1012, -91, 243, 1000, -77, 255, 0, 0
L 272, 1007, -90, 253, 1012, -91, 255, 0, 0
L 292, 1033, -90, 272, 1007, -90, 255, 0, 0
L 312, 1061, -91, 292, 1034, -90, 255, 0, 0
L 318, 1115, -90, 312, 1061, -91, 255, 0, 0
L 274, 1173, -90, 318, 1115, -90, 255, 0, 0
L 260, 1179, -90, 274, 1173, -90, 255, 0, 0
L 243, 1169, -91, 260, 1179, -90, 255, 0, 0
L 233, 1166, -90, 243, 1169, -91, 255, 0, 0
L 226, 1150, -91, 233, 1166, -90, 255, 0, 0
L 218, 1135, -91, 226, 1150, -91, 255, 0, 0
L 212, 1119, -91, 218, 1135, -91, 255, 0, 0
L 190, 1086, -40, 212, 1119, -91, 255, 0, 0
L 190, 1081, -39, 190, 1086, -40, 0, 0, 0
L 169, 1070, -15, 190, 1081, -39, 0, 0, 0
L 125, 1061, 4, 169, 1070, -15, 0, 0, 0
L 89, 1059, 27, 125, 1061, 4, 0, 0, 0
L 74, 1055, 18, 89, 1059, 27, 0, 0, 0
L 29, 1055, 33, 74, 1055, 18, 0, 0, 0
L 23, 1055, 34, 29, 1055, 33, 0, 0, 0
L -47, 1035, 29, 23, 1055, 34, 0, 0, 0
L -57, 1030, 28, -47, 1035, 29, 0, 0, 0
L -79, 1016, 19, -57, 1030, 28, 0, 0, 0
L -110, 993, 16, -79, 1016, 19, 0, 0, 0
L -117, 987, 14, -110, 993, 16, 0, 0, 0
L -127, 975, 10, -117, 987, 14, 0, 0, 0
L -158, 930, -4, -127, 975, 10, 0, 0, 0
L -162, 911, -16, -158, 930, -4, 0, 0, 0
L -164, 886, -36, -162, 911, -16, 0, 0, 0
L -166, 881, -36, -164, 886, -36, 0, 0, 0
L -175, 880, -37, -166, 881, -36, 0, 0, 0
L -180, 881, -37, -175, 880, -37, 0, 0, 0
L -191, 882, -36, -180, 881, -37, 0, 0, 0
L -203, 884, -35, -191, 882, -36, 0, 0, 0
L -211, 892, -36, -203, 884, -35, 0, 0, 0
L -226, 900, -39, -211, 892, -36, 0, 0, 0
L -234, 905, -39, -226, 900, -39, 0, 0, 0
L -241, 906, -39, -234, 905, -39, 0, 0, 0
L -253, 904, -41, -241, 906, -39, 0, 0, 0
L -263, 910, -40, -253, 904, -41, 0, 0, 0
L -268, 917, -38, -263, 910, -40, 0, 0, 0
L -269, 925, -35, -268, 917, -38, 0, 0, 0
L -270, 927, -34, -269, 925, -35, 0, 0, 0
L -279, 923, -38, -270, 927, -34, 0, 0, 0
L -295, 924, -43, -279, 923, -38, 0, 0, 0
L -299, 929, -44, -295, 924, -43, 0, 0, 0
L -307, 940, -46, -299, 929, -44, 0, 0, 0
L -307, 943, -46, -307, 940, -46, 0, 0, 0
L -302, 954, -46, -307, 943, -46, 0, 0, 0
L -300, 964, -45, -302, 954, -46, 0, 0, 0
L -302, 972, -43, -300, 964, -45, 0, 0, 0
L -304, 980, -39, -302, 972, -43, 0, 0, 0
L -310, 979, -42, -304, 980, -39, 0, 0, 0
L -333, 981, -45, -310, 979, -42, 0, 0, 0
L -339, 981, -47, -333, 981, -45, 0, 0, 0
L -343, 984, -45, -339, 981, -47, 0, 0, 0
L -351, 991, -42, -343, 984, -45, 0, 0, 0
L -354, 995, -39, -351, 991, -42, 0, 0, 0
L -359, 994, -43, -354, 995, -39, 0, 0, 0
L -367, 994, -46, -359, 994, -43, 0, 0, 0
L -373, 986, -51, -367, 994, -46, 0, 0, 0
L -377, 992, -52, -373, 986, -51, 0, 0, 0
L -378, 994, -52, -377, 992, -52, 0, 0, 0
L -384, 998, -53, -378, 994, -52, 0, 0, 0
L -388, 1002, -53, -384, 998, -53, 0, 0, 0
L -378, 1020, -59, -388, 1002, -53, 0, 0, 0
L -377, 1029, -62, -378, 1020, -59, 0, 0, 0
L -372, 1029, -60, -377, 1029, -62, 0, 0, 0
L -363, 1028, -56, -372, 1029, -60, 0, 0, 0
L -362, 1031, -57, -363, 1028, -56, 0, 0, 0
L -349, 1041, -62, -362, 1031, -57, 0, 0, 0
L -346, 1054, -62, -349, 1041, -62, 0, 0, 0
L -344, 1068, -62, -346, 1054, -62, 0, 0, 0
L -349, 1098, -58, -344, 1068, -62, 0, 0, 0
L -368, 1114, -63, -349, 1098, -58, 0, 0, 0
L -373, 1116, -65, -368, 1114, -63, 0, 0, 0
L -375, 1120, -65, -373, 1116, -65, 0, 0, 0
L -376, 1128, -63, -375, 1120, -65, 0, 0, 0
L -377, 1136, -60, -376, 1128, -63, 0, 0, 0
L -380, 1141, -60, -377, 1136, -60, 0, 0, 0
L -390, 1146, -66, -380, 1141, -60, 0, 0, 0
L -394, 1151, -67, -390, 1146, -66, 0, 0, 0
L -397, 1157, -68, -394, 1151, -67, 0, 0, 0
L -401, 1163, -68, -397, 1157, -68, 0, 0, 0
L -404, 1178, -68, -401, 1163, -68, 0, 0, 0
L -403, 1183, -68, -404, 1178, -68, 0, 0, 0
L -409, 1186, -70, -403, 1183, -68, 0, 0, 0
L -412, 1190, -71, -409, 1186, -70, 0, 0, 0
L -406, 1200, -63, -412, 1190, -71, 0, 0, 0
L -400, 1199, -65, -406, 1200, -63, 0, 0, 0
L -397, 1195, -66, -400, 1199, -65, 0, 0, 0
L -389, 1200, -71, -397, 1195, -66, 0, 0, 0
L -385, 1203, -71, -389, 1200, -71, 0, 0, 0
L -378, 1204, -71, -385, 1203, -71, 0, 0, 0
L -361, 1202, -70, -378, 1204, -71, 0, 0, 0
L -355, 1199, -68, -361, 1202, -70, 0, 0, 0
L -352, 1206, -71, -355, 1199, -68, 0, 0, 0
L -345, 1217, -76, -352, 1206, -71, 0, 0, 0
L -336, 1225, -79, -345, 1217, -76, 0, 0, 0
L -333, 1225, -80, -336, 1225, -79, 0, 0, 0
L -327, 1226, -83, -333, 1225, -80, 0, 0, 0
L -321, 1224, -84, -327, 1226, -83, 0, 0, 0
L -309, 1219, -85, -321, 1224, -84, 0, 0, 0
L -304, 1211, -81, -309, 1219, -85, 0, 0, 0
L -299, 1202, -74, -304, 1211, -81, 0, 0, 0
L -298, 1203, -76, -299, 1202, -74, 0, 0, 0
L -287, 1206, -83, -298, 1203, -76, 0, 0, 0
L -269, 1197, -92, -287, 1206, -83, 0, 0, 0
L -269, 1193, -92, -269, 1197, -92, 0, 0, 0
L -271, 1183, -93, -269, 1193, -92, 0, 0, 0
L -283, 1180, -84, -271, 1183, -93, 0, 0, 0
L -292, 1175, -89, -283, 1180, -84, 0, 0, 0
L -303, 1167, -91, -292, 1175, -89, 0, 0, 0
L -309, 1153, -85, -303, 1167, -91, 0, 0, 0
L -309, 1145, -86, -309, 1153, -85, 0, 0, 0
L -307, 1138, -89, -309, 1145, -86, 0, 0, 0
L -306, 1125, -92, -307, 1138, -89, 0, 0, 0
L -310, 1118, -89, -306, 1125, -92, 0, 0, 0
L -316, 1114, -84, -310, 1118, -89, 0, 0, 0
L -307, 1100, -91, -316, 1114, -84, 0, 0, 0
L -306, 1093, -92, -307, 1100, -91, 0, 0, 0
L -309, 1077, -89, -306, 1093, -92, 0, 0, 0
L -307, 1066, -89, -309, 1077, -89, 0, 0, 0
L -295, 1052, -93, -307, 1066, -89, 0, 0, 0
L -277, 1043, -92, -295, 1052, -93, 0, 0, 0
L -266, 1042, -91, -277, 1043, -92, 0, 0, 0
L -250, 1044, -88, -266, 1042, -91, 0, 0, 0
L -244, 1044, -83, -250, 1044, -88, 0, 0, 0
L -243, 1050, -89, -244, 1044, -84, 0, 0, 0
L -238, 1067, -93, -243, 1050, -89, 0, 0, 0
L -236, 1075, -89, -238, 1067, -93, 0, 0, 0
L -228, 1077, -90, -236, 1075, -89, 0, 0, 0
L -221, 1075, -85, -228, 1077, -90, 0, 0, 0
L -218, 1083, -88, -221, 1075, -85, 0, 0, 0
L -212, 1092, -92, -218, 1083, -88, 0, 0, 0
L -209, 1097, -93, -212, 1092, -92, 0, 0, 0
L -196, 1097, -90, -209, 1097, -93, 0, 0, 0
L -190, 1098, -88, -196, 1097, -90, 0, 0, 0
L -183, 1096, -82, -190, 1098, -88, 0, 0, 0
L -181, 1108, -91, -183, 1096, -82, 0, 0, 0
L -179, 1115, -92, -181, 1108, -91, 0, 0, 0
L -175, 1125, -86, -179, 1115, -92, 0, 0, 0
L -177, 1126, -90, -175, 1125, -86, 0, 0, 0
L -183, 1136, -93, -177, 1126, -90, 0, 0, 0
L -184, 1146, -94, -183, 1136, -93, 0, 0, 0
L -178, 1155, -90, -184, 1146, -94, 0, 0, 0
L -183, 1167, -95, -178, 1155, -90, 0, 0, 0
L -184, 1171, -93, -183, 1167, -95, 0, 0, 0
L -189, 1175, -95, -184, 1171, -93, 0, 0, 0
L -194, 1178, -98, -189, 1175, -95, 0, 0, 0
L -197, 1175, -100, -194, 1178, -98, 0, 0, 0
L -201, 1172, -100, -197, 1175, -100, 0, 0, 0
L -205, 1173, -100, -201, 1172, -100, 0, 0, 0
L -208, 1179, -98, -205, 1173, -100, 0, 0, 0
L -201, 1186, -101, -208, 1179, -98, 0, 0, 0
L -202, 1194, -101, -201, 1186, -101, 0, 0, 0
L -203, 1197, -101, -202, 1194, -101, 0, 0, 0
L -202, 1202, -101, -203, 1197, -101, 0, 0, 0
L -198, 1212, -98, -202, 1202, -101, 0, 0, 0
L -202, 1222, -108, -198, 1212, -98, 0, 0, 0
L -203, 1226, -111, -202, 1222, -108, 0, 0, 0
L -196, 1232, -115, -203, 1226, -111, 0, 0, 0
L -188, 1233, -117, -196, 1232, -115, 0, 0, 0
L -180, 1233, -118, -188, 1233, -117, 0, 0, 0
L -174, 1226, -120, -180, 1233, -118, 0, 0, 0
L -168, 1220, -125, -174, 1226, -120, 0, 0, 0
L -163, 1220, -128, -168, 1220, -125, 0, 0, 0
L -143, 1192, -126, -163, 1220, -128, 0, 0, 0
L -137, 1186, -133, -143, 1192, -126, 0, 0, 0
L -126, 1175, -135, -137, 1186, -133, 0, 0, 0
L -123, 1171, -135, -126, 1175, -135, 0, 0, 0
L -116, 1153, -135, -123, 1171, -135, 0, 0, 0
L -118, 1139, -135, -116, 1153, -135, 0, 0, 0
L -120, 1133, -135, -118, 1139, -135, 0, 0, 0
L -131, 1121, -132, -120, 1133, -135, 0, 0, 0
L -136, 1119, -128, -131, 1121, -132, 0, 0, 0
L -134, 1107, -134, -136, 1119, -128, 0, 0, 0
L -129, 1089, -131, -134, 1107, -134, 0, 0, 0
L -110, 1084, -135, -129, 1089, -131, 0, 0, 0
L -103, 1079, -133, -110, 1084, -135, 0, 0, 0
L -97, 1075, -131, -103, 1079, -133, 0, 0, 0
L -91, 1073, -129, -97, 1075, -131, 0, 0, 0
L -80, 1084, -135, -91, 1073, -129, 0, 0, 0
L -71, 1078, -132, -80, 1084, -135, 0, 0, 0
L -61, 1080, -135, -71, 1078, -132, 0, 0, 0
L -54, 1080, -135, -61, 1080, -135, 0, 0, 0
L -42, 1079, -135, -54, 1080, -135, 0, 0, 0
L -32, 1081, -135, -42, 1079, -135, 0, 0, 0
L -21, 1084, -129, -32, 1081, -135, 0, 0, 0
L -19, 1092, -134, -21, 1084, -129, 0, 0, 0
L -16, 1097, -135, -19, 1092, -134, 0, 0, 0
L -8, 1113, -135, -16, 1097, -135, 0, 0, 0
L 10, 1119, -131, -8, 1113, -135, 0, 0, 0
L 16, 1122, -129, 10, 1119, -131, 0, 0, 0
L 20, 1137, -133, 16, 1122, -129, 0, 0, 0
L 22, 1143, -135, 18, 1128, -131, 0, 0, 0
L 18, 1164, -135, 22, 1143, -135, 0, 0, 0
L 8, 1174, -135, 18, 1164, -135, 0, 0, 0
L 2, 1181, -135, 8, 1174, -135, 0, 0, 0
L -7, 1198, -135, 2, 1181, -135, 0, 0, 0
L -11, 1212, -131, -7, 1198, -135, 0, 0, 0
L -12, 1220, -126, -11, 1212, -131, 0, 0, 0
L -21, 1218, -132, -12, 1220, -126, 0, 0, 0
L -33, 1217, -134, -21, 1218, -132, 0, 0, 0
L -62, 1224, -135, -33, 1217, -134, 0, 0, 0
L -72, 1231, -135, -62, 1224, -135, 0, 0, 0
L -80, 1237, -135, -72, 1231, -135, 0, 0, 0
L -85, 1251, -130, -80, 1237, -135, 0, 0, 0
L -86, 1256, -126, -85, 1251, -130, 0, 0, 0
L -99, 1255, -134, -86, 1256, -126, 0, 0, 0
L -104, 1255, -133, -99, 1255, -134, 0, 0, 0
L -112, 1255, -131, -104, 1255, -133, 0, 0, 0
L -118, 1258, -126, -112, 1255, -131, 0, 0, 0
L -122, 1250, -132, -118, 1258, -126, 0, 0, 0
L -128, 1243, -134, -122, 1250, -132, 0, 0, 0
L -133, 1238, -135, -128, 1243, -134, 0, 0, 0
L -139, 1242, -134, -133, 1238, -135, 0, 0, 0
L -145, 1248, -125, -139, 1242, -132, 0, 0, 0
L -157, 1253, -124, -145, 1248, -125, 0, 0, 0
L -163, 1259, -124, -157, 1253, -124, 0, 0, 0
L -171, 1269, -118, -163, 1259, -124, 0, 0, 0
L -173, 1271, -116, -171, 1269, -118, 0, 0, 0
L -174, 1290, -109, -173, 1271, -116, 0, 0, 0
L -179, 1301, -106, -174, 1290, -109, 0, 0, 0
L -188, 1309, -108, -179, 1301, -106, 0, 0, 0
L -208, 1322, -109, -188, 1309, -108, 0, 0, 0
L -221, 1329, -107, -208, 1322, -109, 0, 0, 0
L -235, 1335, -104, -221, 1329, -107, 0, 0, 0
L -244, 1336, -105, -235, 1335, -104, 0, 0, 0
L -250, 1335, -107, -244, 1336, -105, 0, 0, 0
L -257, 1334, -110, -250, 1335, -107, 0, 0, 0
L -258, 1335, -110, -257, 1334, -110, 0, 0, 0
L -266, 1349, -102, -258, 1335, -110, 0, 0, 0
L -267, 1351, -101, -266, 1349, -102, 0, 0, 0
L -259, 1364, -102, -267, 1351, -101, 0, 0, 0
L -255, 1365, -102, -259, 1364, -102, 0, 0, 0
L -247, 1366, -102, -255, 1365, -102, 0, 0, 0
L -244, 1366, -102, -247, 1366, -102, 0, 0, 0
L -237, 1356, -98, -244, 1366, -102, 0, 0, 0
L -227, 1358, -98, -237, 1356, -98, 0, 0, 0
L -225, 1357, -98, -227, 1358, -98, 0, 0, 0
L -217, 1355, -99, -225, 1357, -98, 0, 0, 0
L -215, 1353, -98, -217, 1355, -99, 0, 0, 0
L -213, 1350, -96, -215, 1353, -98, 0, 0, 0
L -208, 1344, -92, -213, 1350, -96, 0, 0, 0
L -203, 1346, -95, -208, 1344, -92, 0, 0, 0
L -177, 1346, -98, -203, 1346, -95, 0, 0, 0
L -164, 1357, -96, -177, 1346, -98, 0, 0, 0
L -157, 1362, -95, -164, 1357, -96, 0, 0, 0
L -154, 1363, -94, -157, 1362, -95, 0, 0, 0
L -151, 1364, -91, -154, 1363, -94, 0, 0, 0
L -156, 1371, -96, -151, 1365, -91, 0, 0, 0
L -158, 1376, -98, -156, 1371, -96, 0, 0, 0
L -162, 1382, -100, -158, 1376, -98, 0, 0, 0
L -161, 1387, -99, -162, 1382, -100, 0, 0, 0
L -159, 1402, -96, -161, 1387, -99, 0, 0, 0
L -171, 1413, -97, -159, 1402, -96, 0, 0, 0
L -170, 1416, -98, -171, 1413, -97, 0, 0, 0
L -175, 1420, -99, -170, 1416, -98, 0, 0, 0
L -181, 1427, -97, -175, 1420, -99, 0, 0, 0
L -192, 1441, -93, -181, 1427, -97, 0, 0, 0
L -200, 1438, -96, -192, 1441, -93, 0, 0, 0
L -214, 1435, -98, -200, 1438, -96, 0, 0, 0
L -230, 1441, -95, -214, 1435, -98, 0, 0, 0
L -258, 1433, -99, -230, 1441, -95, 0, 0, 0
L -259, 1431, -100, -258, 1433, -99, 0, 0, 0
L -263, 1430, -100, -259, 1431, -100, 0, 0, 0
L -285, 1427, -97, -263, 1430, -100, 0, 0, 0
L -294, 1421, -97, -285, 1427, -97, 0, 0, 0
L -303, 1410, -97, -294, 1421, -97, 0, 0, 0
L -309, 1398, -98, -303, 1410, -97, 0, 0, 0
L -312, 1386, -99, -309, 1398, -98, 0, 0, 0
L -331, 1381, -96, -312, 1386, -99, 0, 0, 0
L -349, 1382, -90, -331, 1381, -96, 0, 0, 0
L -356, 1356, -98, -349, 1382, -90, 0, 0, 0
L -357, 1351, -99, -356, 1356, -98, 0, 0, 0
L -381, 1347, -96, -357, 1351, -99, 0, 0, 0
L -405, 1341, -88, -381, 1347, -96, 0, 0, 0
L -410, 1341, -84, -405, 1341, -88, 0, 0, 0
L -413, 1330, -87, -410, 1341, -84, 0, 0, 0
L -418, 1317, -86, -413, 1330, -87, 0, 0, 0
L -421, 1312, -83, -418, 1317, -86, 0, 0, 0
L -418, 1307, -84, -421, 1312, -83, 0, 0, 0
L -408, 1295, -83, -418, 1307, -84, 0, 0, 0
L -409, 1281, -77, -408, 1295, -83, 0, 0, 0
L -411, 1273, -71, -409, 1281, -77, 0, 0, 0
L -403, 1269, -75, -411, 1273, -71, 0, 0, 0
L -387, 1261, -76, -403, 1269, -75, 0, 0, 0
L -384, 1259, -76, -387, 1261, -76, 0, 0, 0
L -378, 1244, -77, -384, 1259, -76, 0, 0, 0
L -380, 1238, -78, -378, 1244, -77, 0, 0, 0
L -389, 1233, -75, -380, 1238, -78, 0, 0, 0
L -394, 1232, -74, -389, 1233, -75, 0, 0, 0
L -402, 1232, -71, -394, 1232, -74, 0, 0, 0
L -411, 1240, -62, -402, 1232, -71, 0, 0, 0
L -421, 1230, -67, -411, 1240, -62, 0, 0, 0
L -427, 1229, -66, -421, 1230, -67, 0, 0, 0
L -450, 1230, -61, -427, 1229, -66, 0, 0, 0
L -465, 1224, -57, -450, 1230, -61, 0, 0, 0
L -475, 1220, -53, -465, 1224, -57, 0, 0, 0
L -474, 1207, -58, -475, 1220, -53, 0, 0, 0
L -473, 1190, -63, -474, 1207, -58, 0, 0, 0
L -475, 1185, -63, -473, 1190, -63, 0, 0, 0
L -485, 1176, -61, -475, 1185, -63, 0, 0, 0
L -492, 1168, -60, -485, 1176, -61, 0, 0, 0
L -499, 1147, -61, -492, 1168, -60, 0, 0, 0
L -504, 1127, -52, -499, 1147, -61, 0, 0, 0
L -485, 1111, -59, -504, 1127, -52, 0, 0, 0
L -481, 1107, -60, -485, 1111, -59, 0, 0, 0
L -480, 1086, -56, -481, 1107, -60, 0, 0, 0
L -481, 1076, -51, -480, 1086, -56, 0, 0, 0
L -463, 1073, -58, -481, 1076, -51, 0, 0, 0
L -443, 1072, -61, -463, 1073, -58, 0, 0, 0
L -436, 1073, -63, -443, 1072, -61, 0, 0, 0
L -422, 1059, -63, -436, 1073, -63, 0, 0, 0
L -418, 1053, -62, -422, 1059, -63, 0, 0, 0
L -410, 1040, -60, -418, 1053, -62, 0, 0, 0
L -410, 1034, -58, -410, 1040, -60, 0, 0, 0
L -418, 1020, -54, -410, 1034, -58, 0, 0, 0
L -420, 1018, -53, -418, 1020, -54, 0, 0, 0
L -439, 1015, -46, -420, 1018, -53, 0, 0, 0
L -444, 1014, -44, -439, 1015, -46, 0, 0, 0
L -452, 990, -48, -444, 1014, -44, 0, 0, 0
L -454, 970, -42, -452, 990, -48, 0, 0, 0
L -455, 960, -36, -454, 970, -42, 0, 0, 0
L -434, 952, -48, -455, 960, -36, 0, 0, 0
L -418, 952, -49, -434, 952, -48, 0, 0, 0
L -426, 945, -46, -418, 952, -49, 0, 0, 0
L -432, 933, -44, -426, 945, -46, 0, 0, 0
L -432, 920, -37, -432, 933, -44, 0, 0, 0
L -412, 913, -46, -432, 920, -37, 0, 0, 0
L -406, 909, -47, -412, 913, -46, 0, 0, 0
L -390, 896, -48, -406, 909, -47, 0, 0, 0
L -371, 887, -46, -390, 896, -48, 0, 0, 0
L -363, 876, -40, -371, 887, -46, 0, 0, 0
L -346, 881, -47, -363, 876, -40, 0, 0, 0
L -318, 883, -44, -346, 881, -47, 0, 0, 0
L -312, 884, -44, -318, 883, -44, 0, 0, 0
L -295, 885, -43, -312, 884, -44, 0, 0, 0
L -272, 879, -42, -295, 885, -43, 0, 0, 0
L -262, 870, -38, -272, 879, -42, 0, 0, 0
L -253, 861, -34, -262, 870, -38, 0, 0, 0
L -238, 859, -37, -253, 861, -34, 0, 0, 0
L -216, 865, -41, -238, 859, -37, 0, 0, 0
L -201, 865, -35, -216, 865, -41, 0, 0, 0
L -182, 861, -38, -201, 865, -35, 0, 0, 0
L -183, 853, -25, -182, 861, -38, 0, 0, 0
L -181, 771, -38, -183, 853, -25, 0, 0, 0
L -151, 709, -67, -181, 771, -38, 0, 0, 0
L -147, 697, -63, -151, 709, -67, 0, 0, 0
L -99, 661, -95, -147, 697, -63, 0, 0, 0
L -86, 639, -85, -99, 661, -95, 0, 0, 0
L -62, 625, -90, -86, 639, -85, 0, 0, 0
L -52, 619, -96, -62, 625, -90, 0, 0, 0
L -63, 611, -90, -52, 619, -96, 0, 0, 0
L -73, 602, -91, -63, 611, -90, 0, 0, 0
L -84, 600, -90, -73, 602, -91, 0, 0, 0
L -95, 598, -87, -84, 600, -90, 0, 0, 0
L -99, 597, -90, -95, 598, -87, 0, 0, 0
L -101, 602, -86, -99, 597, -90, 0, 0, 0
L -101, 625, -87, -101, 602, -86, 0, 0, 0
L -107, 641, -92, -101, 625, -87, 0, 0, 0
L -113, 655, -88, -107, 641, -92, 0, 0, 0
L -131, 669, -89, -113, 655, -88, 0, 0, 0
L -135, 672, -90, -131, 669, -89, 0, 0, 0
L -158, 679, -88, -135, 672, -90, 0, 0, 0
L -180, 678, -86, -158, 679, -88, 0, 0, 0
L -196, 673, -91, -180, 678, -86, 0, 0, 0
L -201, 673, -91, -196, 673, -91, 0, 0, 0
L -212, 683, -90, -201, 673, -91, 0, 0, 0
L -232, 692, -90, -212, 683, -90, 0, 0, 0
L -253, 697, -91, -232, 692, -90, 0, 0, 0
L -274, 697, -90, -253, 697, -91, 0, 0, 0
L -296, 692, -91, -274, 697, -90, 0, 0, 0
L -316, 682, -90, -296, 692, -91, 0, 0, 0
L -332, 667, -90, -316, 682, -90, 0, 0, 0
L -344, 649, -90, -332, 667, -90, 0, 0, 0
L -352, 629, -90, -344, 649, -90, 0, 0, 0
L -356, 613, -90, -352, 629, -90, 0, 0, 0
L -356, 598, -88, -356, 613, -90, 0, 0, 0
L -355, 595, -93, -356, 598, -88, 0, 0, 0
L -362, 597, -86, -355, 595, -93, 0, 0, 0
L -386, 584, -86, -362, 597, -86, 0, 0, 0
L -399, 565, -89, -386, 584, -86, 0, 0, 0
L -404, 552, -90, -399, 565, -89, 0, 0, 0
L -408, 528, -86, -404, 552, -90, 0, 0, 0
L -401, 502, -87, -408, 528, -86, 0, 0, 0
L -382, 481, -88, -401, 502, -87, 0, 0, 0
L -360, 471, -88, -382, 481, -88, 0, 0, 0
L -350, 468, -92, -360, 471, -88, 0, 0, 0
L -349, 468, -92, -350, 468, -92, 0, 0, 0
L -349, 463, -91, -349, 468, -92, 0, 0, 0
L -347, 453, -90, -349, 463, -91, 0, 0, 0
L -339, 438, -92, -347, 453, -90, 0, 0, 0
L -330, 424, -90, -339, 438, -92, 0, 0, 0
L -310, 408, -91, -330, 424, -90, 0, 0, 0
L -298, 399, -87, -310, 408, -91, 0, 0, 0
L -295, 391, -93, -298, 399, -87, 0, 0, 0
L -290, 380, -94, -295, 391, -93, 0, 0, 0
L -276, 367, -94, -290, 380, -94, 0, 0, 0
L -259, 363, -94, -276, 367, -94, 0, 0, 0
L -241, 367, -94, -259, 363, -94, 0, 0, 0
L -224, 381, -92, -241, 367, -94, 0, 0, 0
L -203, 381, -92, -224, 381, -92, 0, 0, 0
L -182, 386, -91, -203, 381, -92, 0, 0, 0
L -156, 403, -91, -182, 386, -91, 0, 0, 0
L -149, 414, -94, -156, 403, -91, 0, 0, 0
L -146, 415, -90, -149, 414, -94, 0, 0, 0
L -144, 414, -88, -146, 415, -90, 0, 0, 0
L -136, 415, -94, -144, 414, -88, 0, 0, 0
L -124, 417, -94, -136, 415, -94, 0, 0, 0
L -119, 421, -91, -124, 417, -94, 0, 0, 0
L -116, 420, -91, -119, 421, -91, 0, 0, 0
L -114, 417, -90, -116, 420, -91, 0, 0, 0
L -107, 409, -90, -114, 417, -90, 0, 0, 0
L -91, 394, -90, -107, 409, -90, 0, 0, 0
L -86, 388, -90, -91, 394, -90, 0, 0, 0
L -86, 386, -91, -86, 388, -90, 0, 0, 0
L -92, 374, -92, -86, 386, -91, 0, 0, 0
L -97, 361, -92, -92, 374, -92, 0, 0, 0
L -99, 333, -87, -97, 361, -92, 0, 0, 0
L -85, 305, -87, -99, 333, -87, 0, 0, 0
L -77, 298, -88, -85, 305, -87, 0, 0, 0
L -58, 285, -86, -77, 298, -88, 0, 0, 0
L -36, 283, -90, -58, 285, -86, 0, 0, 0
L -23, 285, -92, -36, 283, -90, 0, 0, 0
L -0, 294, -93, -23, 285, -92, 0, 0, 0
L 12, 304, -92, -0, 294, -93, 0, 0, 0
L 30, 336, -88, 12, 304, -92, 0, 0, 0
L 29, 362, -90, 30, 336, -88, 0, 0, 0
L 22, 380, -89, 29, 362, -90, 0, 0, 0
L 12, 386, -95, 22, 380, -89, 0, 0, 0
L 18, 403, -89, 12, 386, -95, 0, 0, 0
L 30, 417, -91, 18, 403, -89, 0, 0, 0
L 43, 426, -96, 30, 417, -91, 0, 0, 0
L 58, 429, -102, 43, 426, -96, 0, 0, 0
L 87, 429, -114, 58, 429, -102, 0, 0, 0
L 112, 432, -118, 87, 429, -114, 0, 0, 0
L 137, 441, -118, 112, 432, -118, 0, 0, 0
L 155, 452, -116, 137, 441, -118, 0, 0, 0
L 160, 456, -106, 155, 452, -116, 0, 0, 0
L 164, 458, -112, 160, 456, -106, 0, 0, 0
L 186, 432, -115, 164, 458, -112, 0, 0, 0
L 208, 391, -115, 186, 432, -115, 0, 0, 0
L 206, 361, -97, 208, 391, -115, 0, 0, 0
L 213, 319, -90, 206, 361, -97, 0, 0, 0
L 212, 270, -80, 213, 319, -90, 0, 0, 0
L 203, 227, -69, 212, 270, -80, 0, 0, 0
L 192, 201, -57, 203, 227, -69, 0, 0, 0
L 186, 183, -57, 192, 201, -57, 0, 0, 0
L 174, 152, -55, 186, 183, -57, 0, 0, 0
L 159, 133, -48, 174, 152, -55, 0, 0, 0
L 132, 110, -30, 159, 133, -48, 0, 0, 0
L 106, 97, -14, 132, 110, -30, 0, 0, 0
L 75, 76, -5, 106, 97, -14, 0, 0, 0
L 35, 61, 19, 75, 76, -5, 0, 0, 0
L -10, 42, 15, 35, 61, 19, 0, 0, 0
L -54, 17, 14, -10, 42, 15, 0, 0, 0
L -61, 14, 7, -54, 17, 14, 0, 0, 0
L -94, 3, 6, -61, 14, 7, 0, 0, 0
