P 850.6660, -1704.6080, 564.9870,  240, 0, 0,  2,  Ether
P 1534.2950, 2686.8511, 9.5930,  0, 240, 0,  2,  Basilisk_Valley
P -644.0090, 1306.7600, 387.1750,  240, 240, 0,  2,  Mutaq_Busla_(_Quests_)
P -744.9620, 1614.6270, 371.7250,  240, 240, 0,  2,  Hranath_Velentok_(_Quest_)
P -830.2570, 1468.6630, 377.2820,  240, 240, 0,  2,  Armorer_Arkin_(_Armor_Quests_)
P -1359.8790, -2771.5210, 359.8510,  240, 0, 0,  2,  Sulfurog
P -1237.9360, -2712.0830, 359.8920,  0, 240, 0,  2,  The_Sulfur_Bog
P 1211.5280, 1090.2380, 210.9770,  240, 0, 0,  2,  Overseer_Vorsirus_+_Guardian_of_the_Mines_(_roaming_)
P -425.7850, 1009.5100, 236.0980,  240, 240, 0,  2,  Rhuk_l'vere_(_Quests_)
P -1008.9940, 360.4730, 224.7420,  0, 240, 0,  2,  Sunderock_Geyser
P -971.3980, 508.6430, 205.5490,  240, 0, 0,  2,  Doomfount_(roaming)
P -1110.2581, 750.3250, 205.8600,  240, 0, 0,  2,  Dranadune
P -1043.3420, -396.0760, 289.6820,  240, 240, 240,  2,  Western_Spire
P 729.9070, -2289.5500, 413.0880,  240, 0, 0,  2,  Randalph_the_Wise_(roaming)
P 728.0000, -2279.4399, 414.3440,  240, 0, 0,  2,  Palsimile
P 931.4750, -3088.8191, 349.4970,  240, 0, 0,  2,  Mistwalker_(_water_dragon
P 1627.9250, 913.1430, 212.4600,  0, 0, 240,  3,  Vergalid_Mines
P 1392.5680, 1743.6710, -0.5030,  240, 0, 0,  2,  Komodokin
P 1439.2830, 2802.9561, 20.5000,  240, 0, 0,  2,  Obsidian_(roaming)
P 301.9580, 3087.8391, 143.6740,  240, 240, 240,  2,  Southern_Spire
P -1204.1770, 2497.9399, 205.7440,  240, 0, 0,  2,  Wingover
P -701.8200, 1285.5720, 385.9040,  0, 240, 0,  2,  Drakkin_Camp
P 1317.6840, -994.6550, 349.4970,  240, 0, 0,  2,  Fiddleback_(roaming)
P 56.1130, -356.8200, 196.0750,  240, 0, 0,  2,  Tortugone_(roaming)
P 732.5090, -432.1100, 264.5210,  240, 240, 240,  2,  Eastern_Spire
P 1473.9351, 862.8490, 211.8170,  0, 240, 0,  2,  The_Vergalid_Slave_Quarry
P -1391.7900, 2254.0359, 11.3520,  240, 0, 0,  2,  Razorfang
P -1973.0590, 2548.9399, 25.5560,  240, 0, 0,  2,  Sellezra
P -1849.1320, 2521.7539, 23.8100,  0, 240, 0,  2,  The_Chimera_Caves
P -2165.1521, 2477.3450, 5.1890,  240, 0, 0,  2,  Trideath
P 44.8570, -2380.1121, 562.4970,  240, 0, 0,  2,  Steam_Lord_Roil_(roaming)
P 739.3140, -2772.2639, 345.7560,  240, 0, 0,  2,  Whitewater
P -846.3740, -1821.7510, 531.6100,  240, 0, 0,  2,  Skyrake
P -891.8100, -1791.9250, 532.2850,  240, 0, 0,  2,  Serravok_of_the_plague_wind
P 527.8130, 2367.3789, 207.4550,  0, 240, 0,  2,  Starshine_Hotsprings
P 1311.9620, 2652.7839, 204.4970,  240, 240, 0,  2,  Gygun_Urulump_(Quests)
P 1222.4830, -1185.6060, 359.5990,  240, 0, 0,  2,  Mirrormask
P 1483.9930, 991.9580, 199.4970,  240, 0, 0,  2,  Head_Smith_Gannalt
P -514.8230, 1650.2950, 192.0490,  0, 0, 240,  2,  Grendel_Falls
P -195.8480, -1060.2660, 338.0450,  0, 0, 240,  2,  Fulast_Falls
P -1033.2460, 1526.8160, 369.3930,  240, 240, 0,  2,  Mazzie_Ro'khelm
P -553.8490, 1151.8929, 390.1520,  240, 240, 0,  2,  Pezripisid_(Quests_70+)
P -632.3950, 1229.3790, 388.4310,  240, 240, 0,  2,  Scout_Voxkin_(Rogue_GM)
P -728.8060, 1262.2200, 387.1530,  240, 240, 0,  2,  Drake_Handler_Rolkor
P -730.8030, 1514.1720, 372.1200,  240, 240, 0,  2,  Scout_Ironscale_(Ranger_GM)
P -691.9100, 1490.3530, 373.3430,  240, 240, 0,  2,  Crusader_Vansarr_(Paladin_GM)
P -693.8670, 1498.1580, 372.8070,  240, 240, 0,  2,  Crusader_Zack_(Warrior_GM)
P -931.5870, 1647.7430, 367.6600,  240, 240, 0,  2,  Crusader_Andra
P -731.1940, 1548.8459, 373.6710,  240, 240, 0,  2,  Fentier_Meqental_(Quests)
P -827.7580, 1407.9230, 381.3840,  240, 240, 0,  2,  Crusader_Coradra_(Cleric_GM)
P -835.0420, 1380.3490, 381.6820,  240, 240, 0,  2,  Quartermaster_Splitscale_(Merchant)
P -862.0750, 1429.5800, 380.3190,  240, 240, 0,  2,  Quatermaster_Kaladrahn_(Merchant)
P -980.5430, 1517.7070, 369.9550,  240, 240, 0,  2,  Quartermaster_Shyllia_(Merchant)
P -978.5590, 1543.2600, 369.7890,  240, 240, 0,  2,  Quartermaster_Azynn_(Banker)
P -907.4190, 1671.9860, 369.1110,  240, 240, 0,  2,  Crusader_Rayfin
P 1517.5740, 1823.1021, 8.0400,  240, 0, 0,  2,  Granite_(roaming)
P 61.7820, 2806.3611, 22.3730,  0, 0, 0,  2,  Syrrengar_the_Hunter_(quests)
P -633.4420, 1210.7430, 388.4220,  0, 0, 0,  2,  Sergeant_Kazzar_(Raids)
P -619.1160, 1217.8070, 388.8800,  0, 0, 0,  2,  Captain_Zheren_(quests)
P -980.8840, 1542.8610, 370.0990,  0, 0, 0,  2,  Banker
P -861.5010, 1380.4771, 382.7680,  0, 0, 0,  2,  Nhemen_(quests)
P -874.7040, 3178.7649, 0.3730,  0, 0, 0,  2,  Drazak_O`lyn_(quests)
P 345.0000, 3222.0000, 27.0000,  240, 0, 0,  2,  Keepers_of_South_Spire
P -425.0000, 1013.0000, 238.0000,  0, 0, 0,  2,  bonesnapper_meat_quest
P -972.0000, 1525.0000, 370.0000,  0, 0, 0,  1,  aug_pool
P -1029.0000, 1510.0000, 369.0000,  0, 127, 0,  2,  Zhureni_(quests_70+)
P -782.0000, 1363.0000, 384.0000,  0, 0, 0,  2,  Artificer_Pulizzi_(quests_70+)
P -1130.0000, -916.0000, 362.0000,  0, 0, 0,  2,  Sandstorm_wanders
P -1128.0000, 383.0000, 208.0000,  240, 0, 0,  3,  Beware_Geyser
P -611.0000, -529.0000, 209.0000,  0, 0, 0,  3,  Wizard_Spires
P -1255.0000, -3292.0000, 352.0000,  0, 0, 0,  3,  Oblivion
P -1352.0000, -2859.0000, 361.0000,  0, 0, 0,  2,  Balloondabloop_wanders
P 698.0000, 3759.0000, -1.0000,  0, 240, 0,  3,  To_Goru`kar_Mesa
P 731.0000, 2141.0000, 204.0000,  0, 0, 0,  3,  Anaglass_(quests)
P 363.0000, -2932.0000, 351.0000,  0, 240, 0,  3,  To_Direwind_Cliffs
P 1189.0000, -3023.0000, 356.0000,  240, 0, 0,  3,  Northern_Spire
P 700.0000, -2257.0000, 404.0000,  0, 0, 0,  1,  path_around_here
P 627.0000, 377.0000, 409.0000,  0, 0, 0,  2,  Skillups
P -860.2840, 1429.9919, 380.4560,  240, 240, 240,  2,  Melee_Tomes
P -789.6590, 1382.2390, 382.1840,  240, 240, 240,  2,  Paladin_Spells
P 1063.0081, -1616.2310, 564.9950,  240, 240, 240,  2,  Mage_Spells
P -920.0000, 1630.0000, 371.0000,  0, 240, 240,  2,  crusade_of_scale
