L -0, -44, -10, -40, -44, -10, 0, 0, 0
L -40, -44, -10, -41, -35, -10, 0, 0, 0
L -41, -35, -10, -51, -35, -10, 0, 0, 0
L -51, -35, -10, -91, -11, -10, 0, 0, 0
L -91, -11, -10, -91, 35, -10, 0, 0, 0
L -91, 35, -10, -41, 35, -10, 0, 0, 0
L -41, 35, -10, -40, 37, -10, 0, 0, 0
L -40, 37, -10, -40, 42, -10, 0, 0, 0
L -40, 42, -10, -15, 42, -10, 0, 0, 0
L -15, 42, -10, -15, 40, -10, 0, 0, 0
L -15, 40, -10, -14, 40, -10, 0, 0, 0
L -14, 40, -10, -9, 41, -10, 0, 0, 0
L -9, 41, -10, -10, 46, -10, 0, 0, 0
L -10, 46, -10, -11, 47, -10, 0, 0, 0
L -11, 47, -10, -11, 49, -8, 0, 0, 0
L -11, 49, -8, -9, 51, -10, 0, 0, 0
L -9, 51, -10, -11, 50, -10, 0, 0, 0
L -11, 50, -10, -17, 50, -10, 0, 0, 0
L -17, 50, -10, -18, 51, -10, 0, 0, 0
L -18, 51, -10, -18, 151, -10, 0, 0, 0
L -18, 151, -10, -27, 150, -10, 0, 0, 0
L -27, 150, -10, -45, 150, -10, 0, 0, 0
L -45, 150, -10, -45, 152, -10, 0, 0, 0
L -45, 152, -10, -43, 153, -10, 0, 0, 0
L -43, 153, -10, -43, 160, -10, 0, 0, 0
L -43, 160, -10, -53, 159, -10, 0, 0, 0
L -53, 159, -10, -55, 159, -10, 0, 0, 0
L -55, 159, -10, -56, 158, -10, 0, 0, 0
L -56, 158, -10, -55, 156, -10, 0, 0, 0
L -55, 156, -10, -54, 155, -10, 0, 0, 0
L -54, 155, -10, -53, 153, -10, 0, 0, 0
L -53, 153, -10, -51, 152, -10, 0, 0, 0
L -51, 152, -10, -51, 151, -10, 0, 0, 0
L -51, 151, -10, -51, 122, -6, 0, 0, 0
L -51, 122, -6, -53, 122, -7, 0, 0, 0
L -53, 122, -7, -55, 122, -7, 0, 0, 0
L -55, 122, -7, -60, 122, -9, 0, 0, 0
L -60, 122, -9, -60, 120, -10, 0, 0, 0
L -60, 120, -10, -59, 111, -10, 0, 0, 0
L -59, 111, -10, -54, 111, -10, 0, 0, 0
L -54, 111, -10, -56, 110, -8, 0, 0, 0
L -56, 110, -8, -75, 90, -10, 0, 0, 0
L -75, 90, -10, -109, 90, -10, 0, 0, 0
L -109, 90, -10, -110, 92, -10, 0, 0, 0
L -110, 92, -10, -111, 93, -10, 0, 0, 0
L -111, 93, -10, -113, 92, -10, 0, 0, 0
L -113, 92, -10, -115, 92, -10, 0, 0, 0
L -115, 92, -10, -115, 82, -10, 0, 0, 0
L -115, 82, -10, -107, 81, -10, 0, 0, 0
L -107, 81, -10, -108, 76, -10, 0, 0, 0
L -108, 76, -10, -107, -17, -10, 0, 0, 0
L -107, -17, -10, -39, -95, -10, 0, 0, 0
L -39, -95, -10, -39, -260, -10, 0, 0, 0
L -39, -260, -10, -96, -260, -10, 0, 0, 0
L -96, -260, -10, -96, -258, -10, 0, 0, 0
L -96, -258, -10, -94, -257, -10, 0, 0, 0
L -94, -257, -10, -93, -256, -10, 0, 0, 0
L -93, -256, -10, -93, -254, -10, 0, 0, 0
L -93, -254, -10, -94, -252, -10, 0, 0, 0
L -94, -252, -10, -106, -252, -10, 0, 0, 0
L -106, -252, -10, -105, -254, -10, 0, 0, 0
L -105, -254, -10, -104, -255, -10, 0, 0, 0
L -104, -255, -10, -104, -257, -10, 0, 0, 0
L -104, -257, -10, -102, -261, -10, 0, 0, 0
L -102, -261, -10, -102, -286, -10, 0, 0, 0
L -102, -286, -10, -103, -288, -8, 0, 0, 0
L -103, -288, -8, -112, -287, -10, 0, 0, 0
L -112, -287, -10, -111, -294, -10, 0, 0, 0
L -111, -294, -10, -112, -295, -10, 0, 0, 0
L -112, -295, -10, -137, -295, -10, 0, 0, 0
L -137, -295, -10, -137, -289, -10, 0, 0, 0
L -137, -289, -10, -139, -289, -10, 0, 0, 0
L -139, -289, -10, -140, -291, -10, 0, 0, 0
L -140, -291, -10, -139, -292, -10, 0, 0, 0
L -139, -292, -10, -141, -294, -10, 0, 0, 0
L -141, -294, -10, -140, -292, -10, 0, 0, 0
L -140, -292, -10, -142, -291, -10, 0, 0, 0
L -142, -291, -10, -143, -291, -9, 0, 0, 0
L -143, -291, -9, -145, -293, -9, 0, 0, 0
L -145, -293, -9, -144, -294, -9, 0, 0, 0
L -144, -294, -9, -144, -293, -9, 0, 0, 0
L -144, -293, -9, -145, -291, -9, 0, 0, 0
L -145, -291, -9, -147, -291, -9, 0, 0, 0
L -147, -291, -9, -147, -293, -10, 0, 0, 0
L -147, -293, -10, -147, -295, -10, 0, 0, 0
L -147, -295, -10, -159, -295, -10, 0, 0, 0
L -159, -295, -10, -159, -290, -10, 0, 0, 0
L -159, -290, -10, -165, -290, -10, 0, 0, 0
L -165, -290, -10, -166, -292, -10, 0, 0, 0
L -166, -292, -10, -166, -302, -10, 0, 0, 0
L -166, -302, -10, -165, -303, -10, 0, 0, 0
L -165, -303, -10, -163, -303, -10, 0, 0, 0
L -163, -303, -10, -158, -305, -10, 0, 0, 0
L -158, -305, -10, -158, -358, -10, 0, 0, 0
L -158, -358, -10, -290, -358, -10, 0, 0, 0
L -290, -358, -10, -290, -356, -10, 0, 0, 0
L -290, -356, -10, -288, -356, -10, 0, 0, 0
L -288, -356, -10, -287, -354, -10, 0, 0, 0
L -287, -354, -10, -287, -352, -10, 0, 0, 0
L -287, -352, -10, -288, -350, -10, 0, 0, 0
L -288, -350, -10, -299, -350, -10, 0, 0, 0
L -299, -350, -10, -299, -352, -10, 0, 0, 0
L -299, -352, -10, -298, -356, -10, 0, 0, 0
L -298, -356, -10, -296, -356, -10, 0, 0, 0
L -296, -356, -10, -296, -390, -10, 0, 0, 0
L -296, -390, -10, -315, -409, -10, 0, 0, 0
L -315, -409, -10, -317, -410, -10, 0, 0, 0
L -317, -410, -10, -317, -408, -9, 0, 0, 0
L -317, -408, -9, -318, -405, -10, 0, 0, 0
L -318, -405, -10, -329, -405, -10, 0, 0, 0
L -329, -405, -10, -329, -407, -9, 0, 0, 0
L -329, -407, -9, -329, -414, -10, 0, 0, 0
L -329, -414, -10, -365, -414, -10, 0, 0, 0
L -365, -414, -10, -365, -405, -10, 0, 0, 0
L -365, -405, -10, -377, -405, -10, 0, 0, 0
L -377, -405, -10, -377, -407, -10, 0, 0, 0
L -377, -407, -10, -377, -414, -9, 0, 0, 0
L -377, -414, -9, -379, -414, -10, 0, 0, 0
L -379, -414, -10, -399, -414, -10, 0, 0, 0
L -399, -414, -10, -414, -414, -8, 0, 0, 0
L -414, -414, -8, -414, -412, -8, 0, 0, 0
L -414, -412, -8, -414, -404, -10, 0, 0, 0
L -414, -404, -10, -423, -405, -10, 0, 0, 0
L -423, -405, -10, -425, -405, -10, 0, 0, 0
L -425, -405, -10, -426, -410, -10, 0, 0, 0
L -426, -410, -10, -446, -390, -10, 0, 0, 0
L -446, -390, -10, -446, -355, -10, 0, 0, 0
L -446, -355, -10, -444, -354, -10, 0, 0, 0
L -444, -354, -10, -443, -352, -10, 0, 0, 0
L -443, -352, -10, -444, -347, -10, 0, 0, 0
L -444, -347, -10, -453, -348, -10, 0, 0, 0
L -453, -348, -10, -453, -350, -10, 0, 0, 0
L -453, -350, -10, -454, -352, -10, 0, 0, 0
L -454, -352, -10, -454, -358, -10, 0, 0, 0
L -454, -358, -10, -616, -358, -10, 0, 0, 0
L -616, -358, -10, -616, -356, -10, 0, 0, 0
L -616, -356, -10, -616, 4, 18, 0, 0, 0
L -616, 4, 18, -614, 4, 18, 0, 0, 0
L -614, 4, 18, -613, 2, 18, 0, 0, 0
L -613, 2, 18, -611, 1, 18, 0, 0, 0
L -611, 1, 18, -609, 2, 18, 0, 0, 0
L -609, 2, 18, -608, 3, 18, 0, 0, 0
L -608, 3, 18, -608, 5, 18, 0, 0, 0
L -608, 5, 18, -609, 14, 18, 0, 0, 0
L -609, 14, 18, -610, 13, 18, 0, 0, 0
L -610, 13, 18, -612, 13, 19, 0, 0, 0
L -612, 13, 19, -614, 12, 18, 0, 0, 0
L -614, 12, 18, -616, 13, 18, 0, 0, 0
L -616, 13, 18, -617, 112, 18, 0, 0, 0
L -617, 112, 18, -621, 117, 18, 0, 0, 0
L -621, 117, 18, -616, 117, 18, 0, 0, 0
L -616, 117, 18, -616, 126, 18, 0, 0, 0
L -616, 126, 18, -617, 129, 18, 0, 0, 0
L -617, 129, 18, -625, 129, 18, 0, 0, 0
L -625, 129, 18, -625, 163, 18, 0, 0, 0
L -625, 163, 18, -617, 165, 18, 0, 0, 0
L -617, 165, 18, -617, 174, 18, 0, 0, 0
L -617, 174, 18, -616, 176, 18, 0, 0, 0
L -616, 176, 18, -618, 178, 18, 0, 0, 0
L -618, 178, 18, -624, 178, 18, 0, 0, 0
L -624, 178, 18, -625, 179, 18, 0, 0, 0
L -625, 179, 18, -625, 181, 20, 0, 0, 0
L -625, 181, 20, -625, 214, 21, 0, 0, 0
L -625, 214, 21, -623, 214, 20, 0, 0, 0
L -623, 214, 20, -617, 213, 18, 0, 0, 0
L -617, 213, 18, -617, 226, 18, 0, 0, 0
L -617, 226, 18, -619, 226, 18, 0, 0, 0
L -619, 226, 18, -617, 230, 18, 0, 0, 0
L -617, 230, 18, -616, 231, 18, 0, 0, 0
L -616, 231, 18, -616, 332, 18, 0, 0, 0
L -616, 332, 18, -614, 332, 18, 0, 0, 0
L -614, 332, 18, -613, 330, 18, 0, 0, 0
L -613, 330, 18, -609, 330, 18, 0, 0, 0
L -609, 330, 18, -608, 332, 18, 0, 0, 0
L -608, 332, 18, -609, 339, 18, 0, 0, 0
L -609, 339, 18, -610, 340, 18, 0, 0, 0
L -610, 340, 18, -614, 340, 18, 0, 0, 0
L -614, 340, 18, -616, 339, 18, 0, 0, 0
L -616, 339, 18, -616, 341, 18, 0, 0, 0
L -616, 341, 18, -616, 700, -10, 0, 0, 0
L -616, 700, -10, -454, 700, -10, 0, 0, 0
L -454, 700, -10, -453, 698, -10, 0, 0, 0
L -453, 698, -10, -455, 697, -10, 0, 0, 0
L -455, 697, -10, -454, 695, -10, 0, 0, 0
L -454, 695, -10, -454, 691, -10, 0, 0, 0
L -454, 691, -10, -450, 692, -10, 0, 0, 0
L -450, 692, -10, -443, 693, -10, 0, 0, 0
L -443, 693, -10, -444, 696, -10, 0, 0, 0
L -444, 696, -10, -446, 700, -10, 0, 0, 0
L -446, 700, -10, -446, 732, -10, 0, 0, 0
L -446, 732, -10, -425, 753, -10, 0, 0, 0
L -425, 753, -10, -424, 751, -7, 0, 0, 0
L -424, 751, -7, -424, 749, -6, 0, 0, 0
L -424, 749, -6, -424, 747, -10, 0, 0, 0
L -424, 747, -10, -413, 747, -10, 0, 0, 0
L -413, 747, -10, -412, 756, -10, 0, 0, 0
L -412, 756, -10, -377, 756, -10, 0, 0, 0
L -377, 756, -10, -377, 754, -8, 0, 0, 0
L -377, 754, -8, -378, 753, -9, 0, 0, 0
L -378, 753, -9, -378, 751, -10, 0, 0, 0
L -378, 751, -10, -379, 749, -10, 0, 0, 0
L -379, 749, -10, -379, 745, -10, 0, 0, 0
L -379, 745, -10, -375, 745, -10, 0, 0, 0
L -375, 745, -10, -366, 748, -9, 0, 0, 0
L -366, 748, -9, -365, 749, -8, 0, 0, 0
L -365, 749, -8, -364, 751, -10, 0, 0, 0
L -364, 751, -10, -364, 756, -10, 0, 0, 0
L -364, 756, -10, -331, 756, -10, 0, 0, 0
L -331, 756, -10, -329, 750, -10, 0, 0, 0
L -329, 750, -10, -329, 746, -10, 0, 0, 0
L -329, 746, -10, -328, 744, -10, 0, 0, 0
L -328, 744, -10, -317, 748, -10, 0, 0, 0
L -317, 748, -10, -316, 749, -10, 0, 0, 0
L -316, 749, -10, -316, 751, -10, 0, 0, 0
L -316, 751, -10, -317, 752, -10, 0, 0, 0
L -317, 752, -10, -316, 751, -9, 0, 0, 0
L -316, 751, -9, -315, 749, -10, 0, 0, 0
L -315, 749, -10, -299, 734, -10, 0, 0, 0
L -299, 734, -10, -297, 733, -10, 0, 0, 0
L -297, 733, -10, -297, 731, -10, 0, 0, 0
L -297, 731, -10, -296, 730, -10, 0, 0, 0
L -296, 730, -10, -296, 699, -10, 0, 0, 0
L -296, 699, -10, -298, 699, -10, 0, 0, 0
L -298, 699, -10, -299, 697, -9, 0, 0, 0
L -299, 697, -9, -298, 695, -10, 0, 0, 0
L -298, 695, -10, -298, 693, -10, 0, 0, 0
L -298, 693, -10, -296, 692, -10, 0, 0, 0
L -296, 692, -10, -286, 694, -10, 0, 0, 0
L -286, 694, -10, -288, 700, -10, 0, 0, 0
L -288, 700, -10, -158, 700, -10, 0, 0, 0
L -158, 700, -10, -158, 643, -10, 0, 0, 0
L -158, 643, -10, -160, 643, -10, 0, 0, 0
L -160, 643, -10, -160, 648, -10, 0, 0, 0
L -160, 648, -10, -162, 648, -10, 0, 0, 0
L -162, 648, -10, -164, 647, -10, 0, 0, 0
L -164, 647, -10, -165, 647, -10, 0, 0, 0
L -165, 647, -10, -165, 633, -10, 0, 0, 0
L -165, 633, -10, -163, 633, -10, 0, 0, 0
L -163, 633, -10, -161, 636, -10, 0, 0, 0
L -161, 636, -10, -159, 637, -10, 0, 0, 0
L -159, 637, -10, -140, 637, -10, 0, 0, 0
L -140, 637, -10, -140, 635, -10, 0, 0, 0
L -140, 635, -10, -134, 635, -10, 0, 0, 0
L -134, 635, -10, -134, 636, -10, 0, 0, 0
L -134, 636, -10, -133, 635, -10, 0, 0, 0
L -133, 635, -10, -129, 635, -10, 0, 0, 0
L -129, 635, -10, -130, 636, -10, 0, 0, 0
L -130, 636, -10, -128, 637, -8, 0, 0, 0
L -128, 637, -8, -126, 637, -6, 0, 0, 0
L -126, 637, -6, -112, 637, -10, 0, 0, 0
L -112, 637, -10, -111, 629, -10, 0, 0, 0
L -111, 629, -10, -109, 629, -10, 0, 0, 0
L -109, 629, -10, -102, 628, -10, 0, 0, 0
L -102, 628, -10, -102, 599, -10, 0, 0, 0
L -102, 599, -10, -102, 600, -10, 0, 0, 0
L -102, 600, -10, -104, 600, -7, 0, 0, 0
L -104, 600, -7, -105, 598, -7, 0, 0, 0
L -105, 598, -7, -104, 597, -10, 0, 0, 0
L -104, 597, -10, -104, 595, -10, 0, 0, 0
L -104, 595, -10, -103, 593, -10, 0, 0, 0
L -103, 593, -10, -94, 594, -10, 0, 0, 0
L -94, 594, -10, -94, 596, -10, 0, 0, 0
L -94, 596, -10, -95, 602, -10, 0, 0, 0
L -95, 602, -10, -45, 602, -10, 0, 0, 0
L -45, 602, -10, -41, 601, -10, 0, 0, 0
L -41, 601, -10, -39, 601, -10, 0, 0, 0
L -39, 601, -10, -39, 599, -9, 0, 0, 0
L -39, 599, -9, -39, 447, -10, 0, 0, 0
L -39, 447, -10, -40, 441, -10, 0, 0, 0
L -40, 441, -10, -40, 439, -10, 0, 0, 0
L -40, 439, -10, -41, 437, -10, 0, 0, 0
L -41, 437, -10, -42, 436, -10, 0, 0, 0
L -42, 436, -10, -42, 435, -10, 0, 0, 0
L -42, 435, -10, -44, 433, -10, 0, 0, 0
L -44, 433, -10, -107, 380, -8, 0, 0, 0
L -107, 380, -8, -107, 378, -7, 0, 0, 0
L -107, 378, -7, -107, 241, -10, 0, 0, 0
L -107, 250, -10, -108, 248, -10, 0, 0, 0
L -108, 248, -10, -107, 247, -10, 0, 0, 0
L -107, 247, -10, -109, 246, -10, 0, 0, 0
L -107, 241, -10, -109, 248, -10, 0, 0, 0
L -109, 248, -10, -111, 249, -10, 0, 0, 0
L -111, 249, -10, -113, 249, -10, 0, 0, 0
L -113, 249, -10, -115, 247, -10, 0, 0, 0
L -115, 247, -10, -115, 239, -10, 0, 0, 0
L -115, 239, -10, -114, 237, -10, 0, 0, 0
L -114, 237, -10, -112, 237, -10, 0, 0, 0
L -112, 237, -10, -111, 238, -10, 0, 0, 0
L -111, 238, -10, -109, 239, -8, 0, 0, 0
L -109, 239, -8, -107, 239, -8, 0, 0, 0
L -107, 239, -8, -106, 240, -9, 0, 0, 0
L -106, 240, -9, -104, 240, -10, 0, 0, 0
L -104, 240, -10, -75, 240, -10, 0, 0, 0
L -75, 240, -10, -55, 220, -10, 0, 0, 0
L -55, 220, -10, -60, 218, -10, 0, 0, 0
L -60, 218, -10, -60, 207, -10, 0, 0, 0
L -60, 207, -10, -58, 206, -10, 0, 0, 0
L -58, 206, -10, -57, 206, -10, 0, 0, 0
L -57, 206, -10, -51, 207, -9, 0, 0, 0
L -51, 207, -9, -51, 205, -10, 0, 0, 0
L -51, 205, -10, -51, 178, -10, 0, 0, 0
L -51, 178, -10, -53, 178, -10, 0, 0, 0
L -53, 178, -10, -53, 171, -10, 0, 0, 0
L -53, 171, -10, -52, 169, -10, 0, 0, 0
L -52, 169, -10, -51, 169, -10, 0, 0, 0
L -51, 169, -10, -43, 173, -10, 0, 0, 0
L -43, 173, -10, -42, 180, -10, 0, 0, 0
L -42, 180, -10, 12, 180, -10, 0, 0, 0
L 12, 180, -10, 12, 48, -10, 0, 0, 0
L 12, 48, -10, 10, 48, -10, 0, 0, 0
L 10, 48, -10, 9, 50, -10, 0, 0, 0
L 9, 50, -10, 5, 50, -10, 0, 0, 0
L 5, 50, -10, 3, 49, -10, 0, 0, 0
L 3, 49, -10, 5, 40, -10, 0, 0, 0
L 5, 40, -10, 6, 38, -10, 0, 0, 0
L 6, 38, -10, 8, 40, -10, 0, 0, 0
L 8, 40, -10, 9, 42, -10, 0, 0, 0
L 9, 42, -10, 32, 42, -10, 0, 0, 0
L 32, 42, -10, 32, 40, -10, 0, 0, 0
L 32, 40, -10, 33, 32, -10, 0, 0, 0
L 33, 32, -10, 45, 35, -10, 0, 0, 0
L 45, 35, -10, 83, 35, -10, 0, 0, 0
L 83, 35, -10, 83, -11, -10, 0, 0, 0
L 83, -11, -10, 40, -37, -10, 0, 0, 0
L 40, -37, -10, 32, -37, -10, 0, 0, 0
L 32, -37, -10, 32, -44, -10, 0, 0, 0
L 32, -44, -10, -40, -44, -10, 0, 0, 0
L -40, -44, -10, -40, -42, -10, 0, 0, 0
L -137, 249, -10, -137, 411, -10, 0, 0, 0
L -137, 411, -10, -69, 468, -10, 0, 0, 0
L -69, 468, -10, -70, 572, -10, 0, 0, 0
L -70, 572, -10, -96, 572, -10, 0, 0, 0
L -96, 572, -10, -96, 573, -10, 0, 0, 0
L -96, 573, -10, -94, 574, -10, 0, 0, 0
L -94, 574, -10, -93, 576, -10, 0, 0, 0
L -93, 576, -10, -93, 580, -10, 0, 0, 0
L -93, 580, -10, -104, 579, -10, 0, 0, 0
L -104, 579, -10, -104, 576, -10, 0, 0, 0
L -104, 576, -10, -103, 574, -10, 0, 0, 0
L -103, 574, -10, -102, 573, -10, 0, 0, 0
L -102, 573, -10, -102, 571, -10, 0, 0, 0
L -102, 571, -10, -102, 544, -8, 0, 0, 0
L -102, 544, -8, -104, 545, -9, 0, 0, 0
L -104, 545, -9, -106, 545, -9, 0, 0, 0
L -106, 545, -9, -110, 545, -10, 0, 0, 0
L -110, 545, -10, -110, 543, -10, 0, 0, 0
L -110, 543, -10, -110, 538, -9, 0, 0, 0
L -110, 538, -9, -111, 537, -9, 0, 0, 0
L -111, 537, -9, -113, 537, -10, 0, 0, 0
L -113, 537, -10, -116, 537, -10, 0, 0, 0
L -116, 537, -10, -117, 539, -10, 0, 0, 0
L -117, 539, -10, -128, 539, -10, 0, 0, 0
L -128, 539, -10, -128, 537, -10, 0, 0, 0
L -128, 537, -10, -161, 537, -10, 0, 0, 0
L -161, 537, -10, -161, 539, -10, 0, 0, 0
L -161, 539, -10, -164, 539, -10, 0, 0, 0
L -164, 539, -10, -165, 538, -10, 0, 0, 0
L -165, 538, -10, -165, 529, -10, 0, 0, 0
L -165, 529, -10, -161, 529, -10, 0, 0, 0
L -161, 529, -10, -159, 530, -10, 0, 0, 0
L -159, 530, -10, -158, 528, -10, 0, 0, 0
L -158, 528, -10, -158, 474, -10, 0, 0, 0
L -158, 474, -10, -290, 474, -10, 0, 0, 0
L -290, 474, -10, -290, 475, -10, 0, 0, 0
L -290, 475, -10, -289, 476, -10, 0, 0, 0
L -289, 476, -10, -287, 477, -10, 0, 0, 0
L -287, 477, -10, -287, 482, -10, 0, 0, 0
L -287, 482, -10, -298, 482, -10, 0, 0, 0
L -298, 482, -10, -299, 481, -10, 0, 0, 0
L -299, 481, -10, -298, 477, -10, 0, 0, 0
L -298, 477, -10, -297, 477, -10, 0, 0, 0
L -297, 477, -10, -296, 475, -10, 0, 0, 0
L -296, 475, -10, -296, 442, -10, 0, 0, 0
L -296, 442, -10, -317, 422, -10, 0, 0, 0
L -317, 422, -10, -317, 426, -10, 0, 0, 0
L -317, 426, -10, -319, 426, -9, 0, 0, 0
L -319, 426, -9, -322, 426, -10, 0, 0, 0
L -322, 426, -10, -328, 427, -10, 0, 0, 0
L -328, 427, -10, -329, 425, -10, 0, 0, 0
L -329, 425, -10, -330, 419, -10, 0, 0, 0
L -330, 419, -10, -331, 418, -10, 0, 0, 0
L -331, 418, -10, -364, 418, -10, 0, 0, 0
L -364, 418, -10, -364, 420, -10, 0, 0, 0
L -364, 420, -10, -365, 427, -10, 0, 0, 0
L -365, 427, -10, -366, 428, -10, 0, 0, 0
L -366, 428, -10, -379, 427, -10, 0, 0, 0
L -379, 427, -10, -380, 418, -10, 0, 0, 0
L -380, 418, -10, -412, 418, -10, 0, 0, 0
L -412, 418, -10, -412, 428, -10, 0, 0, 0
L -412, 428, -10, -414, 428, -10, 0, 0, 0
L -414, 428, -10, -424, 427, -10, 0, 0, 0
L -424, 427, -10, -426, 427, -10, 0, 0, 0
L -426, 427, -10, -426, 422, -10, 0, 0, 0
L -426, 422, -10, -446, 442, -10, 0, 0, 0
L -446, 442, -10, -446, 476, -10, 0, 0, 0
L -446, 476, -10, -444, 476, -10, 0, 0, 0
L -444, 476, -10, -444, 478, -10, 0, 0, 0
L -444, 478, -10, -445, 482, -10, 0, 0, 0
L -445, 482, -10, -456, 482, -10, 0, 0, 0
L -456, 482, -10, -455, 478, -10, 0, 0, 0
L -455, 478, -10, -453, 477, -10, 0, 0, 0
L -453, 477, -10, -453, 475, -10, 0, 0, 0
L -453, 475, -10, -455, 474, -10, 0, 0, 0
L -455, 474, -10, -521, 474, -10, 0, 0, 0
L -521, 474, -10, -522, 472, -10, 0, 0, 0
L -522, 472, -10, -522, 470, -10, 0, 0, 0
L -522, 470, -10, -522, 406, 16, 0, 0, 0
L -522, 406, 16, -524, 406, 18, 0, 0, 0
L -524, 406, 18, -529, 406, 18, 0, 0, 0
L -529, 406, 18, -529, 404, 18, 0, 0, 0
L -529, 404, 18, -529, 395, 19, 0, 0, 0
L -529, 395, 19, -529, 393, 18, 0, 0, 0
L -529, 393, 18, -522, 393, 18, 0, 0, 0
L -522, 393, 18, -521, 325, 19, 0, 0, 0
L -521, 325, 19, -513, 333, 18, 0, 0, 0
L -513, 333, 18, -507, 339, 18, 0, 0, 0
L -507, 339, 18, -507, 333, 18, 0, 0, 0
L -507, 333, 18, -495, 334, 18, 0, 0, 0
L -495, 334, 18, -493, 334, 18, 0, 0, 0
L -493, 334, 18, -493, 336, 20, 0, 0, 0
L -493, 336, 20, -494, 342, 18, 0, 0, 0
L -494, 342, 18, -492, 343, 18, 0, 0, 0
L -492, 343, 18, -461, 343, 18, 0, 0, 0
L -461, 343, 18, -460, 336, 18, 0, 0, 0
L -460, 336, 18, -460, 334, 18, 0, 0, 0
L -460, 334, 18, -458, 333, 18, 0, 0, 0
L -458, 333, 18, -447, 334, 18, 0, 0, 0
L -447, 334, 18, -446, 335, 18, 0, 0, 0
L -446, 335, 18, -446, 337, 18, 0, 0, 0
L -446, 337, 18, -445, 343, 18, 0, 0, 0
L -445, 343, 18, -444, 343, 18, 0, 0, 0
L -444, 343, 18, -410, 343, 21, 0, 0, 0
L -410, 343, 21, -411, 336, 20, 0, 0, 0
L -411, 336, 20, -411, 334, 19, 0, 0, 0
L -411, 334, 19, -410, 332, 18, 0, 0, 0
L -410, 332, 18, -398, 334, 18, 0, 0, 0
L -398, 334, 18, -398, 339, 18, 0, 0, 0
L -398, 339, 18, -286, 227, 18, 0, 0, 0
L -286, 227, 18, -287, 226, 18, 0, 0, 0
L -287, 226, 18, -289, 225, 18, 0, 0, 0
L -289, 225, 18, -289, 223, 19, 0, 0, 0
L -289, 223, 19, -290, 220, 18, 0, 0, 0
L -290, 220, 18, -290, 218, 18, 0, 0, 0
L -290, 218, 18, -289, 213, 18, 0, 0, 0
L -289, 213, 18, -281, 212, 18, 0, 0, 0
L -281, 212, 18, -281, 210, 18, 0, 0, 0
L -281, 210, 18, -281, 176, 21, 0, 0, 0
L -281, 176, 21, -283, 176, 20, 0, 0, 0
L -283, 176, 20, -285, 177, 18, 0, 0, 0
L -285, 177, 18, -287, 177, 18, 0, 0, 0
L -287, 177, 18, -287, 175, 22, 0, 0, 0
L -287, 175, 22, -287, 166, 21, 0, 0, 0
L -287, 166, 21, -282, 167, 22, 0, 0, 0
L -282, 167, 22, -281, 166, 22, 0, 0, 0
L -281, 166, 22, -281, 127, 23, 0, 0, 0
L -281, 127, 23, -285, 127, 23, 0, 0, 0
L -285, 127, 23, -286, 125, 23, 0, 0, 0
L -286, 125, 23, -285, 119, 23, 0, 0, 0
L -285, 119, 23, -284, 119, 22, 0, 0, 0
L -284, 119, 22, -284, 117, 22, 0, 0, 0
L -284, 117, 22, -285, 116, 21, 0, 0, 0
L -285, 116, 21, -401, 0, 23, 0, 0, 0
L -401, 0, 23, -401, 5, 23, 0, 0, 0
L -401, 5, 23, -409, 4, 23, 0, 0, 0
L -409, 4, 23, -409, -1, 23, 0, 0, 0
L -409, -1, 23, -411, -1, 22, 0, 0, 0
L -411, -1, 22, -449, -1, 23, 0, 0, 0
L -449, -1, 23, -449, 1, 23, 0, 0, 0
L -449, 1, 23, -450, 6, 23, 0, 0, 0
L -450, 6, 23, -450, 8, 20, 0, 0, 0
L -450, 8, 20, -452, 8, 18, 0, 0, 0
L -452, 8, 18, -459, 8, 18, 0, 0, 0
L -459, 8, 18, -459, 6, 19, 0, 0, 0
L -459, 6, 19, -459, 1, 18, 0, 0, 0
L -459, 1, 18, -460, -1, 18, 0, 0, 0
L -460, -1, 18, -494, -1, 18, 0, 0, 0
L -494, -1, 18, -494, 10, 18, 0, 0, 0
L -494, 10, 18, -496, 10, 18, 0, 0, 0
L -496, 10, 18, -507, 9, 18, 0, 0, 0
L -507, 9, 18, -507, 7, 18, 0, 0, 0
L -507, 7, 18, -508, 3, 18, 0, 0, 0
L -508, 3, 18, -509, 5, 18, 0, 0, 0
L -509, 5, 18, -511, 6, 18, 0, 0, 0
L -511, 6, 18, -521, 16, 19, 0, 0, 0
L -521, 16, 19, -522, 15, 19, 0, 0, 0
L -522, 15, 19, -522, 13, 18, 0, 0, 0
L -522, 13, 18, -522, -53, 18, 0, 0, 0
L -522, -53, 18, -524, -53, 18, 0, 0, 0
L -524, -53, 18, -526, -52, 20, 0, 0, 0
L -526, -52, 20, -527, -52, 18, 0, 0, 0
L -527, -52, 18, -529, -53, 18, 0, 0, 0
L -529, -53, 18, -529, -55, 18, 0, 0, 0
L -529, -55, 18, -530, -60, 18, 0, 0, 0
L -530, -60, 18, -530, -61, 18, 0, 0, 0
L -530, -61, 18, -529, -63, 18, 0, 0, 0
L -529, -63, 18, -522, -63, 18, 0, 0, 0
L -522, -63, 18, -522, -64, 18, 0, 0, 0
L -522, -64, 18, -522, -132, -10, 0, 0, 0
L -522, -132, -10, -453, -132, -10, 0, 0, 0
L -453, -132, -10, -453, -134, -10, 0, 0, 0
L -453, -134, -10, -454, -136, -10, 0, 0, 0
L -454, -136, -10, -454, -137, -10, 0, 0, 0
L -454, -137, -10, -453, -140, -10, 0, 0, 0
L -453, -140, -10, -440, -140, -10, 0, 0, 0
L -440, -140, -10, -440, -138, -10, 0, 0, 0
L -440, -138, -10, -443, -135, -10, 0, 0, 0
L -443, -135, -10, -446, -133, -10, 0, 0, 0
L -446, -133, -10, -446, -100, -10, 0, 0, 0
L -446, -100, -10, -437, -92, -10, 0, 0, 0
L -437, -92, -10, -435, -90, -10, 0, 0, 0
L -435, -90, -10, -423, -78, -5, 0, 0, 0
L -423, -78, -5, -423, -80, -5, 0, 0, 0
L -423, -80, -5, -421, -81, -5, 0, 0, 0
L -421, -81, -5, -415, -81, -5, 0, 0, 0
L -415, -81, -5, -415, -76, -5, 0, 0, 0
L -415, -76, -5, -375, -76, -5, 0, 0, 0
L -375, -76, -5, -375, -78, -5, 0, 0, 0
L -375, -78, -5, -374, -84, -10, 0, 0, 0
L -374, -84, -10, -366, -84, -10, 0, 0, 0
L -366, -84, -10, -366, -82, -8, 0, 0, 0
L -366, -82, -8, -365, -76, -8, 0, 0, 0
L -365, -76, -8, -364, -76, -10, 0, 0, 0
L -364, -76, -10, -327, -76, -6, 0, 0, 0
L -327, -76, -6, -327, -78, -5, 0, 0, 0
L -327, -78, -5, -326, -82, -5, 0, 0, 0
L -326, -82, -5, -320, -81, -5, 0, 0, 0
L -320, -81, -5, -319, -79, -5, 0, 0, 0
L -319, -79, -5, -319, -78, -5, 0, 0, 0
L -319, -78, -5, -317, -79, -6, 0, 0, 0
L -317, -79, -6, -310, -86, -10, 0, 0, 0
L -310, -86, -10, -296, -100, -10, 0, 0, 0
L -296, -100, -10, -296, -135, -10, 0, 0, 0
L -296, -135, -10, -298, -136, -10, 0, 0, 0
L -298, -136, -10, -298, -142, -10, 0, 0, 0
L -298, -142, -10, -296, -142, -10, 0, 0, 0
L -296, -142, -10, -294, -141, -10, 0, 0, 0
L -294, -141, -10, -292, -141, -10, 0, 0, 0
L -292, -141, -10, -291, -140, -10, 0, 0, 0
L -291, -140, -10, -289, -139, -10, 0, 0, 0
L -289, -139, -10, -288, -137, -10, 0, 0, 0
L -288, -137, -10, -288, -135, -9, 0, 0, 0
L -288, -135, -9, -288, -132, -10, 0, 0, 0
L -288, -132, -10, -158, -132, -10, 0, 0, 0
L -158, -132, -10, -158, -186, -10, 0, 0, 0
L -158, -186, -10, -167, -187, -10, 0, 0, 0
L -167, -187, -10, -167, -195, -10, 0, 0, 0
L -167, -195, -10, -166, -198, -10, 0, 0, 0
L -166, -198, -10, -162, -197, -10, 0, 0, 0
L -162, -197, -10, -160, -197, -10, 0, 0, 0
L -160, -197, -10, -159, -195, -10, 0, 0, 0
L -159, -195, -10, -119, -195, -10, 0, 0, 0
L -119, -195, -10, -118, -196, -10, 0, 0, 0
L -118, -196, -10, -116, -196, -10, 0, 0, 0
L -116, -196, -10, -115, -198, -10, 0, 0, 0
L -115, -198, -10, -113, -199, -10, 0, 0, 0
L -113, -199, -10, -112, -198, -10, 0, 0, 0
L -112, -198, -10, -107, -198, -5, 0, 0, 0
L -107, -198, -5, -107, -196, -5, 0, 0, 0
L -107, -196, -5, -106, -201, -5, 0, 0, 0
L -106, -201, -5, -105, -201, -5, 0, 0, 0
L -105, -201, -5, -102, -202, -7, 0, 0, 0
L -102, -202, -7, -102, -204, -10, 0, 0, 0
L -102, -204, -10, -102, -232, -10, 0, 0, 0
L -102, -232, -10, -104, -232, -10, 0, 0, 0
L -104, -232, -10, -105, -234, -10, 0, 0, 0
L -105, -234, -10, -104, -238, -10, 0, 0, 0
L -104, -238, -10, -102, -239, -10, 0, 0, 0
L -102, -239, -10, -95, -238, -10, 0, 0, 0
L -95, -238, -10, -94, -236, -10, 0, 0, 0
L -94, -236, -10, -94, -230, -10, 0, 0, 0
L -94, -230, -10, -70, -230, -10, 0, 0, 0
L -70, -230, -10, -69, -228, -10, 0, 0, 0
L -69, -228, -10, -69, -126, -10, 0, 0, 0
L -69, -126, -10, -71, -125, -10, 0, 0, 0
L -71, -125, -10, -137, -48, -10, 0, 0, 0
L -137, -48, -10, -137, 84, -10, 0, 0, 0
L -137, 84, -10, -135, 84, -10, 0, 0, 0
L -135, 84, -10, -135, 82, -10, 0, 0, 0
L -135, 82, -10, -131, 82, -10, 0, 0, 0
L -131, 82, -10, -130, 83, -10, 0, 0, 0
L -130, 83, -10, -128, 83, -10, 0, 0, 0
L -128, 83, -10, -129, 92, -10, 0, 0, 0
L -129, 92, -10, -139, 92, -10, 0, 0, 0
L -139, 92, -10, -139, 90, -10, 0, 0, 0
L -139, 90, -10, -169, 90, -10, 0, 0, 0
L -169, 90, -10, -170, 91, -10, 0, 0, 0
L -170, 91, -10, -186, 109, -10, 0, 0, 0
L -186, 109, -10, -189, 111, -10, 0, 0, 0
L -189, 111, -10, -187, 112, -8, 0, 0, 0
L -187, 112, -8, -187, 114, -5, 0, 0, 0
L -187, 114, -5, -187, 120, -5, 0, 0, 0
L -187, 120, -5, -189, 121, -5, 0, 0, 0
L -189, 121, -5, -191, 121, -5, 0, 0, 0
L -191, 121, -5, -193, 122, -6, 0, 0, 0
L -193, 122, -6, -193, 123, -10, 0, 0, 0
L -193, 123, -10, -193, 142, -10, 0, 0, 0
L -193, 142, -10, -192, 161, -5, 0, 0, 0
L -192, 161, -5, -187, 161, -5, 0, 0, 0
L -187, 161, -5, -187, 163, -5, 0, 0, 0
L -187, 163, -5, -188, 169, -5, 0, 0, 0
L -188, 169, -5, -190, 169, -5, 0, 0, 0
L -190, 169, -5, -193, 170, -6, 0, 0, 0
L -193, 170, -6, -193, 209, -5, 0, 0, 0
L -193, 209, -5, -188, 209, -5, 0, 0, 0
L -188, 209, -5, -188, 217, -5, 0, 0, 0
L -188, 217, -5, -190, 217, -5, 0, 0, 0
L -190, 217, -5, -190, 219, -6, 0, 0, 0
L -190, 219, -6, -188, 220, -7, 0, 0, 0
L -188, 220, -7, -181, 226, -10, 0, 0, 0
L -181, 226, -10, -167, 240, -10, 0, 0, 0
L -167, 240, -10, -137, 240, -10, 0, 0, 0
L -137, 240, -10, -137, 238, -10, 0, 0, 0
L -137, 238, -10, -136, 237, -10, 0, 0, 0
L -136, 237, -10, -133, 237, -10, 0, 0, 0
L -133, 237, -10, -131, 236, -10, 0, 0, 0
L -131, 236, -10, -130, 236, -10, 0, 0, 0
L -130, 236, -10, -128, 237, -10, 0, 0, 0
L -128, 237, -10, -128, 247, -10, 0, 0, 0
L -128, 247, -10, -129, 248, -10, 0, 0, 0
L -129, 248, -10, -131, 249, -10, 0, 0, 0
L -131, 249, -10, -137, 249, -10, 0, 0, 0
L -135, 249, -10, -137, 249, -10, 0, 0, 0
L -188, 646, -10, -188, 670, -7, 0, 0, 0
L -188, 670, -7, -190, 670, -7, 0, 0, 0
L -190, 670, -7, -210, 670, -10, 0, 0, 0
L -210, 670, -10, -287, 670, -10, 0, 0, 0
L -287, 670, -10, -287, 676, -10, 0, 0, 0
L -287, 676, -10, -289, 677, -7, 0, 0, 0
L -289, 677, -7, -291, 676, -7, 0, 0, 0
L -291, 676, -7, -300, 676, -10, 0, 0, 0
L -300, 676, -10, -299, 674, -10, 0, 0, 0
L -299, 674, -10, -298, 673, -10, 0, 0, 0
L -298, 673, -10, -296, 673, -10, 0, 0, 0
L -296, 673, -10, -296, 638, -10, 0, 0, 0
L -296, 638, -10, -301, 633, -10, 0, 0, 0
L -301, 633, -10, -304, 636, -10, 0, 0, 0
L -304, 636, -10, -305, 635, -10, 0, 0, 0
L -305, 635, -10, -309, 629, -9, 0, 0, 0
L -309, 629, -9, -310, 628, -10, 0, 0, 0
L -310, 628, -10, -314, 621, -10, 0, 0, 0
L -314, 621, -10, -315, 619, -10, 0, 0, 0
L -315, 619, -10, -318, 617, -8, 0, 0, 0
L -318, 617, -8, -317, 618, -9, 0, 0, 0
L -317, 618, -9, -319, 619, -7, 0, 0, 0
L -319, 619, -7, -320, 620, -5, 0, 0, 0
L -320, 620, -5, -323, 620, -5, 0, 0, 0
L -323, 620, -5, -327, 619, -5, 0, 0, 0
L -327, 619, -5, -331, 619, -10, 0, 0, 0
L -331, 619, -10, -330, 617, -10, 0, 0, 0
L -330, 617, -10, -331, 614, -10, 0, 0, 0
L -331, 614, -10, -333, 614, -10, 0, 0, 0
L -333, 614, -10, -367, 614, -5, 0, 0, 0
L -367, 614, -5, -367, 620, -5, 0, 0, 0
L -367, 620, -5, -374, 619, -5, 0, 0, 0
L -374, 619, -5, -376, 620, -5, 0, 0, 0
L -376, 620, -5, -377, 618, -8, 0, 0, 0
L -377, 618, -8, -377, 614, -10, 0, 0, 0
L -377, 614, -10, -379, 614, -10, 0, 0, 0
L -379, 614, -10, -415, 614, -5, 0, 0, 0
L -415, 614, -5, -415, 616, -5, 0, 0, 0
L -415, 616, -5, -416, 622, -6, 0, 0, 0
L -416, 622, -6, -417, 622, -9, 0, 0, 0
L -417, 622, -9, -419, 621, -8, 0, 0, 0
L -419, 621, -8, -426, 618, -6, 0, 0, 0
L -426, 618, -6, -427, 619, -10, 0, 0, 0
L -427, 619, -10, -446, 638, -10, 0, 0, 0
L -446, 638, -10, -446, 672, -10, 0, 0, 0
L -446, 672, -10, -444, 672, -10, 0, 0, 0
L -444, 672, -10, -443, 674, -10, 0, 0, 0
L -443, 674, -10, -444, 681, -10, 0, 0, 0
L -444, 681, -10, -455, 677, -10, 0, 0, 0
L -455, 677, -10, -456, 670, -10, 0, 0, 0
L -456, 670, -10, -585, 670, -10, 0, 0, 0
L -585, 670, -10, -586, 668, -10, 0, 0, 0
L -586, 668, -10, -586, 666, -10, 0, 0, 0
L -586, 666, -10, -586, 338, 18, 0, 0, 0
L -586, 338, 18, -588, 339, 18, 0, 0, 0
L -588, 339, 18, -589, 341, 18, 0, 0, 0
L -589, 341, 18, -595, 339, 18, 0, 0, 0
L -595, 339, 18, -595, 337, 18, 0, 0, 0
L -595, 337, 18, -594, 331, 18, 0, 0, 0
L -594, 331, 18, -593, 330, 18, 0, 0, 0
L -593, 330, 18, -591, 330, 18, 0, 0, 0
L -591, 330, 18, -589, 330, 19, 0, 0, 0
L -589, 330, 19, -586, 330, 18, 0, 0, 0
L -586, 330, 18, -585, 262, 18, 0, 0, 0
L -585, 262, 18, -552, 294, 18, 0, 0, 0
L -552, 294, 18, -552, 296, 19, 0, 0, 0
L -552, 296, 19, -552, 396, 18, 0, 0, 0
L -552, 396, 18, -550, 395, 18, 0, 0, 0
L -550, 395, 18, -549, 394, 18, 0, 0, 0
L -549, 394, 18, -547, 393, 18, 0, 0, 0
L -547, 393, 18, -545, 393, 18, 0, 0, 0
L -545, 393, 18, -544, 394, 18, 0, 0, 0
L -544, 394, 18, -544, 396, 18, 0, 0, 0
L -544, 396, 18, -545, 404, 18, 0, 0, 0
L -545, 404, 18, -552, 404, 18, 0, 0, 0
L -552, 404, 18, -552, 405, 18, 0, 0, 0
L -552, 405, 18, -552, 504, -10, 0, 0, 0
L -552, 504, -10, -452, 504, -10, 0, 0, 0
L -452, 504, -10, -452, 503, -10, 0, 0, 0
L -452, 503, -10, -455, 500, -10, 0, 0, 0
L -455, 500, -10, -455, 495, -10, 0, 0, 0
L -455, 495, -10, -445, 495, -10, 0, 0, 0
L -445, 495, -10, -444, 500, -10, 0, 0, 0
L -444, 500, -10, -444, 501, -10, 0, 0, 0
L -444, 501, -10, -446, 502, -10, 0, 0, 0
L -446, 502, -10, -446, 536, -10, 0, 0, 0
L -446, 536, -10, -444, 537, -10, 0, 0, 0
L -444, 537, -10, -423, 559, -5, 0, 0, 0
L -423, 559, -5, -423, 554, -5, 0, 0, 0
L -423, 554, -5, -417, 554, -5, 0, 0, 0
L -417, 554, -5, -416, 555, -5, 0, 0, 0
L -416, 555, -5, -415, 557, -5, 0, 0, 0
L -415, 557, -5, -415, 559, -5, 0, 0, 0
L -415, 559, -5, -413, 560, -6, 0, 0, 0
L -413, 560, -6, -411, 560, -8, 0, 0, 0
L -411, 560, -8, -375, 560, -5, 0, 0, 0
L -375, 560, -5, -375, 555, -5, 0, 0, 0
L -375, 555, -5, -367, 555, -5, 0, 0, 0
L -367, 555, -5, -366, 556, -5, 0, 0, 0
L -366, 556, -5, -365, 557, -10, 0, 0, 0
L -365, 557, -10, -365, 559, -9, 0, 0, 0
L -365, 559, -9, -364, 560, -7, 0, 0, 0
L -364, 560, -7, -362, 560, -9, 0, 0, 0
L -362, 560, -9, -333, 560, -10, 0, 0, 0
L -333, 560, -10, -327, 560, -5, 0, 0, 0
L -327, 560, -5, -327, 558, -5, 0, 0, 0
L -327, 558, -5, -328, 556, -6, 0, 0, 0
L -328, 556, -6, -326, 555, -5, 0, 0, 0
L -326, 555, -5, -319, 555, -5, 0, 0, 0
L -319, 555, -5, -318, 557, -5, 0, 0, 0
L -318, 557, -5, -317, 557, -7, 0, 0, 0
L -317, 557, -7, -316, 555, -10, 0, 0, 0
L -316, 555, -10, -296, 536, -10, 0, 0, 0
L -296, 536, -10, -296, 501, -10, 0, 0, 0
L -296, 501, -10, -298, 501, -10, 0, 0, 0
L -298, 501, -10, -298, 497, -10, 0, 0, 0
L -298, 497, -10, -296, 497, -9, 0, 0, 0
L -296, 497, -9, -291, 497, -10, 0, 0, 0
L -291, 497, -10, -289, 497, -9, 0, 0, 0
L -289, 497, -9, -287, 498, -10, 0, 0, 0
L -287, 498, -10, -288, 500, -10, 0, 0, 0
L -288, 500, -10, -289, 501, -10, 0, 0, 0
L -289, 501, -10, -289, 503, -10, 0, 0, 0
L -289, 503, -10, -287, 504, -10, 0, 0, 0
L -287, 504, -10, -189, 504, -10, 0, 0, 0
L -189, 504, -10, -188, 506, -10, 0, 0, 0
L -188, 506, -10, -188, 531, -10, 0, 0, 0
L -188, 531, -10, -186, 530, -10, 0, 0, 0
L -186, 530, -10, -186, 529, -10, 0, 0, 0
L -186, 529, -10, -184, 528, -10, 0, 0, 0
L -184, 528, -10, -179, 530, -10, 0, 0, 0
L -179, 530, -10, -181, 540, -10, 0, 0, 0
L -181, 540, -10, -190, 537, -10, 0, 0, 0
L -190, 537, -10, -226, 537, -10, 0, 0, 0
L -226, 537, -10, -226, 538, -10, 0, 0, 0
L -226, 538, -10, -228, 540, -10, 0, 0, 0
L -228, 540, -10, -232, 539, -10, 0, 0, 0
L -232, 539, -10, -232, 537, -10, 0, 0, 0
L -232, 537, -10, -236, 537, -10, 0, 0, 0
L -236, 537, -10, -239, 537, -5, 0, 0, 0
L -239, 537, -5, -239, 539, -5, 0, 0, 0
L -239, 539, -5, -240, 546, -10, 0, 0, 0
L -240, 546, -10, -244, 546, -10, 0, 0, 0
L -244, 546, -10, -244, 547, -10, 0, 0, 0
L -244, 547, -10, -244, 583, -5, 0, 0, 0
L -244, 583, -5, -240, 583, -5, 0, 0, 0
L -240, 583, -5, -238, 585, -5, 0, 0, 0
L -238, 585, -5, -239, 586, -5, 0, 0, 0
L -239, 586, -5, -239, 591, -5, 0, 0, 0
L -239, 591, -5, -240, 592, -6, 0, 0, 0
L -240, 592, -6, -242, 593, -10, 0, 0, 0
L -242, 593, -10, -243, 592, -8, 0, 0, 0
L -243, 592, -8, -244, 594, -3, 0, 0, 0
L -244, 594, -3, -244, 596, -2, 0, 0, 0
L -244, 596, -2, -244, 631, -5, 0, 0, 0
L -244, 631, -5, -240, 631, -5, 0, 0, 0
L -240, 631, -5, -239, 633, -5, 0, 0, 0
L -239, 633, -5, -239, 637, -5, 0, 0, 0
L -239, 637, -5, -237, 637, -5, 0, 0, 0
L -237, 637, -5, -205, 637, -10, 0, 0, 0
L -205, 637, -10, -203, 637, -10, 0, 0, 0
L -203, 637, -10, -191, 636, -10, 0, 0, 0
L -191, 636, -10, -185, 635, -10, 0, 0, 0
L -185, 635, -10, -183, 634, -10, 0, 0, 0
L -183, 634, -10, -179, 635, -10, 0, 0, 0
L -179, 635, -10, -180, 645, -10, 0, 0, 0
L -180, 645, -10, -188, 646, -10, 0, 0, 0
L -188, 646, -10, -188, 653, -10, 0, 0, 0
L -586, 72, 18, -586, 14, 18, 0, 0, 0
L -586, 14, 18, -594, 13, 18, 0, 0, 0
L -594, 13, 18, -593, 2, 18, 0, 0, 0
L -593, 2, 18, -586, 2, 18, 0, 0, 0
L -586, 2, 18, -586, 1, 18, 0, 0, 0
L -586, 1, 18, -585, -328, -10, 0, 0, 0
L -585, -328, -10, -458, -328, -10, 0, 0, 0
L -458, -328, -10, -457, -335, -10, 0, 0, 0
L -457, -335, -10, -456, -337, -10, 0, 0, 0
L -456, -337, -10, -443, -335, -10, 0, 0, 0
L -443, -335, -10, -444, -329, -10, 0, 0, 0
L -444, -329, -10, -445, -327, -10, 0, 0, 0
L -445, -327, -10, -446, -326, -10, 0, 0, 0
L -446, -326, -10, -446, -296, -10, 0, 0, 0
L -446, -296, -10, -438, -288, -10, 0, 0, 0
L -438, -288, -10, -423, -274, -6, 0, 0, 0
L -423, -274, -6, -423, -275, -5, 0, 0, 0
L -423, -275, -5, -423, -278, -5, 0, 0, 0
L -423, -278, -5, -415, -278, -5, 0, 0, 0
L -415, -278, -5, -414, -276, -7, 0, 0, 0
L -414, -276, -7, -414, -275, -8, 0, 0, 0
L -414, -275, -8, -413, -272, -8, 0, 0, 0
L -413, -272, -8, -411, -272, -10, 0, 0, 0
L -411, -272, -10, -375, -272, -5, 0, 0, 0
L -375, -272, -5, -375, -277, -5, 0, 0, 0
L -375, -277, -5, -367, -277, -5, 0, 0, 0
L -367, -277, -5, -366, -275, -5, 0, 0, 0
L -366, -275, -5, -366, -273, -7, 0, 0, 0
L -366, -273, -7, -365, -272, -6, 0, 0, 0
L -365, -272, -6, -344, -272, -5, 0, 0, 0
L -344, -272, -5, -327, -272, -5, 0, 0, 0
L -327, -272, -5, -327, -274, -5, 0, 0, 0
L -327, -274, -5, -326, -277, -5, 0, 0, 0
L -326, -277, -5, -320, -277, -5, 0, 0, 0
L -320, -277, -5, -319, -275, -5, 0, 0, 0
L -319, -275, -5, -317, -275, -6, 0, 0, 0
L -317, -275, -6, -316, -277, -7, 0, 0, 0
L -316, -277, -7, -315, -278, -9, 0, 0, 0
L -315, -278, -9, -313, -279, -10, 0, 0, 0
L -313, -279, -10, -311, -282, -10, 0, 0, 0
L -311, -282, -10, -308, -284, -10, 0, 0, 0
L -308, -284, -10, -296, -296, -10, 0, 0, 0
L -296, -296, -10, -296, -331, -10, 0, 0, 0
L -296, -331, -10, -298, -330, -9, 0, 0, 0
L -298, -330, -9, -299, -331, -9, 0, 0, 0
L -299, -331, -9, -299, -333, -10, 0, 0, 0
L -299, -333, -10, -299, -337, -10, 0, 0, 0
L -299, -337, -10, -286, -336, -10, 0, 0, 0
L -286, -336, -10, -286, -328, -10, 0, 0, 0
L -286, -328, -10, -191, -328, -10, 0, 0, 0
L -191, -328, -10, -189, -329, -10, 0, 0, 0
L -189, -329, -10, -188, -327, -10, 0, 0, 0
L -188, -327, -10, -188, -305, -10, 0, 0, 0
L -188, -305, -10, -180, -304, -10, 0, 0, 0
L -180, -304, -10, -180, -295, -10, 0, 0, 0
L -180, -295, -10, -181, -294, -10, 0, 0, 0
L -181, -294, -10, -183, -293, -10, 0, 0, 0
L -183, -293, -10, -185, -293, -10, 0, 0, 0
L -185, -293, -10, -187, -294, -10, 0, 0, 0
L -187, -294, -10, -188, -295, -10, 0, 0, 0
L -188, -295, -10, -190, -295, -10, 0, 0, 0
L -190, -295, -10, -239, -295, -5, 0, 0, 0
L -239, -295, -5, -239, -293, -5, 0, 0, 0
L -239, -293, -5, -238, -292, -5, 0, 0, 0
L -238, -292, -5, -237, -290, -6, 0, 0, 0
L -237, -290, -6, -237, -289, -7, 0, 0, 0
L -237, -289, -7, -239, -288, -6, 0, 0, 0
L -239, -288, -6, -240, -288, -6, 0, 0, 0
L -240, -288, -6, -244, -288, -7, 0, 0, 0
L -244, -288, -7, -244, -286, -8, 0, 0, 0
L -244, -286, -8, -244, -249, -5, 0, 0, 0
L -244, -249, -5, -240, -249, -5, 0, 0, 0
L -240, -249, -5, -239, -247, -5, 0, 0, 0
L -239, -247, -5, -239, -241, -5, 0, 0, 0
L -239, -241, -5, -240, -239, -5, 0, 0, 0
L -240, -239, -5, -241, -238, -10, 0, 0, 0
L -241, -238, -10, -243, -238, -10, 0, 0, 0
L -243, -238, -10, -244, -237, -10, 0, 0, 0
L -244, -237, -10, -244, -235, -10, 0, 0, 0
L -244, -235, -10, -244, -201, -5, 0, 0, 0
L -244, -201, -5, -240, -201, -5, 0, 0, 0
L -240, -201, -5, -239, -199, -5, 0, 0, 0
L -239, -199, -5, -239, -195, -5, 0, 0, 0
L -239, -195, -5, -237, -195, -5, 0, 0, 0
L -237, -195, -5, -216, -195, -10, 0, 0, 0
L -216, -195, -10, -208, -196, -10, 0, 0, 0
L -208, -196, -10, -208, -197, -10, 0, 0, 0
L -208, -197, -10, -207, -199, -10, 0, 0, 0
L -207, -199, -10, -205, -199, -10, 0, 0, 0
L -205, -199, -10, -204, -197, -10, 0, 0, 0
L -204, -197, -10, -204, -195, -10, 0, 0, 0
L -204, -195, -10, -186, -195, -10, 0, 0, 0
L -186, -195, -10, -186, -197, -10, 0, 0, 0
L -186, -197, -10, -180, -197, -10, 0, 0, 0
L -180, -197, -10, -180, -195, -10, 0, 0, 0
L -180, -195, -10, -181, -186, -10, 0, 0, 0
L -181, -186, -10, -181, -184, -10, 0, 0, 0
L -181, -184, -10, -183, -184, -10, 0, 0, 0
L -183, -184, -10, -186, -185, -10, 0, 0, 0
L -186, -185, -10, -187, -186, -10, 0, 0, 0
L -187, -186, -10, -188, -184, -10, 0, 0, 0
L -188, -184, -10, -188, -162, -10, 0, 0, 0
L -188, -162, -10, -190, -161, -10, 0, 0, 0
L -190, -161, -10, -191, -160, -9, 0, 0, 0
L -191, -160, -9, -193, -160, -10, 0, 0, 0
L -193, -160, -10, -196, -160, -10, 0, 0, 0
L -196, -160, -10, -199, -162, -10, 0, 0, 0
L -199, -162, -10, -290, -162, -10, 0, 0, 0
L -290, -162, -10, -290, -160, -10, 0, 0, 0
L -290, -160, -10, -288, -159, -10, 0, 0, 0
L -288, -159, -10, -287, -158, -10, 0, 0, 0
L -287, -158, -10, -287, -156, -10, 0, 0, 0
L -287, -156, -10, -289, -154, -10, 0, 0, 0
L -289, -154, -10, -300, -155, -10, 0, 0, 0
L -300, -155, -10, -301, -156, -10, 0, 0, 0
L -301, -156, -10, -301, -157, -10, 0, 0, 0
L -301, -157, -10, -300, -159, -10, 0, 0, 0
L -300, -159, -10, -299, -160, -10, 0, 0, 0
L -299, -160, -10, -297, -160, -9, 0, 0, 0
L -297, -160, -9, -296, -161, -10, 0, 0, 0
L -296, -161, -10, -296, -193, -10, 0, 0, 0
L -296, -193, -10, -297, -195, -10, 0, 0, 0
L -297, -195, -10, -298, -196, -10, 0, 0, 0
L -298, -196, -10, -319, -217, -5, 0, 0, 0
L -319, -217, -5, -319, -215, -5, 0, 0, 0
L -319, -215, -5, -318, -213, -7, 0, 0, 0
L -318, -213, -7, -318, -211, -7, 0, 0, 0
L -318, -211, -7, -320, -211, -6, 0, 0, 0
L -320, -211, -6, -324, -212, -5, 0, 0, 0
L -324, -212, -5, -325, -213, -5, 0, 0, 0
L -325, -213, -5, -327, -214, -5, 0, 0, 0
L -327, -214, -5, -328, -216, -5, 0, 0, 0
L -328, -216, -5, -329, -217, -6, 0, 0, 0
L -329, -217, -6, -331, -218, -10, 0, 0, 0
L -331, -218, -10, -332, -218, -10, 0, 0, 0
L -332, -218, -10, -367, -218, -5, 0, 0, 0
L -367, -218, -5, -367, -216, -5, 0, 0, 0
L -367, -216, -5, -368, -210, -9, 0, 0, 0
L -368, -210, -9, -369, -211, -9, 0, 0, 0
L -369, -211, -9, -371, -212, -5, 0, 0, 0
L -371, -212, -5, -375, -214, -5, 0, 0, 0
L -375, -214, -5, -375, -218, -5, 0, 0, 0
L -375, -218, -5, -377, -218, -6, 0, 0, 0
L -377, -218, -6, -415, -218, -5, 0, 0, 0
L -415, -218, -5, -415, -216, -5, 0, 0, 0
L -415, -216, -5, -416, -211, -5, 0, 0, 0
L -416, -211, -5, -417, -210, -10, 0, 0, 0
L -417, -210, -10, -419, -210, -9, 0, 0, 0
L -419, -210, -9, -420, -211, -7, 0, 0, 0
L -420, -211, -7, -422, -213, -5, 0, 0, 0
L -422, -213, -5, -423, -214, -5, 0, 0, 0
L -423, -214, -5, -424, -216, -6, 0, 0, 0
L -424, -216, -6, -425, -215, -8, 0, 0, 0
L -425, -215, -8, -446, -194, -10, 0, 0, 0
L -446, -194, -10, -446, -161, -10, 0, 0, 0
L -446, -161, -10, -444, -159, -10, 0, 0, 0
L -444, -159, -10, -444, -155, -10, 0, 0, 0
L -444, -155, -10, -445, -154, -10, 0, 0, 0
L -445, -154, -10, -447, -154, -10, 0, 0, 0
L -447, -154, -10, -457, -155, -10, 0, 0, 0
L -457, -155, -10, -457, -162, -10, 0, 0, 0
L -457, -162, -10, -551, -162, -10, 0, 0, 0
L -551, -162, -10, -552, -160, -10, 0, 0, 0
L -552, -160, -10, -552, -159, -10, 0, 0, 0
L -552, -159, -10, -552, -60, 18, 0, 0, 0
L -552, -60, 18, -550, -60, 18, 0, 0, 0
L -550, -60, 18, -550, -62, 18, 0, 0, 0
L -550, -62, 18, -549, -64, 18, 0, 0, 0
L -549, -64, 18, -543, -64, 18, 0, 0, 0
L -543, -64, 18, -543, -55, 18, 0, 0, 0
L -543, -55, 18, -544, -52, 18, 0, 0, 0
L -544, -52, 18, -552, -52, 18, 0, 0, 0
L -552, -52, 18, -553, 48, 19, 0, 0, 0
L -553, 48, 19, -584, 80, 18, 0, 0, 0
L -584, 80, 18, -586, 78, 18, 0, 0, 0
L -586, 78, 18, -586, 64, 18, 0, 0, 0
L -504, 171, 18, -489, 135, 18, 0, 0, 0
L -489, 135, 18, -454, 120, 18, 0, 0, 0
L -454, 120, 18, -436, 127, 18, 0, 0, 0
L -436, 127, 18, -427, 131, 18, 0, 0, 0
L -427, 131, 18, -417, 136, 18, 0, 0, 0
L -417, 136, 18, -404, 168, 18, 0, 0, 0
L -404, 168, 18, -404, 170, 20, 0, 0, 0
L -404, 170, 20, -404, 174, 20, 0, 0, 0
L -404, 174, 20, -407, 181, 20, 0, 0, 0
L -407, 181, 20, -411, 191, 18, 0, 0, 0
L -411, 191, 18, -416, 204, 18, 0, 0, 0
L -416, 204, 18, -417, 205, 18, 0, 0, 0
L -417, 205, 18, -419, 206, 20, 0, 0, 0
L -419, 206, 20, -420, 207, 20, 0, 0, 0
L -420, 207, 20, -437, 215, 18, 0, 0, 0
L -437, 215, 18, -450, 220, 18, 0, 0, 0
L -450, 220, 18, -452, 220, 18, 0, 0, 0
L -452, 220, 18, -454, 220, 20, 0, 0, 0
L -454, 220, 20, -457, 220, 20, 0, 0, 0
L -457, 220, 20, -459, 219, 20, 0, 0, 0
L -459, 219, 20, -460, 219, 19, 0, 0, 0
L -460, 219, 19, -465, 218, 18, 0, 0, 0
L -465, 218, 18, -488, 207, 18, 0, 0, 0
L -488, 207, 18, -489, 206, 18, 0, 0, 0
L -489, 206, 18, -499, 184, 18, 0, 0, 0
L -499, 184, 18, -504, 171, 18, 0, 0, 0
L -498, 165, 22, -486, 139, 22, 0, 0, 0
L -486, 139, 22, -485, 138, 22, 0, 0, 0
L -485, 138, 22, -483, 137, 22, 0, 0, 0
L -483, 137, 22, -474, 133, 21, 0, 0, 0
L -474, 133, 21, -470, 131, 20, 0, 0, 0
L -470, 131, 20, -461, 127, 22, 0, 0, 0
L -461, 127, 22, -455, 125, 22, 0, 0, 0
L -455, 125, 22, -453, 124, 20, 0, 0, 0
L -453, 124, 20, -420, 138, 20, 0, 0, 0
L -420, 138, 20, -419, 140, 20, 0, 0, 0
L -419, 140, 20, -411, 158, 22, 0, 0, 0
L -411, 158, 22, -406, 170, 22, 0, 0, 0
L -406, 170, 22, -409, 178, 22, 0, 0, 0
L -409, 178, 22, -410, 180, 22, 0, 0, 0
L -410, 180, 22, -410, 182, 22, 0, 0, 0
L -410, 182, 22, -411, 183, 21, 0, 0, 0
L -411, 183, 21, -412, 186, 20, 0, 0, 0
L -412, 186, 20, -413, 189, 20, 0, 0, 0
L -413, 189, 20, -417, 199, 21, 0, 0, 0
L -417, 199, 21, -419, 203, 22, 0, 0, 0
L -419, 203, 22, -431, 209, 22, 0, 0, 0
L -431, 209, 22, -440, 212, 21, 0, 0, 0
L -440, 212, 21, -449, 216, 20, 0, 0, 0
L -449, 216, 20, -452, 218, 22, 0, 0, 0
L -452, 218, 22, -465, 213, 22, 0, 0, 0
L -465, 213, 22, -469, 211, 22, 0, 0, 0
L -469, 211, 22, -486, 204, 22, 0, 0, 0
L -486, 204, 22, -491, 192, 22, 0, 0, 0
L -491, 192, 22, -495, 183, 20, 0, 0, 0
L -495, 183, 20, -497, 178, 20, 0, 0, 0
L -497, 178, 20, -499, 175, 22, 0, 0, 0
L -499, 175, 22, -499, 171, 22, 0, 0, 0
L -499, 171, 22, -498, 165, 22, 0, 0, 0
L -453, 155, 22, -443, 159, 22, 0, 0, 0
L -443, 159, 22, -443, 161, 23, 0, 0, 0
L -443, 161, 23, -441, 164, 23, 0, 0, 0
L -441, 164, 23, -440, 165, 22, 0, 0, 0
L -440, 165, 22, -438, 170, 22, 0, 0, 0
L -438, 170, 22, -438, 172, 22, 0, 0, 0
L -438, 172, 22, -440, 177, 22, 0, 0, 0
L -440, 177, 22, -441, 179, 22, 0, 0, 0
L -441, 179, 22, -441, 181, 22, 0, 0, 0
L -441, 181, 22, -443, 182, 22, 0, 0, 0
L -443, 182, 22, -444, 183, 22, 0, 0, 0
L -444, 183, 22, -451, 186, 22, 0, 0, 0
L -451, 186, 22, -453, 186, 22, 0, 0, 0
L -453, 186, 22, -454, 186, 23, 0, 0, 0
L -454, 186, 23, -461, 184, 23, 0, 0, 0
L -461, 184, 23, -463, 183, 22, 0, 0, 0
L -463, 183, 22, -464, 183, 22, 0, 0, 0
L -464, 183, 22, -466, 182, 22, 0, 0, 0
L -466, 182, 22, -469, 173, 22, 0, 0, 0
L -469, 173, 22, -469, 171, 23, 0, 0, 0
L -469, 171, 23, -467, 165, 23, 0, 0, 0
L -467, 165, 23, -466, 161, 23, 0, 0, 0
L -466, 161, 23, -465, 160, 23, 0, 0, 0
L -465, 160, 23, -463, 159, 23, 0, 0, 0
L -463, 159, 23, -454, 155, 22, 0, 0, 0
L -454, 155, 22, -453, 155, 22, 0, 0, 0
L -450, 163, 23, -450, 164, 24, 0, 0, 0
L -470, 113, 18, -435, 113, 23, 0, 0, 0
L -435, 113, 23, -434, 111, 23, 0, 0, 0
L -434, 111, 23, -432, 111, 23, 0, 0, 0
L -432, 111, 23, -425, 112, 23, 0, 0, 0
L -425, 112, 23, -425, 117, 23, 0, 0, 0
L -425, 117, 23, -423, 118, 23, 0, 0, 0
L -423, 118, 23, -401, 141, 23, 0, 0, 0
L -401, 141, 23, -396, 141, 23, 0, 0, 0
L -396, 141, 23, -395, 143, 23, 0, 0, 0
L -395, 143, 23, -395, 151, 23, 0, 0, 0
L -395, 151, 23, -397, 152, 24, 0, 0, 0
L -397, 152, 24, -397, 153, 26, 0, 0, 0
L -397, 153, 26, -397, 191, 23, 0, 0, 0
L -397, 191, 23, -395, 192, 23, 0, 0, 0
L -395, 192, 23, -395, 201, 23, 0, 0, 0
L -395, 201, 23, -401, 201, 23, 0, 0, 0
L -401, 201, 23, -425, 225, 23, 0, 0, 0
L -425, 225, 23, -425, 231, 23, 0, 0, 0
L -425, 231, 23, -436, 231, 23, 0, 0, 0
L -436, 231, 23, -437, 229, 23, 0, 0, 0
L -437, 229, 23, -438, 229, 23, 0, 0, 0
L -438, 229, 23, -441, 229, 18, 0, 0, 0
L -441, 229, 18, -443, 229, 18, 0, 0, 0
L -443, 229, 18, -473, 229, 23, 0, 0, 0
L -473, 229, 23, -473, 231, 23, 0, 0, 0
L -473, 231, 23, -483, 231, 23, 0, 0, 0
L -483, 231, 23, -484, 229, 23, 0, 0, 0
L -484, 229, 23, -483, 227, 23, 0, 0, 0
L -483, 227, 23, -482, 221, 23, 0, 0, 0
L -482, 221, 23, -481, 221, 23, 0, 0, 0
L -481, 221, 23, -473, 222, 23, 0, 0, 0
L -473, 222, 23, -472, 223, 23, 0, 0, 0
L -472, 223, 23, -470, 223, 23, 0, 0, 0
L -470, 223, 23, -468, 224, 23, 0, 0, 0
L -468, 224, 23, -467, 224, 25, 0, 0, 0
L -467, 224, 25, -464, 225, 24, 0, 0, 0
L -464, 225, 24, -463, 225, 24, 0, 0, 0
L -463, 225, 24, -454, 223, 18, 0, 0, 0
L -454, 223, 18, -442, 223, 18, 0, 0, 0
L -442, 223, 18, -435, 223, 23, 0, 0, 0
L -435, 223, 23, -434, 221, 23, 0, 0, 0
L -434, 221, 23, -427, 221, 23, 0, 0, 0
L -427, 221, 23, -426, 219, 23, 0, 0, 0
L -426, 219, 23, -405, 199, 23, 0, 0, 0
L -405, 199, 23, -405, 197, 23, 0, 0, 0
L -405, 197, 23, -404, 191, 23, 0, 0, 0
L -404, 191, 23, -403, 190, 23, 0, 0, 0
L -403, 190, 23, -403, 188, 22, 0, 0, 0
L -403, 188, 22, -403, 176, 20, 0, 0, 0
L -403, 176, 20, -404, 174, 18, 0, 0, 0
L -404, 174, 18, -404, 172, 20, 0, 0, 0
L -404, 172, 20, -403, 166, 19, 0, 0, 0
L -403, 166, 19, -403, 165, 18, 0, 0, 0
L -403, 165, 18, -403, 163, 18, 0, 0, 0
L -403, 163, 18, -403, 151, 23, 0, 0, 0
L -403, 151, 23, -405, 150, 23, 0, 0, 0
L -405, 150, 23, -405, 143, 23, 0, 0, 0
L -405, 143, 23, -427, 121, 23, 0, 0, 0
L -427, 121, 23, -435, 121, 23, 0, 0, 0
L -435, 121, 23, -436, 119, 23, 0, 0, 0
L -436, 119, 23, -437, 119, 20, 0, 0, 0
L -437, 119, 20, -447, 119, 18, 0, 0, 0
L -447, 119, 18, -457, 119, 18, 0, 0, 0
L -457, 119, 18, -473, 119, 23, 0, 0, 0
L -473, 119, 23, -474, 121, 23, 0, 0, 0
L -474, 121, 23, -482, 121, 23, 0, 0, 0
L -482, 121, 23, -483, 119, 23, 0, 0, 0
L -483, 119, 23, -482, 111, 23, 0, 0, 0
L -482, 111, 23, -473, 112, 23, 0, 0, 0
L -473, 112, 23, -472, 113, 23, 0, 0, 0
L -472, 113, 23, -470, 113, 20, 0, 0, 0
L -470, 113, 20, -469, 113, 18, 0, 0, 0
