L 1343, -665, 313, 1343, -651, 313, 64, 64, 64
L 1080, -665, 314, 1343, -665, 313, 64, 64, 64
L 1080, -632, 312, 1080, -665, 314, 64, 64, 64
L 1080, -514, 254, 1080, -632, 312, 64, 64, 64
L 1080, -485, 254, 1080, -514, 254, 64, 64, 64
L 1134, -485, 253, 1080, -485, 254, 64, 64, 64
L 1321, -485, 140, 1321, -514, 140, 64, 64, 64
L 1317, -485, 142, 1317, -514, 142, 64, 64, 64
L 1314, -485, 144, 1314, -514, 144, 64, 64, 64
L 1311, -485, 146, 1311, -514, 146, 64, 64, 64
L 1307, -485, 148, 1307, -514, 148, 64, 64, 64
L 1304, -485, 150, 1304, -514, 150, 64, 64, 64
L 1301, -485, 152, 1301, -514, 152, 64, 64, 64
L 1297, -485, 154, 1297, -514, 154, 64, 64, 64
L 1294, -485, 156, 1294, -514, 156, 64, 64, 64
L 1291, -485, 158, 1291, -514, 158, 64, 64, 64
L 1287, -485, 160, 1287, -514, 160, 64, 64, 64
L 1284, -485, 162, 1284, -514, 162, 64, 64, 64
L 1281, -485, 164, 1281, -514, 164, 64, 64, 64
L 1277, -485, 166, 1277, -514, 166, 64, 64, 64
L 1274, -485, 168, 1274, -514, 168, 64, 64, 64
L 1271, -485, 170, 1271, -514, 170, 64, 64, 64
L 1267, -485, 172, 1267, -514, 172, 64, 64, 64
L 1264, -485, 174, 1264, -514, 174, 64, 64, 64
L 1261, -485, 176, 1261, -514, 176, 64, 64, 64
L 1257, -485, 178, 1257, -514, 178, 64, 64, 64
L 1254, -485, 180, 1254, -514, 180, 64, 64, 64
L 1251, -485, 182, 1251, -514, 182, 64, 64, 64
L 1247, -485, 184, 1247, -514, 184, 64, 64, 64
L 1244, -485, 186, 1244, -514, 186, 64, 64, 64
L 1241, -485, 188, 1241, -514, 188, 64, 64, 64
L 1237, -485, 190, 1237, -514, 190, 64, 64, 64
L 1234, -485, 192, 1234, -514, 192, 64, 64, 64
L 1231, -485, 194, 1231, -514, 194, 64, 64, 64
L 1227, -485, 196, 1227, -514, 196, 64, 64, 64
L 1224, -485, 198, 1224, -514, 198, 64, 64, 64
L 1221, -485, 200, 1221, -514, 200, 64, 64, 64
L 1217, -485, 202, 1217, -514, 202, 64, 64, 64
L 1214, -485, 204, 1214, -514, 204, 64, 64, 64
L 1211, -485, 206, 1211, -514, 206, 64, 64, 64
L 1207, -485, 208, 1207, -514, 208, 64, 64, 64
L 1321, -485, 140, 1134, -485, 253, 64, 64, 64
L 1204, -485, 210, 1204, -514, 208, 64, 64, 64
L 1201, -485, 212, 1201, -514, 212, 64, 64, 64
L 1197, -485, 214, 1197, -514, 214, 64, 64, 64
L 1194, -485, 216, 1194, -514, 216, 64, 64, 64
L 1191, -485, 218, 1191, -514, 218, 64, 64, 64
L 1187, -485, 220, 1187, -514, 220, 64, 64, 64
L 1184, -485, 222, 1184, -514, 222, 64, 64, 64
L 1181, -485, 224, 1181, -514, 224, 64, 64, 64
L 1177, -485, 226, 1177, -514, 226, 64, 64, 64
L 1174, -485, 228, 1174, -514, 228, 64, 64, 64
L 1171, -485, 230, 1171, -514, 230, 64, 64, 64
L 1167, -485, 232, 1167, -514, 232, 64, 64, 64
L 1164, -485, 234, 1164, -514, 234, 64, 64, 64
L 1161, -485, 236, 1161, -514, 236, 64, 64, 64
L 1157, -485, 238, 1157, -514, 238, 64, 64, 64
L 1154, -485, 240, 1154, -514, 240, 64, 64, 64
L 1151, -485, 242, 1151, -514, 242, 64, 64, 64
L 1147, -485, 244, 1147, -514, 244, 64, 64, 64
L 1144, -485, 246, 1144, -514, 246, 64, 64, 64
L 1141, -485, 248, 1141, -514, 248, 64, 64, 64
L 1137, -485, 250, 1137, -514, 250, 64, 64, 64
L 1134, -485, 252, 1134, -514, 252, 64, 64, 64
L 1080, -514, 140, 1321, -514, 140, 64, 64, 64
L 1267, -608, 29, 1260, -574, 18, 64, 64, 64
L 1287, -638, 40, 1267, -608, 29, 64, 64, 64
L 1316, -657, 50, 1287, -638, 40, 64, 64, 64
L 1350, -664, 60, 1316, -657, 50, 64, 64, 64
L 1384, -658, 70, 1350, -664, 60, 64, 64, 64
L 1413, -639, 80, 1384, -658, 70, 64, 64, 64
L 1433, -609, 90, 1413, -639, 80, 64, 64, 64
L 1440, -575, 100, 1433, -609, 90, 64, 64, 64
L 1433, -541, 110, 1440, -575, 100, 64, 64, 64
L 1413, -511, 120, 1433, -541, 110, 64, 64, 64
L 1384, -492, 130, 1413, -511, 120, 64, 64, 64
L 1349, -485, 140, 1384, -492, 130, 64, 64, 64
L 1321, -485, 140, 1349, -485, 140, 64, 64, 64
L 1367, -533, 134, 1350, -530, 144, 64, 64, 64
L 1383, -543, 124, 1367, -533, 134, 64, 64, 64
L 1393, -558, 113, 1383, -543, 124, 64, 64, 64
L 1395, -574, 104, 1393, -558, 113, 64, 64, 64
L 1392, -593, 93, 1395, -574, 104, 64, 64, 64
L 1383, -606, 85, 1392, -593, 93, 64, 64, 64
L 1367, -617, 74, 1383, -606, 85, 64, 64, 64
L 1349, -620, 63, 1367, -617, 74, 64, 64, 64
L 1333, -617, 54, 1349, -620, 63, 64, 64, 64
L 1318, -607, 44, 1333, -617, 54, 64, 64, 64
L 1309, -593, 34, 1318, -607, 44, 64, 64, 64
L 1305, -574, 18, 1309, -593, 34, 64, 64, 64
L 1253, -569, 14, 1253, -574, 14, 64, 64, 64
L 1255, -567, 14, 1253, -569, 14, 64, 64, 64
L 1305, -567, 14, 1255, -567, 14, 64, 64, 64
L 1305, -574, 18, 1250, -575, 12, 64, 64, 64
L 1258, -571, 16, 1255, -574, 16, 64, 64, 64
L 1305, -571, 16, 1258, -571, 16, 64, 64, 64
L 1251, -565, 12, 1251, -575, 12, 64, 64, 64
L 1253, -563, 12, 1251, -565, 12, 64, 64, 64
L 1305, -563, 12, 1253, -563, 12, 64, 64, 64
L 1250, -663, 12, 1250, -575, 12, 64, 64, 64
L 1305, -574, 12, 1305, -486, 12, 64, 64, 64
L 1048, -528, 14, 1065, -528, 14, 64, 64, 64
L 1065, -486, 14, 1065, -528, 14, 64, 64, 64
L 1305, -486, 14, 1065, -486, 14, 64, 64, 64
L 1065, -663, 14, 1250, -663, 14, 64, 64, 64
L 1065, -550, 14, 1065, -663, 14, 64, 64, 64
L 1048, -550, 13, 1065, -550, 14, 64, 64, 64
L 1048, -646, 52, 1048, -550, 13, 64, 64, 64
L 1049, -673, 40, 1048, -646, 52, 64, 64, 64
L 1024, -674, 19, 1049, -673, 40, 64, 64, 64
L 1023, -751, 2, 1024, -674, 19, 64, 64, 64
L 1101, -751, 84, 1023, -751, 2, 64, 64, 64
L 1102, -726, 94, 1101, -751, 84, 64, 64, 64
L 1128, -726, 133, 1102, -726, 94, 64, 64, 64
L 1163, -726, 156, 1128, -726, 133, 64, 64, 64
L 1212, -726, 199, 1163, -726, 156, 64, 64, 64
L 1266, -726, 229, 1212, -726, 199, 64, 64, 64
L 1299, -726, 236, 1266, -726, 229, 64, 64, 64
L 1299, -751, 210, 1299, -726, 236, 64, 64, 64
L 1327, -751, 222, 1299, -751, 210, 64, 64, 64
L 1376, -751, 227, 1327, -751, 222, 64, 64, 64
L 1378, -671, 243, 1376, -751, 227, 64, 64, 64
L 1385, -670, 242, 1378, -671, 243, 64, 64, 64
L 1420, -648, 224, 1385, -670, 242, 64, 64, 64
L 1444, -611, 194, 1420, -648, 224, 64, 64, 64
L 1451, -574, 152, 1444, -611, 194, 64, 64, 64
L 1444, -537, 125, 1451, -574, 152, 64, 64, 64
L 1422, -504, 108, 1444, -537, 125, 64, 64, 64
L 1388, -481, 103, 1422, -504, 108, 64, 64, 64
L 1376, -475, 103, 1388, -481, 103, 64, 64, 64
L 1377, -398, 56, 1376, -475, 103, 64, 64, 64
L 1299, -399, 99, 1377, -398, 55, 64, 64, 64
L 1299, -423, 129, 1299, -399, 99, 64, 64, 64
L 1262, -423, 176, 1299, -423, 129, 64, 64, 64
L 1179, -423, 205, 1262, -423, 176, 64, 64, 64
L 1101, -423, 175, 1179, -423, 205, 64, 64, 64
L 1101, -398, 179, 1101, -423, 175, 64, 64, 64
L 1085, -398, 168, 1101, -398, 179, 64, 64, 64
L 1064, -398, 151, 1085, -398, 168, 64, 64, 64
L 1023, -401, 105, 1064, -398, 151, 64, 64, 64
L 1023, -446, 68, 1023, -401, 105, 64, 64, 64
L 1024, -474, 39, 1023, -446, 68, 64, 64, 64
L 1049, -476, 55, 1024, -474, 39, 64, 64, 64
L 1048, -528, 12, 1049, -476, 55, 64, 64, 64
L 1172, 1799, 0, 1104, 1799, -9, 150, 0, 200
L 1263, 1548, 33, 1246, 1534, 26, 150, 100, 0
L 1281, 1559, 39, 1263, 1548, 33, 150, 100, 0
L 1300, 1582, 36, 1281, 1559, 39, 150, 100, 0
L 1315, 1610, 33, 1300, 1582, 36, 150, 100, 0
L 1318, 1646, 30, 1315, 1610, 33, 150, 100, 0
L 1306, 1681, 22, 1318, 1646, 30, 150, 100, 0
L 1285, 1702, 16, 1306, 1681, 22, 150, 100, 0
L 1261, 1721, 22, 1285, 1702, 16, 150, 100, 0
L 1226, 1729, 8, 1261, 1721, 22, 150, 100, 0
L 1195, 1724, -2, 1226, 1729, 8, 150, 100, 0
L 1173, 1744, -2, 1195, 1724, -2, 150, 100, 0
L 1170, 1797, -2, 1173, 1744, -2, 150, 100, 0
L 1172, 1818, -5, 1170, 1797, -2, 150, 100, 0
L 1177, 1827, -11, 1172, 1818, -5, 150, 100, 0
L 1199, 1837, -23, 1177, 1827, -11, 150, 100, 0
L 1238, 1843, -38, 1199, 1837, -23, 150, 100, 0
L 1286, 1853, -45, 1238, 1843, -38, 150, 100, 0
L 1318, 1872, -51, 1286, 1853, -45, 150, 100, 0
L 1341, 1895, -59, 1318, 1872, -51, 150, 100, 0
L 1356, 1921, -70, 1341, 1895, -59, 150, 100, 0
L 1370, 1951, -74, 1356, 1921, -70, 150, 100, 0
L 1374, 1981, -74, 1370, 1951, -74, 150, 100, 0
L 1374, 2021, -60, 1374, 1981, -74, 150, 100, 0
L 1373, 2055, -42, 1374, 2021, -60, 150, 100, 0
L 1372, 2092, -20, 1373, 2055, -42, 150, 100, 0
L 1304, 2084, -10, 1304, 2085, -9, 150, 100, 0
L 1304, 2020, -56, 1304, 2084, -10, 150, 100, 0
L 1304, 1980, -69, 1304, 2020, -56, 150, 100, 0
L 1301, 1956, -65, 1304, 1980, -69, 150, 100, 0
L 1292, 1942, -61, 1301, 1956, -65, 150, 100, 0
L 1276, 1928, -52, 1292, 1942, -61, 150, 100, 0
L 1263, 1920, -45, 1276, 1928, -52, 150, 100, 0
L 1230, 1909, -34, 1263, 1920, -45, 150, 100, 0
L 1193, 1904, -29, 1230, 1909, -34, 150, 100, 0
L 1144, 1889, -18, 1193, 1904, -29, 150, 100, 0
L 1115, 1855, -12, 1144, 1889, -18, 150, 100, 0
L 1105, 1809, -10, 1115, 1855, -12, 150, 100, 0
L 1108, 1755, -15, 1105, 1809, -10, 150, 100, 0
L 1115, 1723, -10, 1108, 1755, -15, 150, 100, 0
L 1154, 1678, -6, 1115, 1723, -10, 150, 100, 0
L 1193, 1667, -0, 1154, 1678, -6, 150, 100, 0
L 1226, 1665, 4, 1193, 1667, -0, 150, 100, 0
L 1239, 1660, 9, 1226, 1665, 4, 150, 100, 0
L 1251, 1653, 10, 1239, 1660, 9, 150, 100, 0
L 1257, 1643, 11, 1251, 1653, 10, 150, 100, 0
L 1249, 1616, 19, 1257, 1643, 11, 150, 100, 0
L 1225, 1574, 19, 1249, 1616, 19, 150, 100, 0
L -1150, 1718, -38, -1149, 1642, -41, 150, 100, 0
L -1146, 1716, -40, -1150, 1718, -38, 150, 100, 0
L -1141, 1722, -40, -1146, 1716, -40, 150, 100, 0
L -1140, 1724, -40, -1141, 1722, -40, 150, 100, 0
L -1105, 1725, -40, -1140, 1724, -40, 150, 100, 0
L -1102, 1722, -40, -1105, 1725, -40, 150, 100, 0
L -1098, 1726, -40, -1102, 1722, -40, 150, 100, 0
L -1100, 1728, -40, -1098, 1726, -40, 150, 100, 0
L -1100, 1766, -40, -1100, 1728, -40, 150, 100, 0
L -1095, 1766, -40, -1100, 1766, -40, 150, 100, 0
L -1091, 1770, -40, -1095, 1766, -40, 150, 100, 0
L -1092, 1775, -37, -1091, 1770, -40, 150, 100, 0
L -1004, 1775, -40, -1092, 1775, -37, 150, 100, 0
L -1002, 1772, -40, -1004, 1775, -40, 150, 100, 0
L -998, 1777, -40, -1002, 1772, -40, 150, 100, 0
L -1000, 1779, -40, -998, 1777, -40, 150, 100, 0
L -1000, 1826, -40, -1000, 1779, -40, 150, 100, 0
L -1084, 1826, -40, -1000, 1826, -40, 150, 100, 0
L -1081, 1833, -40, -1084, 1826, -40, 150, 100, 0
L -1084, 1836, -40, -1081, 1833, -40, 150, 100, 0
L -1086, 1842, -40, -1084, 1836, -40, 150, 100, 0
L -1091, 1845, -40, -1086, 1842, -40, 150, 100, 0
L -1098, 1842, -37, -1091, 1845, -40, 150, 100, 0
L -1100, 1841, -40, -1098, 1842, -37, 150, 100, 0
L -1100, 1925, -40, -1100, 1841, -40, 150, 100, 0
L -992, 1925, -40, -1100, 1925, -40, 150, 100, 0
L -993, 1917, -40, -992, 1925, -40, 150, 100, 0
L -992, 1908, -40, -993, 1917, -40, 150, 100, 0
L -987, 1901, -40, -992, 1908, -40, 150, 100, 0
L -983, 1897, -40, -987, 1901, -40, 150, 100, 0
L -975, 1894, -40, -983, 1897, -40, 150, 100, 0
L -966, 1894, -40, -975, 1894, -40, 150, 100, 0
L -958, 1898, -40, -966, 1894, -40, 150, 100, 0
L -952, 1903, -40, -958, 1898, -40, 150, 100, 0
L -947, 1910, -40, -952, 1903, -40, 150, 100, 0
L -946, 1918, -40, -947, 1910, -40, 150, 100, 0
L -948, 1925, -40, -946, 1918, -40, 150, 100, 0
L -850, 1925, -40, -948, 1925, -40, 150, 100, 0
L -850, 1847, -40, -850, 1925, -40, 150, 100, 0
L -854, 1846, -40, -850, 1847, -40, 150, 100, 0
L -859, 1839, -40, -854, 1846, -40, 150, 100, 0
L -868, 1834, -40, -859, 1839, -40, 150, 100, 0
L -876, 1826, -40, -868, 1834, -40, 150, 100, 0
L -950, 1825, -40, -876, 1826, -40, 150, 100, 0
L -950, 1730, -40, -950, 1825, -40, 150, 100, 0
L -954, 1728, -40, -950, 1730, -40, 150, 100, 0
L -954, 1726, -40, -954, 1728, -40, 150, 100, 0
L -1050, 1725, -40, -954, 1726, -40, 150, 100, 0
L -1050, 1679, -40, -1050, 1725, -40, 150, 100, 0
L -1054, 1679, -40, -1050, 1679, -40, 150, 100, 0
L -1056, 1676, -40, -1054, 1679, -40, 150, 100, 0
L -1098, 1676, -40, -1056, 1676, -40, 150, 100, 0
L -1100, 1643, -39, -1098, 1676, -40, 150, 100, 0
L -1105, 1637, -40, -1100, 1643, -39, 150, 100, 0
L -1108, 1629, -38, -1105, 1637, -40, 150, 100, 0
L -350, 1750, -6, -350, 1712, 14, 150, 100, 0
L -350, 1785, -6, -350, 1750, -6, 150, 100, 0
L -353, 1789, -3, -350, 1785, -6, 150, 100, 0
L -357, 1793, -3, -353, 1789, -3, 150, 100, 0
L -359, 1800, -3, -357, 1793, -3, 150, 100, 0
L -450, 1800, -31, -359, 1800, -3, 150, 100, 0
L -450, 1851, -31, -450, 1800, -31, 150, 100, 0
L -421, 1851, -31, -450, 1851, -31, 150, 100, 0
L -422, 1853, -31, -421, 1851, -31, 150, 100, 0
L -420, 1857, -31, -422, 1853, -31, 150, 100, 0
L -410, 1861, -31, -420, 1857, -31, 150, 100, 0
L -396, 1862, -31, -410, 1861, -31, 150, 100, 0
L -382, 1861, -31, -396, 1862, -31, 150, 100, 0
L -378, 1860, -31, -382, 1861, -31, 150, 100, 0
L -372, 1857, -31, -378, 1860, -31, 150, 100, 0
L -369, 1853, -30, -372, 1857, -31, 150, 100, 0
L -370, 1851, -31, -369, 1853, -30, 150, 100, 0
L -300, 1851, -56, -370, 1851, -31, 150, 100, 0
L -300, 1814, -56, -300, 1851, -56, 150, 100, 0
L -298, 1814, -56, -300, 1814, -56, 150, 100, 0
L -293, 1812, -56, -298, 1814, -56, 150, 100, 0
L -290, 1808, -56, -293, 1812, -56, 150, 100, 0
L -290, 1801, -54, -290, 1808, -56, 150, 100, 0
L -265, 1801, -56, -290, 1801, -54, 150, 100, 0
L -263, 1803, -56, -265, 1801, -56, 150, 100, 0
L -261, 1807, -55, -263, 1803, -56, 150, 100, 0
L -255, 1816, -56, -261, 1807, -55, 150, 100, 0
L -250, 1821, -56, -255, 1816, -56, 150, 100, 0
L -250, 1866, -56, -250, 1821, -56, 150, 100, 0
L -257, 1862, -56, -250, 1866, -56, 150, 100, 0
L -262, 1867, -56, -257, 1862, -56, 150, 100, 0
L -263, 1878, -56, -262, 1867, -56, 150, 100, 0
L -262, 1887, -56, -263, 1878, -56, 150, 100, 0
L -259, 1900, -56, -262, 1887, -56, 150, 100, 0
L -255, 1906, -56, -259, 1900, -56, 150, 100, 0
L -250, 1910, -54, -255, 1906, -56, 150, 100, 0
L -250, 1942, -54, -250, 1910, -54, 150, 100, 0
L -253, 1938, -56, -250, 1942, -54, 150, 100, 0
L -260, 1945, -56, -253, 1938, -56, 150, 100, 0
L -259, 1950, -56, -260, 1945, -56, 150, 100, 0
L -286, 1950, -56, -259, 1950, -56, 150, 100, 0
L -287, 1944, -56, -286, 1950, -56, 150, 100, 0
L -290, 1939, -56, -287, 1944, -56, 150, 100, 0
L -296, 1937, -55, -290, 1939, -56, 150, 100, 0
L -300, 1938, -54, -296, 1937, -55, 150, 100, 0
L -300, 1901, -56, -300, 1938, -54, 150, 100, 0
L -304, 1900, -52, -300, 1901, -56, 150, 100, 0
L -350, 1900, -31, -304, 1900, -52, 150, 100, 0
L -350, 1950, -31, -350, 1900, -31, 150, 100, 0
L -400, 1950, -31, -350, 1950, -31, 150, 100, 0
L -399, 1900, -31, -400, 1950, -31, 150, 100, 0
L -477, 1900, -31, -399, 1900, -31, 150, 100, 0
L -489, 1889, -31, -477, 1900, -31, 150, 100, 0
L -499, 1883, -29, -489, 1889, -31, 150, 100, 0
L -500, 1779, -31, -499, 1883, -29, 150, 100, 0
L -493, 1775, -31, -500, 1779, -31, 150, 100, 0
L -489, 1767, -31, -493, 1775, -31, 150, 100, 0
L -488, 1751, -30, -489, 1767, -31, 150, 100, 0
L -400, 1751, -6, -488, 1751, -30, 150, 100, 0
L -398, 1703, 19, -400, 1751, -6, 150, 100, 0
L -1883, 32, -39, -1883, 91, -39, 125, 0, 200
L -1775, -77, -39, -1776, -77, -39, 64, 64, 64
L -1755, -77, -39, -1753, -77, -39, 64, 64, 64
L -1753, -71, -40, -1753, -77, -40, 64, 64, 64
L -1776, -71, -38, -1753, -71, -38, 64, 64, 64
L -1776, -77, -39, -1776, -71, -39, 64, 64, 64
L -1775, -88, -39, -1775, -77, -39, 64, 64, 64
L -1837, -88, -39, -1775, -88, -39, 64, 64, 64
L -1837, 32, -39, -1837, -88, -39, 64, 64, 64
L -1928, 32, -39, -1837, 32, -39, 64, 64, 64
L -1928, -98, -39, -1928, 32, -39, 64, 64, 64
L -2137, -98, -39, -1928, -98, -39, 64, 64, 64
L -1997, -27, -39, -2137, -27, -39, 64, 64, 64
L -1997, 91, -39, -1997, -27, -39, 64, 64, 64
L -1775, 91, -39, -1997, 91, -39, 64, 64, 64
L -1775, -29, -39, -1775, 91, -39, 64, 64, 64
L -1775, -29, -39, -1776, -29, -39, 64, 64, 64
L -1776, -35, -39, -1776, -29, -39, 64, 64, 64
L -1754, -35, -40, -1776, -35, -39, 64, 64, 64
L -1754, -29, -40, -1754, -35, -40, 64, 64, 64
L -1755, -29, -40, -1754, -29, -40, 64, 64, 64
L -1802, 1256, 219, -1794, 1238, 214, 0, 125, 0
L -1804, 1370, 193, -1802, 1256, 219, 0, 125, 0
L -1744, 1403, 163, -1804, 1370, 193, 0, 125, 0
L -1613, 1374, 134, -1744, 1403, 163, 0, 125, 0
L -1519, 1367, 69, -1613, 1374, 134, 0, 125, 0
L -1420, 1457, 122, -1519, 1367, 69, 0, 125, 0
L -1364, 1512, 95, -1420, 1457, 122, 0, 125, 0
L -1326, 1548, 56, -1364, 1512, 95, 0, 125, 0
L -1299, 1573, 24, -1326, 1548, 56, 0, 125, 0
L -1273, 1616, 0, -1299, 1573, 24, 0, 125, 0
L -1113, 1665, 8, -1273, 1616, 0, 0, 125, 0
L -927, 1684, 138, -1113, 1665, 8, 0, 125, 0
L -491, 1718, 57, -927, 1684, 138, 0, 125, 0
L -483, 1720, 54, -491, 1718, 57, 0, 125, 0
L -388, 1737, 151, -483, 1720, 54, 0, 125, 0
L -236, 1772, 186, -388, 1737, 151, 0, 125, 0
L -122, 1785, 206, -236, 1772, 186, 0, 125, 0
L 196, 1685, 156, -122, 1785, 206, 0, 125, 0
L 308, 1709, 198, 196, 1685, 156, 0, 125, 0
L 442, 1723, 137, 308, 1709, 198, 0, 125, 0
L 473, 1712, 105, 442, 1723, 137, 0, 125, 0
L 527, 1687, 73, 473, 1712, 105, 0, 125, 0
L 707, 1729, 153, 527, 1687, 73, 0, 125, 0
L 760, 1789, 177, 707, 1729, 153, 0, 125, 0
L 859, 1841, 204, 760, 1789, 177, 0, 125, 0
L 1023, 1793, 201, 859, 1841, 204, 0, 125, 0
L 1109, 1792, 215, 1023, 1793, 201, 0, 125, 0
L 1254, 1792, 223, 1109, 1792, 215, 0, 125, 0
L 1502, 1796, 182, 1254, 1792, 223, 0, 125, 0
L 1561, 1791, 188, 1502, 1796, 182, 0, 125, 0
L 1659, 1745, 159, 1561, 1791, 188, 0, 125, 0
L 1705, 1698, 183, 1659, 1745, 159, 0, 125, 0
L 1765, 1605, 196, 1705, 1698, 183, 0, 125, 0
L 1785, 1510, 195, 1765, 1605, 196, 0, 125, 0
L 1786, 1394, 212, 1785, 1510, 195, 0, 125, 0
L 1770, 1199, 250, 1786, 1394, 212, 0, 125, 0
L 1756, 1124, 230, 1770, 1199, 250, 0, 125, 0
L 1736, 939, 221, 1756, 1124, 230, 0, 125, 0
L 1731, 861, 185, 1736, 939, 221, 0, 125, 0
L 1726, 841, 161, 1731, 861, 185, 0, 125, 0
L 1719, 812, 132, 1726, 841, 161, 0, 125, 0
L 1697, 730, 88, 1719, 812, 132, 0, 125, 0
L 1675, 667, 99, 1697, 730, 88, 0, 125, 0
L 1623, 539, 125, 1675, 667, 99, 0, 125, 0
L 1579, 416, 192, 1623, 539, 125, 0, 125, 0
L 1708, 202, 220, 1579, 416, 192, 0, 125, 0
L 1772, 144, 248, 1708, 202, 220, 0, 125, 0
L 1796, 110, 247, 1772, 144, 248, 0, 125, 0
L 1817, -138, 288, 1796, 110, 247, 0, 125, 0
L 1807, -278, 283, 1817, -138, 288, 0, 125, 0
L 1791, -338, 247, 1807, -278, 283, 0, 125, 0
L 1767, -408, 216, 1791, -338, 247, 0, 125, 0
L 1736, -481, 176, 1767, -408, 216, 0, 125, 0
L 1721, -517, 143, 1736, -481, 176, 0, 125, 0
L 1691, -588, 170, 1721, -517, 143, 0, 125, 0
L 1643, -648, 268, 1691, -588, 170, 0, 125, 0
L 1579, -727, 325, 1643, -648, 268, 0, 125, 0
L 1560, -948, 186, 1579, -727, 325, 0, 125, 0
L 1634, -1032, 165, 1560, -948, 186, 0, 125, 0
L 1637, -1037, 162, 1634, -1032, 165, 0, 125, 0
L 1674, -1102, 171, 1637, -1037, 162, 0, 125, 0
L 1684, -1121, 149, 1674, -1102, 171, 0, 125, 0
L 1718, -1205, 153, 1684, -1121, 149, 0, 125, 0
L 1737, -1276, 139, 1718, -1205, 153, 0, 125, 0
L 1756, -1378, 149, 1737, -1276, 139, 0, 125, 0
L 1764, -1427, 158, 1756, -1378, 149, 0, 125, 0
L 1743, -1491, 130, 1764, -1427, 158, 0, 125, 0
L 1623, -1635, 104, 1743, -1491, 130, 0, 125, 0
L 1364, -1766, 140, 1623, -1635, 104, 0, 125, 0
L 1269, -1806, 157, 1364, -1766, 140, 0, 125, 0
L 1146, -1846, 212, 1269, -1806, 157, 0, 125, 0
L 1069, -1837, 189, 1146, -1846, 212, 0, 125, 0
L 983, -1795, 148, 1069, -1837, 189, 0, 125, 0
L 719, -1716, 199, 983, -1795, 148, 0, 125, 0
L 590, -1695, 154, 719, -1716, 199, 0, 125, 0
L 421, -1737, 99, 590, -1695, 154, 0, 125, 0
L 381, -1752, 97, 421, -1737, 99, 0, 125, 0
L 273, -1770, 72, 381, -1752, 97, 0, 125, 0
L 212, -1768, 66, 272, -1770, 72, 0, 125, 0
L 158, -1763, 70, 212, -1768, 66, 0, 125, 0
L 57, -1742, 64, 158, -1763, 70, 0, 125, 0
L -20, -1749, 86, 57, -1742, 64, 0, 125, 0
L -101, -1744, 90, -20, -1749, 86, 0, 125, 0
L -167, -1733, 117, -101, -1744, 90, 0, 125, 0
L -247, -1713, 165, -167, -1733, 117, 0, 125, 0
L -318, -1705, 173, -247, -1713, 165, 0, 125, 0
L -364, -1742, 157, -318, -1705, 173, 0, 125, 0
L -422, -1757, 124, -364, -1742, 157, 0, 125, 0
L -493, -1749, 78, -422, -1757, 124, 0, 125, 0
L -614, -1721, 81, -493, -1749, 78, 0, 125, 0
L -667, -1707, 103, -614, -1721, 81, 0, 125, 0
L -730, -1703, 149, -667, -1707, 103, 0, 125, 0
L -826, -1703, 137, -730, -1703, 149, 0, 125, 0
L -857, -1718, 143, -826, -1703, 137, 0, 125, 0
L -891, -1743, 145, -857, -1718, 143, 0, 125, 0
L -946, -1761, 139, -891, -1743, 145, 0, 125, 0
L -1013, -1765, 119, -946, -1761, 139, 0, 125, 0
L -1085, -1763, 131, -1013, -1765, 119, 0, 125, 0
L -1160, -1760, 155, -1085, -1763, 131, 0, 125, 0
L -1202, -1758, 184, -1160, -1760, 155, 0, 125, 0
L -1305, -1741, 161, -1202, -1758, 184, 0, 125, 0
L -1502, -1720, 129, -1305, -1741, 161, 0, 125, 0
L -1622, -1723, 120, -1502, -1720, 129, 0, 125, 0
L -1674, -1715, 119, -1622, -1723, 120, 0, 125, 0
L -1762, -1684, 132, -1674, -1715, 119, 0, 125, 0
L -1798, -1647, 182, -1762, -1684, 132, 0, 125, 0
L -1814, -1631, 191, -1798, -1647, 182, 0, 125, 0
L -1826, -1609, 192, -1814, -1631, 191, 0, 125, 0
L -1840, -1576, 188, -1826, -1609, 192, 0, 125, 0
L -1851, -1548, 184, -1840, -1576, 188, 0, 125, 0
L -1856, -1419, 210, -1851, -1548, 184, 0, 125, 0
L -1843, -1399, 202, -1856, -1419, 210, 64, 64, 64
L -1814, -1355, 164, -1843, -1399, 202, 64, 64, 64
L -1787, -1317, 121, -1814, -1355, 164, 64, 64, 64
L -1761, -1280, 82, -1787, -1317, 121, 64, 64, 64
L -1752, -1255, 70, -1761, -1280, 82, 64, 64, 64
L -1750, -1179, 58, -1752, -1255, 70, 64, 64, 64
L -1751, -1135, 60, -1750, -1179, 58, 64, 64, 64
L -1752, -1078, 60, -1751, -1135, 60, 64, 64, 64
L -1752, -1042, 59, -1752, -1078, 60, 64, 64, 64
L -1752, -873, 70, -1752, -1042, 59, 64, 64, 64
L -1752, -757, 93, -1752, -873, 70, 64, 64, 64
L -1752, -640, 107, -1752, -757, 93, 64, 64, 64
L -1752, -519, 129, -1752, -640, 107, 64, 64, 64
L -1752, -415, 179, -1752, -519, 129, 64, 64, 64
L -1752, -225, 50, -1752, -415, 179, 64, 64, 64
L -1755, -129, -23, -1752, -225, 50, 64, 64, 64
L -1755, -77, -39, -1755, -129, -23, 64, 64, 64
L -1755, 85, -12, -1755, -29, -40, 64, 64, 64
L -1751, 250, 106, -1755, 85, -12, 64, 64, 64
L -1751, 303, 134, -1751, 250, 106, 64, 64, 64
L -1751, 394, 143, -1751, 303, 134, 64, 64, 64
L -1751, 718, 230, -1751, 394, 143, 64, 64, 64
L -1751, 857, 220, -1751, 718, 230, 64, 64, 64
L -1751, 993, 156, -1751, 857, 220, 64, 64, 64
L -1751, 1099, 158, -1751, 993, 156, 64, 64, 64
L -1765, 1152, 183, -1751, 1099, 158, 64, 64, 64
L -1770, 1166, 188, -1765, 1152, 183, 64, 64, 64
L -1784, 1221, 202, -1770, 1166, 188, 64, 64, 64
L -1788, 1225, 206, -1784, 1221, 202, 64, 64, 64
L -1787, 1234, 205, -1788, 1225, 206, 64, 64, 64
L -1794, 1238, 212, -1787, 1234, 205, 64, 64, 64
L 1080, -632, 312, 1130, -632, 312, 64, 64, 64
L 1080, -628, 310, 1130, -628, 310, 64, 64, 64
L 1080, -624, 308, 1130, -624, 308, 64, 64, 64
L 1080, -620, 306, 1130, -620, 306, 64, 64, 64
L 1080, -616, 304, 1130, -616, 304, 64, 64, 64
L 1080, -612, 302, 1130, -611, 302, 64, 64, 64
L 1080, -607, 300, 1130, -607, 300, 64, 64, 64
L 1080, -603, 298, 1130, -603, 298, 64, 64, 64
L 1080, -599, 296, 1130, -599, 296, 64, 64, 64
L 1080, -595, 294, 1129, -595, 294, 64, 64, 64
L 1080, -591, 292, 1130, -591, 292, 64, 64, 64
L 1080, -587, 290, 1130, -587, 290, 64, 64, 64
L 1080, -583, 288, 1130, -583, 288, 64, 64, 64
L 1080, -579, 286, 1130, -579, 286, 64, 64, 64
L 1080, -575, 284, 1130, -575, 284, 64, 64, 64
L 1080, -571, 282, 1130, -571, 282, 64, 64, 64
L 1080, -567, 280, 1130, -566, 280, 64, 64, 64
L 1080, -562, 278, 1130, -562, 278, 64, 64, 64
L 1080, -558, 276, 1130, -558, 276, 64, 64, 64
L 1080, -554, 274, 1130, -554, 274, 64, 64, 64
L 1080, -550, 272, 1130, -550, 272, 64, 64, 64
L 1080, -546, 270, 1130, -546, 270, 64, 64, 64
L 1080, -542, 268, 1130, -542, 268, 64, 64, 64
L 1080, -538, 266, 1130, -538, 266, 64, 64, 64
L 1080, -534, 264, 1130, -534, 264, 64, 64, 64
L 1080, -530, 262, 1130, -530, 262, 64, 64, 64
L 1080, -526, 260, 1130, -526, 260, 64, 64, 64
L 1080, -522, 258, 1130, -521, 258, 64, 64, 64
L 1080, -517, 256, 1130, -517, 256, 64, 64, 64
L 1130, -632, 312, 1130, -514, 254, 64, 64, 64
L 1350, -530, 140, 1367, -534, 140, 64, 64, 64
L 1367, -534, 140, 1382, -544, 140, 64, 64, 64
L 1382, -544, 140, 1392, -558, 140, 64, 64, 64
L 1392, -558, 140, 1393, -581, 140, 64, 64, 64
L 1393, -581, 140, 1391, -592, 140, 64, 64, 64
L 1391, -592, 140, 1381, -607, 140, 64, 64, 64
L 1381, -607, 140, 1367, -616, 140, 64, 64, 64
L 1367, -616, 140, 1350, -619, 140, 64, 64, 64
L 1350, -619, 140, 1350, -665, 140, 64, 64, 64
L 1350, -665, 140, 1131, -665, 140, 64, 64, 64
L 1131, -665, 140, 1131, -514, 140, 64, 64, 64
L 1130, -632, 312, 1131, -632, 313, 64, 64, 64
L 1131, -632, 313, 1131, -485, 313, 64, 64, 64
L 1131, -485, 313, 1343, -485, 313, 64, 64, 64
L 1343, -485, 313, 1343, -500, 313, 64, 64, 64
L 1343, -500, 313, 1350, -500, 313, 64, 64, 64
L 1350, -500, 313, 1351, -486, 313, 64, 64, 64
L 1351, -486, 313, 1390, -494, 313, 64, 64, 64
L 1390, -494, 313, 1418, -513, 313, 64, 64, 64
L 1418, -513, 313, 1436, -541, 313, 64, 64, 64
L 1436, -541, 313, 1443, -575, 313, 64, 64, 64
L 1443, -575, 313, 1436, -609, 313, 64, 64, 64
L 1436, -609, 313, 1416, -639, 313, 64, 64, 64
L 1416, -639, 313, 1388, -658, 313, 64, 64, 64
L 1388, -658, 313, 1350, -665, 313, 64, 64, 64
L 1350, -665, 313, 1350, -651, 313, 64, 64, 64
L 1350, -651, 313, 1343, -651, 313, 64, 64, 64
L 336, -1379, -39, 336, -1380, -39, 64, 64, 64
L 336, -1380, -39, 335, -1384, -39, 64, 64, 64
L 335, -1384, -39, 342, -1386, -40, 64, 64, 64
L 342, -1386, -40, 345, -1394, -40, 64, 64, 64
L 345, -1394, -40, 339, -1401, -39, 64, 64, 64
L 339, -1401, -39, 331, -1400, -38, 64, 64, 64
L 331, -1400, -38, 330, -1398, -38, 64, 64, 64
L 330, -1398, -38, 317, -1409, -36, 64, 64, 64
L 317, -1409, -36, 299, -1409, -32, 64, 64, 64
L 299, -1409, -32, 300, -1412, -33, 64, 64, 64
L 300, -1412, -33, 295, -1419, -31, 64, 64, 64
L 295, -1419, -31, 285, -1417, -27, 64, 64, 64
L 285, -1417, -27, 282, -1408, -26, 64, 64, 64
L 282, -1408, -26, 288, -1401, -28, 64, 64, 64
L 288, -1401, -28, 283, -1398, -26, 64, 64, 64
L 283, -1398, -26, 279, -1381, -26, 64, 64, 64
L 279, -1381, -26, 279, -1379, -26, 64, 64, 64
L 279, -1379, -26, 270, -1377, -23, 64, 64, 64
L 270, -1377, -23, 267, -1369, -22, 64, 64, 64
L 267, -1369, -22, 273, -1361, -25, 64, 64, 64
L 273, -1361, -25, 281, -1363, -27, 64, 64, 64
L 281, -1363, -27, 282, -1365, -27, 64, 64, 64
L 282, -1365, -27, 296, -1354, -31, 64, 64, 64
L 296, -1354, -31, 313, -1353, -36, 64, 64, 64
L 313, -1353, -36, 312, -1351, -36, 64, 64, 64
L 312, -1351, -36, 318, -1344, -37, 64, 64, 64
L 318, -1344, -37, 327, -1346, -39, 64, 64, 64
L 327, -1346, -39, 330, -1353, -39, 64, 64, 64
L 330, -1353, -39, 325, -1360, -38, 64, 64, 64
L 325, -1360, -38, 329, -1362, -39, 64, 64, 64
L 329, -1362, -39, 330, -1364, -39, 64, 64, 64
L 330, -1364, -39, 344, -1358, -40, 64, 64, 64
L 350, -1373, -41, 336, -1379, -39, 64, 64, 64
L 343, -1361, -40, 347, -1372, -40, 64, 64, 64
L 334, -1377, -27, 330, -1366, -27, 64, 64, 64
L 331, -1365, -28, 336, -1376, -28, 64, 64, 64
L 337, -1376, -30, 333, -1365, -30, 64, 64, 64
L 334, -1364, -31, 338, -1375, -31, 64, 64, 64
L 340, -1375, -33, 336, -1364, -33, 64, 64, 64
L 337, -1363, -34, 341, -1374, -34, 64, 64, 64
L 343, -1374, -36, 338, -1363, -36, 64, 64, 64
L 340, -1362, -37, 344, -1373, -37, 64, 64, 64
L 346, -1372, -38, 341, -1361, -38, 64, 64, 64
L 344, -1360, -40, 329, -1366, -27, 64, 64, 64
L 333, -1377, -27, 349, -1371, -40, 64, 64, 64
L 350, -1373, -41, 349, -1371, -41, 64, 64, 64
L 344, -1358, -40, 344, -1360, -40, 64, 64, 64
L 324, -1367, -26, 312, -1359, -26, 64, 64, 64
L 312, -1359, -26, 298, -1360, -26, 64, 64, 64
L 298, -1360, -26, 287, -1369, -26, 64, 64, 64
L 287, -1369, -26, 284, -1383, -26, 64, 64, 64
L 284, -1383, -26, 289, -1396, -26, 64, 64, 64
L 289, -1396, -26, 301, -1404, -26, 64, 64, 64
L 301, -1404, -26, 315, -1403, -26, 64, 64, 64
L 315, -1403, -26, 324, -1395, -26, 64, 64, 64
L 324, -1395, -26, 328, -1386, -26, 64, 64, 64
L 328, -1386, -26, 330, -1380, -26, 64, 64, 64
L 324, -1367, -26, 325, -1369, -26, 64, 64, 64
L 325, -1369, -26, 328, -1367, -26, 64, 64, 64
L 328, -1367, -26, 329, -1367, -26, 64, 64, 64
L 329, -1367, -26, 329, -1366, -26, 64, 64, 64
L 330, -1380, -26, 329, -1380, -26, 64, 64, 64
L 329, -1380, -26, 329, -1378, -26, 64, 64, 64
L 329, -1378, -26, 332, -1377, -26, 64, 64, 64
L 332, -1377, -26, 333, -1377, -26, 64, 64, 64
L 362, -1313, -43, 348, -1312, -42, 64, 64, 64
L 348, -1312, -42, 351, -1235, -33, 64, 64, 64
L 351, -1235, -33, 362, -1235, -36, 64, 64, 64
L 362, -1235, -36, 397, -1233, -47, 64, 64, 64
L 397, -1233, -47, 397, -1314, -47, 64, 64, 64
L 397, -1314, -47, 383, -1313, -45, 64, 64, 64
L 383, -1313, -45, 383, -1325, -44, 64, 64, 64
L 362, -1313, -43, 362, -1323, -42, 64, 64, 64
L 380, -1311, -33, 364, -1311, -33, 64, 64, 64
L 364, -1312, -35, 380, -1312, -35, 64, 64, 64
L 380, -1314, -37, 364, -1314, -37, 64, 64, 64
L 364, -1316, -39, 380, -1316, -39, 64, 64, 64
L 380, -1318, -41, 364, -1318, -41, 64, 64, 64
L 364, -1320, -42, 380, -1320, -43, 64, 64, 64
L 383, -1325, -44, 380, -1325, -44, 64, 64, 64
L 380, -1325, -44, 380, -1305, -33, 64, 64, 64
L 362, -1323, -42, 364, -1323, -42, 64, 64, 64
L 364, -1323, -42, 364, -1305, -33, 64, 64, 64
L 387, -1305, -31, 387, -1242, -31, 64, 64, 64
L 387, -1242, -31, 357, -1242, -31, 64, 64, 64
L 357, -1242, -31, 357, -1305, -31, 64, 64, 64
L 357, -1305, -31, 364, -1305, -31, 64, 64, 64
L 387, -1305, -31, 380, -1305, -31, 64, 64, 64
L 427, -1414, -44, 442, -1414, -44, 64, 64, 64
L 442, -1414, -44, 437, -1492, -22, 64, 64, 64
L 437, -1492, -22, 394, -1492, -32, 64, 64, 64
L 394, -1492, -32, 390, -1414, -43, 64, 64, 64
L 390, -1414, -43, 405, -1414, -43, 64, 64, 64
L 405, -1414, -43, 405, -1398, -43, 64, 64, 64
L 405, -1398, -43, 408, -1398, -43, 64, 64, 64
L 408, -1398, -43, 408, -1423, -25, 64, 64, 64
L 401, -1423, -25, 408, -1423, -25, 64, 64, 64
L 401, -1423, -25, 401, -1486, -25, 64, 64, 64
L 401, -1486, -25, 432, -1486, -25, 64, 64, 64
L 432, -1486, -25, 432, -1423, -25, 64, 64, 64
L 432, -1423, -25, 424, -1423, -25, 64, 64, 64
L 424, -1397, -44, 424, -1423, -25, 64, 64, 64
L 427, -1414, -44, 427, -1397, -45, 64, 64, 64
L 424, -1397, -45, 427, -1397, -45, 64, 64, 64
L 408, -1417, -27, 424, -1417, -27, 64, 64, 64
L 424, -1416, -29, 408, -1416, -29, 64, 64, 64
L 408, -1414, -31, 424, -1414, -31, 64, 64, 64
L 424, -1412, -33, 408, -1412, -33, 64, 64, 64
L 408, -1410, -35, 424, -1410, -35, 64, 64, 64
L 424, -1408, -37, 408, -1408, -37, 64, 64, 64
L 408, -1406, -39, 424, -1406, -39, 64, 64, 64
L 424, -1404, -40, 408, -1404, -40, 64, 64, 64
L 408, -1402, -42, 424, -1402, -42, 64, 64, 64
L 424, -1399, -44, 408, -1399, -43, 64, 64, 64
L -579, -1476, -70, -573, -1474, -70, 64, 64, 64
L -573, -1474, -70, -576, -1467, -68, 64, 64, 64
L -576, -1467, -68, -570, -1461, -65, 64, 64, 64
L -570, -1461, -65, -560, -1463, -65, 64, 64, 64
L -560, -1463, -65, -558, -1470, -68, 64, 64, 64
L -558, -1470, -68, -559, -1472, -68, 64, 64, 64
L -559, -1472, -68, -542, -1479, -67, 64, 64, 64
L -542, -1479, -67, -534, -1493, -66, 64, 64, 64
L -534, -1493, -66, -532, -1492, -66, 64, 64, 64
L -532, -1492, -66, -524, -1494, -64, 64, 64, 64
L -524, -1494, -64, -521, -1503, -62, 64, 64, 64
L -521, -1503, -62, -526, -1509, -62, 64, 64, 64
L -526, -1509, -62, -535, -1508, -63, 64, 64, 64
L -535, -1508, -63, -535, -1512, -63, 64, 64, 64
L -535, -1512, -63, -546, -1526, -63, 64, 64, 64
L -546, -1526, -63, -551, -1527, -62, 64, 64, 64
L -551, -1527, -62, -548, -1535, -61, 64, 64, 64
L -548, -1535, -61, -554, -1542, -59, 64, 64, 64
L -554, -1542, -59, -564, -1540, -60, 64, 64, 64
L -564, -1540, -60, -566, -1532, -64, 64, 64, 64
L -566, -1532, -64, -565, -1530, -62, 64, 64, 64
L -565, -1530, -62, -581, -1524, -66, 64, 64, 64
L -581, -1524, -66, -591, -1510, -68, 64, 64, 64
L -591, -1510, -68, -593, -1511, -67, 64, 64, 64
L -593, -1511, -67, -600, -1509, -66, 64, 64, 64
L -600, -1509, -66, -603, -1501, -68, 64, 64, 64
L -603, -1501, -68, -597, -1493, -69, 64, 64, 64
L -597, -1493, -69, -590, -1495, -70, 64, 64, 64
L -590, -1495, -70, -590, -1490, -70, 64, 64, 64
L -590, -1490, -70, -589, -1489, -70, 64, 64, 64
L -589, -1489, -70, -600, -1480, -68, 64, 64, 64
L -579, -1476, -70, -589, -1468, -67, 64, 64, 64
L -596, -1480, -68, -589, -1471, -68, 64, 64, 64
L -587, -1488, -57, -579, -1479, -57, 64, 64, 64
L -581, -1478, -58, -588, -1487, -58, 64, 64, 64
L -589, -1486, -60, -582, -1477, -60, 64, 64, 64
L -583, -1476, -61, -590, -1485, -61, 64, 64, 64
L -592, -1484, -63, -584, -1475, -63, 64, 64, 64
L -585, -1474, -64, -593, -1483, -64, 64, 64, 64
L -594, -1482, -66, -586, -1473, -66, 64, 64, 64
L -595, -1481, -67, -588, -1472, -67, 64, 64, 64
L -590, -1470, -67, -589, -1468, -67, 64, 64, 64
L -590, -1470, -68, -574, -1483, -57, 64, 64, 64
L -583, -1491, -57, -599, -1478, -68, 64, 64, 64
L -600, -1480, -68, -599, -1478, -69, 64, 64, 64
L -574, -1483, -56, -574, -1481, -56, 64, 64, 64
L -574, -1481, -56, -560, -1478, -56, 64, 64, 64
L -560, -1478, -56, -547, -1484, -56, 64, 64, 64
L -547, -1484, -56, -540, -1496, -56, 64, 64, 64
L -540, -1496, -56, -541, -1510, -56, 64, 64, 64
L -541, -1510, -56, -551, -1521, -56, 64, 64, 64
L -551, -1521, -56, -564, -1524, -56, 64, 64, 64
L -564, -1524, -56, -577, -1519, -56, 64, 64, 64
L -577, -1519, -56, -584, -1507, -56, 64, 64, 64
L -584, -1507, -56, -584, -1493, -56, 64, 64, 64
L -584, -1493, -56, -583, -1491, -56, 64, 64, 64
L -631, -1477, -64, -642, -1487, -64, 64, 64, 64
L -642, -1487, -64, -641, -1488, -64, 64, 64, 64
L -641, -1488, -64, -641, -1493, -64, 64, 64, 64
L -641, -1493, -64, -634, -1491, -64, 64, 64, 64
L -634, -1491, -64, -628, -1499, -64, 64, 64, 64
L -628, -1499, -64, -631, -1506, -63, 64, 64, 64
L -631, -1506, -63, -640, -1507, -63, 64, 64, 64
L -640, -1507, -63, -649, -1522, -59, 64, 64, 64
L -649, -1522, -59, -659, -1527, -57, 64, 64, 64
L -659, -1527, -57, -665, -1529, -56, 64, 64, 64
L -665, -1529, -56, -664, -1530, -55, 64, 64, 64
L -664, -1530, -55, -666, -1539, -51, 64, 64, 64
L -666, -1539, -51, -675, -1541, -49, 64, 64, 64
L -675, -1541, -49, -682, -1534, -52, 64, 64, 64
L -682, -1534, -52, -679, -1526, -55, 64, 64, 64
L -679, -1526, -55, -683, -1526, -55, 64, 64, 64
L -683, -1526, -55, -697, -1511, -60, 64, 64, 64
L -697, -1511, -60, -697, -1508, -62, 64, 64, 64
L -697, -1508, -62, -703, -1509, -60, 64, 64, 64
L -703, -1509, -60, -710, -1501, -63, 64, 64, 64
L -710, -1501, -63, -707, -1494, -64, 64, 64, 64
L -707, -1494, -64, -699, -1492, -65, 64, 64, 64
L -699, -1492, -65, -698, -1493, -65, 64, 64, 64
L -698, -1493, -65, -689, -1478, -66, 64, 64, 64
L -689, -1478, -66, -673, -1471, -64, 64, 64, 64
L -673, -1471, -64, -673, -1468, -63, 64, 64, 64
L -673, -1468, -63, -671, -1462, -62, 64, 64, 64
L -671, -1462, -62, -663, -1459, -62, 64, 64, 64
L -663, -1459, -62, -657, -1466, -63, 64, 64, 64
L -657, -1466, -63, -659, -1473, -64, 64, 64, 64
L -659, -1473, -64, -653, -1474, -64, 64, 64, 64
L -653, -1474, -64, -653, -1475, -64, 64, 64, 64
L -653, -1475, -64, -641, -1465, -62, 64, 64, 64
L -641, -1465, -62, -640, -1467, -63, 64, 64, 64
L -640, -1467, -63, -656, -1480, -51, 64, 64, 64
L -648, -1489, -51, -633, -1476, -64, 64, 64, 64
L -631, -1477, -64, -633, -1476, -64, 64, 64, 64
L -648, -1489, -50, -646, -1505, -50, 64, 64, 64
L -646, -1505, -50, -653, -1517, -50, 64, 64, 64
L -653, -1517, -50, -666, -1523, -50, 64, 64, 64
L -666, -1523, -50, -680, -1520, -50, 64, 64, 64
L -680, -1520, -50, -690, -1509, -50, 64, 64, 64
L -690, -1509, -50, -691, -1496, -50, 64, 64, 64
L -691, -1496, -50, -684, -1483, -50, 64, 64, 64
L -684, -1483, -50, -671, -1477, -50, 64, 64, 64
L -671, -1477, -50, -656, -1480, -50, 64, 64, 64
L -652, -1477, -51, -644, -1486, -51, 64, 64, 64
L -643, -1485, -53, -651, -1476, -53, 64, 64, 64
L -650, -1475, -54, -642, -1484, -54, 64, 64, 64
L -641, -1483, -56, -649, -1474, -56, 64, 64, 64
L -648, -1473, -57, -640, -1482, -57, 64, 64, 64
L -638, -1481, -58, -646, -1472, -58, 64, 64, 64
L -645, -1471, -60, -637, -1480, -60, 64, 64, 64
L -636, -1479, -61, -644, -1470, -61, 64, 64, 64
L -643, -1469, -63, -635, -1478, -63, 64, 64, 64
L -1480, -1422, -53, -1470, -1423, -51, 64, 64, 64
L -1470, -1423, -51, -1466, -1500, -65, 64, 64, 64
L -1466, -1500, -65, -1517, -1501, -69, 64, 64, 64
L -1517, -1501, -69, -1512, -1420, -56, 64, 64, 64
L -1512, -1420, -56, -1501, -1421, -56, 64, 64, 64
L -1501, -1421, -56, -1501, -1414, -55, 64, 64, 64
L -1480, -1422, -52, -1480, -1416, -52, 64, 64, 64
L -1475, -1490, -49, -1506, -1490, -49, 64, 64, 64
L -1506, -1490, -49, -1506, -1427, -49, 64, 64, 64
L -1506, -1427, -49, -1499, -1427, -49, 64, 64, 64
L -1483, -1427, -49, -1475, -1427, -49, 64, 64, 64
L -1475, -1427, -49, -1475, -1490, -49, 64, 64, 64
L -1501, -1414, -55, -1499, -1414, -55, 64, 64, 64
L -1499, -1414, -55, -1499, -1427, -51, 64, 64, 64
L -1480, -1416, -52, -1483, -1416, -52, 64, 64, 64
L -1499, -1418, -54, -1483, -1418, -53, 64, 64, 64
L -1483, -1420, -53, -1499, -1420, -53, 64, 64, 64
L -1499, -1421, -51, -1483, -1421, -51, 64, 64, 64
L -1483, -1416, -53, -1483, -1427, -49, 64, 64, 64
L -1551, -1370, -49, -1551, -1371, -49, 64, 64, 64
L -1551, -1371, -49, -1554, -1375, -49, 64, 64, 64
L -1554, -1375, -49, -1548, -1378, -49, 64, 64, 64
L -1548, -1378, -49, -1547, -1387, -51, 64, 64, 64
L -1547, -1387, -51, -1555, -1392, -51, 64, 64, 64
L -1555, -1392, -51, -1562, -1388, -51, 64, 64, 64
L -1562, -1388, -51, -1563, -1387, -51, 64, 64, 64
L -1563, -1387, -51, -1579, -1392, -49, 64, 64, 64
L -1579, -1392, -49, -1596, -1386, -46, 64, 64, 64
L -1596, -1386, -46, -1596, -1388, -46, 64, 64, 64
L -1596, -1388, -46, -1603, -1392, -45, 64, 64, 64
L -1603, -1392, -45, -1612, -1388, -42, 64, 64, 64
L -1612, -1388, -42, -1612, -1379, -41, 64, 64, 64
L -1612, -1379, -41, -1604, -1374, -43, 64, 64, 64
L -1604, -1374, -43, -1606, -1371, -42, 64, 64, 64
L -1606, -1371, -42, -1606, -1354, -40, 64, 64, 64
L -1606, -1354, -40, -1603, -1349, -40, 64, 64, 64
L -1603, -1349, -40, -1605, -1349, -39, 64, 64, 64
L -1605, -1349, -39, -1611, -1345, -36, 64, 64, 64
L -1611, -1345, -36, -1611, -1336, -34, 64, 64, 64
L -1611, -1336, -34, -1604, -1331, -38, 64, 64, 64
L -1604, -1331, -38, -1596, -1336, -40, 64, 64, 64
L -1596, -1336, -40, -1596, -1339, -40, 64, 64, 64
L -1596, -1339, -40, -1579, -1333, -44, 64, 64, 64
L -1579, -1333, -44, -1563, -1337, -47, 64, 64, 64
L -1563, -1337, -47, -1563, -1335, -47, 64, 64, 64
L -1563, -1335, -47, -1555, -1331, -48, 64, 64, 64
L -1555, -1331, -48, -1547, -1336, -49, 64, 64, 64
L -1547, -1336, -49, -1547, -1344, -49, 64, 64, 64
L -1547, -1344, -49, -1554, -1349, -48, 64, 64, 64
L -1554, -1349, -48, -1551, -1353, -49, 64, 64, 64
L -1551, -1353, -49, -1551, -1354, -49, 64, 64, 64
L -1551, -1354, -49, -1537, -1354, -51, 64, 64, 64
L -1537, -1354, -51, -1537, -1356, -51, 64, 64, 64
L -1537, -1356, -51, -1557, -1356, -38, 64, 64, 64
L -1556, -1368, -38, -1538, -1368, -51, 64, 64, 64
L -1538, -1368, -51, -1537, -1368, -51, 64, 64, 64
L -1537, -1368, -51, -1537, -1370, -51, 64, 64, 64
L -1537, -1370, -51, -1551, -1370, -49, 64, 64, 64
L -1557, -1355, -37, -1565, -1343, -37, 64, 64, 64
L -1565, -1343, -37, -1579, -1339, -37, 64, 64, 64
L -1579, -1339, -37, -1593, -1343, -37, 64, 64, 64
L -1593, -1343, -37, -1601, -1354, -37, 64, 64, 64
L -1601, -1354, -37, -1601, -1369, -37, 64, 64, 64
L -1601, -1369, -37, -1593, -1380, -37, 64, 64, 64
L -1593, -1380, -37, -1580, -1385, -37, 64, 64, 64
L -1580, -1385, -37, -1566, -1381, -37, 64, 64, 64
L -1566, -1381, -37, -1557, -1369, -37, 64, 64, 64
L -1557, -1369, -37, -1556, -1368, -37, 64, 64, 64
L -1558, -1355, -37, -1557, -1356, -37, 64, 64, 64
L -1538, -1368, -50, -1538, -1356, -51, 64, 64, 64
L -1539, -1356, -50, -1539, -1368, -50, 64, 64, 64
L -1552, -1356, -38, -1552, -1368, -38, 64, 64, 64
L -1550, -1368, -40, -1550, -1356, -40, 64, 64, 64
L -1549, -1356, -41, -1549, -1368, -41, 64, 64, 64
L -1547, -1368, -43, -1547, -1356, -43, 64, 64, 64
L -1546, -1356, -44, -1546, -1368, -44, 64, 64, 64
L -1544, -1368, -45, -1544, -1356, -45, 64, 64, 64
L -1542, -1356, -47, -1542, -1368, -47, 64, 64, 64
L -1541, -1356, -48, -1541, -1368, -48, 64, 64, 64
