L -41, 27, -761, -42, 27, -761, 0, 0, 0
L -40, 25, -760, -41, 27, -761, 0, 0, 0
L -40, 23, -760, -40, 25, -760, 0, 0, 0
L -40, 22, -761, -40, 23, -760, 0, 0, 0
L -42, 20, -761, -40, 22, -761, 0, 0, 0
L -45, 20, -761, -42, 20, -761, 0, 0, 0
L -47, 21, -761, -45, 20, -761, 0, 0, 0
L -48, 22, -759, -47, 21, -761, 0, 0, 0
L -49, 20, -759, -48, 22, -759, 0, 0, 0
L -53, 18, -759, -49, 20, -759, 0, 0, 0
L -55, 19, -759, -53, 18, -759, 0, 0, 0
L -56, 20, -759, -55, 19, -759, 0, 0, 0
L -58, 21, -761, -56, 20, -759, 0, 0, 0
L -59, 22, -761, -58, 21, -761, 0, 0, 0
L -94, 22, -761, -59, 22, -761, 0, 0, 0
L -95, 23, -759, -94, 22, -761, 0, 0, 0
L -97, 21, -759, -95, 23, -759, 0, 0, 0
L -97, 20, -759, -97, 21, -759, 0, 0, 0
L -99, 19, -761, -97, 20, -759, 0, 0, 0
L -99, 15, -761, -99, 19, -761, 0, 0, 0
L -98, 13, -761, -99, 15, -761, 0, 0, 0
L -98, 9, -761, -98, 13, -761, 0, 0, 0
L -99, 7, -761, -98, 9, -761, 0, 0, 0
L -99, -8, -761, -99, 7, -761, 0, 0, 0
L -98, -10, -761, -99, -8, -761, 0, 0, 0
L -98, -12, -761, -98, -10, -761, 0, 0, 0
L -99, -14, -761, -98, -12, -761, 0, 0, 0
L -99, -18, -761, -99, -14, -761, 0, 0, 0
L -99, -19, -759, -99, -18, -761, 0, 0, 0
L -98, -20, -759, -99, -19, -759, 0, 0, 0
L -96, -24, -759, -98, -20, -759, 0, 0, 0
L -96, -26, -759, -96, -24, -759, 0, 0, 0
L -97, -27, -759, -96, -24, -759, 0, 0, 0
L -98, -28, -759, -97, -27, -759, 0, 0, 0
L -98, -34, -761, -98, -28, -759, 0, 0, 0
L -98, -36, -761, -98, -34, -761, 0, 0, 0
L -99, -37, -761, -98, -36, -761, 0, 0, 0
L -99, -58, -761, -99, -37, -761, 0, 0, 0
L -98, -64, -761, -99, -58, -761, 0, 0, 0
L -98, -65, -761, -98, -64, -761, 0, 0, 0
L -96, -71, -761, -98, -65, -761, 0, 0, 0
L -95, -72, -761, -96, -71, -761, 0, 0, 0
L -96, -74, -759, -95, -72, -761, 0, 0, 0
L -97, -76, -759, -96, -74, -759, 0, 0, 0
L -99, -77, -759, -97, -76, -759, 0, 0, 0
L -99, -78, -761, -99, -77, -759, 0, 0, 0
L -99, -82, -761, -99, -78, -761, 0, 0, 0
L -98, -86, -761, -99, -82, -761, 0, 0, 0
L -98, -87, -761, -98, -86, -761, 0, 0, 0
L -99, -89, -761, -98, -87, -761, 0, 0, 0
L -99, -104, -761, -99, -89, -761, 0, 0, 0
L -98, -107, -761, -99, -104, -761, 0, 0, 0
L -98, -108, -761, -98, -107, -761, 0, 0, 0
L -99, -110, -761, -98, -108, -761, 0, 0, 0
L -99, -114, -761, -99, -110, -761, 0, 0, 0
L -99, -116, -759, -99, -114, -761, 0, 0, 0
L -97, -116, -759, -99, -116, -759, 0, 0, 0
L -97, -114, -761, -97, -116, -759, 0, 0, 0
L -97, -112, -761, -97, -114, -761, 0, 0, 0
L -96, -110, -761, -97, -112, -761, 0, 0, 0
L -57, -110, -761, -96, -110, -761, 0, 0, 0
L -57, -114, -761, -57, -110, -761, 0, 0, 0
L -57, -116, -759, -57, -114, -761, 0, 0, 0
L -55, -115, -759, -57, -116, -759, 0, 0, 0
L -53, -115, -759, -55, -115, -759, 0, 0, 0
L -52, -115, -761, -53, -115, -759, 0, 0, 0
L -50, -116, -759, -52, -115, -761, 0, 0, 0
L -49, -117, -759, -50, -116, -759, 0, 0, 0
L -48, -119, -759, -49, -117, -759, 0, 0, 0
L -48, -121, -759, -48, -119, -759, 0, 0, 0
L -49, -122, -759, -48, -121, -759, 0, 0, 0
L -49, -124, -761, -49, -122, -759, 0, 0, 0
L -46, -124, -761, -49, -124, -761, 0, 0, 0
L -44, -125, -761, -46, -124, -761, 0, 0, 0
L -44, -164, -761, -44, -125, -761, 0, 0, 0
L -50, -164, -761, -44, -164, -761, 0, 0, 0
L -48, -166, -761, -50, -164, -761, 0, 0, 0
L -48, -167, -759, -48, -166, -761, 0, 0, 0
L -48, -169, -759, -48, -167, -759, 0, 0, 0
L -48, -170, -761, -48, -169, -759, 0, 0, 0
L -49, -172, -759, -48, -170, -761, 0, 0, 0
L -50, -173, -761, -49, -172, -759, 0, 0, 0
L -51, -175, -760, -50, -173, -761, 0, 0, 0
L -50, -177, -759, -51, -175, -760, 0, 0, 0
L -48, -179, -758, -50, -177, -759, 0, 0, 0
L -47, -180, -758, -48, -179, -758, 0, 0, 0
L -46, -181, -757, -47, -180, -758, 0, 0, 0
L -45, -183, -757, -46, -181, -757, 0, 0, 0
L -45, -185, -755, -45, -183, -757, 0, 0, 0
L -46, -187, -753, -45, -185, -755, 0, 0, 0
L -45, -188, -753, -46, -187, -753, 0, 0, 0
L -43, -194, -753, -45, -188, -753, 0, 0, 0
L -42, -195, -753, -43, -194, -753, 0, 0, 0
L -40, -196, -753, -42, -195, -753, 0, 0, 0
L -39, -197, -753, -40, -196, -753, 0, 0, 0
L -39, -199, -753, -39, -197, -753, 0, 0, 0
L -40, -201, -753, -39, -199, -753, 0, 0, 0
L -37, -210, -753, -40, -201, -753, 0, 0, 0
L 5, 19, -761, 5, 20, -761, 0, 0, 0
L 7, 20, -761, 5, 19, -761, 0, 0, 0
L 9, 20, -761, 7, 20, -761, 0, 0, 0
L 11, 21, -761, 9, 20, -761, 0, 0, 0
L 12, 20, -759, 11, 21, -761, 0, 0, 0
L 14, 19, -759, 12, 20, -759, 0, 0, 0
L 16, 19, -758, 14, 19, -759, 0, 0, 0
L 18, 20, -758, 16, 19, -758, 0, 0, 0
L 20, 20, -759, 18, 20, -758, 0, 0, 0
L 21, 22, -760, 20, 20, -759, 0, 0, 0
L 57, 22, -761, 21, 22, -760, 0, 0, 0
L 59, 22, -759, 57, 22, -761, 0, 0, 0
L 60, 20, -759, 59, 22, -759, 0, 0, 0
L 62, 19, -759, 60, 20, -759, 0, 0, 0
L 62, 17, -761, 62, 19, -759, 0, 0, 0
L 62, 15, -761, 62, 17, -761, 0, 0, 0
L 61, 14, -761, 62, 15, -761, 0, 0, 0
L 61, 9, -761, 61, 14, -761, 0, 0, 0
L 62, 7, -761, 61, 9, -761, 0, 0, 0
L 62, -6, -761, 62, 7, -761, 0, 0, 0
L 61, -8, -761, 62, -6, -761, 0, 0, 0
L 61, -13, -761, 61, -8, -761, 0, 0, 0
L 62, -15, -761, 61, -13, -761, 0, 0, 0
L 62, -17, -761, 62, -15, -761, 0, 0, 0
L 63, -18, -760, 62, -17, -761, 0, 0, 0
L 62, -20, -758, 63, -18, -760, 0, 0, 0
L 60, -21, -758, 62, -20, -758, 0, 0, 0
L 59, -24, -759, 60, -21, -758, 0, 0, 0
L 60, -28, -759, 59, -24, -759, 0, 0, 0
L 61, -29, -761, 60, -28, -759, 0, 0, 0
L 61, -35, -761, 61, -29, -761, 0, 0, 0
L 62, -37, -761, 61, -35, -761, 0, 0, 0
L 62, -57, -761, 62, -37, -761, 0, 0, 0
L 61, -59, -761, 62, -57, -761, 0, 0, 0
L 61, -66, -761, 61, -59, -761, 0, 0, 0
L 61, -68, -759, 61, -66, -761, 0, 0, 0
L 60, -69, -758, 61, -68, -759, 0, 0, 0
L 59, -71, -759, 60, -69, -758, 0, 0, 0
L 59, -73, -758, 59, -71, -759, 0, 0, 0
L 60, -74, -759, 59, -73, -758, 0, 0, 0
L 60, -76, -759, 60, -74, -759, 0, 0, 0
L 62, -77, -760, 60, -76, -759, 0, 0, 0
L 62, -79, -761, 62, -77, -760, 0, 0, 0
L 62, -81, -761, 62, -79, -761, 0, 0, 0
L 61, -82, -761, 62, -81, -761, 0, 0, 0
L 61, -87, -761, 61, -82, -761, 0, 0, 0
L 62, -89, -761, 61, -87, -761, 0, 0, 0
L 62, -102, -761, 62, -89, -761, 0, 0, 0
L 61, -104, -761, 62, -102, -761, 0, 0, 0
L 61, -111, -761, 61, -104, -761, 0, 0, 0
L 59, -109, -761, 61, -111, -761, 0, 0, 0
L 20, -109, -761, 59, -109, -761, 0, 0, 0
L 19, -111, -761, 20, -109, -761, 0, 0, 0
L 19, -113, -761, 19, -111, -761, 0, 0, 0
L 18, -114, -761, 19, -113, -761, 0, 0, 0
L 14, -114, -761, 18, -114, -761, 0, 0, 0
L 13, -115, -761, 14, -114, -761, 0, 0, 0
L 11, -116, -761, 13, -115, -761, 0, 0, 0
L 10, -120, -761, 11, -116, -761, 0, 0, 0
L 10, -124, -761, 10, -120, -761, 0, 0, 0
L 6, -124, -761, 10, -124, -761, 0, 0, 0
L 6, -163, -761, 6, -124, -761, 0, 0, 0
L 7, -165, -761, 6, -163, -761, 0, 0, 0
L 9, -165, -761, 7, -165, -761, 0, 0, 0
L 11, -166, -761, 9, -165, -761, 0, 0, 0
L 10, -168, -761, 11, -166, -761, 0, 0, 0
L 10, -170, -761, 10, -168, -761, 0, 0, 0
L 12, -173, -761, 10, -170, -761, 0, 0, 0
L 13, -174, -761, 12, -173, -761, 0, 0, 0
L 13, -176, -759, 13, -174, -761, 0, 0, 0
L 12, -178, -758, 13, -176, -759, 0, 0, 0
L 10, -179, -759, 12, -178, -758, 0, 0, 0
L 8, -180, -759, 10, -179, -759, 0, 0, 0
L 7, -181, -757, 8, -180, -759, 0, 0, 0
L 7, -183, -757, 7, -181, -757, 0, 0, 0
L 7, -185, -755, 7, -183, -757, 0, 0, 0
L 8, -187, -754, 7, -185, -755, 0, 0, 0
L 6, -192, -753, 8, -187, -754, 0, 0, 0
L 5, -194, -753, 6, -192, -753, 0, 0, 0
L 3, -194, -753, 5, -194, -753, 0, 0, 0
L 1, -198, -753, 3, -194, -753, 0, 0, 0
L 1, -200, -753, 1, -198, -753, 0, 0, 0
L 2, -201, -753, 1, -200, -753, 0, 0, 0
L -0, -208, -753, 2, -201, -753, 0, 0, 0
L -1, -210, -753, -0, -208, -753, 0, 0, 0
L -3, -210, -753, -1, -210, -753, 0, 0, 0
L -4, -212, -753, -3, -210, -753, 0, 0, 0
L -4, -214, -753, -4, -212, -753, 0, 0, 0
L -33, -214, -753, -4, -214, -753, 0, 0, 0
L -35, -210, -753, -33, -214, -753, 0, 0, 0
L -36, -210, -753, -35, -210, -753, 0, 0, 0
L -37, -206, -753, -36, -210, -753, 0, 0, 0
L -39, -202, -753, -38, -204, -753, 0, 0, 0
L -38, -200, -753, -39, -202, -753, 0, 0, 0
L -38, -198, -753, -38, -200, -753, 0, 0, 0
L -39, -196, -753, -38, -198, -753, 0, 0, 0
L -40, -195, -753, -39, -196, -753, 0, 0, 0
L -42, -194, -753, -40, -195, -753, 0, 0, 0
L -44, -190, -753, -42, -194, -753, 0, 0, 0
L 7, 19, -761, 4, 20, -761, 0, 0, 0
L 4, 20, -761, 3, 22, -761, 0, 0, 0
L 3, 22, -761, 2, 23, -760, 0, 0, 0
L 2, 23, -760, 3, 26, -761, 0, 0, 0
L 3, 26, -761, 4, 27, -761, 0, 0, 0
L 4, 27, -761, 4, 29, -761, 0, 0, 0
L 4, 29, -761, 0, 48, -761, 0, 0, 0
L 0, 48, -761, -1, 48, -761, 0, 0, 0
L -1, 48, -761, -2, 50, -761, 0, 0, 0
L -2, 50, -761, -2, 57, -761, 0, 0, 0
L -2, 57, -761, -1, 59, -761, 0, 0, 0
L -1, 59, -761, -5, 74, -761, 0, 0, 0
L -5, 74, -761, -7, 75, -761, 0, 0, 0
L -7, 75, -761, -6, 83, -761, 0, 0, 0
L -6, 83, -761, -4, 83, -761, 0, 0, 0
L -4, 83, -761, 2, 82, -761, 0, 0, 0
L 2, 82, -761, 3, 81, -761, 0, 0, 0
L 3, 81, -761, 52, 81, -761, 0, 0, 0
L 52, 81, -761, 52, 82, -761, 0, 0, 0
L 52, 82, -761, 55, 85, -761, 0, 0, 0
L 55, 85, -761, 54, 99, -761, 0, 0, 0
L 54, 99, -761, 52, 100, -759, 0, 0, 0
L 52, 100, -759, 51, 102, -761, 0, 0, 0
L 51, 102, -761, 39, 102, -761, 0, 0, 0
L 39, 102, -761, 30, 101, -761, 0, 0, 0
L 30, 101, -761, 25, 101, -761, 0, 0, 0
L 25, 101, -761, 23, 102, -761, 0, 0, 0
L 23, 102, -761, 13, 101, -761, 0, 0, 0
L 13, 101, -761, 8, 101, -761, 0, 0, 0
L 8, 101, -761, 6, 102, -761, 0, 0, 0
L 6, 102, -761, 2, 102, -761, 0, 0, 0
L 2, 102, -761, 2, 100, -761, 0, 0, 0
L 2, 100, -761, -0, 99, -761, 0, 0, 0
L -0, 99, -761, -6, 99, -761, 0, 0, 0
L -6, 99, -761, -7, 101, -759, 0, 0, 0
L -7, 101, -759, -7, 103, -761, 0, 0, 0
L -7, 103, -761, -7, 108, -761, 0, 0, 0
L -7, 108, -761, -33, 108, -761, 0, 0, 0
L -33, 108, -761, -31, 108, -761, 0, 0, 0
L -31, 108, -761, -30, 106, -761, 0, 0, 0
L -30, 106, -761, -30, 104, -761, 0, 0, 0
L -30, 104, -761, -31, 100, -759, 0, 0, 0
L -31, 100, -759, -32, 99, -761, 0, 0, 0
L -32, 99, -761, -38, 99, -761, 0, 0, 0
L -38, 99, -761, -39, 101, -761, 0, 0, 0
L -39, 101, -761, -41, 102, -761, 0, 0, 0
L -41, 102, -761, -70, 102, -761, 0, 0, 0
L -70, 102, -761, -71, 101, -761, 0, 0, 0
L -71, 101, -761, -75, 101, -761, 0, 0, 0
L -75, 101, -761, -77, 102, -761, 0, 0, 0
L -77, 102, -761, -87, 101, -761, 0, 0, 0
L -87, 101, -761, -93, 101, -761, 0, 0, 0
L -93, 101, -761, -94, 102, -761, 0, 0, 0
L -94, 102, -761, -139, 102, -761, 0, 0, 0
L -139, 102, -761, -139, 100, -761, 0, 0, 0
L -139, 100, -761, -141, 99, -761, 0, 0, 0
L -141, 99, -761, -143, 99, -761, 0, 0, 0
L -143, 99, -761, -147, 100, -759, 0, 0, 0
L -147, 100, -759, -148, 101, -759, 0, 0, 0
L -148, 101, -759, -150, 102, -758, 0, 0, 0
L -150, 102, -758, -164, 102, -750, 0, 0, 0
L -164, 102, -750, -164, 100, -750, 0, 0, 0
L -164, 100, -750, -165, 98, -750, 0, 0, 0
L -165, 98, -750, -166, 99, -749, 0, 0, 0
L -166, 99, -749, -168, 99, -749, 0, 0, 0
L -168, 99, -749, -170, 99, -748, 0, 0, 0
L -170, 99, -748, -174, 101, -748, 0, 0, 0
L -174, 101, -748, -175, 102, -748, 0, 0, 0
L -175, 102, -748, -214, 102, -748, 0, 0, 0
L -214, 102, -748, -214, 100, -748, 0, 0, 0
L -214, 100, -748, -217, 97, -748, 0, 0, 0
L -217, 97, -748, -217, 95, -748, 0, 0, 0
L -217, 95, -748, -216, 58, -738, 0, 0, 0
L -216, 58, -738, -214, 58, -738, 0, 0, 0
L -214, 58, -738, -214, 57, -737, 0, 0, 0
L -214, 57, -737, -214, 55, -736, 0, 0, 0
L -214, 55, -736, -214, 51, -736, 0, 0, 0
L -214, 51, -736, -215, 49, -734, 0, 0, 0
L -215, 49, -734, -216, 48, -736, 0, 0, 0
L -216, 48, -736, -217, 46, -736, 0, 0, 0
L -217, 46, -736, -216, 35, -736, 0, 0, 0
L -216, 35, -736, -215, 34, -736, 0, 0, 0
L -215, 34, -736, -214, 32, -736, 0, 0, 0
L -214, 32, -736, -214, 29, -736, 0, 0, 0
L -214, 29, -736, -215, 27, -734, 0, 0, 0
L -215, 27, -734, -216, 25, -731, 0, 0, 0
L -216, 25, -731, -217, 23, -733, 0, 0, 0
L -217, 23, -733, -216, -4, -719, 0, 0, 0
L -216, -4, -719, -214, -4, -719, 0, 0, 0
L -214, -4, -719, -214, -12, -715, 0, 0, 0
L -214, -12, -715, -215, -13, -715, 0, 0, 0
L -215, -13, -715, -217, -15, -714, 0, 0, 0
L -217, -15, -714, -216, -42, -700, 0, 0, 0
L -216, -42, -700, -214, -42, -700, 0, 0, 0
L -214, -42, -700, -214, -44, -699, 0, 0, 0
L -214, -44, -699, -214, -48, -698, 0, 0, 0
L -214, -48, -698, -214, -49, -698, 0, 0, 0
L -214, -49, -698, -215, -51, -697, 0, 0, 0
L -215, -51, -697, -216, -53, -698, 0, 0, 0
L -216, -53, -698, -217, -55, -698, 0, 0, 0
L -217, -55, -698, -217, -57, -698, 0, 0, 0
L -217, -57, -698, -216, -65, -698, 0, 0, 0
L -216, -65, -698, -216, -66, -698, 0, 0, 0
L -216, -66, -698, -215, -68, -697, 0, 0, 0
L -215, -68, -697, -215, -70, -697, 0, 0, 0
L -215, -70, -697, -215, -72, -696, 0, 0, 0
L -215, -72, -696, -216, -73, -694, 0, 0, 0
L -216, -73, -694, -218, -74, -693, 0, 0, 0
L -218, -74, -693, -218, -76, -692, 0, 0, 0
L -218, -76, -692, -217, -89, -685, 0, 0, 0
L -217, -89, -685, -216, -91, -688, 0, 0, 0
L -216, -91, -688, -214, -92, -688, 0, 0, 0
L -214, -92, -688, -213, -93, -687, 0, 0, 0
L -213, -93, -687, -213, -95, -686, 0, 0, 0
L -213, -95, -686, -213, -99, -686, 0, 0, 0
L -213, -99, -686, -214, -101, -684, 0, 0, 0
L -214, -101, -684, -215, -102, -686, 0, 0, 0
L -215, -102, -686, -217, -102, -686, 0, 0, 0
L -217, -102, -686, -219, -101, -685, 0, 0, 0
L -219, -101, -685, -221, -101, -685, 0, 0, 0
L -221, -101, -685, -220, -99, -681, 0, 0, 0
L -220, -99, -681, -221, -97, -682, 0, 0, 0
L -221, -97, -682, -223, -98, -685, 0, 0, 0
L -223, -98, -685, -226, -98, -685, 0, 0, 0
L -226, -98, -685, -227, -97, -684, 0, 0, 0
L -227, -97, -684, -253, -97, -681, 0, 0, 0
L -253, -97, -681, -265, -100, -678, 0, 0, 0
L -265, -100, -678, -275, -107, -676, 0, 0, 0
L -275, -107, -676, -279, -113, -675, 0, 0, 0
L -279, -113, -675, -281, -115, -675, 0, 0, 0
L -281, -115, -675, -282, -117, -674, 0, 0, 0
L -282, -117, -674, -284, -127, -673, 0, 0, 0
L -284, -127, -673, -283, -133, -671, 0, 0, 0
L -283, -133, -671, -282, -140, -670, 0, 0, 0
L -282, -140, -670, -281, -142, -670, 0, 0, 0
L -281, -142, -670, -275, -151, -668, 0, 0, 0
L -275, -151, -668, -265, -158, -666, 0, 0, 0
L -265, -158, -666, -252, -160, -664, 0, 0, 0
L -252, -160, -664, -241, -158, -662, 0, 0, 0
L -241, -158, -662, -230, -151, -660, 0, 0, 0
L -230, -151, -660, -223, -141, -658, 0, 0, 0
L -223, -141, -658, -221, -131, -656, 0, 0, 0
L -221, -131, -656, -223, -118, -654, 0, 0, 0
L -223, -118, -654, -224, -117, -653, 0, 0, 0
L -224, -117, -653, -230, -107, -651, 0, 0, 0
L -230, -107, -651, -240, -100, -649, 0, 0, 0
L -240, -100, -649, -253, -97, -647, 0, 0, 0
L -253, -97, -647, -265, -100, -645, 0, 0, 0
L -265, -100, -645, -275, -107, -643, 0, 0, 0
L -275, -107, -643, -282, -117, -641, 0, 0, 0
L -282, -117, -641, -284, -127, -639, 0, 0, 0
L -284, -127, -639, -282, -139, -637, 0, 0, 0
L -282, -139, -637, -282, -141, -637, 0, 0, 0
L -282, -141, -637, -275, -151, -635, 0, 0, 0
L -275, -151, -635, -265, -158, -633, 0, 0, 0
L -265, -158, -633, -257, -159, -631, 0, 0, 0
L -257, -159, -631, -256, -157, -629, 0, 0, 0
L -256, -157, -629, -254, -158, -629, 0, 0, 0
L -254, -158, -629, -249, -158, -629, 0, 0, 0
L -249, -158, -629, -249, -160, -626, 0, 0, 0
L -249, -160, -626, -247, -160, -627, 0, 0, 0
L -247, -160, -627, -192, -160, -627, 0, 0, 0
L -192, -160, -627, -192, -159, -631, 0, 0, 0
L -192, -159, -631, -191, -157, -631, 0, 0, 0
L -191, -157, -631, -183, -157, -631, 0, 0, 0
L -183, -157, -631, -185, -159, -626, 0, 0, 0
L -185, -159, -626, -186, -159, -626, 0, 0, 0
L -186, -159, -626, -185, -160, -626, 0, 0, 0
L -185, -160, -626, -184, -162, -626, 0, 0, 0
L -184, -162, -626, -185, -164, -626, 0, 0, 0
L -185, -164, -626, -185, -165, -628, 0, 0, 0
L -185, -165, -628, -185, -193, -631, 0, 0, 0
L -185, -193, -631, -183, -193, -629, 0, 0, 0
L -183, -193, -629, -180, -194, -628, 0, 0, 0
L -180, -194, -628, -178, -193, -629, 0, 0, 0
L -178, -193, -629, -177, -193, -631, 0, 0, 0
L -177, -193, -631, -145, -193, -631, 0, 0, 0
L -145, -193, -631, -135, -193, -629, 0, 0, 0
L -135, -193, -629, -122, -193, -631, 0, 0, 0
L -122, -193, -631, -92, -193, -631, 0, 0, 0
L -92, -193, -631, -83, -193, -627, 0, 0, 0
L -83, -193, -627, -83, -191, -627, 0, 0, 0
L -83, -191, -627, -84, -188, -630, 0, 0, 0
L -84, -188, -630, -84, -186, -631, 0, 0, 0
L -84, -186, -631, -85, -166, -631, 0, 0, 0
L -85, -166, -631, -87, -165, -631, 0, 0, 0
L -87, -165, -631, -87, -164, -631, 0, 0, 0
L -87, -164, -631, -86, -157, -629, 0, 0, 0
L -86, -157, -629, -84, -158, -628, 0, 0, 0
L -84, -158, -628, -83, -158, -626, 0, 0, 0
L -83, -158, -626, -80, -158, -626, 0, 0, 0
L -80, -158, -626, -78, -159, -627, 0, 0, 0
L -78, -159, -627, -76, -159, -631, 0, 0, 0
L -76, -159, -631, -75, -158, -631, 0, 0, 0
L -75, -158, -631, -73, -156, -630, 0, 0, 0
L -73, -156, -630, -71, -157, -631, 0, 0, 0
L -71, -157, -631, -67, -157, -631, 0, 0, 0
L -67, -157, -631, -66, -159, -631, 0, 0, 0
L -66, -159, -631, -66, -161, -631, 0, 0, 0
L -66, -161, -631, -67, -165, -629, 0, 0, 0
L -67, -165, -629, -68, -167, -631, 0, 0, 0
L -68, -167, -631, -68, -169, -631, 0, 0, 0
L -68, -169, -631, -67, -170, -631, 0, 0, 0
L -67, -170, -631, -54, -192, -629, 0, 0, 0
L -54, -192, -629, -52, -192, -627, 0, 0, 0
L -52, -192, -627, -50, -191, -627, 0, 0, 0
L -50, -191, -627, -49, -191, -628, 0, 0, 0
L -49, -191, -628, -43, -192, -631, 0, 0, 0
L -43, -192, -631, -41, -194, -628, 0, 0, 0
L -41, -194, -628, -39, -198, -628, 0, 0, 0
L -39, -198, -628, -40, -202, -627, 0, 0, 0
L -40, -202, -627, -40, -204, -628, 0, 0, 0
L -40, -204, -628, -40, -206, -631, 0, 0, 0
L -40, -206, -631, -36, -208, -631, 0, 0, 0
L -36, -208, -631, -35, -209, -631, 0, 0, 0
L -35, -209, -631, -33, -210, -631, 0, 0, 0
L -33, -210, -631, -16, -220, -631, 0, 0, 0
L -16, -220, -631, 21, -220, -631, 0, 0, 0
L 21, -220, -631, 45, -206, -631, 0, 0, 0
L 45, -206, -631, 45, -204, -628, 0, 0, 0
L 45, -204, -628, 44, -202, -628, 0, 0, 0
L 44, -202, -628, 44, -200, -628, 0, 0, 0
L 44, -200, -628, 45, -198, -627, 0, 0, 0
L 45, -198, -627, 46, -197, -624, 0, 0, 0
L 46, -197, -624, 49, -194, -624, 0, 0, 0
L 49, -194, -624, 53, -192, -624, 0, 0, 0
L 53, -192, -624, 61, -190, -631, 0, 0, 0
L 61, -190, -631, 73, -168, -631, 0, 0, 0
L 73, -168, -631, 73, -129, -631, 0, 0, 0
L 73, -129, -631, 60, -106, -631, 0, 0, 0
L 60, -106, -631, 58, -106, -628, 0, 0, 0
L 58, -106, -628, 53, -107, -628, 0, 0, 0
L 53, -107, -628, 51, -106, -626, 0, 0, 0
L 51, -106, -626, 50, -105, -624, 0, 0, 0
L 50, -105, -624, 47, -102, -624, 0, 0, 0
L 47, -102, -624, 47, -100, -624, 0, 0, 0
L 47, -100, -624, 46, -99, -624, 0, 0, 0
L 46, -99, -624, 45, -97, -624, 0, 0, 0
L 45, -97, -624, 46, -95, -625, 0, 0, 0
L 46, -95, -625, 46, -93, -625, 0, 0, 0
L 46, -93, -625, 45, -92, -630, 0, 0, 0
L 45, -92, -630, 44, -91, -631, 0, 0, 0
L 44, -91, -631, 22, -78, -631, 0, 0, 0
L 22, -78, -631, 20, -78, -631, 0, 0, 0
L 20, -78, -631, 19, -80, -631, 0, 0, 0
L 19, -80, -631, 17, -81, -631, 0, 0, 0
L 17, -81, -631, 16, -81, -631, 0, 0, 0
L 16, -81, -631, 14, -80, -631, 0, 0, 0
L 14, -80, -631, 12, -80, -631, 0, 0, 0
L 12, -80, -631, 11, -79, -631, 0, 0, 0
L 11, -79, -631, 11, -72, -631, 0, 0, 0
L 11, -72, -631, 13, -68, -631, 0, 0, 0
L 13, -68, -631, 11, -68, -631, 0, 0, 0
L 11, -68, -631, 11, -66, -631, 0, 0, 0
L 11, -66, -631, 11, -60, -629, 0, 0, 0
L 11, -60, -629, 13, -61, -629, 0, 0, 0
L 13, -61, -629, 15, -61, -626, 0, 0, 0
L 15, -61, -626, 18, -61, -626, 0, 0, 0
L 18, -61, -626, 19, -62, -628, 0, 0, 0
L 19, -62, -628, 21, -62, -631, 0, 0, 0
L 21, -62, -631, 45, -62, -631, 0, 0, 0
L 45, -62, -631, 46, -61, -631, 0, 0, 0
L 46, -61, -631, 47, -59, -629, 0, 0, 0
L 47, -59, -629, 48, -57, -626, 0, 0, 0
L 48, -57, -626, 47, -56, -629, 0, 0, 0
L 47, -56, -629, 47, -54, -631, 0, 0, 0
L 47, -54, -631, 47, 39, -629, 0, 0, 0
L 47, 39, -629, 45, 39, -631, 0, 0, 0
L 45, 39, -631, 18, 39, -631, 0, 0, 0
L 18, 39, -631, 18, 37, -631, 0, 0, 0
L 18, 37, -631, 16, 36, -629, 0, 0, 0
L 16, 36, -629, 15, 37, -626, 0, 0, 0
L 15, 37, -626, 9, 38, -631, 0, 0, 0
L 9, 38, -631, 9, 40, -630, 0, 0, 0
L 9, 40, -630, 10, 41, -630, 0, 0, 0
L 10, 41, -630, 10, 43, -631, 0, 0, 0
L 10, 43, -631, 11, 45, -630, 0, 0, 0
L 11, 45, -630, 12, 46, -631, 0, 0, 0
L 12, 46, -631, 13, 48, -631, 0, 0, 0
L 13, 48, -631, 13, 50, -631, 0, 0, 0
L 13, 50, -631, 9, 51, -631, 0, 0, 0
L 9, 51, -631, 10, 53, -631, 0, 0, 0
L 10, 53, -631, 10, 59, -631, 0, 0, 0
L 10, 59, -631, 18, 59, -631, 0, 0, 0
L 18, 59, -631, 18, 57, -630, 0, 0, 0
L 18, 57, -630, 20, 55, -631, 0, 0, 0
L 20, 55, -631, 36, 56, -631, 0, 0, 0
L 36, 56, -631, 37, 57, -629, 0, 0, 0
L 37, 57, -629, 39, 57, -629, 0, 0, 0
L 39, 57, -629, 44, 58, -631, 0, 0, 0
L 44, 58, -631, 45, 56, -631, 0, 0, 0
L 45, 56, -631, 47, 55, -631, 0, 0, 0
L 47, 55, -631, 53, 56, -631, 0, 0, 0
L 53, 56, -631, 55, 55, -631, 0, 0, 0
L 55, 55, -631, 110, 56, -631, 0, 0, 0
L 110, 56, -631, 110, 57, -631, 0, 0, 0
L 110, 57, -631, 111, 59, -630, 0, 0, 0
L 111, 59, -630, 112, 59, -631, 0, 0, 0
L 112, 59, -631, 113, 60, -631, 0, 0, 0
L 113, 60, -631, 113, 73, -631, 0, 0, 0
L 113, 73, -631, 111, 73, -631, 0, 0, 0
L 111, 73, -631, 110, 75, -631, 0, 0, 0
L 110, 75, -631, 108, 77, -631, 0, 0, 0
L 108, 77, -631, 89, 76, -631, 0, 0, 0
L 89, 76, -631, 84, 76, -631, 0, 0, 0
L 84, 76, -631, 82, 77, -631, 0, 0, 0
L 82, 77, -631, 72, 76, -631, 0, 0, 0
L 72, 76, -631, 66, 76, -631, 0, 0, 0
L 66, 76, -631, 65, 77, -631, 0, 0, 0
L 65, 77, -631, 63, 77, -631, 0, 0, 0
L 63, 77, -631, -30, 77, -620, 0, 0, 0
L -30, 77, -620, -30, 75, -620, 0, 0, 0
L -30, 75, -620, -32, 74, -620, 0, 0, 0
L -32, 74, -620, -33, 74, -619, 0, 0, 0
L -33, 74, -619, -35, 74, -618, 0, 0, 0
L -35, 74, -618, -39, 74, -618, 0, 0, 0
L -39, 74, -618, -40, 76, -618, 0, 0, 0
L -40, 76, -618, -42, 77, -618, 0, 0, 0
L -42, 77, -618, -61, 76, -618, 0, 0, 0
L -61, 76, -618, -65, 76, -618, 0, 0, 0
L -65, 76, -618, -67, 77, -618, 0, 0, 0
L -67, 77, -618, -78, 76, -618, 0, 0, 0
L -78, 76, -618, -83, 76, -618, 0, 0, 0
L -83, 76, -618, -85, 77, -618, 0, 0, 0
L -85, 77, -618, -87, 77, -618, 0, 0, 0
L -87, 77, -618, -130, 77, -608, 0, 0, 0
L -130, 77, -608, -130, 75, -608, 0, 0, 0
L -130, 75, -608, -131, 73, -608, 0, 0, 0
L -131, 73, -608, -135, 73, -606, 0, 0, 0
L -135, 73, -606, -139, 73, -606, 0, 0, 0
L -139, 73, -606, -140, 75, -605, 0, 0, 0
L -139, 73, -606, -139, 75, -604, 0, 0, 0
L -139, 75, -604, -139, 77, -606, 0, 0, 0
L -139, 77, -606, -139, 82, -604, 0, 0, 0
L -139, 82, -604, -137, 82, -605, 0, 0, 0
L -137, 82, -605, -136, 84, -605, 0, 0, 0
L -136, 84, -605, -136, 115, -600, 0, 0, 0
L -136, 115, -600, -138, 124, -599, 0, 0, 0
L -138, 124, -599, -139, 125, -598, 0, 0, 0
L -139, 125, -598, -145, 135, -596, 0, 0, 0
L -145, 135, -596, -155, 142, -594, 0, 0, 0
L -155, 142, -594, -167, 144, -592, 0, 0, 0
L -167, 144, -592, -180, 142, -590, 0, 0, 0
L -180, 142, -590, -190, 135, -588, 0, 0, 0
L -190, 135, -588, -196, 125, -586, 0, 0, 0
L -196, 125, -586, -197, 123, -586, 0, 0, 0
L -197, 123, -586, -199, 113, -584, 0, 0, 0
L -199, 113, -584, -198, 109, -583, 0, 0, 0
L -198, 109, -583, -197, 101, -582, 0, 0, 0
L -197, 101, -582, -190, 90, -580, 0, 0, 0
L -190, 90, -580, -180, 83, -578, 0, 0, 0
L -180, 83, -578, -167, 81, -576, 0, 0, 0
L -167, 81, -576, -155, 83, -573, 0, 0, 0
L -155, 83, -573, -145, 90, -571, 0, 0, 0
L -145, 90, -571, -138, 100, -569, 0, 0, 0
L -138, 100, -569, -136, 111, -568, 0, 0, 0
L -136, 111, -568, -137, 116, -567, 0, 0, 0
L -137, 116, -567, -138, 125, -565, 0, 0, 0
L -138, 125, -565, -145, 135, -563, 0, 0, 0
L -145, 135, -563, -155, 142, -561, 0, 0, 0
L -155, 142, -561, -168, 144, -559, 0, 0, 0
L -168, 144, -559, -180, 142, -557, 0, 0, 0
L -180, 142, -557, -190, 135, -555, 0, 0, 0
L -190, 135, -555, -197, 125, -553, 0, 0, 0
L -197, 125, -553, -198, 118, -552, 0, 0, 0
L -198, 118, -552, -197, 117, -551, 0, 0, 0
L -197, 117, -551, -196, 115, -551, 0, 0, 0
L -196, 115, -551, -196, 113, -550, 0, 0, 0
L -196, 113, -550, -196, 109, -551, 0, 0, 0
L -196, 109, -551, -197, 107, -550, 0, 0, 0
L -197, 107, -550, -198, 106, -551, 0, 0, 0
L -198, 106, -551, -198, 86, -551, 0, 0, 0
L -198, 86, -551, -197, 85, -551, 0, 0, 0
L -197, 85, -551, -197, 80, -551, 0, 0, 0
L -197, 80, -551, -198, 79, -551, 0, 0, 0
L -198, 79, -551, -198, 69, -551, 0, 0, 0
L -198, 69, -551, -197, 67, -551, 0, 0, 0
L -197, 67, -551, -197, 65, -551, 0, 0, 0
L -197, 65, -551, -198, 63, -551, 0, 0, 0
L -198, 63, -551, -198, 43, -551, 0, 0, 0
L -198, 43, -551, -196, 42, -551, 0, 0, 0
L -196, 42, -551, -196, 34, -551, 0, 0, 0
L -196, 34, -551, -197, 33, -550, 0, 0, 0
L -197, 33, -550, -198, 31, -551, 0, 0, 0
L -198, 31, -551, -198, -32, -551, 0, 0, 0
L -198, -32, -551, -196, -34, -549, 0, 0, 0
L -196, -34, -549, -197, -35, -546, 0, 0, 0
L -197, -35, -546, -197, -37, -546, 0, 0, 0
L -197, -37, -546, -198, -39, -546, 0, 0, 0
L -198, -39, -546, -198, -41, -547, 0, 0, 0
L -198, -41, -547, -197, -64, -551, 0, 0, 0
L -197, -64, -551, -197, -66, -551, 0, 0, 0
L -197, -66, -551, -198, -69, -551, 0, 0, 0
L -198, -69, -551, -198, -81, -551, 0, 0, 0
L -198, -81, -551, -197, -82, -551, 0, 0, 0
L -197, -82, -551, -197, -86, -551, 0, 0, 0
L -197, -86, -551, -198, -88, -551, 0, 0, 0
L -198, -88, -551, -198, -108, -551, 0, 0, 0
L -198, -108, -551, -196, -108, -549, 0, 0, 0
L -196, -108, -549, -196, -110, -551, 0, 0, 0
L -196, -110, -551, -194, -111, -551, 0, 0, 0
L -194, -111, -551, -179, -110, -551, 0, 0, 0
L -179, -110, -551, -179, -109, -551, 0, 0, 0
L -179, -109, -551, -177, -108, -551, 0, 0, 0
L -177, -108, -551, -177, -41, -551, 0, 0, 0
L -177, -41, -551, -179, -41, -551, 0, 0, 0
L -179, -41, -551, -180, -39, -551, 0, 0, 0
L -180, -39, -551, -180, -37, -551, 0, 0, 0
L -180, -37, -551, -179, -35, -551, 0, 0, 0
L -179, -35, -551, -179, -33, -551, 0, 0, 0
L -179, -33, -551, -178, -32, -549, 0, 0, 0
L -178, -32, -549, -177, -30, -551, 0, 0, 0
L -177, -30, -551, -177, -17, -551, 0, 0, 0
L -177, -17, -551, -179, -17, -551, 0, 0, 0
L -179, -17, -551, -179, -15, -551, 0, 0, 0
L -179, -15, -551, -179, -8, -549, 0, 0, 0
L -179, -8, -549, -177, -8, -551, 0, 0, 0
L -177, -8, -551, -171, -9, -551, 0, 0, 0
L -171, -9, -551, -170, -10, -551, 0, 0, 0
L -170, -10, -551, -168, -11, -551, 0, 0, 0
L -168, -11, -551, -167, -9, -551, 0, 0, 0
L -167, -9, -551, -165, -8, -549, 0, 0, 0
L -165, -8, -549, -163, -8, -550, 0, 0, 0
L -163, -8, -550, -161, -8, -550, 0, 0, 0
L -161, -8, -550, -158, -9, -550, 0, 0, 0
L -158, -9, -550, -158, -11, -551, 0, 0, 0
L -158, -11, -551, -159, -16, -551, 0, 0, 0
L -159, -16, -551, -160, -17, -551, 0, 0, 0
L -160, -17, -551, -161, -19, -551, 0, 0, 0
L -161, -19, -551, -160, -51, -551, 0, 0, 0
L -160, -51, -551, -145, -51, -551, 0, 0, 0
L -145, -51, -551, -129, -61, -551, 0, 0, 0
L -129, -61, -551, -129, -59, -550, 0, 0, 0
L -129, -59, -550, -127, -58, -550, 0, 0, 0
L -127, -58, -550, -119, -59, -551, 0, 0, 0
L -119, -59, -551, -120, -59, -550, 0, 0, 0
L -120, -59, -550, -121, -57, -551, 0, 0, 0
L -121, -57, -551, -119, -56, -550, 0, 0, 0
L -119, -56, -550, -117, -56, -551, 0, 0, 0
L -117, -56, -551, -112, -56, -550, 0, 0, 0
L -112, -56, -550, -111, -58, -551, 0, 0, 0
L -111, -58, -551, -109, -59, -550, 0, 0, 0
L -109, -59, -550, -107, -60, -550, 0, 0, 0
L -107, -60, -550, -105, -61, -551, 0, 0, 0
L -105, -61, -551, -91, -61, -551, 0, 0, 0
L -91, -61, -551, -75, -51, -551, 0, 0, 0
L -75, -51, -551, -59, -50, -551, 0, 0, 0
L -59, -50, -551, -60, -16, -551, 0, 0, 0
L -60, -16, -551, -61, -15, -551, 0, 0, 0
L -61, -15, -551, -61, -9, -551, 0, 0, 0
L -61, -9, -551, -54, -9, -551, 0, 0, 0
L -54, -9, -551, -53, -8, -551, 0, 0, 0
L -53, -8, -551, -51, -8, -551, 0, 0, 0
L -51, -8, -551, -49, -9, -551, 0, 0, 0
L -49, -9, -551, -47, -9, -551, 0, 0, 0
L -47, -9, -551, -46, -10, -551, 0, 0, 0
L -46, -10, -551, -45, -12, -551, 0, 0, 0
L -45, -12, -551, -46, -14, -551, 0, 0, 0
L -46, -14, -551, -46, -15, -551, 0, 0, 0
L -46, -15, -551, -48, -19, -551, 0, 0, 0
L -48, -19, -551, -48, -21, -551, 0, 0, 0
L -48, -21, -551, -49, -42, -548, 0, 0, 0
L -49, -42, -548, -47, -43, -545, 0, 0, 0
L -47, -43, -545, -45, -44, -545, 0, 0, 0
L -45, -44, -545, -44, -45, -544, 0, 0, 0
L -44, -45, -544, -42, -47, -543, 0, 0, 0
L -42, -47, -543, -41, -48, -545, 0, 0, 0
L -41, -48, -545, -38, -51, -549, 0, 0, 0
L -38, -51, -549, -37, -51, -551, 0, 0, 0
L -37, -51, -551, -32, -51, -551, 0, 0, 0
L -32, -51, -551, -16, -61, -551, 0, 0, 0
L -16, -61, -551, 7, -61, -551, 0, 0, 0
L 7, -61, -551, 9, -60, -551, 0, 0, 0
L 9, -60, -551, 11, -58, -550, 0, 0, 0
L 11, -58, -550, 12, -58, -551, 0, 0, 0
L 12, -58, -551, 18, -58, -551, 0, 0, 0
L 18, -58, -551, 20, -58, -550, 0, 0, 0
L 20, -58, -550, 22, -59, -551, 0, 0, 0
L 22, -59, -551, 24, -59, -551, 0, 0, 0
L 24, -59, -551, 37, -51, -551, 0, 0, 0
L 37, -51, -551, 43, -50, -551, 0, 0, 0
L 43, -50, -551, 45, -49, -548, 0, 0, 0
L 45, -49, -548, 45, -47, -546, 0, 0, 0
L 45, -47, -546, 46, -43, -546, 0, 0, 0
L 46, -43, -546, 47, -41, -547, 0, 0, 0
L 47, -41, -547, 48, -40, -551, 0, 0, 0
L 48, -40, -551, 53, -39, -551, 0, 0, 0
L 53, -39, -551, 53, -37, -551, 0, 0, 0
L 53, -37, -551, 53, 44, -543, 0, 0, 0
L 53, 44, -543, 51, 45, -543, 0, 0, 0
L 51, 45, -543, 49, 45, -543, 0, 0, 0
L 49, 45, -543, 47, 46, -544, 0, 0, 0
L 47, 46, -544, 46, 48, -546, 0, 0, 0
L 46, 48, -546, 45, 49, -546, 0, 0, 0
L 45, 49, -546, 44, 51, -546, 0, 0, 0
L 44, 51, -546, 43, 52, -547, 0, 0, 0
L 43, 52, -547, 37, 52, -547, 0, 0, 0
L 37, 52, -547, 27, 58, -547, 0, 0, 0
L 27, 58, -547, 25, 59, -549, 0, 0, 0
L 25, 59, -549, 23, 59, -551, 0, 0, 0
L 23, 59, -551, 22, 59, -551, 0, 0, 0
L 22, 59, -551, 17, 57, -551, 0, 0, 0
L 17, 57, -551, 10, 57, -551, 0, 0, 0
L 10, 57, -551, -1, 58, -551, 0, 0, 0
L -1, 58, -551, -3, 59, -550, 0, 0, 0
L -3, 59, -550, -5, 60, -551, 0, 0, 0
L -5, 60, -551, -6, 61, -551, 0, 0, 0
L -6, 61, -551, -17, 60, -551, 0, 0, 0
L -17, 60, -551, -32, 51, -551, 0, 0, 0
L -32, 51, -551, -34, 51, -551, 0, 0, 0
L -34, 51, -551, -40, 50, -548, 0, 0, 0
L -40, 50, -548, -41, 49, -545, 0, 0, 0
L -41, 49, -545, -41, 47, -546, 0, 0, 0
L -41, 47, -546, -42, 45, -546, 0, 0, 0
L -42, 45, -546, -44, 43, -546, 0, 0, 0
L -44, 43, -546, -46, 41, -549, 0, 0, 0
L -46, 41, -549, -47, 39, -551, 0, 0, 0
L -47, 39, -551, -48, 38, -551, 0, 0, 0
L -48, 38, -551, -48, 17, -551, 0, 0, 0
L -48, 17, -551, -47, 15, -549, 0, 0, 0
L -47, 15, -549, -47, 13, -546, 0, 0, 0
L -47, 13, -546, -48, 12, -546, 0, 0, 0
L -48, 12, -546, -48, 10, -546, 0, 0, 0
L -48, 10, -546, -50, 8, -551, 0, 0, 0
L -50, 8, -551, -51, 9, -551, 0, 0, 0
L -51, 9, -551, -53, 9, -551, 0, 0, 0
L -53, 9, -551, -58, 10, -546, 0, 0, 0
L -58, 10, -546, -60, 11, -546, 0, 0, 0
L -60, 11, -546, -61, 13, -546, 0, 0, 0
L -61, 13, -546, -61, 15, -551, 0, 0, 0
L -61, 15, -551, -59, 20, -551, 0, 0, 0
L -59, 20, -551, -60, 51, -551, 0, 0, 0
L -60, 51, -551, -75, 51, -551, 0, 0, 0
L -75, 51, -551, -77, 52, -551, 0, 0, 0
L -77, 52, -551, -91, 61, -551, 0, 0, 0
L -91, 61, -551, -124, 61, -551, 0, 0, 0
L -124, 61, -551, -122, 59, -551, 0, 0, 0
L -122, 59, -551, -123, 58, -551, 0, 0, 0
L -123, 58, -551, -125, 57, -551, 0, 0, 0
L -125, 57, -551, -127, 57, -551, 0, 0, 0
L -127, 57, -551, -128, 59, -551, 0, 0, 0
L -128, 59, -551, -129, 60, -551, 0, 0, 0
L -129, 60, -551, -131, 60, -551, 0, 0, 0
L -131, 60, -551, -145, 51, -551, 0, 0, 0
L -145, 51, -551, -157, 51, -551, 0, 0, 0
L -157, 51, -551, -161, 50, -551, 0, 0, 0
L -161, 50, -551, -160, 17, -551, 0, 0, 0
L -160, 17, -551, -158, 17, -549, 0, 0, 0
L -158, 17, -549, -158, 15, -551, 0, 0, 0
L -158, 15, -551, -159, 8, -551, 0, 0, 0
L -159, 8, -551, -161, 8, -551, 0, 0, 0
L -161, 8, -551, -167, 9, -551, 0, 0, 0
L -167, 9, -551, -169, 9, -551, 0, 0, 0
L -169, 9, -551, -170, 10, -551, 0, 0, 0
L -170, 10, -551, -171, 8, -549, 0, 0, 0
L -171, 8, -549, -173, 8, -551, 0, 0, 0
L -173, 8, -551, -179, 9, -549, 0, 0, 0
L -179, 9, -549, -181, 10, -551, 0, 0, 0
L -181, 10, -551, -180, 12, -551, 0, 0, 0
L -180, 12, -551, -179, 13, -551, 0, 0, 0
L -179, 13, -551, -179, 15, -551, 0, 0, 0
L -179, 15, -551, -179, 17, -549, 0, 0, 0
L -179, 17, -549, -177, 18, -551, 0, 0, 0
L -177, 18, -551, -177, 34, -551, 0, 0, 0
L -177, 34, -551, -179, 35, -549, 0, 0, 0
L -179, 35, -549, -180, 37, -551, 0, 0, 0
L -180, 37, -551, -179, 42, -551, 0, 0, 0
L -179, 42, -551, -178, 43, -551, 0, 0, 0
L -178, 43, -551, -177, 45, -551, 0, 0, 0
L -177, 45, -551, -177, 108, -551, 0, 0, 0
L -177, 108, -551, -179, 109, -551, 0, 0, 0
L -179, 109, -551, -179, 110, -551, 0, 0, 0
L -179, 110, -551, -179, 117, -549, 0, 0, 0
L -179, 117, -549, -178, 118, -551, 0, 0, 0
L -178, 118, -551, -176, 118, -553, 0, 0, 0
L -176, 118, -553, -174, 118, -554, 0, 0, 0
L -174, 118, -554, -172, 119, -555, 0, 0, 0
L -172, 119, -555, -171, 120, -557, 0, 0, 0
L -171, 120, -557, -169, 121, -558, 0, 0, 0
L -169, 121, -558, -167, 121, -559, 0, 0, 0
L -167, 121, -559, -165, 120, -560, 0, 0, 0
L -165, 120, -560, -163, 120, -561, 0, 0, 0
L -163, 120, -561, -162, 119, -563, 0, 0, 0
L -162, 119, -563, -160, 117, -564, 0, 0, 0
L -160, 117, -564, -160, 115, -565, 0, 0, 0
L -160, 115, -565, -159, 113, -566, 0, 0, 0
L -159, 113, -566, -160, 109, -569, 0, 0, 0
L -160, 109, -569, -161, 108, -570, 0, 0, 0
L -161, 108, -570, -162, 106, -571, 0, 0, 0
L -162, 106, -571, -164, 105, -573, 0, 0, 0
L -164, 105, -573, -165, 104, -574, 0, 0, 0
L -165, 104, -574, -167, 104, -575, 0, 0, 0
L -167, 104, -575, -171, 105, -578, 0, 0, 0
L -171, 105, -578, -173, 106, -579, 0, 0, 0
L -173, 106, -579, -174, 107, -580, 0, 0, 0
L -174, 107, -580, -176, 111, -582, 0, 0, 0
L -176, 111, -582, -176, 113, -584, 0, 0, 0
L -176, 113, -584, -175, 115, -585, 0, 0, 0
L -175, 115, -585, -175, 117, -586, 0, 0, 0
L -175, 117, -586, -173, 118, -588, 0, 0, 0
L -173, 118, -588, -172, 119, -589, 0, 0, 0
L -172, 119, -589, -170, 120, -590, 0, 0, 0
L -170, 120, -590, -169, 121, -591, 0, 0, 0
L -169, 121, -591, -167, 121, -592, 0, 0, 0
L -167, 121, -592, -165, 120, -594, 0, 0, 0
L -165, 120, -594, -163, 120, -595, 0, 0, 0
L -163, 120, -595, -162, 118, -596, 0, 0, 0
L -162, 118, -596, -161, 117, -597, 0, 0, 0
L -161, 117, -597, -160, 115, -598, 0, 0, 0
L -160, 115, -598, -159, 114, -599, 0, 0, 0
L -159, 114, -599, -159, 82, -605, 0, 0, 0
L -159, 82, -605, -157, 82, -605, 0, 0, 0
L -157, 82, -605, -155, 81, -605, 0, 0, 0
L -155, 81, -605, -155, 79, -604, 0, 0, 0
L -155, 79, -604, -156, 78, -601, 0, 0, 0
L -156, 78, -601, -158, 74, -601, 0, 0, 0
L -158, 74, -601, -159, 73, -602, 0, 0, 0
L -159, 73, -602, -159, 71, -602, 0, 0, 0
L -159, 71, -602, -159, 63, -604, 0, 0, 0
L -159, 63, -604, -158, 62, -606, 0, 0, 0
L -158, 62, -606, -157, 55, -606, 0, 0, 0
L -157, 55, -606, -139, 55, -606, 0, 0, 0
L -139, 55, -606, -139, 57, -606, 0, 0, 0
L -139, 57, -606, -137, 58, -606, 0, 0, 0
L -137, 58, -606, -134, 58, -606, 0, 0, 0
L -134, 58, -606, -131, 58, -607, 0, 0, 0
L -131, 58, -607, -130, 56, -608, 0, 0, 0
L -130, 56, -608, -128, 55, -609, 0, 0, 0
L -128, 55, -609, -114, 56, -616, 0, 0, 0
L -114, 56, -616, -112, 55, -617, 0, 0, 0
L -112, 55, -617, -110, 55, -618, 0, 0, 0
L -110, 55, -618, -39, 55, -618, 0, 0, 0
L -39, 55, -618, -39, 57, -618, 0, 0, 0
L -39, 57, -618, -37, 58, -618, 0, 0, 0
L -37, 58, -618, -35, 58, -618, 0, 0, 0
L -35, 58, -618, -29, 57, -621, 0, 0, 0
L -29, 57, -621, -28, 56, -621, 0, 0, 0
L -28, 56, -621, -26, 55, -622, 0, 0, 0
L -26, 55, -622, -24, 55, -623, 0, 0, 0
L -24, 55, -623, -12, 55, -626, 0, 0, 0
L -12, 55, -626, -10, 57, -626, 0, 0, 0
L -10, 57, -626, -7, 57, -626, 0, 0, 0
L -7, 57, -626, -6, 55, -626, 0, 0, 0
L -6, 55, -626, -5, 53, -627, 0, 0, 0
L -5, 53, -627, -6, 52, -626, 0, 0, 0
L -6, 52, -626, -8, 50, -628, 0, 0, 0
L -8, 50, -628, -8, 48, -631, 0, 0, 0
L -8, 48, -631, -8, 44, -631, 0, 0, 0
L -8, 44, -631, -6, 44, -631, 0, 0, 0
L -6, 44, -631, -4, 43, -631, 0, 0, 0
L -4, 43, -631, -4, 41, -630, 0, 0, 0
L -4, 41, -630, -5, 39, -630, 0, 0, 0
L -5, 39, -630, -5, 36, -629, 0, 0, 0
L -5, 36, -629, -7, 36, -631, 0, 0, 0
L -7, 36, -631, -13, 36, -631, 0, 0, 0
L -13, 36, -631, -14, 37, -631, 0, 0, 0
L -14, 37, -631, -17, 39, -631, 0, 0, 0
L -17, 39, -631, -19, 39, -631, 0, 0, 0
L -19, 39, -631, -42, 39, -629, 0, 0, 0
L -42, 39, -629, -43, 37, -628, 0, 0, 0
L -43, 37, -628, -44, 34, -626, 0, 0, 0
L -44, 34, -626, -42, 33, -629, 0, 0, 0
L -42, 33, -629, -42, 31, -631, 0, 0, 0
L -42, 31, -631, -41, -13, -631, 0, 0, 0
L -41, -13, -631, -41, -60, -631, 0, 0, 0
L -41, -60, -631, -40, -62, -631, 0, 0, 0
L -40, -62, -631, -14, -62, -631, 0, 0, 0
L -14, -62, -631, -14, -60, -631, 0, 0, 0
L -14, -60, -631, -12, -60, -629, 0, 0, 0
L -12, -60, -629, -8, -61, -626, 0, 0, 0
L -8, -61, -626, -7, -61, -626, 0, 0, 0
L -7, -61, -626, -6, -63, -629, 0, 0, 0
L -6, -63, -629, -6, -65, -630, 0, 0, 0
L -6, -65, -630, -6, -68, -629, 0, 0, 0
L -6, -68, -629, -8, -68, -629, 0, 0, 0
L -8, -68, -629, -9, -69, -627, 0, 0, 0
L -9, -69, -627, -9, -71, -627, 0, 0, 0
L -9, -71, -627, -8, -73, -626, 0, 0, 0
L -8, -73, -626, -7, -75, -626, 0, 0, 0
L -7, -75, -626, -7, -77, -626, 0, 0, 0
L -7, -77, -626, -8, -78, -626, 0, 0, 0
L -8, -78, -626, -10, -79, -626, 0, 0, 0
L -10, -79, -626, -12, -79, -626, 0, 0, 0
L -12, -79, -626, -15, -79, -631, 0, 0, 0
L -15, -79, -631, -17, -78, -631, 0, 0, 0
L -17, -78, -631, -40, -92, -631, 0, 0, 0
L -40, -92, -631, -40, -93, -628, 0, 0, 0
L -40, -93, -628, -41, -100, -624, 0, 0, 0
L -41, -100, -624, -42, -101, -624, 0, 0, 0
L -42, -101, -624, -44, -102, -624, 0, 0, 0
L -44, -102, -624, -45, -103, -624, 0, 0, 0
L -45, -103, -624, -48, -104, -624, 0, 0, 0
L -48, -104, -624, -50, -105, -624, 0, 0, 0
L -50, -105, -624, -52, -105, -624, 0, 0, 0
L -52, -105, -624, -54, -105, -625, 0, 0, 0
L -54, -105, -625, -55, -106, -629, 0, 0, 0
L -55, -106, -629, -56, -108, -631, 0, 0, 0
L -56, -108, -631, -68, -130, -631, 0, 0, 0
L -68, -130, -631, -68, -132, -631, 0, 0, 0
L -68, -132, -631, -67, -132, -631, 0, 0, 0
L -67, -132, -631, -66, -134, -631, 0, 0, 0
L -66, -134, -631, -66, -138, -631, 0, 0, 0
L -66, -138, -631, -67, -140, -629, 0, 0, 0
L -67, -140, -629, -69, -141, -631, 0, 0, 0
L -69, -141, -631, -75, -140, -631, 0, 0, 0
L -75, -140, -631, -76, -138, -631, 0, 0, 0
L -76, -138, -631, -78, -138, -631, 0, 0, 0
L -78, -138, -631, -78, -140, -631, 0, 0, 0
L -78, -140, -631, -80, -141, -630, 0, 0, 0
L -80, -141, -630, -84, -141, -630, 0, 0, 0
L -84, -141, -630, -86, -141, -631, 0, 0, 0
L -86, -141, -631, -87, -139, -631, 0, 0, 0
L -87, -139, -631, -87, -137, -631, 0, 0, 0
L -87, -137, -631, -86, -132, -631, 0, 0, 0
L -86, -132, -631, -84, -131, -631, 0, 0, 0
L -84, -131, -631, -84, -129, -631, 0, 0, 0
L -84, -129, -631, -85, -104, -629, 0, 0, 0
L -85, -104, -629, -87, -104, -628, 0, 0, 0
L -87, -104, -628, -90, -104, -628, 0, 0, 0
L -90, -104, -628, -93, -104, -631, 0, 0, 0
L -93, -104, -631, -122, -105, -631, 0, 0, 0
L -122, -105, -631, -184, -105, -631, 0, 0, 0
L -184, -105, -631, -185, -106, -631, 0, 0, 0
L -185, -106, -631, -185, -132, -631, 0, 0, 0
L -185, -132, -631, -183, -132, -629, 0, 0, 0
L -183, -132, -629, -182, -134, -631, 0, 0, 0
L -182, -134, -631, -183, -136, -631, 0, 0, 0
L -183, -136, -631, -183, -138, -631, 0, 0, 0
L -183, -138, -631, -184, -141, -629, 0, 0, 0
L -184, -141, -629, -186, -141, -630, 0, 0, 0
L -186, -141, -630, -188, -141, -630, 0, 0, 0
L -188, -141, -630, -190, -141, -631, 0, 0, 0
L -190, -141, -631, -192, -140, -629, 0, 0, 0
L -192, -140, -629, -193, -140, -631, 0, 0, 0
L -193, -140, -631, -197, -138, -631, 0, 0, 0
L -197, -138, -631, -248, -138, -631, 0, 0, 0
L -248, -138, -631, -248, -140, -631, 0, 0, 0
L -248, -140, -631, -250, -141, -631, 0, 0, 0
L -250, -141, -631, -252, -141, -631, 0, 0, 0
L -252, -141, -631, -256, -140, -632, 0, 0, 0
L -256, -140, -632, -257, -139, -630, 0, 0, 0
L -257, -139, -630, -257, -137, -633, 0, 0, 0
L -257, -137, -633, -258, -135, -634, 0, 0, 0
L -258, -135, -634, -259, -134, -635, 0, 0, 0
L -259, -134, -635, -260, -132, -637, 0, 0, 0
L -260, -132, -637, -261, -130, -638, 0, 0, 0
L -261, -130, -638, -260, -126, -641, 0, 0, 0
L -260, -126, -641, -258, -122, -643, 0, 0, 0
L -258, -122, -643, -256, -121, -645, 0, 0, 0
L -256, -121, -645, -254, -121, -646, 0, 0, 0
L -254, -121, -646, -252, -120, -647, 0, 0, 0
L -252, -120, -647, -250, -121, -649, 0, 0, 0
L -250, -121, -649, -248, -122, -650, 0, 0, 0
L -248, -122, -650, -247, -123, -651, 0, 0, 0
L -247, -123, -651, -246, -125, -652, 0, 0, 0
L -246, -125, -652, -245, -126, -654, 0, 0, 0
L -245, -126, -654, -244, -128, -655, 0, 0, 0
L -244, -128, -655, -245, -132, -657, 0, 0, 0
L -245, -132, -657, -246, -134, -658, 0, 0, 0
L -246, -134, -658, -247, -135, -660, 0, 0, 0
L -247, -135, -660, -248, -136, -661, 0, 0, 0
L -248, -136, -661, -251, -138, -663, 0, 0, 0
L -251, -138, -663, -253, -138, -664, 0, 0, 0
L -253, -138, -664, -255, -137, -665, 0, 0, 0
L -255, -137, -665, -256, -136, -666, 0, 0, 0
L -256, -136, -666, -258, -135, -667, 0, 0, 0
L -258, -135, -667, -259, -134, -668, 0, 0, 0
L -259, -134, -668, -260, -132, -670, 0, 0, 0
L -260, -132, -670, -261, -130, -671, 0, 0, 0
L -261, -130, -671, -261, -128, -672, 0, 0, 0
L -261, -128, -672, -261, -127, -673, 0, 0, 0
L -261, -127, -673, -260, -125, -675, 0, 0, 0
L -260, -125, -675, -259, -123, -676, 0, 0, 0
L -259, -123, -676, -257, -122, -677, 0, 0, 0
L -257, -122, -677, -256, -121, -678, 0, 0, 0
L -256, -121, -678, -254, -120, -679, 0, 0, 0
L -254, -120, -679, -252, -120, -681, 0, 0, 0
L -252, -120, -681, -250, -120, -681, 0, 0, 0
L -250, -120, -681, -222, -120, -685, 0, 0, 0
L -222, -120, -685, -222, -118, -685, 0, 0, 0
L -222, -118, -685, -221, -116, -685, 0, 0, 0
L -221, -116, -685, -217, -116, -685, 0, 0, 0
L -217, -116, -685, -214, -116, -686, 0, 0, 0
L -214, -116, -686, -212, -118, -686, 0, 0, 0
L -212, -118, -686, -212, -119, -686, 0, 0, 0
L -212, -119, -686, -195, -119, -686, 0, 0, 0
L -195, -119, -686, -196, -101, -686, 0, 0, 0
L -196, -101, -686, -198, -100, -686, 0, 0, 0
L -198, -100, -686, -198, -95, -686, 0, 0, 0
L -198, -95, -686, -197, -92, -684, 0, 0, 0
L -197, -92, -684, -196, -91, -686, 0, 0, 0
L -196, -91, -686, -195, -89, -689, 0, 0, 0
L -195, -89, -689, -195, -74, -694, 0, 0, 0
L -195, -74, -694, -196, -73, -694, 0, 0, 0
L -196, -73, -694, -196, -71, -694, 0, 0, 0
L -196, -71, -694, -194, -67, -694, 0, 0, 0
L -194, -67, -694, -194, -65, -694, 0, 0, 0
L -194, -65, -694, -195, -63, -694, 0, 0, 0
L -195, -63, -694, -196, -61, -697, 0, 0, 0
L -196, -61, -697, -196, -60, -698, 0, 0, 0
L -196, -60, -698, -196, -52, -698, 0, 0, 0
L -196, -52, -698, -198, -50, -698, 0, 0, 0
L -198, -50, -698, -198, -49, -698, 0, 0, 0
L -198, -49, -698, -198, -42, -700, 0, 0, 0
L -198, -42, -700, -196, -41, -701, 0, 0, 0
L -196, -41, -701, -195, -39, -702, 0, 0, 0
L -195, -39, -702, -196, -13, -715, 0, 0, 0
L -196, -13, -715, -197, -11, -714, 0, 0, 0
L -197, -11, -714, -197, -10, -714, 0, 0, 0
L -197, -10, -714, -197, -3, -720, 0, 0, 0
L -197, -3, -720, -195, 1, -722, 0, 0, 0
L -195, 1, -722, -196, 26, -731, 0, 0, 0
L -196, 26, -731, -196, 31, -731, 0, 0, 0
L -196, 31, -731, -194, 32, -731, 0, 0, 0
L -194, 32, -731, -194, 34, -732, 0, 0, 0
L -194, 34, -732, -195, 51, -731, 0, 0, 0
L -195, 51, -731, -196, 52, -731, 0, 0, 0
L -196, 52, -731, -196, 56, -731, 0, 0, 0
L -196, 56, -731, -194, 58, -732, 0, 0, 0
L -194, 58, -732, -194, 60, -734, 0, 0, 0
L -194, 60, -734, -195, 76, -741, 0, 0, 0
L -195, 76, -741, -196, 77, -741, 0, 0, 0
L -196, 77, -741, -196, 79, -741, 0, 0, 0
L -196, 79, -741, -195, 81, -741, 0, 0, 0
L -195, 81, -741, -194, 82, -741, 0, 0, 0
L -194, 82, -741, -190, 80, -741, 0, 0, 0
L -190, 80, -741, -188, 80, -744, 0, 0, 0
L -188, 80, -744, -171, 80, -744, 0, 0, 0
L -171, 80, -744, -170, 81, -744, 0, 0, 0
L -170, 81, -744, -166, 81, -744, 0, 0, 0
L -166, 81, -744, -165, 80, -744, 0, 0, 0
L -165, 80, -744, -163, 80, -747, 0, 0, 0
L -163, 80, -747, -146, 80, -755, 0, 0, 0
L -146, 80, -755, -145, 81, -756, 0, 0, 0
L -145, 81, -756, -141, 81, -756, 0, 0, 0
L -141, 81, -756, -140, 80, -757, 0, 0, 0
L -140, 80, -757, -83, 80, -757, 0, 0, 0
L -83, 80, -757, -81, 80, -760, 0, 0, 0
L -81, 80, -760, -79, 81, -761, 0, 0, 0
L -79, 81, -761, -39, 81, -761, 0, 0, 0
L -39, 81, -761, -39, 82, -761, 0, 0, 0
L -39, 82, -761, -37, 83, -761, 0, 0, 0
L -37, 83, -761, -30, 83, -761, 0, 0, 0
L -30, 83, -761, -30, 81, -760, 0, 0, 0
L -30, 81, -760, -31, 75, -759, 0, 0, 0
L -31, 75, -759, -32, 73, -761, 0, 0, 0
L -32, 73, -761, -36, 57, -761, 0, 0, 0
L -36, 57, -761, -35, 55, -759, 0, 0, 0
L -35, 55, -759, -35, 53, -759, 0, 0, 0
L -35, 53, -759, -36, 51, -756, 0, 0, 0
L -36, 51, -756, -36, 50, -756, 0, 0, 0
L -36, 50, -756, -37, 48, -757, 0, 0, 0
L -37, 48, -757, -38, 46, -761, 0, 0, 0
L -38, 46, -761, -38, 44, -761, 0, 0, 0
L -38, 44, -761, -39, 42, -761, 0, 0, 0
L -39, 42, -761, -42, 28, -761, 0, 0, 0
L -42, 28, -761, -41, 27, -761, 0, 0, 0
L -38, 62, -49, -62, 62, -49, 0, 0, 127
L -62, 62, -49, -62, -62, -49, 0, 0, 127
L -62, -62, -49, -38, -62, -49, 0, 0, 127
L -38, -62, -49, -38, 62, -49, 0, 0, 127
L -38, -38, -49, 38, -38, -104, 0, 127, 127
L 38, -38, -104, 38, 38, -150, 0, 127, 127
L 38, 38, -150, 39, 59, -150, 0, 127, 127
L -37, -62, -50, 57, -62, -104, 0, 127, 127
L 57, -58, -104, 57, -62, -104, 0, 127, 127
L 57, -58, -104, 62, -57, -104, 0, 127, 127
L 62, -57, -104, 64, 59, -149, 0, 127, 127
L 64, 59, -149, 59, 60, -149, 0, 0, 0
L 59, 60, -149, 59, 65, -150, 0, 0, 0
L 59, 65, -150, 62, 65, -145, 0, 0, 0
L 62, 65, -145, 62, 162, -146, 0, 0, 0
L 62, 162, -146, 27, 162, -145, 0, 0, 0
L 27, 162, -145, 27, 159, -150, 0, 0, 0
L 27, 159, -150, 22, 159, -150, 0, 0, 0
L 22, 160, -150, 22, 165, -150, 0, 0, 0
L 22, 165, -150, 24, 165, -145, 0, 0, 0
L 24, 165, -145, 24, 170, -143, 0, 0, 0
L 24, 170, -143, 20, 170, -145, 0, 0, 0
L 20, 170, -145, 20, 174, -143, 0, 0, 0
L 20, 174, -143, -20, 174, -143, 0, 0, 0
L -20, 174, -143, -20, 170, -145, 0, 0, 0
L -20, 170, -145, -24, 170, -143, 0, 0, 0
L -24, 170, -143, -24, 102, -145, 0, 0, 0
L -24, 102, -145, -23, 101, -145, 0, 0, 0
L -23, 101, -145, -23, 98, -145, 0, 0, 0
L -23, 98, -145, -27, 98, -145, 0, 0, 0
L -27, 98, -145, -27, 99, -145, 0, 0, 0
L -27, 99, -145, -62, 99, -146, 0, 0, 0
L -62, 99, -146, -62, 65, -145, 0, 0, 0
L -62, 65, -145, -60, 64, -145, 0, 0, 0
L -60, 64, -145, -60, 60, -145, 0, 0, 0
L -60, 60, -145, -64, 60, -145, 0, 0, 0
L -64, 60, -149, -64, 38, -149, 0, 0, 0
L -64, 38, -149, -38, 38, -149, 0, 0, 0
L -38, 25, -149, -39, 59, -149, 0, 127, 127
L -39, 59, -149, -43, 59, -149, 0, 0, 0
L -43, 59, -149, -43, 65, -150, 0, 0, 0
L -43, 65, -150, -38, 65, -145, 0, 0, 0
L -38, 65, -145, -38, 75, -146, 0, 0, 0
L -38, 75, -146, -27, 76, -145, 0, 0, 0
L -27, 76, -145, -27, 78, -145, 0, 0, 0
L -27, 78, -145, -20, 78, -150, 0, 0, 0
L -20, 65, -145, 22, 65, -143, 0, 0, 0
L 22, 65, -143, 22, 67, -145, 0, 0, 0
L 22, 67, -145, 24, 67, -145, 0, 0, 0
L 24, 66, -143, 24, 138, -145, 0, 0, 0
L -20, 78, -150, -20, 65, -150, 0, 0, 0
L 24, 138, -145, 38, 138, -146, 0, 0, 0
L 38, 137, -146, 38, 65, -145, 0, 0, 0
L 38, 65, -145, 41, 65, -150, 0, 0, 0
L 41, 65, -150, 41, 59, -150, 0, 0, 0
L 39, 59, -150, 41, 59, -150, 0, 0, 0
L 39, 59, -150, 64, 59, -149, 0, 127, 127
L -38, 25, -150, -37, -38, -205, 0, 127, 127
L -37, -38, -205, 59, -38, -249, 0, 127, 127
L 59, -38, -249, 59, -64, -249, 0, 127, 127
L 59, -64, -249, -62, -62, -204, 0, 127, 127
L -62, -62, -204, -64, 38, -149, 0, 127, 127
L 65, -62, -245, 162, -62, -246, 0, 0, 0
L 162, -62, -246, 162, -28, -246, 0, 0, 0
L 162, -28, -246, 157, -28, -250, 0, 0, 0
L 157, -28, -250, 157, -21, -250, 0, 0, 0
L 157, -21, -250, 174, -20, -243, 0, 0, 0
L 174, -20, -243, 174, 24, -243, 0, 0, 0
L 158, 23, -250, 158, 19, -250, 0, 0, 0
L 158, 19, -250, 150, 19, -250, 0, 0, 0
L 150, 19, -250, 150, 14, -250, 0, 0, 0
L 150, 14, -250, 139, 14, -250, 0, 0, 0
L 139, 14, -250, 139, 18, -250, 0, 0, 0
L 139, 18, -250, 134, 19, -250, 0, 0, 0
L 134, 19, -250, 134, 23, -250, 0, 0, 0
L 134, 23, -250, 158, 23, -250, 0, 0, 0
L 174, 24, -246, 102, 24, -245, 0, 0, 0
L 102, 24, -245, 102, 19, -250, 0, 0, 0
L 102, 19, -250, 98, 19, -250, 0, 0, 0
L 98, 19, -250, 98, 31, -250, 0, 0, 0
L 98, 31, -250, 99, 62, -245, 0, 0, 0
L 99, 62, -246, 65, 62, -245, 0, 0, 0
L 65, 62, -245, 65, 59, -245, 0, 0, 0
L 61, 64, -245, 38, 64, -249, 0, 0, 0
L 38, 64, -249, 38, 38, -249, 0, 127, 127
L 38, 38, -249, 59, 38, -249, 0, 0, 0
L 61, 59, -249, 65, 59, -250, 0, 0, 0
L 61, 64, -245, 61, 59, -249, 0, 0, 0
L 59, 38, -249, 59, 42, -249, 0, 0, 0
L 59, 42, -249, 65, 42, -250, 0, 0, 0
L 65, 42, -250, 65, 38, -245, 0, 0, 0
L 65, 38, -245, 76, 38, -246, 0, 0, 0
L 76, 38, -246, 76, 28, -245, 0, 0, 0
L 76, 28, -245, 78, 28, -245, 0, 0, 0
L 78, 28, -245, 78, 23, -245, 0, 0, 0
L 78, 23, -245, 65, 22, -243, 0, 0, 0
L 65, 22, -243, 65, -24, -243, 0, 0, 0
L 65, -24, -243, 138, -24, -245, 0, 0, 0
L 138, -24, -245, 138, -38, -246, 0, 0, 0
L 138, -38, -246, 64, -38, -245, 0, 0, 0
L 64, -41, -248, 59, -41, -249, 0, 0, 0
L 59, -62, -249, 65, -62, -245, 0, 0, 0
L 64, -38, -245, 64, -41, -245, 0, 0, 0
L 38, 64, -249, -62, 62, -298, 0, 127, 127
L -62, 62, -298, -64, -61, -345, 0, 127, 127
L 38, 38, -249, -38, 37, -305, 0, 127, 127
L -38, 37, -305, -38, -59, -349, 0, 127, 127
L -38, -65, -345, -38, -138, -346, 0, 0, 0
L -38, -138, -346, -24, -138, -345, 0, 0, 0
L -24, -138, -345, -24, -65, -343, 0, 0, 0
L -24, -65, -345, 22, -65, -343, 0, 0, 0
L 22, -65, -343, 23, -78, -346, 0, 0, 0
L 23, -78, -346, 28, -78, -345, 0, 0, 0
L 28, -78, -345, 28, -76, -346, 0, 0, 0
L 28, -76, -346, 38, -76, -346, 0, 0, 0
L 38, -76, -346, 38, -66, -346, 0, 0, 0
L 38, -66, -346, 42, -66, -350, 0, 0, 0
L 38, -59, -349, 42, -59, -349, 0, 0, 0
L 42, -59, -349, 42, -66, -350, 0, 0, 0
L 38, -59, -349, 38, -37, -349, 0, 0, 0
L 38, -37, -349, 64, -38, -350, 0, 127, 127
L 64, -38, -350, 64, -59, -350, 0, 0, 0
L 64, -59, -350, 58, -59, -349, 0, 0, 0
L 58, -59, -349, 57, -67, -350, 0, 0, 0
L 57, -67, -350, 62, -67, -346, 0, 0, 0
L 62, -67, -346, 62, -99, -346, 0, 0, 0
L 62, -99, -346, 24, -99, -345, 0, 0, 0
L 24, -99, -345, 24, -174, -343, 0, 0, 0
L 24, -174, -343, -20, -174, -343, 0, 0, 0
L -20, -174, -343, -20, -170, -345, 0, 0, 0
L -20, -170, -345, -23, -170, -343, 0, 0, 0
L -23, -170, -343, -23, -160, -345, 0, 0, 0
L -23, -160, -345, -27, -160, -345, 0, 0, 0
L -27, -160, -345, -28, -162, -345, 0, 0, 0
L -28, -162, -345, -62, -162, -346, 0, 0, 0
L -62, -162, -346, -62, -65, -345, 0, 0, 0
L -64, -61, -345, -38, -59, -349, 0, 127, 127
L -41, -59, -349, -41, -64, -350, 0, 0, 0
L -41, -64, -350, -38, -65, -345, 0, 0, 0
L -62, -65, -345, -58, -65, -350, 0, 0, 0
L -58, -65, -350, -58, -61, -349, 0, 0, 0
L 62, -38, -349, 62, 62, -404, 0, 127, 127
L 62, 62, -404, -59, 64, -449, 0, 127, 127
L -59, 64, -449, -59, 38, -449, 0, 127, 127
L -59, 38, -449, 37, 38, -405, 0, 127, 127
L 37, 38, -405, 38, -38, -349, 0, 127, 127
L -65, 38, -445, -138, 38, -446, 0, 0, 0
L -138, 38, -446, -138, 24, -445, 0, 0, 0
L -138, 24, -445, -65, 24, -443, 0, 0, 0
L -65, 24, -446, -65, -21, -445, 0, 0, 0
L -65, -21, -445, -68, -21, -449, 0, 0, 0
L -68, -21, -449, -68, -23, -449, 0, 0, 0
L -68, -23, -449, -78, -23, -445, 0, 0, 0
L -78, -23, -445, -78, -27, -445, 0, 0, 0
L -78, -27, -445, -76, -27, -445, 0, 0, 0
L -76, -27, -445, -76, -38, -446, 0, 0, 0
L -76, -38, -446, -66, -38, -446, 0, 0, 0
L -66, -38, -446, -66, -41, -450, 0, 0, 0
L -66, -41, -450, -59, -41, -449, 0, 0, 0
L -59, -41, -449, -59, -39, -449, 0, 0, 0
L -59, -38, -449, -38, -38, -449, 0, 0, 0
L -38, -38, -449, -38, -64, -449, 0, 0, 0
L -38, -64, -449, -59, -64, -449, 0, 0, 0
L -59, -64, -449, -59, -59, -449, 0, 0, 0
L -59, -59, -449, -67, -59, -450, 0, 0, 0
L -67, -59, -450, -67, -62, -446, 0, 0, 0
L -67, -62, -446, -99, -62, -446, 0, 0, 0
L -99, -61, -446, -99, -24, -445, 0, 0, 0
L -99, -24, -445, -174, -24, -443, 0, 0, 0
L -174, -24, -443, -174, 19, -445, 0, 0, 0
L -174, 19, -445, -170, 19, -445, 0, 0, 0
L -170, 19, -445, -170, 23, -445, 0, 0, 0
L -170, 23, -445, -159, 23, -450, 0, 0, 0
L -159, 23, -450, -159, 28, -450, 0, 0, 0
L -159, 28, -450, -162, 28, -446, 0, 0, 0
L -162, 28, -446, -162, 62, -446, 0, 0, 0
L -162, 62, -446, -65, 62, -445, 0, 0, 0
L -65, 62, -446, -65, 60, -448, 0, 0, 0
L -65, 60, -448, -59, 60, -449, 0, 0, 0
L -65, 38, -445, -65, 41, -450, 0, 0, 0
L -65, 41, -450, -59, 41, -449, 0, 0, 0
L -38, -38, -449, 37, -37, -499, 0, 0, 127
L 37, -37, -499, 36, -62, -499, 127, 0, 0
L 36, -62, -499, -38, -62, -449, 0, 0, 127
L 62, -36, -499, 62, 36, -499, 0, 0, 0
L 62, 36, -499, 55, 36, -499, 0, 0, 0
L 55, 36, -499, 55, 55, -500, 0, 0, 0
L 55, 55, -500, 39, 55, -500, 0, 0, 0
L 39, 55, -500, 36, 62, -499, 0, 0, 0
L 36, 62, -499, -36, 62, -499, 0, 0, 0
L -36, 62, -499, -36, 54, -499, 0, 0, 0
L -36, 54, -499, -55, 55, -500, 0, 0, 0
L -55, 55, -500, -55, 38, -500, 0, 0, 0
L -55, 38, -500, -62, 36, -499, 0, 0, 0
L -62, 36, -499, -62, -36, -499, 0, 0, 0
L -62, -36, -499, -55, -36, -499, 0, 0, 0
L -55, -36, -499, -55, -55, -500, 0, 0, 0
L -55, -55, -500, -38, -55, -500, 0, 0, 0
L -38, -55, -500, -36, -62, -499, 0, 0, 0
L -36, -62, -499, 36, -62, -499, 0, 0, 0
L 36, -62, -499, 37, -56, -499, 0, 0, 0
L 37, -56, -499, 55, -55, -500, 0, 0, 0
L 55, -55, -500, 56, -37, -499, 0, 0, 0
L 56, -37, -499, 62, -36, -499, 0, 0, 0
L 12, -12, -498, -12, -12, -498, 0, 127, 0
L -12, -12, -498, -12, 12, -499, 0, 127, 0
L -12, 12, -499, 12, 12, -498, 0, 127, 0
L 12, 12, -498, 12, -12, -499, 0, 127, 0
L 133, -26, -0, 96, -26, -0, 0, 0, 0
L 96, -26, -0, 96, -23, -0, 0, 0, 0
L 96, -23, -0, 88, -23, -0, 0, 0, 0
L 88, -23, -0, 89, -26, -0, 0, 0, 0
L 89, -26, -0, 53, -26, -0, 0, 0, 0
L 53, -26, -0, 53, -23, -0, 0, 0, 0
L 53, -23, -0, 46, -23, -0, 0, 0, 0
L 46, -23, -0, 46, -27, -0, 0, 0, 0
L 46, -27, -0, 39, -34, -0, 0, 0, 0
L 39, -34, -0, 36, -31, -0, 0, 0, 0
L 36, -31, -0, 30, -38, -0, 0, 0, 0
L 30, -38, -0, 32, -40, -0, 0, 0, 0
L 32, -40, -0, 27, -46, -0, 0, 0, 0
L 27, -46, -0, 22, -46, -0, 0, 0, 0
L 22, -46, -0, 22, -52, -0, 0, 0, 0
L 22, -52, -0, 26, -53, -0, 0, 0, 0
L 26, -53, -0, 26, -90, -0, 0, 0, 0
L 26, -90, -0, 23, -90, -0, 0, 0, 0
L 23, -90, -0, 22, -96, -0, 0, 0, 0
L 22, -96, -0, 26, -96, -0, 0, 0, 0
L 26, -96, -0, 26, -133, -0, 0, 0, 0
L 26, -133, -0, 22, -133, -0, 0, 0, 0
L 22, -133, -0, 22, -136, -0, 0, 0, 0
L 22, -136, -0, -22, -136, -0, 0, 0, 0
L -22, -136, -0, -22, -133, -0, 0, 0, 0
L -22, -133, -0, -26, -133, -0, 0, 0, 0
L -26, -133, -0, -26, -96, -0, 0, 0, 0
L -26, -96, -0, -22, -96, -0, 0, 0, 0
L -22, -96, -0, -22, -89, -0, 0, 0, 0
L -22, -89, -0, -26, -89, -0, 0, 0, 0
L -26, -89, -0, -26, -53, -0, 0, 0, 0
L -26, -53, -0, -22, -53, -0, 0, 0, 0
L -22, -53, -0, -22, -46, -0, 0, 0, 0
L -22, -46, -0, -27, -46, -0, 0, 0, 0
L -27, -46, -0, -34, -39, -0, 0, 0, 0
L -34, -39, -0, -31, -36, -0, 0, 0, 0
L -31, -36, -0, -36, -31, -0, 0, 0, 0
L -36, -31, -0, -39, -34, -0, 0, 0, 0
L -39, -34, -0, -46, -27, -0, 0, 0, 0
L -46, -27, -0, -46, -22, -0, 0, 0, 0
L -46, -22, -0, -54, -22, -0, 0, 0, 0
L -54, -22, -0, -53, -26, -0, 0, 0, 0
L -53, -26, -0, -90, -26, -0, 0, 0, 0
L -90, -26, -0, -90, -23, -0, 0, 0, 0
L -90, -23, -0, -96, -22, -0, 0, 0, 0
L -96, -22, -0, -96, -26, -0, 0, 0, 0
L -96, -26, -0, -133, -26, -0, 0, 0, 0
L -133, -26, -0, -133, -21, -0, 0, 0, 0
L -133, -21, -0, -136, -22, -0, 0, 0, 0
L -136, -22, -0, -136, 22, -0, 0, 0, 0
L -136, 22, -0, -133, 22, -0, 0, 0, 0
L -133, 22, -0, -133, 26, -0, 0, 0, 0
L -133, 26, -0, -96, 26, -0, 0, 0, 0
L -96, 26, -0, -96, 22, -0, 0, 0, 0
L -96, 22, -0, -90, 22, -0, 0, 0, 0
L -90, 22, -0, -90, 26, -0, 0, 0, 0
L -90, 26, -0, -53, 26, -0, 0, 0, 0
L -53, 26, -0, -53, 22, -0, 0, 0, 0
L -53, 22, -0, -46, 22, -0, 0, 0, 0
L -46, 22, -0, -46, 27, -0, 0, 0, 0
L -46, 27, -0, -39, 34, -0, 0, 0, 0
L -39, 34, -0, -36, 31, -0, 0, 0, 0
L -36, 31, -0, -30, 37, -0, 0, 0, 0
L -30, 37, -0, -33, 40, -0, 0, 0, 0
L -33, 40, -0, -27, 46, -0, 0, 0, 0
L -27, 46, -0, -23, 46, -0, 0, 0, 0
L -23, 46, -0, -23, 53, -0, 0, 0, 0
L -23, 53, -0, -26, 53, -0, 0, 0, 0
L -26, 53, -0, -26, 90, -0, 0, 0, 0
L -26, 90, -0, -22, 90, -0, 0, 0, 0
L -22, 90, -0, -22, 97, -0, 0, 0, 0
L -22, 97, -0, -26, 97, -0, 0, 0, 0
L -26, 97, -0, -26, 133, -0, 0, 0, 0
L -26, 133, -0, -22, 133, -0, 0, 0, 0
L -22, 133, -0, -22, 136, -0, 0, 0, 0
L -22, 136, -0, 22, 136, -0, 0, 0, 0
L 22, 136, -0, 22, 132, -0, 0, 0, 0
L 22, 132, -0, 26, 133, -0, 0, 0, 0
L 26, 133, -0, 26, 96, -0, 0, 0, 0
L 26, 96, -0, 21, 96, -0, 0, 0, 0
L 21, 96, -0, 21, 90, -0, 0, 0, 0
L 21, 90, -0, 26, 90, -0, 0, 0, 0
L 26, 90, -0, 26, 53, -0, 0, 0, 0
L 26, 53, -0, 22, 53, -0, 0, 0, 0
L 22, 53, -0, 22, 46, -0, 0, 0, 0
L 22, 46, -0, 27, 46, -0, 0, 0, 0
L 27, 46, -0, 34, 39, -0, 0, 0, 0
L 34, 39, -0, 31, 36, -0, 0, 0, 0
L 31, 36, -0, 37, 31, -0, 0, 0, 0
L 37, 31, -0, 39, 33, -0, 0, 0, 0
L 39, 33, -0, 46, 26, -0, 0, 0, 0
L 46, 26, -0, 46, 23, -0, 0, 0, 0
L 46, 23, -0, 53, 23, -0, 0, 0, 0
L 53, 23, -0, 53, 26, -0, 0, 0, 0
L 53, 26, -0, 90, 26, -0, 0, 0, 0
L 90, 26, -0, 90, 22, -0, 0, 0, 0
L 90, 22, -0, 96, 22, -0, 0, 0, 0
L 96, 22, -0, 96, 26, -0, 0, 0, 0
L 96, 26, -0, 133, 26, -0, 0, 0, 0
L 133, 26, -0, 132, 22, -0, 0, 0, 0
L 132, 22, -0, 136, 22, -0, 0, 0, 0
L 136, 22, -0, 136, -22, -0, 0, 0, 0
L 136, -22, -0, 132, -22, -0, 0, 0, 0
L 132, -22, -0, 133, -26, -0, 0, 0, 0
L 30, -17, -0, 17, -30, -0, 240, 127, 0
L 17, -30, -0, -16, -30, -0, 240, 127, 0
L -16, -30, -0, -30, -17, -0, 240, 127, 0
L -30, -17, -0, -30, 17, -0, 240, 127, 0
L -30, 17, -0, -17, 30, -0, 240, 127, 0
L -17, 30, -0, 17, 30, -0, 240, 127, 0
L 17, 30, -0, 30, 17, -0, 240, 127, 0
L 30, 17, -0, 30, -17, -0, 240, 127, 0
L -50, 12, 1, -74, 12, 1, 0, 127, 0
L -74, 12, 1, -75, -12, 1, 0, 127, 0
L -75, -12, 1, -50, -12, 1, 0, 127, 0
L -50, -12, 1, -50, 12, 1, 0, 127, 0
