P 1176.5282, 159.9770, 1.9230,  240, 0, 0,  3,  ZONELINE_Pillers
P 170.7497, -23.6088, -37.1573,  240, 0, 0,  3,  Gibbledon_Cogboggle(Quests
P 796.5517, -661.4725, -45.4305,  240, 0, 0,  3,  Wilmina
P -1168.0803, -2111.5505, -43.0680,  240, 0, 0,  3,  Kolain_(Quests)
P -925.0093, -2688.0688, -34.4201,  240, 0, 0,  3,  Wasinai_(Quest)
P 159.4718, -2244.5439, 17.4383,  240, 0, 0,  3,  Kiroptik
P 643.1738, -1324.8424, 35.7867,  240, 0, 0,  3,  Hykast_the_Tone-Deaf
P -549.6007, -1458.5874, -77.1326,  240, 0, 0,  3,  HOLE_-_NO_WAY_OUT
P -356.8755, -1913.1429, -88.8939,  240, 0, 0,  3,  HOLE_-_NO_WAY_OUT
P -1000.0000, 0.0000, 0.0000,  0, 0, 0,  1,  0
P -1028.2551, -3318.8433, -28.4321,  127, 0, 0,  3,  Riffmaz_the_Flute_Master
P -1052.1123, -3265.1001, -28.6826,  0, 127, 0,  2,  Flute_update
P -1113.8153, -1158.4141, -19.3976,  127, 0, 0,  3,  Stormcaller
P -1172.4496, -2120.2175, -43.3152,  0, 127, 127,  3,  Kolain
P -1279.3702, -261.9767, -20.8942,  127, 0, 0,  3,  The_Forlorn_Drummer
P -189.8799, -737.3517, -6.0477,  127, 0, 0,  3,  A_Fleetfooted_Braxi
P -19.5615, 149.5601, -38.1402,  0, 127, 0,  3,  Flute_Update
P -2000.0000, 0.0000, 0.0000,  0, 0, 0,  1,  0
P -2066.6443, -1777.6487, -10.9169,  127, 0, 0,  3,  Saduulj_Tserpir
P -209.2495, -1272.3208, -29.3263,  127, 0, 0,  3,  The_Windrunner
P -3000.0000, 0.0000, 0.0000,  0, 0, 0,  1,  0
P -48.1569, -1042.8843, -24.8554,  127, 0, 0,  3,  The_Windrunner
P -745.0942, -2236.7722, -46.8824,  0, 127, 0,  2,  2nd_sentry_stone
P -752.9109, 422.4737, -27.6394,  0, 127, 127,  3,  Clusterchord
P -915.6594, -2695.6411, -33.2575,  0, 127, 127,  3,  Wasinai
P -940.7350, -1173.1746, -2.1917,  0, 127, 0,  2,  1st_sentry_stone
P 0.0000, -1000.0000, 0.0000,  0, 0, 0,  1,  1000
P 0.0000, -2000.0000, 0.0000,  0, 0, 0,  1,  2000
P 0.0000, -3000.0000, 0.0000,  0, 0, 0,  1,  3000
P 0.0000, -4000.0000, 0.0000,  0, 0, 0,  1,  4000
P 0.0000, 0.0000, 0.0000,  0, 0, 0,  1,  0
P 0.0000, 1000.0000, 0.0000,  0, 0, 0,  1,  -1000
P 1000.0000, 0.0000, 0.0000,  0, 0, 0,  1,  0
P 1142.3848, -3362.7585, -28.6439,  0, 127, 0,  2,  Flute_Update
P 1176.5282, 159.9770, 1.9230,  0, 0, 240,  3,  Pillers_of_Alra
P 13.8518, -1743.7998, 62.2021,  127, 0, 0,  3,  Unvoiced_Brute
P 1304.9038, -863.7440, -41.0539,  0, 127, 127,  3,  a_cacophony_of_sound
P 155.0027, -1409.4684, 62.1820,  127, 0, 0,  3,  The_Hornmaster
P 164.9157, -658.0432, -35.8967,  0, 127, 127,  3,  a_distraught_worshipper
P 1651.7563, -227.0889, -23.5656,  0, 127, 127,  3,  General_Terasal
P 173.5434, -22.9540, -36.1676,  0, 127, 127,  3,  Gibbledon_Cogboggle
P 2000.0000, 0.0000, 0.0000,  0, 0, 0,  1,  0
P 3000.0000, 0.0000, 0.0000,  0, 0, 0,  1,  0
P 442.2882, -2415.5769, -29.7604,  0, 127, 0,  2,  escaped_swinetor_prisoner
P 479.5443, -1454.0645, 40.8175,  127, 0, 0,  3,  Breezeglider
P 715.3240, -991.4169, -30.4884,  0, 127, 0,  2,  4th_sentry_stone
P 774.0076, -2063.5745, -29.0859,  0, 127, 0,  2,  3rd_sentry_stone
